-10000.00 -10000.00
-4325.75 -10000.00
-4308.68 -10000.00
-4217.15 -4217.15
-4260.85 -4217.15
-4132.34 -4132.34
-4271.45 -4132.34
-4093.95 -4093.95
-4158.30 -4093.95
-4090.51 -4090.51
-4013.89 -4013.89
-3973.26 -3973.26
-3909.84 -3909.84
-3889.54 -3889.54
-3759.20 -3759.20
-3850.34 -3759.20
-3917.29 -3759.20
-3773.06 -3759.20
-3778.44 -3759.20
-3707.83 -3707.83
-3622.19 -3622.19
-3648.32 -3622.19
-3694.37 -3622.19
-3596.83 -3596.83
-3587.15 -3587.15
-3357.99 -3357.99
-3602.68 -3357.99
-3264.04 -3264.04
-3226.10 -3226.10
-3010.84 -3010.84
-3213.23 -3010.84
-3126.80 -3010.84
-3049.78 -3010.84
-2964.63 -2964.63
-2966.99 -2964.63
-2951.67 -2951.67
-3072.52 -2951.67
-3152.03 -2951.67
-2884.55 -2884.55
-3096.80 -2884.55
-2890.12 -2884.55
-2728.02 -2728.02
-2664.87 -2664.87
-2303.32 -2303.32
-2567.23 -2303.32
-2607.79 -2303.32
-2351.20 -2303.32
-2660.30 -2303.32
-1899.11 -1899.11
-1569.85 -1569.85
-1859.20 -1569.85
-1414.93 -1414.93
-1492.34 -1414.93
-1373.99 -1373.99
-2039.17 -1373.99
-1370.68 -1370.68
-1403.94 -1370.68
-1649.36 -1370.68
-1625.12 -1370.68
-1749.88 -1370.68
-1472.78 -1370.68
-1508.39 -1370.68
-1510.95 -1370.68
-1644.96 -1370.68
-1412.77 -1370.68
-2116.56 -1370.68
-1750.61 -1370.68
-1741.17 -1370.68
-1571.11 -1370.68
-1402.23 -1370.68
-1508.40 -1370.68
-1840.92 -1370.68
-1569.72 -1370.68
-1649.30 -1370.68
-1571.18 -1370.68
-1561.28 -1370.68
-1508.25 -1370.68
-1540.71 -1370.68
-1379.98 -1370.68
-1389.37 -1370.68
-1572.17 -1370.68
-1542.88 -1370.68
-1567.52 -1370.68
-1413.82 -1370.68
-1875.04 -1370.68
-1372.63 -1370.68
-1608.35 -1370.68
-1717.12 -1370.68
-2115.04 -1370.68
-1851.61 -1370.68
-1389.79 -1370.68
-1498.89 -1370.68
-1454.89 -1370.68
-1466.58 -1370.68
-1446.26 -1370.68
-1449.52 -1370.68
-1493.18 -1370.68
-1709.99 -1370.68
-1394.71 -1370.68
-1741.56 -1370.68
-1903.48 -1370.68
-1649.58 -1370.68
-1370.64 -1370.64
-1399.89 -1370.64
-1555.57 -1370.64
-1901.31 -1370.64
-1567.69 -1370.64
-1654.14 -1370.64
-2010.75 -1370.64
-1851.14 -1370.64
-1589.71 -1370.64
-1866.58 -1370.64
-1391.68 -1370.64
-1872.41 -1370.64
-1814.62 -1370.64
-1413.33 -1370.64
-1409.93 -1370.64
-1646.97 -1370.64
-1541.60 -1370.64
-1441.31 -1370.64
-2311.60 -1370.64
-1724.58 -1370.64
-1627.60 -1370.64
-1738.73 -1370.64
-1947.92 -1370.64
-1577.71 -1370.64
-1828.57 -1370.64
-1469.53 -1370.64
-1392.95 -1370.64
-1449.69 -1370.64
-1723.18 -1370.64
-1505.47 -1370.64
-2033.72 -1370.64
-1626.99 -1370.64
-1390.38 -1370.64
-1566.82 -1370.64
-1660.27 -1370.64
-1625.95 -1370.64
-1872.49 -1370.64
-1373.58 -1370.64
-1875.53 -1370.64
-1372.49 -1370.64
-1526.60 -1370.64
-2057.61 -1370.64
-1571.70 -1370.64
-1452.45 -1370.64
-1919.91 -1370.64
-1458.50 -1370.64
-1715.74 -1370.64
-1950.72 -1370.64
-1823.95 -1370.64
-1373.13 -1370.64
-1572.68 -1370.64
-1400.85 -1370.64
-1583.63 -1370.64
-2007.76 -1370.64
-2127.34 -1370.64
-1718.51 -1370.64
-1396.97 -1370.64
-1562.47 -1370.64
-1627.24 -1370.64
-1718.18 -1370.64
-1473.14 -1370.64
-1737.82 -1370.64
-1641.05 -1370.64
-1615.42 -1370.64
-1572.15 -1370.64
-1401.29 -1370.64
-1567.14 -1370.64
-2097.03 -1370.64
-1544.40 -1370.64
-1656.74 -1370.64
-1669.33 -1370.64
-1410.84 -1370.64
-1561.21 -1370.64
-1389.80 -1370.64
-1577.34 -1370.64
-1371.19 -1371.19
-1769.21 -1371.19
-1550.36 -1371.19
-2081.12 -1371.19
-1585.05 -1371.19
-1635.95 -1371.19
-1650.41 -1371.19
-1482.83 -1371.19
-1794.18 -1371.19
-1761.68 -1371.19
-1387.54 -1371.19
-1621.12 -1371.19
-1401.94 -1371.19
-1389.03 -1371.19
-1618.72 -1371.19
-1739.10 -1371.19
-1401.02 -1371.19
-1447.06 -1371.19
-1377.71 -1371.19
-1718.40 -1371.19
-1406.79 -1371.19
-1371.39 -1371.39
-1518.90 -1371.39
-1589.24 -1371.39
-1387.30 -1371.39
-1632.25 -1371.39
-1720.95 -1371.39
-1405.82 -1371.39
-1510.02 -1371.39
-1633.11 -1371.39
-1862.63 -1371.39
-1445.73 -1371.39
-1395.14 -1371.39
-1561.36 -1371.39
-1862.21 -1371.39
-1638.85 -1371.39
-1738.80 -1371.39
-1737.68 -1371.39
-1372.21 -1371.39
-1386.49 -1371.39
-1570.79 -1371.39
-2191.96 -1371.39
-1449.93 -1371.39
-1656.82 -1371.39
-1392.78 -1371.39
-1977.03 -1371.39
-1863.09 -1371.39
-1402.83 -1371.39
-1985.42 -1371.39
-1998.04 -1371.39
-1413.07 -1371.39
-1453.54 -1371.39
-1554.62 -1371.39
-1508.14 -1371.39
-1567.08 -1371.39
-1407.23 -1371.39
-1756.72 -1371.39
-1483.99 -1371.39
-1647.88 -1371.39
-1630.35 -1371.39
-1487.40 -1371.39
-2259.29 -1371.39
-1553.99 -1371.39
-1454.55 -1371.39
-1446.55 -1371.39
-1638.59 -1371.39
-1969.84 -1371.39
-1450.46 -1371.39
-1866.82 -1371.39
-1452.96 -1371.39
-1625.20 -1371.39
-1477.88 -1371.39
-1740.60 -1371.39
-1623.57 -1371.39
-1370.58 -1370.58
-1466.47 -1370.58
-1950.51 -1370.58
-1943.56 -1370.58
-1618.70 -1370.58
-2075.58 -1370.58
-1387.90 -1370.58
-1716.30 -1370.58
-1746.17 -1370.58
-1410.56 -1370.58
-1509.07 -1370.58
-1370.54 -1370.54
-1564.43 -1370.54
-1752.68 -1370.54
-1596.45 -1370.54
-1828.52 -1370.54
-1824.99 -1370.54
-1736.20 -1370.54
-1423.72 -1370.54
-1394.27 -1370.54
-1631.08 -1370.54
-2000.67 -1370.54
-1393.95 -1370.54
-1923.08 -1370.54
-1723.09 -1370.54
-1602.43 -1370.54
-1533.35 -1370.54
-1937.13 -1370.54
-1450.14 -1370.54
-1560.41 -1370.54
-1714.88 -1370.54
-1602.89 -1370.54
-1399.35 -1370.54
-1661.44 -1370.54
-1744.61 -1370.54
-2139.03 -1370.54
-1566.95 -1370.54
-1844.74 -1370.54
-2055.57 -1370.54
-1730.48 -1370.54
-2082.19 -1370.54
-1370.61 -1370.61
-1378.22 -1370.61
-1553.91 -1370.61
-1815.57 -1370.61
-1549.02 -1370.61
-1420.59 -1370.61
-1847.52 -1370.61
-1541.05 -1370.61
-1612.87 -1370.61
-1568.08 -1370.61
-1454.37 -1370.61
-1388.78 -1370.61
-1478.79 -1370.61
-1730.50 -1370.61
-1371.07 -1371.07
-1900.98 -1371.07
-1445.00 -1371.07
-1396.81 -1371.07
-1930.96 -1371.07
-1705.03 -1371.07
-1719.71 -1371.07
-1602.09 -1371.07
-1638.60 -1371.07
-1596.99 -1371.07
-1409.39 -1371.07
-1553.82 -1371.07
-1373.56 -1371.07
-1400.45 -1371.07
-1892.03 -1371.07
-1987.92 -1371.07
-1416.50 -1371.07
-1426.07 -1371.07
-1388.22 -1371.07
-1389.72 -1371.07
-1654.57 -1371.07
-1448.58 -1371.07
-1448.98 -1371.07
-1921.88 -1371.07
-1370.99 -1370.99
-1413.33 -1370.99
-1472.63 -1370.99
-1635.20 -1370.99
-1749.22 -1370.99
-1454.50 -1370.99
-1631.52 -1370.99
-1543.96 -1370.99
-1547.62 -1370.99
-1723.62 -1370.99
-1863.90 -1370.99
-1550.36 -1370.99
-1544.02 -1370.99
-1399.76 -1370.99
-2037.19 -1370.99
-1731.19 -1370.99
-1413.81 -1370.99
-1763.36 -1370.99
-1392.84 -1370.99
-1572.03 -1370.99
-1415.29 -1370.99
-1529.46 -1370.99
-1411.97 -1370.99
-1637.63 -1370.99
-1499.84 -1370.99
-1469.30 -1370.99
-1413.59 -1370.99
-2184.45 -1370.99
-1553.28 -1370.99
-1834.87 -1370.99
-1613.47 -1370.99
-1714.16 -1370.99
-1741.63 -1370.99
-1620.10 -1370.99
-1452.55 -1370.99
-1652.18 -1370.99
-2271.16 -1370.99
-1414.26 -1370.99
-1807.70 -1370.99
-2136.76 -1370.99
-1629.30 -1370.99
-1450.92 -1370.99
-1506.72 -1370.99
-1517.42 -1370.99
-1668.22 -1370.99
-1798.04 -1370.99
-1650.70 -1370.99
-1393.23 -1370.99
-1629.09 -1370.99
-1473.82 -1370.99
-1491.17 -1370.99
-1381.91 -1370.99
-1529.03 -1370.99
-1424.39 -1370.99
-1571.58 -1370.99
-1404.89 -1370.99
-1589.94 -1370.99
-1564.42 -1370.99
-2196.35 -1370.99
-1386.71 -1370.99
-1397.42 -1370.99
-2175.49 -1370.99
-1583.64 -1370.99
-1542.86 -1370.99
-1734.16 -1370.99
-1628.39 -1370.99
-1469.27 -1370.99
-1558.26 -1370.99
-1642.39 -1370.99
-1726.74 -1370.99
-1456.43 -1370.99
-1634.79 -1370.99
-1455.52 -1370.99
-1883.33 -1370.99
-1509.00 -1370.99
-1660.74 -1370.99
-1370.70 -1370.70
-1399.67 -1370.70
-1372.45 -1370.70
-1633.03 -1370.70
-1561.57 -1370.70
-1416.46 -1370.70
-1383.49 -1370.70
-1478.59 -1370.70
-1391.99 -1370.70
-1399.08 -1370.70
-1454.67 -1370.70
-1643.57 -1370.70
-4327.86 -1370.70
-4278.63 -4278.63
-4326.62 -4278.63
-4292.20 -4278.63
-4292.11 -4278.63
-4267.18 -4267.18
-4220.86 -4220.86
-4249.93 -4220.86
-4182.91 -4182.91
-4200.55 -4182.91
-4146.84 -4146.84
-4111.98 -4111.98
-4029.46 -4029.46
-4110.28 -4029.46
-3920.35 -3920.35
-3961.75 -3920.35
-3895.35 -3895.35
-3868.10 -3868.10
-3968.73 -3868.10
-3901.59 -3868.10
-3879.03 -3868.10
-3946.71 -3868.10
-3801.08 -3801.08
-3824.54 -3801.08
-3868.85 -3801.08
-3819.47 -3801.08
-3742.38 -3742.38
-3930.11 -3742.38
-3757.04 -3742.38
-3675.84 -3675.84
-3739.89 -3675.84
-3600.32 -3600.32
-3653.54 -3600.32
-3680.60 -3600.32
-3567.36 -3567.36
-3650.45 -3567.36
-3643.43 -3567.36
-3540.33 -3540.33
-3535.96 -3535.96
-3316.63 -3316.63
-3375.43 -3316.63
-3368.36 -3316.63
-3284.74 -3284.74
-3443.92 -3284.74
-3306.48 -3284.74
-3314.76 -3284.74
-3382.37 -3284.74
-3232.81 -3232.81
-3320.10 -3232.81
-3214.88 -3214.88
-3187.96 -3187.96
-3301.46 -3187.96
-2997.17 -2997.17
-2784.32 -2784.32
-2953.56 -2784.32
-2842.02 -2784.32
-2942.31 -2784.32
-2569.60 -2569.60
-2393.90 -2393.90
-2614.55 -2393.90
-2347.02 -2347.02
-2082.65 -2082.65
-2108.21 -2082.65
-2397.93 -2082.65
-2263.43 -2082.65
-2097.63 -2082.65
-1405.70 -1405.70
-1856.44 -1405.70
-1557.42 -1405.70
-1566.77 -1405.70
-1445.90 -1405.70
-1390.91 -1390.91
-1393.55 -1390.91
-1386.68 -1386.68
-1550.40 -1386.68
-1377.69 -1377.69
-1563.13 -1377.69
-1372.14 -1372.14
-1424.98 -1372.14
-1458.04 -1372.14
-1413.72 -1372.14
-1371.84 -1371.84
-1575.69 -1371.84
-1816.49 -1371.84
-1543.34 -1371.84
-1776.20 -1371.84
-1602.09 -1371.84
-1565.62 -1371.84
-1973.04 -1371.84
-1575.61 -1371.84
-1612.07 -1371.84
-1515.97 -1371.84
-1568.26 -1371.84
-1451.30 -1371.84
-1707.55 -1371.84
-1551.13 -1371.84
-1643.35 -1371.84
-1412.56 -1371.84
-1500.99 -1371.84
-1389.85 -1371.84
-1423.84 -1371.84
-1461.62 -1371.84
-1616.50 -1371.84
-1540.84 -1371.84
-1393.57 -1371.84
-1393.22 -1371.84
-1588.56 -1371.84
-1561.25 -1371.84
-1465.12 -1371.84
-1389.03 -1371.84
-1477.71 -1371.84
-1778.41 -1371.84
-1730.62 -1371.84
-1411.73 -1371.84
-1380.09 -1371.84
-1633.72 -1371.84
-1721.32 -1371.84
-1577.37 -1371.84
-1458.50 -1371.84
-1715.93 -1371.84
-1580.64 -1371.84
-1934.47 -1371.84
-1393.15 -1371.84
-1613.89 -1371.84
-1580.12 -1371.84
-1731.43 -1371.84
-1529.00 -1371.84
-1591.85 -1371.84
-1384.59 -1371.84
-1453.67 -1371.84
-1373.54 -1371.84
-1450.53 -1371.84
-1393.82 -1371.84
-1669.73 -1371.84
-1640.52 -1371.84
-1399.49 -1371.84
-1625.49 -1371.84
-1511.79 -1371.84
-1648.54 -1371.84
-1479.10 -1371.84
-1401.11 -1371.84
-1826.11 -1371.84
-1715.46 -1371.84
-1475.30 -1371.84
-1852.55 -1371.84
-1641.01 -1371.84
-1601.35 -1371.84
-1411.65 -1371.84
-1551.83 -1371.84
-2033.23 -1371.84
-1724.79 -1371.84
-1621.71 -1371.84
-1735.19 -1371.84
-1390.92 -1371.84
-1605.32 -1371.84
-1395.93 -1371.84
-1745.71 -1371.84
-1551.53 -1371.84
-1394.57 -1371.84
-1638.33 -1371.84
-1752.82 -1371.84
-1413.45 -1371.84
-1399.23 -1371.84
-1413.89 -1371.84
-1469.81 -1371.84
-1473.66 -1371.84
-1746.31 -1371.84
-1564.24 -1371.84
-1977.24 -1371.84
-1413.98 -1371.84
-1402.04 -1371.84
-1632.64 -1371.84
-1920.41 -1371.84
-1394.41 -1371.84
-1386.34 -1371.84
-1716.37 -1371.84
-1563.64 -1371.84
-1540.92 -1371.84
-1702.47 -1371.84
-1404.22 -1371.84
-1464.73 -1371.84
-1414.74 -1371.84
-1508.68 -1371.84
-1444.95 -1371.84
-1378.39 -1371.84
-1935.56 -1371.84
-1491.05 -1371.84
-1387.85 -1371.84
-2053.65 -1371.84
-1480.99 -1371.84
-1812.36 -1371.84
-1564.69 -1371.84
-1370.97 -1370.97
-1773.06 -1370.97
-1744.07 -1370.97
-1547.30 -1370.97
-1393.63 -1370.97
-1507.37 -1370.97
-1637.85 -1370.97
-1477.86 -1370.97
-1466.62 -1370.97
-1455.46 -1370.97
-1399.42 -1370.97
-1482.83 -1370.97
-1742.29 -1370.97
-1460.52 -1370.97
-1612.10 -1370.97
-1560.87 -1370.97
-1825.04 -1370.97
-1596.29 -1370.97
-1510.81 -1370.97
-1380.06 -1370.97
-1740.22 -1370.97
-1776.64 -1370.97
-1393.77 -1370.97
-1394.86 -1370.97
-1404.80 -1370.97
-1642.49 -1370.97
-1715.01 -1370.97
-1660.98 -1370.97
-1773.53 -1370.97
-1533.34 -1370.97
-1385.49 -1370.97
-1482.56 -1370.97
-1479.29 -1370.97
-1559.57 -1370.97
-1490.77 -1370.97
-1383.14 -1370.97
-1840.63 -1370.97
-1630.42 -1370.97
-1756.57 -1370.97
-1460.90 -1370.97
-1653.99 -1370.97
-1391.51 -1370.97
-1482.00 -1370.97
-1610.41 -1370.97
-1540.91 -1370.97
-1452.17 -1370.97
-1602.04 -1370.97
-1447.75 -1370.97
-1464.51 -1370.97
-1371.81 -1370.97
-1955.44 -1370.97
-1415.06 -1370.97
-1572.28 -1370.97
-1757.02 -1370.97
-1553.01 -1370.97
-1813.40 -1370.97
-1823.86 -1370.97
-1871.37 -1370.97
-1394.42 -1370.97
-1414.17 -1370.97
-1551.48 -1370.97
-1411.43 -1370.97
-1511.64 -1370.97
-1706.82 -1370.97
-1763.22 -1370.97
-1644.77 -1370.97
-1918.29 -1370.97
-1466.58 -1370.97
-1378.33 -1370.97
-1391.63 -1370.97
-1725.25 -1370.97
-1731.19 -1370.97
-2294.55 -1370.97
-1878.89 -1370.97
-1461.10 -1370.97
-1753.69 -1370.97
-1499.46 -1370.97
-1630.24 -1370.97
-1453.64 -1370.97
-1394.32 -1370.97
-1520.73 -1370.97
-1454.59 -1370.97
-1517.16 -1370.97
-1410.92 -1370.97
-1642.46 -1370.97
-1855.08 -1370.97
-1405.09 -1370.97
-1596.47 -1370.97
-2235.56 -1370.97
-1477.84 -1370.97
-1463.89 -1370.97
-1398.57 -1370.97
-1632.25 -1370.97
-1386.29 -1370.97
-1737.47 -1370.97
-1717.87 -1370.97
-1446.69 -1370.97
-1446.22 -1370.97
-1585.02 -1370.97
-1642.45 -1370.97
-1393.99 -1370.97
-1412.51 -1370.97
-1399.74 -1370.97
-1717.96 -1370.97
-1464.64 -1370.97
-1665.77 -1370.97
-1644.03 -1370.97
-1553.75 -1370.97
-1467.00 -1370.97
-1824.44 -1370.97
-1591.39 -1370.97
-1574.91 -1370.97
-1414.06 -1370.97
-1498.05 -1370.97
-1760.45 -1370.97
-1778.99 -1370.97
-1374.01 -1370.97
-2039.71 -1370.97
-1455.69 -1370.97
-1647.99 -1370.97
-1384.22 -1370.97
-2281.51 -1370.97
-1371.88 -1370.97
-1389.14 -1370.97
-1448.69 -1370.97
-1392.03 -1370.97
-1725.48 -1370.97
-1643.61 -1370.97
-1640.34 -1370.97
-1922.04 -1370.97
-1420.02 -1370.97
-1406.89 -1370.97
-1853.52 -1370.97
-1705.12 -1370.97
-1393.38 -1370.97
-1424.25 -1370.97
-1649.37 -1370.97
-1731.62 -1370.97
-1654.83 -1370.97
-2035.67 -1370.97
-1392.31 -1370.97
-1571.38 -1370.97
-1505.97 -1370.97
-1551.19 -1370.97
-2084.66 -1370.97
-1641.96 -1370.97
-1941.88 -1370.97
-1549.83 -1370.97
-1446.30 -1370.97
-1382.85 -1370.97
-1396.43 -1370.97
-1950.20 -1370.97
-1608.85 -1370.97
-1452.78 -1370.97
-1400.51 -1370.97
-1449.29 -1370.97
-1392.70 -1370.97
-1378.38 -1370.97
-1568.93 -1370.97
-1455.06 -1370.97
-2012.91 -1370.97
-1419.63 -1370.97
-1767.21 -1370.97
-1499.69 -1370.97
-1394.64 -1370.97
-1409.90 -1370.97
-1451.05 -1370.97
-1391.05 -1370.97
-1880.36 -1370.97
-1913.82 -1370.97
-1740.32 -1370.97
-1387.26 -1370.97
-1383.90 -1370.97
-2055.91 -1370.97
-1650.42 -1370.97
-1760.11 -1370.97
-1813.05 -1370.97
-1884.32 -1370.97
-1733.88 -1370.97
-1400.95 -1370.97
-1389.18 -1370.97
-1372.97 -1372.97
-1742.40 -1372.97
-2021.99 -1372.97
-1758.55 -1372.97
-1734.05 -1372.97
-1468.57 -1372.97
-1579.17 -1372.97
-1507.28 -1372.97
-1579.64 -1372.97
-1866.62 -1372.97
-1480.96 -1372.97
-1988.28 -1372.97
-1625.70 -1372.97
-1704.05 -1372.97
-1403.61 -1372.97
-1419.43 -1372.97
-2259.73 -1372.97
-1948.51 -1372.97
-1547.64 -1372.97
-1856.42 -1372.97
-1804.76 -1372.97
-1635.57 -1372.97
-1602.55 -1372.97
-1445.76 -1372.97
-2351.11 -1372.97
-1473.03 -1372.97
-1745.34 -1372.97
-1452.86 -1372.97
-1505.90 -1372.97
-1644.10 -1372.97
-1658.17 -1372.97
-1650.34 -1372.97
-1712.92 -1372.97
-1385.97 -1372.97
-1481.51 -1372.97
-1729.87 -1372.97
-1507.67 -1372.97
-1395.48 -1372.97
-1512.33 -1372.97
-1392.70 -1372.97
-1830.37 -1372.97
-1460.70 -1372.97
-1713.08 -1372.97
-4353.30 -1372.97
-4335.29 -1372.97
-4307.40 -1372.97
-4357.47 -1372.97
-4214.86 -4214.86
-4112.33 -4112.33
-4123.75 -4112.33
-4150.91 -4112.33
-4093.31 -4093.31
-4072.14 -4072.14
-4152.02 -4072.14
-4027.52 -4027.52
-3931.90 -3931.90
-3993.77 -3931.90
-3939.06 -3931.90
-3909.79 -3909.79
-3820.76 -3820.76
-3742.95 -3742.95
-3819.27 -3742.95
-3644.39 -3644.39
-3536.45 -3536.45
-3523.00 -3523.00
-3588.46 -3523.00
-3733.34 -3523.00
-3497.54 -3497.54
-3488.67 -3488.67
-3553.48 -3488.67
-3459.54 -3459.54
-3445.10 -3445.10
-3638.70 -3445.10
-3337.75 -3337.75
-3382.75 -3337.75
-3388.78 -3337.75
-3540.26 -3337.75
-3219.23 -3219.23
-3028.55 -3028.55
-3148.68 -3028.55
-2966.97 -2966.97
-2702.19 -2702.19
-2932.19 -2702.19
-2831.50 -2702.19
-2565.26 -2565.26
-2376.17 -2376.17
-2609.59 -2376.17
-2257.48 -2257.48
-2423.03 -2257.48
-1916.14 -1916.14
-1810.78 -1810.78
-1709.39 -1709.39
-1417.30 -1417.30
-2116.31 -1417.30
-1468.42 -1417.30
-1449.32 -1417.30
-1380.36 -1380.36
-1547.98 -1380.36
-1468.10 -1380.36
-1724.78 -1380.36
-1388.00 -1380.36
-2398.91 -1380.36
-1392.44 -1380.36
-1555.63 -1380.36
-1897.04 -1380.36
-1382.06 -1380.36
-1723.77 -1380.36
-1503.62 -1380.36
-1489.22 -1380.36
-1549.89 -1380.36
-1416.27 -1380.36
-1382.25 -1380.36
-1739.22 -1380.36
-1569.96 -1380.36
-1633.17 -1380.36
-1624.83 -1380.36
-1713.64 -1380.36
-1757.15 -1380.36
-1605.29 -1380.36
-1481.98 -1380.36
-1416.98 -1380.36
-2083.51 -1380.36
-1581.26 -1380.36
-2004.01 -1380.36
-1396.19 -1380.36
-1384.64 -1380.36
-1393.73 -1380.36
-1403.01 -1380.36
-2326.37 -1380.36
-1370.33 -1370.33
-1470.89 -1370.33
-1551.51 -1370.33
-1373.17 -1370.33
-1644.01 -1370.33
-1565.56 -1370.33
-1382.07 -1370.33
-1654.55 -1370.33
-2004.13 -1370.33
-2257.78 -1370.33
-1608.57 -1370.33
-1389.82 -1370.33
-2363.03 -1370.33
-1392.56 -1370.33
-1415.21 -1370.33
-2048.14 -1370.33
-1631.61 -1370.33
-1509.89 -1370.33
-2293.53 -1370.33
-1409.07 -1370.33
-1412.75 -1370.33
-1821.23 -1370.33
-1810.10 -1370.33
-1617.89 -1370.33
-1509.25 -1370.33
-2037.34 -1370.33
-1568.97 -1370.33
-2096.31 -1370.33
-2053.04 -1370.33
-1817.55 -1370.33
-1553.15 -1370.33
-1393.95 -1370.33
-1604.27 -1370.33
-2194.16 -1370.33
-1643.62 -1370.33
-1964.38 -1370.33
-1663.22 -1370.33
-1762.81 -1370.33
-1550.65 -1370.33
-1472.65 -1370.33
-1654.07 -1370.33
-1402.96 -1370.33
-1725.41 -1370.33
-2156.35 -1370.33
-1654.82 -1370.33
-1659.93 -1370.33
-2753.35 -1370.33
-2030.98 -1370.33
-1650.98 -1370.33
-1733.45 -1370.33
-1558.94 -1370.33
-1807.22 -1370.33
-1814.47 -1370.33
-1971.05 -1370.33
-2109.55 -1370.33
-1581.20 -1370.33
-1452.81 -1370.33
-2274.27 -1370.33
-1394.04 -1370.33
-1543.10 -1370.33
-1722.70 -1370.33
-1956.45 -1370.33
-2017.37 -1370.33
-1510.18 -1370.33
-2360.68 -1370.33
-1393.44 -1370.33
-1543.73 -1370.33
-1411.27 -1370.33
-1993.28 -1370.33
-2019.96 -1370.33
-2156.03 -1370.33
-1884.92 -1370.33
-1454.77 -1370.33
-1509.19 -1370.33
-1529.88 -1370.33
-1479.75 -1370.33
-2033.16 -1370.33
-2029.48 -1370.33
-1723.35 -1370.33
-1400.59 -1370.33
-1414.67 -1370.33
-1572.19 -1370.33
-2104.02 -1370.33
-1763.39 -1370.33
-1612.05 -1370.33
-1633.65 -1370.33
-1850.91 -1370.33
-1468.40 -1370.33
-1977.42 -1370.33
-1820.02 -1370.33
-1856.65 -1370.33
-1468.27 -1370.33
-1634.45 -1370.33
-1569.96 -1370.33
-1640.53 -1370.33
-1584.58 -1370.33
-1452.32 -1370.33
-1920.59 -1370.33
-1445.58 -1370.33
-1394.93 -1370.33
-1597.98 -1370.33
-1947.70 -1370.33
-1657.56 -1370.33
-2055.83 -1370.33
-2040.10 -1370.33
-1928.16 -1370.33
-1631.79 -1370.33
-1739.66 -1370.33
-1587.45 -1370.33
-1466.13 -1370.33
-1619.04 -1370.33
-1650.88 -1370.33
-1730.97 -1370.33
-1668.04 -1370.33
-1823.34 -1370.33
-1462.27 -1370.33
-1371.28 -1370.33
-1547.42 -1370.33
-1557.92 -1370.33
-1417.03 -1370.33
-1405.68 -1370.33
-1514.59 -1370.33
-2307.01 -1370.33
-1636.45 -1370.33
-1386.35 -1370.33
-1998.79 -1370.33
-1599.61 -1370.33
-1373.23 -1370.33
-1528.06 -1370.33
-1706.91 -1370.33
-1521.23 -1370.33
-1749.06 -1370.33
-1382.74 -1370.33
-1571.19 -1370.33
-1393.08 -1370.33
-1571.84 -1370.33
-1873.81 -1370.33
-1506.66 -1370.33
-1763.60 -1370.33
-1409.56 -1370.33
-1707.00 -1370.33
-1583.46 -1370.33
-2113.30 -1370.33
-1922.26 -1370.33
-2479.77 -1370.33
-1400.48 -1370.33
-1441.42 -1370.33
-1456.53 -1370.33
-1606.01 -1370.33
-1396.30 -1370.33
-1638.00 -1370.33
-1705.51 -1370.33
-1550.10 -1370.33
-1399.21 -1370.33
-1633.37 -1370.33
-2491.93 -1370.33
-1371.10 -1370.33
-1712.20 -1370.33
-1406.28 -1370.33
-1415.62 -1370.33
-1411.49 -1370.33
-1815.95 -1370.33
-1516.15 -1370.33
-1447.76 -1370.33
-1394.86 -1370.33
-1418.90 -1370.33
-2263.85 -1370.33
-1398.33 -1370.33
-1804.39 -1370.33
-1453.46 -1370.33
-1550.78 -1370.33
-1643.06 -1370.33
-1714.35 -1370.33
-1560.70 -1370.33
-1717.61 -1370.33
-1412.76 -1370.33
-1576.17 -1370.33
-2203.33 -1370.33
-1903.91 -1370.33
-2201.28 -1370.33
-1619.91 -1370.33
-1753.94 -1370.33
-1726.77 -1370.33
-1840.38 -1370.33
-2094.00 -1370.33
-1487.48 -1370.33
-1721.44 -1370.33
-1449.01 -1370.33
-1487.55 -1370.33
-1636.31 -1370.33
-1549.53 -1370.33
-1560.92 -1370.33
-1923.07 -1370.33
-1757.23 -1370.33
-1781.37 -1370.33
-1729.50 -1370.33
-1576.38 -1370.33
-1721.69 -1370.33
-1627.97 -1370.33
-2104.49 -1370.33
-1478.66 -1370.33
-2244.26 -1370.33
-1628.73 -1370.33
-1579.67 -1370.33
-1815.89 -1370.33
-1396.98 -1370.33
-1370.33 -1370.33
-1382.30 -1370.33
-1752.62 -1370.33
-1827.95 -1370.33
-1411.60 -1370.33
-1855.50 -1370.33
-2184.96 -1370.33
-1414.78 -1370.33
-1527.64 -1370.33
-1773.78 -1370.33
-1646.38 -1370.33
-1970.36 -1370.33
-1771.25 -1370.33
-1404.25 -1370.33
-1400.90 -1370.33
-1453.30 -1370.33
-1399.05 -1370.33
-1713.11 -1370.33
-1469.16 -1370.33
-1741.93 -1370.33
-2197.44 -1370.33
-2108.55 -1370.33
-1767.56 -1370.33
-1987.09 -1370.33
-1778.75 -1370.33
-2075.84 -1370.33
-2268.20 -1370.33
-1645.83 -1370.33
-1763.82 -1370.33
-1717.87 -1370.33
-1925.51 -1370.33
-1448.21 -1370.33
-2127.72 -1370.33
-1613.85 -1370.33
-2014.31 -1370.33
-2338.19 -1370.33
-1612.06 -1370.33
-1570.66 -1370.33
-1628.26 -1370.33
-1400.31 -1370.33
-1370.52 -1370.52
-2214.60 -1370.52
-2045.98 -1370.52
-2133.91 -1370.52
-1627.01 -1370.52
-2025.56 -1370.52
-1397.53 -1370.52
-1713.87 -1370.52
-1825.11 -1370.52
-1742.92 -1370.52
-1460.12 -1370.52
-1849.18 -1370.52
-1975.63 -1370.52
-1527.86 -1370.52
-1673.44 -1370.52
-1647.28 -1370.52
-1373.16 -1370.52
-1377.69 -1370.52
-1567.17 -1370.52
-1733.88 -1370.52
-2057.26 -1370.52
-1449.37 -1370.52
-1817.09 -1370.52
-1655.35 -1370.52
-1418.63 -1370.52
-1646.91 -1370.52
-2185.41 -1370.52
-2502.31 -1370.52
-1715.76 -1370.52
-1723.20 -1370.52
-1473.97 -1370.52
-1636.46 -1370.52
-1713.89 -1370.52
-1714.50 -1370.52
-1641.79 -1370.52
-2375.42 -1370.52
-1667.34 -1370.52
-1634.08 -1370.52
-1569.11 -1370.52
-1835.79 -1370.52
-1512.05 -1370.52
-1393.98 -1370.52
-2157.75 -1370.52
-1373.87 -1370.52
-1386.16 -1370.52
-2085.52 -1370.52
-1571.47 -1370.52
-2013.66 -1370.52
-1641.97 -1370.52
-1475.62 -1370.52
-1635.89 -1370.52
-1662.19 -1370.52
-1507.96 -1370.52
-1392.82 -1370.52
-1562.90 -1370.52
-1856.69 -1370.52
-1844.69 -1370.52
-1813.10 -1370.52
-1773.83 -1370.52
-1813.12 -1370.52
-1533.11 -1370.52
-1377.75 -1370.52
-1653.81 -1370.52
-1472.47 -1370.52
-1931.28 -1370.52
-1737.30 -1370.52
-2054.53 -1370.52
-1772.94 -1370.52
-1564.97 -1370.52
-1386.14 -1370.52
-1631.54 -1370.52
-1722.72 -1370.52
-2101.04 -1370.52
-1935.17 -1370.52
-1415.72 -1370.52
-1752.09 -1370.52
-1625.07 -1370.52
-1415.42 -1370.52
-1401.30 -1370.52
-2009.16 -1370.52
-1462.78 -1370.52
-1412.22 -1370.52
-2170.65 -1370.52
-1648.63 -1370.52
-4249.16 -4249.16
-4277.77 -4249.16
-4180.43 -4180.43
-4232.15 -4180.43
-4097.53 -4097.53
-4155.77 -4097.53
-4112.08 -4097.53
-4127.31 -4097.53
-4194.87 -4097.53
-4166.59 -4097.53
-4103.28 -4097.53
-4172.82 -4097.53
-4018.58 -4018.58
-3946.45 -3946.45
-3960.26 -3946.45
-3875.85 -3875.85
-3999.24 -3875.85
-3993.62 -3875.85
-3852.75 -3852.75
-3866.20 -3852.75
-3716.80 -3716.80
-3756.55 -3716.80
-3745.74 -3716.80
-3604.25 -3604.25
-3545.29 -3545.29
-3651.96 -3545.29
-3583.64 -3545.29
-3588.45 -3545.29
-3475.62 -3475.62
-3552.34 -3475.62
-3500.28 -3475.62
-3419.14 -3419.14
-3459.62 -3419.14
-3327.34 -3327.34
-3376.34 -3327.34
-3142.10 -3142.10
-2972.29 -2972.29
-3147.46 -2972.29
-2662.41 -2662.41
-2659.17 -2659.17
-2696.48 -2659.17
-3024.90 -2659.17
-2312.08 -2312.08
-2353.03 -2312.08
-1671.36 -1671.36
-1451.97 -1451.97
-1370.99 -1370.99
-1380.26 -1370.99
-1372.77 -1370.99
-1725.79 -1370.99
-1513.86 -1370.99
-1631.46 -1370.99
-1451.50 -1370.99
-1390.84 -1370.99
-1489.93 -1370.99
-1875.21 -1370.99
-1393.83 -1370.99
-1806.46 -1370.99
-2011.42 -1370.99
-1823.84 -1370.99
-1729.69 -1370.99
-1581.99 -1370.99
-1372.42 -1370.99
-1408.93 -1370.99
-2001.02 -1370.99
-1392.60 -1370.99
-1867.27 -1370.99
-1388.80 -1370.99
-1411.91 -1370.99
-1385.33 -1370.99
-1392.33 -1370.99
-1724.67 -1370.99
-1399.71 -1370.99
-1398.39 -1370.99
-1798.57 -1370.99
-1512.25 -1370.99
-1388.12 -1370.99
-1625.08 -1370.99
-1396.99 -1370.99
-1627.24 -1370.99
-1372.49 -1370.99
-1412.94 -1370.99
-1720.04 -1370.99
-1713.71 -1370.99
-1900.10 -1370.99
-1414.18 -1370.99
-1528.26 -1370.99
-1400.95 -1370.99
-1393.13 -1370.99
-1646.17 -1370.99
-1393.64 -1370.99
-1541.07 -1370.99
-1751.02 -1370.99
-1749.21 -1370.99
-1925.01 -1370.99
-1440.64 -1370.99
-1864.42 -1370.99
-1572.12 -1370.99
-1620.13 -1370.99
-1472.93 -1370.99
-1411.02 -1370.99
-2259.14 -1370.99
-1627.25 -1370.99
-2190.46 -1370.99
-1909.44 -1370.99
-1565.79 -1370.99
-1629.59 -1370.99
-1394.85 -1370.99
-1631.47 -1370.99
-1723.19 -1370.99
-1386.74 -1370.99
-1615.95 -1370.99
-1648.53 -1370.99
-1405.01 -1370.99
-1370.59 -1370.59
-1391.63 -1370.59
-1944.01 -1370.59
-2203.64 -1370.59
-1663.94 -1370.59
-1415.09 -1370.59
-1649.35 -1370.59
-1458.80 -1370.59
-1392.27 -1370.59
-1417.89 -1370.59
-1370.82 -1370.82
-1402.80 -1370.82
-1649.81 -1370.82
-1399.23 -1370.82
-1836.45 -1370.82
-1647.66 -1370.82
-1414.78 -1370.82
-2007.28 -1370.82
-1393.28 -1370.82
-1372.37 -1370.82
-1478.03 -1370.82
-1817.78 -1370.82
-1831.90 -1370.82
-1391.42 -1370.82
-1598.09 -1370.82
-1850.86 -1370.82
-1614.98 -1370.82
-1392.44 -1370.82
-1847.56 -1370.82
-1949.90 -1370.82
-1448.89 -1370.82
-1646.31 -1370.82
-1635.81 -1370.82
-1813.90 -1370.82
-1482.05 -1370.82
-1466.38 -1370.82
-1370.83 -1370.83
-1461.17 -1370.83
-1393.72 -1370.83
-1566.72 -1370.83
-1394.34 -1370.83
-1386.23 -1370.83
-1374.08 -1370.83
-1635.70 -1370.83
-1736.61 -1370.83
-1672.18 -1370.83
-1373.06 -1370.83
-1566.54 -1370.83
-1394.63 -1370.83
-1459.42 -1370.83
-1863.61 -1370.83
-1957.00 -1370.83
-1741.49 -1370.83
-2285.18 -1370.83
-1632.58 -1370.83
-1815.78 -1370.83
-1699.53 -1370.83
-1573.41 -1370.83
-1553.18 -1370.83
-1403.54 -1370.83
-1504.92 -1370.83
-1621.87 -1370.83
-1804.11 -1370.83
-1388.04 -1370.83
-1833.82 -1370.83
-1514.38 -1370.83
-1508.84 -1370.83
-1468.72 -1370.83
-1831.21 -1370.83
-1401.34 -1370.83
-1452.32 -1370.83
-1747.15 -1370.83
-1627.91 -1370.83
-1481.75 -1370.83
-1570.76 -1370.83
-1528.07 -1370.83
-1856.74 -1370.83
-2128.97 -1370.83
-1388.63 -1370.83
-1413.65 -1370.83
-1932.46 -1370.83
-1646.65 -1370.83
-1379.66 -1370.83
-1823.11 -1370.83
-1836.43 -1370.83
-1740.02 -1370.83
-1392.21 -1370.83
-1479.57 -1370.83
-1379.83 -1370.83
-1576.15 -1370.83
-1414.02 -1370.83
-1857.79 -1370.83
-1552.70 -1370.83
-1721.76 -1370.83
-2170.20 -1370.83
-1370.33 -1370.33
-1920.21 -1370.33
-1735.27 -1370.33
-1459.39 -1370.33
-1579.19 -1370.33
-1493.61 -1370.33
-1776.45 -1370.33
-1417.58 -1370.33
-1556.63 -1370.33
-1737.20 -1370.33
-1411.12 -1370.33
-1414.06 -1370.33
-1422.06 -1370.33
-1654.12 -1370.33
-1808.04 -1370.33
-1370.59 -1370.33
-1812.52 -1370.33
-1864.25 -1370.33
-1399.10 -1370.33
-1627.80 -1370.33
-1426.62 -1370.33
-1562.35 -1370.33
-1575.67 -1370.33
-1553.71 -1370.33
-1386.93 -1370.33
-1567.04 -1370.33
-1393.09 -1370.33
-1673.25 -1370.33
-1416.63 -1370.33
-1370.72 -1370.72
-1389.82 -1370.72
-1377.72 -1370.72
-1391.18 -1370.72
-1487.12 -1370.72
-1408.80 -1370.72
-1370.67 -1370.67
-1413.70 -1370.67
-1393.97 -1370.67
-1905.72 -1370.67
-1464.90 -1370.67
-1652.40 -1370.67
-1486.84 -1370.67
-1449.07 -1370.67
-1705.12 -1370.67
-1630.65 -1370.67
-2105.17 -1370.67
-1396.70 -1370.67
-1915.03 -1370.67
-1479.15 -1370.67
-1397.63 -1370.67
-1607.98 -1370.67
-1466.91 -1370.67
-1751.20 -1370.67
-1405.18 -1370.67
-1422.70 -1370.67
-1457.99 -1370.67
-1715.32 -1370.67
-1416.60 -1370.67
-1448.03 -1370.67
-1448.63 -1370.67
-1393.17 -1370.67
-1849.52 -1370.67
-1739.59 -1370.67
-1753.16 -1370.67
-1822.52 -1370.67
-1419.02 -1370.67
-2293.65 -1370.67
-1394.50 -1370.67
-1547.57 -1370.67
-1756.31 -1370.67
-1781.92 -1370.67
-1551.13 -1370.67
-1508.15 -1370.67
-1491.78 -1370.67
-1399.33 -1370.67
-1771.87 -1370.67
-1424.67 -1370.67
-1513.76 -1370.67
-1372.20 -1370.67
-1809.77 -1370.67
-1734.67 -1370.67
-1723.45 -1370.67
-1904.64 -1370.67
-1386.80 -1370.67
-1699.15 -1370.67
-1608.16 -1370.67
-2114.97 -1370.67
-1382.60 -1370.67
-1615.28 -1370.67
-1634.18 -1370.67
-1394.96 -1370.67
-1627.73 -1370.67
-1715.25 -1370.67
-1830.80 -1370.67
-1844.07 -1370.67
-1729.46 -1370.67
-1479.92 -1370.67
-1543.29 -1370.67
-1452.50 -1370.67
-1639.76 -1370.67
-1947.40 -1370.67
-1426.58 -1370.67
-1733.69 -1370.67
-1482.51 -1370.67
-1401.79 -1370.67
-1909.80 -1370.67
-1641.81 -1370.67
-1588.94 -1370.67
-1409.70 -1370.67
-1634.98 -1370.67
-1744.58 -1370.67
-1396.70 -1370.67
-1634.17 -1370.67
-1643.45 -1370.67
-1635.55 -1370.67
-1813.02 -1370.67
-1597.76 -1370.67
-1770.75 -1370.67
-1466.12 -1370.67
-1744.51 -1370.67
-2128.85 -1370.67
-1455.04 -1370.67
-1648.91 -1370.67
-1373.03 -1370.67
-1377.78 -1370.67
-1645.81 -1370.67
-1704.03 -1370.67
-1624.49 -1370.67
-1389.18 -1370.67
-1544.16 -1370.67
-1597.85 -1370.67
-1635.79 -1370.67
-1616.14 -1370.67
-1451.62 -1370.67
-1954.41 -1370.67
-1507.65 -1370.67
-1455.04 -1370.67
-1511.67 -1370.67
-2576.44 -1370.67
-1530.73 -1370.67
-1398.61 -1370.67
-1411.49 -1370.67
-1724.16 -1370.67
-1715.54 -1370.67
-1703.19 -1370.67
-1372.90 -1372.90
-2137.87 -1372.90
-1396.84 -1372.90
-1396.68 -1372.90
-1575.71 -1372.90
-1400.79 -1372.90
-1391.76 -1372.90
-1737.64 -1372.90
-1386.24 -1372.90
-1508.60 -1372.90
-1847.66 -1372.90
-1734.48 -1372.90
-1860.78 -1372.90
-1549.68 -1372.90
-1656.35 -1372.90
-1569.89 -1372.90
-1977.32 -1372.90
-1448.30 -1372.90
-2009.67 -1372.90
-1453.04 -1372.90
-1668.88 -1372.90
-1647.29 -1372.90
-1455.21 -1372.90
-1774.39 -1372.90
-1372.29 -1372.29
-1458.94 -1372.29
-1389.50 -1372.29
-1511.23 -1372.29
-1764.86 -1372.29
-1825.06 -1372.29
-1415.75 -1372.29
-1504.35 -1372.29
-1579.16 -1372.29
-1919.81 -1372.29
-1615.05 -1372.29
-1755.55 -1372.29
-1579.48 -1372.29
-1548.08 -1372.29
-1658.17 -1372.29
-1587.15 -1372.29
-1414.71 -1372.29
-1394.23 -1372.29
-1762.12 -1372.29
-1451.64 -1372.29
-1734.65 -1372.29
-1569.17 -1372.29
-1618.30 -1372.29
-1447.80 -1372.29
-1551.58 -1372.29
-1550.43 -1372.29
-1468.44 -1372.29
-1507.68 -1372.29
-1478.85 -1372.29
-1620.79 -1372.29
-1873.74 -1372.29
-2101.01 -1372.29
-1390.63 -1372.29
-1459.94 -1372.29
-1396.88 -1372.29
-1856.44 -1372.29
-1566.36 -1372.29
-1393.21 -1372.29
-4260.99 -4260.99
-4197.79 -4197.79
-4232.05 -4197.79
-4213.36 -4197.79
-4220.39 -4197.79
-4282.37 -4197.79
-4253.66 -4197.79
-4251.00 -4197.79
-4152.02 -4152.02
-4141.11 -4141.11
-4143.95 -4141.11
-4090.35 -4090.35
-4138.29 -4090.35
-4215.48 -4090.35
-4061.62 -4061.62
-4090.82 -4061.62
-4032.12 -4032.12
-3991.45 -3991.45
-3987.06 -3987.06
-4028.63 -3987.06
-3935.16 -3935.16
-3846.18 -3846.18
-3890.13 -3846.18
-3872.41 -3846.18
-3779.34 -3779.34
-3800.20 -3779.34
-3773.54 -3773.54
-3821.30 -3773.54
-3774.21 -3774.21
-3794.07 -3774.21
-3805.28 -3774.21
-3780.88 -3774.21
-3710.44 -3710.44
-3718.13 -3710.44
-3587.55 -3587.55
-3553.13 -3553.13
-3385.46 -3385.46
-3423.04 -3385.46
-3478.87 -3385.46
-3344.29 -3344.29
-3121.69 -3121.69
-3183.35 -3121.69
-3000.45 -3000.45
-3012.08 -3000.45
-3322.52 -3000.45
-3067.64 -3000.45
-2882.21 -2882.21
-3031.38 -2882.21
-2899.83 -2882.21
-2937.93 -2882.21
-2927.74 -2882.21
-2820.07 -2820.07
-2739.47 -2739.47
-2717.12 -2717.12
-2823.69 -2717.12
-2505.63 -2505.63
-2259.26 -2259.26
-2182.02 -2182.02
-2019.17 -2019.17
-2290.33 -2019.17
-1616.59 -1616.59
-1920.20 -1616.59
-1402.88 -1402.88
-1474.88 -1402.88
-1397.44 -1397.44
-1555.28 -1397.44
-1560.84 -1397.44
-1972.44 -1397.44
-1508.77 -1397.44
-1483.00 -1397.44
-1548.63 -1397.44
-1570.37 -1397.44
-1742.43 -1397.44
-1571.37 -1397.44
-1544.10 -1397.44
-1644.16 -1397.44
-1415.74 -1397.44
-1392.31 -1392.31
-1400.03 -1392.31
-1508.88 -1392.31
-1515.64 -1392.31
-1509.02 -1392.31
-1603.60 -1392.31
-1394.15 -1392.31
-1731.16 -1392.31
-1631.82 -1392.31
-1526.95 -1392.31
-1704.02 -1392.31
-1371.96 -1371.96
-1387.91 -1371.96
-1391.99 -1371.96
-1968.60 -1371.96
-1635.36 -1371.96
-1708.11 -1371.96
-1370.89 -1370.89
-1452.44 -1370.89
-1514.37 -1370.89
-1414.28 -1370.89
-1395.80 -1370.89
-1643.10 -1370.89
-1489.26 -1370.89
-1454.20 -1370.89
-1418.06 -1370.89
-1402.60 -1370.89
-1493.87 -1370.89
-1646.29 -1370.89
-1727.33 -1370.89
-1454.06 -1370.89
-1553.19 -1370.89
-1474.44 -1370.89
-1499.16 -1370.89
-1557.42 -1370.89
-1607.92 -1370.89
-1645.39 -1370.89
-1511.57 -1370.89
-1589.35 -1370.89
-1407.60 -1370.89
-1378.30 -1370.89
-1397.90 -1370.89
-1465.60 -1370.89
-1449.78 -1370.89
-1813.01 -1370.89
-1402.85 -1370.89
-1404.04 -1370.89
-1751.23 -1370.89
-1380.24 -1370.89
-1453.05 -1370.89
-1394.26 -1370.89
-1453.23 -1370.89
-1401.31 -1370.89
-1530.06 -1370.89
-1466.86 -1370.89
-1767.01 -1370.89
-1396.75 -1370.89
-1585.06 -1370.89
-1402.04 -1370.89
-1644.99 -1370.89
-1576.36 -1370.89
-1520.57 -1370.89
-2106.27 -1370.89
-1640.35 -1370.89
-1461.92 -1370.89
-1477.28 -1370.89
-1403.75 -1370.89
-1395.65 -1370.89
-1372.46 -1370.89
-1748.66 -1370.89
-1715.74 -1370.89
-1650.85 -1370.89
-1405.27 -1370.89
-1569.05 -1370.89
-1724.09 -1370.89
-1398.64 -1370.89
-1384.63 -1370.89
-1389.78 -1370.89
-1373.84 -1370.89
-1461.06 -1370.89
-1828.38 -1370.89
-1396.97 -1370.89
-1511.91 -1370.89
-1541.81 -1370.89
-1770.20 -1370.89
-1709.30 -1370.89
-1649.07 -1370.89
-1725.48 -1370.89
-1409.40 -1370.89
-1411.90 -1370.89
-1413.95 -1370.89
-1703.61 -1370.89
-1555.87 -1370.89
-1466.98 -1370.89
-1723.01 -1370.89
-1393.75 -1370.89
-1735.01 -1370.89
-1650.16 -1370.89
-1402.90 -1370.89
-1578.76 -1370.89
-1650.05 -1370.89
-1768.78 -1370.89
-1415.87 -1370.89
-1551.20 -1370.89
-1446.80 -1370.89
-1867.70 -1370.89
-1637.48 -1370.89
-1809.31 -1370.89
-1527.56 -1370.89
-1415.38 -1370.89
-1452.12 -1370.89
-1411.69 -1370.89
-1447.92 -1370.89
-1447.49 -1370.89
-1826.00 -1370.89
-1451.04 -1370.89
-1707.08 -1370.89
-1454.65 -1370.89
-1571.79 -1370.89
-1917.02 -1370.89
-1489.94 -1370.89
-1458.53 -1370.89
-1664.12 -1370.89
-1742.90 -1370.89
-1527.80 -1370.89
-1371.18 -1371.18
-1771.78 -1371.18
-1719.72 -1371.18
-1452.42 -1371.18
-1511.79 -1371.18
-1642.19 -1371.18
-1517.90 -1371.18
-1411.49 -1371.18
-1622.27 -1371.18
-1450.83 -1371.18
-1388.82 -1371.18
-1569.73 -1371.18
-1712.58 -1371.18
-1612.11 -1371.18
-1837.98 -1371.18
-1370.92 -1370.92
-1500.54 -1370.92
-1732.87 -1370.92
-1389.24 -1370.92
-1669.26 -1370.92
-1373.23 -1370.92
-1382.03 -1370.92
-1669.65 -1370.92
-1422.22 -1370.92
-1865.70 -1370.92
-1390.67 -1370.92
-1638.77 -1370.92
-2119.22 -1370.92
-1575.79 -1370.92
-1465.11 -1370.92
-1412.75 -1370.92
-1759.48 -1370.92
-1633.87 -1370.92
-2288.34 -1370.92
-1403.97 -1370.92
-1416.49 -1370.92
-1727.19 -1370.92
-1423.46 -1370.92
-1378.27 -1370.92
-1884.87 -1370.92
-1629.17 -1370.92
-1747.55 -1370.92
-1640.75 -1370.92
-1616.84 -1370.92
-1460.93 -1370.92
-1381.77 -1370.92
-1373.03 -1370.92
-1586.74 -1370.92
-1858.54 -1370.92
-1900.22 -1370.92
-1563.74 -1370.92
-1845.21 -1370.92
-2139.84 -1370.92
-1544.06 -1370.92
-1642.18 -1370.92
-1869.89 -1370.92
-1648.14 -1370.92
-2018.64 -1370.92
-1647.17 -1370.92
-1642.52 -1370.92
-1641.42 -1370.92
-1744.13 -1370.92
-1730.70 -1370.92
-1707.18 -1370.92
-1632.01 -1370.92
-1390.16 -1370.92
-1398.23 -1370.92
-1533.28 -1370.92
-1393.73 -1370.92
-1609.10 -1370.92
-1453.07 -1370.92
-1420.86 -1370.92
-1815.78 -1370.92
-1646.65 -1370.92
-1400.24 -1370.92
-2242.12 -1370.92
-1512.25 -1370.92
-1392.51 -1370.92
-1399.66 -1370.92
-1447.72 -1370.92
-1482.55 -1370.92
-1610.97 -1370.92
-1901.25 -1370.92
-1581.69 -1370.92
-1698.65 -1370.92
-1510.07 -1370.92
-1462.67 -1370.92
-1370.62 -1370.62
-1643.65 -1370.62
-1372.85 -1370.62
-1713.86 -1370.62
-1370.97 -1370.97
-1372.84 -1370.97
-1667.49 -1370.97
-1942.97 -1370.97
-1880.17 -1370.97
-1572.16 -1370.97
-1756.59 -1370.97
-1417.44 -1370.97
-1412.14 -1370.97
-1710.12 -1370.97
-2128.83 -1370.97
-1500.95 -1370.97
-1416.81 -1370.97
-1474.13 -1370.97
-1442.30 -1370.97
-1725.22 -1370.97
-1542.25 -1370.97
-1667.25 -1370.97
-1647.89 -1370.97
-1397.05 -1370.97
-1958.33 -1370.97
-1884.33 -1370.97
-1398.81 -1370.97
-1644.64 -1370.97
-1572.30 -1370.97
-1822.39 -1370.97
-1746.94 -1370.97
-1400.13 -1370.97
-1450.96 -1370.97
-1565.16 -1370.97
-1453.02 -1370.97
-1743.82 -1370.97
-1445.69 -1370.97
-1624.26 -1370.97
-1584.21 -1370.97
-1628.65 -1370.97
-1541.80 -1370.97
-1473.98 -1370.97
-1558.89 -1370.97
-1394.53 -1370.97
-1630.97 -1370.97
-1564.97 -1370.97
-1543.05 -1370.97
-1569.53 -1370.97
-1641.49 -1370.97
-1503.13 -1370.97
-1393.97 -1370.97
-1726.09 -1370.97
-1615.04 -1370.97
-1808.51 -1370.97
-1615.65 -1370.97
-2115.52 -1370.97
-1734.41 -1370.97
-1839.50 -1370.97
-1836.10 -1370.97
-1520.13 -1370.97
-1643.91 -1370.97
-1384.49 -1370.97
-1399.56 -1370.97
-1642.84 -1370.97
-1395.67 -1370.97
-1370.64 -1370.64
-1491.24 -1370.64
-1392.84 -1370.64
-1415.07 -1370.64
-1760.93 -1370.64
-1450.38 -1370.64
-1751.08 -1370.64
-1392.46 -1370.64
-1541.77 -1370.64
-1610.71 -1370.64
-1468.46 -1370.64
-1566.12 -1370.64
-1420.28 -1370.64
-1384.63 -1370.64
-1543.71 -1370.64
-2008.75 -1370.64
-1636.18 -1370.64
-1702.34 -1370.64
-1570.56 -1370.64
-1459.15 -1370.64
-1517.17 -1370.64
-1649.40 -1370.64
-1707.92 -1370.64
-1774.28 -1370.64
-1632.27 -1370.64
-1372.36 -1370.64
-1488.93 -1370.64
-1635.66 -1370.64
-1872.16 -1370.64
-1452.17 -1370.64
-1733.00 -1370.64
-1461.71 -1370.64
-1406.43 -1370.64
-1487.38 -1370.64
-1458.35 -1370.64
-1642.22 -1370.64
-1412.77 -1370.64
-1378.76 -1370.64
-1567.76 -1370.64
-1384.95 -1370.64
-1578.00 -1370.64
-1642.78 -1370.64
-1485.95 -1370.64
-1398.51 -1370.64
-1413.86 -1370.64
-1646.77 -1370.64
-1635.45 -1370.64
-1646.19 -1370.64
-1569.12 -1370.64
-1413.55 -1370.64
-1393.49 -1370.64
-1406.43 -1370.64
-2048.12 -1370.64
-1638.26 -1370.64
-1388.21 -1370.64
-1820.77 -1370.64
-1381.85 -1370.64
-2137.10 -1370.64
-1519.74 -1370.64
-1725.24 -1370.64
-1463.80 -1370.64
-1480.75 -1370.64
-4331.76 -1370.64
-4260.08 -4260.08
-4182.39 -4182.39
-4172.37 -4172.37
-4258.11 -4172.37
-4166.59 -4166.59
-4223.83 -4166.59
-4202.73 -4166.59
-4042.73 -4042.73
-4198.71 -4042.73
-3973.07 -3973.07
-3887.89 -3887.89
-3958.78 -3887.89
-3777.81 -3777.81
-3706.15 -3706.15
-3756.57 -3706.15
-3646.71 -3646.71
-3685.76 -3646.71
-3566.98 -3566.98
-3488.02 -3488.02
-3539.54 -3488.02
-3553.22 -3488.02
-3596.19 -3488.02
-3432.13 -3432.13
-3313.09 -3313.09
-3382.17 -3313.09
-3061.21 -3061.21
-2993.39 -2993.39
-3129.58 -2993.39
-2772.88 -2772.88
-2687.59 -2687.59
-2449.66 -2449.66
-2369.37 -2369.37
-2610.99 -2369.37
-2495.67 -2369.37
-2635.93 -2369.37
-2351.72 -2351.72
-1931.09 -1931.09
-1773.23 -1773.23
-1918.09 -1773.23
-1398.18 -1398.18
-1400.84 -1398.18
-1405.66 -1398.18
-1922.87 -1398.18
-1629.61 -1398.18
-1516.41 -1398.18
-1391.82 -1391.82
-1394.18 -1391.82
-1657.82 -1391.82
-1514.38 -1391.82
-1597.86 -1391.82
-1381.92 -1381.92
-1753.47 -1381.92
-1714.73 -1381.92
-1723.55 -1381.92
-1384.08 -1381.92
-1406.39 -1381.92
-1461.48 -1381.92
-1397.30 -1381.92
-1550.06 -1381.92
-1618.74 -1381.92
-1389.86 -1381.92
-1386.78 -1381.92
-1742.70 -1381.92
-1412.62 -1381.92
-1640.78 -1381.92
-1459.55 -1381.92
-1563.99 -1381.92
-1865.47 -1381.92
-1754.88 -1381.92
-1644.46 -1381.92
-1551.69 -1381.92
-1478.22 -1381.92
-1399.72 -1381.92
-1407.42 -1381.92
-1465.71 -1381.92
-1383.90 -1381.92
-1393.57 -1381.92
-1394.17 -1381.92
-1557.79 -1381.92
-1372.58 -1372.58
-1550.88 -1372.58
-1748.41 -1372.58
-1454.29 -1372.58
-1811.80 -1372.58
-1452.41 -1372.58
-1589.85 -1372.58
-1717.96 -1372.58
-1849.69 -1372.58
-1565.76 -1372.58
-1709.47 -1372.58
-1836.93 -1372.58
-1737.05 -1372.58
-1529.54 -1372.58
-1856.20 -1372.58
-1723.85 -1372.58
-1387.76 -1372.58
-1527.26 -1372.58
-1639.20 -1372.58
-1488.71 -1372.58
-1604.87 -1372.58
-1396.23 -1372.58
-1564.74 -1372.58
-1503.27 -1372.58
-1567.03 -1372.58
-1540.86 -1372.58
-1477.64 -1372.58
-1661.21 -1372.58
-1370.54 -1370.54
-1803.32 -1370.54
-1842.99 -1370.54
-1494.51 -1370.54
-1549.55 -1370.54
-1952.12 -1370.54
-1581.66 -1370.54
-1621.89 -1370.54
-1715.73 -1370.54
-1756.97 -1370.54
-1634.39 -1370.54
-1761.64 -1370.54
-1564.30 -1370.54
-2407.91 -1370.54
-2097.93 -1370.54
-1464.66 -1370.54
-1395.15 -1370.54
-1454.55 -1370.54
-1401.34 -1370.54
-1467.65 -1370.54
-1453.32 -1370.54
-1370.70 -1370.70
-1646.82 -1370.70
-1416.36 -1370.70
-1515.47 -1370.70
-1527.65 -1370.70
-1772.23 -1370.70
-1416.00 -1370.70
-1823.66 -1370.70
-1878.04 -1370.70
-1713.81 -1370.70
-1393.84 -1370.70
-1804.86 -1370.70
-1460.07 -1370.70
-1462.47 -1370.70
-1584.90 -1370.70
-1462.18 -1370.70
-1542.83 -1370.70
-1392.39 -1370.70
-1829.93 -1370.70
-1914.26 -1370.70
-1830.50 -1370.70
-1719.66 -1370.70
-1400.05 -1370.70
-1855.80 -1370.70
-1720.31 -1370.70
-1630.10 -1370.70
-1734.46 -1370.70
-1654.38 -1370.70
-1772.14 -1370.70
-1374.01 -1370.70
-1578.47 -1370.70
-2190.80 -1370.70
-2264.35 -1370.70
-1394.84 -1370.70
-1979.35 -1370.70
-1591.08 -1370.70
-1397.06 -1370.70
-2012.93 -1370.70
-1629.37 -1370.70
-1734.85 -1370.70
-1601.99 -1370.70
-1766.09 -1370.70
-1581.25 -1370.70
-1370.98 -1370.70
-1827.16 -1370.70
-1558.58 -1370.70
-1480.83 -1370.70
-1745.90 -1370.70
-1373.76 -1370.70
-1556.89 -1370.70
-1548.19 -1370.70
-1393.32 -1370.70
-1465.69 -1370.70
-1372.55 -1370.70
-1445.47 -1370.70
-1810.89 -1370.70
-1385.52 -1370.70
-1826.12 -1370.70
-1390.09 -1370.70
-1399.43 -1370.70
-1446.03 -1370.70
-1472.02 -1370.70
-1388.89 -1370.70
-1399.91 -1370.70
-2100.05 -1370.70
-2125.40 -1370.70
-1393.82 -1370.70
-1717.00 -1370.70
-1862.16 -1370.70
-2000.96 -1370.70
-1844.75 -1370.70
-1506.78 -1370.70
-1619.72 -1370.70
-1453.11 -1370.70
-1426.15 -1370.70
-1741.01 -1370.70
-1565.40 -1370.70
-1414.83 -1370.70
-1637.23 -1370.70
-1486.57 -1370.70
-1413.24 -1370.70
-1510.24 -1370.70
-1378.35 -1370.70
-1449.55 -1370.70
-1402.57 -1370.70
-1707.91 -1370.70
-1392.65 -1370.70
-1553.80 -1370.70
-1403.64 -1370.70
-1399.73 -1370.70
-1388.28 -1370.70
-1736.62 -1370.70
-1737.91 -1370.70
-1426.30 -1370.70
-1564.57 -1370.70
-1589.38 -1370.70
-1940.50 -1370.70
-1466.49 -1370.70
-1389.87 -1370.70
-1498.40 -1370.70
-2424.58 -1370.70
-1469.22 -1370.70
-1447.50 -1370.70
-1564.04 -1370.70
-1610.54 -1370.70
-1389.55 -1370.70
-1665.96 -1370.70
-1631.08 -1370.70
-1717.61 -1370.70
-1571.04 -1370.70
-1414.01 -1370.70
-1440.87 -1370.70
-1748.09 -1370.70
-1639.04 -1370.70
-1646.34 -1370.70
-1863.70 -1370.70
-1598.29 -1370.70
-1394.10 -1370.70
-1382.24 -1370.70
-1868.98 -1370.70
-1646.84 -1370.70
-1486.56 -1370.70
-1823.62 -1370.70
-1422.69 -1370.70
-1747.47 -1370.70
-1749.31 -1370.70
-1394.24 -1370.70
-1479.09 -1370.70
-1589.78 -1370.70
-1747.27 -1370.70
-1516.67 -1370.70
-1551.10 -1370.70
-1781.79 -1370.70
-1514.37 -1370.70
-1472.60 -1370.70
-1491.29 -1370.70
-1544.15 -1370.70
-1668.71 -1370.70
-1758.49 -1370.70
-1389.71 -1370.70
-1455.48 -1370.70
-1515.85 -1370.70
-2287.05 -1370.70
-1733.84 -1370.70
-1404.82 -1370.70
-1768.31 -1370.70
-1757.32 -1370.70
-1815.60 -1370.70
-1408.02 -1370.70
-1582.29 -1370.70
-1485.72 -1370.70
-1498.79 -1370.70
-1394.46 -1370.70
-1444.96 -1370.70
-1556.77 -1370.70
-1400.32 -1370.70
-1372.86 -1370.70
-1641.69 -1370.70
-1491.35 -1370.70
-1916.23 -1370.70
-1464.18 -1370.70
-1393.02 -1370.70
-1568.78 -1370.70
-1542.78 -1370.70
-1881.53 -1370.70
-1555.07 -1370.70
-1757.70 -1370.70
-1943.46 -1370.70
-1855.31 -1370.70
-1761.10 -1370.70
-1458.51 -1370.70
-1558.24 -1370.70
-1370.64 -1370.64
-1713.23 -1370.64
-1490.07 -1370.64
-2110.72 -1370.64
-1414.26 -1370.64
-1713.91 -1370.64
-1721.71 -1370.64
-1899.13 -1370.64
-1798.32 -1370.64
-1612.04 -1370.64
-1415.31 -1370.64
-1768.66 -1370.64
-1386.01 -1370.64
-2164.18 -1370.64
-1634.45 -1370.64
-1661.33 -1370.64
-1605.63 -1370.64
-1461.61 -1370.64
-1601.79 -1370.64
-1372.33 -1372.33
-1448.32 -1372.33
-1642.44 -1372.33
-2094.52 -1372.33
-1571.48 -1372.33
-1408.08 -1372.33
-1736.00 -1372.33
-1611.73 -1372.33
-1968.95 -1372.33
-1736.84 -1372.33
-1550.78 -1372.33
-1488.84 -1372.33
-1616.48 -1372.33
-1389.89 -1372.33
-1416.19 -1372.33
-1633.43 -1372.33
-1412.33 -1372.33
-1762.08 -1372.33
-1727.12 -1372.33
-1413.95 -1372.33
-1716.62 -1372.33
-1395.59 -1372.33
-1616.94 -1372.33
-1438.78 -1372.33
-1399.06 -1372.33
-1726.09 -1372.33
-1402.90 -1372.33
-1402.33 -1372.33
-2207.04 -1372.33
-1638.36 -1372.33
-1793.74 -1372.33
-1582.21 -1372.33
-1393.29 -1372.33
-1828.78 -1372.33
-1468.02 -1372.33
-1393.16 -1372.33
-1409.02 -1372.33
-1373.57 -1373.57
-1393.02 -1373.57
-1715.99 -1373.57
-1818.49 -1373.57
-1652.99 -1373.57
-1508.67 -1373.57
-1660.64 -1373.57
-1504.21 -1373.57
-1507.46 -1373.57
-1631.20 -1373.57
-1486.47 -1373.57
-1826.34 -1373.57
-1627.98 -1373.57
-1740.83 -1373.57
-1470.81 -1373.57
-1476.15 -1373.57
-1749.46 -1373.57
-1764.03 -1373.57
-1407.21 -1373.57
-1400.84 -1373.57
-1403.37 -1373.57
-1813.69 -1373.57
-1638.33 -1373.57
-1875.39 -1373.57
-1977.27 -1373.57
-1392.99 -1373.57
-1826.10 -1373.57
-1549.03 -1373.57
-1485.89 -1373.57
-1461.83 -1373.57
-1854.29 -1373.57
-1650.40 -1373.57
-1646.73 -1373.57
-1373.98 -1373.57
-1995.92 -1373.57
-1392.24 -1373.57
-1373.75 -1373.75
-1449.66 -1373.75
-1392.30 -1373.75
-1566.09 -1373.75
-1633.72 -1373.75
-1370.93 -1370.93
-1373.56 -1370.93
-1464.75 -1370.93
-1371.95 -1370.93
-1567.33 -1370.93
-2034.66 -1370.93
-1389.76 -1370.93
-1901.36 -1370.93
-1954.33 -1370.93
-2009.12 -1370.93
-2324.07 -1370.93
-1755.40 -1370.93
-1723.17 -1370.93
-1402.58 -1370.93
-2075.82 -1370.93
-1403.54 -1370.93
-1563.64 -1370.93
-1746.55 -1370.93
-4331.32 -1370.93
-4407.09 -1370.93
-4322.04 -1370.93
-4137.81 -4137.81
-4188.42 -4137.81
-4181.60 -4137.81
-4112.41 -4112.41
-4150.47 -4112.41
-4165.31 -4112.41
-4195.72 -4112.41
-4145.33 -4112.41
-4150.11 -4112.41
-4203.99 -4112.41
-4104.40 -4104.40
-4046.30 -4046.30
-3969.24 -3969.24
-4031.01 -3969.24
-4006.87 -3969.24
-4029.39 -3969.24
-3993.32 -3969.24
-3845.70 -3845.70
-3795.17 -3795.17
-3696.70 -3696.70
-3607.73 -3607.73
-3694.72 -3607.73
-3625.07 -3607.73
-3602.44 -3602.44
-3382.44 -3382.44
-3352.74 -3352.74
-3535.97 -3352.74
-3361.31 -3352.74
-3315.51 -3315.51
-3381.69 -3315.51
-3167.21 -3167.21
-3223.82 -3167.21
-3285.55 -3167.21
-2887.50 -2887.50
-2884.58 -2884.58
-3001.10 -2884.58
-2672.35 -2672.35
-2786.11 -2672.35
-2554.94 -2554.94
-2197.01 -2197.01
-2559.23 -2197.01
-1828.79 -1828.79
-1569.88 -1569.88
-1476.28 -1476.28
-1844.77 -1476.28
-1415.05 -1415.05
-1399.74 -1399.74
-1753.59 -1399.74
-1441.28 -1399.74
-2015.39 -1399.74
-1402.81 -1399.74
-1395.27 -1395.27
-1568.34 -1395.27
-1644.41 -1395.27
-1947.44 -1395.27
-2248.05 -1395.27
-1856.38 -1395.27
-1388.45 -1388.45
-1560.83 -1388.45
-1405.20 -1388.45
-1392.32 -1388.45
-1553.03 -1388.45
-1445.69 -1388.45
-1586.13 -1388.45
-1641.18 -1388.45
-1445.28 -1388.45
-1544.14 -1388.45
-1507.92 -1388.45
-1452.23 -1388.45
-1636.32 -1388.45
-1604.57 -1388.45
-1605.20 -1388.45
-1800.88 -1388.45
-1402.96 -1388.45
-1811.56 -1388.45
-1902.93 -1388.45
-1558.79 -1388.45
-1555.09 -1388.45
-1402.78 -1388.45
-1573.64 -1388.45
-1453.36 -1388.45
-1499.29 -1388.45
-1860.74 -1388.45
-1931.68 -1388.45
-1901.80 -1388.45
-1736.09 -1388.45
-1529.85 -1388.45
-1984.95 -1388.45
-1509.07 -1388.45
-1441.55 -1388.45
-1882.03 -1388.45
-1815.89 -1388.45
-1508.08 -1388.45
-1635.61 -1388.45
-1425.94 -1388.45
-1826.31 -1388.45
-2082.25 -1388.45
-2172.09 -1388.45
-1726.07 -1388.45
-1582.51 -1388.45
-1670.10 -1388.45
-1583.86 -1388.45
-1672.24 -1388.45
-1416.90 -1388.45
-1737.04 -1388.45
-1541.84 -1388.45
-1507.67 -1388.45
-1568.56 -1388.45
-1855.15 -1388.45
-1399.27 -1388.45
-1414.42 -1388.45
-1413.87 -1388.45
-1643.70 -1388.45
-1579.87 -1388.45
-1670.87 -1388.45
-1402.58 -1388.45
-1528.81 -1388.45
-1991.53 -1388.45
-2273.38 -1388.45
-1652.58 -1388.45
-1394.79 -1388.45
-1742.43 -1388.45
-1448.49 -1388.45
-1834.47 -1388.45
-1597.94 -1388.45
-1841.30 -1388.45
-2127.93 -1388.45
-1517.02 -1388.45
-1725.79 -1388.45
-1598.11 -1388.45
-1377.88 -1377.88
-1578.34 -1377.88
-1403.96 -1377.88
-1513.26 -1377.88
-1511.78 -1377.88
-1494.69 -1377.88
-1505.41 -1377.88
-1384.38 -1377.88
-1378.41 -1378.41
-2081.24 -1378.41
-1380.44 -1378.41
-1386.26 -1378.41
-1396.53 -1378.41
-1393.01 -1378.41
-1725.70 -1378.41
-1414.69 -1378.41
-1579.13 -1378.41
-1391.32 -1378.41
-1552.71 -1378.41
-1371.17 -1371.17
-1731.01 -1371.17
-1403.22 -1371.17
-1629.36 -1371.17
-1552.92 -1371.17
-1698.59 -1371.17
-1754.58 -1371.17
-1399.63 -1371.17
-1719.83 -1371.17
-1670.37 -1371.17
-1372.17 -1372.17
-1447.37 -1372.17
-1372.52 -1372.52
-1772.51 -1372.52
-2171.23 -1372.52
-1455.10 -1372.52
-1540.73 -1372.52
-1568.06 -1372.52
-1637.94 -1372.52
-1397.25 -1372.52
-1414.11 -1372.52
-1530.09 -1372.52
-1445.60 -1372.52
-1903.09 -1372.52
-1815.56 -1372.52
-1480.85 -1372.52
-1394.88 -1372.52
-1449.09 -1372.52
-1566.56 -1372.52
-1551.03 -1372.52
-1459.52 -1372.52
-1825.96 -1372.52
-1666.97 -1372.52
-1824.05 -1372.52
-1852.13 -1372.52
-1396.87 -1372.52
-1632.87 -1372.52
-1769.10 -1372.52
-1710.44 -1372.52
-1712.91 -1372.52
-1752.18 -1372.52
-1372.67 -1372.67
-1414.53 -1372.67
-1624.91 -1372.67
-1705.41 -1372.67
-1394.01 -1372.67
-1650.56 -1372.67
-1399.25 -1372.67
-1370.52 -1370.52
-1445.93 -1370.52
-1509.94 -1370.52
-1571.36 -1370.52
-1403.90 -1370.52
-1459.83 -1370.52
-1392.96 -1370.52
-1416.31 -1370.52
-1404.06 -1370.52
-1472.52 -1370.52
-1403.55 -1370.52
-1555.13 -1370.52
-1513.17 -1370.52
-1846.82 -1370.52
-1854.76 -1370.52
-1605.93 -1370.52
-1445.72 -1370.52
-2139.89 -1370.52
-1977.64 -1370.52
-1553.81 -1370.52
-1723.61 -1370.52
-1392.95 -1370.52
-1839.57 -1370.52
-1776.74 -1370.52
-1550.91 -1370.52
-1399.91 -1370.52
-2152.83 -1370.52
-1731.80 -1370.52
-1395.54 -1370.52
-1391.91 -1370.52
-1763.13 -1370.52
-1940.44 -1370.52
-1387.73 -1370.52
-1727.16 -1370.52
-1413.24 -1370.52
-1478.85 -1370.52
-1461.40 -1370.52
-2033.83 -1370.52
-1638.37 -1370.52
-1398.98 -1370.52
-1632.44 -1370.52
-1772.48 -1370.52
-1550.17 -1370.52
-1827.92 -1370.52
-1582.93 -1370.52
-1392.86 -1370.52
-1739.92 -1370.52
-1732.22 -1370.52
-1754.63 -1370.52
-2016.67 -1370.52
-1416.64 -1370.52
-1826.86 -1370.52
-1880.89 -1370.52
-1503.00 -1370.52
-1588.83 -1370.52
-1818.95 -1370.52
-1923.96 -1370.52
-1620.10 -1370.52
-1410.04 -1370.52
-1487.46 -1370.52
-1411.69 -1370.52
-1416.40 -1370.52
-2078.43 -1370.52
-1384.57 -1370.52
-1655.40 -1370.52
-1468.01 -1370.52
-1466.47 -1370.52
-1449.14 -1370.52
-1478.47 -1370.52
-1648.79 -1370.52
-1472.87 -1370.52
-1640.16 -1370.52
-1572.28 -1370.52
-1426.17 -1370.52
-1629.61 -1370.52
-1378.56 -1370.52
-1512.95 -1370.52
-1816.67 -1370.52
-1654.87 -1370.52
-1393.27 -1370.52
-1842.87 -1370.52
-1723.31 -1370.52
-1598.68 -1370.52
-1738.53 -1370.52
-1424.07 -1370.52
-1486.00 -1370.52
-1463.78 -1370.52
-1413.84 -1370.52
-1380.41 -1370.52
-1414.24 -1370.52
-1399.63 -1370.52
-1486.51 -1370.52
-1981.36 -1370.52
-1624.45 -1370.52
-1426.46 -1370.52
-1616.09 -1370.52
-1997.73 -1370.52
-1413.90 -1370.52
-1719.45 -1370.52
-1458.52 -1370.52
-1821.46 -1370.52
-1528.13 -1370.52
-1669.38 -1370.52
-1764.77 -1370.52
-1664.55 -1370.52
-1370.58 -1370.58
-1762.04 -1370.58
-1721.27 -1370.58
-1451.99 -1370.58
-1708.06 -1370.58
-1581.61 -1370.58
-1397.95 -1370.58
-1719.32 -1370.58
-1380.33 -1370.58
-1394.06 -1370.58
-1484.59 -1370.58
-1372.65 -1372.65
-1568.07 -1372.65
-1477.55 -1372.65
-1472.44 -1372.65
-1406.89 -1372.65
-1568.65 -1372.65
-1763.64 -1372.65
-1372.33 -1372.33
-1873.46 -1372.33
-2101.42 -1372.33
-1449.04 -1372.33
-1387.80 -1372.33
-1386.62 -1372.33
-1883.06 -1372.33
-1569.80 -1372.33
-1526.59 -1372.33
-1736.86 -1372.33
-1464.89 -1372.33
-1414.32 -1372.33
-1860.27 -1372.33
-1743.66 -1372.33
-1743.84 -1372.33
-1703.71 -1372.33
-1370.83 -1370.83
-1370.94 -1370.94
-1546.64 -1370.94
-1638.02 -1370.94
-1553.21 -1370.94
-1398.27 -1370.94
-1557.33 -1370.94
-1837.15 -1370.94
-1491.79 -1370.94
-1390.73 -1370.94
-1596.71 -1370.94
-1672.20 -1370.94
-1568.58 -1370.94
-1389.83 -1370.94
-1377.86 -1370.94
-1734.52 -1370.94
-1404.09 -1370.94
-1620.75 -1370.94
-1386.03 -1370.94
-1576.41 -1370.94
-1589.14 -1370.94
-1704.19 -1370.94
-1571.10 -1370.94
-1406.34 -1370.94
-1372.35 -1370.94
-1394.29 -1370.94
-1712.07 -1370.94
-1550.46 -1370.94
-1400.74 -1370.94
-1416.85 -1370.94
-1798.62 -1370.94
-1389.95 -1370.94
-1400.86 -1370.94
-1417.83 -1370.94
-1970.32 -1370.94
-1460.66 -1370.94
-1658.98 -1370.94
-1404.95 -1370.94
-2156.73 -1370.94
-1609.85 -1370.94
-1615.52 -1370.94
-2295.78 -1370.94
-1370.72 -1370.72
-1853.60 -1370.72
-1880.41 -1370.72
-1389.42 -1370.72
-1563.62 -1370.72
-1743.08 -1370.72
-1628.16 -1370.72
-1708.81 -1370.72
-1451.90 -1370.72
-1370.33 -1370.33
-1637.97 -1370.33
-1446.66 -1370.33
-1448.58 -1370.33
-1377.87 -1370.33
-1575.01 -1370.33
-1540.91 -1370.33
-1742.24 -1370.33
-1629.88 -1370.33
-1445.48 -1370.33
-1446.65 -1370.33
-1400.93 -1370.33
-1424.12 -1370.33
-1388.00 -1370.33
-1400.03 -1370.33
-1817.24 -1370.33
-1762.66 -1370.33
-1513.25 -1370.33
-1385.77 -1370.33
-1634.01 -1370.33
-1572.87 -1370.33
-1487.63 -1370.33
-1831.77 -1370.33
-1601.59 -1370.33
-1763.76 -1370.33
-1880.15 -1370.33
-4211.63 -4211.63
-4265.29 -4211.63
-4254.79 -4211.63
-4286.96 -4211.63
-4172.42 -4172.42
-4147.22 -4147.22
-4196.35 -4147.22
-4094.15 -4094.15
-4119.60 -4094.15
-4023.68 -4023.68
-4057.65 -4023.68
-4041.46 -4023.68
-3980.87 -3980.87
-3951.52 -3951.52
-3951.91 -3951.52
-4012.47 -3951.52
-4059.27 -3951.52
-3943.01 -3943.01
-4017.52 -3943.01
-3867.73 -3867.73
-4010.41 -3867.73
-3764.93 -3764.93
-3904.20 -3764.93
-3764.61 -3764.61
-3862.42 -3764.61
-3794.01 -3764.61
-3641.99 -3641.99
-3861.17 -3641.99
-3626.28 -3626.28
-3540.58 -3540.58
-3442.99 -3442.99
-3545.52 -3442.99
-3344.13 -3344.13
-3493.61 -3344.13
-3349.01 -3344.13
-3551.59 -3344.13
-3548.60 -3344.13
-3228.07 -3228.07
-3490.42 -3228.07
-3137.90 -3137.90
-3214.76 -3137.90
-3056.45 -3056.45
-3147.42 -3056.45
-3349.08 -3056.45
-2943.23 -2943.23
-2965.71 -2943.23
-2638.86 -2638.86
-2638.68 -2638.68
-2750.47 -2638.68
-2733.83 -2638.68
-2843.38 -2638.68
-2747.60 -2638.68
-2420.24 -2420.24
-2373.32 -2373.32
-2272.52 -2272.52
-2113.65 -2113.65
-2290.26 -2113.65
-2090.81 -2090.81
-1798.44 -1798.44
-1447.64 -1447.64
-1602.96 -1447.64
-1900.47 -1447.64
-1370.60 -1370.60
-1460.89 -1370.60
-1461.65 -1370.60
-1809.33 -1370.60
-1492.69 -1370.60
-1473.95 -1370.60
-1485.70 -1370.60
-1733.71 -1370.60
-1944.79 -1370.60
-1850.11 -1370.60
-1480.21 -1370.60
-1541.29 -1370.60
-1558.38 -1370.60
-1725.13 -1370.60
-1460.94 -1370.60
-1516.01 -1370.60
-1489.05 -1370.60
-1747.41 -1370.60
-1372.91 -1370.60
-1392.87 -1370.60
-1638.24 -1370.60
-1730.45 -1370.60
-1555.04 -1370.60
-1392.48 -1370.60
-1554.79 -1370.60
-1399.22 -1370.60
-1576.24 -1370.60
-1940.52 -1370.60
-1954.95 -1370.60
-1510.82 -1370.60
-1743.50 -1370.60
-2111.90 -1370.60
-1437.38 -1370.60
-2156.01 -1370.60
-1394.61 -1370.60
-1574.12 -1370.60
-1648.62 -1370.60
-1833.91 -1370.60
-2115.11 -1370.60
-1628.53 -1370.60
-1778.82 -1370.60
-1662.23 -1370.60
-1451.72 -1370.60
-1384.71 -1370.60
-1401.35 -1370.60
-2221.75 -1370.60
-1450.97 -1370.60
-1446.84 -1370.60
-1643.91 -1370.60
-1629.13 -1370.60
-1728.92 -1370.60
-1397.91 -1370.60
-1872.38 -1370.60
-1767.79 -1370.60
-2012.53 -1370.60
-1460.53 -1370.60
-1400.63 -1370.60
-1519.36 -1370.60
-1625.00 -1370.60
-2359.11 -1370.60
-1746.41 -1370.60
-1413.04 -1370.60
-1578.02 -1370.60
-1509.48 -1370.60
-1504.84 -1370.60
-1617.12 -1370.60
-1632.53 -1370.60
-1460.35 -1370.60
-1718.26 -1370.60
-1601.93 -1370.60
-2049.75 -1370.60
-1575.04 -1370.60
-2202.96 -1370.60
-1372.75 -1370.60
-1547.51 -1370.60
-2196.16 -1370.60
-1461.16 -1370.60
-1833.02 -1370.60
-1392.31 -1370.60
-2263.98 -1370.60
-1740.02 -1370.60
-1650.51 -1370.60
-1702.67 -1370.60
-1394.61 -1370.60
-1377.80 -1370.60
-1414.72 -1370.60
-2302.68 -1370.60
-1477.00 -1370.60
-2037.88 -1370.60
-1386.92 -1370.60
-1949.61 -1370.60
-1934.15 -1370.60
-1638.31 -1370.60
-1552.39 -1370.60
-1370.90 -1370.90
-1652.72 -1370.90
-1828.67 -1370.90
-1372.47 -1370.90
-1417.38 -1370.90
-1631.87 -1370.90
-1584.16 -1370.90
-1644.23 -1370.90
-1499.75 -1370.90
-1450.88 -1370.90
-1407.12 -1370.90
-1711.58 -1370.90
-1373.33 -1370.90
-1727.16 -1370.90
-1750.58 -1370.90
-1515.53 -1370.90
-2264.61 -1370.90
-1464.78 -1370.90
-1455.25 -1370.90
-2050.04 -1370.90
-1671.88 -1370.90
-1457.94 -1370.90
-1416.96 -1370.90
-1724.31 -1370.90
-1394.38 -1370.90
-1370.91 -1370.91
-1774.30 -1370.91
-1411.10 -1370.91
-1551.26 -1370.91
-1424.16 -1370.91
-1921.66 -1370.91
-1414.05 -1370.91
-1598.50 -1370.91
-1463.60 -1370.91
-1371.14 -1371.14
-1770.23 -1371.14
-1826.26 -1371.14
-1420.79 -1371.14
-1393.31 -1371.14
-1507.95 -1371.14
-1927.83 -1371.14
-1401.82 -1371.14
-1372.52 -1371.14
-2162.30 -1371.14
-1635.10 -1371.14
-1755.96 -1371.14
-1733.33 -1371.14
-1629.77 -1371.14
-1636.91 -1371.14
-1953.18 -1371.14
-1722.64 -1371.14
-1727.75 -1371.14
-1645.73 -1371.14
-1596.27 -1371.14
-1464.13 -1371.14
-1477.54 -1371.14
-1487.48 -1371.14
-1955.13 -1371.14
-1620.93 -1371.14
-1625.32 -1371.14
-1390.06 -1371.14
-1509.85 -1371.14
-1635.15 -1371.14
-1567.15 -1371.14
-1574.43 -1371.14
-1580.23 -1371.14
-1565.03 -1371.14
-1423.83 -1371.14
-1562.74 -1371.14
-1720.66 -1371.14
-1950.32 -1371.14
-1658.01 -1371.14
-1597.55 -1371.14
-2003.08 -1371.14
-1707.73 -1371.14
-1943.94 -1371.14
-1853.21 -1371.14
-1491.74 -1371.14
-1472.13 -1371.14
-1572.83 -1371.14
-1414.65 -1371.14
-2345.93 -1371.14
-1949.68 -1371.14
-1808.88 -1371.14
-1402.45 -1371.14
-1730.84 -1371.14
-1460.96 -1371.14
-1428.88 -1371.14
-1640.14 -1371.14
-1570.74 -1371.14
-1571.18 -1371.14
-1528.93 -1371.14
-1972.32 -1371.14
-1915.14 -1371.14
-1716.00 -1371.14
-1698.64 -1371.14
-1825.33 -1371.14
-1380.43 -1371.14
-1914.35 -1371.14
-1859.18 -1371.14
-1943.53 -1371.14
-1548.11 -1371.14
-1460.69 -1371.14
-1606.37 -1371.14
-1753.84 -1371.14
-1396.93 -1371.14
-1398.59 -1371.14
-1543.09 -1371.14
-1370.84 -1370.84
-1577.38 -1370.84
-1483.58 -1370.84
-2197.89 -1370.84
-1730.58 -1370.84
-1582.29 -1370.84
-1387.76 -1370.84
-1387.36 -1370.84
-1598.05 -1370.84
-1452.13 -1370.84
-1567.21 -1370.84
-1743.62 -1370.84
-1465.00 -1370.84
-2169.36 -1370.84
-1513.98 -1370.84
-1463.83 -1370.84
-2038.21 -1370.84
-1948.66 -1370.84
-1453.20 -1370.84
-1371.96 -1371.96
-1462.61 -1371.96
-1775.50 -1371.96
-1393.76 -1371.96
-1647.66 -1371.96
-1723.51 -1371.96
-1425.28 -1371.96
-1862.00 -1371.96
-1568.04 -1371.96
-1416.29 -1371.96
-1561.17 -1371.96
-1633.97 -1371.96
-1773.08 -1371.96
-1447.75 -1371.96
-1708.00 -1371.96
-1558.13 -1371.96
-1549.64 -1371.96
-1440.49 -1371.96
-1558.44 -1371.96
-1398.87 -1371.96
-1447.22 -1371.96
-1487.43 -1371.96
-1730.19 -1371.96
-1699.12 -1371.96
-1698.32 -1371.96
-1569.22 -1371.96
-1391.71 -1371.96
-1741.48 -1371.96
-1551.49 -1371.96
-1630.09 -1371.96
-1922.03 -1371.96
-1459.42 -1371.96
-1653.28 -1371.96
-1499.75 -1371.96
-1379.95 -1371.96
-1916.90 -1371.96
-1453.39 -1371.96
-1669.97 -1371.96
-1705.01 -1371.96
-1642.02 -1371.96
-1557.25 -1371.96
-1399.89 -1371.96
-1649.62 -1371.96
-1448.80 -1371.96
-1569.33 -1371.96
-1389.71 -1371.96
-1383.08 -1371.96
-1827.43 -1371.96
-1392.32 -1371.96
-1643.42 -1371.96
-1388.13 -1371.96
-1903.52 -1371.96
-1572.52 -1371.96
-1527.27 -1371.96
-1511.16 -1371.96
-1854.13 -1371.96
-1731.22 -1371.96
-1638.05 -1371.96
-1397.58 -1371.96
-1713.53 -1371.96
-1722.87 -1371.96
-1629.37 -1371.96
-1478.04 -1371.96
-1647.17 -1371.96
-2339.78 -1371.96
-2185.02 -1371.96
-1714.39 -1371.96
-1720.23 -1371.96
-1743.64 -1371.96
-1469.82 -1371.96
-1452.42 -1371.96
-1487.96 -1371.96
-1633.08 -1371.96
-1396.21 -1371.96
-2013.29 -1371.96
-1509.91 -1371.96
-1568.43 -1371.96
-1605.85 -1371.96
-1563.42 -1371.96
-1446.94 -1371.96
-1702.78 -1371.96
-1398.61 -1371.96
-1541.13 -1371.96
-1586.30 -1371.96
-1393.51 -1371.96
-1386.46 -1371.96
-1401.35 -1371.96
-1633.83 -1371.96
-1393.28 -1371.96
-1737.07 -1371.96
-1389.59 -1371.96
-1565.57 -1371.96
-1648.20 -1371.96
-1634.84 -1371.96
-1814.48 -1371.96
-1415.12 -1371.96
-1393.28 -1371.96
-1402.61 -1371.96
-1393.56 -1371.96
-1614.98 -1371.96
-1638.02 -1371.96
-1389.47 -1371.96
-1402.10 -1371.96
-1422.81 -1371.96
-1581.11 -1371.96
-1370.92 -1370.92
-1551.48 -1370.92
-1667.94 -1370.92
-1609.47 -1370.92
-1392.23 -1370.92
-1553.02 -1370.92
-1393.81 -1370.92
-1637.01 -1370.92
-1643.22 -1370.92
-1813.38 -1370.92
-1395.33 -1370.92
-1759.36 -1370.92
-2162.57 -1370.92
-1557.05 -1370.92
-1395.33 -1370.92
-1566.97 -1370.92
-1731.26 -1370.92
-1647.87 -1370.92
-1529.76 -1370.92
-1373.36 -1370.92
-1731.39 -1370.92
-1729.20 -1370.92
-2040.32 -1370.92
-1815.44 -1370.92
-1514.45 -1370.92
-2054.26 -1370.92
-1393.01 -1370.92
-1384.53 -1370.92
-4272.24 -4272.24
-4287.74 -4272.24
-4275.83 -4272.24
-4284.78 -4272.24
-4294.16 -4272.24
-4268.19 -4268.19
-4239.54 -4239.54
-4211.74 -4211.74
-4218.47 -4211.74
-4288.20 -4211.74
-4203.07 -4203.07
-4140.82 -4140.82
-4185.37 -4140.82
-4125.80 -4125.80
-4098.33 -4098.33
-4146.99 -4098.33
-4164.58 -4098.33
-4064.16 -4064.16
-4026.92 -4026.92
-3985.26 -3985.26
-3984.29 -3984.29
-4088.93 -3984.29
-4025.69 -3984.29
-3995.55 -3984.29
-3859.49 -3859.49
-3858.68 -3858.68
-3793.57 -3793.57
-3901.78 -3793.57
-3899.62 -3793.57
-3761.21 -3761.21
-3796.50 -3761.21
-3781.23 -3761.21
-3739.20 -3739.20
-3801.83 -3739.20
-3744.59 -3739.20
-3756.26 -3739.20
-3685.58 -3685.58
-3701.27 -3685.58
-3770.66 -3685.58
-3723.84 -3685.58
-3673.75 -3673.75
-3737.52 -3673.75
-3562.61 -3562.61
-3591.83 -3562.61
-3585.59 -3562.61
-3422.23 -3422.23
-3467.35 -3422.23
-3497.56 -3422.23
-3388.68 -3388.68
-3286.12 -3286.12
-3348.37 -3286.12
-3250.09 -3250.09
-3351.77 -3250.09
-3064.76 -3064.76
-3127.52 -3064.76
-2942.53 -2942.53
-3061.67 -2942.53
-3022.38 -2942.53
-2964.72 -2942.53
-2948.48 -2942.53
-3269.24 -2942.53
-2557.14 -2557.14
-2928.52 -2557.14
-2277.52 -2277.52
-2446.71 -2277.52
-2268.52 -2268.52
-1734.69 -1734.69
-1647.36 -1647.36
-2115.10 -1647.36
-1632.22 -1632.22
-1946.40 -1632.22
-1371.20 -1371.20
-1408.96 -1371.20
-1600.75 -1371.20
-1406.24 -1371.20
-1502.91 -1371.20
-1941.20 -1371.20
-1483.58 -1371.20
-1479.22 -1371.20
-1397.69 -1371.20
-1633.82 -1371.20
-1463.00 -1371.20
-1512.81 -1371.20
-1717.54 -1371.20
-1415.53 -1371.20
-1385.17 -1371.20
-1531.06 -1371.20
-1627.42 -1371.20
-2266.09 -1371.20
-1389.60 -1371.20
-1747.15 -1371.20
-1856.74 -1371.20
-1455.69 -1371.20
-2105.84 -1371.20
-1572.99 -1371.20
-1449.95 -1371.20
-1569.16 -1371.20
-1900.30 -1371.20
-1401.55 -1371.20
-1759.44 -1371.20
-1517.18 -1371.20
-1650.38 -1371.20
-1632.58 -1371.20
-1629.55 -1371.20
-1976.67 -1371.20
-1725.22 -1371.20
-1951.30 -1371.20
-1371.37 -1371.37
-1604.92 -1371.37
-1551.42 -1371.37
-1499.92 -1371.37
-1914.15 -1371.37
-1935.58 -1371.37
-1370.32 -1370.32
-1729.35 -1370.32
-1752.34 -1370.32
-1662.45 -1370.32
-1862.39 -1370.32
-1837.02 -1370.32
-1383.39 -1370.32
-1648.07 -1370.32
-1394.64 -1370.32
-1560.36 -1370.32
-1634.71 -1370.32
-1424.25 -1370.32
-1518.65 -1370.32
-1475.97 -1370.32
-1441.28 -1370.32
-1763.95 -1370.32
-1875.63 -1370.32
-1457.36 -1370.32
-2351.46 -1370.32
-1460.36 -1370.32
-2103.13 -1370.32
-2014.42 -1370.32
-1409.99 -1370.32
-2316.03 -1370.32
-1836.62 -1370.32
-1608.49 -1370.32
-1450.76 -1370.32
-1402.19 -1370.32
-1632.75 -1370.32
-1498.39 -1370.32
-1628.90 -1370.32
-1407.63 -1370.32
-1460.30 -1370.32
-1452.54 -1370.32
-1378.36 -1370.32
-1849.38 -1370.32
-2118.57 -1370.32
-1458.52 -1370.32
-1393.72 -1370.32
-1637.34 -1370.32
-1499.73 -1370.32
-1756.25 -1370.32
-1795.60 -1370.32
-1580.36 -1370.32
-2382.33 -1370.32
-1512.36 -1370.32
-1565.47 -1370.32
-1724.75 -1370.32
-1753.73 -1370.32
-1569.34 -1370.32
-1568.85 -1370.32
-1944.99 -1370.32
-1542.78 -1370.32
-1815.02 -1370.32
-1734.38 -1370.32
-2106.94 -1370.32
-1714.85 -1370.32
-2299.61 -1370.32
-1549.93 -1370.32
-1486.68 -1370.32
-1654.50 -1370.32
-1891.78 -1370.32
-1704.20 -1370.32
-1452.72 -1370.32
-2000.57 -1370.32
-1590.01 -1370.32
-1446.57 -1370.32
-1734.13 -1370.32
-1415.11 -1370.32
-1423.62 -1370.32
-1722.56 -1370.32
-1406.37 -1370.32
-1845.31 -1370.32
-1409.85 -1370.32
-2013.83 -1370.32
-1716.54 -1370.32
-1390.99 -1370.32
-1506.44 -1370.32
-1390.05 -1370.32
-1629.91 -1370.32
-1554.46 -1370.32
-1566.77 -1370.32
-1414.96 -1370.32
-1448.76 -1370.32
-2289.02 -1370.32
-1505.49 -1370.32
-1719.01 -1370.32
-1509.28 -1370.32
-1645.71 -1370.32
-1663.90 -1370.32
-1646.09 -1370.32
-1565.89 -1370.32
-1812.07 -1370.32
-1380.39 -1370.32
-1526.82 -1370.32
-1453.54 -1370.32
-1714.29 -1370.32
-1733.58 -1370.32
-1633.29 -1370.32
-1719.01 -1370.32
-1557.32 -1370.32
-2027.04 -1370.32
-1388.14 -1370.32
-2351.92 -1370.32
-1420.92 -1370.32
-2413.77 -1370.32
-1588.27 -1370.32
-2116.80 -1370.32
-1397.08 -1370.32
-1453.74 -1370.32
-1713.63 -1370.32
-2298.70 -1370.32
-1577.66 -1370.32
-1393.78 -1370.32
-1580.01 -1370.32
-1488.73 -1370.32
-1466.50 -1370.32
-1418.52 -1370.32
-1600.39 -1370.32
-1511.55 -1370.32
-1550.89 -1370.32
-1372.45 -1370.32
-2184.34 -1370.32
-1765.27 -1370.32
-1551.63 -1370.32
-1396.90 -1370.32
-1671.10 -1370.32
-1384.51 -1370.32
-1570.48 -1370.32
-2361.37 -1370.32
-1753.80 -1370.32
-1732.12 -1370.32
-1551.53 -1370.32
-1796.10 -1370.32
-1587.14 -1370.32
-1644.79 -1370.32
-1408.36 -1370.32
-1803.72 -1370.32
-2056.11 -1370.32
-1650.34 -1370.32
-1738.69 -1370.32
-1756.92 -1370.32
-1420.76 -1370.32
-1607.82 -1370.32
-1588.39 -1370.32
-1943.53 -1370.32
-1401.30 -1370.32
-1465.44 -1370.32
-1370.81 -1370.81
-1649.53 -1370.81
-1378.41 -1370.81
-1551.21 -1370.81
-1953.32 -1370.81
-1620.29 -1370.81
-2115.29 -1370.81
-1468.20 -1370.81
-1463.97 -1370.81
-1634.09 -1370.81
-1561.21 -1370.81
-1737.59 -1370.81
-1557.41 -1370.81
-1378.32 -1370.81
-1461.19 -1370.81
-1562.94 -1370.81
-1728.35 -1370.81
-1629.33 -1370.81
-1747.82 -1370.81
-2008.01 -1370.81
-1477.67 -1370.81
-1712.89 -1370.81
-2235.00 -1370.81
-1508.04 -1370.81
-1577.78 -1370.81
-1386.64 -1370.81
-1705.88 -1370.81
-2135.82 -1370.81
-1549.38 -1370.81
-1472.42 -1370.81
-1394.18 -1370.81
-1737.95 -1370.81
-1814.23 -1370.81
-1909.33 -1370.81
-1826.64 -1370.81
-1884.55 -1370.81
-1481.15 -1370.81
-1734.07 -1370.81
-1844.71 -1370.81
-1650.89 -1370.81
-1638.05 -1370.81
-1389.19 -1370.81
-1747.87 -1370.81
-1565.79 -1370.81
-1703.23 -1370.81
-1641.37 -1370.81
-1714.42 -1370.81
-1519.43 -1370.81
-1540.83 -1370.81
-1825.58 -1370.81
-1631.28 -1370.81
-1709.84 -1370.81
-1745.62 -1370.81
-1831.83 -1370.81
-1461.81 -1370.81
-1656.81 -1370.81
-1396.71 -1370.81
-1715.02 -1370.81
-1724.89 -1370.81
-1372.50 -1370.81
-1847.21 -1370.81
-1972.54 -1370.81
-1507.36 -1370.81
-1551.49 -1370.81
-1429.01 -1370.81
-1396.20 -1370.81
-1628.18 -1370.81
-1458.36 -1370.81
-1462.94 -1370.81
-1616.72 -1370.81
-1640.22 -1370.81
-1505.19 -1370.81
-1641.05 -1370.81
-1633.48 -1370.81
-1918.56 -1370.81
-1731.72 -1370.81
-1812.45 -1370.81
-1389.44 -1370.81
-1909.71 -1370.81
-2368.30 -1370.81
-1460.95 -1370.81
-2108.38 -1370.81
-2049.27 -1370.81
-1645.62 -1370.81
-1448.50 -1370.81
-1956.00 -1370.81
-2112.72 -1370.81
-1409.16 -1370.81
-1406.50 -1370.81
-1740.61 -1370.81
-1953.59 -1370.81
-1452.68 -1370.81
-1370.63 -1370.63
-1452.04 -1370.63
-1635.20 -1370.63
-1470.30 -1370.63
-1393.53 -1370.63
-1734.71 -1370.63
-1567.50 -1370.63
-1806.67 -1370.63
-1739.34 -1370.63
-1858.65 -1370.63
-1568.56 -1370.63
-1417.20 -1370.63
-1414.82 -1370.63
-1482.55 -1370.63
-1453.04 -1370.63
-1629.60 -1370.63
-1385.26 -1370.63
-1866.07 -1370.63
-1847.77 -1370.63
-1640.11 -1370.63
-1643.34 -1370.63
-1608.35 -1370.63
-1665.92 -1370.63
-1402.56 -1370.63
-1392.66 -1370.63
-1449.37 -1370.63
-1404.99 -1370.63
-2292.00 -1370.63
-1461.80 -1370.63
-2226.07 -1370.63
-1879.25 -1370.63
-1772.54 -1370.63
-1449.79 -1370.63
-1381.77 -1370.63
-1528.11 -1370.63
-1400.15 -1370.63
-1699.48 -1370.63
-1980.83 -1370.63
-1417.31 -1370.63
-1870.63 -1370.63
-1851.16 -1370.63
-2115.83 -1370.63
-1589.22 -1370.63
-1620.79 -1370.63
-1452.03 -1370.63
-2266.85 -1370.63
-1370.53 -1370.53
-1970.79 -1370.53
-1393.11 -1370.53
-1508.63 -1370.53
-1910.33 -1370.53
-1393.05 -1370.53
-1767.41 -1370.53
-1574.96 -1370.53
-1740.92 -1370.53
-1403.20 -1370.53
-1420.37 -1370.53
-1868.04 -1370.53
-1633.77 -1370.53
-1800.42 -1370.53
-1551.94 -1370.53
-1615.46 -1370.53
-1370.92 -1370.92
-4200.43 -4200.43
-4264.01 -4200.43
-4064.00 -4064.00
-4166.71 -4064.00
-3969.25 -3969.25
-3889.96 -3889.96
-3993.27 -3889.96
-3715.50 -3715.50
-3651.91 -3651.91
-3775.39 -3651.91
-3618.23 -3618.23
-3644.79 -3618.23
-3646.79 -3618.23
-3617.15 -3617.15
-3523.26 -3523.26
-3615.59 -3523.26
-3652.82 -3523.26
-3381.99 -3381.99
-3324.16 -3324.16
-3314.01 -3314.01
-3262.74 -3262.74
-3348.69 -3262.74
-3393.59 -3262.74
-3403.54 -3262.74
-3176.97 -3176.97
-3352.06 -3176.97
-2975.39 -2975.39
-2888.35 -2888.35
-2829.85 -2829.85
-2851.51 -2829.85
-2608.93 -2608.93
-3027.31 -2608.93
-2747.16 -2608.93
-2213.04 -2213.04
-2702.07 -2213.04
-2006.22 -2006.22
-1618.59 -1618.59
-1848.09 -1618.59
-1603.06 -1603.06
-1708.18 -1603.06
-1644.87 -1603.06
-1931.51 -1603.06
-1762.00 -1603.06
-1373.16 -1373.16
-1804.59 -1373.16
-1808.48 -1373.16
-1461.43 -1373.16
-1725.53 -1373.16
-1813.63 -1373.16
-1618.85 -1373.16
-1832.42 -1373.16
-1409.51 -1373.16
-1950.55 -1373.16
-1392.86 -1373.16
-1454.19 -1373.16
-1506.08 -1373.16
-1816.76 -1373.16
-1371.14 -1371.14
-1521.46 -1371.14
-1744.16 -1371.14
-1930.09 -1371.14
-1475.62 -1371.14
-1755.60 -1371.14
-1373.72 -1371.14
-1393.30 -1371.14
-1453.78 -1371.14
-1639.90 -1371.14
-1452.28 -1371.14
-1707.47 -1371.14
-1743.36 -1371.14
-1611.06 -1371.14
-1597.61 -1371.14
-1542.09 -1371.14
-1391.97 -1371.14
-1468.03 -1371.14
-1551.56 -1371.14
-1571.37 -1371.14
-2190.10 -1371.14
-1724.98 -1371.14
-1470.16 -1371.14
-1723.08 -1371.14
-1469.24 -1371.14
-1567.13 -1371.14
-1721.77 -1371.14
-1550.89 -1371.14
-1447.89 -1371.14
-1629.30 -1371.14
-1644.95 -1371.14
-2018.34 -1371.14
-1724.27 -1371.14
-1393.30 -1371.14
-1767.95 -1371.14
-1393.53 -1371.14
-1507.61 -1371.14
-1528.85 -1371.14
-1491.66 -1371.14
-1636.00 -1371.14
-1755.45 -1371.14
-1447.76 -1371.14
-1509.13 -1371.14
-1467.68 -1371.14
-2330.05 -1371.14
-1377.79 -1371.14
-1542.04 -1371.14
-1569.98 -1371.14
-1393.02 -1371.14
-1572.71 -1371.14
-1508.63 -1371.14
-1404.07 -1371.14
-1649.41 -1371.14
-1630.89 -1371.14
-1392.69 -1371.14
-1423.22 -1371.14
-1734.91 -1371.14
-1400.23 -1371.14
-1696.57 -1371.14
-1714.80 -1371.14
-1579.91 -1371.14
-1391.81 -1371.14
-1562.87 -1371.14
-1379.62 -1371.14
-1629.51 -1371.14
-1370.51 -1370.51
-1377.75 -1370.51
-1455.09 -1370.51
-1577.73 -1370.51
-1405.61 -1370.51
-1479.73 -1370.51
-1903.81 -1370.51
-1373.53 -1370.51
-1421.43 -1370.51
-1501.07 -1370.51
-1528.74 -1370.51
-1735.05 -1370.51
-1509.10 -1370.51
-1399.23 -1370.51
-1477.53 -1370.51
-1487.44 -1370.51
-1425.18 -1370.51
-1477.48 -1370.51
-1507.04 -1370.51
-1650.54 -1370.51
-2299.01 -1370.51
-1400.66 -1370.51
-1396.79 -1370.51
-1419.44 -1370.51
-1393.97 -1370.51
-1390.35 -1370.51
-1458.98 -1370.51
-1984.46 -1370.51
-1572.26 -1370.51
-1455.32 -1370.51
-1413.19 -1370.51
-1389.95 -1370.51
-1760.91 -1370.51
-1925.12 -1370.51
-1372.87 -1370.51
-2128.28 -1370.51
-2052.61 -1370.51
-1648.71 -1370.51
-1403.24 -1370.51
-1559.59 -1370.51
-1476.29 -1370.51
-1388.12 -1370.51
-1634.89 -1370.51
-1615.51 -1370.51
-1389.14 -1370.51
-1428.75 -1370.51
-1454.64 -1370.51
-1628.81 -1370.51
-1825.72 -1370.51
-1552.93 -1370.51
-1403.53 -1370.51
-1495.39 -1370.51
-1394.73 -1370.51
-1370.33 -1370.33
-1548.57 -1370.33
-1460.60 -1370.33
-1460.68 -1370.33
-1637.74 -1370.33
-1453.50 -1370.33
-1398.38 -1370.33
-1403.97 -1370.33
-1388.68 -1370.33
-1387.89 -1370.33
-1868.83 -1370.33
-1551.71 -1370.33
-1410.12 -1370.33
-1974.65 -1370.33
-1866.85 -1370.33
-1780.20 -1370.33
-1399.65 -1370.33
-1892.76 -1370.33
-1405.84 -1370.33
-1772.09 -1370.33
-1885.60 -1370.33
-1570.16 -1370.33
-1468.67 -1370.33
-1445.09 -1370.33
-1409.68 -1370.33
-1880.32 -1370.33
-1528.13 -1370.33
-1458.88 -1370.33
-1446.49 -1370.33
-1633.06 -1370.33
-1556.62 -1370.33
-1976.38 -1370.33
-1744.00 -1370.33
-1818.16 -1370.33
-1565.02 -1370.33
-1832.44 -1370.33
-1741.90 -1370.33
-1494.76 -1370.33
-2140.77 -1370.33
-1645.51 -1370.33
-1717.07 -1370.33
-1571.20 -1370.33
-1423.20 -1370.33
-1575.69 -1370.33
-1725.91 -1370.33
-1724.55 -1370.33
-1448.93 -1370.33
-1605.13 -1370.33
-1666.60 -1370.33
-1813.33 -1370.33
-1547.35 -1370.33
-1581.01 -1370.33
-1624.44 -1370.33
-1751.26 -1370.33
-1707.39 -1370.33
-1392.76 -1370.33
-1513.86 -1370.33
-1504.70 -1370.33
-1457.84 -1370.33
-1769.25 -1370.33
-1370.67 -1370.33
-1455.17 -1370.33
-1647.86 -1370.33
-1469.29 -1370.33
-1638.23 -1370.33
-1413.51 -1370.33
-1370.68 -1370.68
-1572.48 -1370.68
-1817.60 -1370.68
-1820.26 -1370.68
-1732.39 -1370.68
-1728.78 -1370.68
-1565.41 -1370.68
-1735.26 -1370.68
-1461.82 -1370.68
-1568.78 -1370.68
-1448.08 -1370.68
-1451.57 -1370.68
-1382.53 -1370.68
-1843.39 -1370.68
-1903.12 -1370.68
-1383.96 -1370.68
-1830.17 -1370.68
-2186.79 -1370.68
-1405.83 -1370.68
-1648.48 -1370.68
-2001.21 -1370.68
-1570.84 -1370.68
-2169.03 -1370.68
-2103.34 -1370.68
-1874.42 -1370.68
-1453.19 -1370.68
-1642.26 -1370.68
-1373.69 -1370.68
-1603.38 -1370.68
-1502.41 -1370.68
-1639.16 -1370.68
-2196.85 -1370.68
-1637.53 -1370.68
-1867.43 -1370.68
-1629.70 -1370.68
-1999.15 -1370.68
-1459.39 -1370.68
-1721.26 -1370.68
-1642.18 -1370.68
-1758.00 -1370.68
-1640.31 -1370.68
-1975.62 -1370.68
-1920.27 -1370.68
-1446.04 -1370.68
-1698.54 -1370.68
-1399.90 -1370.68
-1382.72 -1370.68
-2257.51 -1370.68
-1631.25 -1370.68
-1550.73 -1370.68
-1448.68 -1370.68
-1755.41 -1370.68
-1377.69 -1370.68
-1423.41 -1370.68
-1739.09 -1370.68
-1516.86 -1370.68
-1664.09 -1370.68
-1825.62 -1370.68
-1998.37 -1370.68
-1741.27 -1370.68
-1585.10 -1370.68
-1394.11 -1370.68
-1461.01 -1370.68
-1718.43 -1370.68
-1382.81 -1370.68
-1389.79 -1370.68
-1633.13 -1370.68
-1632.95 -1370.68
-1568.12 -1370.68
-1384.68 -1370.68
-1993.55 -1370.68
-1451.05 -1370.68
-1554.34 -1370.68
-1731.40 -1370.68
-1400.18 -1370.68
-1571.06 -1370.68
-1416.35 -1370.68
-1774.99 -1370.68
-1399.50 -1370.68
-1547.30 -1370.68
-1576.29 -1370.68
-1734.30 -1370.68
-1384.96 -1370.68
-1716.40 -1370.68
-1671.41 -1370.68
-1400.92 -1370.68
-1586.26 -1370.68
-1420.98 -1370.68
-1378.36 -1370.68
-1638.05 -1370.68
-1385.96 -1370.68
-1551.44 -1370.68
-1378.45 -1370.68
-1459.36 -1370.68
-1777.10 -1370.68
-1763.02 -1370.68
-2086.42 -1370.68
-2290.17 -1370.68
-1370.33 -1370.33
-1641.39 -1370.33
-1669.76 -1370.33
-1853.13 -1370.33
-2240.36 -1370.33
-1399.33 -1370.33
-1806.48 -1370.33
-1428.99 -1370.33
-1370.94 -1370.94
-1528.18 -1370.94
-1447.67 -1370.94
-1398.95 -1370.94
-1968.84 -1370.94
-1760.77 -1370.94
-1644.11 -1370.94
-2030.32 -1370.94
-1515.44 -1370.94
-1391.59 -1370.94
-1731.17 -1370.94
-1944.96 -1370.94
-1370.68 -1370.68
-1410.80 -1370.68
-1508.90 -1370.68
-1508.09 -1370.68
-1737.80 -1370.68
-1849.75 -1370.68
-1486.39 -1370.68
-1724.02 -1370.68
-1580.63 -1370.68
-1397.16 -1370.68
-2403.91 -1370.68
-1836.89 -1370.68
-1370.76 -1370.76
-1372.50 -1370.76
-1392.69 -1370.76
-1391.94 -1370.76
-1570.67 -1370.76
-1917.68 -1370.76
-1978.31 -1370.76
-1393.08 -1370.76
-1415.09 -1370.76
-1460.82 -1370.76
-1988.85 -1370.76
-1954.99 -1370.76
-1647.13 -1370.76
-1646.72 -1370.76
-1396.64 -1370.76
-1406.24 -1370.76
-1553.24 -1370.76
-1370.93 -1370.93
-1566.67 -1370.93
-1514.62 -1370.93
-1667.50 -1370.93
-1508.22 -1370.93
-1447.34 -1370.93
-1987.48 -1370.93
-1390.96 -1370.93
-1394.83 -1370.93
-1372.02 -1372.02
-1949.04 -1372.02
-1805.34 -1372.02
-1478.64 -1372.02
-1998.21 -1372.02
-1481.16 -1372.02
-1472.09 -1372.02
-1927.92 -1372.02
-1643.37 -1372.02
-2116.07 -1372.02
-1372.63 -1372.63
-1630.91 -1372.63
-1404.03 -1372.63
-1623.31 -1372.63
-1428.79 -1372.63
-1370.33 -1370.33
-1731.69 -1370.33
-1409.62 -1370.33
-1475.61 -1370.33
-4320.54 -1370.33
-4325.68 -1370.33
-4344.00 -1370.33
-4334.84 -1370.33
