-10000.00 -10000.00
-1997.19 -1997.19
-2020.23 -1997.19
-1991.27 -1991.27
-1936.99 -1936.99
-1920.95 -1920.95
-1996.96 -1920.95
-1951.08 -1920.95
-1918.34 -1918.34
-1930.51 -1918.34
-1921.34 -1918.34
-1917.73 -1917.73
-1892.90 -1892.90
-1876.24 -1876.24
-1871.55 -1871.55
-1819.65 -1819.65
-1755.93 -1755.93
-1802.45 -1755.93
-1824.68 -1755.93
-1717.46 -1717.46
-1757.81 -1717.46
-1696.05 -1696.05
-1756.29 -1696.05
-1708.46 -1696.05
-1678.56 -1678.56
-1656.63 -1656.63
-1633.06 -1633.06
-1498.10 -1498.10
-1563.79 -1498.10
-1419.44 -1419.44
-1410.47 -1410.47
-1341.80 -1341.80
-1309.04 -1309.04
-1147.81 -1147.81
-1303.02 -1147.81
-1211.20 -1147.81
-1131.13 -1131.13
-1278.79 -1131.13
-884.65 -884.65
-665.48 -665.48
-753.98 -665.48
-664.77 -664.77
-795.10 -664.77
-826.87 -664.77
-923.48 -664.77
-693.91 -664.77
-783.07 -664.77
-679.91 -664.77
-848.00 -664.77
-865.66 -664.77
-693.69 -664.77
-654.65 -654.65
-767.03 -654.65
-712.99 -654.65
-780.81 -654.65
-786.13 -654.65
-665.43 -654.65
-783.86 -654.65
-759.31 -654.65
-658.00 -654.65
-782.20 -654.65
-930.13 -654.65
-1006.38 -654.65
-710.22 -654.65
-830.98 -654.65
-677.99 -654.65
-668.90 -654.65
-723.21 -654.65
-661.16 -654.65
-743.97 -654.65
-694.15 -654.65
-675.62 -654.65
-820.21 -654.65
-889.45 -654.65
-793.43 -654.65
-918.02 -654.65
-665.81 -654.65
-665.54 -654.65
-1010.99 -654.65
-710.98 -654.65
-883.90 -654.65
-740.50 -654.65
-897.84 -654.65
-694.41 -654.65
-779.09 -654.65
-693.78 -654.65
-749.44 -654.65
-702.54 -654.65
-934.11 -654.65
-820.33 -654.65
-764.97 -654.65
-872.53 -654.65
-655.35 -655.35
-964.55 -655.35
-1111.85 -655.35
-1014.89 -655.35
-671.26 -655.35
-790.55 -655.35
-993.62 -655.35
-1004.26 -655.35
-784.00 -655.35
-655.66 -655.66
-764.84 -655.66
-973.72 -655.66
-745.83 -655.66
-724.24 -655.66
-787.27 -655.66
-729.79 -655.66
-781.13 -655.66
-698.82 -655.66
-917.34 -655.66
-670.52 -655.66
-814.65 -655.66
-668.85 -655.66
-814.43 -655.66
-691.79 -655.66
-718.77 -655.66
-754.26 -655.66
-658.06 -655.66
-845.35 -655.66
-691.20 -655.66
-831.38 -655.66
-708.91 -655.66
-712.54 -655.66
-663.95 -655.66
-900.01 -655.66
-846.40 -655.66
-775.66 -655.66
-758.98 -655.66
-691.36 -655.66
-880.60 -655.66
-1006.53 -655.66
-697.33 -655.66
-740.87 -655.66
-1053.50 -655.66
-768.49 -655.66
-891.05 -655.66
-969.39 -655.66
-723.37 -655.66
-673.38 -655.66
-665.77 -655.66
-789.82 -655.66
-866.32 -655.66
-718.66 -655.66
-662.35 -655.66
-665.79 -655.66
-724.52 -655.66
-779.77 -655.66
-692.81 -655.66
-660.45 -655.66
-665.15 -655.66
-666.67 -655.66
-901.04 -655.66
-787.19 -655.66
-789.23 -655.66
-658.06 -658.06
-777.38 -658.06
-747.27 -658.06
-775.77 -658.06
-701.72 -658.06
-778.27 -658.06
-700.04 -658.06
-664.66 -658.06
-664.08 -658.06
-699.15 -658.06
-666.61 -658.06
-743.54 -658.06
-755.21 -658.06
-795.87 -658.06
-864.37 -658.06
-665.61 -658.06
-665.87 -658.06
-865.51 -658.06
-697.69 -658.06
-665.71 -658.06
-786.15 -658.06
-924.57 -658.06
-815.87 -658.06
-706.67 -658.06
-745.50 -658.06
-892.29 -658.06
-1011.28 -658.06
-888.56 -658.06
-873.02 -658.06
-669.07 -658.06
-667.20 -658.06
-829.15 -658.06
-755.48 -658.06
-831.16 -658.06
-750.03 -658.06
-751.12 -658.06
-670.39 -658.06
-783.25 -658.06
-781.60 -658.06
-748.63 -658.06
-691.64 -658.06
-782.92 -658.06
-789.86 -658.06
-699.98 -658.06
-922.71 -658.06
-691.94 -658.06
-766.65 -658.06
-723.83 -658.06
-690.29 -658.06
-720.26 -658.06
-697.65 -658.06
-1015.33 -658.06
-781.38 -658.06
-811.45 -658.06
-752.86 -658.06
-677.90 -658.06
-869.64 -658.06
-736.60 -658.06
-787.35 -658.06
-706.32 -658.06
-837.04 -658.06
-654.79 -654.79
-692.57 -654.79
-688.52 -654.79
-747.63 -654.79
-1042.06 -654.79
-742.08 -654.79
-820.38 -654.79
-667.75 -654.79
-858.53 -654.79
-818.60 -654.79
-826.10 -654.79
-850.85 -654.79
-813.45 -654.79
-674.20 -654.79
-825.51 -654.79
-736.43 -654.79
-1146.27 -654.79
-899.90 -654.79
-873.44 -654.79
-832.94 -654.79
-696.90 -654.79
-663.46 -654.79
-766.89 -654.79
-780.48 -654.79
-726.28 -654.79
-782.14 -654.79
-826.19 -654.79
-1142.17 -654.79
-755.21 -654.79
-659.02 -654.79
-795.42 -654.79
-858.81 -654.79
-1004.60 -654.79
-665.16 -654.79
-706.77 -654.79
-720.65 -654.79
-787.04 -654.79
-675.17 -654.79
-696.14 -654.79
-871.83 -654.79
-722.17 -654.79
-985.14 -654.79
-786.61 -654.79
-662.50 -654.79
-752.75 -654.79
-786.53 -654.79
-677.44 -654.79
-1009.23 -654.79
-797.43 -654.79
-701.10 -654.79
-835.69 -654.79
-775.84 -654.79
-987.16 -654.79
-830.52 -654.79
-659.04 -654.79
-680.87 -654.79
-787.84 -654.79
-983.29 -654.79
-775.26 -654.79
-756.59 -654.79
-787.52 -654.79
-669.52 -654.79
-708.82 -654.79
-701.82 -654.79
-952.05 -654.79
-813.14 -654.79
-690.18 -654.79
-663.91 -654.79
-781.13 -654.79
-906.91 -654.79
-696.98 -654.79
-693.66 -654.79
-722.24 -654.79
-948.68 -654.79
-840.96 -654.79
-1084.52 -654.79
-754.38 -654.79
-661.99 -654.79
-777.62 -654.79
-665.47 -654.79
-654.64 -654.64
-677.12 -654.64
-668.10 -654.64
-654.57 -654.57
-1043.15 -654.57
-673.49 -654.57
-703.66 -654.57
-666.24 -654.57
-712.11 -654.57
-692.84 -654.57
-751.10 -654.57
-762.67 -654.57
-772.45 -654.57
-667.81 -654.57
-670.38 -654.57
-882.01 -654.57
-897.11 -654.57
-664.76 -654.57
-830.06 -654.57
-781.66 -654.57
-654.77 -654.77
-769.74 -654.77
-889.97 -654.77
-871.99 -654.77
-659.18 -654.77
-785.45 -654.77
-864.07 -654.77
-764.29 -654.77
-749.85 -654.77
-719.34 -654.77
-765.14 -654.77
-768.32 -654.77
-763.44 -654.77
-675.14 -654.77
-716.04 -654.77
-673.71 -654.77
-832.88 -654.77
-688.39 -654.77
-675.28 -654.77
-778.90 -654.77
-894.61 -654.77
-654.58 -654.58
-818.20 -654.58
-730.10 -654.58
-872.22 -654.58
-819.89 -654.58
-665.20 -654.58
-836.99 -654.58
-891.67 -654.58
-783.38 -654.58
-663.42 -654.58
-671.62 -654.58
-686.51 -654.58
-703.54 -654.58
-664.49 -654.58
-674.57 -654.58
-668.55 -654.58
-655.93 -654.58
-682.46 -654.58
-747.73 -654.58
-723.57 -654.58
-674.92 -654.58
-671.34 -654.58
-655.62 -655.62
-895.24 -655.62
-773.72 -655.62
-785.50 -655.62
-754.04 -655.62
-667.28 -655.62
-724.55 -655.62
-798.93 -655.62
-787.94 -655.62
-665.73 -655.62
-781.48 -655.62
-817.77 -655.62
-786.75 -655.62
-709.69 -655.62
-669.16 -655.62
-823.99 -655.62
-665.30 -655.62
-1073.70 -655.62
-754.76 -655.62
-747.40 -655.62
-786.99 -655.62
-673.41 -655.62
-731.10 -655.62
-690.60 -655.62
-713.87 -655.62
-767.20 -655.62
-740.35 -655.62
-680.77 -655.62
-870.31 -655.62
-736.18 -655.62
-664.75 -655.62
-695.02 -655.62
-750.22 -655.62
-787.84 -655.62
-820.20 -655.62
-934.30 -655.62
-1001.36 -655.62
-827.52 -655.62
-720.35 -655.62
-664.50 -655.62
-815.05 -655.62
-955.40 -655.62
-665.68 -655.62
-822.50 -655.62
-710.39 -655.62
-699.58 -655.62
-783.33 -655.62
-765.66 -655.62
-766.00 -655.62
-697.55 -655.62
-669.32 -655.62
-693.63 -655.62
-845.84 -655.62
-838.56 -655.62
-664.75 -655.62
-841.97 -655.62
-719.07 -655.62
-880.02 -655.62
-720.33 -655.62
-2064.61 -655.62
-2031.55 -655.62
-2040.69 -655.62
-1960.64 -1960.64
-1979.33 -1960.64
-1941.48 -1941.48
-1934.12 -1934.12
-1957.20 -1934.12
-1932.08 -1932.08
-1897.84 -1897.84
-1896.74 -1896.74
-1959.64 -1896.74
-1887.46 -1887.46
-1906.20 -1887.46
-1905.40 -1887.46
-1852.83 -1852.83
-1817.57 -1817.57
-1769.31 -1769.31
-1712.35 -1712.35
-1722.87 -1712.35
-1764.67 -1712.35
-1752.61 -1712.35
-1717.97 -1712.35
-1696.56 -1696.56
-1713.95 -1696.56
-1780.35 -1696.56
-1826.15 -1696.56
-1776.05 -1696.56
-1615.41 -1615.41
-1691.10 -1615.41
-1563.04 -1563.04
-1532.73 -1532.73
-1720.63 -1532.73
-1432.27 -1432.27
-1332.55 -1332.55
-1220.59 -1220.59
-1313.19 -1220.59
-1112.06 -1112.06
-939.95 -939.95
-777.58 -777.58
-716.94 -716.94
-691.67 -691.67
-785.29 -691.67
-789.87 -691.67
-669.70 -669.70
-822.79 -669.70
-709.52 -669.70
-695.30 -669.70
-914.13 -669.70
-886.54 -669.70
-777.80 -669.70
-786.71 -669.70
-697.78 -669.70
-940.60 -669.70
-1009.31 -669.70
-836.75 -669.70
-721.15 -669.70
-659.10 -659.10
-704.73 -659.10
-895.02 -659.10
-654.66 -654.66
-665.02 -654.66
-707.22 -654.66
-744.83 -654.66
-664.91 -654.66
-707.62 -654.66
-667.61 -654.66
-867.92 -654.66
-873.35 -654.66
-839.16 -654.66
-763.73 -654.66
-691.70 -654.66
-779.09 -654.66
-661.30 -654.66
-783.67 -654.66
-669.87 -654.66
-694.79 -654.66
-750.41 -654.66
-754.58 -654.66
-663.68 -654.66
-785.97 -654.66
-706.38 -654.66
-951.96 -654.66
-882.63 -654.66
-959.72 -654.66
-782.05 -654.66
-722.02 -654.66
-782.97 -654.66
-654.77 -654.77
-730.81 -654.77
-787.85 -654.77
-735.99 -654.77
-720.50 -654.77
-827.36 -654.77
-877.58 -654.77
-655.71 -654.77
-879.87 -654.77
-664.71 -654.77
-667.80 -654.77
-674.47 -654.77
-663.57 -654.77
-749.91 -654.77
-959.68 -654.77
-814.59 -654.77
-880.08 -654.77
-745.13 -654.77
-772.37 -654.77
-813.12 -654.77
-722.17 -654.77
-655.82 -654.77
-673.07 -654.77
-739.31 -654.77
-655.36 -654.77
-698.98 -654.77
-720.60 -654.77
-929.18 -654.77
-665.46 -654.77
-699.41 -654.77
-754.80 -654.77
-679.24 -654.77
-668.57 -654.77
-784.40 -654.77
-717.50 -654.77
-822.64 -654.77
-819.41 -654.77
-712.34 -654.77
-824.28 -654.77
-783.04 -654.77
-781.04 -654.77
-780.71 -654.77
-830.49 -654.77
-886.73 -654.77
-813.61 -654.77
-932.31 -654.77
-831.54 -654.77
-751.83 -654.77
-782.69 -654.77
-822.75 -654.77
-718.37 -654.77
-836.35 -654.77
-698.66 -654.77
-750.66 -654.77
-694.48 -654.77
-830.03 -654.77
-758.59 -654.77
-934.33 -654.77
-671.18 -654.77
-716.10 -654.77
-824.32 -654.77
-722.59 -654.77
-674.92 -654.77
-822.81 -654.77
-674.91 -654.77
-781.43 -654.77
-690.91 -654.77
-792.83 -654.77
-828.25 -654.77
-660.72 -654.77
-654.49 -654.49
-916.82 -654.49
-876.05 -654.49
-658.31 -654.49
-781.35 -654.49
-779.59 -654.49
-669.34 -654.49
-663.20 -654.49
-668.78 -654.49
-748.16 -654.49
-787.30 -654.49
-668.50 -654.49
-835.08 -654.49
-735.89 -654.49
-873.53 -654.49
-786.58 -654.49
-841.18 -654.49
-676.01 -654.49
-778.91 -654.49
-783.43 -654.49
-783.89 -654.49
-840.46 -654.49
-676.55 -654.49
-675.32 -654.49
-753.77 -654.49
-1005.41 -654.49
-798.53 -654.49
-775.56 -654.49
-664.99 -654.49
-722.81 -654.49
-730.22 -654.49
-946.42 -654.49
-783.38 -654.49
-959.16 -654.49
-845.94 -654.49
-713.85 -654.49
-829.67 -654.49
-707.62 -654.49
-691.82 -654.49
-695.06 -654.49
-880.18 -654.49
-690.13 -654.49
-870.34 -654.49
-865.32 -654.49
-826.20 -654.49
-669.14 -654.49
-669.47 -654.49
-927.88 -654.49
-709.68 -654.49
-837.64 -654.49
-882.46 -654.49
-710.52 -654.49
-819.39 -654.49
-748.37 -654.49
-790.22 -654.49
-886.56 -654.49
-659.28 -654.49
-797.47 -654.49
-745.66 -654.49
-826.58 -654.49
-815.18 -654.49
-793.24 -654.49
-695.88 -654.49
-701.31 -654.49
-825.83 -654.49
-740.27 -654.49
-1027.77 -654.49
-663.27 -654.49
-679.24 -654.49
-748.00 -654.49
-723.55 -654.49
-823.02 -654.49
-868.25 -654.49
-745.83 -654.49
-864.57 -654.49
-666.04 -654.49
-784.84 -654.49
-687.70 -654.49
-797.79 -654.49
-897.26 -654.49
-720.71 -654.49
-1079.83 -654.49
-676.56 -654.49
-680.26 -654.49
-676.89 -654.49
-776.29 -654.49
-695.24 -654.49
-747.24 -654.49
-698.67 -654.49
-690.49 -654.49
-703.32 -654.49
-785.33 -654.49
-835.36 -654.49
-863.22 -654.49
-822.89 -654.49
-790.18 -654.49
-781.33 -654.49
-669.26 -654.49
-918.24 -654.49
-832.97 -654.49
-908.15 -654.49
-981.73 -654.49
-665.71 -654.49
-888.07 -654.49
-722.62 -654.49
-716.16 -654.49
-654.49 -654.49
-669.71 -654.49
-864.44 -654.49
-773.74 -654.49
-674.75 -654.49
-921.52 -654.49
-724.00 -654.49
-968.79 -654.49
-723.64 -654.49
-721.59 -654.49
-865.92 -654.49
-888.11 -654.49
-707.64 -654.49
-944.71 -654.49
-748.15 -654.49
-750.96 -654.49
-705.83 -654.49
-701.13 -654.49
-1046.89 -654.49
-784.99 -654.49
-678.00 -654.49
-815.68 -654.49
-831.13 -654.49
-731.23 -654.49
-717.05 -654.49
-654.80 -654.80
-729.53 -654.80
-667.61 -654.80
-1010.75 -654.80
-741.04 -654.80
-810.87 -654.80
-668.62 -654.80
-669.48 -654.80
-816.01 -654.80
-845.58 -654.80
-1001.41 -654.80
-665.11 -654.80
-717.45 -654.80
-790.09 -654.80
-780.53 -654.80
-771.42 -654.80
-665.57 -654.80
-814.46 -654.80
-751.60 -654.80
-662.04 -654.80
-724.37 -654.80
-666.38 -654.80
-720.88 -654.80
-737.72 -654.80
-781.34 -654.80
-873.85 -654.80
-829.48 -654.80
-690.31 -654.80
-692.32 -654.80
-991.11 -654.80
-817.59 -654.80
-731.14 -654.80
-977.05 -654.80
-671.77 -654.80
-678.06 -654.80
-821.04 -654.80
-662.04 -654.80
-658.35 -654.80
-658.00 -654.80
-676.52 -654.80
-779.73 -654.80
-676.82 -654.80
-927.58 -654.80
-665.93 -654.80
-795.46 -654.80
-788.09 -654.80
-836.65 -654.80
-820.99 -654.80
-998.46 -654.80
-787.28 -654.80
-787.17 -654.80
-822.40 -654.80
-823.94 -654.80
-799.15 -654.80
-961.44 -654.80
-659.94 -654.80
-782.91 -654.80
-659.00 -654.80
-724.48 -654.80
-822.91 -654.80
-698.71 -654.80
-951.30 -654.80
-697.30 -654.80
-913.82 -654.80
-782.25 -654.80
-765.39 -654.80
-658.03 -654.80
-739.10 -654.80
-713.48 -654.80
-708.66 -654.80
-665.55 -654.80
-836.28 -654.80
-736.23 -654.80
-665.26 -654.80
-694.53 -654.80
-675.93 -654.80
-786.05 -654.80
-742.02 -654.80
-663.29 -654.80
-706.19 -654.80
-783.51 -654.80
-789.37 -654.80
-697.73 -654.80
-666.23 -654.80
-698.66 -654.80
-668.03 -654.80
-875.10 -654.80
-712.36 -654.80
-665.07 -654.80
-676.09 -654.80
-740.83 -654.80
-956.84 -654.80
-724.11 -654.80
-813.09 -654.80
-723.45 -654.80
-708.46 -654.80
-813.11 -654.80
-675.06 -654.80
-952.43 -654.80
-813.72 -654.80
-704.81 -654.80
-824.34 -654.80
-920.46 -654.80
-786.73 -654.80
-826.06 -654.80
-1093.07 -654.80
-928.98 -654.80
-675.33 -654.80
-789.83 -654.80
-748.58 -654.80
-762.48 -654.80
-834.41 -654.80
-929.73 -654.80
-891.73 -654.80
-841.00 -654.80
-692.60 -654.80
-663.54 -654.80
-719.13 -654.80
-691.93 -654.80
-662.12 -654.80
-656.25 -654.80
-740.67 -654.80
-682.41 -654.80
-782.25 -654.80
-782.58 -654.80
-664.76 -654.80
-754.34 -654.80
-1962.57 -1962.57
-1959.74 -1959.74
-1941.10 -1941.10
-1979.01 -1941.10
-1877.47 -1877.47
-1955.68 -1877.47
-1921.76 -1877.47
-1885.07 -1877.47
-1932.27 -1877.47
-1894.28 -1877.47
-1904.08 -1877.47
-1861.24 -1861.24
-1893.05 -1861.24
-1825.06 -1825.06
-1784.72 -1784.72
-1737.41 -1737.41
-1704.74 -1704.74
-1695.36 -1695.36
-1705.15 -1695.36
-1637.89 -1637.89
-1683.91 -1637.89
-1629.45 -1629.45
-1617.35 -1617.35
-1543.48 -1543.48
-1537.13 -1537.13
-1549.44 -1537.13
-1440.02 -1440.02
-1381.79 -1381.79
-1279.76 -1279.76
-1310.53 -1279.76
-1191.05 -1191.05
-1124.55 -1124.55
-1079.25 -1079.25
-1081.42 -1079.25
-1249.59 -1079.25
-778.72 -778.72
-856.86 -778.72
-671.64 -671.64
-829.15 -671.64
-796.55 -671.64
-1086.90 -671.64
-662.75 -662.75
-723.83 -662.75
-678.49 -662.75
-690.72 -662.75
-694.23 -662.75
-837.78 -662.75
-787.20 -662.75
-665.13 -662.75
-655.62 -655.62
-762.65 -655.62
-690.83 -655.62
-786.61 -655.62
-655.00 -655.00
-678.96 -655.00
-719.74 -655.00
-786.07 -655.00
-775.05 -655.00
-749.11 -655.00
-885.63 -655.00
-835.84 -655.00
-786.56 -655.00
-796.93 -655.00
-693.58 -655.00
-919.31 -655.00
-704.88 -655.00
-697.13 -655.00
-672.49 -655.00
-787.23 -655.00
-788.95 -655.00
-658.50 -655.00
-692.24 -655.00
-791.82 -655.00
-829.23 -655.00
-736.92 -655.00
-744.23 -655.00
-720.84 -655.00
-725.76 -655.00
-747.76 -655.00
-676.52 -655.00
-779.89 -655.00
-726.42 -655.00
-704.12 -655.00
-882.82 -655.00
-665.26 -655.00
-752.42 -655.00
-668.93 -655.00
-787.72 -655.00
-870.53 -655.00
-778.87 -655.00
-765.72 -655.00
-654.61 -654.61
-797.70 -654.61
-654.60 -654.60
-659.31 -654.60
-677.62 -654.60
-668.50 -654.60
-778.85 -654.60
-747.55 -654.60
-663.87 -654.60
-789.67 -654.60
-956.65 -654.60
-702.39 -654.60
-716.64 -654.60
-749.30 -654.60
-672.16 -654.60
-789.37 -654.60
-789.99 -654.60
-668.60 -654.60
-827.01 -654.60
-676.31 -654.60
-669.06 -654.60
-753.48 -654.60
-660.48 -654.60
-663.30 -654.60
-962.09 -654.60
-883.59 -654.60
-920.25 -654.60
-786.83 -654.60
-828.24 -654.60
-798.36 -654.60
-785.58 -654.60
-818.82 -654.60
-718.93 -654.60
-699.32 -654.60
-668.74 -654.60
-711.88 -654.60
-708.75 -654.60
-664.71 -654.60
-669.08 -654.60
-664.78 -654.60
-669.72 -654.60
-857.67 -654.60
-768.00 -654.60
-777.37 -654.60
-673.91 -654.60
-713.19 -654.60
-884.29 -654.60
-1044.65 -654.60
-698.04 -654.60
-668.22 -654.60
-746.90 -654.60
-890.20 -654.60
-703.05 -654.60
-827.53 -654.60
-661.69 -654.60
-796.39 -654.60
-824.96 -654.60
-705.41 -654.60
-720.82 -654.60
-677.17 -654.60
-677.31 -654.60
-669.13 -654.60
-702.48 -654.60
-663.44 -654.60
-866.96 -654.60
-781.22 -654.60
-700.18 -654.60
-720.81 -654.60
-780.71 -654.60
-675.31 -654.60
-744.96 -654.60
-655.83 -654.60
-792.40 -654.60
-654.90 -654.90
-751.05 -654.90
-748.45 -654.90
-783.73 -654.90
-678.12 -654.90
-778.65 -654.90
-701.62 -654.90
-776.11 -654.90
-788.39 -654.90
-813.68 -654.90
-698.40 -654.90
-701.29 -654.90
-995.05 -654.90
-780.15 -654.90
-751.98 -654.90
-1004.22 -654.90
-694.34 -654.90
-668.16 -654.90
-671.85 -654.90
-918.02 -654.90
-750.20 -654.90
-835.78 -654.90
-655.24 -654.90
-742.38 -654.90
-779.71 -654.90
-750.48 -654.90
-699.87 -654.90
-917.53 -654.90
-723.37 -654.90
-710.41 -654.90
-782.98 -654.90
-665.65 -654.90
-664.42 -654.90
-865.23 -654.90
-700.37 -654.90
-665.63 -654.90
-723.44 -654.90
-694.78 -654.90
-780.63 -654.90
-777.56 -654.90
-811.22 -654.90
-824.93 -654.90
-1032.63 -654.90
-797.34 -654.90
-943.33 -654.90
-654.49 -654.49
-750.36 -654.49
-751.55 -654.49
-729.83 -654.49
-789.84 -654.49
-828.75 -654.49
-817.63 -654.49
-698.62 -654.49
-775.43 -654.49
-673.72 -654.49
-666.81 -654.49
-656.23 -654.49
-676.93 -654.49
-668.68 -654.49
-671.03 -654.49
-839.15 -654.49
-713.47 -654.49
-714.02 -654.49
-716.68 -654.49
-771.87 -654.49
-662.76 -654.49
-813.82 -654.49
-866.28 -654.49
-821.83 -654.49
-660.76 -654.49
-692.22 -654.49
-658.26 -654.49
-846.05 -654.49
-786.01 -654.49
-755.12 -654.49
-785.82 -654.49
-675.20 -654.49
-710.44 -654.49
-749.17 -654.49
-816.49 -654.49
-718.23 -654.49
-832.35 -654.49
-888.08 -654.49
-748.95 -654.49
-667.55 -654.49
-658.09 -654.49
-786.75 -654.49
-798.62 -654.49
-776.57 -654.49
-717.50 -654.49
-726.03 -654.49
-673.16 -654.49
-1020.25 -654.49
-666.01 -654.49
-778.95 -654.49
-766.78 -654.49
-724.14 -654.49
-696.76 -654.49
-699.01 -654.49
-675.86 -654.49
-663.14 -654.49
-654.63 -654.63
-665.64 -654.63
-837.14 -654.63
-788.23 -654.63
-785.83 -654.63
-698.41 -654.63
-692.66 -654.63
-695.51 -654.63
-782.50 -654.63
-692.14 -654.63
-736.45 -654.63
-723.87 -654.63
-664.12 -654.63
-754.59 -654.63
-698.83 -654.63
-673.98 -654.63
-735.88 -654.63
-672.49 -654.63
-701.04 -654.63
-663.37 -654.63
-829.77 -654.63
-666.80 -654.63
-666.92 -654.63
-695.00 -654.63
-774.26 -654.63
-671.25 -654.63
-781.02 -654.63
-859.51 -654.63
-770.73 -654.63
-813.77 -654.63
-815.92 -654.63
-741.91 -654.63
-817.67 -654.63
-705.16 -654.63
-699.62 -654.63
-712.17 -654.63
-666.42 -654.63
-843.00 -654.63
-665.16 -654.63
-872.42 -654.63
-671.77 -654.63
-735.98 -654.63
-827.33 -654.63
-680.07 -654.63
-664.85 -654.63
-686.54 -654.63
-811.87 -654.63
-680.91 -654.63
-731.29 -654.63
-814.24 -654.63
-815.36 -654.63
-710.42 -654.63
-709.87 -654.63
-675.25 -654.63
-730.55 -654.63
-784.61 -654.63
-663.86 -654.63
-774.06 -654.63
-659.19 -654.63
-669.01 -654.63
-665.48 -654.63
-768.56 -654.63
-774.34 -654.63
-705.66 -654.63
-694.03 -654.63
-713.39 -654.63
-766.13 -654.63
-798.18 -654.63
-666.01 -654.63
-846.30 -654.63
-756.73 -654.63
-885.10 -654.63
-716.29 -654.63
-785.51 -654.63
-720.46 -654.63
-654.80 -654.80
-717.31 -654.80
-669.20 -654.80
-660.30 -654.80
-751.06 -654.80
-660.57 -654.80
-848.81 -654.80
-956.34 -654.80
-1032.85 -654.80
-944.50 -654.80
-899.60 -654.80
-665.01 -654.80
-710.54 -654.80
-870.93 -654.80
-929.55 -654.80
-740.75 -654.80
-1069.91 -654.80
-655.50 -654.80
-752.61 -654.80
-670.73 -654.80
-776.11 -654.80
-730.55 -654.80
-691.16 -654.80
-691.93 -654.80
-690.67 -654.80
-663.67 -654.80
-796.58 -654.80
-776.16 -654.80
-768.81 -654.80
-830.96 -654.80
-666.07 -654.80
-863.25 -654.80
-797.50 -654.80
-744.73 -654.80
-691.52 -654.80
-667.04 -654.80
-671.27 -654.80
-694.19 -654.80
-712.08 -654.80
-665.99 -654.80
-662.37 -654.80
-960.78 -654.80
-858.91 -654.80
-834.84 -654.80
-667.67 -654.80
-957.12 -654.80
-838.14 -654.80
-730.10 -654.80
-692.17 -654.80
-665.20 -654.80
-716.31 -654.80
-675.99 -654.80
-1104.12 -654.80
-725.33 -654.80
-849.63 -654.80
-721.72 -654.80
-691.67 -654.80
-671.63 -654.80
-754.40 -654.80
-671.24 -654.80
-663.29 -654.80
-1037.46 -654.80
-749.62 -654.80
-751.95 -654.80
-794.14 -654.80
-900.50 -654.80
-669.09 -654.80
-665.79 -654.80
-668.64 -654.80
-828.23 -654.80
-679.36 -654.80
-667.85 -654.80
-655.49 -654.80
-712.99 -654.80
-838.55 -654.80
-844.03 -654.80
-2020.62 -654.80
-1924.66 -1924.66
-1931.04 -1924.66
-1847.96 -1847.96
-1878.30 -1847.96
-1849.42 -1847.96
-1892.09 -1847.96
-1865.34 -1847.96
-1869.38 -1847.96
-1834.84 -1834.84
-1864.64 -1834.84
-1775.11 -1775.11
-1733.16 -1733.16
-1761.43 -1733.16
-1652.26 -1652.26
-1752.57 -1652.26
-1629.12 -1629.12
-1666.22 -1629.12
-1660.80 -1629.12
-1576.08 -1576.08
-1678.87 -1576.08
-1603.03 -1576.08
-1604.42 -1576.08
-1539.15 -1539.15
-1462.20 -1462.20
-1552.38 -1462.20
-1410.00 -1410.00
-1487.89 -1410.00
-1457.97 -1410.00
-1323.58 -1323.58
-1361.90 -1323.58
-1216.08 -1216.08
-1465.05 -1216.08
-1189.39 -1189.39
-964.49 -964.49
-1042.30 -964.49
-1193.83 -964.49
-1159.57 -964.49
-1082.37 -964.49
-1038.96 -964.49
-1010.75 -964.49
-944.11 -944.11
-1039.02 -944.11
-1029.95 -944.11
-1012.05 -944.11
-939.52 -939.52
-964.17 -939.52
-843.51 -843.51
-827.36 -827.36
-1030.75 -827.36
-918.22 -827.36
-914.09 -827.36
-829.93 -827.36
-658.28 -658.28
-934.45 -658.28
-667.62 -658.28
-813.60 -658.28
-670.34 -658.28
-788.52 -658.28
-865.88 -658.28
-1026.51 -658.28
-783.19 -658.28
-724.50 -658.28
-660.15 -658.28
-705.70 -658.28
-668.77 -658.28
-816.12 -658.28
-835.27 -658.28
-672.02 -658.28
-1002.38 -658.28
-818.70 -658.28
-690.56 -658.28
-826.77 -658.28
-779.75 -658.28
-874.37 -658.28
-722.11 -658.28
-824.33 -658.28
-721.75 -658.28
-759.65 -658.28
-675.84 -658.28
-691.45 -658.28
-785.74 -658.28
-776.15 -658.28
-993.86 -658.28
-666.88 -658.28
-700.22 -658.28
-668.13 -658.28
-665.90 -658.28
-1081.52 -658.28
-708.11 -658.28
-797.15 -658.28
-665.13 -658.28
-779.76 -658.28
-1037.66 -658.28
-880.71 -658.28
-978.41 -658.28
-675.66 -658.28
-772.09 -658.28
-756.35 -658.28
-770.32 -658.28
-1021.81 -658.28
-1061.38 -658.28
-923.51 -658.28
-784.78 -658.28
-654.49 -654.49
-949.89 -654.49
-882.69 -654.49
-676.13 -654.49
-818.86 -654.49
-775.88 -654.49
-719.63 -654.49
-729.85 -654.49
-748.79 -654.49
-654.60 -654.60
-793.20 -654.60
-821.15 -654.60
-720.46 -654.60
-654.58 -654.58
-868.19 -654.58
-720.59 -654.58
-844.50 -654.58
-798.67 -654.58
-919.42 -654.58
-744.03 -654.58
-790.47 -654.58
-656.03 -654.58
-741.08 -654.58
-762.39 -654.58
-700.96 -654.58
-671.66 -654.58
-756.57 -654.58
-823.96 -654.58
-785.55 -654.58
-709.08 -654.58
-666.23 -654.58
-718.94 -654.58
-745.73 -654.58
-757.81 -654.58
-920.03 -654.58
-700.42 -654.58
-750.61 -654.58
-665.89 -654.58
-665.81 -654.58
-893.61 -654.58
-1082.11 -654.58
-731.35 -654.58
-1056.91 -654.58
-824.55 -654.58
-701.71 -654.58
-772.38 -654.58
-786.37 -654.58
-675.98 -654.58
-692.20 -654.58
-877.36 -654.58
-671.42 -654.58
-778.23 -654.58
-827.90 -654.58
-881.67 -654.58
-884.92 -654.58
-664.31 -654.58
-735.83 -654.58
-824.08 -654.58
-720.16 -654.58
-883.08 -654.58
-777.65 -654.58
-671.76 -654.58
-780.04 -654.58
-654.99 -654.99
-663.48 -654.99
-668.35 -654.99
-815.38 -654.99
-675.01 -654.99
-694.21 -654.99
-774.72 -654.99
-721.85 -654.99
-711.55 -654.99
-750.44 -654.99
-729.72 -654.99
-749.58 -654.99
-658.01 -654.99
-862.20 -654.99
-829.61 -654.99
-673.92 -654.99
-747.89 -654.99
-697.94 -654.99
-710.39 -654.99
-666.19 -654.99
-669.00 -654.99
-878.27 -654.99
-737.54 -654.99
-746.34 -654.99
-697.39 -654.99
-680.93 -654.99
-1047.87 -654.99
-690.30 -654.99
-741.71 -654.99
-964.16 -654.99
-736.04 -654.99
-664.84 -654.99
-795.93 -654.99
-663.78 -654.99
-790.34 -654.99
-818.63 -654.99
-654.58 -654.58
-870.90 -654.58
-666.16 -654.58
-828.41 -654.58
-671.72 -654.58
-698.85 -654.58
-754.42 -654.58
-668.55 -654.58
-850.94 -654.58
-720.05 -654.58
-770.29 -654.58
-826.08 -654.58
-665.37 -654.58
-682.43 -654.58
-783.59 -654.58
-816.33 -654.58
-840.24 -654.58
-666.28 -654.58
-654.61 -654.61
-667.90 -654.61
-740.26 -654.61
-721.06 -654.61
-831.30 -654.61
-777.94 -654.61
-654.76 -654.76
-692.56 -654.76
-798.43 -654.76
-916.35 -654.76
-716.88 -654.76
-813.47 -654.76
-822.09 -654.76
-713.16 -654.76
-816.70 -654.76
-932.11 -654.76
-682.77 -654.76
-658.30 -654.76
-915.81 -654.76
-716.16 -654.76
-654.65 -654.65
-832.98 -654.65
-1004.54 -654.65
-654.68 -654.68
-882.79 -654.68
-779.83 -654.68
-665.92 -654.68
-675.21 -654.68
-663.26 -654.68
-729.86 -654.68
-668.61 -654.68
-720.61 -654.68
-679.25 -654.68
-747.88 -654.68
-764.94 -654.68
-664.56 -654.68
-908.38 -654.68
-694.08 -654.68
-713.57 -654.68
-697.53 -654.68
-658.41 -654.68
-832.08 -654.68
-823.04 -654.68
-693.64 -654.68
-661.84 -654.68
-771.42 -654.68
-698.94 -654.68
-721.53 -654.68
-694.80 -654.68
-1136.59 -654.68
-747.06 -654.68
-674.30 -654.68
-658.93 -654.68
-720.53 -654.68
-951.73 -654.68
-753.40 -654.68
-747.23 -654.68
-666.32 -654.68
-832.47 -654.68
-694.53 -654.68
-776.69 -654.68
-666.73 -654.68
-740.75 -654.68
-763.20 -654.68
-741.92 -654.68
-958.94 -654.68
-777.68 -654.68
-755.22 -654.68
-669.77 -654.68
-718.11 -654.68
-780.01 -654.68
-707.30 -654.68
-791.89 -654.68
-748.91 -654.68
-780.74 -654.68
-844.11 -654.68
-836.86 -654.68
-832.83 -654.68
-793.45 -654.68
-827.29 -654.68
-677.96 -654.68
-661.90 -654.68
-819.02 -654.68
-780.45 -654.68
-820.35 -654.68
-842.01 -654.68
-780.38 -654.68
-722.28 -654.68
-756.39 -654.68
-748.79 -654.68
-729.94 -654.68
-670.80 -654.68
-787.38 -654.68
-744.78 -654.68
-668.12 -654.68
-784.53 -654.68
-740.54 -654.68
-757.98 -654.68
-830.99 -654.68
-723.46 -654.68
-664.98 -654.68
-741.23 -654.68
-835.03 -654.68
-665.86 -654.68
-846.69 -654.68
-668.29 -654.68
-706.79 -654.68
-672.92 -654.68
-664.22 -654.68
-831.78 -654.68
-825.15 -654.68
-667.44 -654.68
-780.40 -654.68
-762.48 -654.68
-706.89 -654.68
-828.86 -654.68
-719.08 -654.68
-787.89 -654.68
-782.51 -654.68
-676.33 -654.68
-765.98 -654.68
-736.15 -654.68
-723.48 -654.68
-766.33 -654.68
-824.53 -654.68
-667.90 -654.68
-868.15 -654.68
-994.31 -654.68
-692.05 -654.68
-846.00 -654.68
-660.07 -654.68
-665.51 -654.68
-672.96 -654.68
-691.85 -654.68
-678.57 -654.68
-750.22 -654.68
-667.08 -654.68
-819.11 -654.68
-789.35 -654.68
-668.84 -654.68
-720.84 -654.68
-767.57 -654.68
-701.26 -654.68
-659.96 -654.68
-826.95 -654.68
-1121.37 -654.68
-776.26 -654.68
-674.96 -654.68
-880.29 -654.68
-668.10 -654.68
-664.96 -654.68
-826.95 -654.68
-697.55 -654.68
-663.84 -654.68
-878.29 -654.68
-824.08 -654.68
-880.58 -654.68
-749.72 -654.68
-723.12 -654.68
-732.21 -654.68
-671.48 -654.68
-675.18 -654.68
-668.48 -654.68
-746.94 -654.68
-654.73 -654.73
-654.90 -654.90
-889.98 -654.90
-776.03 -654.90
-823.63 -654.90
-813.82 -654.90
-698.93 -654.90
-779.99 -654.90
-897.59 -654.90
-778.72 -654.90
-787.98 -654.90
-721.59 -654.90
-697.78 -654.90
-665.50 -654.90
-748.24 -654.90
-754.45 -654.90
-929.03 -654.90
-699.80 -654.90
-779.18 -654.90
-929.14 -654.90
-848.01 -654.90
-694.04 -654.90
-693.81 -654.90
-891.16 -654.90
-655.82 -654.90
-765.41 -654.90
-695.28 -654.90
-785.62 -654.90
-862.39 -654.90
-886.68 -654.90
-737.57 -654.90
-2028.98 -654.90
-1997.64 -1997.64
-2050.02 -1997.64
-1992.54 -1992.54
-1967.67 -1967.67
-1940.77 -1940.77
-1924.73 -1924.73
-1870.86 -1870.86
-1865.34 -1865.34
-1904.17 -1865.34
-1833.52 -1833.52
-1833.70 -1833.52
-1865.27 -1833.52
-1795.46 -1795.46
-1806.84 -1795.46
-1780.51 -1780.51
-1784.41 -1780.51
-1752.48 -1752.48
-1785.97 -1752.48
-1787.89 -1752.48
-1761.44 -1752.48
-1750.01 -1750.01
-1726.26 -1726.26
-1690.34 -1690.34
-1649.80 -1649.80
-1719.54 -1649.80
-1486.61 -1486.61
-1564.77 -1486.61
-1604.40 -1486.61
-1480.36 -1480.36
-1500.93 -1480.36
-1492.97 -1480.36
-1357.28 -1357.28
-1467.96 -1357.28
-1230.09 -1230.09
-1194.89 -1194.89
-1146.92 -1146.92
-1192.88 -1146.92
-1124.31 -1124.31
-1083.69 -1083.69
-978.43 -978.43
-1145.17 -978.43
-837.58 -837.58
-845.50 -837.58
-838.75 -838.75
-672.20 -672.20
-893.65 -672.20
-766.68 -672.20
-771.99 -672.20
-818.27 -672.20
-693.54 -672.20
-663.83 -663.83
-669.86 -663.83
-747.79 -663.83
-914.63 -663.83
-861.87 -663.83
-781.61 -663.83
-791.87 -663.83
-666.22 -663.83
-1046.01 -663.83
-691.76 -663.83
-737.85 -663.83
-778.48 -663.83
-742.56 -663.83
-818.95 -663.83
-724.16 -663.83
-721.82 -663.83
-759.26 -663.83
-995.73 -663.83
-666.53 -663.83
-705.21 -663.83
-771.25 -663.83
-862.49 -663.83
-849.60 -663.83
-665.35 -663.83
-693.40 -663.83
-886.42 -663.83
-815.16 -663.83
-654.60 -654.60
-751.25 -654.60
-741.27 -654.60
-694.49 -654.60
-690.17 -654.60
-677.05 -654.60
-711.21 -654.60
-797.55 -654.60
-741.14 -654.60
-873.83 -654.60
-654.75 -654.75
-740.67 -654.75
-724.47 -654.75
-757.85 -654.75
-787.83 -654.75
-659.03 -654.75
-831.10 -654.75
-845.03 -654.75
-794.52 -654.75
-668.14 -654.75
-993.71 -654.75
-748.16 -654.75
-731.10 -654.75
-666.25 -654.75
-732.42 -654.75
-818.50 -654.75
-749.47 -654.75
-744.96 -654.75
-666.64 -654.75
-655.53 -654.75
-720.21 -654.75
-830.34 -654.75
-841.38 -654.75
-822.18 -654.75
-820.04 -654.75
-764.07 -654.75
-698.80 -654.75
-820.66 -654.75
-883.62 -654.75
-941.08 -654.75
-926.22 -654.75
-670.77 -654.75
-667.20 -654.75
-692.97 -654.75
-819.97 -654.75
-781.65 -654.75
-682.14 -654.75
-881.65 -654.75
-890.40 -654.75
-692.14 -654.75
-665.66 -654.75
-674.05 -654.75
-778.18 -654.75
-663.43 -654.75
-779.90 -654.75
-859.48 -654.75
-668.91 -654.75
-654.57 -654.57
-719.21 -654.57
-849.18 -654.57
-788.47 -654.57
-690.59 -654.57
-698.04 -654.57
-723.98 -654.57
-794.64 -654.57
-740.82 -654.57
-675.74 -654.57
-832.77 -654.57
-698.70 -654.57
-874.80 -654.57
-747.86 -654.57
-886.99 -654.57
-668.53 -654.57
-862.18 -654.57
-897.01 -654.57
-915.93 -654.57
-969.49 -654.57
-749.66 -654.57
-667.28 -654.57
-729.99 -654.57
-699.81 -654.57
-704.83 -654.57
-663.47 -654.57
-743.11 -654.57
-731.18 -654.57
-811.79 -654.57
-655.35 -654.57
-701.31 -654.57
-668.32 -654.57
-688.30 -654.57
-752.79 -654.57
-782.30 -654.57
-899.24 -654.57
-899.81 -654.57
-665.32 -654.57
-747.74 -654.57
-669.95 -654.57
-712.02 -654.57
-851.16 -654.57
-699.80 -654.57
-740.73 -654.57
-697.38 -654.57
-819.33 -654.57
-720.95 -654.57
-813.65 -654.57
-883.05 -654.57
-675.89 -654.57
-941.90 -654.57
-773.06 -654.57
-698.86 -654.57
-701.31 -654.57
-762.48 -654.57
-899.76 -654.57
-780.06 -654.57
-663.74 -654.57
-742.80 -654.57
-736.04 -654.57
-819.33 -654.57
-706.55 -654.57
-794.47 -654.57
-694.36 -654.57
-1027.33 -654.57
-740.49 -654.57
-813.16 -654.57
-679.44 -654.57
-669.63 -654.57
-790.49 -654.57
-662.59 -654.57
-742.80 -654.57
-844.73 -654.57
-691.89 -654.57
-922.55 -654.57
-880.93 -654.57
-777.57 -654.57
-720.59 -654.57
-655.50 -654.57
-784.77 -654.57
-887.87 -654.57
-661.77 -654.57
-666.49 -654.57
-668.48 -654.57
-726.45 -654.57
-739.22 -654.57
-665.34 -654.57
-665.15 -654.57
-688.80 -654.57
-779.72 -654.57
-741.57 -654.57
-776.21 -654.57
-839.42 -654.57
-827.72 -654.57
-747.30 -654.57
-827.84 -654.57
-723.83 -654.57
-707.28 -654.57
-857.19 -654.57
-669.83 -654.57
-665.81 -654.57
-700.31 -654.57
-690.27 -654.57
-828.20 -654.57
-659.03 -654.57
-736.76 -654.57
-752.54 -654.57
-841.61 -654.57
-899.85 -654.57
-758.94 -654.57
-665.46 -654.57
-661.67 -654.57
-695.04 -654.57
-694.86 -654.57
-748.07 -654.57
-711.01 -654.57
-724.12 -654.57
-830.79 -654.57
-834.20 -654.57
-890.32 -654.57
-757.63 -654.57
-924.13 -654.57
-654.96 -654.96
-778.98 -654.96
-737.39 -654.96
-824.52 -654.96
-858.74 -654.96
-780.41 -654.96
-655.32 -655.32
-662.13 -655.32
-973.01 -655.32
-836.87 -655.32
-882.89 -655.32
-919.51 -655.32
-788.98 -655.32
-895.90 -655.32
-829.96 -655.32
-680.48 -655.32
-745.65 -655.32
-772.33 -655.32
-815.36 -655.32
-780.53 -655.32
-794.54 -655.32
-797.10 -655.32
-697.39 -655.32
-704.70 -655.32
-663.43 -655.32
-674.87 -655.32
-676.89 -655.32
-994.86 -655.32
-723.35 -655.32
-861.52 -655.32
-679.78 -655.32
-752.93 -655.32
-778.89 -655.32
-697.38 -655.32
-842.59 -655.32
-883.62 -655.32
-730.06 -655.32
-691.15 -655.32
-752.84 -655.32
-865.97 -655.32
-820.94 -655.32
-829.92 -655.32
-669.47 -655.32
-787.81 -655.32
-973.63 -655.32
-942.37 -655.32
-710.07 -655.32
-664.06 -655.32
-668.53 -655.32
-664.95 -655.32
-823.22 -655.32
-665.52 -655.32
-932.31 -655.32
-662.36 -655.32
-671.05 -655.32
-719.42 -655.32
-750.99 -655.32
-739.90 -655.32
-945.70 -655.32
-755.80 -655.32
-699.11 -655.32
-666.52 -655.32
-706.44 -655.32
-663.83 -655.32
-724.11 -655.32
-752.05 -655.32
-754.21 -655.32
-891.71 -655.32
-675.92 -655.32
-723.20 -655.32
-846.55 -655.32
-870.34 -655.32
-749.80 -655.32
-967.45 -655.32
-756.40 -655.32
-946.30 -655.32
-736.18 -655.32
-883.62 -655.32
-746.70 -655.32
-730.69 -655.32
-1047.89 -655.32
-723.96 -655.32
-798.06 -655.32
-866.85 -655.32
-706.52 -655.32
-891.76 -655.32
-665.07 -655.32
-710.38 -655.32
-785.32 -655.32
-841.85 -655.32
-665.75 -655.32
-863.75 -655.32
-665.76 -655.32
-917.78 -655.32
-725.59 -655.32
-819.22 -655.32
-920.26 -655.32
-679.21 -655.32
-858.33 -655.32
-836.67 -655.32
-741.70 -655.32
-697.61 -655.32
-665.17 -655.32
-866.51 -655.32
-746.33 -655.32
-674.93 -655.32
-786.13 -655.32
-786.26 -655.32
-661.51 -655.32
-703.00 -655.32
-897.78 -655.32
-750.47 -655.32
-697.19 -655.32
-735.73 -655.32
-745.56 -655.32
-777.24 -655.32
-703.92 -655.32
-952.20 -655.32
-1005.26 -655.32
-673.68 -655.32
-741.37 -655.32
-673.65 -655.32
-700.00 -655.32
-777.73 -655.32
-666.36 -655.32
-750.16 -655.32
-722.60 -655.32
-897.77 -655.32
-695.71 -655.32
-862.41 -655.32
-821.02 -655.32
-849.90 -655.32
-665.52 -655.32
-690.67 -655.32
-750.85 -655.32
-774.95 -655.32
-690.52 -655.32
-795.82 -655.32
-677.19 -655.32
-726.42 -655.32
-673.91 -655.32
-726.45 -655.32
-822.34 -655.32
-669.19 -655.32
-836.87 -655.32
-868.01 -655.32
-783.57 -655.32
-738.69 -655.32
-828.35 -655.32
-754.60 -655.32
-836.69 -655.32
-780.02 -655.32
-671.43 -655.32
-676.29 -655.32
-876.86 -655.32
-1047.21 -655.32
-783.46 -655.32
-920.77 -655.32
-898.21 -655.32
-1970.17 -1970.17
-1994.29 -1970.17
-1973.03 -1970.17
-1979.09 -1970.17
-1985.02 -1970.17
-1964.18 -1964.18
-1965.44 -1964.18
-1980.62 -1964.18
-1963.50 -1963.50
-1975.89 -1963.50
-1990.41 -1963.50
-1957.46 -1957.46
-1955.39 -1955.39
-1976.28 -1955.39
-1965.87 -1955.39
-1893.13 -1893.13
-1833.30 -1833.30
-1836.77 -1833.30
-1805.33 -1805.33
-1804.72 -1804.72
-1793.98 -1793.98
-1806.73 -1793.98
-1815.72 -1793.98
-1789.09 -1789.09
-1763.97 -1763.97
-1778.00 -1763.97
-1668.73 -1668.73
-1712.58 -1668.73
-1618.89 -1618.89
-1600.52 -1600.52
-1548.17 -1548.17
-1477.93 -1477.93
-1401.25 -1401.25
-1523.78 -1401.25
-1400.41 -1400.41
-1534.51 -1400.41
-1100.66 -1100.66
-1249.48 -1100.66
-1167.63 -1100.66
-1137.76 -1100.66
-828.10 -828.10
-888.87 -828.10
-785.01 -785.01
-1044.02 -785.01
-762.73 -762.73
-1215.30 -762.73
-971.01 -762.73
-915.54 -762.73
-986.07 -762.73
-1188.13 -762.73
-667.93 -667.93
-796.06 -667.93
-814.29 -667.93
-955.52 -667.93
-716.85 -667.93
-709.90 -667.93
-773.88 -667.93
-782.35 -667.93
-665.80 -665.80
-706.03 -665.80
-786.62 -665.80
-674.90 -665.80
-784.50 -665.80
-673.10 -665.80
-766.72 -665.80
-654.89 -654.89
-722.09 -654.89
-1072.23 -654.89
-971.40 -654.89
-698.61 -654.89
-668.95 -654.89
-708.77 -654.89
-664.73 -654.89
-782.25 -654.89
-779.78 -654.89
-722.46 -654.89
-691.93 -654.89
-701.87 -654.89
-872.13 -654.89
-842.79 -654.89
-725.84 -654.89
-691.22 -654.89
-694.88 -654.89
-780.17 -654.89
-813.64 -654.89
-667.54 -654.89
-697.99 -654.89
-948.21 -654.89
-667.20 -654.89
-654.83 -654.83
-655.38 -655.38
-747.40 -655.38
-775.05 -655.38
-746.09 -655.38
-706.00 -655.38
-675.58 -655.38
-777.26 -655.38
-699.63 -655.38
-927.96 -655.38
-786.09 -655.38
-883.58 -655.38
-918.69 -655.38
-784.95 -655.38
-697.08 -655.38
-1083.42 -655.38
-785.09 -655.38
-826.89 -655.38
-697.77 -655.38
-882.24 -655.38
-771.62 -655.38
-661.19 -655.38
-696.84 -655.38
-1125.87 -655.38
-691.38 -655.38
-836.73 -655.38
-745.57 -655.38
-655.22 -655.22
-1046.89 -655.22
-665.26 -655.22
-817.91 -655.22
-654.49 -654.49
-655.39 -654.49
-703.23 -654.49
-654.69 -654.69
-673.30 -654.69
-676.17 -654.69
-890.72 -654.69
-1031.96 -654.69
-735.95 -654.69
-814.22 -654.69
-868.36 -654.69
-925.40 -654.69
-963.47 -654.69
-741.19 -654.69
-717.26 -654.69
-726.69 -654.69
-667.14 -654.69
-721.77 -654.69
-861.33 -654.69
-667.16 -654.69
-900.15 -654.69
-672.90 -654.69
-871.60 -654.69
-659.28 -654.69
-917.88 -654.69
-1010.94 -654.69
-664.30 -654.69
-949.49 -654.69
-842.03 -654.69
-775.37 -654.69
-900.60 -654.69
-672.15 -654.69
-669.00 -654.69
-864.33 -654.69
-786.88 -654.69
-986.07 -654.69
-868.61 -654.69
-721.79 -654.69
-674.55 -654.69
-673.21 -654.69
-741.19 -654.69
-1145.35 -654.69
-667.55 -654.69
-920.72 -654.69
-925.59 -654.69
-829.55 -654.69
-894.06 -654.69
-671.11 -654.69
-778.52 -654.69
-659.19 -654.69
-669.69 -654.69
-664.78 -654.69
-654.66 -654.66
-830.89 -654.66
-671.29 -654.66
-655.45 -654.66
-1014.42 -654.66
-697.08 -654.66
-694.82 -654.66
-662.13 -654.66
-702.06 -654.66
-783.59 -654.66
-822.04 -654.66
-719.62 -654.66
-946.52 -654.66
-826.99 -654.66
-699.82 -654.66
-945.56 -654.66
-673.92 -654.66
-955.34 -654.66
-875.62 -654.66
-874.12 -654.66
-941.49 -654.66
-665.78 -654.66
-667.19 -654.66
-786.96 -654.66
-664.76 -654.66
-703.08 -654.66
-701.89 -654.66
-943.78 -654.66
-787.34 -654.66
-888.52 -654.66
-744.36 -654.66
-865.87 -654.66
-668.09 -654.66
-871.21 -654.66
-669.14 -654.66
-848.22 -654.66
-668.31 -654.66
-654.77 -654.77
-817.19 -654.77
-665.03 -654.77
-716.49 -654.77
-665.04 -654.77
-778.39 -654.77
-911.00 -654.77
-1003.88 -654.77
-720.41 -654.77
-732.61 -654.77
-778.77 -654.77
-875.29 -654.77
-821.46 -654.77
-844.13 -654.77
-671.32 -654.77
-968.06 -654.77
-1097.91 -654.77
-963.78 -654.77
-665.27 -654.77
-973.55 -654.77
-665.92 -654.77
-899.00 -654.77
-1048.66 -654.77
-654.48 -654.48
-754.89 -654.48
-741.01 -654.48
-783.01 -654.48
-885.54 -654.48
-778.57 -654.48
-862.46 -654.48
-1011.13 -654.48
-835.49 -654.48
-877.14 -654.48
-691.25 -654.48
-676.89 -654.48
-787.09 -654.48
-1069.21 -654.48
-1032.91 -654.48
-665.96 -654.48
-655.92 -654.48
-721.69 -654.48
-667.26 -654.48
-667.95 -654.48
-1082.52 -654.48
-933.54 -654.48
-783.83 -654.48
-863.30 -654.48
-764.08 -654.48
-693.39 -654.48
-1186.99 -654.48
-782.97 -654.48
-828.91 -654.48
-768.08 -654.48
-780.87 -654.48
-745.51 -654.48
-1032.34 -654.48
-1086.88 -654.48
-665.42 -654.48
-819.19 -654.48
-875.12 -654.48
-820.06 -654.48
-865.33 -654.48
-1022.91 -654.48
-699.92 -654.48
-692.39 -654.48
-664.27 -654.48
-881.07 -654.48
-751.40 -654.48
-934.03 -654.48
-824.55 -654.48
-697.55 -654.48
-969.53 -654.48
-654.91 -654.91
-654.58 -654.58
-930.83 -654.58
-974.38 -654.58
-1120.26 -654.58
-837.43 -654.58
-1203.94 -654.58
-659.05 -654.58
-824.68 -654.58
-938.39 -654.58
-676.40 -654.58
-886.72 -654.58
-693.25 -654.58
-826.00 -654.58
-1124.11 -654.58
-978.61 -654.58
-784.46 -654.58
-700.00 -654.58
-780.56 -654.58
-747.95 -654.58
-667.99 -654.58
-765.94 -654.58
-776.88 -654.58
-663.54 -654.58
-742.80 -654.58
-746.90 -654.58
-675.70 -654.58
-675.07 -654.58
-703.75 -654.58
-781.32 -654.58
-868.62 -654.58
-748.40 -654.58
-872.46 -654.58
-723.22 -654.58
-654.56 -654.56
-696.95 -654.56
-818.30 -654.56
-793.59 -654.56
-721.27 -654.56
-723.76 -654.56
-669.45 -654.56
-668.75 -654.56
-658.09 -654.56
-673.08 -654.56
-681.01 -654.56
-763.76 -654.56
-1044.05 -654.56
-663.87 -654.56
-828.72 -654.56
-669.21 -654.56
-813.58 -654.56
-888.49 -654.56
-884.90 -654.56
-1150.20 -654.56
-940.20 -654.56
-742.21 -654.56
-697.06 -654.56
-671.45 -654.56
-698.33 -654.56
-1153.04 -654.56
-655.42 -655.42
-753.46 -655.42
-813.80 -655.42
-666.02 -655.42
-1087.94 -655.42
-663.05 -655.42
-677.67 -655.42
-996.57 -655.42
-783.76 -655.42
-748.85 -655.42
-723.66 -655.42
-796.98 -655.42
-750.35 -655.42
-1069.42 -655.42
-674.42 -655.42
-821.65 -655.42
-862.02 -655.42
-797.83 -655.42
-924.50 -655.42
-749.75 -655.42
-764.65 -655.42
-671.68 -655.42
-1037.31 -655.42
-845.94 -655.42
-1010.01 -655.42
-664.30 -655.42
-739.17 -655.42
-872.77 -655.42
-711.47 -655.42
-826.38 -655.42
-665.94 -655.42
-660.08 -655.42
-834.68 -655.42
-1055.34 -655.42
-665.53 -655.42
-796.01 -655.42
-866.59 -655.42
-671.30 -655.42
-922.14 -655.42
-1010.91 -655.42
-1276.78 -655.42
-693.37 -655.42
-676.04 -655.42
-1043.00 -655.42
-1176.24 -655.42
-834.16 -655.42
-719.19 -655.42
-735.93 -655.42
-667.05 -655.42
-670.13 -655.42
-693.87 -655.42
-731.02 -655.42
-1088.58 -655.42
-880.93 -655.42
-1036.09 -655.42
-692.89 -655.42
-772.30 -655.42
-745.50 -655.42
-741.06 -655.42
-671.17 -655.42
-1123.12 -655.42
-665.99 -655.42
-781.97 -655.42
-666.36 -655.42
-1003.32 -655.42
-786.73 -655.42
-661.14 -655.42
-781.29 -655.42
-1078.93 -655.42
-725.26 -655.42
-678.14 -655.42
-816.44 -655.42
-831.80 -655.42
-677.70 -655.42
-990.70 -655.42
-1957.47 -1957.47
-1989.97 -1957.47
-1929.79 -1929.79
-1849.06 -1849.06
-1897.71 -1849.06
-1949.28 -1849.06
-1844.22 -1844.22
-1843.61 -1843.61
-1891.02 -1843.61
-1852.37 -1843.61
-1806.74 -1806.74
-1798.42 -1798.42
-1845.78 -1798.42
-1812.10 -1798.42
-1799.90 -1798.42
-1773.07 -1773.07
-1840.22 -1773.07
-1777.95 -1773.07
-1778.22 -1773.07
-1783.10 -1773.07
-1716.67 -1716.67
-1652.50 -1652.50
-1684.38 -1652.50
-1679.20 -1652.50
-1688.71 -1652.50
-1667.44 -1652.50
-1652.23 -1652.23
-1582.62 -1582.62
-1610.03 -1582.62
-1516.81 -1516.81
-1507.62 -1507.62
-1551.66 -1507.62
-1410.19 -1410.19
-1615.53 -1410.19
-1373.70 -1373.70
-1474.74 -1373.70
-1432.69 -1373.70
-1273.54 -1273.54
-1241.15 -1241.15
-1222.35 -1222.35
-1048.70 -1048.70
-1205.98 -1048.70
-1196.23 -1048.70
-1192.17 -1048.70
-1084.27 -1048.70
-1133.14 -1048.70
-885.35 -885.35
-1148.86 -885.35
-864.45 -864.45
-748.28 -748.28
-748.19 -748.19
-779.89 -748.19
-797.08 -748.19
-696.95 -696.95
-675.17 -675.17
-723.84 -675.17
-970.56 -675.17
-759.15 -675.17
-927.60 -675.17
-693.12 -675.17
-673.37 -673.37
-846.98 -673.37
-655.82 -655.82
-834.50 -655.82
-1078.62 -655.82
-707.92 -655.82
-679.45 -655.82
-1004.12 -655.82
-697.60 -655.82
-786.99 -655.82
-786.61 -655.82
-654.86 -654.86
-739.03 -654.86
-666.50 -654.86
-903.41 -654.86
-917.07 -654.86
-883.78 -654.86
-722.71 -654.86
-771.39 -654.86
-724.45 -654.86
-737.51 -654.86
-682.27 -654.86
-1033.90 -654.86
-786.69 -654.86
-826.59 -654.86
-789.72 -654.86
-818.74 -654.86
-825.15 -654.86
-754.22 -654.86
-748.29 -654.86
-846.35 -654.86
-781.80 -654.86
-666.10 -654.86
-702.58 -654.86
-780.87 -654.86
-828.63 -654.86
-786.22 -654.86
-748.60 -654.86
-671.70 -654.86
-894.62 -654.86
-782.84 -654.86
-707.41 -654.86
-666.25 -654.86
-835.29 -654.86
-751.39 -654.86
-848.40 -654.86
-983.66 -654.86
-823.55 -654.86
-698.02 -654.86
-748.40 -654.86
-662.38 -654.86
-943.33 -654.86
-752.14 -654.86
-702.47 -654.86
-885.76 -654.86
-669.50 -654.86
-741.08 -654.86
-777.44 -654.86
-665.61 -654.86
-918.35 -654.86
-758.97 -654.86
-820.13 -654.86
-665.21 -654.86
-812.27 -654.86
-819.48 -654.86
-749.44 -654.86
-664.95 -654.86
-693.72 -654.86
-750.13 -654.86
-830.29 -654.86
-654.68 -654.68
-880.90 -654.68
-665.24 -654.68
-708.90 -654.68
-1135.51 -654.68
-755.13 -654.68
-663.56 -654.68
-831.33 -654.68
-786.20 -654.68
-654.59 -654.59
-670.88 -654.59
-772.25 -654.59
-788.22 -654.59
-788.19 -654.59
-787.32 -654.59
-674.78 -654.59
-844.18 -654.59
-917.59 -654.59
-794.72 -654.59
-664.81 -654.59
-700.09 -654.59
-699.98 -654.59
-777.43 -654.59
-929.15 -654.59
-665.89 -654.59
-706.05 -654.59
-784.06 -654.59
-700.81 -654.59
-718.41 -654.59
-875.82 -654.59
-756.89 -654.59
-968.87 -654.59
-711.53 -654.59
-655.32 -655.32
-1087.94 -655.32
-822.22 -655.32
-929.02 -655.32
-708.70 -655.32
-838.38 -655.32
-667.83 -655.32
-723.33 -655.32
-688.57 -655.32
-768.70 -655.32
-671.86 -655.32
-660.33 -655.32
-665.67 -655.32
-835.52 -655.32
-786.00 -655.32
-824.83 -655.32
-658.29 -655.32
-787.23 -655.32
-1074.26 -655.32
-730.21 -655.32
-678.71 -655.32
-777.11 -655.32
-934.12 -655.32
-938.42 -655.32
-671.08 -655.32
-655.25 -655.25
-785.40 -655.25
-822.31 -655.25
-665.35 -655.25
-676.73 -655.25
-756.95 -655.25
-1032.83 -655.25
-779.89 -655.25
-842.56 -655.25
-785.98 -655.25
-729.61 -655.25
-828.96 -655.25
-911.12 -655.25
-741.24 -655.25
-969.36 -655.25
-831.50 -655.25
-794.63 -655.25
-664.74 -655.25
-1186.56 -655.25
-785.76 -655.25
-1090.04 -655.25
-724.50 -655.25
-786.67 -655.25
-668.26 -655.25
-844.63 -655.25
-1015.02 -655.25
-781.29 -655.25
-658.30 -655.25
-665.27 -655.25
-1078.55 -655.25
-770.56 -655.25
-1045.30 -655.25
-899.78 -655.25
-839.60 -655.25
-932.68 -655.25
-762.43 -655.25
-665.13 -655.25
-916.71 -655.25
-676.41 -655.25
-747.06 -655.25
-654.57 -654.57
-673.80 -654.57
-775.99 -654.57
-869.06 -654.57
-710.94 -654.57
-824.49 -654.57
-786.31 -654.57
-826.82 -654.57
-716.86 -654.57
-747.82 -654.57
-729.81 -654.57
-967.64 -654.57
-933.48 -654.57
-894.75 -654.57
-697.95 -654.57
-755.99 -654.57
-780.55 -654.57
-867.62 -654.57
-954.34 -654.57
-748.20 -654.57
-692.29 -654.57
-666.27 -654.57
-711.35 -654.57
-693.68 -654.57
-737.12 -654.57
-674.69 -654.57
-752.49 -654.57
-742.20 -654.57
-676.33 -654.57
-663.47 -654.57
-662.51 -654.57
-680.75 -654.57
-765.58 -654.57
-757.64 -654.57
-666.13 -654.57
-794.89 -654.57
-786.28 -654.57
-887.12 -654.57
-674.80 -654.57
-844.74 -654.57
-817.63 -654.57
-838.19 -654.57
-749.32 -654.57
-830.07 -654.57
-667.77 -654.57
-700.66 -654.57
-691.69 -654.57
-749.01 -654.57
-671.98 -654.57
-749.74 -654.57
-690.85 -654.57
-674.75 -654.57
-722.85 -654.57
-682.43 -654.57
-697.76 -654.57
-697.29 -654.57
-676.41 -654.57
-849.11 -654.57
-678.13 -654.57
-675.40 -654.57
-818.72 -654.57
-865.66 -654.57
-783.38 -654.57
-677.73 -654.57
-673.55 -654.57
-665.02 -654.57
-868.06 -654.57
-663.00 -654.57
-756.46 -654.57
-703.41 -654.57
-780.67 -654.57
-827.25 -654.57
-1010.45 -654.57
-665.62 -654.57
-756.41 -654.57
-659.27 -654.57
-691.22 -654.57
-676.44 -654.57
-888.08 -654.57
-1144.31 -654.57
-749.67 -654.57
-959.48 -654.57
-678.35 -654.57
-662.67 -654.57
-705.93 -654.57
-796.85 -654.57
-665.65 -654.57
-719.96 -654.57
-864.31 -654.57
-666.25 -654.57
-778.85 -654.57
-718.24 -654.57
-870.82 -654.57
-893.21 -654.57
-777.65 -654.57
-900.04 -654.57
-986.20 -654.57
-778.69 -654.57
-784.89 -654.57
-939.09 -654.57
-747.56 -654.57
-778.18 -654.57
-783.55 -654.57
-655.92 -654.57
-667.66 -654.57
-881.84 -654.57
-1088.77 -654.57
-740.54 -654.57
-827.66 -654.57
-678.11 -654.57
-752.67 -654.57
-778.97 -654.57
-660.31 -654.57
-1049.19 -654.57
-892.37 -654.57
-691.11 -654.57
-917.36 -654.57
-668.30 -654.57
-664.13 -654.57
-706.21 -654.57
-928.13 -654.57
-668.00 -654.57
-730.98 -654.57
-666.54 -654.57
-778.30 -654.57
-827.81 -654.57
-661.49 -654.57
-662.02 -654.57
-679.76 -654.57
-765.48 -654.57
-987.08 -654.57
-772.03 -654.57
-736.78 -654.57
-665.24 -654.57
-664.18 -654.57
-665.38 -654.57
-758.98 -654.57
-787.04 -654.57
-723.77 -654.57
-765.08 -654.57
-697.33 -654.57
-973.43 -654.57
-836.00 -654.57
-773.26 -654.57
-898.19 -654.57
-787.96 -654.57
-1148.22 -654.57
-790.46 -654.57
-1018.92 -654.57
-1145.74 -654.57
-751.98 -654.57
-890.21 -654.57
-818.36 -654.57
-658.35 -654.57
-671.01 -654.57
-873.57 -654.57
-1021.65 -654.57
-742.22 -654.57
-706.31 -654.57
-787.20 -654.57
-1007.32 -654.57
-670.85 -654.57
-668.39 -654.57
-722.80 -654.57
-814.99 -654.57
-666.32 -654.57
-867.76 -654.57
-697.04 -654.57
-740.78 -654.57
-866.09 -654.57
-654.59 -654.59
-1032.03 -654.59
-668.35 -654.59
-868.48 -654.59
-668.41 -654.59
-655.38 -655.38
-879.25 -655.38
-1002.97 -655.38
-662.00 -655.38
-737.29 -655.38
-695.32 -655.38
-782.09 -655.38
-882.16 -655.38
-894.70 -655.38
-763.80 -655.38
-697.72 -655.38
-900.81 -655.38
-670.98 -655.38
-2013.81 -655.38
-2062.92 -655.38
-1990.08 -1990.08
-2004.68 -1990.08
-1990.86 -1990.86
-1995.04 -1990.86
-1954.47 -1954.47
-1956.58 -1954.47
-1996.52 -1954.47
-1977.78 -1954.47
-1906.16 -1906.16
-1883.27 -1883.27
-1916.42 -1883.27
-1904.05 -1883.27
-1861.87 -1861.87
-1905.61 -1861.87
-1835.67 -1835.67
-1837.06 -1835.67
-1851.26 -1835.67
-1836.98 -1835.67
-1804.91 -1804.91
-1825.33 -1804.91
-1736.96 -1736.96
-1651.76 -1651.76
-1633.55 -1633.55
-1619.31 -1619.31
-1522.13 -1522.13
-1550.72 -1522.13
-1480.99 -1480.99
-1338.58 -1338.58
-1280.61 -1280.61
-1270.01 -1270.01
-1430.61 -1270.01
-1362.61 -1270.01
-826.86 -826.86
-813.23 -813.23
-861.53 -813.23
-864.19 -813.23
-697.21 -697.21
-922.47 -697.21
-786.33 -697.21
-676.06 -676.06
-1038.25 -676.06
-766.73 -676.06
-682.45 -676.06
-658.33 -658.33
-697.36 -658.33
-667.43 -658.33
-787.04 -658.33
-1038.10 -658.33
-697.85 -658.33
-787.02 -658.33
-656.04 -656.04
-670.21 -656.04
-949.41 -656.04
-818.66 -656.04
-741.61 -656.04
-697.55 -656.04
-786.68 -656.04
-873.64 -656.04
-819.34 -656.04
-742.73 -656.04
-693.80 -656.04
-669.16 -656.04
-781.54 -656.04
-925.42 -656.04
-752.91 -656.04
-759.26 -656.04
-687.08 -656.04
-785.43 -656.04
-894.44 -656.04
-772.28 -656.04
-760.04 -656.04
-785.16 -656.04
-895.22 -656.04
-817.46 -656.04
-721.11 -656.04
-883.09 -656.04
-721.83 -656.04
-828.40 -656.04
-665.35 -656.04
-666.04 -656.04
-676.92 -656.04
-730.35 -656.04
-721.77 -656.04
-676.40 -656.04
-673.13 -656.04
-658.08 -656.04
-665.70 -656.04
-654.83 -654.83
-701.34 -654.83
-789.19 -654.83
-797.37 -654.83
-654.64 -654.64
-791.98 -654.64
-672.98 -654.64
-872.29 -654.64
-910.03 -654.64
-780.45 -654.64
-658.08 -654.64
-702.54 -654.64
-779.56 -654.64
-655.43 -655.43
-698.19 -655.43
-882.69 -655.43
-773.07 -655.43
-823.00 -655.43
-749.16 -655.43
-692.21 -655.43
-724.95 -655.43
-654.60 -654.60
-680.65 -654.60
-669.44 -654.60
-869.93 -654.60
-821.12 -654.60
-691.54 -654.60
-718.17 -654.60
-818.29 -654.60
-739.21 -654.60
-823.25 -654.60
-788.25 -654.60
-724.16 -654.60
-703.62 -654.60
-778.14 -654.60
-690.48 -654.60
-690.51 -654.60
-721.10 -654.60
-1116.29 -654.60
-697.34 -654.60
-788.52 -654.60
-1003.87 -654.60
-711.20 -654.60
-1045.92 -654.60
-828.40 -654.60
-780.38 -654.60
-737.67 -654.60
-667.04 -654.60
-654.61 -654.60
-670.10 -654.60
-844.36 -654.60
-742.00 -654.60
-674.59 -654.60
-779.72 -654.60
-665.13 -654.60
-788.02 -654.60
-784.94 -654.60
-817.91 -654.60
-669.39 -654.60
-896.90 -654.60
-662.88 -654.60
-796.88 -654.60
-785.86 -654.60
-660.32 -654.60
-751.44 -654.60
-667.53 -654.60
-664.75 -654.60
-665.65 -654.60
-703.65 -654.60
-676.52 -654.60
-665.51 -654.60
-759.32 -654.60
-692.32 -654.60
-669.50 -654.60
-695.19 -654.60
-667.37 -654.60
-1038.31 -654.60
-788.02 -654.60
-694.47 -654.60
-678.37 -654.60
-664.93 -654.60
-831.56 -654.60
-721.73 -654.60
-673.97 -654.60
-947.64 -654.60
-753.66 -654.60
-663.41 -654.60
-745.85 -654.60
-710.39 -654.60
-729.24 -654.60
-891.87 -654.60
-788.23 -654.60
-846.58 -654.60
-741.64 -654.60
-864.50 -654.60
-725.22 -654.60
-767.48 -654.60
-783.46 -654.60
-706.61 -654.60
-669.15 -654.60
-925.65 -654.60
-865.76 -654.60
-900.31 -654.60
-699.55 -654.60
-781.51 -654.60
-813.94 -654.60
-654.66 -654.66
-873.99 -654.66
-730.34 -654.66
-663.92 -654.66
-693.42 -654.66
-668.89 -654.66
-833.00 -654.66
-749.20 -654.66
-888.37 -654.66
-820.27 -654.66
-667.52 -654.66
-965.92 -654.66
-1129.44 -654.66
-659.07 -654.66
-818.44 -654.66
-779.28 -654.66
-798.23 -654.66
-865.31 -654.66
-662.56 -654.66
-899.74 -654.66
-828.84 -654.66
-688.07 -654.66
-751.05 -654.66
-872.32 -654.66
-665.24 -654.66
-784.70 -654.66
-871.02 -654.66
-1014.92 -654.66
-786.75 -654.66
-748.35 -654.66
-1006.51 -654.66
-667.40 -654.66
-669.40 -654.66
-665.44 -654.66
-675.60 -654.66
-665.49 -654.66
-695.37 -654.66
-748.10 -654.66
-665.73 -654.66
-697.67 -654.66
-668.75 -654.66
-832.64 -654.66
-662.12 -654.66
-898.48 -654.66
-655.50 -655.50
-781.36 -655.50
-690.17 -655.50
-1033.80 -655.50
-663.93 -655.50
-927.67 -655.50
-698.46 -655.50
-703.17 -655.50
-736.17 -655.50
-740.23 -655.50
-924.78 -655.50
-708.99 -655.50
-664.83 -655.50
-667.94 -655.50
-720.55 -655.50
-663.57 -655.50
-829.21 -655.50
-783.79 -655.50
-707.39 -655.50
-819.47 -655.50
-882.22 -655.50
-729.82 -655.50
-748.52 -655.50
-786.51 -655.50
-786.72 -655.50
-667.27 -655.50
-693.91 -655.50
-700.29 -655.50
-789.70 -655.50
-676.42 -655.50
-785.04 -655.50
-665.24 -655.50
-670.20 -655.50
-836.40 -655.50
-796.39 -655.50
-721.12 -655.50
-665.27 -655.50
-708.38 -655.50
-694.43 -655.50
-775.37 -655.50
-700.07 -655.50
-790.97 -655.50
-675.60 -655.50
-828.16 -655.50
-692.06 -655.50
-740.09 -655.50
-655.02 -655.02
-663.92 -655.02
-885.53 -655.02
-813.40 -655.02
-1021.82 -655.02
-755.31 -655.02
-764.03 -655.02
-678.70 -655.02
-674.66 -655.02
-668.11 -655.02
-811.56 -655.02
-667.60 -655.02
-722.45 -655.02
-677.48 -655.02
-788.38 -655.02
-695.05 -655.02
-751.15 -655.02
-783.05 -655.02
-1050.21 -655.02
-674.19 -655.02
-748.15 -655.02
-872.64 -655.02
-829.88 -655.02
-778.46 -655.02
-665.05 -655.02
-781.67 -655.02
-722.54 -655.02
-813.16 -655.02
-691.73 -655.02
-665.05 -655.02
-947.70 -655.02
-690.61 -655.02
-919.24 -655.02
-987.41 -655.02
-788.61 -655.02
-840.97 -655.02
-697.60 -655.02
-706.80 -655.02
-654.62 -654.62
-892.44 -654.62
-749.06 -654.62
-659.33 -654.62
-765.48 -654.62
-663.56 -654.62
-759.17 -654.62
-878.48 -654.62
-713.29 -654.62
-740.85 -654.62
-697.87 -654.62
-782.74 -654.62
-673.16 -654.62
-688.34 -654.62
-1010.22 -654.62
-1092.33 -654.62
-777.08 -654.62
-922.36 -654.62
-771.90 -654.62
-813.60 -654.62
-662.90 -654.62
-755.24 -654.62
-730.84 -654.62
-708.39 -654.62
-658.36 -654.62
-763.58 -654.62
-822.58 -654.62
-778.93 -654.62
-676.49 -654.62
-667.54 -654.62
-659.98 -654.62
-831.61 -654.62
-832.06 -654.62
-778.51 -654.62
-820.43 -654.62
-862.65 -654.62
-770.46 -654.62
-782.55 -654.62
-677.04 -654.62
-659.13 -654.62
-779.38 -654.62
-935.29 -654.62
-948.17 -654.62
-697.60 -654.62
-712.05 -654.62
-897.54 -654.62
-836.40 -654.62
-772.20 -654.62
-745.22 -654.62
-663.02 -654.62
-1169.61 -654.62
-724.45 -654.62
-701.91 -654.62
-708.72 -654.62
-693.80 -654.62
-829.22 -654.62
-878.28 -654.62
-690.54 -654.62
-811.91 -654.62
-829.60 -654.62
-883.65 -654.62
-865.81 -654.62
-748.82 -654.62
-724.51 -654.62
-688.38 -654.62
-748.17 -654.62
-695.38 -654.62
-659.08 -654.62
-703.18 -654.62
-729.75 -654.62
-836.21 -654.62
-923.14 -654.62
-694.02 -654.62
-960.13 -654.62
-827.79 -654.62
-722.37 -654.62
-693.51 -654.62
-913.11 -654.62
-925.01 -654.62
-700.86 -654.62
-710.10 -654.62
-815.43 -654.62
-780.57 -654.62
-1049.78 -654.62
-758.85 -654.62
-654.61 -654.61
-674.36 -654.61
-725.62 -654.61
-673.12 -654.61
-1032.49 -654.61
-665.13 -654.61
-658.99 -654.61
-701.06 -654.61
-2025.37 -654.61
-2020.01 -654.61
-2029.62 -654.61
-2040.57 -654.61
-2007.77 -654.61
-1990.62 -1990.62
-1992.75 -1990.62
-1996.88 -1990.62
-1932.49 -1932.49
-1863.60 -1863.60
-1836.02 -1836.02
-1833.62 -1833.62
-1826.44 -1826.44
-1852.99 -1826.44
-1817.83 -1817.83
-1848.91 -1817.83
-1834.12 -1817.83
-1885.76 -1817.83
-1828.41 -1817.83
-1788.19 -1788.19
-1817.02 -1788.19
-1815.75 -1788.19
-1833.62 -1788.19
-1710.40 -1710.40
-1685.03 -1685.03
-1637.61 -1637.61
-1564.55 -1564.55
-1589.45 -1564.55
-1596.99 -1564.55
-1673.37 -1564.55
-1582.23 -1564.55
-1524.39 -1524.39
-1603.74 -1524.39
-1626.82 -1524.39
-1525.77 -1524.39
-1598.56 -1524.39
-1504.76 -1504.76
-1609.99 -1504.76
-1329.89 -1329.89
-1306.12 -1306.12
-1376.49 -1306.12
-1245.84 -1245.84
-1180.79 -1180.79
-957.70 -957.70
-1133.35 -957.70
-833.50 -833.50
-717.50 -717.50
-716.08 -716.08
-780.65 -716.08
-1153.53 -716.08
-773.10 -716.08
-755.19 -716.08
-869.10 -716.08
-682.46 -682.46
-820.19 -682.46
-747.13 -682.46
-664.98 -664.98
-671.37 -664.98
-780.15 -664.98
-1011.58 -664.98
-787.28 -664.98
-668.39 -664.98
-764.94 -664.98
-661.22 -661.22
-828.65 -661.22
-881.24 -661.22
-785.38 -661.22
-917.87 -661.22
-654.64 -654.64
-721.04 -654.64
-787.19 -654.64
-723.72 -654.64
-679.99 -654.64
-726.71 -654.64
-720.74 -654.64
-884.97 -654.64
-744.33 -654.64
-870.77 -654.64
-777.93 -654.64
-1027.30 -654.64
-917.66 -654.64
-752.72 -654.64
-741.00 -654.64
-895.32 -654.64
-698.13 -654.64
-664.68 -654.64
-796.57 -654.64
-1010.51 -654.64
-934.48 -654.64
-778.67 -654.64
-739.00 -654.64
-883.94 -654.64
-861.26 -654.64
-762.80 -654.64
-990.88 -654.64
-815.39 -654.64
-664.43 -654.64
-665.26 -654.64
-948.20 -654.64
-898.94 -654.64
-813.09 -654.64
-864.44 -654.64
-884.52 -654.64
-923.73 -654.64
-785.24 -654.64
-917.30 -654.64
-669.06 -654.64
-680.44 -654.64
-725.22 -654.64
-827.29 -654.64
-723.11 -654.64
-762.69 -654.64
-739.95 -654.64
-662.05 -654.64
-747.73 -654.64
-750.40 -654.64
-671.07 -654.64
-751.36 -654.64
-724.39 -654.64
-759.00 -654.64
-762.69 -654.64
-1213.16 -654.64
-740.88 -654.64
-668.47 -654.64
-779.09 -654.64
-700.83 -654.64
-670.12 -654.64
-655.60 -655.60
-867.27 -655.60
-690.35 -655.60
-890.25 -655.60
-703.39 -655.60
-675.30 -655.60
-920.47 -655.60
-666.12 -655.60
-888.28 -655.60
-706.68 -655.60
-678.40 -655.60
-655.70 -655.60
-698.11 -655.60
-781.36 -655.60
-915.51 -655.60
-662.39 -655.60
-665.81 -655.60
-846.21 -655.60
-749.76 -655.60
-769.85 -655.60
-655.38 -655.38
-746.41 -655.38
-654.90 -654.90
-1087.60 -654.90
-722.88 -654.90
-666.20 -654.90
-917.31 -654.90
-692.38 -654.90
-782.91 -654.90
-786.59 -654.90
-674.27 -654.90
-670.80 -654.90
-661.89 -654.90
-887.43 -654.90
-654.99 -654.99
-660.18 -654.99
-699.34 -654.99
-662.74 -654.99
-668.52 -654.99
-797.40 -654.99
-751.12 -654.99
-780.69 -654.99
-753.45 -654.99
-784.20 -654.99
-771.22 -654.99
-920.49 -654.99
-779.82 -654.99
-721.28 -654.99
-678.42 -654.99
-675.33 -654.99
-688.19 -654.99
-669.80 -654.99
-703.42 -654.99
-927.95 -654.99
-696.68 -654.99
-730.36 -654.99
-865.83 -654.99
-788.06 -654.99
-781.15 -654.99
-847.91 -654.99
-823.98 -654.99
-778.31 -654.99
-722.76 -654.99
-703.43 -654.99
-668.11 -654.99
-835.81 -654.99
-738.87 -654.99
-754.14 -654.99
-914.31 -654.99
-999.00 -654.99
-669.45 -654.99
-947.72 -654.99
-698.54 -654.99
-753.22 -654.99
-694.77 -654.99
-664.89 -654.99
-916.81 -654.99
-746.64 -654.99
-748.00 -654.99
-784.10 -654.99
-839.31 -654.99
-782.91 -654.99
-880.26 -654.99
-829.89 -654.99
-746.34 -654.99
-866.86 -654.99
-722.25 -654.99
-1113.21 -654.99
-891.60 -654.99
-654.64 -654.64
-675.18 -654.64
-751.30 -654.64
-673.45 -654.64
-654.60 -654.60
-755.28 -654.60
-849.03 -654.60
-762.60 -654.60
-874.10 -654.60
-797.97 -654.60
-705.78 -654.60
-675.94 -654.60
-669.24 -654.60
-754.57 -654.60
-791.78 -654.60
-712.95 -654.60
-747.27 -654.60
-655.21 -655.21
-797.89 -655.21
-865.72 -655.21
-783.73 -655.21
-749.61 -655.21
-698.13 -655.21
-670.10 -655.21
-710.53 -655.21
-918.57 -655.21
-870.90 -655.21
-973.30 -655.21
-922.93 -655.21
-655.00 -655.00
-710.34 -655.00
-662.75 -655.00
-667.90 -655.00
-790.98 -655.00
-654.79 -654.79
-887.81 -654.79
-736.11 -654.79
-737.47 -654.79
-658.40 -654.79
-755.56 -654.79
-826.45 -654.79
-872.20 -654.79
-670.08 -654.79
-668.91 -654.79
-654.62 -654.62
-943.10 -654.62
-670.02 -654.62
-1018.82 -654.62
-792.77 -654.62
-831.53 -654.62
-782.77 -654.62
-730.68 -654.62
-736.24 -654.62
-830.81 -654.62
-731.22 -654.62
-843.06 -654.62
-705.67 -654.62
-669.05 -654.62
-905.91 -654.62
-777.83 -654.62
-760.16 -654.62
-866.33 -654.62
-751.37 -654.62
-676.61 -654.62
-663.21 -654.62
-825.62 -654.62
-777.98 -654.62
-682.57 -654.62
-962.69 -654.62
-1050.00 -654.62
-874.45 -654.62
-797.24 -654.62
-754.02 -654.62
-879.46 -654.62
-692.36 -654.62
-752.00 -654.62
-826.93 -654.62
-703.63 -654.62
-784.52 -654.62
-720.74 -654.62
-749.30 -654.62
-822.40 -654.62
-781.26 -654.62
-828.93 -654.62
-724.38 -654.62
-891.49 -654.62
-835.75 -654.62
-783.29 -654.62
-781.57 -654.62
-720.39 -654.62
-658.43 -654.62
-832.47 -654.62
-783.85 -654.62
-665.11 -654.62
-660.35 -654.62
-690.32 -654.62
-654.67 -654.67
-690.34 -654.67
-869.71 -654.67
-691.94 -654.67
-763.42 -654.67
-837.19 -654.67
-832.71 -654.67
-995.70 -654.67
-831.07 -654.67
-695.38 -654.67
-663.09 -654.67
-741.17 -654.67
-673.95 -654.67
-740.59 -654.67
-669.20 -654.67
-755.02 -654.67
-729.16 -654.67
-848.52 -654.67
-667.50 -654.67
-664.46 -654.67
-664.67 -654.67
-787.18 -654.67
-658.05 -654.67
-720.41 -654.67
-750.72 -654.67
-674.31 -654.67
-725.43 -654.67
-790.23 -654.67
-886.09 -654.67
-742.92 -654.67
-663.14 -654.67
-725.45 -654.67
-765.46 -654.67
-789.32 -654.67
-763.77 -654.67
-813.12 -654.67
-668.77 -654.67
-829.93 -654.67
-822.47 -654.67
-784.42 -654.67
-752.20 -654.67
-719.65 -654.67
-756.92 -654.67
-786.30 -654.67
-797.48 -654.67
-696.80 -654.67
-783.68 -654.67
-795.64 -654.67
-751.99 -654.67
-677.19 -654.67
-859.63 -654.67
-784.90 -654.67
-710.93 -654.67
-797.00 -654.67
-665.28 -654.67
-960.05 -654.67
-703.60 -654.67
-777.23 -654.67
-741.24 -654.67
-671.89 -654.67
-836.04 -654.67
-698.03 -654.67
-672.00 -654.67
-741.88 -654.67
-655.36 -655.36
-840.26 -655.36
-882.18 -655.36
-661.66 -655.36
-757.92 -655.36
-654.68 -654.68
-780.34 -654.68
-663.08 -654.68
-799.41 -654.68
-828.61 -654.68
-836.83 -654.68
-699.23 -654.68
-1038.35 -654.68
-744.95 -654.68
-1038.99 -654.68
-785.47 -654.68
-665.14 -654.68
-746.45 -654.68
-821.52 -654.68
-672.54 -654.68
-750.08 -654.68
-724.48 -654.68
-822.38 -654.68
-787.72 -654.68
-682.76 -654.68
-660.59 -654.68
-866.16 -654.68
-819.73 -654.68
-660.29 -654.68
-721.86 -654.68
-713.85 -654.68
-667.96 -654.68
-991.54 -654.68
-664.11 -654.68
-786.49 -654.68
-861.93 -654.68
-665.78 -654.68
-750.39 -654.68
-830.54 -654.68
-844.99 -654.68
-1974.68 -1974.68
-1945.14 -1945.14
-1907.42 -1907.42
-1860.52 -1860.52
-1824.96 -1824.96
-1760.04 -1760.04
-1759.28 -1759.28
-1731.23 -1731.23
-1758.89 -1731.23
-1730.06 -1730.06
-1682.17 -1682.17
-1626.19 -1626.19
-1636.14 -1626.19
-1611.37 -1611.37
-1556.60 -1556.60
-1564.03 -1556.60
-1498.08 -1498.08
-1326.15 -1326.15
-1144.43 -1144.43
-1048.70 -1048.70
-887.89 -887.89
-886.29 -886.29
-831.54 -831.54
-730.48 -730.48
-1010.11 -730.48
-780.77 -730.48
-1001.96 -730.48
-786.71 -730.48
-669.06 -669.06
-749.57 -669.06
-693.99 -669.06
-665.63 -665.63
-915.93 -665.63
-752.67 -665.63
-765.03 -665.63
-960.29 -665.63
-788.00 -665.63
-658.33 -658.33
-915.14 -658.33
-730.62 -658.33
-655.20 -655.20
-666.02 -655.20
-1046.15 -655.20
-654.49 -654.49
-1005.89 -654.49
-670.48 -654.49
-1003.28 -654.49
-668.00 -654.49
-668.22 -654.49
-766.93 -654.49
-708.87 -654.49
-701.10 -654.49
-993.46 -654.49
-814.64 -654.49
-692.47 -654.49
-666.96 -654.49
-659.28 -654.49
-830.07 -654.49
-834.69 -654.49
-668.48 -654.49
-665.61 -654.49
-664.62 -654.49
-654.65 -654.65
-721.20 -654.65
-666.29 -654.65
-662.19 -654.65
-743.47 -654.65
-750.23 -654.65
-831.53 -654.65
-781.21 -654.65
-850.11 -654.65
-720.63 -654.65
-814.02 -654.65
-1011.81 -654.65
-798.03 -654.65
-730.73 -654.65
-663.74 -654.65
-743.68 -654.65
-916.22 -654.65
-664.28 -654.65
-663.88 -654.65
-882.03 -654.65
-693.61 -654.65
-711.18 -654.65
-783.08 -654.65
-719.48 -654.65
-782.41 -654.65
-783.14 -654.65
-662.37 -654.65
-692.11 -654.65
-660.55 -654.65
-665.60 -654.65
-748.85 -654.65
-752.86 -654.65
-666.50 -654.65
-741.06 -654.65
-676.03 -654.65
-796.12 -654.65
-783.22 -654.65
-819.05 -654.65
-954.20 -654.65
-785.35 -654.65
-931.50 -654.65
-751.27 -654.65
-670.48 -654.65
-668.43 -654.65
-699.41 -654.65
-843.19 -654.65
-763.21 -654.65
-863.18 -654.65
-925.43 -654.65
-920.80 -654.65
-955.36 -654.65
-665.76 -654.65
-666.01 -654.65
-758.03 -654.65
-1072.14 -654.65
-712.16 -654.65
-665.59 -654.65
-865.33 -654.65
-724.09 -654.65
-756.28 -654.65
-706.67 -654.65
-686.67 -654.65
-772.09 -654.65
-991.32 -654.65
-749.99 -654.65
-754.06 -654.65
-778.02 -654.65
-700.93 -654.65
-790.27 -654.65
-664.49 -654.65
-744.41 -654.65
-664.30 -654.65
-706.52 -654.65
-696.34 -654.65
-785.48 -654.65
-786.22 -654.65
-783.62 -654.65
-765.10 -654.65
-675.97 -654.65
-792.09 -654.65
-706.23 -654.65
-780.37 -654.65
-705.11 -654.65
-783.75 -654.65
-785.40 -654.65
-658.09 -654.65
-920.71 -654.65
-820.77 -654.65
-836.86 -654.65
-665.70 -654.65
-723.83 -654.65
-670.35 -654.65
-703.24 -654.65
-970.53 -654.65
-857.45 -654.65
-713.17 -654.65
-720.64 -654.65
-850.49 -654.65
-786.47 -654.65
-674.31 -654.65
-695.03 -654.65
-796.61 -654.65
-785.18 -654.65
-701.08 -654.65
-827.57 -654.65
-862.01 -654.65
-823.21 -654.65
-654.63 -654.63
-876.07 -654.63
-654.62 -654.62
-751.69 -654.62
-1144.11 -654.62
-783.40 -654.62
-872.23 -654.62
-674.98 -654.62
-848.82 -654.62
-884.71 -654.62
-720.43 -654.62
-884.46 -654.62
-952.39 -654.62
-667.60 -654.62
-704.18 -654.62
-785.37 -654.62
-671.22 -654.62
-662.67 -654.62
-882.53 -654.62
-736.14 -654.62
-695.29 -654.62
-722.82 -654.62
-915.87 -654.62
-797.69 -654.62
-744.04 -654.62
-980.26 -654.62
-710.48 -654.62
-754.83 -654.62
-723.32 -654.62
-886.44 -654.62
-724.33 -654.62
-694.98 -654.62
-893.38 -654.62
-826.02 -654.62
-694.55 -654.62
-739.14 -654.62
-669.87 -654.62
-747.39 -654.62
-687.09 -654.62
-654.64 -654.64
-723.96 -654.64
-896.71 -654.64
-701.95 -654.64
-663.11 -654.64
-757.44 -654.64
-766.01 -654.64
-831.35 -654.64
-698.07 -654.64
-740.86 -654.64
-700.36 -654.64
-721.53 -654.64
-780.75 -654.64
-707.15 -654.64
-797.43 -654.64
-751.23 -654.64
-750.42 -654.64
-662.34 -654.64
-697.50 -654.64
-777.60 -654.64
-897.23 -654.64
-679.20 -654.64
-952.65 -654.64
-656.25 -654.64
-694.72 -654.64
-720.68 -654.64
-983.07 -654.64
-660.69 -654.64
-726.68 -654.64
-748.28 -654.64
-866.53 -654.64
-694.02 -654.64
-706.22 -654.64
-723.76 -654.64
-671.35 -654.64
-751.64 -654.64
-791.52 -654.64
-677.02 -654.64
-658.36 -654.64
-742.24 -654.64
-691.44 -654.64
-844.43 -654.64
-927.47 -654.64
-698.93 -654.64
-1050.02 -654.64
-718.27 -654.64
-680.53 -654.64
-956.87 -654.64
-823.57 -654.64
-819.74 -654.64
-779.07 -654.64
-1007.77 -654.64
-832.33 -654.64
-831.32 -654.64
-821.21 -654.64
-861.61 -654.64
-810.86 -654.64
-665.59 -654.64
-660.57 -654.64
-798.72 -654.64
-784.71 -654.64
-797.88 -654.64
-756.62 -654.64
-861.92 -654.64
-663.08 -654.64
-823.46 -654.64
-740.23 -654.64
-780.40 -654.64
-752.03 -654.64
-754.81 -654.64
-741.20 -654.64
-742.03 -654.64
-753.14 -654.64
-668.18 -654.64
-700.50 -654.64
-669.18 -654.64
-693.31 -654.64
-782.81 -654.64
-827.81 -654.64
-677.17 -654.64
-750.97 -654.64
-724.84 -654.64
-746.42 -654.64
-821.96 -654.64
-837.91 -654.64
-958.34 -654.64
-673.65 -654.64
-782.81 -654.64
-662.24 -654.64
-729.60 -654.64
-752.15 -654.64
-883.65 -654.64
-673.86 -654.64
-785.16 -654.64
-664.62 -654.64
-697.98 -654.64
-787.97 -654.64
-771.95 -654.64
-673.99 -654.64
-655.70 -654.64
-712.83 -654.64
-795.74 -654.64
-654.69 -654.69
-784.84 -654.69
-903.79 -654.69
-743.61 -654.69
-669.60 -654.69
-791.66 -654.69
-662.78 -654.69
-867.15 -654.69
-699.28 -654.69
-666.81 -654.69
-794.23 -654.69
-794.84 -654.69
-821.88 -654.69
-697.76 -654.69
-708.06 -654.69
-757.34 -654.69
-797.58 -654.69
-707.68 -654.69
-699.14 -654.69
-764.42 -654.69
-667.58 -654.69
-675.95 -654.69
-709.85 -654.69
-663.16 -654.69
-692.10 -654.69
-690.25 -654.69
-679.39 -654.69
-665.78 -654.69
-870.73 -654.69
-780.56 -654.69
-871.05 -654.69
-888.57 -654.69
-772.15 -654.69
-675.30 -654.69
-748.10 -654.69
-674.71 -654.69
-758.92 -654.69
-724.81 -654.69
-654.48 -654.48
-871.82 -654.48
-692.60 -654.48
-675.17 -654.48
-686.53 -654.48
-722.82 -654.48
-669.03 -654.48
-668.23 -654.48
-722.14 -654.48
-779.12 -654.48
-754.74 -654.48
-740.24 -654.48
-701.98 -654.48
-737.82 -654.48
-832.06 -654.48
-747.08 -654.48
-900.00 -654.48
-955.22 -654.48
-697.99 -654.48
-787.08 -654.48
-771.61 -654.48
-766.02 -654.48
-660.56 -654.48
-669.47 -654.48
-740.22 -654.48
-660.99 -654.48
-881.88 -654.48
-748.44 -654.48
-690.39 -654.48
-665.71 -654.48
-947.66 -654.48
-680.79 -654.48
-844.72 -654.48
-740.58 -654.48
-698.70 -654.48
-665.38 -654.48
-667.70 -654.48
-722.52 -654.48
-668.24 -654.48
-703.56 -654.48
-785.77 -654.48
-787.32 -654.48
-824.08 -654.48
-665.47 -654.48
-786.57 -654.48
-781.66 -654.48
-909.13 -654.48
-668.45 -654.48
-846.66 -654.48
-724.22 -654.48
-736.68 -654.48
-667.97 -654.48
-749.79 -654.48
-669.81 -654.48
-776.24 -654.48
-699.59 -654.48
-730.33 -654.48
-665.88 -654.48
-694.90 -654.48
-737.56 -654.48
-994.98 -654.48
-665.92 -654.48
-749.66 -654.48
-981.19 -654.48
-750.91 -654.48
-830.19 -654.48
-680.68 -654.48
-736.32 -654.48
-1997.34 -1997.34
-2034.23 -1997.34
-2015.76 -1997.34
-1986.94 -1986.94
