-10000.00 -10000.00
-1491.57 -1491.57
-1497.79 -1491.57
-1497.77 -1491.57
-1513.51 -1491.57
-1485.00 -1485.00
-1504.90 -1485.00
-1474.07 -1474.07
-1479.47 -1474.07
-1466.89 -1466.89
-1497.28 -1466.89
-1441.95 -1441.95
-1435.48 -1435.48
-1440.12 -1435.48
-1462.87 -1435.48
-1408.64 -1408.64
-1392.94 -1392.94
-1380.57 -1380.57
-1358.67 -1358.67
-1342.10 -1342.10
-1328.62 -1328.62
-1309.52 -1309.52
-1288.66 -1288.66
-1342.10 -1288.66
-1305.03 -1288.66
-1229.95 -1229.95
-1248.29 -1229.95
-1225.78 -1225.78
-1203.41 -1203.41
-1185.31 -1185.31
-1106.17 -1106.17
-1154.97 -1106.17
-1007.12 -1007.12
-1073.83 -1007.12
-959.94 -959.94
-951.81 -951.81
-1062.12 -951.81
-895.26 -895.26
-731.07 -731.07
-835.91 -731.07
-593.30 -593.30
-762.44 -593.30
-644.57 -593.30
-541.57 -541.57
-487.11 -487.11
-641.48 -487.11
-527.68 -487.11
-678.00 -487.11
-486.77 -486.77
-697.90 -486.77
-572.29 -486.77
-506.25 -486.77
-517.96 -486.77
-601.44 -486.77
-560.48 -486.77
-608.09 -486.77
-476.84 -476.84
-556.80 -476.84
-507.63 -476.84
-714.53 -476.84
-509.95 -476.84
-510.09 -476.84
-549.52 -476.84
-603.20 -476.84
-580.09 -476.84
-556.96 -476.84
-642.66 -476.84
-776.48 -476.84
-783.97 -476.84
-549.59 -476.84
-837.93 -476.84
-582.04 -476.84
-542.48 -476.84
-488.90 -476.84
-766.93 -476.84
-601.45 -476.84
-503.85 -476.84
-567.13 -476.84
-919.20 -476.84
-543.52 -476.84
-488.58 -476.84
-680.37 -476.84
-484.31 -476.84
-786.02 -476.84
-714.90 -476.84
-524.66 -476.84
-571.73 -476.84
-542.42 -476.84
-493.51 -476.84
-837.27 -476.84
-527.12 -476.84
-702.31 -476.84
-740.20 -476.84
-636.42 -476.84
-686.40 -476.84
-517.06 -476.84
-828.47 -476.84
-487.74 -476.84
-489.00 -476.84
-676.50 -476.84
-633.54 -476.84
-579.72 -476.84
-569.00 -476.84
-594.36 -476.84
-706.45 -476.84
-607.79 -476.84
-485.64 -476.84
-616.69 -476.84
-783.24 -476.84
-540.82 -476.84
-641.87 -476.84
-601.77 -476.84
-907.85 -476.84
-695.83 -476.84
-482.53 -476.84
-504.08 -476.84
-713.91 -476.84
-828.88 -476.84
-514.48 -476.84
-556.85 -476.84
-526.05 -476.84
-567.74 -476.84
-844.89 -476.84
-484.39 -476.84
-695.91 -476.84
-544.09 -476.84
-826.69 -476.84
-643.12 -476.84
-492.51 -476.84
-484.42 -476.84
-477.15 -477.15
-599.50 -477.15
-715.15 -477.15
-527.80 -477.15
-506.41 -477.15
-747.16 -477.15
-736.39 -477.15
-591.83 -477.15
-488.64 -477.15
-510.05 -477.15
-708.94 -477.15
-501.41 -477.15
-577.89 -477.15
-603.35 -477.15
-653.59 -477.15
-643.49 -477.15
-567.93 -477.15
-569.74 -477.15
-484.42 -477.15
-614.23 -477.15
-729.27 -477.15
-638.71 -477.15
-527.59 -477.15
-510.78 -477.15
-692.40 -477.15
-514.23 -477.15
-763.95 -477.15
-479.24 -477.15
-666.30 -477.15
-482.20 -477.15
-730.00 -477.15
-730.89 -477.15
-618.19 -477.15
-516.30 -477.15
-654.96 -477.15
-594.44 -477.15
-476.95 -476.95
-481.57 -476.95
-539.61 -476.95
-576.13 -476.95
-717.08 -476.95
-580.09 -476.95
-571.47 -476.95
-490.66 -476.95
-485.08 -476.95
-485.04 -476.95
-739.47 -476.95
-569.81 -476.95
-507.45 -476.95
-630.89 -476.95
-557.92 -476.95
-634.15 -476.95
-759.69 -476.95
-526.87 -476.95
-597.82 -476.95
-603.83 -476.95
-495.38 -476.95
-643.27 -476.95
-567.03 -476.95
-730.28 -476.95
-479.22 -476.95
-591.83 -476.95
-593.12 -476.95
-506.27 -476.95
-634.52 -476.95
-539.48 -476.95
-707.51 -476.95
-942.89 -476.95
-506.83 -476.95
-601.12 -476.95
-606.00 -476.95
-477.61 -477.61
-646.19 -477.61
-756.28 -477.61
-477.49 -477.49
-546.68 -477.49
-679.87 -477.49
-568.91 -477.49
-728.92 -477.49
-673.84 -477.49
-519.58 -477.49
-477.59 -477.59
-813.56 -477.59
-536.49 -477.59
-733.35 -477.59
-510.64 -477.59
-661.88 -477.59
-735.49 -477.59
-482.34 -477.59
-599.33 -477.59
-527.64 -477.59
-479.21 -479.21
-531.66 -479.21
-705.60 -479.21
-647.04 -479.21
-541.86 -479.21
-595.09 -479.21
-632.50 -479.21
-666.65 -479.21
-508.85 -479.21
-759.79 -479.21
-515.65 -479.21
-557.96 -479.21
-763.34 -479.21
-537.15 -479.21
-568.99 -479.21
-569.30 -479.21
-640.28 -479.21
-524.86 -479.21
-486.26 -479.21
-526.04 -479.21
-603.82 -479.21
-569.18 -479.21
-503.37 -479.21
-486.89 -479.21
-667.56 -479.21
-648.26 -479.21
-477.20 -477.20
-657.50 -477.20
-766.68 -477.20
-479.45 -479.45
-488.51 -479.45
-670.40 -479.45
-482.17 -479.45
-481.62 -479.45
-658.20 -479.45
-539.34 -479.45
-569.46 -479.45
-629.75 -479.45
-485.19 -479.45
-483.56 -479.45
-557.46 -479.45
-661.46 -479.45
-650.98 -479.45
-567.22 -479.45
-759.84 -479.45
-902.02 -479.45
-850.36 -479.45
-516.21 -479.45
-566.17 -479.45
-759.52 -479.45
-549.36 -479.45
-632.09 -479.45
-484.69 -479.45
-536.66 -479.45
-553.22 -479.45
-481.36 -479.45
-603.13 -479.45
-646.96 -479.45
-629.05 -479.45
-510.89 -479.45
-594.62 -479.45
-644.97 -479.45
-635.34 -479.45
-568.57 -479.45
-561.88 -479.45
-596.86 -479.45
-476.73 -476.73
-558.78 -476.73
-818.86 -476.73
-613.32 -476.73
-677.49 -476.73
-818.07 -476.73
-748.56 -476.73
-689.02 -476.73
-570.72 -476.73
-485.35 -476.73
-563.41 -476.73
-540.49 -476.73
-486.01 -476.73
-580.06 -476.73
-581.30 -476.73
-477.89 -477.89
-643.69 -477.89
-707.91 -477.89
-661.88 -477.89
-655.21 -477.89
-488.61 -477.89
-743.31 -477.89
-484.38 -477.89
-634.96 -477.89
-511.11 -477.89
-723.12 -477.89
-572.44 -477.89
-492.06 -477.89
-818.45 -477.89
-597.92 -477.89
-628.95 -477.89
-544.39 -477.89
-831.99 -477.89
-627.97 -477.89
-645.12 -477.89
-678.13 -477.89
-566.23 -477.89
-592.40 -477.89
-690.77 -477.89
-822.94 -477.89
-489.52 -477.89
-569.33 -477.89
-635.13 -477.89
-491.15 -477.89
-629.64 -477.89
-492.04 -477.89
-485.82 -477.89
-532.37 -477.89
-477.35 -477.35
-481.95 -477.35
-504.37 -477.35
-546.89 -477.35
-636.61 -477.35
-496.97 -477.35
-849.80 -477.35
-483.99 -477.35
-598.64 -477.35
-672.31 -477.35
-569.24 -477.35
-557.27 -477.35
-834.27 -477.35
-789.56 -477.35
-484.10 -477.35
-837.17 -477.35
-568.08 -477.35
-658.06 -477.35
-504.88 -477.35
-539.52 -477.35
-571.66 -477.35
-492.73 -477.35
-685.00 -477.35
-476.70 -476.70
-666.07 -476.70
-514.29 -476.70
-592.83 -476.70
-557.03 -476.70
-539.17 -476.70
-522.61 -476.70
-655.22 -476.70
-558.47 -476.70
-510.52 -476.70
-562.18 -476.70
-616.94 -476.70
-615.25 -476.70
-476.80 -476.70
-539.08 -476.70
-545.28 -476.70
-476.79 -476.79
-703.33 -476.79
-527.14 -476.79
-536.20 -476.79
-713.98 -476.79
-545.51 -476.79
-578.63 -476.79
-531.99 -476.79
-633.60 -476.79
-645.90 -476.79
-568.27 -476.79
-625.26 -476.79
-593.87 -476.79
-632.70 -476.79
-728.45 -476.79
-524.00 -476.79
-754.70 -476.79
-677.71 -476.79
-699.25 -476.79
-701.25 -476.79
-649.58 -476.79
-606.48 -476.79
-645.92 -476.79
-594.15 -476.79
-761.49 -476.79
-483.07 -476.79
-752.03 -476.79
-569.35 -476.79
-628.75 -476.79
-535.97 -476.79
-510.22 -476.79
-487.71 -476.79
-546.73 -476.79
-508.48 -476.79
-836.32 -476.79
-569.28 -476.79
-716.03 -476.79
-565.28 -476.79
-548.21 -476.79
-556.80 -476.79
-637.85 -476.79
-648.04 -476.79
-604.29 -476.79
-579.78 -476.79
-1492.87 -1492.87
-1511.32 -1492.87
-1492.69 -1492.69
-1492.98 -1492.98
-1503.59 -1492.98
-1497.74 -1492.98
-1469.53 -1469.53
-1497.84 -1469.53
-1468.43 -1468.43
-1471.60 -1468.43
-1462.18 -1462.18
-1478.76 -1462.18
-1474.68 -1462.18
-1474.23 -1462.18
-1470.81 -1462.18
-1453.47 -1453.47
-1460.07 -1453.47
-1460.54 -1453.47
-1467.86 -1453.47
-1470.54 -1453.47
-1433.61 -1433.61
-1422.03 -1422.03
-1452.92 -1422.03
-1422.81 -1422.81
-1412.80 -1412.80
-1396.74 -1396.74
-1392.06 -1392.06
-1400.85 -1392.06
-1368.55 -1368.55
-1303.75 -1303.75
-1347.10 -1303.75
-1285.32 -1285.32
-1284.52 -1284.52
-1270.96 -1270.96
-1245.94 -1245.94
-1186.66 -1186.66
-1134.15 -1134.15
-1097.14 -1097.14
-1163.24 -1097.14
-1026.88 -1026.88
-1087.57 -1026.88
-1092.40 -1026.88
-1005.06 -1005.06
-1005.12 -1005.12
-886.29 -886.29
-693.28 -693.28
-772.87 -693.28
-790.95 -693.28
-600.41 -600.41
-673.32 -600.41
-669.97 -600.41
-571.79 -571.79
-508.83 -508.83
-479.49 -479.49
-531.58 -479.49
-564.79 -479.49
-484.51 -479.49
-528.66 -479.49
-595.71 -479.49
-523.92 -479.49
-547.16 -479.49
-489.17 -479.49
-522.58 -479.49
-524.59 -479.49
-711.80 -479.49
-480.04 -480.04
-603.57 -480.04
-544.11 -480.04
-504.17 -480.04
-487.31 -480.04
-476.92 -476.92
-612.22 -476.92
-483.51 -476.92
-513.58 -476.92
-601.49 -476.92
-786.85 -476.92
-505.54 -476.92
-510.21 -476.92
-490.29 -476.92
-490.46 -476.92
-863.12 -476.92
-672.86 -476.92
-793.86 -476.92
-480.78 -476.92
-492.14 -476.92
-566.81 -476.92
-616.92 -476.92
-480.63 -476.92
-531.40 -476.92
-551.78 -476.92
-645.93 -476.92
-527.08 -476.92
-476.70 -476.70
-484.14 -476.70
-560.68 -476.70
-726.73 -476.70
-669.90 -476.70
-487.84 -476.70
-634.22 -476.70
-503.00 -476.70
-495.43 -476.70
-477.28 -477.28
-683.36 -477.28
-496.09 -477.28
-494.03 -477.28
-605.94 -477.28
-546.27 -477.28
-483.67 -477.28
-483.04 -477.28
-486.71 -477.28
-492.85 -477.28
-647.65 -477.28
-512.36 -477.28
-487.83 -477.28
-637.77 -477.28
-566.23 -477.28
-651.84 -477.28
-540.30 -477.28
-486.43 -477.28
-492.44 -477.28
-524.69 -477.28
-646.89 -477.28
-504.11 -477.28
-511.06 -477.28
-483.37 -477.28
-487.10 -477.28
-654.62 -477.28
-650.05 -477.28
-603.42 -477.28
-567.34 -477.28
-616.30 -477.28
-494.05 -477.28
-572.95 -477.28
-524.16 -477.28
-512.17 -477.28
-575.33 -477.28
-519.88 -477.28
-485.75 -477.28
-557.09 -477.28
-593.84 -477.28
-530.99 -477.28
-518.06 -477.28
-549.81 -477.28
-509.78 -477.28
-571.98 -477.28
-609.51 -477.28
-656.15 -477.28
-569.71 -477.28
-525.61 -477.28
-484.89 -477.28
-507.96 -477.28
-484.63 -477.28
-532.40 -477.28
-569.40 -477.28
-625.25 -477.28
-505.96 -477.28
-543.17 -477.28
-540.57 -477.28
-511.51 -477.28
-515.15 -477.28
-508.92 -477.28
-669.91 -477.28
-612.65 -477.28
-545.99 -477.28
-524.31 -477.28
-505.49 -477.28
-501.19 -477.28
-661.19 -477.28
-572.83 -477.28
-485.17 -477.28
-479.45 -477.28
-699.35 -477.28
-484.24 -477.28
-509.62 -477.28
-486.87 -477.28
-606.50 -477.28
-487.21 -477.28
-598.85 -477.28
-704.58 -477.28
-487.86 -477.28
-570.57 -477.28
-714.60 -477.28
-479.26 -477.28
-509.48 -477.28
-544.96 -477.28
-616.56 -477.28
-476.76 -476.76
-613.57 -476.76
-618.45 -476.76
-605.78 -476.76
-480.05 -476.76
-522.03 -476.76
-549.15 -476.76
-596.87 -476.76
-490.74 -476.76
-506.23 -476.76
-556.70 -476.76
-538.62 -476.76
-570.05 -476.76
-569.79 -476.76
-490.48 -476.76
-680.80 -476.76
-761.02 -476.76
-608.08 -476.76
-561.15 -476.76
-528.24 -476.76
-487.38 -476.76
-483.00 -476.76
-484.07 -476.76
-510.81 -476.76
-491.23 -476.76
-603.96 -476.76
-645.04 -476.76
-654.19 -476.76
-565.32 -476.76
-697.62 -476.76
-837.97 -476.76
-539.69 -476.76
-540.72 -476.76
-590.56 -476.76
-492.95 -476.76
-491.63 -476.76
-509.78 -476.76
-493.40 -476.76
-743.46 -476.76
-630.88 -476.76
-477.89 -477.89
-540.27 -477.89
-477.01 -477.01
-614.71 -477.01
-509.73 -477.01
-571.52 -477.01
-548.48 -477.01
-635.12 -477.01
-507.98 -477.01
-574.59 -477.01
-524.82 -477.01
-515.34 -477.01
-601.21 -477.01
-601.09 -477.01
-488.85 -477.01
-482.80 -477.01
-571.59 -477.01
-779.01 -477.01
-484.94 -477.01
-509.81 -477.01
-484.55 -477.01
-546.52 -477.01
-506.23 -477.01
-597.05 -477.01
-676.14 -477.01
-595.70 -477.01
-672.40 -477.01
-540.38 -477.01
-688.99 -477.01
-565.34 -477.01
-555.95 -477.01
-600.03 -477.01
-605.74 -477.01
-507.52 -477.01
-540.33 -477.01
-759.77 -477.01
-483.42 -477.01
-665.79 -477.01
-484.94 -477.01
-606.62 -477.01
-572.96 -477.01
-572.73 -477.01
-574.59 -477.01
-487.69 -477.01
-600.30 -477.01
-551.27 -477.01
-490.30 -477.01
-526.35 -477.01
-548.30 -477.01
-521.29 -477.01
-601.44 -477.01
-616.28 -477.01
-518.38 -477.01
-484.02 -477.01
-731.42 -477.01
-484.85 -477.01
-476.75 -476.75
-673.63 -476.75
-564.56 -476.75
-643.95 -476.75
-491.84 -476.75
-484.34 -476.75
-485.94 -476.75
-675.23 -476.75
-751.67 -476.75
-550.40 -476.75
-522.42 -476.75
-539.20 -476.75
-577.81 -476.75
-680.62 -476.75
-516.94 -476.75
-479.47 -476.75
-590.14 -476.75
-706.56 -476.75
-629.11 -476.75
-494.66 -476.75
-510.61 -476.75
-595.73 -476.75
-483.26 -476.75
-527.68 -476.75
-493.23 -476.75
-573.18 -476.75
-580.03 -476.75
-480.79 -476.75
-628.88 -476.75
-505.54 -476.75
-788.24 -476.75
-485.90 -476.75
-524.70 -476.75
-487.44 -476.75
-514.40 -476.75
-545.62 -476.75
-730.18 -476.75
-572.23 -476.75
-577.37 -476.75
-639.84 -476.75
-479.22 -476.75
-593.14 -476.75
-480.03 -476.75
-544.58 -476.75
-508.29 -476.75
-492.88 -476.75
-486.79 -476.75
-547.74 -476.75
-493.31 -476.75
-643.77 -476.75
-581.31 -476.75
-613.97 -476.75
-661.43 -476.75
-669.24 -476.75
-595.81 -476.75
-557.39 -476.75
-526.61 -476.75
-513.38 -476.75
-493.81 -476.75
-600.62 -476.75
-630.93 -476.75
-486.01 -476.75
-756.85 -476.75
-645.26 -476.75
-597.77 -476.75
-558.99 -476.75
-486.12 -476.75
-570.87 -476.75
-476.89 -476.89
-617.91 -476.89
-476.72 -476.72
-708.59 -476.72
-499.94 -476.72
-486.13 -476.72
-648.96 -476.72
-569.71 -476.72
-536.33 -476.72
-546.28 -476.72
-671.85 -476.72
-484.08 -476.72
-680.57 -476.72
-514.07 -476.72
-591.24 -476.72
-576.94 -476.72
-595.33 -476.72
-524.85 -476.72
-529.23 -476.72
-602.79 -476.72
-523.92 -476.72
-549.67 -476.72
-477.33 -477.33
-573.44 -477.33
-576.61 -477.33
-668.43 -477.33
-503.74 -477.33
-518.21 -477.33
-504.95 -477.33
-573.76 -477.33
-476.84 -476.84
-487.43 -476.84
-484.98 -476.84
-590.92 -476.84
-477.27 -477.27
-507.37 -477.27
-484.20 -477.27
-886.05 -477.27
-548.71 -477.27
-642.09 -477.27
-509.13 -477.27
-569.18 -477.27
-579.64 -477.27
-568.69 -477.27
-543.19 -477.27
-486.58 -477.27
-640.25 -477.27
-496.94 -477.27
-551.27 -477.27
-630.63 -477.27
-546.08 -477.27
-747.45 -477.27
-506.33 -477.27
-477.82 -477.27
-485.93 -477.27
-510.97 -477.27
-646.82 -477.27
-539.62 -477.27
-546.82 -477.27
-484.88 -477.27
-501.38 -477.27
-628.97 -477.27
-614.61 -477.27
-571.42 -477.27
-525.07 -477.27
-508.44 -477.27
-1506.72 -477.27
-1477.51 -1477.51
-1462.83 -1462.83
-1454.49 -1454.49
-1466.03 -1454.49
-1429.46 -1429.46
-1410.81 -1410.81
-1425.94 -1410.81
-1411.31 -1411.31
-1405.41 -1405.41
-1402.16 -1402.16
-1435.58 -1402.16
-1383.23 -1383.23
-1345.42 -1345.42
-1335.29 -1335.29
-1359.83 -1335.29
-1300.59 -1300.59
-1255.34 -1255.34
-1254.24 -1254.24
-1255.62 -1254.24
-1269.71 -1254.24
-1243.35 -1243.35
-1198.00 -1198.00
-1168.80 -1168.80
-1085.42 -1085.42
-1106.02 -1085.42
-1105.61 -1085.42
-1023.48 -1023.48
-933.27 -933.27
-913.43 -913.43
-892.38 -892.38
-795.96 -795.96
-1019.71 -795.96
-676.77 -676.77
-736.31 -676.77
-714.45 -676.77
-866.56 -676.77
-701.72 -676.77
-733.22 -676.77
-557.15 -557.15
-595.85 -557.15
-536.10 -536.10
-650.05 -536.10
-549.67 -536.10
-631.76 -536.10
-516.02 -516.02
-525.85 -516.02
-513.95 -513.95
-548.27 -513.95
-548.35 -513.95
-573.01 -513.95
-503.62 -503.62
-597.65 -503.62
-571.51 -503.62
-523.40 -503.62
-524.16 -503.62
-558.20 -503.62
-505.43 -503.62
-511.88 -503.62
-558.26 -503.62
-515.11 -503.62
-568.74 -503.62
-486.93 -486.93
-483.31 -483.31
-545.06 -483.31
-571.01 -483.31
-548.19 -483.31
-578.51 -483.31
-485.11 -485.11
-484.34 -484.34
-604.64 -484.34
-536.87 -484.34
-542.59 -484.34
-603.62 -484.34
-635.11 -484.34
-503.44 -484.34
-531.89 -484.34
-483.92 -483.92
-606.90 -483.92
-634.04 -483.92
-540.81 -483.92
-668.21 -483.92
-484.42 -483.92
-479.25 -479.25
-486.91 -479.25
-515.86 -479.25
-602.46 -479.25
-519.17 -479.25
-567.35 -479.25
-486.82 -479.25
-487.82 -479.25
-483.64 -479.25
-481.74 -479.25
-668.22 -479.25
-515.06 -479.25
-541.76 -479.25
-677.02 -479.25
-668.32 -479.25
-538.65 -479.25
-608.96 -479.25
-576.90 -479.25
-568.76 -479.25
-531.31 -479.25
-484.68 -479.25
-572.76 -479.25
-686.84 -479.25
-510.24 -479.25
-628.19 -479.25
-484.22 -479.25
-560.04 -479.25
-555.84 -479.25
-516.93 -479.25
-565.68 -479.25
-537.25 -479.25
-563.03 -479.25
-596.19 -479.25
-504.59 -479.25
-505.09 -479.25
-571.23 -479.25
-482.36 -479.25
-497.22 -479.25
-548.16 -479.25
-558.34 -479.25
-592.13 -479.25
-602.19 -479.25
-542.99 -479.25
-651.86 -479.25
-539.47 -479.25
-487.42 -479.25
-526.88 -479.25
-572.88 -479.25
-484.96 -479.25
-573.37 -479.25
-525.90 -479.25
-715.94 -479.25
-485.00 -479.25
-483.40 -479.25
-571.36 -479.25
-504.38 -479.25
-485.81 -479.25
-485.09 -479.25
-539.37 -479.25
-483.86 -479.25
-548.94 -479.25
-599.82 -479.25
-548.97 -479.25
-552.52 -479.25
-538.86 -479.25
-487.85 -479.25
-544.59 -479.25
-543.46 -479.25
-510.23 -479.25
-552.70 -479.25
-707.62 -479.25
-517.42 -479.25
-551.06 -479.25
-557.12 -479.25
-579.50 -479.25
-619.81 -479.25
-484.81 -479.25
-553.19 -479.25
-573.29 -479.25
-537.19 -479.25
-536.07 -479.25
-594.45 -479.25
-517.42 -479.25
-547.63 -479.25
-561.49 -479.25
-730.14 -479.25
-477.38 -477.38
-754.78 -477.38
-677.49 -477.38
-514.32 -477.38
-484.54 -477.38
-509.83 -477.38
-505.91 -477.38
-483.04 -477.38
-572.74 -477.38
-483.62 -477.38
-509.03 -477.38
-539.81 -477.38
-540.10 -477.38
-662.83 -477.38
-484.28 -477.38
-655.05 -477.38
-482.34 -477.38
-515.48 -477.38
-545.27 -477.38
-481.53 -477.38
-476.78 -476.78
-557.54 -476.78
-545.87 -476.78
-570.11 -476.78
-505.03 -476.78
-572.00 -476.78
-510.41 -476.78
-484.95 -476.78
-545.07 -476.78
-508.30 -476.78
-641.59 -476.78
-637.93 -476.78
-503.20 -476.78
-508.22 -476.78
-479.98 -476.78
-602.13 -476.78
-518.81 -476.78
-527.84 -476.78
-477.28 -477.28
-520.01 -477.28
-592.61 -477.28
-593.95 -477.28
-508.96 -477.28
-600.73 -477.28
-486.48 -477.28
-649.21 -477.28
-580.84 -477.28
-482.17 -477.28
-487.18 -477.28
-694.75 -477.28
-485.13 -477.28
-698.81 -477.28
-503.21 -477.28
-484.99 -477.28
-608.82 -477.28
-579.62 -477.28
-614.64 -477.28
-502.75 -477.28
-541.72 -477.28
-531.23 -477.28
-744.65 -477.28
-485.68 -477.28
-559.55 -477.28
-482.81 -477.28
-699.43 -477.28
-509.59 -477.28
-561.73 -477.28
-616.61 -477.28
-506.85 -477.28
-566.85 -477.28
-510.38 -477.28
-549.05 -477.28
-684.90 -477.28
-580.01 -477.28
-545.12 -477.28
-687.94 -477.28
-484.03 -477.28
-484.47 -477.28
-488.60 -477.28
-508.16 -477.28
-813.14 -477.28
-508.63 -477.28
-512.98 -477.28
-518.18 -477.28
-755.28 -477.28
-485.80 -477.28
-484.55 -477.28
-492.35 -477.28
-477.20 -477.20
-563.82 -477.20
-488.56 -477.20
-531.78 -477.20
-571.25 -477.20
-573.49 -477.20
-568.30 -477.20
-486.61 -477.20
-615.61 -477.20
-563.96 -477.20
-482.94 -477.20
-564.87 -477.20
-513.74 -477.20
-596.85 -477.20
-493.81 -477.20
-524.61 -477.20
-482.54 -477.20
-480.69 -477.20
-504.94 -477.20
-573.21 -477.20
-489.16 -477.20
-531.90 -477.20
-484.17 -477.20
-507.51 -477.20
-487.32 -477.20
-524.62 -477.20
-597.98 -477.20
-479.21 -477.20
-480.11 -477.20
-484.92 -477.20
-483.28 -477.20
-484.22 -477.20
-522.21 -477.20
-528.18 -477.20
-510.20 -477.20
-484.87 -477.20
-503.01 -477.20
-635.28 -477.20
-482.14 -477.20
-673.78 -477.20
-565.48 -477.20
-543.07 -477.20
-527.61 -477.20
-523.67 -477.20
-632.30 -477.20
-615.48 -477.20
-630.80 -477.20
-505.52 -477.20
-505.22 -477.20
-486.35 -477.20
-614.80 -477.20
-490.48 -477.20
-490.35 -477.20
-784.61 -477.20
-508.96 -477.20
-590.93 -477.20
-476.91 -476.91
-573.74 -476.91
-544.49 -476.91
-477.51 -477.51
-484.59 -477.51
-715.34 -477.51
-644.57 -477.51
-484.36 -477.51
-510.34 -477.51
-542.10 -477.51
-604.71 -477.51
-489.63 -477.51
-508.48 -477.51
-508.64 -477.51
-596.65 -477.51
-567.26 -477.51
-484.20 -477.51
-581.18 -477.51
-486.14 -477.51
-690.58 -477.51
-567.12 -477.51
-507.80 -477.51
-571.46 -477.51
-578.52 -477.51
-568.30 -477.51
-544.31 -477.51
-487.91 -477.51
-549.98 -477.51
-758.03 -477.51
-526.69 -477.51
-557.89 -477.51
-581.04 -477.51
-696.05 -477.51
-525.86 -477.51
-573.14 -477.51
-619.28 -477.51
-548.12 -477.51
-597.98 -477.51
-600.09 -477.51
-480.77 -477.51
-598.47 -477.51
-494.85 -477.51
-476.76 -476.76
-557.24 -476.76
-571.72 -476.76
-597.03 -476.76
-476.64 -476.64
-508.52 -476.64
-494.84 -476.64
-503.57 -476.64
-477.57 -476.64
-602.44 -476.64
-484.84 -476.64
-662.98 -476.64
-677.36 -476.64
-514.23 -476.64
-633.98 -476.64
-595.24 -476.64
-664.76 -476.64
-548.06 -476.64
-485.19 -476.64
-503.89 -476.64
-484.42 -476.64
-490.56 -476.64
-524.60 -476.64
-491.75 -476.64
-477.94 -476.64
-594.22 -476.64
-484.50 -476.64
-604.92 -476.64
-561.62 -476.64
-495.02 -476.64
-493.90 -476.64
-539.02 -476.64
-568.65 -476.64
-502.88 -476.64
-488.97 -476.64
-487.68 -476.64
-546.05 -476.64
-567.73 -476.64
-575.16 -476.64
-544.69 -476.64
-487.62 -476.64
-635.02 -476.64
-481.72 -476.64
-524.79 -476.64
-536.13 -476.64
-567.60 -476.64
-632.70 -476.64
-479.50 -476.64
-565.96 -476.64
-512.08 -476.64
-697.43 -476.64
-735.50 -476.64
-532.02 -476.64
-526.58 -476.64
-517.34 -476.64
-484.43 -476.64
-545.01 -476.64
-640.99 -476.64
-526.53 -476.64
-568.84 -476.64
-645.08 -476.64
-1490.96 -1490.96
-1527.79 -1490.96
-1468.51 -1468.51
-1469.18 -1469.18
-1468.03 -1468.03
-1483.35 -1468.03
-1515.30 -1468.03
-1460.46 -1460.46
-1485.06 -1460.46
-1426.55 -1426.55
-1461.65 -1426.55
-1427.49 -1426.55
-1407.08 -1407.08
-1403.43 -1403.43
-1402.23 -1402.23
-1384.29 -1384.29
-1367.84 -1367.84
-1398.29 -1367.84
-1328.96 -1328.96
-1324.77 -1324.77
-1270.71 -1270.71
-1299.84 -1270.71
-1266.36 -1266.36
-1169.78 -1169.78
-1179.11 -1169.78
-1148.09 -1148.09
-1180.62 -1148.09
-1147.04 -1147.04
-1167.00 -1147.04
-1211.26 -1147.04
-1213.36 -1147.04
-1240.38 -1147.04
-1150.58 -1147.04
-1183.29 -1147.04
-1111.28 -1111.28
-1088.27 -1088.27
-971.20 -971.20
-1096.49 -971.20
-1031.46 -971.20
-925.19 -925.19
-1016.91 -925.19
-937.38 -925.19
-861.63 -861.63
-565.86 -565.86
-508.29 -508.29
-590.63 -508.29
-476.93 -476.93
-490.07 -476.93
-507.61 -476.93
-539.66 -476.93
-483.85 -476.93
-517.06 -476.93
-561.13 -476.93
-736.84 -476.93
-730.60 -476.93
-569.96 -476.93
-543.12 -476.93
-525.06 -476.93
-723.44 -476.93
-484.70 -476.93
-543.17 -476.93
-539.57 -476.93
-570.90 -476.93
-487.59 -476.93
-504.66 -476.93
-784.26 -476.93
-549.99 -476.93
-696.74 -476.93
-609.33 -476.93
-571.15 -476.93
-567.62 -476.93
-558.61 -476.93
-699.51 -476.93
-555.47 -476.93
-521.66 -476.93
-581.48 -476.93
-486.37 -476.93
-484.73 -476.93
-667.69 -476.93
-552.01 -476.93
-608.56 -476.93
-484.43 -476.93
-485.21 -476.93
-634.35 -476.93
-525.16 -476.93
-508.22 -476.93
-638.82 -476.93
-605.98 -476.93
-480.04 -476.93
-481.39 -476.93
-616.53 -476.93
-593.91 -476.93
-666.07 -476.93
-627.11 -476.93
-729.71 -476.93
-479.88 -476.93
-553.00 -476.93
-580.46 -476.93
-571.61 -476.93
-684.61 -476.93
-609.53 -476.93
-540.27 -476.93
-600.16 -476.93
-545.05 -476.93
-674.90 -476.93
-550.04 -476.93
-526.05 -476.93
-549.52 -476.93
-484.38 -476.93
-492.18 -476.93
-699.96 -476.93
-483.43 -476.93
-542.37 -476.93
-489.29 -476.93
-568.90 -476.93
-563.09 -476.93
-525.82 -476.93
-484.61 -476.93
-491.49 -476.93
-539.57 -476.93
-712.61 -476.93
-514.43 -476.93
-572.48 -476.93
-627.38 -476.93
-603.47 -476.93
-485.79 -476.93
-492.49 -476.93
-723.53 -476.93
-547.31 -476.93
-527.27 -476.93
-487.02 -476.93
-481.50 -476.93
-605.24 -476.93
-492.84 -476.93
-515.46 -476.93
-635.93 -476.93
-491.75 -476.93
-548.11 -476.93
-523.98 -476.93
-631.77 -476.93
-557.98 -476.93
-603.17 -476.93
-560.17 -476.93
-519.49 -476.93
-527.23 -476.93
-481.82 -476.93
-567.58 -476.93
-591.58 -476.93
-605.72 -476.93
-484.71 -476.93
-653.67 -476.93
-569.19 -476.93
-485.09 -476.93
-716.33 -476.93
-573.92 -476.93
-839.39 -476.93
-540.55 -476.93
-615.26 -476.93
-759.62 -476.93
-483.40 -476.93
-566.76 -476.93
-704.45 -476.93
-481.65 -476.93
-509.00 -476.93
-560.26 -476.93
-486.98 -476.93
-577.52 -476.93
-558.23 -476.93
-540.65 -476.93
-641.65 -476.93
-526.43 -476.93
-481.69 -476.93
-512.55 -476.93
-629.84 -476.93
-523.90 -476.93
-597.43 -476.93
-485.69 -476.93
-609.86 -476.93
-507.48 -476.93
-506.06 -476.93
-484.39 -476.93
-770.26 -476.93
-687.10 -476.93
-489.39 -476.93
-597.45 -476.93
-599.37 -476.93
-612.89 -476.93
-561.67 -476.93
-491.40 -476.93
-539.91 -476.93
-721.59 -476.93
-734.07 -476.93
-521.65 -476.93
-536.09 -476.93
-602.20 -476.93
-521.58 -476.93
-521.50 -476.93
-610.02 -476.93
-597.63 -476.93
-505.23 -476.93
-477.23 -476.93
-553.66 -476.93
-642.21 -476.93
-539.60 -476.93
-570.49 -476.93
-577.90 -476.93
-487.12 -476.93
-716.41 -476.93
-599.68 -476.93
-491.79 -476.93
-632.27 -476.93
-676.91 -476.93
-600.25 -476.93
-513.78 -476.93
-593.72 -476.93
-569.21 -476.93
-664.16 -476.93
-715.19 -476.93
-741.85 -476.93
-604.95 -476.93
-483.85 -476.93
-573.70 -476.93
-514.00 -476.93
-668.09 -476.93
-544.94 -476.93
-594.27 -476.93
-536.02 -476.93
-477.94 -476.93
-487.14 -476.93
-484.99 -476.93
-515.78 -476.93
-626.22 -476.93
-592.46 -476.93
-603.08 -476.93
-568.18 -476.93
-493.16 -476.93
-543.44 -476.93
-606.47 -476.93
-488.99 -476.93
-517.51 -476.93
-557.34 -476.93
-568.04 -476.93
-594.45 -476.93
-575.08 -476.93
-606.98 -476.93
-573.60 -476.93
-564.35 -476.93
-506.72 -476.93
-672.73 -476.93
-695.77 -476.93
-483.44 -476.93
-615.07 -476.93
-529.22 -476.93
-481.74 -476.93
-652.27 -476.93
-546.73 -476.93
-552.66 -476.93
-569.76 -476.93
-644.44 -476.93
-833.17 -476.93
-633.00 -476.93
-610.11 -476.93
-615.80 -476.93
-560.11 -476.93
-599.40 -476.93
-557.37 -476.93
-481.99 -476.93
-574.58 -476.93
-605.99 -476.93
-598.61 -476.93
-626.13 -476.93
-476.84 -476.84
-614.72 -476.84
-549.20 -476.84
-529.11 -476.84
-490.51 -476.84
-489.15 -476.84
-558.52 -476.84
-696.60 -476.84
-524.74 -476.84
-484.37 -476.84
-510.96 -476.84
-569.07 -476.84
-550.80 -476.84
-483.77 -476.84
-484.43 -476.84
-691.30 -476.84
-476.64 -476.64
-735.50 -476.64
-484.38 -476.64
-608.93 -476.64
-647.79 -476.64
-505.81 -476.64
-609.72 -476.64
-556.31 -476.64
-524.05 -476.64
-484.57 -476.64
-573.99 -476.64
-484.79 -476.64
-579.28 -476.64
-580.55 -476.64
-609.09 -476.64
-696.50 -476.64
-703.53 -476.64
-650.05 -476.64
-663.94 -476.64
-618.09 -476.64
-484.23 -476.64
-615.41 -476.64
-619.87 -476.64
-491.96 -476.64
-484.77 -476.64
-490.65 -476.64
-506.35 -476.64
-507.11 -476.64
-545.00 -476.64
-642.39 -476.64
-561.10 -476.64
-570.67 -476.64
-735.66 -476.64
-595.62 -476.64
-571.99 -476.64
-686.42 -476.64
-540.07 -476.64
-726.69 -476.64
-504.45 -476.64
-569.87 -476.64
-673.88 -476.64
-504.65 -476.64
-480.00 -476.64
-515.81 -476.64
-548.21 -476.64
-544.48 -476.64
-512.85 -476.64
-779.84 -476.64
-593.16 -476.64
-481.61 -476.64
-524.71 -476.64
-597.39 -476.64
-596.59 -476.64
-600.55 -476.64
-493.99 -476.64
-765.13 -476.64
-602.76 -476.64
-484.43 -476.64
-714.70 -476.64
-729.64 -476.64
-518.91 -476.64
-485.64 -476.64
-492.22 -476.64
-545.92 -476.64
-557.89 -476.64
-569.67 -476.64
-697.04 -476.64
-696.37 -476.64
-539.30 -476.64
-795.45 -476.64
-484.40 -476.64
-481.96 -476.64
-663.17 -476.64
-575.45 -476.64
-838.86 -476.64
-678.83 -476.64
-486.84 -476.64
-736.28 -476.64
-548.73 -476.64
-510.75 -476.64
-477.83 -476.64
-563.40 -476.64
-604.50 -476.64
-481.98 -476.64
-491.82 -476.64
-597.46 -476.64
-578.73 -476.64
-517.04 -476.64
-486.34 -476.64
-552.46 -476.64
-690.11 -476.64
-486.87 -476.64
-538.74 -476.64
-504.47 -476.64
-596.90 -476.64
-482.73 -476.64
-543.16 -476.64
-730.84 -476.64
-556.96 -476.64
-561.90 -476.64
-490.92 -476.64
-605.92 -476.64
-488.15 -476.64
-573.14 -476.64
-740.35 -476.64
-634.79 -476.64
-665.08 -476.64
-608.94 -476.64
-570.58 -476.64
-524.31 -476.64
-579.84 -476.64
-572.16 -476.64
-486.04 -476.64
-723.98 -476.64
-617.51 -476.64
-637.25 -476.64
-561.49 -476.64
-509.52 -476.64
-487.17 -476.64
-484.86 -476.64
-507.65 -476.64
-484.34 -476.64
-608.31 -476.64
-724.89 -476.64
-479.66 -476.64
-487.79 -476.64
-544.30 -476.64
-527.68 -476.64
-545.90 -476.64
-1468.89 -1468.89
-1468.43 -1468.43
-1463.47 -1463.47
-1453.64 -1453.64
-1443.49 -1443.49
-1399.91 -1399.91
-1423.58 -1399.91
-1424.93 -1399.91
-1360.07 -1360.07
-1367.58 -1360.07
-1323.04 -1323.04
-1311.31 -1311.31
-1328.92 -1311.31
-1276.39 -1276.39
-1245.85 -1245.85
-1192.88 -1192.88
-1129.99 -1129.99
-1093.96 -1093.96
-1049.48 -1049.48
-1016.48 -1016.48
-1130.65 -1016.48
-1092.51 -1016.48
-1022.14 -1016.48
-1060.98 -1016.48
-984.20 -984.20
-1045.70 -984.20
-1100.55 -984.20
-988.21 -984.20
-1067.22 -984.20
-1022.57 -984.20
-973.80 -973.80
-974.89 -973.80
-1031.56 -973.80
-929.30 -929.30
-864.62 -864.62
-788.64 -788.64
-822.33 -788.64
-887.34 -788.64
-783.68 -783.68
-908.12 -783.68
-696.70 -696.70
-560.66 -560.66
-530.95 -530.95
-565.16 -530.95
-644.91 -530.95
-647.37 -530.95
-549.48 -530.95
-486.41 -486.41
-605.66 -486.41
-628.65 -486.41
-542.48 -486.41
-730.76 -486.41
-536.20 -486.41
-485.79 -485.79
-539.57 -485.79
-595.52 -485.79
-597.67 -485.79
-480.91 -480.91
-479.39 -479.39
-509.81 -479.39
-572.44 -479.39
-549.92 -479.39
-481.17 -481.17
-492.72 -481.17
-507.85 -481.17
-490.81 -481.17
-566.27 -481.17
-488.17 -481.17
-568.57 -481.17
-645.90 -481.17
-702.68 -481.17
-539.05 -481.17
-486.90 -481.17
-548.24 -481.17
-482.69 -481.17
-506.98 -481.17
-522.70 -481.17
-566.58 -481.17
-524.64 -481.17
-481.05 -481.05
-512.40 -481.05
-486.65 -481.05
-574.66 -481.05
-581.09 -481.05
-600.87 -481.05
-507.48 -481.05
-574.23 -481.05
-514.31 -481.05
-481.89 -481.89
-502.80 -481.89
-524.58 -481.89
-484.93 -481.89
-493.03 -481.89
-627.16 -481.89
-477.22 -477.22
-477.69 -477.22
-520.03 -477.22
-653.13 -477.22
-604.76 -477.22
-521.20 -477.22
-538.80 -477.22
-679.51 -477.22
-531.61 -477.22
-571.93 -477.22
-514.39 -477.22
-628.78 -477.22
-643.31 -477.22
-671.59 -477.22
-571.07 -477.22
-510.60 -477.22
-487.22 -477.22
-568.93 -477.22
-563.39 -477.22
-476.77 -476.77
-595.83 -476.77
-619.84 -476.77
-483.05 -476.77
-544.67 -476.77
-502.70 -476.77
-536.13 -476.77
-630.35 -476.77
-508.92 -476.77
-545.77 -476.77
-504.75 -476.77
-566.75 -476.77
-536.88 -476.77
-527.58 -476.77
-630.68 -476.77
-528.19 -476.77
-612.80 -476.77
-549.70 -476.77
-545.14 -476.77
-502.99 -476.77
-647.08 -476.77
-505.12 -476.77
-652.69 -476.77
-527.25 -476.77
-572.43 -476.77
-524.61 -476.77
-580.74 -476.77
-512.34 -476.77
-484.90 -476.77
-635.41 -476.77
-517.56 -476.77
-733.51 -476.77
-495.02 -476.77
-639.90 -476.77
-616.36 -476.77
-550.97 -476.77
-479.89 -476.77
-507.74 -476.77
-508.55 -476.77
-635.48 -476.77
-600.78 -476.77
-578.99 -476.77
-517.44 -476.77
-570.10 -476.77
-491.71 -476.77
-548.93 -476.77
-507.20 -476.77
-511.55 -476.77
-496.99 -476.77
-568.83 -476.77
-598.71 -476.77
-492.09 -476.77
-485.47 -476.77
-531.79 -476.77
-504.91 -476.77
-544.67 -476.77
-479.26 -476.77
-605.82 -476.77
-687.01 -476.77
-574.68 -476.77
-492.35 -476.77
-577.49 -476.77
-483.38 -476.77
-545.07 -476.77
-648.65 -476.77
-491.97 -476.77
-574.58 -476.77
-539.30 -476.77
-481.57 -476.77
-483.69 -476.77
-506.11 -476.77
-668.33 -476.77
-521.59 -476.77
-516.90 -476.77
-547.10 -476.77
-484.62 -476.77
-545.19 -476.77
-568.01 -476.77
-562.86 -476.77
-640.20 -476.77
-525.23 -476.77
-479.47 -476.77
-567.35 -476.77
-569.26 -476.77
-633.64 -476.77
-484.66 -476.77
-600.56 -476.77
-513.62 -476.77
-600.31 -476.77
-599.02 -476.77
-492.86 -476.77
-602.14 -476.77
-514.09 -476.77
-487.76 -476.77
-634.73 -476.77
-493.43 -476.77
-494.75 -476.77
-605.03 -476.77
-502.71 -476.77
-481.36 -476.77
-507.47 -476.77
-505.20 -476.77
-604.49 -476.77
-493.79 -476.77
-604.49 -476.77
-545.99 -476.77
-752.38 -476.77
-547.60 -476.77
-523.77 -476.77
-604.12 -476.77
-538.60 -476.77
-698.89 -476.77
-556.24 -476.77
-608.96 -476.77
-492.83 -476.77
-519.54 -476.77
-727.45 -476.77
-610.30 -476.77
-477.47 -477.47
-476.74 -476.74
-637.93 -476.74
-477.35 -477.35
-487.42 -477.35
-494.25 -477.35
-539.20 -477.35
-544.78 -477.35
-748.97 -477.35
-477.55 -477.55
-487.84 -477.55
-506.11 -477.55
-489.46 -477.55
-508.65 -477.55
-570.58 -477.55
-510.48 -477.55
-476.93 -476.93
-508.35 -476.93
-527.41 -476.93
-486.63 -476.93
-497.27 -476.93
-627.67 -476.93
-759.24 -476.93
-542.94 -476.93
-649.05 -476.93
-569.14 -476.93
-477.17 -477.17
-609.88 -477.17
-485.72 -477.17
-490.16 -477.17
-539.77 -477.17
-545.76 -477.17
-610.92 -477.17
-572.78 -477.17
-514.04 -477.17
-569.13 -477.17
-501.17 -477.17
-594.98 -477.17
-484.22 -477.17
-568.98 -477.17
-489.19 -477.17
-481.18 -477.17
-486.05 -477.17
-487.35 -477.17
-513.36 -477.17
-483.48 -477.17
-509.34 -477.17
-573.53 -477.17
-568.81 -477.17
-490.50 -477.17
-667.39 -477.17
-599.55 -477.17
-549.39 -477.17
-607.64 -477.17
-488.54 -477.17
-492.58 -477.17
-763.59 -477.17
-658.31 -477.17
-597.21 -477.17
-517.93 -477.17
-556.37 -477.17
-533.25 -477.17
-505.11 -477.17
-565.94 -477.17
-573.69 -477.17
-543.89 -477.17
-487.01 -477.17
-604.21 -477.17
-484.27 -477.17
-484.16 -477.17
-567.87 -477.17
-536.95 -477.17
-528.73 -477.17
-525.51 -477.17
-485.80 -477.17
-666.17 -477.17
-536.48 -477.17
-573.01 -477.17
-572.05 -477.17
-572.02 -477.17
-539.50 -477.17
-483.94 -477.17
-572.35 -477.17
-482.40 -477.17
-476.72 -476.72
-487.31 -476.72
-508.56 -476.72
-484.00 -476.72
-730.79 -476.72
-479.40 -476.72
-580.55 -476.72
-601.97 -476.72
-488.04 -476.72
-483.38 -476.72
-503.37 -476.72
-491.94 -476.72
-689.85 -476.72
-507.18 -476.72
-580.75 -476.72
-486.89 -476.72
-574.59 -476.72
-606.97 -476.72
-558.81 -476.72
-514.40 -476.72
-687.63 -476.72
-504.87 -476.72
-490.79 -476.72
-575.66 -476.72
-509.26 -476.72
-599.80 -476.72
-486.68 -476.72
-603.84 -476.72
-568.08 -476.72
-608.47 -476.72
-508.10 -476.72
-514.56 -476.72
-608.95 -476.72
-731.01 -476.72
-536.84 -476.72
-490.68 -476.72
-597.84 -476.72
-604.36 -476.72
-606.65 -476.72
-484.11 -476.72
-510.40 -476.72
-563.53 -476.72
-604.45 -476.72
-549.98 -476.72
-602.85 -476.72
-613.87 -476.72
-637.07 -476.72
-677.90 -476.72
-650.82 -476.72
-477.77 -476.72
-510.82 -476.72
-477.15 -477.15
-492.91 -477.15
-494.93 -477.15
-570.00 -477.15
-485.55 -477.15
-575.18 -477.15
-702.36 -477.15
-606.54 -477.15
-486.46 -477.15
-479.26 -477.15
-503.83 -477.15
-526.20 -477.15
-518.06 -477.15
-526.79 -477.15
-508.19 -477.15
-597.15 -477.15
-512.25 -477.15
-605.73 -477.15
-565.33 -477.15
-635.89 -477.15
-496.02 -477.15
-492.62 -477.15
-566.85 -477.15
-495.95 -477.15
-550.57 -477.15
-479.43 -477.15
-527.57 -477.15
-565.28 -477.15
-571.82 -477.15
-730.50 -477.15
-592.33 -477.15
-594.18 -477.15
-488.40 -477.15
-542.33 -477.15
-484.28 -477.15
-706.08 -477.15
-573.52 -477.15
-546.55 -477.15
-575.16 -477.15
-596.12 -477.15
-544.54 -477.15
-673.24 -477.15
-484.84 -477.15
-483.41 -477.15
-508.52 -477.15
-594.38 -477.15
-484.83 -477.15
-477.85 -477.85
-549.50 -477.85
-698.02 -477.85
-1478.24 -1478.24
-1468.33 -1468.33
-1469.13 -1469.13
-1477.95 -1469.13
-1429.58 -1429.58
-1406.17 -1406.17
-1377.90 -1377.90
-1359.47 -1359.47
-1316.08 -1316.08
-1353.09 -1316.08
-1321.09 -1316.08
-1300.38 -1300.38
-1328.63 -1300.38
-1224.53 -1224.53
-1251.68 -1224.53
-1186.96 -1186.96
-1232.30 -1186.96
-1225.32 -1186.96
-1207.79 -1186.96
-1152.60 -1152.60
-1169.88 -1152.60
-1167.81 -1152.60
-1095.90 -1095.90
-1121.41 -1095.90
-1119.64 -1095.90
-1032.82 -1032.82
-1027.24 -1027.24
-1025.18 -1025.18
-974.08 -974.08
-885.65 -885.65
-785.09 -785.09
-647.53 -647.53
-706.16 -647.53
-571.67 -571.67
-573.40 -573.40
-687.36 -573.40
-477.60 -477.60
-669.34 -477.60
-565.14 -477.60
-552.87 -477.60
-594.59 -477.60
-491.18 -477.60
-490.56 -477.60
-512.01 -477.60
-490.75 -477.60
-568.64 -477.60
-486.73 -477.60
-599.51 -477.60
-548.04 -477.60
-569.35 -477.60
-485.80 -477.60
-484.72 -477.60
-484.85 -477.60
-482.59 -477.60
-509.77 -477.60
-477.92 -477.92
-503.51 -477.92
-492.22 -477.92
-526.09 -477.92
-484.51 -477.92
-486.10 -477.92
-531.44 -477.92
-504.39 -477.92
-540.54 -477.92
-610.11 -477.92
-723.65 -477.92
-757.03 -477.92
-549.20 -477.92
-556.74 -477.92
-487.26 -477.92
-599.69 -477.92
-572.82 -477.92
-514.58 -477.92
-484.94 -477.92
-510.21 -477.92
-581.57 -477.92
-762.37 -477.92
-569.45 -477.92
-477.16 -477.16
-524.59 -477.16
-570.51 -477.16
-699.25 -477.16
-506.76 -477.16
-512.78 -477.16
-504.95 -477.16
-507.36 -477.16
-556.33 -477.16
-581.06 -477.16
-597.45 -477.16
-483.14 -477.16
-487.56 -477.16
-612.90 -477.16
-505.39 -477.16
-503.99 -477.16
-571.27 -477.16
-524.53 -477.16
-604.98 -477.16
-490.78 -477.16
-573.98 -477.16
-661.84 -477.16
-611.83 -477.16
-597.84 -477.16
-505.25 -477.16
-487.95 -477.16
-561.12 -477.16
-601.65 -477.16
-526.91 -477.16
-528.90 -477.16
-526.85 -477.16
-479.43 -477.16
-567.36 -477.16
-648.18 -477.16
-602.81 -477.16
-599.53 -477.16
-508.09 -477.16
-511.10 -477.16
-545.44 -477.16
-484.44 -477.16
-549.76 -477.16
-509.54 -477.16
-672.98 -477.16
-495.92 -477.16
-539.64 -477.16
-605.73 -477.16
-510.98 -477.16
-706.88 -477.16
-572.07 -477.16
-495.88 -477.16
-512.01 -477.16
-559.73 -477.16
-483.16 -477.16
-510.02 -477.16
-486.58 -477.16
-495.73 -477.16
-573.75 -477.16
-645.70 -477.16
-573.36 -477.16
-514.36 -477.16
-482.24 -477.16
-492.59 -477.16
-577.73 -477.16
-570.91 -477.16
-491.06 -477.16
-561.89 -477.16
-604.14 -477.16
-510.14 -477.16
-504.53 -477.16
-610.37 -477.16
-491.84 -477.16
-569.71 -477.16
-531.88 -477.16
-515.95 -477.16
-566.12 -477.16
-558.42 -477.16
-552.03 -477.16
-546.64 -477.16
-484.48 -477.16
-579.90 -477.16
-548.46 -477.16
-484.39 -477.16
-557.69 -477.16
-605.69 -477.16
-573.97 -477.16
-558.51 -477.16
-567.00 -477.16
-635.51 -477.16
-482.38 -477.16
-517.12 -477.16
-487.12 -477.16
-568.66 -477.16
-631.12 -477.16
-504.04 -477.16
-568.16 -477.16
-600.82 -477.16
-484.99 -477.16
-556.44 -477.16
-486.01 -477.16
-640.36 -477.16
-672.17 -477.16
-476.70 -476.70
-487.86 -476.70
-573.89 -476.70
-488.61 -476.70
-575.70 -476.70
-487.30 -476.70
-715.75 -476.70
-655.56 -476.70
-601.97 -476.70
-536.34 -476.70
-496.20 -476.70
-484.42 -476.70
-513.88 -476.70
-479.98 -479.98
-507.76 -479.98
-518.80 -479.98
-668.84 -479.98
-837.95 -479.98
-598.51 -479.98
-602.18 -479.98
-618.93 -479.98
-606.64 -479.98
-512.83 -479.98
-796.84 -479.98
-492.29 -479.98
-594.55 -479.98
-505.53 -479.98
-492.38 -479.98
-486.34 -479.98
-591.07 -479.98
-505.98 -479.98
-663.09 -479.98
-489.09 -479.98
-485.98 -479.98
-700.04 -479.98
-768.79 -479.98
-480.12 -479.98
-501.24 -479.98
-522.10 -479.98
-527.78 -479.98
-492.49 -479.98
-642.19 -479.98
-603.96 -479.98
-535.91 -479.98
-600.91 -479.98
-678.76 -479.98
-642.72 -479.98
-485.82 -479.98
-548.21 -479.98
-608.94 -479.98
-566.91 -479.98
-596.36 -479.98
-487.97 -479.98
-515.17 -479.98
-485.67 -479.98
-545.40 -479.98
-548.11 -479.98
-572.35 -479.98
-668.31 -479.98
-634.35 -479.98
-569.07 -479.98
-566.03 -479.98
-819.78 -479.98
-677.87 -479.98
-599.27 -479.98
-524.37 -479.98
-592.42 -479.98
-753.10 -479.98
-606.12 -479.98
-599.07 -479.98
-531.30 -479.98
-632.56 -479.98
-479.23 -479.23
-477.47 -477.47
-605.30 -477.47
-575.59 -477.47
-502.64 -477.47
-538.73 -477.47
-503.73 -477.47
-558.53 -477.47
-484.41 -477.47
-481.67 -477.47
-700.91 -477.47
-558.55 -477.47
-491.18 -477.47
-484.84 -477.47
-546.50 -477.47
-506.16 -477.47
-601.67 -477.47
-488.87 -477.47
-485.93 -477.47
-488.30 -477.47
-547.39 -477.47
-536.93 -477.47
-634.43 -477.47
-545.82 -477.47
-716.30 -477.47
-505.92 -477.47
-479.97 -479.97
-479.96 -479.96
-521.70 -479.96
-546.36 -479.96
-543.88 -479.96
-482.96 -479.96
-598.33 -479.96
-484.37 -479.96
-489.18 -479.96
-539.75 -479.96
-615.74 -479.96
-479.46 -479.46
-571.55 -479.46
-608.16 -479.46
-521.52 -479.46
-571.72 -479.46
-491.63 -479.46
-543.43 -479.46
-490.86 -479.46
-630.94 -479.46
-548.12 -479.46
-492.10 -479.46
-574.16 -479.46
-571.90 -479.46
-566.94 -479.46
-486.10 -479.46
-477.50 -477.50
-546.28 -477.50
-644.88 -477.50
-504.98 -477.50
-567.76 -477.50
-733.76 -477.50
-670.92 -477.50
-642.78 -477.50
-487.58 -477.50
-531.34 -477.50
-572.56 -477.50
-567.92 -477.50
-556.87 -477.50
-712.85 -477.50
-484.98 -477.50
-664.28 -477.50
-555.84 -477.50
-580.34 -477.50
-672.23 -477.50
-565.33 -477.50
-580.03 -477.50
-649.22 -477.50
-867.56 -477.50
-525.19 -477.50
-568.17 -477.50
-502.93 -477.50
-630.88 -477.50
-523.40 -477.50
-544.46 -477.50
-501.66 -477.50
-685.24 -477.50
-531.84 -477.50
-592.47 -477.50
-540.21 -477.50
-493.79 -477.50
-505.34 -477.50
-538.84 -477.50
-476.90 -476.90
-545.85 -476.90
-495.91 -476.90
-549.98 -476.90
-476.76 -476.76
-724.95 -476.76
-548.19 -476.76
-491.62 -476.76
-569.50 -476.76
-514.95 -476.76
-565.33 -476.76
-505.98 -476.76
-543.52 -476.76
-536.89 -476.76
-480.90 -476.76
-492.82 -476.76
-539.10 -476.76
-491.77 -476.76
-483.40 -476.76
-485.01 -476.76
-476.96 -476.96
-510.39 -476.96
-580.29 -476.96
-531.00 -476.96
-482.93 -476.96
-483.12 -476.96
-560.07 -476.96
-569.15 -476.96
-486.44 -476.96
-518.42 -476.96
-572.28 -476.96
-487.35 -476.96
-510.44 -476.96
-568.80 -476.96
-524.47 -476.96
-476.64 -476.64
-516.75 -476.64
-596.63 -476.64
-477.17 -477.17
-599.49 -477.17
-481.59 -477.17
-505.20 -477.17
-576.72 -477.17
-545.61 -477.17
-631.45 -477.17
-573.95 -477.17
-485.05 -477.17
-514.75 -477.17
-733.67 -477.17
-505.40 -477.17
-476.71 -476.71
-515.02 -476.71
-596.24 -476.71
-505.41 -476.71
-567.64 -476.71
-487.79 -476.71
-701.73 -476.71
-574.26 -476.71
-697.58 -476.71
-488.68 -476.71
-539.49 -476.71
-482.94 -476.71
-515.56 -476.71
-570.06 -476.71
-761.75 -476.71
-553.04 -476.71
-571.19 -476.71
-666.15 -476.71
-484.61 -476.71
-649.24 -476.71
-556.79 -476.71
-646.34 -476.71
-487.35 -476.71
-581.48 -476.71
-507.71 -476.71
-566.10 -476.71
-1521.09 -476.71
-1519.47 -476.71
-1490.84 -1490.84
-1492.18 -1490.84
-1479.37 -1479.37
-1470.87 -1470.87
-1463.69 -1463.69
-1468.17 -1463.69
-1490.16 -1463.69
-1437.36 -1437.36
-1461.86 -1437.36
-1452.51 -1437.36
-1409.61 -1409.61
-1394.06 -1394.06
-1366.45 -1366.45
-1353.26 -1353.26
-1359.85 -1353.26
-1346.18 -1346.18
-1329.98 -1329.98
-1346.77 -1329.98
-1374.59 -1329.98
-1302.50 -1302.50
-1239.07 -1239.07
-1226.97 -1226.97
-1209.72 -1209.72
-1239.03 -1209.72
-1201.30 -1201.30
-1234.90 -1201.30
-1235.61 -1201.30
-1215.24 -1201.30
-1264.05 -1201.30
-1231.49 -1201.30
-1138.40 -1138.40
-1152.77 -1138.40
-1189.61 -1138.40
-1213.08 -1138.40
-1186.83 -1138.40
-1137.90 -1137.90
-1085.72 -1085.72
-1124.71 -1085.72
-1060.96 -1060.96
-1083.62 -1060.96
-1022.01 -1022.01
-1093.84 -1022.01
-1061.33 -1022.01
-1031.42 -1022.01
-1008.72 -1008.72
-1031.55 -1008.72
-968.45 -968.45
-1000.74 -968.45
-964.65 -964.65
-1008.74 -964.65
-970.48 -964.65
-984.96 -964.65
-893.97 -893.97
-988.49 -893.97
-908.72 -893.97
-788.12 -788.12
-817.81 -788.12
-851.67 -788.12
-820.38 -788.12
-703.35 -703.35
-630.63 -630.63
-764.89 -630.63
-678.39 -630.63
-483.97 -483.97
-593.26 -483.97
-684.10 -483.97
-600.05 -483.97
-486.68 -483.97
-628.19 -483.97
-574.88 -483.97
-512.55 -483.97
-651.67 -483.97
-524.69 -483.97
-674.81 -483.97
-524.86 -483.97
-487.72 -483.97
-559.01 -483.97
-483.27 -483.27
-568.15 -483.27
-510.62 -483.27
-676.82 -483.27
-548.32 -483.27
-668.76 -483.27
-687.77 -483.27
-484.45 -483.27
-566.67 -483.27
-610.74 -483.27
-476.70 -476.70
-487.37 -476.70
-567.16 -476.70
-484.97 -476.70
-577.47 -476.70
-542.97 -476.70
-477.90 -476.70
-577.28 -476.70
-540.28 -476.70
-580.81 -476.70
-524.86 -476.70
-730.63 -476.70
-596.26 -476.70
-651.57 -476.70
-643.65 -476.70
-526.09 -476.70
-643.75 -476.70
-535.97 -476.70
-548.53 -476.70
-670.43 -476.70
-550.81 -476.70
-483.85 -476.70
-545.80 -476.70
-485.09 -476.70
-535.95 -476.70
-571.76 -476.70
-540.54 -476.70
-484.42 -476.70
-566.59 -476.70
-612.56 -476.70
-691.44 -476.70
-636.88 -476.70
-558.79 -476.70
-541.39 -476.70
-506.67 -476.70
-603.32 -476.70
-609.35 -476.70
-477.75 -476.70
-570.86 -476.70
-691.15 -476.70
-484.71 -476.70
-686.00 -476.70
-596.59 -476.70
-485.16 -476.70
-579.88 -476.70
-544.94 -476.70
-612.75 -476.70
-476.73 -476.73
-696.71 -476.73
-566.87 -476.73
-643.78 -476.73
-702.22 -476.73
-476.64 -476.64
-558.80 -476.64
-572.89 -476.64
-617.93 -476.64
-526.62 -476.64
-661.82 -476.64
-515.49 -476.64
-483.01 -476.64
-578.76 -476.64
-580.75 -476.64
-532.06 -476.64
-486.10 -476.64
-669.73 -476.64
-566.94 -476.64
-508.23 -476.64
-564.48 -476.64
-485.10 -476.64
-544.91 -476.64
-558.40 -476.64
-599.03 -476.64
-483.16 -476.64
-736.03 -476.64
-544.72 -476.64
-573.91 -476.64
-477.20 -477.20
-477.33 -477.33
-568.62 -477.33
-541.57 -477.33
-508.00 -477.33
-727.44 -477.33
-546.05 -477.33
-484.31 -477.33
-492.20 -477.33
-512.18 -477.33
-476.73 -476.73
-483.48 -476.73
-527.50 -476.73
-532.52 -476.73
-482.58 -476.73
-526.31 -476.73
-480.61 -476.73
-492.50 -476.73
-598.60 -476.73
-567.34 -476.73
-567.64 -476.73
-483.02 -476.73
-477.43 -476.73
-539.33 -476.73
-484.84 -476.73
-482.81 -476.73
-513.18 -476.73
-671.45 -476.73
-487.65 -476.73
-677.79 -476.73
-756.33 -476.73
-523.26 -476.73
-667.76 -476.73
-477.38 -476.73
-477.49 -476.73
-655.31 -476.73
-524.88 -476.73
-636.31 -476.73
-510.32 -476.73
-568.23 -476.73
-544.21 -476.73
-569.75 -476.73
-519.50 -476.73
-482.83 -476.73
-514.84 -476.73
-476.87 -476.73
-539.57 -476.73
-658.03 -476.73
-499.98 -476.73
-709.53 -476.73
-539.51 -476.73
-761.81 -476.73
-484.33 -476.73
-653.70 -476.73
-476.95 -476.95
-568.39 -476.95
-653.57 -476.95
-573.09 -476.95
-491.88 -476.95
-572.51 -476.95
-603.47 -476.95
-539.08 -476.95
-503.01 -476.95
-476.90 -476.90
-605.37 -476.90
-557.15 -476.90
-603.36 -476.90
-649.60 -476.90
-540.27 -476.90
-566.64 -476.90
-508.16 -476.90
-480.62 -476.90
-548.87 -476.90
-535.92 -476.90
-490.49 -476.90
-701.93 -476.90
-505.66 -476.90
-488.64 -476.90
-544.34 -476.90
-477.87 -476.90
-579.84 -476.90
-670.62 -476.90
-557.78 -476.90
-615.03 -476.90
-487.00 -476.90
-486.75 -476.90
-536.10 -476.90
-507.72 -476.90
-552.89 -476.90
-618.29 -476.90
-506.95 -476.90
-574.60 -476.90
-566.11 -476.90
-512.17 -476.90
-551.22 -476.90
-481.99 -476.90
-552.70 -476.90
-602.34 -476.90
-477.17 -477.17
-526.17 -477.17
-479.95 -477.17
-545.77 -477.17
-479.26 -477.17
-539.16 -477.17
-733.66 -477.17
-574.62 -477.17
-487.97 -477.17
-568.39 -477.17
-570.37 -477.17
-521.06 -477.17
-567.66 -477.17
-479.22 -477.17
-555.49 -477.17
-556.94 -477.17
-677.39 -477.17
-483.46 -477.17
-599.62 -477.17
-481.80 -477.17
-491.33 -477.17
-646.94 -477.17
-482.11 -477.17
-566.92 -477.17
-540.29 -477.17
-479.38 -477.17
-527.72 -477.17
-566.93 -477.17
-476.94 -476.94
-485.62 -476.94
-494.29 -476.94
-808.58 -476.94
-483.65 -476.94
-602.51 -476.94
-551.59 -476.94
-571.21 -476.94
-493.71 -476.94
-518.44 -476.94
-477.14 -477.14
-480.69 -477.14
-544.28 -477.14
-476.82 -476.82
-568.64 -476.82
-518.71 -476.82
-614.67 -476.82
-736.87 -476.82
-706.32 -476.82
-645.83 -476.82
-565.30 -476.82
-545.39 -476.82
-568.94 -476.82
-539.95 -476.82
-487.77 -476.82
-602.02 -476.82
-561.06 -476.82
-485.41 -476.82
-519.91 -476.82
-631.04 -476.82
-603.48 -476.82
-494.07 -476.82
-650.61 -476.82
-580.73 -476.82
-485.87 -476.82
-483.24 -476.82
-526.59 -476.82
-501.24 -476.82
-488.05 -476.82
-491.22 -476.82
-566.90 -476.82
-698.41 -476.82
-608.56 -476.82
-523.62 -476.82
-507.44 -476.82
-574.10 -476.82
-513.85 -476.82
-550.46 -476.82
-688.53 -476.82
-594.14 -476.82
-600.53 -476.82
-607.92 -476.82
-477.21 -477.21
-593.01 -477.21
-507.71 -477.21
-569.13 -477.21
-535.77 -477.21
-484.56 -477.21
-566.82 -477.21
-486.21 -477.21
-592.78 -477.21
-522.36 -477.21
-545.12 -477.21
-549.82 -477.21
-571.43 -477.21
-649.23 -477.21
-572.95 -477.21
-476.70 -476.70
-576.86 -476.70
-481.63 -476.70
-706.46 -476.70
-567.74 -476.70
-610.08 -476.70
-483.40 -476.70
-488.04 -476.70
-509.72 -476.70
-568.97 -476.70
-492.75 -476.70
-548.31 -476.70
-544.68 -476.70
-517.42 -476.70
-476.73 -476.73
-526.87 -476.73
-546.09 -476.73
-496.98 -476.73
-484.49 -476.73
-645.89 -476.73
-593.60 -476.73
-610.54 -476.73
-545.09 -476.73
-630.54 -476.73
-633.65 -476.73
-569.08 -476.73
-596.01 -476.73
-619.60 -476.73
-488.52 -476.73
-634.29 -476.73
-537.08 -476.73
-488.07 -476.73
-618.77 -476.73
-507.39 -476.73
-531.42 -476.73
-487.43 -476.73
-507.35 -476.73
-616.53 -476.73
-644.54 -476.73
-484.64 -476.73
-526.84 -476.73
-476.69 -476.69
-573.91 -476.69
-674.95 -476.69
-489.33 -476.69
-491.91 -476.69
-483.63 -476.69
-521.99 -476.69
-575.27 -476.69
-648.90 -476.69
-476.77 -476.77
-487.98 -476.77
-570.92 -476.77
-544.32 -476.77
-601.17 -476.77
-611.39 -476.77
-572.63 -476.77
-580.93 -476.77
-1520.25 -476.77
-1489.01 -1489.01
-1472.59 -1472.59
-1465.50 -1465.50
-1463.69 -1463.69
-1467.02 -1463.69
-1442.37 -1442.37
-1432.64 -1432.64
-1436.61 -1432.64
-1454.16 -1432.64
-1430.09 -1430.09
-1452.99 -1430.09
-1451.45 -1430.09
-1436.90 -1430.09
-1466.84 -1430.09
-1418.95 -1418.95
-1428.27 -1418.95
-1449.28 -1418.95
-1397.44 -1397.44
-1395.37 -1395.37
-1407.06 -1395.37
-1405.93 -1395.37
-1405.81 -1395.37
-1370.43 -1370.43
-1395.44 -1370.43
-1323.19 -1323.19
-1359.22 -1323.19
-1336.67 -1323.19
-1322.28 -1322.28
-1309.16 -1309.16
-1327.94 -1309.16
-1352.04 -1309.16
-1301.86 -1301.86
-1312.35 -1301.86
-1328.85 -1301.86
-1309.35 -1301.86
-1250.01 -1250.01
-1246.57 -1246.57
-1247.64 -1247.64
-1285.44 -1247.64
-1193.23 -1193.23
-1250.75 -1193.23
-1210.91 -1193.23
-1164.61 -1164.61
-1096.25 -1096.25
-1019.61 -1019.61
-1035.00 -1019.61
-1018.37 -1018.37
-908.72 -908.72
-857.87 -857.87
-892.73 -857.87
-786.07 -786.07
-672.25 -672.25
-630.61 -630.61
-616.43 -616.43
-569.94 -569.94
-730.34 -569.94
-592.86 -569.94
-543.96 -543.96
-736.47 -543.96
-574.85 -543.96
-508.37 -508.37
-644.94 -508.37
-483.80 -483.80
-523.48 -483.80
-565.49 -483.80
-567.82 -483.80
-502.97 -483.80
-508.36 -483.80
-649.28 -483.80
-704.79 -483.80
-544.12 -483.80
-671.72 -483.80
-598.60 -483.80
-477.28 -477.28
-616.62 -477.28
-616.34 -477.28
-517.00 -477.28
-541.09 -477.28
-673.91 -477.28
-484.85 -477.28
-551.31 -477.28
-643.30 -477.28
-650.56 -477.28
-483.16 -477.28
-557.08 -477.28
-568.57 -477.28
-496.21 -477.28
-605.98 -477.28
-630.19 -477.28
-491.35 -477.28
-486.84 -477.28
-525.15 -477.28
-572.17 -477.28
-625.50 -477.28
-522.67 -477.28
-531.59 -477.28
-493.30 -477.28
-524.83 -477.28
-552.99 -477.28
-618.78 -477.28
-486.46 -477.28
-544.42 -477.28
-568.87 -477.28
-598.79 -477.28
-572.02 -477.28
-527.33 -477.28
-580.05 -477.28
-597.50 -477.28
-568.61 -477.28
-524.86 -477.28
-550.85 -477.28
-556.34 -477.28
-684.88 -477.28
-481.65 -477.28
-652.80 -477.28
-484.63 -477.28
-629.48 -477.28
-571.92 -477.28
-652.77 -477.28
-483.33 -477.28
-477.21 -477.21
-483.59 -477.21
-570.15 -477.21
-549.40 -477.21
-568.76 -477.21
-549.99 -477.21
-610.39 -477.21
-525.05 -477.21
-484.09 -477.21
-779.75 -477.21
-601.45 -477.21
-651.51 -477.21
-507.87 -477.21
-514.48 -477.21
-483.70 -477.21
-531.71 -477.21
-548.78 -477.21
-558.58 -477.21
-685.92 -477.21
-597.37 -477.21
-564.47 -477.21
-511.22 -477.21
-476.76 -476.76
-508.25 -476.76
-480.89 -476.76
-796.71 -476.76
-664.06 -476.76
-476.64 -476.64
-744.63 -476.64
-613.83 -476.64
-747.67 -476.64
-515.28 -476.64
-605.14 -476.64
-526.96 -476.64
-512.08 -476.64
-571.90 -476.64
-483.42 -476.64
-637.89 -476.64
-492.83 -476.64
-604.52 -476.64
-517.27 -476.64
-632.01 -476.64
-597.54 -476.64
-580.00 -476.64
-514.88 -476.64
-597.71 -476.64
-503.54 -476.64
-561.63 -476.64
-535.95 -476.64
-557.85 -476.64
-702.76 -476.64
-573.35 -476.64
-479.87 -476.64
-546.79 -476.64
-544.39 -476.64
-708.69 -476.64
-562.12 -476.64
-541.04 -476.64
-546.42 -476.64
-491.52 -476.64
-531.20 -476.64
-628.39 -476.64
-504.97 -476.64
-792.34 -476.64
-486.44 -476.64
-629.56 -476.64
-599.82 -476.64
-569.95 -476.64
-616.09 -476.64
-485.47 -476.64
-573.84 -476.64
-627.54 -476.64
-528.92 -476.64
-488.95 -476.64
-540.57 -476.64
-598.69 -476.64
-574.03 -476.64
-509.18 -476.64
-507.37 -476.64
-504.09 -476.64
-599.17 -476.64
-505.53 -476.64
-488.93 -476.64
-482.07 -476.64
-514.31 -476.64
-493.92 -476.64
-490.41 -476.64
-568.64 -476.64
-485.60 -476.64
-571.29 -476.64
-476.75 -476.75
-524.41 -476.75
-599.28 -476.75
-485.20 -476.75
-492.74 -476.75
-482.07 -476.75
-567.77 -476.75
-540.36 -476.75
-606.53 -476.75
-493.59 -476.75
-548.01 -476.75
-509.63 -476.75
-485.02 -476.75
-485.11 -476.75
-651.98 -476.75
-592.67 -476.75
-604.08 -476.75
-490.63 -476.75
-596.33 -476.75
-610.50 -476.75
-480.12 -480.12
-632.14 -480.12
-599.48 -480.12
-484.86 -480.12
-744.95 -480.12
-555.44 -480.12
-577.73 -480.12
-484.09 -480.12
-744.37 -480.12
-514.48 -480.12
-491.12 -480.12
-547.62 -480.12
-485.74 -480.12
-524.79 -480.12
-479.98 -479.98
-612.87 -479.98
-574.24 -479.98
-590.93 -479.98
-487.89 -479.98
-601.08 -479.98
-776.50 -479.98
-540.15 -479.98
-524.65 -479.98
-574.24 -479.98
-566.83 -479.98
-543.08 -479.98
-687.82 -479.98
-714.42 -479.98
-491.57 -479.98
-602.55 -479.98
-521.18 -479.98
-616.76 -479.98
-493.36 -479.98
-569.52 -479.98
-484.25 -479.98
-481.87 -479.98
-482.59 -479.98
-568.58 -479.98
-609.04 -479.98
-512.13 -479.98
-577.89 -479.98
-484.48 -479.98
-681.30 -479.98
-604.26 -479.98
-505.34 -479.98
-552.49 -479.98
-526.59 -479.98
-527.83 -479.98
-521.54 -479.98
-477.49 -477.49
-488.76 -477.49
-569.95 -477.49
-572.61 -477.49
-492.12 -477.49
-488.59 -477.49
-560.05 -477.49
-574.88 -477.49
-484.10 -477.49
-484.15 -477.49
-507.74 -477.49
-602.27 -477.49
-486.82 -477.49
-581.78 -477.49
-522.84 -477.49
-481.66 -477.49
-545.41 -477.49
-484.95 -477.49
-524.62 -477.49
-539.57 -477.49
-596.85 -477.49
-596.37 -477.49
-644.38 -477.49
-512.24 -477.49
-512.35 -477.49
-631.17 -477.49
-513.95 -477.49
-602.63 -477.49
-503.49 -477.49
-627.62 -477.49
-568.93 -477.49
-558.43 -477.49
-595.54 -477.49
-573.25 -477.49
-513.94 -477.49
-491.57 -477.49
-482.59 -477.49
-504.21 -477.49
-685.79 -477.49
-574.07 -477.49
-479.40 -477.49
-490.22 -477.49
-487.00 -477.49
-477.19 -477.19
-479.23 -477.19
-524.72 -477.19
-477.70 -477.70
-490.87 -477.70
-706.79 -477.70
-482.51 -477.70
-497.15 -477.70
-504.90 -477.70
-496.79 -477.70
-545.63 -477.70
-484.24 -477.70
-572.31 -477.70
-539.59 -477.70
-485.10 -477.70
-483.46 -477.70
-572.71 -477.70
-505.49 -477.70
-557.82 -477.70
-636.93 -477.70
-503.93 -477.70
-579.37 -477.70
-755.85 -477.70
-486.76 -477.70
-509.01 -477.70
-485.19 -477.70
-550.54 -477.70
-649.25 -477.70
-539.62 -477.70
-733.38 -477.70
-565.86 -477.70
-536.46 -477.70
-593.20 -477.70
-491.71 -477.70
-505.00 -477.70
-491.83 -477.70
-556.19 -477.70
-714.88 -477.70
-482.07 -477.70
-695.00 -477.70
-484.14 -477.70
-599.51 -477.70
-566.07 -477.70
-648.78 -477.70
-486.63 -477.70
-506.59 -477.70
-706.96 -477.70
-485.35 -477.70
-559.65 -477.70
-505.72 -477.70
-516.04 -477.70
-525.46 -477.70
-571.82 -477.70
-595.12 -477.70
-547.64 -477.70
-491.04 -477.70
-546.35 -477.70
-523.00 -477.70
-567.27 -477.70
-495.99 -477.70
-484.18 -477.70
-491.69 -477.70
-487.98 -477.70
-493.49 -477.70
-483.23 -477.70
-617.62 -477.70
-480.68 -477.70
-548.25 -477.70
-510.52 -477.70
-569.65 -477.70
-604.93 -477.70
-479.99 -477.70
-485.01 -477.70
-581.87 -477.70
-504.14 -477.70
-630.68 -477.70
-615.74 -477.70
-484.56 -477.70
-483.83 -477.70
-492.58 -477.70
-636.64 -477.70
-596.99 -477.70
-632.03 -477.70
-493.02 -477.70
-580.43 -477.70
-674.66 -477.70
-539.55 -477.70
-480.02 -477.70
-551.32 -477.70
-484.44 -477.70
-634.15 -477.70
-524.61 -477.70
-487.50 -477.70
-1463.08 -1463.08
-1452.87 -1452.87
-1436.40 -1436.40
-1443.83 -1436.40
-1421.93 -1421.93
-1407.15 -1407.15
-1407.11 -1407.11
-1377.10 -1377.10
-1357.36 -1357.36
-1331.68 -1331.68
-1328.46 -1328.46
-1359.43 -1328.46
-1322.72 -1322.72
-1378.58 -1322.72
-1332.75 -1322.72
-1310.78 -1310.78
-1369.58 -1310.78
-1309.57 -1309.57
-1386.16 -1309.57
-1295.98 -1295.98
-1321.02 -1295.98
-1301.17 -1295.98
-1281.95 -1281.95
-1268.28 -1268.28
-1265.62 -1265.62
-1299.98 -1265.62
-1270.45 -1265.62
-1270.06 -1265.62
-1280.32 -1265.62
-1271.28 -1265.62
-1280.29 -1265.62
-1248.39 -1248.39
-1254.86 -1248.39
-1202.77 -1202.77
-1231.15 -1202.77
-1225.76 -1202.77
-1108.51 -1108.51
-1155.12 -1108.51
-1134.13 -1108.51
-1132.64 -1108.51
-1183.24 -1108.51
-1167.84 -1108.51
-1064.69 -1064.69
-909.21 -909.21
-1002.49 -909.21
-886.91 -886.91
-734.76 -734.76
-788.49 -734.76
-850.51 -734.76
-868.44 -734.76
-491.57 -491.57
-731.04 -491.57
-634.12 -491.57
-699.78 -491.57
-536.24 -491.57
-702.13 -491.57
-670.76 -491.57
-681.00 -491.57
-577.58 -491.57
-700.17 -491.57
-545.95 -491.57
-511.47 -491.57
-627.37 -491.57
-548.19 -491.57
-628.69 -491.57
-503.75 -491.57
-605.28 -491.57
-619.65 -491.57
-504.92 -491.57
-504.95 -491.57
-532.38 -491.57
-603.51 -491.57
-492.97 -491.57
-602.12 -491.57
-557.81 -491.57
-493.83 -491.57
-695.46 -491.57
-505.27 -491.57
-484.18 -484.18
-527.18 -484.18
-509.77 -484.18
-508.88 -484.18
-539.48 -484.18
-694.64 -484.18
-493.10 -484.18
-568.69 -484.18
-608.99 -484.18
-642.43 -484.18
-572.88 -484.18
-542.78 -484.18
-505.41 -484.18
-757.04 -484.18
-484.99 -484.99
-482.93 -482.93
-491.48 -482.93
-517.94 -482.93
-661.30 -482.93
-609.53 -482.93
-526.08 -482.93
-668.89 -482.93
-638.85 -482.93
-482.98 -482.98
-491.07 -482.98
-540.08 -482.98
-568.60 -482.98
-543.15 -482.98
-615.47 -482.98
-571.28 -482.98
-675.96 -482.98
-605.12 -482.98
-708.72 -482.98
-598.05 -482.98
-650.87 -482.98
-504.17 -482.98
-572.28 -482.98
-540.16 -482.98
-484.25 -482.98
-492.43 -482.98
-678.24 -482.98
-680.42 -482.98
-552.66 -482.98
-483.83 -483.83
-647.68 -483.83
-531.91 -483.83
-476.77 -476.77
-687.22 -476.77
-524.09 -476.77
-601.61 -476.77
-605.57 -476.77
-516.71 -476.77
-566.02 -476.77
-488.68 -476.77
-544.91 -476.77
-531.61 -476.77
-571.26 -476.77
-488.76 -476.77
-501.06 -476.77
-505.19 -476.77
-611.98 -476.77
-566.27 -476.77
-543.97 -476.77
-539.57 -476.77
-477.60 -477.60
-843.00 -477.60
-596.06 -477.60
-816.30 -477.60
-567.05 -477.60
-538.32 -477.60
-510.89 -477.60
-482.96 -477.60
-486.07 -477.60
-549.23 -477.60
-497.00 -477.60
-724.48 -477.60
-598.06 -477.60
-490.34 -477.60
-604.47 -477.60
-508.62 -477.60
-552.69 -477.60
-485.53 -477.60
-580.50 -477.60
-783.49 -477.60
-573.99 -477.60
-572.41 -477.60
-481.85 -477.60
-609.98 -477.60
-764.38 -477.60
-544.96 -477.60
-596.63 -477.60
-654.99 -477.60
-555.52 -477.60
-641.63 -477.60
-504.88 -477.60
-596.31 -477.60
-493.29 -477.60
-526.35 -477.60
-674.15 -477.60
-486.67 -477.60
-693.11 -477.60
-516.87 -477.60
-678.37 -477.60
-477.65 -477.65
-690.69 -477.65
-508.62 -477.65
-580.50 -477.65
-477.02 -477.02
-689.79 -477.02
-598.74 -477.02
-619.66 -477.02
-556.53 -477.02
-505.71 -477.02
-503.49 -477.02
-540.69 -477.02
-505.14 -477.02
-609.94 -477.02
-610.34 -477.02
-482.60 -477.02
-572.70 -477.02
-581.59 -477.02
-480.01 -477.02
-567.86 -477.02
-683.09 -477.02
-580.44 -477.02
-487.36 -477.02
-551.32 -477.02
-502.86 -477.02
-571.68 -477.02
-666.10 -477.02
-590.09 -477.02
-683.15 -477.02
-563.38 -477.02
-518.89 -477.02
-489.40 -477.02
-484.37 -477.02
-512.33 -477.02
-523.98 -477.02
-505.84 -477.02
-545.54 -477.02
-483.43 -477.02
-677.63 -477.02
-678.28 -477.02
-506.47 -477.02
-635.48 -477.02
-616.42 -477.02
-492.45 -477.02
-571.48 -477.02
-505.18 -477.02
-513.20 -477.02
-701.40 -477.02
-570.82 -477.02
-796.49 -477.02
-633.20 -477.02
-476.91 -476.91
-536.24 -476.91
-491.67 -476.91
-605.33 -476.91
-488.09 -476.91
-610.08 -476.91
-503.41 -476.91
-508.52 -476.91
-788.51 -476.91
-545.98 -476.91
-491.97 -476.91
-539.43 -476.91
-484.31 -476.91
-556.86 -476.91
-696.85 -476.91
-493.16 -476.91
-566.09 -476.91
-539.37 -476.91
-522.59 -476.91
-484.29 -476.91
-633.39 -476.91
-570.71 -476.91
-755.86 -476.91
-484.47 -476.91
-491.62 -476.91
-686.04 -476.91
-624.68 -476.91
-484.93 -476.91
-573.92 -476.91
-601.29 -476.91
-504.07 -476.91
-477.60 -476.91
-612.81 -476.91
-524.43 -476.91
-493.46 -476.91
-809.95 -476.91
-677.24 -476.91
-743.46 -476.91
-550.12 -476.91
-555.78 -476.91
-511.04 -476.91
-601.89 -476.91
-568.40 -476.91
-569.84 -476.91
-636.50 -476.91
-531.19 -476.91
-504.28 -476.91
-608.98 -476.91
-524.82 -476.91
-634.75 -476.91
-543.68 -476.91
-524.08 -476.91
-550.42 -476.91
-555.30 -476.91
-491.96 -476.91
-526.31 -476.91
-488.95 -476.91
-488.89 -476.91
-491.49 -476.91
-572.73 -476.91
-540.35 -476.91
-548.74 -476.91
-492.90 -476.91
-609.03 -476.91
-565.91 -476.91
-507.25 -476.91
-514.83 -476.91
-599.47 -476.91
-483.63 -476.91
-539.64 -476.91
-581.54 -476.91
-487.84 -476.91
-567.71 -476.91
-580.70 -476.91
-636.28 -476.91
-527.01 -476.91
-570.33 -476.91
-485.05 -476.91
-564.63 -476.91
-618.15 -476.91
-485.68 -476.91
-492.66 -476.91
-647.82 -476.91
-514.46 -476.91
-578.46 -476.91
-545.42 -476.91
-718.58 -476.91
-566.98 -476.91
-635.64 -476.91
-490.70 -476.91
-691.96 -476.91
-547.56 -476.91
-568.03 -476.91
-480.80 -476.91
-480.01 -476.91
-507.58 -476.91
-603.60 -476.91
-609.15 -476.91
-515.30 -476.91
-514.69 -476.91
-665.41 -476.91
-532.16 -476.91
-570.18 -476.91
-491.78 -476.91
-539.82 -476.91
-512.20 -476.91
-491.57 -476.91
-701.31 -476.91
-538.27 -476.91
-525.99 -476.91
-482.96 -476.91
-642.10 -476.91
-539.26 -476.91
-673.12 -476.91
-572.55 -476.91
-579.85 -476.91
-636.79 -476.91
-545.79 -476.91
-609.55 -476.91
-569.51 -476.91
-568.91 -476.91
-484.55 -476.91
-567.84 -476.91
-510.06 -476.91
-486.41 -476.91
-631.26 -476.91
-482.93 -476.91
-548.01 -476.91
-487.91 -476.91
-644.08 -476.91
-509.29 -476.91
-572.49 -476.91
-483.57 -476.91
-546.00 -476.91
-525.41 -476.91
-568.94 -476.91
-527.09 -476.91
-490.44 -476.91
-527.24 -476.91
-653.87 -476.91
-526.66 -476.91
-558.59 -476.91
-828.14 -476.91
-590.99 -476.91
-486.22 -476.91
-504.05 -476.91
-599.92 -476.91
-567.09 -476.91
-487.09 -476.91
-490.68 -476.91
-568.96 -476.91
-632.50 -476.91
-607.30 -476.91
-571.44 -476.91
-593.40 -476.91
-493.20 -476.91
-580.28 -476.91
-484.21 -476.91
-580.91 -476.91
-718.84 -476.91
-647.65 -476.91
-614.01 -476.91
-609.60 -476.91
-484.15 -476.91
-571.99 -476.91
-649.49 -476.91
-566.76 -476.91
-524.90 -476.91
-613.13 -476.91
-539.41 -476.91
-545.73 -476.91
-632.00 -476.91
-484.55 -476.91
-592.64 -476.91
-523.32 -476.91
-572.58 -476.91
-577.71 -476.91
-505.98 -476.91
-492.68 -476.91
-503.97 -476.91
-570.25 -476.91
-564.22 -476.91
-700.15 -476.91
-486.68 -476.91
-1519.08 -476.91
-1479.32 -1479.32
-1466.84 -1466.84
-1470.54 -1466.84
-1490.78 -1466.84
-1456.87 -1456.87
-1443.67 -1443.67
-1468.64 -1443.67
-1451.33 -1443.67
-1459.87 -1443.67
-1481.84 -1443.67
-1462.21 -1443.67
-1461.71 -1443.67
-1454.20 -1443.67
-1448.93 -1443.67
-1429.23 -1429.23
-1401.87 -1401.87
-1385.95 -1385.95
-1424.18 -1385.95
-1349.63 -1349.63
-1268.39 -1268.39
-1278.58 -1268.39
-1278.84 -1268.39
-1280.37 -1268.39
-1228.58 -1228.58
-1255.56 -1228.58
-1219.66 -1219.66
-1214.41 -1214.41
-1190.69 -1190.69
-1185.65 -1185.65
-988.77 -988.77
-1024.36 -988.77
-1047.85 -988.77
-989.24 -988.77
-1045.97 -988.77
-925.39 -925.39
-913.55 -913.55
-1007.53 -913.55
-860.68 -860.68
-831.79 -831.79
-797.72 -797.72
-890.73 -797.72
-889.17 -797.72
-761.64 -761.64
-669.54 -669.54
-490.79 -490.79
-512.36 -490.79
-565.79 -490.79
-609.51 -490.79
-573.71 -490.79
-627.87 -490.79
-605.11 -490.79
-546.70 -490.79
-599.36 -490.79
-515.10 -490.79
-761.44 -490.79
-595.41 -490.79
-568.60 -490.79
-544.81 -490.79
-531.46 -490.79
-573.82 -490.79
-571.53 -490.79
-547.16 -490.79
-485.87 -485.87
-486.89 -485.87
-662.75 -485.87
-642.60 -485.87
-572.59 -485.87
-672.40 -485.87
-483.46 -483.46
-505.87 -483.46
-476.80 -476.80
-486.40 -476.80
-480.62 -476.80
-678.47 -476.80
-485.86 -476.80
-527.71 -476.80
-599.79 -476.80
-544.58 -476.80
-508.11 -476.80
-476.64 -476.64
-572.66 -476.64
-705.97 -476.64
-523.06 -476.64
-570.68 -476.64
-731.27 -476.64
-599.07 -476.64
-568.06 -476.64
-555.67 -476.64
-602.27 -476.64
-545.02 -476.64
-566.79 -476.64
-723.56 -476.64
-653.94 -476.64
-494.22 -476.64
-614.23 -476.64
-593.75 -476.64
-524.79 -476.64
-570.22 -476.64
-580.52 -476.64
-630.13 -476.64
-484.60 -476.64
-707.36 -476.64
-642.70 -476.64
-568.73 -476.64
-612.95 -476.64
-540.02 -476.64
-525.27 -476.64
-572.35 -476.64
-489.11 -476.64
-546.29 -476.64
-608.34 -476.64
-643.30 -476.64
-613.98 -476.64
-508.75 -476.64
-531.60 -476.64
-631.05 -476.64
-606.25 -476.64
-476.64 -476.64
-604.07 -476.64
-577.77 -476.64
-669.10 -476.64
-573.16 -476.64
-633.50 -476.64
-510.80 -476.64
-565.12 -476.64
-636.63 -476.64
-624.00 -476.64
-573.68 -476.64
-570.30 -476.64
-628.69 -476.64
-489.82 -476.64
-654.80 -476.64
-508.43 -476.64
-568.94 -476.64
-634.74 -476.64
-483.01 -476.64
-568.99 -476.64
-540.21 -476.64
-486.98 -476.64
-667.68 -476.64
-823.85 -476.64
-603.69 -476.64
-599.48 -476.64
-488.73 -476.64
-491.62 -476.64
-549.78 -476.64
-824.23 -476.64
-695.10 -476.64
-630.16 -476.64
-507.01 -476.64
-550.39 -476.64
-564.83 -476.64
-490.53 -476.64
-505.41 -476.64
-526.90 -476.64
-547.93 -476.64
-495.37 -476.64
-631.35 -476.64
-606.05 -476.64
-513.54 -476.64
-650.95 -476.64
-513.31 -476.64
-727.18 -476.64
-508.50 -476.64
-484.54 -476.64
-492.99 -476.64
-483.89 -476.64
-533.17 -476.64
-481.61 -476.64
-548.10 -476.64
-488.08 -476.64
-630.37 -476.64
-604.38 -476.64
-524.80 -476.64
-566.99 -476.64
-531.61 -476.64
-548.44 -476.64
-706.58 -476.64
-537.10 -476.64
-691.95 -476.64
-549.93 -476.64
-696.16 -476.64
-573.65 -476.64
-485.20 -476.64
-568.93 -476.64
-759.73 -476.64
-487.32 -476.64
-628.14 -476.64
-632.17 -476.64
-571.47 -476.64
-490.29 -476.64
-499.96 -476.64
-601.32 -476.64
-573.37 -476.64
-540.58 -476.64
-637.91 -476.64
-614.17 -476.64
-549.46 -476.64
-508.54 -476.64
-503.55 -476.64
-510.84 -476.64
-604.93 -476.64
-572.26 -476.64
-630.38 -476.64
-647.64 -476.64
-616.64 -476.64
-521.56 -476.64
-608.32 -476.64
-685.50 -476.64
-668.20 -476.64
-482.65 -476.64
-481.97 -476.64
-566.64 -476.64
-570.86 -476.64
-487.76 -476.64
-507.40 -476.64
-550.80 -476.64
-614.03 -476.64
-489.40 -476.64
-706.24 -476.64
-653.56 -476.64
-643.38 -476.64
-484.36 -476.64
-537.10 -476.64
-676.97 -476.64
-561.83 -476.64
-592.95 -476.64
-572.24 -476.64
-527.65 -476.64
-485.58 -476.64
-483.43 -476.64
-634.86 -476.64
-601.54 -476.64
-536.15 -476.64
-551.72 -476.64
-477.02 -477.02
-642.51 -477.02
-729.42 -477.02
-593.00 -477.02
-490.26 -477.02
-536.67 -477.02
-549.74 -477.02
-574.54 -477.02
-606.97 -477.02
-491.81 -477.02
-481.73 -477.02
-490.75 -477.02
-545.51 -477.02
-596.46 -477.02
-614.76 -477.02
-604.78 -477.02
-486.53 -477.02
-518.53 -477.02
-616.13 -477.02
-568.52 -477.02
-648.08 -477.02
-548.32 -477.02
-552.79 -477.02
-685.16 -477.02
-572.31 -477.02
-580.89 -477.02
-706.51 -477.02
-596.09 -477.02
-824.43 -477.02
-664.29 -477.02
-567.15 -477.02
-696.99 -477.02
-526.64 -477.02
-505.24 -477.02
-505.99 -477.02
-732.90 -477.02
-510.56 -477.02
-512.46 -477.02
-481.97 -477.02
-685.97 -477.02
-683.11 -477.02
-605.30 -477.02
-668.14 -477.02
-567.81 -477.02
-505.12 -477.02
-666.94 -477.02
-504.30 -477.02
-561.95 -477.02
-559.55 -477.02
-568.28 -477.02
-505.10 -477.02
-729.02 -477.02
-608.31 -477.02
-590.80 -477.02
-687.58 -477.02
-648.37 -477.02
-578.81 -477.02
-751.76 -477.02
-566.63 -477.02
-479.56 -477.02
-600.15 -477.02
-610.27 -477.02
-490.33 -477.02
-487.24 -477.02
-490.35 -477.02
-643.74 -477.02
-506.24 -477.02
-649.30 -477.02
-573.99 -477.02
-495.74 -477.02
-636.77 -477.02
-484.22 -477.02
-599.98 -477.02
-483.53 -477.02
-730.52 -477.02
-488.51 -477.02
-486.66 -477.02
-485.56 -477.02
-548.02 -477.02
-531.81 -477.02
-546.13 -477.02
-648.00 -477.02
-591.10 -477.02
-595.69 -477.02
-579.85 -477.02
-642.27 -477.02
-548.12 -477.02
-532.05 -477.02
-634.99 -477.02
-654.59 -477.02
-505.44 -477.02
-618.77 -477.02
-730.78 -477.02
-568.40 -477.02
-521.53 -477.02
-668.46 -477.02
-570.60 -477.02
-705.61 -477.02
-697.26 -477.02
-770.14 -477.02
-580.49 -477.02
-782.11 -477.02
-531.56 -477.02
-489.10 -477.02
-479.46 -477.02
-476.64 -476.64
-513.56 -476.64
-615.59 -476.64
-573.21 -476.64
-615.22 -476.64
-487.14 -476.64
-484.89 -476.64
-735.15 -476.64
-489.80 -476.64
-519.31 -476.64
-477.00 -477.00
-538.86 -477.00
-485.06 -477.00
-477.54 -477.54
-592.96 -477.54
-634.21 -477.54
-522.61 -477.54
-600.56 -477.54
-578.95 -477.54
-605.37 -477.54
-545.33 -477.54
-516.00 -477.54
-566.48 -477.54
-505.40 -477.54
-597.42 -477.54
-485.10 -477.54
-896.85 -477.54
-573.97 -477.54
-645.71 -477.54
-579.36 -477.54
-737.40 -477.54
-566.43 -477.54
-614.61 -477.54
-489.69 -477.54
-547.05 -477.54
-505.92 -477.54
-562.55 -477.54
-487.93 -477.54
-730.19 -477.54
-544.13 -477.54
-566.19 -477.54
-487.25 -477.54
-476.71 -476.71
-546.51 -476.71
-508.13 -476.71
-491.77 -476.71
-490.89 -476.71
-484.28 -476.71
-514.39 -476.71
-482.18 -476.71
-550.18 -476.71
-544.06 -476.71
-486.84 -476.71
-488.37 -476.71
-636.66 -476.71
-579.94 -476.71
-521.68 -476.71
-544.92 -476.71
-651.56 -476.71
-512.77 -476.71
-524.74 -476.71
-676.12 -476.71
-568.74 -476.71
-510.83 -476.71
-700.55 -476.71
-561.22 -476.71
-541.70 -476.71
-605.94 -476.71
-647.23 -476.71
-596.03 -476.71
-658.04 -476.71
-532.40 -476.71
-488.49 -476.71
-483.17 -476.71
-566.27 -476.71
-1503.65 -476.71
-1502.91 -476.71
-1493.08 -476.71
-1486.07 -1486.07
