-10000.00 -10000.00
-1935.30 -10000.00
-1951.89 -10000.00
-1923.01 -10000.00
-1919.56 -10000.00
-1870.07 -1870.07
-1887.45 -1870.07
-1881.66 -1870.07
-1848.19 -1848.19
-1852.99 -1848.19
-1847.65 -1847.65
-1838.55 -1838.55
-1826.04 -1826.04
-1864.48 -1826.04
-1806.28 -1806.28
-1805.93 -1805.93
-1784.93 -1784.93
-1762.31 -1762.31
-1737.05 -1737.05
-1728.48 -1728.48
-1701.63 -1701.63
-1698.35 -1698.35
-1663.74 -1663.74
-1613.33 -1613.33
-1665.77 -1613.33
-1618.75 -1613.33
-1636.61 -1613.33
-1592.72 -1592.72
-1558.77 -1558.77
-1554.10 -1554.10
-1498.43 -1498.43
-1529.74 -1498.43
-1457.36 -1457.36
-1389.84 -1389.84
-1323.45 -1323.45
-1384.94 -1323.45
-1354.22 -1323.45
-1263.62 -1263.62
-1246.98 -1246.98
-1068.03 -1068.03
-1138.62 -1068.03
-940.95 -940.95
-1006.98 -940.95
-883.53 -883.53
-943.34 -883.53
-1053.16 -883.53
-823.22 -823.22
-891.26 -823.22
-824.86 -823.22
-945.08 -823.22
-905.63 -823.22
-675.12 -675.12
-776.60 -675.12
-785.37 -675.12
-924.70 -675.12
-826.77 -675.12
-695.74 -675.12
-806.23 -675.12
-932.97 -675.12
-769.81 -675.12
-640.50 -640.50
-812.07 -640.50
-726.23 -640.50
-721.93 -640.50
-619.98 -619.98
-768.71 -619.98
-898.50 -619.98
-688.66 -619.98
-628.06 -619.98
-815.48 -619.98
-627.04 -619.98
-645.61 -619.98
-730.77 -619.98
-674.10 -619.98
-626.86 -619.98
-743.21 -619.98
-739.08 -619.98
-877.20 -619.98
-698.14 -619.98
-772.41 -619.98
-619.53 -619.53
-694.63 -619.53
-632.70 -619.53
-652.60 -619.53
-766.49 -619.53
-773.62 -619.53
-684.62 -619.53
-765.73 -619.53
-937.56 -619.53
-707.54 -619.53
-734.80 -619.53
-667.18 -619.53
-719.85 -619.53
-888.89 -619.53
-705.19 -619.53
-647.04 -619.53
-640.74 -619.53
-642.73 -619.53
-835.18 -619.53
-686.61 -619.53
-615.56 -615.56
-724.17 -615.56
-761.08 -615.56
-649.42 -615.56
-650.21 -615.56
-620.74 -615.56
-633.35 -615.56
-648.47 -615.56
-643.66 -615.56
-647.61 -615.56
-726.13 -615.56
-632.95 -615.56
-617.28 -615.56
-686.17 -615.56
-622.56 -615.56
-697.24 -615.56
-613.39 -613.39
-623.74 -613.39
-651.30 -613.39
-827.72 -613.39
-632.72 -613.39
-733.86 -613.39
-623.74 -613.39
-609.29 -609.29
-913.19 -609.29
-628.68 -609.29
-809.39 -609.29
-681.39 -609.29
-774.51 -609.29
-868.71 -609.29
-623.69 -609.29
-738.50 -609.29
-609.72 -609.29
-684.80 -609.29
-674.53 -609.29
-623.03 -609.29
-679.15 -609.29
-680.44 -609.29
-662.50 -609.29
-614.18 -609.29
-618.80 -609.29
-718.63 -609.29
-643.95 -609.29
-662.98 -609.29
-621.73 -609.29
-658.07 -609.29
-765.18 -609.29
-685.34 -609.29
-612.34 -609.29
-825.87 -609.29
-760.00 -609.29
-727.24 -609.29
-649.36 -609.29
-645.12 -609.29
-773.45 -609.29
-617.60 -609.29
-660.64 -609.29
-699.13 -609.29
-624.55 -609.29
-624.06 -609.29
-763.76 -609.29
-617.94 -609.29
-620.56 -609.29
-707.49 -609.29
-814.65 -609.29
-890.72 -609.29
-704.63 -609.29
-674.99 -609.29
-610.42 -609.29
-888.18 -609.29
-739.21 -609.29
-772.41 -609.29
-622.80 -609.29
-763.13 -609.29
-686.44 -609.29
-618.98 -609.29
-696.78 -609.29
-619.76 -609.29
-736.16 -609.29
-729.94 -609.29
-757.97 -609.29
-657.58 -609.29
-670.43 -609.29
-619.35 -609.29
-772.90 -609.29
-936.66 -609.29
-679.73 -609.29
-716.47 -609.29
-891.61 -609.29
-646.80 -609.29
-1105.26 -609.29
-620.97 -609.29
-609.28 -609.28
-772.78 -609.28
-609.15 -609.15
-789.56 -609.15
-628.44 -609.15
-617.12 -609.15
-723.87 -609.15
-621.45 -609.15
-627.14 -609.15
-609.23 -609.15
-740.82 -609.15
-628.24 -609.15
-645.75 -609.15
-661.07 -609.15
-821.95 -609.15
-661.51 -609.15
-767.26 -609.15
-926.63 -609.15
-758.87 -609.15
-736.64 -609.15
-643.52 -609.15
-609.32 -609.15
-813.47 -609.15
-932.45 -609.15
-625.51 -609.15
-616.70 -609.15
-835.62 -609.15
-671.88 -609.15
-619.09 -609.15
-768.66 -609.15
-702.34 -609.15
-696.51 -609.15
-716.65 -609.15
-698.80 -609.15
-614.39 -609.15
-698.70 -609.15
-773.35 -609.15
-620.38 -609.15
-767.75 -609.15
-621.24 -609.15
-723.60 -609.15
-734.13 -609.15
-673.69 -609.15
-646.66 -609.15
-775.72 -609.15
-642.54 -609.15
-616.00 -609.15
-623.12 -609.15
-651.97 -609.15
-659.11 -609.15
-628.17 -609.15
-728.17 -609.15
-730.26 -609.15
-617.07 -609.15
-619.08 -609.15
-695.65 -609.15
-669.09 -609.15
-943.17 -609.15
-625.58 -609.15
-706.13 -609.15
-697.35 -609.15
-669.92 -609.15
-765.60 -609.15
-648.24 -609.15
-616.13 -609.15
-625.00 -609.15
-882.78 -609.15
-767.91 -609.15
-661.12 -609.15
-628.07 -609.15
-782.73 -609.15
-829.20 -609.15
-617.65 -609.15
-766.89 -609.15
-766.78 -609.15
-621.36 -609.15
-646.32 -609.15
-666.11 -609.15
-782.09 -609.15
-804.37 -609.15
-973.45 -609.15
-814.59 -609.15
-824.50 -609.15
-731.03 -609.15
-624.41 -609.15
-686.18 -609.15
-757.78 -609.15
-698.08 -609.15
-824.58 -609.15
-624.79 -609.15
-827.47 -609.15
-621.96 -609.15
-817.53 -609.15
-622.44 -609.15
-690.64 -609.15
-661.89 -609.15
-627.25 -609.15
-737.61 -609.15
-806.82 -609.15
-714.85 -609.15
-814.89 -609.15
-853.93 -609.15
-685.82 -609.15
-688.86 -609.15
-757.57 -609.15
-782.81 -609.15
-722.98 -609.15
-687.67 -609.15
-739.67 -609.15
-627.33 -609.15
-770.22 -609.15
-858.27 -609.15
-721.41 -609.15
-614.44 -609.15
-633.19 -609.15
-689.15 -609.15
-620.18 -609.15
-621.19 -609.15
-617.99 -609.15
-671.93 -609.15
-669.29 -609.15
-860.70 -609.15
-660.71 -609.15
-620.83 -609.15
-619.55 -609.15
-622.13 -609.15
-609.19 -609.19
-631.57 -609.19
-618.37 -609.19
-629.31 -609.19
-650.11 -609.19
-690.64 -609.19
-617.79 -609.19
-724.39 -609.19
-821.76 -609.19
-868.35 -609.19
-679.62 -609.19
-706.47 -609.19
-840.57 -609.19
-679.60 -609.19
-693.10 -609.19
-728.72 -609.19
-620.90 -609.19
-735.19 -609.19
-618.28 -609.19
-645.21 -609.19
-810.20 -609.19
-618.96 -609.19
-667.14 -609.19
-629.08 -609.19
-773.04 -609.19
-651.52 -609.19
-774.34 -609.19
-807.64 -609.19
-852.60 -609.19
-783.00 -609.19
-694.45 -609.19
-781.76 -609.19
-789.09 -609.19
-648.00 -609.19
-736.65 -609.19
-940.20 -609.19
-612.38 -609.19
-694.57 -609.19
-967.24 -609.19
-704.54 -609.19
-807.01 -609.19
-642.38 -609.19
-727.37 -609.19
-725.83 -609.19
-655.92 -609.19
-696.24 -609.19
-667.25 -609.19
-899.11 -609.19
-654.81 -609.19
-625.06 -609.19
-619.33 -609.19
-646.16 -609.19
-645.11 -609.19
-640.25 -609.19
-700.40 -609.19
-731.57 -609.19
-725.30 -609.19
-669.57 -609.19
-732.43 -609.19
-731.45 -609.19
-669.27 -609.19
-710.02 -609.19
-625.49 -609.19
-973.07 -609.19
-778.99 -609.19
-811.12 -609.19
-626.72 -609.19
-644.31 -609.19
-723.76 -609.19
-825.94 -609.19
-642.93 -609.19
-673.05 -609.19
-855.86 -609.19
-610.19 -610.19
-797.38 -610.19
-704.31 -610.19
-900.62 -610.19
-722.59 -610.19
-679.26 -610.19
-610.29 -610.29
-724.88 -610.29
-642.67 -610.29
-629.77 -610.29
-619.65 -610.29
-699.71 -610.29
-619.33 -610.29
-628.04 -610.29
-617.62 -610.29
-647.49 -610.29
-713.93 -610.29
-720.02 -610.29
-674.06 -610.29
-729.91 -610.29
-669.32 -610.29
-701.77 -610.29
-648.18 -610.29
-732.67 -610.29
-612.65 -610.29
-664.27 -610.29
-643.67 -610.29
-1865.67 -1865.67
-1893.36 -1865.67
-1826.85 -1826.85
-1841.93 -1826.85
-1854.64 -1826.85
-1852.51 -1826.85
-1852.02 -1826.85
-1798.37 -1798.37
-1862.98 -1798.37
-1738.02 -1738.02
-1731.28 -1731.28
-1697.97 -1697.97
-1641.45 -1641.45
-1681.83 -1641.45
-1609.96 -1609.96
-1628.60 -1609.96
-1592.16 -1592.16
-1604.95 -1592.16
-1576.53 -1576.53
-1579.55 -1576.53
-1615.60 -1576.53
-1546.10 -1546.10
-1546.36 -1546.36
-1522.81 -1522.81
-1550.29 -1522.81
-1460.71 -1460.71
-1389.09 -1389.09
-1371.11 -1371.11
-1476.48 -1371.11
-1384.94 -1371.11
-1309.89 -1309.89
-1284.41 -1284.41
-1377.60 -1284.41
-1362.02 -1284.41
-1294.32 -1284.41
-1253.15 -1253.15
-1215.40 -1215.40
-1316.68 -1215.40
-1241.97 -1215.40
-1241.99 -1215.40
-1197.20 -1197.20
-1303.00 -1197.20
-1235.96 -1197.20
-1156.96 -1156.96
-1371.04 -1156.96
-1127.17 -1127.17
-1172.17 -1127.17
-1125.83 -1125.83
-1055.52 -1055.52
-1286.55 -1055.52
-1107.02 -1055.52
-1229.29 -1055.52
-915.01 -915.01
-937.57 -915.01
-973.67 -915.01
-831.40 -831.40
-761.08 -761.08
-761.18 -761.18
-821.13 -761.18
-856.67 -761.18
-657.89 -657.89
-846.47 -657.89
-734.85 -657.89
-767.17 -657.89
-680.43 -657.89
-730.37 -657.89
-702.55 -657.89
-654.03 -654.03
-666.46 -654.03
-698.26 -654.03
-670.62 -654.03
-866.80 -654.03
-698.49 -654.03
-643.75 -643.75
-615.39 -615.39
-769.04 -615.39
-731.73 -615.39
-618.76 -618.76
-779.07 -618.76
-703.10 -618.76
-760.91 -618.76
-826.29 -618.76
-609.50 -609.50
-805.17 -609.50
-730.67 -609.50
-672.54 -609.50
-609.14 -609.14
-632.49 -609.14
-646.60 -609.14
-726.51 -609.14
-789.92 -609.14
-621.30 -609.14
-824.37 -609.14
-705.04 -609.14
-769.29 -609.14
-673.50 -609.14
-924.92 -609.14
-769.40 -609.14
-619.70 -609.14
-727.86 -609.14
-732.42 -609.14
-652.53 -609.14
-697.79 -609.14
-932.61 -609.14
-698.75 -609.14
-698.11 -609.14
-625.72 -609.14
-711.24 -609.14
-720.15 -609.14
-728.10 -609.14
-658.46 -609.14
-619.20 -609.14
-950.73 -609.14
-1003.44 -609.14
-726.60 -609.14
-624.74 -609.14
-622.54 -609.14
-892.31 -609.14
-678.50 -609.14
-811.57 -609.14
-609.03 -609.03
-737.33 -609.03
-730.78 -609.03
-772.55 -609.03
-862.12 -609.03
-781.50 -609.03
-700.53 -609.03
-769.47 -609.03
-617.69 -609.03
-726.42 -609.03
-628.30 -609.03
-609.70 -609.03
-811.01 -609.03
-643.42 -609.03
-618.72 -609.03
-668.99 -609.03
-730.44 -609.03
-654.34 -609.03
-712.24 -609.03
-737.04 -609.03
-766.17 -609.03
-965.74 -609.03
-761.19 -609.03
-622.29 -609.03
-895.68 -609.03
-854.33 -609.03
-723.40 -609.03
-648.60 -609.03
-675.93 -609.03
-634.22 -609.03
-730.23 -609.03
-649.19 -609.03
-1006.39 -609.03
-659.24 -609.03
-734.17 -609.03
-717.01 -609.03
-763.15 -609.03
-650.05 -609.03
-702.74 -609.03
-742.25 -609.03
-676.07 -609.03
-628.43 -609.03
-689.90 -609.03
-722.15 -609.03
-644.57 -609.03
-732.53 -609.03
-900.38 -609.03
-852.39 -609.03
-653.02 -609.03
-649.20 -609.03
-660.92 -609.03
-647.78 -609.03
-1033.52 -609.03
-800.18 -609.03
-758.88 -609.03
-656.16 -609.03
-725.40 -609.03
-739.47 -609.03
-679.83 -609.03
-823.72 -609.03
-728.70 -609.03
-657.64 -609.03
-621.93 -609.03
-864.82 -609.03
-772.12 -609.03
-875.32 -609.03
-732.94 -609.03
-762.11 -609.03
-685.80 -609.03
-734.54 -609.03
-769.00 -609.03
-655.66 -609.03
-791.91 -609.03
-623.26 -609.03
-695.75 -609.03
-914.04 -609.03
-617.74 -609.03
-770.22 -609.03
-643.78 -609.03
-690.18 -609.03
-724.19 -609.03
-755.41 -609.03
-842.84 -609.03
-648.88 -609.03
-765.62 -609.03
-725.51 -609.03
-619.91 -609.03
-775.38 -609.03
-629.76 -609.03
-762.51 -609.03
-703.52 -609.03
-785.42 -609.03
-615.30 -609.03
-690.89 -609.03
-705.89 -609.03
-673.21 -609.03
-614.57 -609.03
-735.47 -609.03
-729.41 -609.03
-684.77 -609.03
-671.10 -609.03
-645.95 -609.03
-609.51 -609.51
-616.58 -609.51
-621.28 -609.51
-619.23 -609.51
-623.01 -609.51
-765.68 -609.51
-732.55 -609.51
-693.55 -609.51
-619.00 -609.51
-616.14 -609.51
-835.69 -609.51
-620.13 -609.51
-724.20 -609.51
-628.85 -609.51
-734.50 -609.51
-609.15 -609.15
-609.77 -609.77
-621.45 -609.77
-823.61 -609.77
-618.19 -609.77
-768.21 -609.77
-807.68 -609.77
-620.61 -609.77
-765.23 -609.77
-609.03 -609.03
-695.81 -609.03
-621.06 -609.03
-729.47 -609.03
-629.10 -609.03
-627.73 -609.03
-644.24 -609.03
-666.59 -609.03
-763.05 -609.03
-644.88 -609.03
-623.01 -609.03
-737.88 -609.03
-691.90 -609.03
-696.03 -609.03
-726.25 -609.03
-743.01 -609.03
-617.59 -609.03
-904.81 -609.03
-623.28 -609.03
-652.53 -609.03
-830.58 -609.03
-824.59 -609.03
-724.03 -609.03
-718.45 -609.03
-817.98 -609.03
-698.16 -609.03
-609.15 -609.15
-689.17 -609.15
-622.76 -609.15
-772.33 -609.15
-648.88 -609.15
-817.04 -609.15
-766.48 -609.15
-622.65 -609.15
-882.17 -609.15
-770.86 -609.15
-635.10 -609.15
-722.58 -609.15
-619.31 -609.15
-813.73 -609.15
-652.93 -609.15
-640.97 -609.15
-645.66 -609.15
-694.72 -609.15
-666.57 -609.15
-610.28 -610.28
-675.44 -610.28
-804.14 -610.28
-655.72 -610.28
-729.36 -610.28
-694.76 -610.28
-733.57 -610.28
-713.68 -610.28
-628.27 -610.28
-622.57 -610.28
-688.69 -610.28
-643.13 -610.28
-727.34 -610.28
-814.12 -610.28
-656.32 -610.28
-734.58 -610.28
-623.78 -610.28
-736.38 -610.28
-723.92 -610.28
-699.39 -610.28
-797.19 -610.28
-693.57 -610.28
-628.60 -610.28
-620.82 -610.28
-914.58 -610.28
-696.69 -610.28
-609.41 -609.41
-876.57 -609.41
-632.06 -609.41
-1034.93 -609.41
-619.44 -609.41
-838.20 -609.41
-712.32 -609.41
-609.17 -609.17
-650.76 -609.17
-619.01 -609.17
-646.12 -609.17
-860.18 -609.17
-643.59 -609.17
-774.21 -609.17
-652.80 -609.17
-857.99 -609.17
-630.03 -609.17
-692.53 -609.17
-897.15 -609.17
-850.18 -609.17
-680.43 -609.17
-854.09 -609.17
-617.74 -609.17
-721.97 -609.17
-776.62 -609.17
-649.43 -609.17
-642.36 -609.17
-647.21 -609.17
-649.33 -609.17
-835.49 -609.17
-825.28 -609.17
-729.47 -609.17
-617.44 -609.17
-741.83 -609.17
-810.41 -609.17
-788.98 -609.17
-621.13 -609.17
-902.81 -609.17
-943.93 -609.17
-901.73 -609.17
-625.89 -609.17
-618.78 -609.17
-616.18 -609.17
-711.39 -609.17
-670.11 -609.17
-646.76 -609.17
-619.39 -609.17
-727.29 -609.17
-825.22 -609.17
-761.73 -609.17
-640.37 -609.17
-697.49 -609.17
-624.09 -609.17
-618.18 -609.17
-758.31 -609.17
-696.34 -609.17
-613.49 -609.17
-676.07 -609.17
-628.59 -609.17
-628.04 -609.17
-733.60 -609.17
-668.54 -609.17
-835.29 -609.17
-722.73 -609.17
-876.10 -609.17
-761.62 -609.17
-609.30 -609.17
-622.73 -609.17
-701.08 -609.17
-762.30 -609.17
-646.19 -609.17
-618.92 -609.17
-850.52 -609.17
-662.96 -609.17
-889.65 -609.17
-841.24 -609.17
-646.37 -609.17
-627.21 -609.17
-810.08 -609.17
-888.65 -609.17
-770.49 -609.17
-827.88 -609.17
-646.50 -609.17
-697.59 -609.17
-622.93 -609.17
-619.65 -609.17
-646.92 -609.17
-622.63 -609.17
-698.99 -609.17
-658.06 -609.17
-622.23 -609.17
-647.00 -609.17
-897.00 -609.17
-932.43 -609.17
-674.16 -609.17
-896.19 -609.17
-671.88 -609.17
-666.52 -609.17
-705.18 -609.17
-1926.82 -609.17
-1895.22 -1895.22
-1908.51 -1895.22
-1857.43 -1857.43
-1811.49 -1811.49
-1816.32 -1811.49
-1816.49 -1811.49
-1828.70 -1811.49
-1821.72 -1811.49
-1815.74 -1811.49
-1834.88 -1811.49
-1768.95 -1768.95
-1839.87 -1768.95
-1741.01 -1741.01
-1762.34 -1741.01
-1744.51 -1741.01
-1732.83 -1732.83
-1722.39 -1722.39
-1672.93 -1672.93
-1670.77 -1670.77
-1706.43 -1670.77
-1669.17 -1669.17
-1677.72 -1669.17
-1632.42 -1632.42
-1690.21 -1632.42
-1565.94 -1565.94
-1589.41 -1565.94
-1506.75 -1506.75
-1436.27 -1436.27
-1403.12 -1403.12
-1371.16 -1371.16
-1336.20 -1336.20
-1394.59 -1336.20
-1246.83 -1246.83
-1184.80 -1184.80
-1213.42 -1184.80
-1185.96 -1184.80
-1053.23 -1053.23
-1006.47 -1006.47
-1127.52 -1006.47
-1184.71 -1006.47
-782.98 -782.98
-652.00 -652.00
-998.81 -652.00
-619.54 -619.54
-726.54 -619.54
-713.74 -619.54
-783.42 -619.54
-832.75 -619.54
-646.06 -619.54
-727.03 -619.54
-939.04 -619.54
-743.20 -619.54
-688.07 -619.54
-691.27 -619.54
-652.12 -619.54
-623.51 -619.54
-621.21 -619.54
-616.79 -616.79
-619.87 -616.79
-658.76 -616.79
-778.69 -616.79
-680.55 -616.79
-773.96 -616.79
-819.00 -616.79
-1015.84 -616.79
-645.73 -616.79
-616.95 -616.95
-912.23 -616.95
-733.49 -616.95
-765.81 -616.95
-786.79 -616.95
-646.58 -616.95
-731.14 -616.95
-901.64 -616.95
-689.36 -616.95
-642.36 -616.95
-780.46 -616.95
-917.78 -616.95
-733.21 -616.95
-777.27 -616.95
-695.10 -616.95
-659.32 -616.95
-620.79 -616.95
-619.74 -616.95
-786.09 -616.95
-672.36 -616.95
-632.35 -616.95
-1007.17 -616.95
-670.70 -616.95
-900.78 -616.95
-699.03 -616.95
-650.37 -616.95
-924.59 -616.95
-945.93 -616.95
-696.21 -616.95
-788.42 -616.95
-835.36 -616.95
-657.14 -616.95
-624.52 -616.95
-615.65 -615.65
-741.06 -615.65
-718.27 -615.65
-722.55 -615.65
-934.49 -615.65
-730.57 -615.65
-740.18 -615.65
-654.42 -615.65
-728.88 -615.65
-618.97 -615.65
-757.55 -615.65
-812.46 -615.65
-671.49 -615.65
-627.03 -615.65
-910.05 -615.65
-647.19 -615.65
-781.58 -615.65
-806.20 -615.65
-727.21 -615.65
-697.35 -615.65
-679.10 -615.65
-848.76 -615.65
-804.41 -615.65
-759.44 -615.65
-700.60 -615.65
-765.35 -615.65
-880.81 -615.65
-610.00 -610.00
-698.60 -610.00
-730.17 -610.00
-643.40 -610.00
-854.84 -610.00
-1181.54 -610.00
-690.89 -610.00
-623.12 -610.00
-742.10 -610.00
-727.60 -610.00
-781.08 -610.00
-618.77 -610.00
-714.29 -610.00
-859.12 -610.00
-629.48 -610.00
-802.97 -610.00
-674.41 -610.00
-615.28 -610.00
-672.98 -610.00
-713.49 -610.00
-609.94 -609.94
-701.07 -609.94
-650.31 -609.94
-759.59 -609.94
-829.00 -609.94
-628.95 -609.94
-673.32 -609.94
-669.14 -609.94
-897.46 -609.94
-698.42 -609.94
-668.66 -609.94
-727.57 -609.94
-628.61 -609.94
-619.43 -609.94
-726.42 -609.94
-852.96 -609.94
-628.64 -609.94
-878.44 -609.94
-646.54 -609.94
-616.61 -609.94
-713.24 -609.94
-775.65 -609.94
-656.79 -609.94
-667.54 -609.94
-897.16 -609.94
-690.89 -609.94
-712.59 -609.94
-630.33 -609.94
-1047.55 -609.94
-757.80 -609.94
-717.80 -609.94
-807.08 -609.94
-722.16 -609.94
-894.64 -609.94
-631.41 -609.94
-642.62 -609.94
-622.01 -609.94
-645.28 -609.94
-685.24 -609.94
-619.55 -609.94
-702.84 -609.94
-674.10 -609.94
-761.99 -609.94
-657.54 -609.94
-695.21 -609.94
-629.88 -609.94
-628.33 -609.94
-858.11 -609.94
-629.63 -609.94
-695.31 -609.94
-685.21 -609.94
-761.42 -609.94
-617.64 -609.94
-675.40 -609.94
-629.14 -609.94
-609.04 -609.04
-646.11 -609.04
-631.81 -609.04
-757.74 -609.04
-622.46 -609.04
-617.76 -609.04
-774.99 -609.04
-698.50 -609.04
-643.83 -609.04
-624.49 -609.04
-998.73 -609.04
-854.11 -609.04
-706.29 -609.04
-767.15 -609.04
-695.32 -609.04
-738.28 -609.04
-627.33 -609.04
-619.68 -609.04
-674.26 -609.04
-690.80 -609.04
-670.78 -609.04
-618.66 -609.04
-670.70 -609.04
-640.40 -609.04
-614.47 -609.04
-692.30 -609.04
-609.45 -609.45
-722.31 -609.45
-731.45 -609.45
-947.64 -609.45
-726.04 -609.45
-650.42 -609.45
-623.17 -609.45
-763.15 -609.45
-702.79 -609.45
-864.59 -609.45
-609.91 -609.45
-729.81 -609.45
-643.72 -609.45
-826.39 -609.45
-755.43 -609.45
-661.15 -609.45
-710.14 -609.45
-721.90 -609.45
-869.76 -609.45
-653.47 -609.45
-743.22 -609.45
-646.87 -609.45
-743.14 -609.45
-619.87 -609.45
-670.53 -609.45
-778.14 -609.45
-804.69 -609.45
-712.93 -609.45
-618.80 -609.45
-656.71 -609.45
-965.39 -609.45
-631.28 -609.45
-725.45 -609.45
-740.99 -609.45
-762.39 -609.45
-720.14 -609.45
-626.83 -609.45
-675.61 -609.45
-761.28 -609.45
-694.78 -609.45
-621.54 -609.45
-778.53 -609.45
-806.33 -609.45
-772.92 -609.45
-944.77 -609.45
-627.89 -609.45
-666.40 -609.45
-965.82 -609.45
-710.04 -609.45
-759.73 -609.45
-768.57 -609.45
-1003.97 -609.45
-726.23 -609.45
-670.13 -609.45
-772.92 -609.45
-703.83 -609.45
-649.67 -609.45
-656.00 -609.45
-664.52 -609.45
-805.52 -609.45
-725.47 -609.45
-909.98 -609.45
-842.90 -609.45
-622.64 -609.45
-613.46 -609.45
-690.41 -609.45
-965.07 -609.45
-769.10 -609.45
-667.43 -609.45
-761.11 -609.45
-730.91 -609.45
-726.59 -609.45
-826.88 -609.45
-772.77 -609.45
-622.02 -609.45
-724.79 -609.45
-727.96 -609.45
-648.23 -609.45
-1030.50 -609.45
-804.87 -609.45
-614.13 -609.45
-651.40 -609.45
-788.00 -609.45
-643.49 -609.45
-694.36 -609.45
-673.96 -609.45
-934.57 -609.45
-609.28 -609.28
-625.76 -609.28
-687.84 -609.28
-949.52 -609.28
-906.77 -609.28
-610.31 -609.28
-877.24 -609.28
-770.74 -609.28
-669.83 -609.28
-785.71 -609.28
-612.34 -609.28
-617.08 -609.28
-622.75 -609.28
-769.72 -609.28
-912.90 -609.28
-826.02 -609.28
-774.60 -609.28
-779.56 -609.28
-671.98 -609.28
-642.89 -609.28
-806.21 -609.28
-779.50 -609.28
-654.34 -609.28
-732.83 -609.28
-631.34 -609.28
-1077.13 -609.28
-826.07 -609.28
-864.10 -609.28
-934.34 -609.28
-671.42 -609.28
-756.79 -609.28
-763.19 -609.28
-686.36 -609.28
-742.47 -609.28
-630.76 -609.28
-688.44 -609.28
-759.11 -609.28
-765.97 -609.28
-622.56 -609.28
-649.11 -609.28
-622.94 -609.28
-817.20 -609.28
-628.26 -609.28
-897.52 -609.28
-609.14 -609.14
-735.56 -609.14
-618.00 -609.14
-720.20 -609.14
-700.35 -609.14
-612.65 -609.14
-909.17 -609.14
-630.77 -609.14
-621.95 -609.14
-624.60 -609.14
-879.06 -609.14
-615.99 -609.14
-874.11 -609.14
-766.14 -609.14
-737.23 -609.14
-731.44 -609.14
-808.73 -609.14
-629.23 -609.14
-672.81 -609.14
-654.01 -609.14
-779.71 -609.14
-698.17 -609.14
-725.73 -609.14
-609.82 -609.14
-623.26 -609.14
-787.42 -609.14
-609.23 -609.23
-937.42 -609.23
-653.57 -609.23
-779.61 -609.23
-632.54 -609.23
-609.40 -609.40
-738.53 -609.40
-736.52 -609.40
-627.07 -609.40
-692.12 -609.40
-702.69 -609.40
-805.75 -609.40
-769.60 -609.40
-843.20 -609.40
-645.37 -609.40
-626.81 -609.40
-859.28 -609.40
-610.08 -610.08
-674.11 -610.08
-617.07 -610.08
-806.17 -610.08
-624.25 -610.08
-685.87 -610.08
-985.46 -610.08
-657.53 -610.08
-733.37 -610.08
-764.56 -610.08
-664.18 -610.08
-852.19 -610.08
-759.83 -610.08
-769.53 -610.08
-1904.78 -1904.78
-1884.59 -1884.59
-1884.06 -1884.06
-1905.89 -1884.06
-1879.33 -1879.33
-1884.38 -1879.33
-1820.90 -1820.90
-1842.34 -1820.90
-1797.88 -1797.88
-1823.68 -1797.88
-1856.31 -1797.88
-1824.65 -1797.88
-1835.19 -1797.88
-1817.33 -1797.88
-1785.14 -1785.14
-1800.72 -1785.14
-1715.60 -1715.60
-1752.07 -1715.60
-1755.93 -1715.60
-1737.76 -1715.60
-1689.61 -1689.61
-1681.18 -1681.18
-1616.05 -1616.05
-1592.69 -1592.69
-1663.05 -1592.69
-1633.92 -1592.69
-1612.88 -1592.69
-1532.70 -1532.70
-1576.45 -1532.70
-1452.97 -1452.97
-1249.28 -1249.28
-1221.48 -1221.48
-1155.45 -1155.45
-1136.95 -1136.95
-1067.62 -1067.62
-1232.56 -1067.62
-984.09 -984.09
-649.68 -649.68
-766.85 -649.68
-917.04 -649.68
-736.53 -649.68
-618.61 -618.61
-910.59 -618.61
-694.02 -618.61
-618.94 -618.94
-725.39 -618.94
-672.05 -618.94
-622.17 -618.94
-970.50 -618.94
-966.38 -618.94
-740.45 -618.94
-617.59 -617.59
-727.08 -617.59
-621.80 -617.59
-678.95 -617.59
-815.93 -617.59
-670.15 -617.59
-614.15 -614.15
-937.07 -614.15
-851.19 -614.15
-612.60 -612.60
-648.61 -612.60
-663.23 -612.60
-726.32 -612.60
-617.70 -612.60
-742.00 -612.60
-609.88 -609.88
-881.14 -609.88
-731.31 -609.88
-891.62 -609.88
-807.94 -609.88
-706.17 -609.88
-1077.61 -609.88
-719.84 -609.88
-791.92 -609.88
-726.27 -609.88
-616.88 -609.88
-696.94 -609.88
-743.40 -609.88
-650.69 -609.88
-622.62 -609.88
-622.13 -609.88
-673.88 -609.88
-807.04 -609.88
-646.15 -609.88
-1007.82 -609.88
-698.98 -609.88
-811.29 -609.88
-756.83 -609.88
-609.12 -609.12
-614.13 -609.12
-617.50 -609.12
-731.99 -609.12
-1002.56 -609.12
-619.06 -609.12
-758.91 -609.12
-949.97 -609.12
-679.14 -609.12
-621.59 -609.12
-644.57 -609.12
-756.82 -609.12
-784.20 -609.12
-629.69 -609.12
-700.12 -609.12
-730.72 -609.12
-767.85 -609.12
-810.97 -609.12
-888.14 -609.12
-629.93 -609.12
-688.82 -609.12
-642.32 -609.12
-710.43 -609.12
-654.03 -609.12
-889.41 -609.12
-627.64 -609.12
-778.27 -609.12
-703.84 -609.12
-640.54 -609.12
-861.93 -609.12
-657.56 -609.12
-694.27 -609.12
-697.24 -609.12
-778.77 -609.12
-724.41 -609.12
-765.68 -609.12
-714.04 -609.12
-739.88 -609.12
-619.54 -609.12
-648.88 -609.12
-843.05 -609.12
-612.33 -609.12
-699.61 -609.12
-850.61 -609.12
-730.05 -609.12
-612.59 -609.12
-851.13 -609.12
-623.61 -609.12
-880.07 -609.12
-737.31 -609.12
-665.83 -609.12
-627.38 -609.12
-737.83 -609.12
-732.08 -609.12
-857.15 -609.12
-697.42 -609.12
-695.08 -609.12
-809.19 -609.12
-627.39 -609.12
-729.80 -609.12
-764.71 -609.12
-816.66 -609.12
-659.84 -609.12
-723.90 -609.12
-652.64 -609.12
-622.11 -609.12
-714.05 -609.12
-853.27 -609.12
-666.50 -609.12
-717.62 -609.12
-883.11 -609.12
-672.90 -609.12
-783.64 -609.12
-669.76 -609.12
-717.39 -609.12
-716.67 -609.12
-1088.67 -609.12
-653.47 -609.12
-629.75 -609.12
-609.32 -609.32
-622.01 -609.32
-807.06 -609.32
-623.04 -609.32
-700.35 -609.32
-612.69 -609.32
-621.89 -609.32
-696.52 -609.32
-670.69 -609.32
-656.73 -609.32
-702.61 -609.32
-630.60 -609.32
-737.54 -609.32
-619.17 -609.32
-741.22 -609.32
-686.33 -609.32
-710.64 -609.32
-915.76 -609.32
-630.89 -609.32
-704.70 -609.32
-726.69 -609.32
-722.32 -609.32
-817.30 -609.32
-810.43 -609.32
-701.07 -609.32
-974.18 -609.32
-848.78 -609.32
-660.39 -609.32
-1070.23 -609.32
-767.76 -609.32
-758.40 -609.32
-702.64 -609.32
-929.13 -609.32
-728.90 -609.32
-624.77 -609.32
-889.41 -609.32
-716.87 -609.32
-619.11 -609.32
-690.98 -609.32
-937.13 -609.32
-726.56 -609.32
-961.49 -609.32
-701.79 -609.32
-628.27 -609.32
-679.55 -609.32
-628.19 -609.32
-643.66 -609.32
-612.78 -609.32
-679.07 -609.32
-661.95 -609.32
-888.49 -609.32
-628.73 -609.32
-869.79 -609.32
-650.26 -609.32
-869.81 -609.32
-765.65 -609.32
-687.83 -609.32
-609.15 -609.15
-812.58 -609.15
-937.04 -609.15
-741.03 -609.15
-883.14 -609.15
-642.71 -609.15
-646.21 -609.15
-644.39 -609.15
-823.39 -609.15
-774.11 -609.15
-614.32 -609.15
-864.97 -609.15
-626.56 -609.15
-614.53 -609.15
-662.27 -609.15
-835.98 -609.15
-629.64 -609.15
-1007.69 -609.15
-914.59 -609.15
-716.52 -609.15
-766.83 -609.15
-664.17 -609.15
-659.16 -609.15
-701.95 -609.15
-885.26 -609.15
-609.15 -609.15
-770.61 -609.15
-1003.80 -609.15
-1096.33 -609.15
-869.32 -609.15
-1012.93 -609.15
-628.68 -609.15
-784.40 -609.15
-888.99 -609.15
-772.67 -609.15
-699.88 -609.15
-774.70 -609.15
-773.03 -609.15
-621.76 -609.15
-624.97 -609.15
-902.24 -609.15
-732.51 -609.15
-679.76 -609.15
-782.16 -609.15
-777.96 -609.15
-853.81 -609.15
-944.90 -609.15
-933.46 -609.15
-609.85 -609.85
-672.65 -609.85
-734.18 -609.85
-628.16 -609.85
-772.64 -609.85
-667.43 -609.85
-703.16 -609.85
-614.11 -609.85
-861.17 -609.85
-621.29 -609.85
-643.56 -609.85
-643.49 -609.85
-829.23 -609.85
-1003.30 -609.85
-855.81 -609.85
-647.03 -609.85
-685.10 -609.85
-728.16 -609.85
-778.11 -609.85
-617.27 -609.85
-696.16 -609.85
-904.64 -609.85
-630.64 -609.85
-733.25 -609.85
-713.59 -609.85
-618.75 -609.85
-779.11 -609.85
-772.74 -609.85
-844.70 -609.85
-784.55 -609.85
-649.37 -609.85
-779.49 -609.85
-609.19 -609.19
-770.25 -609.19
-1012.72 -609.19
-759.15 -609.19
-652.94 -609.19
-619.42 -609.19
-851.81 -609.19
-621.81 -609.19
-727.74 -609.19
-619.23 -609.19
-835.29 -609.19
-669.39 -609.19
-808.82 -609.19
-665.98 -609.19
-689.79 -609.19
-968.03 -609.19
-644.94 -609.19
-632.22 -609.19
-648.01 -609.19
-779.67 -609.19
-965.70 -609.19
-767.10 -609.19
-645.16 -609.19
-726.56 -609.19
-837.64 -609.19
-933.73 -609.19
-688.19 -609.19
-669.99 -609.19
-766.34 -609.19
-856.48 -609.19
-620.01 -609.19
-613.42 -609.19
-862.53 -609.19
-762.45 -609.19
-700.60 -609.19
-781.11 -609.19
-773.27 -609.19
-623.96 -609.19
-931.46 -609.19
-670.53 -609.19
-782.99 -609.19
-694.37 -609.19
-718.04 -609.19
-732.31 -609.19
-738.30 -609.19
-621.97 -609.19
-656.10 -609.19
-898.87 -609.19
-779.63 -609.19
-765.45 -609.19
-967.39 -609.19
-690.09 -609.19
-696.34 -609.19
-645.79 -609.19
-651.82 -609.19
-696.46 -609.19
-657.62 -609.19
-727.82 -609.19
-623.02 -609.19
-619.64 -609.19
-689.17 -609.19
-894.16 -609.19
-732.46 -609.19
-761.88 -609.19
-618.90 -609.19
-671.28 -609.19
-724.90 -609.19
-617.54 -609.19
-696.29 -609.19
-624.12 -609.19
-648.66 -609.19
-838.03 -609.19
-761.16 -609.19
-631.51 -609.19
-670.50 -609.19
-971.24 -609.19
-811.33 -609.19
-649.53 -609.19
-811.61 -609.19
-826.19 -609.19
-667.93 -609.19
-623.20 -609.19
-643.99 -609.19
-773.44 -609.19
-729.10 -609.19
-621.19 -609.19
-656.41 -609.19
-616.92 -609.19
-689.08 -609.19
-829.45 -609.19
-720.88 -609.19
-727.16 -609.19
-730.45 -609.19
-689.30 -609.19
-864.76 -609.19
-732.04 -609.19
-728.11 -609.19
-620.58 -609.19
-657.44 -609.19
-806.36 -609.19
-698.00 -609.19
-937.05 -609.19
-658.89 -609.19
-740.29 -609.19
-1020.29 -609.19
-698.84 -609.19
-726.02 -609.19
-729.78 -609.19
-622.51 -609.19
-689.09 -609.19
-663.53 -609.19
-1918.33 -609.19
-1913.59 -609.19
-1923.35 -609.19
-1898.73 -1898.73
-1858.51 -1858.51
-1828.30 -1828.30
-1829.65 -1828.30
-1842.08 -1828.30
-1819.14 -1819.14
-1838.18 -1819.14
-1831.06 -1819.14
-1797.96 -1797.96
-1823.65 -1797.96
-1806.06 -1797.96
-1830.96 -1797.96
-1823.48 -1797.96
-1791.49 -1791.49
-1791.52 -1791.52
-1797.98 -1791.52
-1776.12 -1776.12
-1773.85 -1773.85
-1757.21 -1757.21
-1750.47 -1750.47
-1762.66 -1750.47
-1786.63 -1750.47
-1723.77 -1723.77
-1689.37 -1689.37
-1716.08 -1689.37
-1736.55 -1689.37
-1687.42 -1687.42
-1612.26 -1612.26
-1603.57 -1603.57
-1649.02 -1603.57
-1619.88 -1603.57
-1545.71 -1545.71
-1530.24 -1530.24
-1535.01 -1530.24
-1562.58 -1530.24
-1428.24 -1428.24
-1444.22 -1428.24
-1513.87 -1428.24
-1558.51 -1428.24
-1484.71 -1428.24
-1415.23 -1415.23
-1412.40 -1412.40
-1388.27 -1388.27
-1417.96 -1388.27
-1370.64 -1370.64
-1356.38 -1356.38
-1306.36 -1306.36
-1278.84 -1278.84
-1286.57 -1278.84
-1346.15 -1278.84
-1194.59 -1194.59
-1376.47 -1194.59
-1217.99 -1194.59
-1218.79 -1194.59
-1239.66 -1194.59
-1137.77 -1137.77
-1172.62 -1137.77
-1195.54 -1137.77
-1154.76 -1137.77
-1070.44 -1070.44
-989.70 -989.70
-1005.84 -989.70
-1162.60 -989.70
-968.76 -968.76
-1137.33 -968.76
-627.33 -627.33
-698.33 -627.33
-706.04 -627.33
-818.34 -627.33
-668.77 -627.33
-757.79 -627.33
-726.49 -627.33
-725.57 -627.33
-722.20 -627.33
-784.05 -627.33
-625.33 -625.33
-617.39 -617.39
-729.76 -617.39
-643.67 -617.39
-815.83 -617.39
-635.24 -617.39
-621.92 -617.39
-696.77 -617.39
-864.93 -617.39
-687.98 -617.39
-612.32 -612.32
-842.85 -612.32
-690.71 -612.32
-610.23 -610.23
-691.31 -610.23
-620.01 -610.23
-652.22 -610.23
-689.81 -610.23
-698.88 -610.23
-734.12 -610.23
-654.46 -610.23
-704.49 -610.23
-725.36 -610.23
-645.83 -610.23
-812.92 -610.23
-704.46 -610.23
-728.89 -610.23
-688.37 -610.23
-644.30 -610.23
-731.89 -610.23
-732.61 -610.23
-883.33 -610.23
-629.31 -610.23
-622.64 -610.23
-762.10 -610.23
-709.62 -610.23
-724.39 -610.23
-619.09 -610.23
-626.18 -610.23
-624.98 -610.23
-622.59 -610.23
-780.93 -610.23
-822.63 -610.23
-646.24 -610.23
-686.03 -610.23
-726.35 -610.23
-645.61 -610.23
-688.79 -610.23
-697.39 -610.23
-619.33 -610.23
-779.99 -610.23
-720.65 -610.23
-669.53 -610.23
-689.23 -610.23
-643.49 -610.23
-772.68 -610.23
-629.52 -610.23
-694.68 -610.23
-830.22 -610.23
-853.48 -610.23
-687.87 -610.23
-772.05 -610.23
-763.43 -610.23
-612.56 -610.23
-761.11 -610.23
-710.18 -610.23
-675.97 -610.23
-857.65 -610.23
-945.96 -610.23
-813.08 -610.23
-807.00 -610.23
-648.94 -610.23
-701.83 -610.23
-769.06 -610.23
-848.20 -610.23
-609.82 -609.82
-622.65 -609.82
-610.19 -610.19
-700.07 -610.19
-774.33 -610.19
-779.38 -610.19
-669.63 -610.19
-758.27 -610.19
-698.81 -610.19
-613.45 -610.19
-645.58 -610.19
-946.58 -610.19
-652.37 -610.19
-697.79 -610.19
-628.95 -610.19
-787.62 -610.19
-724.95 -610.19
-740.76 -610.19
-771.57 -610.19
-774.21 -610.19
-864.06 -610.19
-659.48 -610.19
-765.58 -610.19
-645.70 -610.19
-654.81 -610.19
-813.88 -610.19
-673.80 -610.19
-652.73 -610.19
-649.33 -610.19
-629.16 -610.19
-966.54 -610.19
-853.54 -610.19
-670.27 -610.19
-609.87 -609.87
-769.46 -609.87
-712.24 -609.87
-622.02 -609.87
-813.40 -609.87
-614.36 -609.87
-619.57 -609.87
-619.22 -609.87
-835.24 -609.87
-618.21 -609.87
-689.46 -609.87
-861.11 -609.87
-779.94 -609.87
-672.35 -609.87
-763.62 -609.87
-694.05 -609.87
-617.98 -609.87
-833.39 -609.87
-810.52 -609.87
-633.22 -609.87
-738.33 -609.87
-761.08 -609.87
-762.10 -609.87
-762.90 -609.87
-762.97 -609.87
-679.64 -609.87
-766.26 -609.87
-905.84 -609.87
-739.43 -609.87
-880.57 -609.87
-616.79 -609.87
-609.30 -609.30
-703.85 -609.30
-626.37 -609.30
-628.94 -609.30
-719.85 -609.30
-737.82 -609.30
-617.50 -609.30
-695.36 -609.30
-670.71 -609.30
-886.83 -609.30
-940.81 -609.30
-663.40 -609.30
-696.04 -609.30
-618.31 -609.30
-612.31 -609.30
-673.55 -609.30
-671.64 -609.30
-617.64 -609.30
-815.60 -609.30
-732.43 -609.30
-760.98 -609.30
-853.12 -609.30
-651.62 -609.30
-883.38 -609.30
-942.04 -609.30
-678.76 -609.30
-815.94 -609.30
-822.54 -609.30
-647.77 -609.30
-713.43 -609.30
-614.65 -609.30
-768.80 -609.30
-629.58 -609.30
-819.96 -609.30
-609.52 -609.30
-628.29 -609.30
-649.02 -609.30
-697.52 -609.30
-626.40 -609.30
-770.60 -609.30
-627.17 -609.30
-619.74 -609.30
-666.63 -609.30
-681.51 -609.30
-617.94 -609.30
-689.12 -609.30
-771.84 -609.30
-650.42 -609.30
-621.74 -609.30
-643.97 -609.30
-723.62 -609.30
-627.34 -609.30
-700.36 -609.30
-643.66 -609.30
-724.86 -609.30
-625.59 -609.30
-616.70 -609.30
-651.59 -609.30
-688.54 -609.30
-932.17 -609.30
-700.25 -609.30
-801.59 -609.30
-950.95 -609.30
-816.54 -609.30
-855.00 -609.30
-741.86 -609.30
-859.52 -609.30
-627.80 -609.30
-618.71 -609.30
-891.35 -609.30
-716.83 -609.30
-787.84 -609.30
-763.10 -609.30
-648.97 -609.30
-724.15 -609.30
-666.61 -609.30
-646.17 -609.30
-772.65 -609.30
-740.52 -609.30
-628.83 -609.30
-775.19 -609.30
-623.64 -609.30
-719.07 -609.30
-696.59 -609.30
-621.72 -609.30
-698.82 -609.30
-685.69 -609.30
-733.41 -609.30
-669.52 -609.30
-612.60 -609.30
-678.54 -609.30
-674.22 -609.30
-735.14 -609.30
-775.52 -609.30
-849.68 -609.30
-670.43 -609.30
-612.57 -609.30
-730.53 -609.30
-624.62 -609.30
-777.95 -609.30
-722.44 -609.30
-694.67 -609.30
-766.82 -609.30
-759.29 -609.30
-846.88 -609.30
-615.62 -609.30
-822.47 -609.30
-860.98 -609.30
-609.40 -609.40
-695.96 -609.40
-619.38 -609.40
-622.81 -609.40
-612.59 -609.40
-644.37 -609.40
-765.11 -609.40
-621.30 -609.40
-698.31 -609.40
-721.32 -609.40
-618.14 -609.40
-614.37 -609.40
-654.61 -609.40
-867.39 -609.40
-622.55 -609.40
-622.13 -609.40
-697.69 -609.40
-689.17 -609.40
-763.42 -609.40
-658.12 -609.40
-689.74 -609.40
-937.20 -609.40
-868.98 -609.40
-622.31 -609.40
-1048.10 -609.40
-761.34 -609.40
-615.84 -609.40
-622.62 -609.40
-742.94 -609.40
-616.18 -609.40
-735.17 -609.40
-621.28 -609.40
-618.98 -609.40
-786.23 -609.40
-764.18 -609.40
-726.43 -609.40
-1035.39 -609.40
-924.58 -609.40
-755.48 -609.40
-658.87 -609.40
-730.06 -609.40
-767.60 -609.40
-773.97 -609.40
-652.46 -609.40
-659.25 -609.40
-717.63 -609.40
-670.91 -609.40
-841.12 -609.40
-702.65 -609.40
-693.63 -609.40
-610.41 -609.40
-769.95 -609.40
-656.77 -609.40
-628.35 -609.40
-632.02 -609.40
-613.17 -609.40
-622.77 -609.40
-655.72 -609.40
-811.18 -609.40
-742.03 -609.40
-893.06 -609.40
-670.41 -609.40
-609.92 -609.40
-903.88 -609.40
-685.79 -609.40
-820.00 -609.40
-666.16 -609.40
-738.95 -609.40
-696.52 -609.40
-619.83 -609.40
-778.43 -609.40
-851.87 -609.40
-772.45 -609.40
-646.76 -609.40
-781.92 -609.40
-686.50 -609.40
-648.69 -609.40
-663.48 -609.40
-763.54 -609.40
-705.54 -609.40
-680.23 -609.40
-773.65 -609.40
-720.19 -609.40
-740.24 -609.40
-633.95 -609.40
-617.52 -609.40
-719.98 -609.40
-634.13 -609.40
-658.33 -609.40
-821.84 -609.40
-961.35 -609.40
-1926.79 -609.40
-1921.04 -609.40
-1898.76 -1898.76
-1867.57 -1867.57
-1866.87 -1866.87
-1875.68 -1866.87
-1859.01 -1859.01
-1872.05 -1859.01
-1884.58 -1859.01
-1904.19 -1859.01
-1887.14 -1859.01
-1867.72 -1859.01
-1878.98 -1859.01
-1865.58 -1859.01
-1844.59 -1844.59
-1841.95 -1841.95
-1844.78 -1841.95
-1846.32 -1841.95
-1867.22 -1841.95
-1827.54 -1827.54
-1858.02 -1827.54
-1825.67 -1825.67
-1805.80 -1805.80
-1834.89 -1805.80
-1841.50 -1805.80
-1803.40 -1803.40
-1844.47 -1803.40
-1802.87 -1802.87
-1816.05 -1802.87
-1790.05 -1790.05
-1825.64 -1790.05
-1828.14 -1790.05
-1756.30 -1756.30
-1778.82 -1756.30
-1716.91 -1716.91
-1689.45 -1689.45
-1706.16 -1689.45
-1668.84 -1668.84
-1707.29 -1668.84
-1680.79 -1668.84
-1698.46 -1668.84
-1617.68 -1617.68
-1665.19 -1617.68
-1530.25 -1530.25
-1527.21 -1527.21
-1527.09 -1527.09
-1552.96 -1527.09
-1593.61 -1527.09
-1497.32 -1497.32
-1544.76 -1497.32
-1408.40 -1408.40
-1442.99 -1408.40
-1449.05 -1408.40
-1468.79 -1408.40
-1239.58 -1239.58
-1305.42 -1239.58
-1320.90 -1239.58
-1343.69 -1239.58
-1194.93 -1194.93
-1266.76 -1194.93
-1222.28 -1194.93
-1300.52 -1194.93
-1090.27 -1090.27
-1202.02 -1090.27
-1190.15 -1090.27
-972.17 -972.17
-782.40 -782.40
-773.49 -773.49
-825.32 -773.49
-633.47 -633.47
-620.61 -620.61
-862.31 -620.61
-627.29 -620.61
-730.27 -620.61
-738.80 -620.61
-635.03 -620.61
-786.32 -620.61
-670.99 -620.61
-621.01 -621.01
-632.04 -621.01
-669.07 -621.01
-616.79 -616.79
-618.21 -616.79
-651.06 -616.79
-812.73 -616.79
-628.62 -616.79
-649.07 -616.79
-622.32 -616.79
-812.84 -616.79
-766.35 -616.79
-743.05 -616.79
-648.79 -616.79
-703.86 -616.79
-773.11 -616.79
-620.77 -616.79
-667.68 -616.79
-955.14 -616.79
-763.25 -616.79
-763.91 -616.79
-622.76 -616.79
-834.64 -616.79
-872.93 -616.79
-803.86 -616.79
-610.70 -610.70
-837.84 -610.70
-726.88 -610.70
-679.15 -610.70
-876.57 -610.70
-742.22 -610.70
-609.36 -609.36
-673.50 -609.36
-649.03 -609.36
-914.75 -609.36
-672.56 -609.36
-709.91 -609.36
-733.73 -609.36
-765.49 -609.36
-619.30 -609.36
-669.28 -609.36
-722.25 -609.36
-617.10 -609.36
-761.47 -609.36
-879.93 -609.36
-643.27 -609.36
-658.76 -609.36
-648.52 -609.36
-763.99 -609.36
-653.54 -609.36
-727.35 -609.36
-883.67 -609.36
-705.13 -609.36
-706.52 -609.36
-835.39 -609.36
-689.31 -609.36
-739.00 -609.36
-618.71 -609.36
-808.35 -609.36
-673.57 -609.36
-645.35 -609.36
-1016.17 -609.36
-882.68 -609.36
-767.34 -609.36
-739.36 -609.36
-630.95 -609.36
-808.68 -609.36
-613.26 -609.36
-633.23 -609.36
-626.61 -609.36
-730.02 -609.36
-728.51 -609.36
-622.54 -609.36
-764.19 -609.36
-619.43 -609.36
-932.63 -609.36
-642.39 -609.36
-610.32 -609.36
-622.08 -609.36
-757.32 -609.36
-619.11 -609.36
-733.18 -609.36
-724.16 -609.36
-766.32 -609.36
-993.54 -609.36
-627.10 -609.36
-652.06 -609.36
-659.53 -609.36
-679.41 -609.36
-719.11 -609.36
-762.93 -609.36
-622.13 -609.36
-690.34 -609.36
-832.91 -609.36
-649.11 -609.36
-622.36 -609.36
-756.53 -609.36
-732.07 -609.36
-628.42 -609.36
-733.01 -609.36
-661.59 -609.36
-756.53 -609.36
-643.60 -609.36
-778.80 -609.36
-644.13 -609.36
-690.75 -609.36
-889.13 -609.36
-738.81 -609.36
-739.08 -609.36
-892.45 -609.36
-773.77 -609.36
-631.76 -609.36
-701.73 -609.36
-768.40 -609.36
-707.25 -609.36
-675.74 -609.36
-642.53 -609.36
-632.76 -609.36
-808.09 -609.36
-609.20 -609.20
-609.32 -609.32
-658.16 -609.32
-619.10 -609.32
-685.26 -609.32
-761.76 -609.32
-622.79 -609.32
-612.67 -609.32
-624.99 -609.32
-692.80 -609.32
-730.30 -609.32
-621.11 -609.32
-622.70 -609.32
-624.80 -609.32
-652.49 -609.32
-660.69 -609.32
-724.39 -609.32
-622.98 -609.32
-773.60 -609.32
-697.56 -609.32
-695.25 -609.32
-798.01 -609.32
-619.42 -609.32
-724.00 -609.32
-893.72 -609.32
-657.23 -609.32
-723.42 -609.32
-628.36 -609.32
-729.22 -609.32
-622.47 -609.32
-629.97 -609.32
-627.33 -609.32
-657.99 -609.32
-768.42 -609.32
-850.82 -609.32
-713.50 -609.32
-679.64 -609.32
-621.87 -609.32
-619.51 -609.32
-701.36 -609.32
-658.03 -609.32
-807.87 -609.32
-743.76 -609.32
-806.10 -609.32
-773.91 -609.32
-648.80 -609.32
-799.18 -609.32
-670.30 -609.32
-737.93 -609.32
-696.36 -609.32
-609.72 -609.72
-778.16 -609.72
-665.98 -609.72
-696.49 -609.72
-731.56 -609.72
-773.10 -609.72
-853.03 -609.72
-762.50 -609.72
-702.40 -609.72
-697.09 -609.72
-661.69 -609.72
-666.32 -609.72
-623.05 -609.72
-774.60 -609.72
-892.67 -609.72
-670.31 -609.72
-633.33 -609.72
-965.17 -609.72
-624.34 -609.72
-649.69 -609.72
-648.27 -609.72
-770.87 -609.72
-720.12 -609.72
-657.30 -609.72
-712.35 -609.72
-939.53 -609.72
-626.91 -609.72
-778.71 -609.72
-974.46 -609.72
-663.24 -609.72
-770.39 -609.72
-628.77 -609.72
-813.87 -609.72
-669.90 -609.72
-731.59 -609.72
-619.10 -609.72
-612.32 -609.72
-704.47 -609.72
-617.60 -609.72
-652.68 -609.72
-734.11 -609.72
-811.37 -609.72
-619.49 -609.72
-610.59 -609.72
-697.92 -609.72
-619.44 -609.72
-733.57 -609.72
-831.60 -609.72
-627.81 -609.72
-768.96 -609.72
-624.85 -609.72
-622.08 -609.72
-617.53 -609.72
-671.38 -609.72
-684.62 -609.72
-725.61 -609.72
-766.74 -609.72
-731.97 -609.72
-740.77 -609.72
-651.59 -609.72
-610.54 -609.72
-762.32 -609.72
-618.73 -609.72
-722.31 -609.72
-614.83 -609.72
-620.83 -609.72
-669.03 -609.72
-663.40 -609.72
-670.03 -609.72
-702.80 -609.72
-688.59 -609.72
-770.36 -609.72
-807.19 -609.72
-656.72 -609.72
-854.03 -609.72
-631.00 -609.72
-657.63 -609.72
-621.03 -609.72
-718.36 -609.72
-609.23 -609.23
-671.08 -609.23
-805.13 -609.23
-609.04 -609.04
-823.55 -609.04
-648.44 -609.04
-946.73 -609.04
-689.65 -609.04
-733.44 -609.04
-828.74 -609.04
-726.28 -609.04
-726.98 -609.04
-689.29 -609.04
-645.47 -609.04
-652.19 -609.04
-703.83 -609.04
-626.46 -609.04
-619.17 -609.04
-645.67 -609.04
-702.79 -609.04
-938.85 -609.04
-647.83 -609.04
-788.09 -609.04
-613.50 -609.04
-617.40 -609.04
-695.69 -609.04
-691.18 -609.04
-723.25 -609.04
-732.60 -609.04
-773.03 -609.04
-679.50 -609.04
-645.24 -609.04
-621.95 -609.04
-690.86 -609.04
-792.04 -609.04
-810.74 -609.04
-627.16 -609.04
-728.70 -609.04
-673.82 -609.04
-770.84 -609.04
-721.29 -609.04
-780.37 -609.04
-776.16 -609.04
-627.61 -609.04
-629.27 -609.04
-803.96 -609.04
-617.92 -609.04
-609.03 -609.03
-765.82 -609.03
-657.05 -609.03
-738.33 -609.03
-672.17 -609.03
-773.54 -609.03
-667.21 -609.03
-768.55 -609.03
-650.98 -609.03
-657.14 -609.03
-610.08 -609.03
-684.84 -609.03
-616.03 -609.03
-627.08 -609.03
-610.11 -609.03
-620.30 -609.03
-781.80 -609.03
-766.54 -609.03
-809.56 -609.03
-621.96 -609.03
-829.42 -609.03
-615.83 -609.03
-696.95 -609.03
-658.12 -609.03
-673.77 -609.03
-615.33 -609.03
-619.48 -609.03
-823.69 -609.03
-645.07 -609.03
-670.68 -609.03
-771.62 -609.03
-851.73 -609.03
-626.75 -609.03
-697.16 -609.03
-650.69 -609.03
-619.39 -609.03
-772.62 -609.03
-926.49 -609.03
-630.06 -609.03
-618.83 -609.03
-658.11 -609.03
-634.06 -609.03
-840.91 -609.03
-1926.61 -609.03
-1913.96 -609.03
-1932.20 -609.03
-1893.36 -1893.36
-1864.48 -1864.48
-1905.35 -1864.48
-1859.15 -1859.15
-1842.02 -1842.02
-1830.07 -1830.07
-1792.13 -1792.13
-1788.01 -1788.01
-1779.88 -1779.88
-1719.01 -1719.01
-1739.82 -1719.01
-1707.96 -1707.96
-1689.65 -1689.65
-1682.70 -1682.70
-1712.18 -1682.70
-1729.77 -1682.70
-1739.70 -1682.70
-1655.56 -1655.56
-1697.07 -1655.56
-1627.65 -1627.65
-1576.27 -1576.27
-1668.99 -1576.27
-1616.03 -1576.27
-1592.05 -1576.27
-1554.49 -1554.49
-1593.45 -1554.49
-1487.52 -1487.52
-1514.73 -1487.52
-1444.75 -1444.75
-1537.28 -1444.75
-1306.79 -1306.79
-1249.65 -1249.65
-1258.43 -1249.65
-1197.26 -1197.26
-1101.87 -1101.87
-1099.98 -1099.98
-1032.90 -1032.90
-1182.56 -1032.90
-1032.46 -1032.46
-1144.34 -1032.46
-876.57 -876.57
-826.30 -826.30
-1046.34 -826.30
-1014.91 -826.30
-619.76 -619.76
-609.77 -609.77
-610.34 -609.77
-808.38 -609.77
-730.86 -609.77
-609.78 -609.78
-774.82 -609.78
-725.95 -609.78
-726.91 -609.78
-627.09 -609.78
-618.65 -609.78
-724.14 -609.78
-609.33 -609.33
-759.55 -609.33
-626.52 -609.33
-700.91 -609.33
-693.96 -609.33
-906.17 -609.33
-865.18 -609.33
-906.28 -609.33
-730.57 -609.33
-770.14 -609.33
-755.94 -609.33
-619.39 -609.33
-646.69 -609.33
-684.90 -609.33
-650.62 -609.33
-742.77 -609.33
-646.48 -609.33
-893.16 -609.33
-819.89 -609.33
-712.84 -609.33
-644.89 -609.33
-970.74 -609.33
-936.55 -609.33
-649.72 -609.33
-685.69 -609.33
-741.69 -609.33
-687.39 -609.33
-844.72 -609.33
-728.57 -609.33
-706.55 -609.33
-666.42 -609.33
-648.48 -609.33
-652.01 -609.33
-770.73 -609.33
-626.96 -609.33
-609.17 -609.17
-648.29 -609.17
-621.17 -609.17
-768.10 -609.17
-787.77 -609.17
-710.13 -609.17
-866.35 -609.17
-622.60 -609.17
-620.96 -609.17
-699.65 -609.17
-618.85 -609.17
-716.05 -609.17
-812.42 -609.17
-723.84 -609.17
-731.42 -609.17
-724.80 -609.17
-770.77 -609.17
-694.38 -609.17
-730.70 -609.17
-631.32 -609.17
-956.42 -609.17
-621.21 -609.17
-877.69 -609.17
-832.61 -609.17
-936.74 -609.17
-623.15 -609.17
-609.15 -609.15
-986.27 -609.15
-609.19 -609.19
-769.04 -609.19
-734.37 -609.19
-662.72 -609.19
-643.53 -609.19
-844.80 -609.19
-1025.29 -609.19
-769.62 -609.19
-742.73 -609.19
-621.80 -609.19
-728.03 -609.19
-778.78 -609.19
-831.05 -609.19
-693.72 -609.19
-666.55 -609.19
-633.23 -609.19
-904.74 -609.19
-968.06 -609.19
-628.82 -609.19
-730.84 -609.19
-660.98 -609.19
-727.21 -609.19
-714.58 -609.19
-656.70 -609.19
-822.64 -609.19
-651.53 -609.19
-615.98 -609.19
-856.38 -609.19
-712.23 -609.19
-648.81 -609.19
-768.74 -609.19
-616.37 -609.19
-855.39 -609.19
-646.35 -609.19
-662.88 -609.19
-688.09 -609.19
-729.88 -609.19
-879.09 -609.19
-609.16 -609.16
-730.50 -609.16
-727.90 -609.16
-627.21 -609.16
-767.26 -609.16
-627.02 -609.16
-740.96 -609.16
-655.13 -609.16
-609.15 -609.15
-761.89 -609.15
-700.26 -609.15
-696.41 -609.15
-860.63 -609.15
-705.47 -609.15
-657.68 -609.15
-621.31 -609.15
-780.17 -609.15
-733.09 -609.15
-617.70 -609.15
-880.35 -609.15
-730.74 -609.15
-650.16 -609.15
-655.74 -609.15
-695.29 -609.15
-783.04 -609.15
-774.60 -609.15
-723.29 -609.15
-724.63 -609.15
-627.40 -609.15
-779.51 -609.15
-729.29 -609.15
-807.32 -609.15
-703.11 -609.15
-643.39 -609.15
-619.39 -609.15
-621.75 -609.15
-619.83 -609.15
-670.26 -609.15
-769.34 -609.15
-649.68 -609.15
-612.60 -609.15
-829.59 -609.15
-688.19 -609.15
-654.99 -609.15
-618.85 -609.15
-609.68 -609.68
-698.81 -609.68
-644.18 -609.68
-609.87 -609.87
-1079.06 -609.87
-754.81 -609.87
-619.99 -609.87
-621.02 -609.87
-689.69 -609.87
-672.77 -609.87
-766.70 -609.87
-761.89 -609.87
-771.74 -609.87
-765.37 -609.87
-814.90 -609.87
-652.40 -609.87
-663.53 -609.87
-661.88 -609.87
-632.81 -609.87
-831.69 -609.87
-646.58 -609.87
-610.40 -609.87
-618.78 -609.87
-769.46 -609.87
-617.70 -609.87
-738.47 -609.87
-819.57 -609.87
-930.12 -609.87
-724.31 -609.87
-728.81 -609.87
-700.56 -609.87
-652.25 -609.87
-944.43 -609.87
-730.64 -609.87
-732.41 -609.87
-776.40 -609.87
-629.43 -609.87
-711.71 -609.87
-949.91 -609.87
-669.26 -609.87
-756.14 -609.87
-618.70 -609.87
-702.12 -609.87
-710.84 -609.87
-632.68 -609.87
-711.51 -609.87
-693.24 -609.87
-927.60 -609.87
-971.98 -609.87
-779.93 -609.87
-766.44 -609.87
-773.29 -609.87
-616.29 -609.87
-883.73 -609.87
-741.79 -609.87
-616.67 -609.87
-609.14 -609.14
-670.75 -609.14
-638.83 -609.14
-671.08 -609.14
-630.06 -609.14
-780.99 -609.14
-642.84 -609.14
-652.12 -609.14
-699.75 -609.14
-609.12 -609.12
-613.24 -609.12
-662.59 -609.12
-790.18 -609.12
-623.04 -609.12
-732.55 -609.12
-733.41 -609.12
-623.80 -609.12
-623.53 -609.12
-904.89 -609.12
-768.37 -609.12
-759.38 -609.12
-670.71 -609.12
-619.44 -609.12
-609.28 -609.28
-706.03 -609.28
-781.35 -609.28
-766.18 -609.28
-727.88 -609.28
-609.76 -609.76
-651.21 -609.76
-724.04 -609.76
-625.00 -609.76
-770.68 -609.76
-690.29 -609.76
-710.69 -609.76
-872.74 -609.76
-627.83 -609.76
-610.01 -610.01
-690.67 -610.01
-654.71 -610.01
-821.18 -610.01
-780.78 -610.01
-622.66 -610.01
-700.04 -610.01
-709.64 -610.01
-756.76 -610.01
-823.53 -610.01
-628.85 -610.01
-833.41 -610.01
-627.54 -610.01
-704.94 -610.01
-728.74 -610.01
-724.37 -610.01
-631.00 -610.01
-805.87 -610.01
-617.77 -610.01
-722.18 -610.01
-668.23 -610.01
-886.94 -610.01
-624.33 -610.01
-905.39 -610.01
-834.10 -610.01
-1064.09 -610.01
-830.18 -610.01
-658.47 -610.01
-816.50 -610.01
-650.24 -610.01
-694.52 -610.01
-786.47 -610.01
-612.62 -610.01
-631.57 -610.01
-632.43 -610.01
-729.20 -610.01
-675.55 -610.01
-619.59 -610.01
-661.01 -610.01
-670.21 -610.01
-726.05 -610.01
-620.45 -610.01
-941.01 -610.01
-696.50 -610.01
-703.87 -610.01
-662.89 -610.01
-773.98 -610.01
-635.15 -610.01
-692.85 -610.01
-880.55 -610.01
-723.78 -610.01
-693.89 -610.01
-805.57 -610.01
-623.80 -610.01
-702.69 -610.01
-658.38 -610.01
-609.15 -609.15
-628.93 -609.15
-621.91 -609.15
-940.91 -609.15
-643.39 -609.15
-645.19 -609.15
-831.09 -609.15
-811.12 -609.15
-699.88 -609.15
-680.43 -609.15
-703.93 -609.15
-765.47 -609.15
-642.95 -609.15
-822.13 -609.15
-729.95 -609.15
-894.03 -609.15
-674.21 -609.15
-644.94 -609.15
-669.47 -609.15
-1009.17 -609.15
-766.01 -609.15
-617.11 -609.15
-618.99 -609.15
-646.27 -609.15
-757.22 -609.15
-631.11 -609.15
-799.67 -609.15
-1099.68 -609.15
-824.07 -609.15
-706.01 -609.15
-666.42 -609.15
-766.71 -609.15
-776.39 -609.15
-905.95 -609.15
-696.26 -609.15
-695.95 -609.15
-814.83 -609.15
-784.52 -609.15
-609.98 -609.98
-695.84 -609.98
-663.50 -609.98
-760.15 -609.98
-702.41 -609.98
-763.99 -609.98
-609.19 -609.19
-622.26 -609.19
-648.57 -609.19
-700.44 -609.19
-658.26 -609.19
-720.66 -609.19
-722.16 -609.19
-679.78 -609.19
-645.82 -609.19
-701.19 -609.19
-777.37 -609.19
-726.99 -609.19
-709.84 -609.19
-823.11 -609.19
-612.62 -609.19
-696.41 -609.19
-616.82 -609.19
-779.23 -609.19
-1932.14 -609.19
-1907.75 -1907.75
-1915.63 -1907.75
-1868.20 -1868.20
-1833.04 -1833.04
-1848.34 -1833.04
-1802.37 -1802.37
-1826.68 -1802.37
-1815.64 -1802.37
-1790.67 -1790.67
-1811.94 -1790.67
-1764.02 -1764.02
-1811.99 -1764.02
-1740.93 -1740.93
-1811.33 -1740.93
-1715.97 -1715.97
-1657.83 -1657.83
-1585.42 -1585.42
-1566.41 -1566.41
-1448.67 -1448.67
-1549.92 -1448.67
-1382.50 -1382.50
-1321.56 -1321.56
-1387.91 -1321.56
-1396.39 -1321.56
-1265.27 -1265.27
-1122.54 -1122.54
-1279.41 -1122.54
-1068.64 -1068.64
-867.71 -867.71
-716.30 -716.30
-689.80 -689.80
-897.41 -689.80
-766.84 -689.80
-925.59 -689.80
-817.28 -689.80
-932.87 -689.80
-700.90 -689.80
-674.14 -674.14
-618.40 -618.40
-755.12 -618.40
-845.42 -618.40
-612.33 -612.33
-665.86 -612.33
-1048.21 -612.33
-656.66 -612.33
-609.44 -609.44
-701.08 -609.44
-614.13 -609.44
-619.03 -609.44
-671.45 -609.44
-814.99 -609.44
-647.55 -609.44
-670.65 -609.44
-623.01 -609.44
-621.82 -609.44
-725.59 -609.44
-811.17 -609.44
-617.76 -609.44
-609.80 -609.80
-702.21 -609.80
-631.73 -609.80
-695.75 -609.80
-780.07 -609.80
-628.21 -609.80
-661.93 -609.80
-762.47 -609.80
-686.21 -609.80
-612.68 -609.80
-690.20 -609.80
-890.38 -609.80
-694.56 -609.80
-626.67 -609.80
-669.51 -609.80
-621.75 -609.80
-688.81 -609.80
-727.86 -609.80
-766.45 -609.80
-686.30 -609.80
-652.23 -609.80
-650.12 -609.80
-643.66 -609.80
-609.91 -609.91
-768.10 -609.91
-662.57 -609.91
-819.07 -609.91
-653.15 -609.91
-851.12 -609.91
-711.44 -609.91
-619.72 -609.91
-829.50 -609.91
-659.31 -609.91
-670.41 -609.91
-655.80 -609.91
-699.61 -609.91
-740.85 -609.91
-661.11 -609.91
-732.16 -609.91
-726.21 -609.91
-693.58 -609.91
-622.42 -609.91
-623.35 -609.91
-806.82 -609.91
-617.14 -609.91
-689.14 -609.91
-649.83 -609.91
-659.49 -609.91
-664.36 -609.91
-721.23 -609.91
-609.12 -609.12
-629.05 -609.12
-731.55 -609.12
-816.75 -609.12
-738.37 -609.12
-610.18 -610.18
-726.22 -610.18
-622.40 -610.18
-734.89 -610.18
-828.75 -610.18
-675.56 -610.18
-781.55 -610.18
-706.37 -610.18
-759.59 -610.18
-785.38 -610.18
-620.85 -610.18
-902.32 -610.18
-767.27 -610.18
-619.24 -610.18
-811.17 -610.18
-942.07 -610.18
-727.42 -610.18
-620.70 -610.18
-618.41 -610.18
-629.65 -610.18
-646.50 -610.18
-803.11 -610.18
-924.86 -610.18
-779.28 -610.18
-816.32 -610.18
-701.05 -610.18
-727.64 -610.18
-625.55 -610.18
-829.01 -610.18
-872.08 -610.18
-724.31 -610.18
-619.04 -610.18
-644.20 -610.18
-823.32 -610.18
-648.07 -610.18
-813.63 -610.18
-806.94 -610.18
-640.55 -610.18
-654.70 -610.18
-863.45 -610.18
-618.61 -610.18
-635.05 -610.18
-772.39 -610.18
-642.82 -610.18
-823.49 -610.18
-647.03 -610.18
-818.17 -610.18
-772.29 -610.18
-609.85 -609.85
-618.39 -609.85
-624.92 -609.85
-939.87 -609.85
-740.70 -609.85
-618.15 -609.85
-612.77 -609.85
-672.59 -609.85
-615.95 -609.85
-617.25 -609.85
-623.18 -609.85
-670.96 -609.85
-765.70 -609.85
-679.36 -609.85
-670.21 -609.85
-737.52 -609.85
-617.21 -609.85
-609.97 -609.97
-700.79 -609.97
-627.68 -609.97
-731.17 -609.97
-673.73 -609.97
-650.71 -609.97
-609.41 -609.41
-723.97 -609.41
-941.80 -609.41
-619.72 -609.41
-774.31 -609.41
-702.17 -609.41
-698.87 -609.41
-891.38 -609.41
-671.24 -609.41
-620.97 -609.41
-613.44 -609.41
-875.17 -609.41
-771.63 -609.41
-622.75 -609.41
-806.22 -609.41
-620.02 -609.41
-836.74 -609.41
-813.50 -609.41
-735.05 -609.41
-782.68 -609.41
-891.42 -609.41
-941.06 -609.41
-616.96 -609.41
-610.01 -609.41
-732.33 -609.41
-725.67 -609.41
-643.70 -609.41
-785.32 -609.41
-620.25 -609.41
-714.84 -609.41
-645.47 -609.41
-860.14 -609.41
-734.38 -609.41
-785.44 -609.41
-737.93 -609.41
-687.79 -609.41
-673.86 -609.41
-769.64 -609.41
-657.46 -609.41
-726.65 -609.41
-769.52 -609.41
-739.30 -609.41
-731.33 -609.41
-773.60 -609.41
-732.44 -609.41
-760.70 -609.41
-730.25 -609.41
-829.27 -609.41
-720.25 -609.41
-650.98 -609.41
-630.82 -609.41
-673.22 -609.41
-722.17 -609.41
-758.76 -609.41
-685.89 -609.41
-916.84 -609.41
-673.82 -609.41
-806.03 -609.41
-771.04 -609.41
-717.20 -609.41
-619.59 -609.41
-893.59 -609.41
-818.99 -609.41
-735.56 -609.41
-898.68 -609.41
-618.86 -609.41
-621.39 -609.41
-609.11 -609.11
-701.89 -609.11
-678.95 -609.11
-946.54 -609.11
-649.39 -609.11
-624.12 -609.11
-867.80 -609.11
-685.13 -609.11
-729.40 -609.11
-623.74 -609.11
-615.33 -609.11
-692.81 -609.11
-626.95 -609.11
-938.55 -609.11
-620.27 -609.11
-718.56 -609.11
-732.89 -609.11
-724.09 -609.11
-658.19 -609.11
-621.71 -609.11
-828.51 -609.11
-645.05 -609.11
-814.30 -609.11
-612.57 -609.11
-663.46 -609.11
-822.34 -609.11
-799.96 -609.11
-696.92 -609.11
-974.47 -609.11
-712.47 -609.11
-918.99 -609.11
-703.92 -609.11
-728.53 -609.11
-622.26 -609.11
-619.67 -609.11
-804.40 -609.11
-651.06 -609.11
-625.14 -609.11
-622.83 -609.11
-873.95 -609.11
-617.58 -609.11
-730.32 -609.11
-679.14 -609.11
-666.03 -609.11
-663.18 -609.11
-621.30 -609.11
-724.21 -609.11
-619.66 -609.11
-656.83 -609.11
-670.37 -609.11
-644.68 -609.11
-651.00 -609.11
-742.77 -609.11
-893.85 -609.11
-799.82 -609.11
-610.27 -610.27
-809.93 -610.27
-614.68 -610.27
-830.26 -610.27
-809.03 -610.27
-706.33 -610.27
-770.73 -610.27
-823.77 -610.27
-821.02 -610.27
-675.52 -610.27
-617.80 -610.27
-773.54 -610.27
-723.34 -610.27
-713.95 -610.27
-728.09 -610.27
-657.35 -610.27
-661.23 -610.27
-620.87 -610.27
-658.18 -610.27
-731.40 -610.27
-613.18 -610.27
-644.63 -610.27
-627.09 -610.27
-648.77 -610.27
-649.38 -610.27
-729.10 -610.27
-648.56 -610.27
-632.31 -610.27
-805.17 -610.27
-722.36 -610.27
-693.16 -610.27
-1035.48 -610.27
-642.41 -610.27
-761.12 -610.27
-756.93 -610.27
-884.63 -610.27
-627.01 -610.27
-661.06 -610.27
-810.57 -610.27
-803.93 -610.27
-651.33 -610.27
-664.27 -610.27
-673.78 -610.27
-669.75 -610.27
-640.94 -610.27
-894.70 -610.27
-773.36 -610.27
-654.45 -610.27
-763.28 -610.27
-773.30 -610.27
-696.48 -610.27
-958.06 -610.27
-617.13 -610.27
-679.09 -610.27
-770.19 -610.27
-653.51 -610.27
-679.97 -610.27
-628.95 -610.27
-650.63 -610.27
-629.21 -610.27
-701.08 -610.27
-986.22 -610.27
-738.80 -610.27
-618.63 -610.27
-854.58 -610.27
-773.71 -610.27
-661.27 -610.27
-769.22 -610.27
-657.27 -610.27
-698.78 -610.27
-760.93 -610.27
-618.67 -610.27
-769.53 -610.27
-810.86 -610.27
-609.14 -609.14
-621.60 -609.14
-622.41 -609.14
-881.89 -609.14
-624.76 -609.14
-782.04 -609.14
-635.51 -609.14
-622.68 -609.14
-717.74 -609.14
-623.97 -609.14
-764.86 -609.14
-672.62 -609.14
-732.54 -609.14
-645.78 -609.14
-621.88 -609.14
-649.11 -609.14
-723.79 -609.14
-618.48 -609.14
-806.05 -609.14
-618.94 -609.14
-891.47 -609.14
-778.45 -609.14
-724.67 -609.14
-762.79 -609.14
-655.96 -609.14
-758.79 -609.14
-973.42 -609.14
-609.32 -609.32
-733.06 -609.32
-840.85 -609.32
-643.35 -609.32
-629.97 -609.32
-732.68 -609.32
-643.03 -609.32
-649.44 -609.32
-1889.00 -1889.00
-1894.64 -1889.00
-1921.82 -1889.00
-1869.79 -1869.79
-1892.52 -1869.79
-1872.58 -1869.79
-1871.75 -1871.75
-1855.36 -1855.36
-1890.35 -1855.36
-1838.82 -1838.82
-1822.06 -1822.06
-1821.68 -1821.68
-1753.64 -1753.64
-1784.19 -1753.64
-1769.88 -1753.64
-1752.83 -1752.83
-1796.19 -1752.83
-1760.45 -1752.83
-1752.65 -1752.65
-1745.94 -1745.94
-1711.42 -1711.42
-1684.74 -1684.74
-1681.37 -1681.37
-1663.36 -1663.36
-1637.09 -1637.09
-1562.02 -1562.02
-1612.23 -1562.02
-1523.81 -1523.81
-1450.66 -1450.66
-1414.32 -1414.32
-1394.91 -1394.91
-1432.22 -1394.91
-1441.38 -1394.91
-1275.43 -1275.43
-1354.53 -1275.43
-1361.12 -1275.43
-1323.43 -1275.43
-1415.38 -1275.43
-1287.42 -1275.43
-1353.70 -1275.43
-1373.00 -1275.43
-1263.71 -1263.71
-1302.75 -1263.71
-1217.78 -1217.78
-1310.08 -1217.78
-1318.04 -1217.78
-1224.03 -1217.78
-1307.78 -1217.78
-1289.10 -1217.78
-1267.89 -1217.78
-968.44 -968.44
-1070.85 -968.44
-1213.29 -968.44
-1067.74 -968.44
-966.32 -966.32
-1044.22 -966.32
-970.47 -966.32
-886.60 -886.60
-688.25 -688.25
-648.84 -648.84
-806.80 -648.84
-850.67 -648.84
-764.18 -648.84
-727.20 -648.84
-732.87 -648.84
-619.67 -619.67
-805.83 -619.67
-811.34 -619.67
-797.45 -619.67
-733.78 -619.67
-725.25 -619.67
-694.71 -619.67
-730.92 -619.67
-897.48 -619.67
-630.96 -619.67
-735.95 -619.67
-645.48 -619.67
-918.87 -619.67
-652.72 -619.67
-653.53 -619.67
-805.89 -619.67
-830.74 -619.67
-740.56 -619.67
-697.30 -619.67
-733.19 -619.67
-728.61 -619.67
-729.45 -619.67
-628.29 -619.67
-705.09 -619.67
-783.51 -619.67
-673.14 -619.67
-646.07 -619.67
-772.00 -619.67
-650.24 -619.67
-711.56 -619.67
-690.54 -619.67
-670.17 -619.67
-696.33 -619.67
-732.19 -619.67
-619.04 -619.04
-649.38 -619.04
-726.76 -619.04
-772.93 -619.04
-697.39 -619.04
-666.58 -619.04
-669.11 -619.04
-649.41 -619.04
-730.34 -619.04
-851.92 -619.04
-649.02 -619.04
-729.30 -619.04
-646.26 -619.04
-778.75 -619.04
-899.98 -619.04
-735.51 -619.04
-770.43 -619.04
-912.96 -619.04
-688.89 -619.04
-820.58 -619.04
-1117.35 -619.04
-726.06 -619.04
-697.56 -619.04
-1088.82 -619.04
-852.39 -619.04
-713.54 -619.04
-831.89 -619.04
-811.03 -619.04
-769.78 -619.04
-694.66 -619.04
-770.92 -619.04
-644.07 -619.04
-723.71 -619.04
-691.32 -619.04
-620.54 -619.04
-617.64 -617.64
-729.09 -617.64
-609.85 -609.85
-616.70 -609.85
-626.64 -609.85
-659.73 -609.85
-657.35 -609.85
-628.12 -609.85
-935.06 -609.85
-694.92 -609.85
-615.70 -609.85
-733.42 -609.85
-618.99 -609.85
-779.94 -609.85
-628.54 -609.85
-633.95 -609.85
-867.90 -609.85
-965.24 -609.85
-619.59 -609.85
-615.64 -609.85
-688.74 -609.85
-773.21 -609.85
-933.42 -609.85
-635.04 -609.85
-670.60 -609.85
-773.45 -609.85
-648.64 -609.85
-726.72 -609.85
-617.56 -609.85
-643.94 -609.85
-729.17 -609.85
-692.85 -609.85
-646.60 -609.85
-643.00 -609.85
-610.30 -610.30
-765.29 -610.30
-778.46 -610.30
-643.36 -610.30
-732.88 -610.30
-617.85 -610.30
-628.75 -610.30
-626.75 -610.30
-726.58 -610.30
-616.06 -610.30
-622.79 -610.30
-616.27 -610.30
-628.75 -610.30
-619.35 -610.30
-628.85 -610.30
-782.25 -610.30
-730.53 -610.30
-700.56 -610.30
-653.53 -610.30
-798.74 -610.30
-619.97 -610.30
-825.89 -610.30
-702.08 -610.30
-670.30 -610.30
-668.36 -610.30
-766.00 -610.30
-725.32 -610.30
-699.61 -610.30
-654.71 -610.30
-693.96 -610.30
-854.89 -610.30
-624.15 -610.30
-618.48 -610.30
-701.88 -610.30
-728.76 -610.30
-696.00 -610.30
-673.30 -610.30
-625.57 -610.30
-622.94 -610.30
-619.39 -610.30
-609.45 -609.45
-902.40 -609.45
-713.69 -609.45
-758.13 -609.45
-734.20 -609.45
-614.26 -609.45
-649.06 -609.45
-724.72 -609.45
-618.81 -609.45
-687.40 -609.45
-811.55 -609.45
-696.30 -609.45
-840.98 -609.45
-723.88 -609.45
-617.28 -609.45
-765.81 -609.45
-697.65 -609.45
-623.64 -609.45
-633.92 -609.45
-628.87 -609.45
-679.97 -609.45
-719.47 -609.45
-728.52 -609.45
-709.60 -609.45
-656.88 -609.45
-770.59 -609.45
-905.64 -609.45
-777.68 -609.45
-801.90 -609.45
-663.94 -609.45
-622.59 -609.45
-609.84 -609.45
-875.06 -609.45
-617.14 -609.45
-653.20 -609.45
-620.37 -609.45
-650.97 -609.45
-671.50 -609.45
-729.09 -609.45
-698.01 -609.45
-729.26 -609.45
-672.81 -609.45
-645.23 -609.45
-773.07 -609.45
-657.71 -609.45
-783.61 -609.45
-807.50 -609.45
-609.85 -609.45
-614.87 -609.45
-807.08 -609.45
-696.60 -609.45
-673.69 -609.45
-702.10 -609.45
-811.78 -609.45
-688.55 -609.45
-625.62 -609.45
-863.34 -609.45
-728.59 -609.45
-724.24 -609.45
-766.12 -609.45
-765.87 -609.45
-627.83 -609.45
-696.50 -609.45
-701.35 -609.45
-648.84 -609.45
-621.33 -609.45
-926.83 -609.45
-853.13 -609.45
-758.94 -609.45
-763.39 -609.45
-642.44 -609.45
-764.90 -609.45
-702.72 -609.45
-769.61 -609.45
-781.19 -609.45
-766.10 -609.45
-675.16 -609.45
-719.27 -609.45
-850.25 -609.45
-615.27 -609.45
-728.37 -609.45
-816.97 -609.45
-609.32 -609.32
-615.66 -609.32
-718.38 -609.32
-620.62 -609.32
-770.72 -609.32
-627.02 -609.32
-609.33 -609.33
-616.50 -609.33
-765.28 -609.33
-617.43 -609.33
-644.12 -609.33
-629.18 -609.33
-883.33 -609.33
-619.88 -609.33
-617.24 -609.33
-728.43 -609.33
-840.63 -609.33
-655.55 -609.33
-884.07 -609.33
-852.90 -609.33
-671.45 -609.33
-760.50 -609.33
-688.48 -609.33
-647.61 -609.33
-758.73 -609.33
-648.88 -609.33
-617.70 -609.33
-621.62 -609.33
-726.75 -609.33
-646.50 -609.33
-649.82 -609.33
-723.77 -609.33
-644.11 -609.33
-729.72 -609.33
-717.67 -609.33
-628.98 -609.33
-646.28 -609.33
-645.27 -609.33
-629.20 -609.33
-621.22 -609.33
-819.85 -609.33
-679.45 -609.33
-852.73 -609.33
-627.46 -609.33
-724.66 -609.33
-609.37 -609.37
-767.74 -609.37
-650.11 -609.37
-970.30 -609.37
-685.72 -609.37
-822.03 -609.37
-657.32 -609.37
-844.21 -609.37
-710.18 -609.37
-609.03 -609.03
-700.65 -609.03
-698.79 -609.03
-724.85 -609.03
-785.93 -609.03
-831.06 -609.03
-728.18 -609.03
-809.92 -609.03
-766.87 -609.03
-759.09 -609.03
-808.07 -609.03
-786.35 -609.03
-716.49 -609.03
-622.88 -609.03
-610.23 -610.23
-620.90 -610.23
-727.07 -610.23
-621.81 -610.23
-867.47 -610.23
-729.83 -610.23
-621.46 -610.23
-725.73 -610.23
-728.17 -610.23
-627.51 -610.23
-853.53 -610.23
-732.40 -610.23
-646.98 -610.23
-768.41 -610.23
-777.46 -610.23
-714.12 -610.23
-622.30 -610.23
-739.49 -610.23
-615.54 -610.23
-699.08 -610.23
-768.20 -610.23
-619.00 -610.23
-632.48 -610.23
-726.53 -610.23
-673.56 -610.23
-696.82 -610.23
-646.97 -610.23
-642.27 -610.23
-769.53 -610.23
-770.77 -610.23
-668.30 -610.23
-620.92 -610.23
-733.55 -610.23
-1011.85 -610.23
-616.61 -610.23
-782.00 -610.23
-622.67 -610.23
-760.72 -610.23
-651.77 -610.23
-807.90 -610.23
-807.77 -610.23
-648.73 -610.23
-613.49 -613.49
-675.29 -613.49
-628.44 -613.49
-620.43 -613.49
-614.32 -613.49
-727.97 -613.49
-658.17 -613.49
-644.76 -613.49
-652.41 -613.49
-627.24 -613.49
-707.29 -613.49
-674.91 -613.49
-741.76 -613.49
-726.66 -613.49
-630.00 -613.49
-655.76 -613.49
-1905.66 -1905.66
-1921.13 -1905.66
-1866.91 -1866.91
-1872.62 -1866.91
-1877.31 -1866.91
-1852.27 -1852.27
-1855.80 -1852.27
-1861.74 -1852.27
-1852.24 -1852.24
-1838.60 -1838.60
-1819.17 -1819.17
-1826.97 -1819.17
-1816.29 -1816.29
-1812.71 -1812.71
-1767.74 -1767.74
-1771.87 -1767.74
-1825.24 -1767.74
-1781.18 -1767.74
-1691.17 -1691.17
-1687.97 -1687.97
-1712.24 -1687.97
-1765.97 -1687.97
-1765.93 -1687.97
-1627.28 -1627.28
-1622.57 -1622.57
-1562.59 -1562.59
-1567.57 -1562.59
-1573.05 -1562.59
-1495.11 -1495.11
-1540.35 -1495.11
-1524.07 -1495.11
-1464.99 -1464.99
-1459.86 -1459.86
-1571.49 -1459.86
-1430.21 -1430.21
-1435.27 -1430.21
-1444.51 -1430.21
-1433.61 -1430.21
-1464.55 -1430.21
-1476.60 -1430.21
-1446.30 -1430.21
-1412.35 -1412.35
-1302.17 -1302.17
-1016.31 -1016.31
-832.48 -832.48
-913.18 -832.48
-648.59 -648.59
-806.19 -648.59
-645.51 -645.51
-621.96 -621.96
-763.20 -621.96
-669.68 -621.96
-833.51 -621.96
-716.27 -621.96
-733.16 -621.96
-696.42 -621.96
-735.38 -621.96
-618.76 -618.76
-769.21 -618.76
-659.51 -618.76
-729.82 -618.76
-643.85 -618.76
-707.46 -618.76
-690.45 -618.76
-1005.89 -618.76
-646.18 -618.76
-619.34 -618.76
-843.23 -618.76
-729.51 -618.76
-694.46 -618.76
-940.95 -618.76
-688.20 -618.76
-805.50 -618.76
-654.73 -618.76
-623.86 -618.76
-644.33 -618.76
-890.31 -618.76
-767.55 -618.76
-727.24 -618.76
-836.79 -618.76
-615.32 -615.32
-759.42 -615.32
-621.18 -615.32
-737.01 -615.32
-778.90 -615.32
-701.77 -615.32
-722.13 -615.32
-850.34 -615.32
-725.90 -615.32
-691.99 -615.32
-609.04 -609.04
-916.70 -609.04
-723.90 -609.04
-668.23 -609.04
-674.20 -609.04
-699.44 -609.04
-696.70 -609.04
-619.02 -609.04
-938.77 -609.04
-615.66 -609.04
-689.24 -609.04
-689.48 -609.04
-652.55 -609.04
-727.74 -609.04
-622.76 -609.04
-698.63 -609.04
-733.52 -609.04
-696.20 -609.04
-762.89 -609.04
-609.84 -609.84
-696.93 -609.84
-665.90 -609.84
-807.47 -609.84
-612.35 -609.84
-672.34 -609.84
-610.48 -609.84
-732.61 -609.84
-609.28 -609.28
-670.29 -609.28
-646.56 -609.28
-621.27 -609.28
-697.44 -609.28
-645.23 -609.28
-702.74 -609.28
-884.75 -609.28
-652.36 -609.28
-617.10 -609.28
-813.42 -609.28
-772.30 -609.28
-821.01 -609.28
-873.08 -609.28
-761.66 -609.28
-624.97 -609.28
-974.62 -609.28
-854.78 -609.28
-764.44 -609.28
-704.37 -609.28
-649.92 -609.28
-627.49 -609.28
-621.59 -609.28
-649.61 -609.28
-742.56 -609.28
-775.83 -609.28
-609.15 -609.15
-789.70 -609.15
-609.17 -609.17
-626.70 -609.17
-651.97 -609.17
-684.96 -609.17
-730.91 -609.17
-727.45 -609.17
-801.80 -609.17
-652.90 -609.17
-670.16 -609.17
-657.50 -609.17
-624.27 -609.17
-728.53 -609.17
-717.67 -609.17
-731.08 -609.17
-724.00 -609.17
-720.12 -609.17
-939.44 -609.17
-724.95 -609.17
-779.32 -609.17
-775.92 -609.17
-924.63 -609.17
-619.42 -609.17
-628.86 -609.17
-855.71 -609.17
-898.45 -609.17
-767.29 -609.17
-651.16 -609.17
-644.00 -609.17
-629.53 -609.17
-730.29 -609.17
-648.79 -609.17
-860.50 -609.17
-697.25 -609.17
-670.63 -609.17
-875.39 -609.17
-629.05 -609.17
-618.94 -609.17
-778.70 -609.17
-661.96 -609.17
-831.32 -609.17
-777.74 -609.17
-758.15 -609.17
-726.15 -609.17
-609.16 -609.16
-689.27 -609.16
-724.49 -609.16
-723.22 -609.16
-614.83 -609.16
-609.04 -609.04
-728.30 -609.04
-762.48 -609.04
-770.98 -609.04
-662.71 -609.04
-737.43 -609.04
-619.72 -609.04
-724.16 -609.04
-622.29 -609.04
-823.65 -609.04
-697.49 -609.04
-823.30 -609.04
-622.55 -609.04
-623.43 -609.04
-823.43 -609.04
-651.19 -609.04
-616.61 -609.04
-617.89 -609.04
-689.27 -609.04
-697.78 -609.04
-673.72 -609.04
-918.73 -609.04
-617.30 -609.04
-686.50 -609.04
-724.96 -609.04
-631.46 -609.04
-866.02 -609.04
-620.77 -609.04
-701.98 -609.04
-684.79 -609.04
-695.86 -609.04
-647.29 -609.04
-622.12 -609.04
-655.30 -609.04
-657.41 -609.04
-725.45 -609.04
-681.73 -609.04
-712.71 -609.04
-628.37 -609.04
-929.63 -609.04
-768.01 -609.04
-623.65 -609.04
-781.17 -609.04
-660.30 -609.04
-826.75 -609.04
-786.43 -609.04
-740.41 -609.04
-704.14 -609.04
-766.28 -609.04
-905.52 -609.04
-768.73 -609.04
-645.03 -609.04
-696.72 -609.04
-685.65 -609.04
-619.05 -609.04
-620.23 -609.04
-760.81 -609.04
-693.59 -609.04
-629.33 -609.04
-758.27 -609.04
-615.38 -609.04
-913.04 -609.04
-770.42 -609.04
-661.84 -609.04
-614.86 -609.04
-701.35 -609.04
-690.43 -609.04
-651.62 -609.04
-684.94 -609.04
-741.19 -609.04
-770.57 -609.04
-699.80 -609.04
-620.13 -609.04
-809.94 -609.04
-702.58 -609.04
-739.59 -609.04
-769.50 -609.04
-687.78 -609.04
-697.93 -609.04
-622.47 -609.04
-867.33 -609.04
-802.43 -609.04
-703.36 -609.04
-727.45 -609.04
-685.28 -609.04
-779.20 -609.04
-654.71 -609.04
-802.63 -609.04
-651.62 -609.04
-688.60 -609.04
-814.35 -609.04
-696.43 -609.04
-740.59 -609.04
-950.34 -609.04
-658.32 -609.04
-613.28 -609.04
-711.81 -609.04
-763.48 -609.04
-960.80 -609.04
-616.25 -609.04
-652.14 -609.04
-647.90 -609.04
-628.25 -609.04
-614.33 -609.04
-624.15 -609.04
-785.62 -609.04
-763.89 -609.04
-669.70 -609.04
-630.75 -609.04
-762.14 -609.04
-757.97 -609.04
-614.21 -609.04
-759.09 -609.04
-802.63 -609.04
-623.59 -609.04
-725.68 -609.04
-725.60 -609.04
-740.33 -609.04
-690.48 -609.04
-851.15 -609.04
-765.16 -609.04
-629.42 -609.04
-715.69 -609.04
-945.99 -609.04
-617.60 -609.04
-646.66 -609.04
-619.47 -609.04
-763.37 -609.04
-669.70 -609.04
-671.32 -609.04
-726.52 -609.04
-940.98 -609.04
-974.65 -609.04
-634.03 -609.04
-768.97 -609.04
-692.40 -609.04
-617.13 -609.04
-653.38 -609.04
-618.71 -609.04
-649.24 -609.04
-696.53 -609.04
-789.81 -609.04
-615.90 -609.04
-728.44 -609.04
-657.57 -609.04
-766.36 -609.04
-663.35 -609.04
-644.19 -609.04
-625.45 -609.04
-966.59 -609.04
-842.68 -609.04
-674.29 -609.04
-702.40 -609.04
-698.94 -609.04
-652.66 -609.04
-642.40 -609.04
-723.41 -609.04
-624.96 -609.04
-617.15 -609.04
-629.07 -609.04
-623.56 -609.04
-762.97 -609.04
-724.32 -609.04
-731.78 -609.04
-621.86 -609.04
-617.65 -609.04
-897.50 -609.04
-614.54 -609.04
-616.80 -609.04
-646.22 -609.04
-622.04 -609.04
-810.52 -609.04
-621.14 -609.04
-690.63 -609.04
-857.60 -609.04
-686.10 -609.04
-723.71 -609.04
-713.53 -609.04
-703.14 -609.04
-731.25 -609.04
-616.28 -609.04
-686.40 -609.04
-846.99 -609.04
-640.46 -609.04
-766.01 -609.04
-774.47 -609.04
-628.04 -609.04
-967.40 -609.04
-744.01 -609.04
-619.86 -609.04
-662.25 -609.04
-725.80 -609.04
-699.82 -609.04
-972.67 -609.04
-702.60 -609.04
-648.39 -609.04
-613.31 -609.04
-758.96 -609.04
-649.05 -609.04
-812.74 -609.04
-770.81 -609.04
-648.68 -609.04
-642.67 -609.04
-769.51 -609.04
-701.75 -609.04
-609.32 -609.32
-862.88 -609.32
-945.26 -609.32
-644.79 -609.32
-613.38 -609.32
-738.58 -609.32
-865.52 -609.32
-728.35 -609.32
-894.54 -609.32
-825.81 -609.32
-609.15 -609.15
-613.53 -609.15
-640.49 -609.15
-802.61 -609.15
-627.59 -609.15
-846.09 -609.15
-732.02 -609.15
-790.14 -609.15
-1916.08 -609.15
-1907.77 -1907.77
-1906.58 -1906.58
-1925.20 -1906.58
