-10000.00 -10000.00
-6285.05 -10000.00
-6173.39 -6173.39
-6176.16 -6176.16
-6179.37 -6179.37
-6324.00 -6179.37
-6150.68 -6150.68
-6179.39 -6150.68
-6263.70 -6150.68
-6097.46 -6097.46
-6036.93 -6036.93
-6059.64 -6036.93
-5924.06 -5924.06
-5862.97 -5862.97
-5899.23 -5862.97
-5903.68 -5862.97
-5837.23 -5837.23
-5902.25 -5837.23
-5863.38 -5837.23
-5866.05 -5837.23
-5799.66 -5799.66
-5685.49 -5685.49
-5529.29 -5529.29
-5573.25 -5529.29
-5477.06 -5477.06
-5656.50 -5477.06
-5278.62 -5278.62
-5276.62 -5276.62
-5290.81 -5276.62
-5337.74 -5276.62
-5288.78 -5276.62
-5415.73 -5276.62
-5263.22 -5263.22
-5091.16 -5091.16
-5090.54 -5090.54
-5119.57 -5090.54
-5088.47 -5088.47
-4933.26 -4933.26
-5057.85 -4933.26
-4872.46 -4872.46
-5005.97 -4872.46
-5100.90 -4872.46
-5024.37 -4872.46
-4622.32 -4622.32
-4593.08 -4593.08
-4636.93 -4593.08
-4885.66 -4593.08
-4867.29 -4593.08
-4287.12 -4287.12
-4546.32 -4287.12
-4749.05 -4287.12
-4991.57 -4287.12
-4075.39 -4075.39
-4039.31 -4039.31
-4287.92 -4039.31
-3798.24 -3798.24
-3492.53 -3492.53
-3494.05 -3492.53
-3967.15 -3492.53
-3688.34 -3492.53
-3635.75 -3492.53
-3797.61 -3492.53
-3873.17 -3492.53
-4285.35 -3492.53
-3914.47 -3492.53
-3047.93 -3047.93
-3313.45 -3047.93
-3278.79 -3047.93
-2784.54 -2784.54
-2834.18 -2784.54
-2265.04 -2265.04
-2134.45 -2134.45
-2163.19 -2134.45
-2004.88 -2004.88
-2275.19 -2004.88
-2531.33 -2004.88
-2257.02 -2004.88
-2078.62 -2004.88
-2950.43 -2004.88
-2382.23 -2004.88
-2525.24 -2004.88
-2477.61 -2004.88
-2656.11 -2004.88
-2384.51 -2004.88
-2028.62 -2004.88
-2407.96 -2004.88
-2007.91 -2004.88
-2564.99 -2004.88
-2256.93 -2004.88
-2392.20 -2004.88
-2336.75 -2004.88
-2040.45 -2004.88
-1993.78 -1993.78
-2036.08 -1993.78
-2413.02 -1993.78
-2395.83 -1993.78
-2268.53 -1993.78
-2136.50 -1993.78
-2390.22 -1993.78
-2681.42 -1993.78
-2681.76 -1993.78
-2027.04 -1993.78
-2787.26 -1993.78
-2693.71 -1993.78
-2366.96 -1993.78
-2261.27 -1993.78
-2024.88 -1993.78
-2033.04 -1993.78
-2489.50 -1993.78
-2027.28 -1993.78
-2510.14 -1993.78
-3177.36 -1993.78
-2640.46 -1993.78
-2009.83 -1993.78
-2133.75 -1993.78
-2343.00 -1993.78
-2938.84 -1993.78
-2056.95 -1993.78
-2056.52 -1993.78
-2010.72 -1993.78
-2657.78 -1993.78
-2226.35 -1993.78
-2629.50 -1993.78
-2269.81 -1993.78
-2371.26 -1993.78
-2312.62 -1993.78
-2378.02 -1993.78
-2280.01 -1993.78
-2211.13 -1993.78
-3072.15 -1993.78
-2009.86 -1993.78
-2241.43 -1993.78
-2504.64 -1993.78
-2370.07 -1993.78
-2124.31 -1993.78
-2389.85 -1993.78
-2535.37 -1993.78
-2532.38 -1993.78
-2032.36 -1993.78
-2179.11 -1993.78
-2829.08 -1993.78
-2167.40 -1993.78
-2831.22 -1993.78
-2153.68 -1993.78
-2298.03 -1993.78
-2017.19 -1993.78
-3079.07 -1993.78
-2072.81 -1993.78
-2125.70 -1993.78
-2392.73 -1993.78
-2139.20 -1993.78
-2061.03 -1993.78
-2021.17 -1993.78
-3459.87 -1993.78
-2366.15 -1993.78
-2511.30 -1993.78
-2079.50 -1993.78
-2036.87 -1993.78
-2193.55 -1993.78
-2131.12 -1993.78
-2201.03 -1993.78
-2351.67 -1993.78
-2869.03 -1993.78
-1995.89 -1993.78
-2141.83 -1993.78
-3298.71 -1993.78
-2185.49 -1993.78
-2538.19 -1993.78
-2275.92 -1993.78
-2106.28 -1993.78
-2390.40 -1993.78
-2254.78 -1993.78
-2335.32 -1993.78
-2201.39 -1993.78
-2630.55 -1993.78
-2506.87 -1993.78
-2425.09 -1993.78
-2030.65 -1993.78
-2815.58 -1993.78
-2049.86 -1993.78
-2547.06 -1993.78
-2733.23 -1993.78
-2918.48 -1993.78
-2037.48 -1993.78
-2262.72 -1993.78
-2797.07 -1993.78
-2020.40 -1993.78
-2758.58 -1993.78
-2275.24 -1993.78
-3288.87 -1993.78
-2537.94 -1993.78
-2376.62 -1993.78
-2531.68 -1993.78
-2577.39 -1993.78
-2396.00 -1993.78
-2668.30 -1993.78
-2408.08 -1993.78
-2510.19 -1993.78
-2292.21 -1993.78
-1993.66 -1993.66
-2731.71 -1993.66
-2113.48 -1993.66
-2653.13 -1993.66
-2020.30 -1993.66
-2061.01 -1993.66
-2044.62 -1993.66
-2024.75 -1993.66
-2109.26 -1993.66
-2245.83 -1993.66
-2285.88 -1993.66
-2067.00 -1993.66
-2814.35 -1993.66
-2784.80 -1993.66
-2245.63 -1993.66
-2036.63 -1993.66
-2395.93 -1993.66
-2032.78 -1993.66
-2060.39 -1993.66
-2287.32 -1993.66
-2374.40 -1993.66
-2137.08 -1993.66
-2687.94 -1993.66
-2389.78 -1993.66
-2024.61 -1993.66
-2387.17 -1993.66
-2286.82 -1993.66
-2191.71 -1993.66
-2045.61 -1993.66
-2011.11 -1993.66
-2488.72 -1993.66
-2023.25 -1993.66
-2393.55 -1993.66
-2342.96 -1993.66
-2111.75 -1993.66
-2207.90 -1993.66
-2205.47 -1993.66
-2399.65 -1993.66
-2631.26 -1993.66
-2121.85 -1993.66
-2167.35 -1993.66
-2114.77 -1993.66
-2324.73 -1993.66
-2565.49 -1993.66
-2546.86 -1993.66
-2550.37 -1993.66
-2044.26 -1993.66
-2036.51 -1993.66
-2261.14 -1993.66
-2165.85 -1993.66
-2808.47 -1993.66
-2358.62 -1993.66
-2662.27 -1993.66
-2489.63 -1993.66
-2928.37 -1993.66
-2130.10 -1993.66
-2499.95 -1993.66
-2127.93 -1993.66
-2040.99 -1993.66
-2169.99 -1993.66
-2204.99 -1993.66
-2041.74 -1993.66
-2322.69 -1993.66
-2548.97 -1993.66
-2190.55 -1993.66
-2124.01 -1993.66
-2879.35 -1993.66
-2180.91 -1993.66
-2056.80 -1993.66
-2763.89 -1993.66
-2578.42 -1993.66
-2165.72 -1993.66
-2512.77 -1993.66
-2829.39 -1993.66
-2360.38 -1993.66
-2009.83 -1993.66
-2389.76 -1993.66
-2852.92 -1993.66
-2241.66 -1993.66
-2043.17 -1993.66
-2257.15 -1993.66
-3304.71 -1993.66
-2281.78 -1993.66
-2703.15 -1993.66
-2027.93 -1993.66
-2107.15 -1993.66
-2702.16 -1993.66
-2395.36 -1993.66
-2381.24 -1993.66
-2279.91 -1993.66
-2362.86 -1993.66
-2032.20 -1993.66
-2868.39 -1993.66
-2284.50 -1993.66
-2856.93 -1993.66
-2485.35 -1993.66
-2066.11 -1993.66
-2303.67 -1993.66
-2141.49 -1993.66
-2161.25 -1993.66
-2506.77 -1993.66
-2287.98 -1993.66
-2636.27 -1993.66
-2027.97 -1993.66
-2171.17 -1993.66
-3300.12 -1993.66
-2642.30 -1993.66
-3196.82 -1993.66
-2527.70 -1993.66
-2116.76 -1993.66
-2521.27 -1993.66
-2683.41 -1993.66
-2073.09 -1993.66
-2299.51 -1993.66
-2646.49 -1993.66
-2623.60 -1993.66
-2151.93 -1993.66
-2153.92 -1993.66
-2108.76 -1993.66
-2428.10 -1993.66
-2498.09 -1993.66
-2394.87 -1993.66
-2285.26 -1993.66
-2514.59 -1993.66
-2034.35 -1993.66
-2334.85 -1993.66
-2163.38 -1993.66
-2036.21 -1993.66
-2015.76 -1993.66
-1993.66 -1993.66
-3048.00 -1993.66
-2028.33 -1993.66
-2141.80 -1993.66
-2017.81 -1993.66
-2111.34 -1993.66
-2786.06 -1993.66
-2274.03 -1993.66
-2683.18 -1993.66
-2011.87 -1993.66
-3124.57 -1993.66
-2395.57 -1993.66
-2132.23 -1993.66
-2282.83 -1993.66
-2363.61 -1993.66
-2031.54 -1993.66
-2067.81 -1993.66
-2513.41 -1993.66
-2651.60 -1993.66
-2622.53 -1993.66
-2494.00 -1993.66
-2010.25 -1993.66
-2517.93 -1993.66
-2058.51 -1993.66
-2026.06 -1993.66
-2132.00 -1993.66
-2161.83 -1993.66
-2334.33 -1993.66
-2554.28 -1993.66
-2554.09 -1993.66
-2075.42 -1993.66
-2199.55 -1993.66
-2193.32 -1993.66
-2032.82 -1993.66
-2380.06 -1993.66
-2255.28 -1993.66
-2789.13 -1993.66
-2522.50 -1993.66
-2953.26 -1993.66
-2204.31 -1993.66
-2592.22 -1993.66
-2126.20 -1993.66
-2040.17 -1993.66
-2109.96 -1993.66
-2329.68 -1993.66
-1997.18 -1993.66
-2125.05 -1993.66
-2665.25 -1993.66
-2409.04 -1993.66
-2303.91 -1993.66
-2044.66 -1993.66
-2373.14 -1993.66
-2295.07 -1993.66
-2310.55 -1993.66
-2513.97 -1993.66
-2021.24 -1993.66
-2346.03 -1993.66
-2753.08 -1993.66
-2059.28 -1993.66
-2417.11 -1993.66
-2188.60 -1993.66
-2026.58 -1993.66
-2394.59 -1993.66
-2272.73 -1993.66
-1994.75 -1994.75
-2288.20 -1994.75
-2055.56 -1994.75
-2938.11 -1994.75
-2757.89 -1994.75
-2843.47 -1994.75
-2142.79 -1994.75
-2659.69 -1994.75
-2290.38 -1994.75
-2351.48 -1994.75
-2065.45 -1994.75
-2507.31 -1994.75
-2257.99 -1994.75
-2384.11 -1994.75
-2202.50 -1994.75
-2509.57 -1994.75
-2555.78 -1994.75
-2221.46 -1994.75
-2110.76 -1994.75
-2096.83 -1994.75
-2503.39 -1994.75
-2206.46 -1994.75
-2277.92 -1994.75
-2106.94 -1994.75
-2655.79 -1994.75
-2668.90 -1994.75
-6265.33 -1994.75
-6249.00 -1994.75
-6138.44 -6138.44
-6058.26 -6058.26
-6042.54 -6042.54
-6118.73 -6042.54
-5990.52 -5990.52
-5928.75 -5928.75
-5910.72 -5910.72
-5826.24 -5826.24
-5829.50 -5826.24
-5742.86 -5742.86
-5557.56 -5557.56
-5492.79 -5492.79
-5389.12 -5389.12
-5441.10 -5389.12
-5290.91 -5290.91
-5490.35 -5290.91
-5390.94 -5290.91
-5291.14 -5291.14
-5367.75 -5291.14
-5261.83 -5261.83
-5377.60 -5261.83
-5446.64 -5261.83
-5342.67 -5261.83
-5153.51 -5153.51
-4920.15 -4920.15
-5059.23 -4920.15
-4737.87 -4737.87
-4889.38 -4737.87
-4666.60 -4666.60
-4819.93 -4666.60
-5057.37 -4666.60
-4753.68 -4666.60
-4543.09 -4543.09
-4709.66 -4543.09
-4465.86 -4465.86
-4698.18 -4465.86
-4463.42 -4463.42
-4154.01 -4154.01
-3362.36 -3362.36
-3079.35 -3079.35
-3313.00 -3079.35
-3780.13 -3079.35
-2964.79 -2964.79
-3290.02 -2964.79
-2403.99 -2403.99
-2204.44 -2204.44
-2641.93 -2204.44
-2206.27 -2204.44
-2035.26 -2035.26
-2510.41 -2035.26
-2063.52 -2035.26
-2374.83 -2035.26
-2499.98 -2035.26
-2057.02 -2035.26
-2372.67 -2035.26
-2031.57 -2031.57
-2794.59 -2031.57
-2503.08 -2031.57
-2026.06 -2026.06
-2258.82 -2026.06
-2482.02 -2026.06
-2124.27 -2026.06
-2685.52 -2026.06
-2025.75 -2025.75
-2203.09 -2025.75
-2388.84 -2025.75
-2042.35 -2025.75
-2721.30 -2025.75
-2698.45 -2025.75
-2382.92 -2025.75
-2262.49 -2025.75
-3197.60 -2025.75
-2334.52 -2025.75
-2105.82 -2025.75
-1994.64 -1994.64
-2286.88 -1994.64
-2624.74 -1994.64
-2164.22 -1994.64
-2330.42 -1994.64
-2039.10 -1994.64
-2521.82 -1994.64
-2125.56 -1994.64
-2229.97 -1994.64
-2161.88 -1994.64
-2818.21 -1994.64
-2734.02 -1994.64
-2284.37 -1994.64
-2151.07 -1994.64
-2482.75 -1994.64
-2409.18 -1994.64
-2287.29 -1994.64
-2522.07 -1994.64
-2294.11 -1994.64
-2032.78 -1994.64
-2385.83 -1994.64
-2378.88 -1994.64
-2034.11 -1994.64
-2413.43 -1994.64
-2026.07 -1994.64
-2021.17 -1994.64
-2534.00 -1994.64
-2025.19 -1994.64
-2025.51 -1994.64
-2546.83 -1994.64
-2888.71 -1994.64
-2655.52 -1994.64
-2112.93 -1994.64
-2507.21 -1994.64
-2537.17 -1994.64
-3294.83 -1994.64
-2183.65 -1994.64
-2324.02 -1994.64
-3159.13 -1994.64
-2630.84 -1994.64
-2070.11 -1994.64
-2372.13 -1994.64
-2201.34 -1994.64
-2510.63 -1994.64
-2284.51 -1994.64
-2040.98 -1994.64
-2070.67 -1994.64
-2533.78 -1994.64
-2132.95 -1994.64
-3292.73 -1994.64
-2508.29 -1994.64
-2225.36 -1994.64
-2384.80 -1994.64
-3049.97 -1994.64
-2283.39 -1994.64
-2020.45 -1994.64
-2012.29 -1994.64
-2013.88 -1994.64
-2020.66 -1994.64
-2026.05 -1994.64
-1993.68 -1993.68
-2055.73 -1993.68
-2690.99 -1993.68
-2032.59 -1993.68
-2389.50 -1993.68
-2398.05 -1993.68
-2024.51 -1993.68
-2430.37 -1993.68
-2379.05 -1993.68
-2740.08 -1993.68
-2142.66 -1993.68
-2725.42 -1993.68
-2391.12 -1993.68
-2686.99 -1993.68
-2116.38 -1993.68
-2525.81 -1993.68
-2036.18 -1993.68
-2960.75 -1993.68
-2573.64 -1993.68
-2369.42 -1993.68
-2186.66 -1993.68
-2196.05 -1993.68
-2120.65 -1993.68
-2274.67 -1993.68
-3225.54 -1993.68
-2876.03 -1993.68
-2339.29 -1993.68
-2116.47 -1993.68
-2581.78 -1993.68
-2643.36 -1993.68
-2470.46 -1993.68
-2103.34 -1993.68
-2027.00 -1993.68
-2630.89 -1993.68
-2390.95 -1993.68
-2786.86 -1993.68
-2536.14 -1993.68
-1993.99 -1993.99
-2803.47 -1993.99
-2255.30 -1993.99
-2830.45 -1993.99
-2112.12 -1993.99
-2013.98 -1993.99
-3509.96 -1993.99
-2111.03 -1993.99
-2817.82 -1993.99
-2382.51 -1993.99
-2516.40 -1993.99
-1996.71 -1993.99
-2051.58 -1993.99
-2018.41 -1993.99
-2538.48 -1993.99
-2769.77 -1993.99
-2003.89 -1993.99
-2913.20 -1993.99
-2533.04 -1993.99
-2282.67 -1993.99
-2493.19 -1993.99
-2078.47 -1993.99
-2374.99 -1993.99
-2311.01 -1993.99
-2116.22 -1993.99
-2766.48 -1993.99
-2036.55 -1993.99
-2512.20 -1993.99
-2535.60 -1993.99
-2655.04 -1993.99
-2194.10 -1993.99
-2029.42 -1993.99
-2364.12 -1993.99
-2004.14 -1993.99
-2021.68 -1993.99
-3230.98 -1993.99
-2363.70 -1993.99
-2529.36 -1993.99
-2243.50 -1993.99
-2330.39 -1993.99
-1996.71 -1993.99
-2520.04 -1993.99
-2044.57 -1993.99
-2056.75 -1993.99
-2072.41 -1993.99
-2168.81 -1993.99
-2523.26 -1993.99
-2116.35 -1993.99
-2194.06 -1993.99
-2389.22 -1993.99
-2655.22 -1993.99
-2254.30 -1993.99
-2368.04 -1993.99
-2394.51 -1993.99
-2483.64 -1993.99
-2548.62 -1993.99
-2576.00 -1993.99
-2278.23 -1993.99
-2114.04 -1993.99
-2549.30 -1993.99
-2549.16 -1993.99
-2552.51 -1993.99
-2097.61 -1993.99
-2504.71 -1993.99
-2029.77 -1993.99
-2283.85 -1993.99
-2254.57 -1993.99
-2047.46 -1993.99
-2061.33 -1993.99
-2148.81 -1993.99
-2169.33 -1993.99
-2123.92 -1993.99
-2938.12 -1993.99
-1994.35 -1994.35
-2798.60 -1994.35
-2431.53 -1994.35
-2301.30 -1994.35
-2519.45 -1994.35
-2651.38 -1994.35
-2092.72 -1994.35
-2431.71 -1994.35
-2374.72 -1994.35
-1998.21 -1994.35
-2140.97 -1994.35
-2805.82 -1994.35
-2186.59 -1994.35
-2029.86 -1994.35
-2153.89 -1994.35
-2124.21 -1994.35
-2299.75 -1994.35
-2284.72 -1994.35
-2043.44 -1994.35
-2128.44 -1994.35
-2017.62 -1994.35
-2587.76 -1994.35
-2113.06 -1994.35
-2728.11 -1994.35
-2532.88 -1994.35
-2102.26 -1994.35
-2663.00 -1994.35
-1993.23 -1993.23
-2893.77 -1993.23
-2029.54 -1993.23
-2495.08 -1993.23
-2246.09 -1993.23
-2649.40 -1993.23
-2548.85 -1993.23
-2588.56 -1993.23
-2138.25 -1993.23
-2335.03 -1993.23
-2164.06 -1993.23
-2505.63 -1993.23
-2398.57 -1993.23
-2256.81 -1993.23
-2152.37 -1993.23
-2270.81 -1993.23
-2494.09 -1993.23
-2019.97 -1993.23
-2037.29 -1993.23
-2038.11 -1993.23
-2191.84 -1993.23
-2813.70 -1993.23
-2735.81 -1993.23
-2021.21 -1993.23
-2421.43 -1993.23
-2026.89 -1993.23
-2016.48 -1993.23
-2051.54 -1993.23
-2493.05 -1993.23
-2279.33 -1993.23
-2299.55 -1993.23
-2038.87 -1993.23
-2388.27 -1993.23
-2376.41 -1993.23
-2371.66 -1993.23
-2637.78 -1993.23
-2021.70 -1993.23
-2528.28 -1993.23
-2923.87 -1993.23
-2011.14 -1993.23
-2405.97 -1993.23
-2057.68 -1993.23
-1995.63 -1993.23
-2696.66 -1993.23
-1993.59 -1993.59
-2411.53 -1993.59
-2241.12 -1993.59
-2117.39 -1993.59
-2375.44 -1993.59
-2391.07 -1993.59
-2181.68 -1993.59
-2390.95 -1993.59
-2378.80 -1993.59
-2183.66 -1993.59
-2111.78 -1993.59
-2131.56 -1993.59
-2258.90 -1993.59
-2376.13 -1993.59
-2869.71 -1993.59
-2388.99 -1993.59
-1997.47 -1993.59
-1997.76 -1993.59
-2679.09 -1993.59
-1996.06 -1993.59
-2155.33 -1993.59
-2103.17 -1993.59
-2391.65 -1993.59
-2181.52 -1993.59
-2434.26 -1993.59
-2680.78 -1993.59
-1996.31 -1993.59
-2509.20 -1993.59
-2283.14 -1993.59
-2021.03 -1993.59
-2025.54 -1993.59
-2036.84 -1993.59
-2291.90 -1993.59
-2529.22 -1993.59
-2194.53 -1993.59
-2299.78 -1993.59
-2026.62 -1993.59
-2134.80 -1993.59
-2032.18 -1993.59
-1996.73 -1993.59
-1996.82 -1993.59
-2043.04 -1993.59
-2115.73 -1993.59
-2245.41 -1993.59
-2195.75 -1993.59
-2004.93 -1993.59
-2017.85 -1993.59
-2028.11 -1993.59
-2026.33 -1993.59
-2103.56 -1993.59
-2185.62 -1993.59
-2026.27 -1993.59
-2714.68 -1993.59
-2198.88 -1993.59
-2004.92 -1993.59
-2535.21 -1993.59
-2149.67 -1993.59
-2113.21 -1993.59
-2425.87 -1993.59
-2381.36 -1993.59
-2041.60 -1993.59
-2292.77 -1993.59
-2503.63 -1993.59
-2420.62 -1993.59
-2352.39 -1993.59
-2174.85 -1993.59
-2133.14 -1993.59
-2470.22 -1993.59
-2073.87 -1993.59
-2095.88 -1993.59
-2367.14 -1993.59
-2987.52 -1993.59
-2206.78 -1993.59
-2416.32 -1993.59
-2395.66 -1993.59
-2284.07 -1993.59
-2507.66 -1993.59
-2117.03 -1993.59
-2276.54 -1993.59
-2123.08 -1993.59
-2041.19 -1993.59
-2568.74 -1993.59
-2495.75 -1993.59
-2259.09 -1993.59
-2957.15 -1993.59
-2112.79 -1993.59
-2839.71 -1993.59
-2690.94 -1993.59
-2525.47 -1993.59
-2010.44 -1993.59
-2868.19 -1993.59
-2037.42 -1993.59
-2946.84 -1993.59
-2431.64 -1993.59
-2737.43 -1993.59
-2125.90 -1993.59
-2474.90 -1993.59
-2804.67 -1993.59
-2266.99 -1993.59
-6245.34 -1993.59
-6251.56 -1993.59
-6318.48 -1993.59
-6309.77 -1993.59
-6262.96 -1993.59
-6102.99 -6102.99
-6081.15 -6081.15
-6021.50 -6021.50
-6079.83 -6021.50
-6071.14 -6021.50
-6065.38 -6021.50
-5925.55 -5925.55
-5828.71 -5828.71
-5693.38 -5693.38
-5693.83 -5693.83
-5603.96 -5603.96
-5531.24 -5531.24
-5426.69 -5426.69
-5336.91 -5336.91
-5329.83 -5329.83
-5259.24 -5259.24
-5154.03 -5154.03
-5230.16 -5154.03
-5287.66 -5154.03
-5100.00 -5100.00
-5240.69 -5100.00
-5059.51 -5059.51
-5088.35 -5059.51
-5129.64 -5059.51
-5119.57 -5059.51
-5025.51 -5025.51
-4996.17 -4996.17
-5219.31 -4996.17
-5372.10 -4996.17
-4898.87 -4898.87
-4674.16 -4674.16
-4258.24 -4258.24
-4037.60 -4037.60
-4527.24 -4037.60
-4264.80 -4037.60
-4059.18 -4037.60
-4209.99 -4037.60
-3803.19 -3803.19
-4432.52 -3803.19
-4211.28 -3803.19
-3318.79 -3318.79
-3330.80 -3318.79
-3564.81 -3318.79
-2948.00 -2948.00
-3077.30 -2948.00
-2555.78 -2555.78
-2666.88 -2555.78
-2262.62 -2262.62
-2123.36 -2123.36
-2163.37 -2123.36
-2027.87 -2027.87
-2027.89 -2027.89
-2568.54 -2027.89
-2478.71 -2027.89
-2532.66 -2027.89
-3181.17 -2027.89
-2955.95 -2027.89
-2060.27 -2027.89
-2170.35 -2027.89
-2335.08 -2027.89
-2007.92 -2007.92
-2332.33 -2007.92
-2739.91 -2007.92
-2255.78 -2007.92
-2767.41 -2007.92
-2043.40 -2007.92
-2287.61 -2007.92
-2396.32 -2007.92
-2520.25 -2007.92
-3114.39 -2007.92
-2014.87 -2007.92
-2224.00 -2007.92
-2302.00 -2007.92
-2307.90 -2007.92
-2034.67 -2007.92
-2091.21 -2007.92
-2424.61 -2007.92
-2125.44 -2007.92
-3047.12 -2007.92
-2699.18 -2007.92
-2371.55 -2007.92
-2181.65 -2007.92
-2706.72 -2007.92
-2380.92 -2007.92
-2382.93 -2007.92
-2126.18 -2007.92
-2158.32 -2007.92
-2303.27 -2007.92
-2050.56 -2007.92
-2111.39 -2007.92
-2027.36 -2007.92
-2571.89 -2007.92
-2075.25 -2007.92
-2719.85 -2007.92
-2021.86 -2007.92
-2202.45 -2007.92
-2543.33 -2007.92
-1993.85 -1993.85
-2021.34 -1993.85
-2109.44 -1993.85
-2267.69 -1993.85
-2071.72 -1993.85
-2024.66 -1993.85
-2684.74 -1993.85
-2264.62 -1993.85
-2183.31 -1993.85
-2004.84 -1993.85
-2031.24 -1993.85
-2253.96 -1993.85
-2793.18 -1993.85
-2124.90 -1993.85
-2024.17 -1993.85
-2395.49 -1993.85
-2368.36 -1993.85
-2058.81 -1993.85
-2635.11 -1993.85
-2057.30 -1993.85
-2257.65 -1993.85
-2112.14 -1993.85
-2107.58 -1993.85
-2250.41 -1993.85
-2052.27 -1993.85
-2531.94 -1993.85
-3156.86 -1993.85
-2533.44 -1993.85
-2378.13 -1993.85
-2891.07 -1993.85
-2113.03 -1993.85
-2825.83 -1993.85
-2007.08 -1993.85
-2497.95 -1993.85
-2013.14 -1993.85
-2865.60 -1993.85
-2360.13 -1993.85
-2259.02 -1993.85
-2271.36 -1993.85
-2034.83 -1993.85
-2589.49 -1993.85
-2103.41 -1993.85
-1993.72 -1993.72
-2256.07 -1993.72
-2372.60 -1993.72
-2198.70 -1993.72
-2054.59 -1993.72
-2373.11 -1993.72
-2366.53 -1993.72
-2332.95 -1993.72
-2496.79 -1993.72
-2376.68 -1993.72
-2028.30 -1993.72
-2799.48 -1993.72
-2560.42 -1993.72
-2508.88 -1993.72
-2476.84 -1993.72
-2251.60 -1993.72
-2753.26 -1993.72
-2741.23 -1993.72
-2666.45 -1993.72
-3217.79 -1993.72
-2280.41 -1993.72
-2113.62 -1993.72
-2506.92 -1993.72
-3111.24 -1993.72
-2388.02 -1993.72
-2124.43 -1993.72
-3124.96 -1993.72
-2719.25 -1993.72
-2737.13 -1993.72
-2056.46 -1993.72
-2728.87 -1993.72
-3162.29 -1993.72
-2957.88 -1993.72
-1993.56 -1993.56
-2937.42 -1993.56
-2657.11 -1993.56
-2569.63 -1993.56
-2387.41 -1993.56
-2244.77 -1993.56
-2043.25 -1993.56
-2144.90 -1993.56
-2819.70 -1993.56
-2194.37 -1993.56
-2578.78 -1993.56
-2552.05 -1993.56
-2531.72 -1993.56
-2709.43 -1993.56
-2045.65 -1993.56
-2180.92 -1993.56
-2391.63 -1993.56
-2311.38 -1993.56
-2156.95 -1993.56
-2205.30 -1993.56
-3377.37 -1993.56
-2371.46 -1993.56
-2643.42 -1993.56
-2025.52 -1993.56
-2548.77 -1993.56
-2959.13 -1993.56
-2521.19 -1993.56
-2169.18 -1993.56
-2296.57 -1993.56
-2045.07 -1993.56
-2425.73 -1993.56
-2394.35 -1993.56
-2386.56 -1993.56
-2119.45 -1993.56
-2019.53 -1993.56
-2034.03 -1993.56
-2230.46 -1993.56
-2791.72 -1993.56
-2131.10 -1993.56
-2032.37 -1993.56
-2223.20 -1993.56
-3048.11 -1993.56
-2305.53 -1993.56
-2241.15 -1993.56
-2122.79 -1993.56
-2516.68 -1993.56
-2963.32 -1993.56
-2382.39 -1993.56
-2111.81 -1993.56
-1998.57 -1993.56
-2515.98 -1993.56
-2245.75 -1993.56
-2378.34 -1993.56
-2202.20 -1993.56
-2577.35 -1993.56
-1998.15 -1993.56
-3506.25 -1993.56
-2662.07 -1993.56
-2262.78 -1993.56
-2562.86 -1993.56
-2716.66 -1993.56
-2391.64 -1993.56
-2132.64 -1993.56
-2430.05 -1993.56
-2668.60 -1993.56
-2204.44 -1993.56
-2812.78 -1993.56
-2075.15 -1993.56
-2017.92 -1993.56
-2025.97 -1993.56
-2057.65 -1993.56
-2360.42 -1993.56
-2654.12 -1993.56
-3185.91 -1993.56
-2429.23 -1993.56
-2496.95 -1993.56
-2639.30 -1993.56
-2225.42 -1993.56
-2128.51 -1993.56
-2106.68 -1993.56
-2105.43 -1993.56
-3322.96 -1993.56
-2693.59 -1993.56
-2254.31 -1993.56
-2310.55 -1993.56
-2265.17 -1993.56
-2400.60 -1993.56
-2521.88 -1993.56
-2254.23 -1993.56
-2038.78 -1993.56
-2510.19 -1993.56
-2534.68 -1993.56
-2079.50 -1993.56
-2054.80 -1993.56
-2241.99 -1993.56
-2026.49 -1993.56
-2252.53 -1993.56
-1996.07 -1993.56
-2415.83 -1993.56
-2656.32 -1993.56
-2390.54 -1993.56
-2254.89 -1993.56
-2050.95 -1993.56
-1996.15 -1993.56
-2017.98 -1993.56
-2432.87 -1993.56
-2383.47 -1993.56
-3238.77 -1993.56
-2375.22 -1993.56
-2814.53 -1993.56
-2018.64 -1993.56
-2116.34 -1993.56
-2498.29 -1993.56
-2226.23 -1993.56
-2328.29 -1993.56
-2815.65 -1993.56
-2937.20 -1993.56
-2011.28 -1993.56
-2587.25 -1993.56
-2246.66 -1993.56
-2391.70 -1993.56
-2917.36 -1993.56
-2113.37 -1993.56
-3160.91 -1993.56
-2347.22 -1993.56
-2400.58 -1993.56
-2150.80 -1993.56
-2108.82 -1993.56
-2513.16 -1993.56
-3513.89 -1993.56
-3108.25 -1993.56
-2070.79 -1993.56
-2278.91 -1993.56
-2250.70 -1993.56
-2485.32 -1993.56
-2348.89 -1993.56
-2363.73 -1993.56
-2004.99 -1993.56
-2349.25 -1993.56
-2590.53 -1993.56
-2752.59 -1993.56
-2493.73 -1993.56
-2029.37 -1993.56
-2037.74 -1993.56
-3084.94 -1993.56
-2256.39 -1993.56
-2654.45 -1993.56
-2298.87 -1993.56
-2380.61 -1993.56
-2035.41 -1993.56
-2633.00 -1993.56
-2785.88 -1993.56
-2399.78 -1993.56
-2299.76 -1993.56
-1993.48 -1993.48
-2204.39 -1993.48
-2391.60 -1993.48
-2278.58 -1993.48
-2368.02 -1993.48
-2686.25 -1993.48
-2147.82 -1993.48
-2844.06 -1993.48
-2123.54 -1993.48
-2376.35 -1993.48
-2528.83 -1993.48
-2728.15 -1993.48
-2133.96 -1993.48
-1993.80 -1993.80
-2031.83 -1993.80
-2047.27 -1993.80
-2051.26 -1993.80
-2888.05 -1993.80
-2591.23 -1993.80
-2386.45 -1993.80
-2720.92 -1993.80
-2380.93 -1993.80
-2027.74 -1993.80
-2491.70 -1993.80
-2060.38 -1993.80
-2044.68 -1993.80
-2132.91 -1993.80
-2373.75 -1993.80
-2692.85 -1993.80
-2835.95 -1993.80
-2525.94 -1993.80
-2027.71 -1993.80
-2011.43 -1993.80
-2699.91 -1993.80
-2491.78 -1993.80
-2545.38 -1993.80
-2125.56 -1993.80
-2124.96 -1993.80
-2204.47 -1993.80
-1993.58 -1993.58
-2277.47 -1993.58
-2520.18 -1993.58
-2416.76 -1993.58
-1995.60 -1993.58
-3049.84 -1993.58
-3197.53 -1993.58
-2396.06 -1993.58
-1994.45 -1993.58
-2102.02 -1993.58
-2521.64 -1993.58
-2640.33 -1993.58
-2410.84 -1993.58
-2543.43 -1993.58
-2026.17 -1993.58
-2515.60 -1993.58
-2367.94 -1993.58
-2324.57 -1993.58
-2279.33 -1993.58
-1996.32 -1993.58
-2113.39 -1993.58
-3107.32 -1993.58
-2242.13 -1993.58
-2882.20 -1993.58
-2062.27 -1993.58
-2379.01 -1993.58
-2370.07 -1993.58
-3283.64 -1993.58
-2550.71 -1993.58
-2644.96 -1993.58
-2034.59 -1993.58
-2197.36 -1993.58
-2121.55 -1993.58
-2303.86 -1993.58
-2122.71 -1993.58
-3115.21 -1993.58
-3281.90 -1993.58
-2292.62 -1993.58
-2390.38 -1993.58
-2037.03 -1993.58
-2476.99 -1993.58
-2377.14 -1993.58
-1993.50 -1993.50
-2425.13 -1993.50
-2014.30 -1993.50
-2028.42 -1993.50
-6323.28 -1993.50
-6291.12 -1993.50
-6289.16 -1993.50
-6226.82 -6226.82
-6186.30 -6186.30
-6166.21 -6166.21
-6149.13 -6149.13
-6068.57 -6068.57
-6017.14 -6017.14
-5950.26 -5950.26
-6078.67 -5950.26
-5838.44 -5838.44
-5838.12 -5838.12
-5808.96 -5808.96
-5837.67 -5808.96
-5831.50 -5808.96
-5640.63 -5640.63
-5445.06 -5445.06
-5382.87 -5382.87
-5089.65 -5089.65
-4869.16 -4869.16
-4717.20 -4717.20
-4391.24 -4391.24
-4808.22 -4391.24
-4550.09 -4391.24
-4487.07 -4391.24
-3797.07 -3797.07
-4074.29 -3797.07
-4253.73 -3797.07
-4392.22 -3797.07
-3733.89 -3733.89
-3167.07 -3167.07
-2514.60 -2514.60
-2917.72 -2514.60
-2541.55 -2514.60
-2788.79 -2514.60
-2172.11 -2172.11
-2875.18 -2172.11
-2120.22 -2120.22
-2108.76 -2108.76
-2270.83 -2108.76
-2544.91 -2108.76
-2655.02 -2108.76
-2244.78 -2108.76
-2260.97 -2108.76
-2298.00 -2108.76
-1993.54 -1993.54
-2167.53 -1993.54
-1993.94 -1993.94
-2377.95 -1993.94
-2043.01 -1993.94
-3191.70 -1993.94
-2517.97 -1993.94
-2647.75 -1993.94
-2256.81 -1993.94
-2392.63 -1993.94
-2030.28 -1993.94
-2429.52 -1993.94
-2374.07 -1993.94
-2372.51 -1993.94
-2742.60 -1993.94
-2159.34 -1993.94
-2128.63 -1993.94
-2640.11 -1993.94
-2023.19 -1993.94
-2304.01 -1993.94
-1997.12 -1993.94
-2404.08 -1993.94
-2010.07 -1993.94
-2636.40 -1993.94
-2771.88 -1993.94
-2060.56 -1993.94
-2209.35 -1993.94
-2258.40 -1993.94
-2326.60 -1993.94
-2310.87 -1993.94
-2476.92 -1993.94
-2492.00 -1993.94
-2572.05 -1993.94
-2291.83 -1993.94
-2388.48 -1993.94
-1993.67 -1993.67
-2115.93 -1993.67
-2028.51 -1993.67
-2705.78 -1993.67
-2103.40 -1993.67
-3055.99 -1993.67
-2250.78 -1993.67
-2072.66 -1993.67
-2163.68 -1993.67
-2063.47 -1993.67
-2057.83 -1993.67
-2306.46 -1993.67
-2910.67 -1993.67
-2110.40 -1993.67
-2042.80 -1993.67
-2953.42 -1993.67
-2306.70 -1993.67
-2518.23 -1993.67
-2016.78 -1993.67
-2197.30 -1993.67
-2362.54 -1993.67
-2665.27 -1993.67
-2045.91 -1993.67
-2628.37 -1993.67
-2509.65 -1993.67
-2489.82 -1993.67
-2328.60 -1993.67
-2173.13 -1993.67
-2058.47 -1993.67
-2031.59 -1993.67
-2330.80 -1993.67
-2169.18 -1993.67
-2120.23 -1993.67
-2027.21 -1993.67
-2926.36 -1993.67
-2496.64 -1993.67
-2280.27 -1993.67
-3049.64 -1993.67
-2027.61 -1993.67
-2395.90 -1993.67
-2024.80 -1993.67
-2206.86 -1993.67
-2832.27 -1993.67
-2197.08 -1993.67
-2397.09 -1993.67
-2365.82 -1993.67
-2287.33 -1993.67
-2339.94 -1993.67
-2477.09 -1993.67
-2078.40 -1993.67
-2121.65 -1993.67
-2405.67 -1993.67
-2742.87 -1993.67
-2037.76 -1993.67
-2504.24 -1993.67
-2786.68 -1993.67
-2032.35 -1993.67
-2875.60 -1993.67
-2005.06 -1993.67
-2323.79 -1993.67
-2105.45 -1993.67
-2020.85 -1993.67
-2173.18 -1993.67
-2020.00 -1993.67
-2013.52 -1993.67
-2653.28 -1993.67
-2030.02 -1993.67
-2028.22 -1993.67
-2382.24 -1993.67
-2151.54 -1993.67
-2827.74 -1993.67
-2058.10 -1993.67
-2265.08 -1993.67
-2807.71 -1993.67
-2269.58 -1993.67
-2398.33 -1993.67
-2042.00 -1993.67
-2875.89 -1993.67
-2947.32 -1993.67
-2324.22 -1993.67
-2015.01 -1993.67
-2166.10 -1993.67
-2256.06 -1993.67
-2409.23 -1993.67
-2206.25 -1993.67
-2059.10 -1993.67
-2252.26 -1993.67
-2252.36 -1993.67
-2019.03 -1993.67
-2408.52 -1993.67
-2917.00 -1993.67
-2256.40 -1993.67
-2029.32 -1993.67
-2833.33 -1993.67
-2363.13 -1993.67
-2036.03 -1993.67
-2382.90 -1993.67
-2680.72 -1993.67
-2882.71 -1993.67
-2044.57 -1993.67
-2292.04 -1993.67
-2372.53 -1993.67
-2307.34 -1993.67
-2508.13 -1993.67
-2272.58 -1993.67
-2064.60 -1993.67
-3069.35 -1993.67
-3025.08 -1993.67
-2370.87 -1993.67
-2397.65 -1993.67
-2224.87 -1993.67
-2282.30 -1993.67
-2255.78 -1993.67
-2035.10 -1993.67
-2029.14 -1993.67
-1994.55 -1994.55
-2368.40 -1994.55
-2888.91 -1994.55
-1996.36 -1994.55
-2045.51 -1994.55
-2297.42 -1994.55
-2033.09 -1994.55
-2031.71 -1994.55
-2112.63 -1994.55
-2330.25 -1994.55
-2653.36 -1994.55
-3094.29 -1994.55
-2039.47 -1994.55
-2115.06 -1994.55
-2019.72 -1994.55
-2038.08 -1994.55
-2493.79 -1994.55
-2047.66 -1994.55
-2012.94 -1994.55
-2278.29 -1994.55
-2283.43 -1994.55
-2209.73 -1994.55
-2662.47 -1994.55
-2037.74 -1994.55
-2428.76 -1994.55
-2070.82 -1994.55
-2711.39 -1994.55
-2036.21 -1994.55
-2658.77 -1994.55
-2197.71 -1994.55
-2376.20 -1994.55
-2142.11 -1994.55
-2637.35 -1994.55
-2367.42 -1994.55
-2818.43 -1994.55
-2007.63 -1994.55
-2113.11 -1994.55
-2823.92 -1994.55
-2129.05 -1994.55
-2265.94 -1994.55
-2494.41 -1994.55
-2393.75 -1994.55
-2275.93 -1994.55
-2028.26 -1994.55
-2549.44 -1994.55
-2041.97 -1994.55
-2819.69 -1994.55
-2638.46 -1994.55
-2039.52 -1994.55
-2124.45 -1994.55
-2825.14 -1994.55
-2627.47 -1994.55
-2053.98 -1994.55
-2205.18 -1994.55
-2043.04 -1994.55
-2489.54 -1994.55
-2652.43 -1994.55
-2929.69 -1994.55
-2111.72 -1994.55
-2691.44 -1994.55
-2493.38 -1994.55
-2114.68 -1994.55
-2298.46 -1994.55
-2368.14 -1994.55
-3112.66 -1994.55
-2527.89 -1994.55
-2133.30 -1994.55
-2063.23 -1994.55
-2065.65 -1994.55
-2009.80 -1994.55
-2281.40 -1994.55
-2546.44 -1994.55
-2108.95 -1994.55
-2111.65 -1994.55
-2245.04 -1994.55
-2332.87 -1994.55
-2283.54 -1994.55
-2799.48 -1994.55
-2021.93 -1994.55
-2181.66 -1994.55
-2397.31 -1994.55
-2050.83 -1994.55
-2199.51 -1994.55
-2470.27 -1994.55
-2912.96 -1994.55
-2642.76 -1994.55
-2061.78 -1994.55
-2107.26 -1994.55
-2119.57 -1994.55
-2643.67 -1994.55
-2934.51 -1994.55
-2810.92 -1994.55
-2503.58 -1994.55
-2955.00 -1994.55
-2514.03 -1994.55
-2118.41 -1994.55
-2103.81 -1994.55
-2375.86 -1994.55
-2380.82 -1994.55
-2033.55 -1994.55
-2111.47 -1994.55
-2129.51 -1994.55
-2405.88 -1994.55
-2124.52 -1994.55
-2265.01 -1994.55
-2686.85 -1994.55
-2531.57 -1994.55
-2541.63 -1994.55
-2027.28 -1994.55
-2499.20 -1994.55
-2977.94 -1994.55
-2258.59 -1994.55
-2369.88 -1994.55
-2376.63 -1994.55
-2383.60 -1994.55
-2505.37 -1994.55
-2397.60 -1994.55
-2019.10 -1994.55
-2550.80 -1994.55
-2116.51 -1994.55
-2378.04 -1994.55
-2167.82 -1994.55
-2004.76 -1994.55
-2521.99 -1994.55
-2246.46 -1994.55
-2126.41 -1994.55
-2152.47 -1994.55
-2027.64 -1994.55
-2625.49 -1994.55
-2135.62 -1994.55
-1993.58 -1993.58
-2516.70 -1993.58
-2292.45 -1993.58
-2017.70 -1993.58
-2171.65 -1993.58
-2399.12 -1993.58
-1998.57 -1993.58
-2224.05 -1993.58
-2240.53 -1993.58
-2036.91 -1993.58
-2486.81 -1993.58
-2286.74 -1993.58
-2028.47 -1993.58
-2060.37 -1993.58
-2643.37 -1993.58
-2392.96 -1993.58
-2194.66 -1993.58
-2184.78 -1993.58
-2209.81 -1993.58
-2040.05 -1993.58
-2326.12 -1993.58
-2036.01 -1993.58
-2035.80 -1993.58
-3056.20 -1993.58
-2116.56 -1993.58
-2153.78 -1993.58
-2115.76 -1993.58
-2211.08 -1993.58
-2805.86 -1993.58
-2477.09 -1993.58
-2026.08 -1993.58
-3001.78 -1993.58
-2723.69 -1993.58
-2305.46 -1993.58
-2004.70 -1993.58
-2110.52 -1993.58
-2186.03 -1993.58
-2504.12 -1993.58
-2115.61 -1993.58
-2378.55 -1993.58
-2368.89 -1993.58
-2480.77 -1993.58
-2141.95 -1993.58
-2517.22 -1993.58
-2250.96 -1993.58
-2846.54 -1993.58
-2379.61 -1993.58
-2041.59 -1993.58
-2192.60 -1993.58
-2026.38 -1993.58
-2392.36 -1993.58
-2901.26 -1993.58
-2913.80 -1993.58
-2048.45 -1993.58
-2124.65 -1993.58
-2005.05 -1993.58
-2425.80 -1993.58
-2078.57 -1993.58
-3076.98 -1993.58
-3078.16 -1993.58
-3192.24 -1993.58
-2511.96 -1993.58
-2259.66 -1993.58
-2128.68 -1993.58
-2639.01 -1993.58
-2057.10 -1993.58
-2307.30 -1993.58
-2272.27 -1993.58
-2070.99 -1993.58
-2327.61 -1993.58
-2280.92 -1993.58
-2074.83 -1993.58
-2626.44 -1993.58
-2338.68 -1993.58
-2323.68 -1993.58
-2292.25 -1993.58
-2130.85 -1993.58
-2472.44 -1993.58
-2567.63 -1993.58
-2920.73 -1993.58
-2007.70 -1993.58
-2368.63 -1993.58
-2067.57 -1993.58
-2079.12 -1993.58
-2115.06 -1993.58
-2504.24 -1993.58
-2504.28 -1993.58
-2608.82 -1993.58
-2337.33 -1993.58
-2181.87 -1993.58
-6243.53 -6243.53
-6289.34 -6243.53
-6304.91 -6243.53
-6232.40 -6232.40
-6326.26 -6232.40
-6148.83 -6148.83
-6247.57 -6148.83
-6179.85 -6148.83
-6133.98 -6133.98
-6260.58 -6133.98
-6167.13 -6133.98
-6085.00 -6085.00
-6127.81 -6085.00
-6176.09 -6085.00
-6140.30 -6085.00
-6060.70 -6060.70
-5933.51 -5933.51
-6013.50 -5933.51
-5976.43 -5933.51
-6032.77 -5933.51
-5907.90 -5907.90
-6073.70 -5907.90
-5982.46 -5907.90
-5811.72 -5811.72
-5923.31 -5811.72
-5829.77 -5811.72
-5670.09 -5670.09
-5590.78 -5590.78
-5645.37 -5590.78
-5603.40 -5590.78
-5529.11 -5529.11
-5689.56 -5529.11
-5469.07 -5469.07
-5446.13 -5446.13
-5390.59 -5390.59
-5394.41 -5390.59
-5460.76 -5390.59
-5367.53 -5367.53
-5566.42 -5367.53
-5476.29 -5367.53
-5488.26 -5367.53
-5329.87 -5329.87
-5155.32 -5155.32
-5219.64 -5155.32
-5059.44 -5059.44
-5442.04 -5059.44
-5166.38 -5059.44
-5073.13 -5059.44
-5230.36 -5059.44
-4823.59 -4823.59
-4991.73 -4823.59
-4592.21 -4592.21
-4642.55 -4592.21
-4463.34 -4463.34
-4618.82 -4463.34
-4284.08 -4284.08
-4527.08 -4284.08
-4373.95 -4284.08
-4278.90 -4278.90
-3523.41 -3523.41
-3692.27 -3523.41
-3436.85 -3436.85
-3563.06 -3436.85
-3163.84 -3163.84
-3531.14 -3163.84
-3042.46 -3042.46
-2860.17 -2860.17
-2391.87 -2391.87
-2623.86 -2391.87
-2183.09 -2183.09
-2517.23 -2183.09
-2018.90 -2018.90
-2090.54 -2018.90
-2113.98 -2018.90
-2025.71 -2018.90
-1996.87 -1996.87
-2110.17 -1996.87
-2072.60 -1996.87
-2025.09 -1996.87
-2190.36 -1996.87
-2296.21 -1996.87
-2476.41 -1996.87
-2050.10 -1996.87
-2060.92 -1996.87
-2070.90 -1996.87
-2511.30 -1996.87
-2130.50 -1996.87
-2126.99 -1996.87
-2129.89 -1996.87
-2172.23 -1996.87
-2382.76 -1996.87
-2707.95 -1996.87
-2055.72 -1996.87
-2493.01 -1996.87
-2522.39 -1996.87
-2394.43 -1996.87
-2257.24 -1996.87
-3275.30 -1996.87
-2157.39 -1996.87
-2278.29 -1996.87
-2349.57 -1996.87
-2112.49 -1996.87
-2565.83 -1996.87
-2296.00 -1996.87
-2045.16 -1996.87
-2115.56 -1996.87
-2333.97 -1996.87
-2516.57 -1996.87
-2035.60 -1996.87
-2758.14 -1996.87
-2375.40 -1996.87
-2673.58 -1996.87
-2252.04 -1996.87
-2686.28 -1996.87
-2126.44 -1996.87
-2069.71 -1996.87
-2374.91 -1996.87
-2112.34 -1996.87
-2056.68 -1996.87
-2712.25 -1996.87
-2065.51 -1996.87
-2515.43 -1996.87
-2168.09 -1996.87
-2007.26 -1996.87
-2258.89 -1996.87
-2034.17 -1996.87
-2838.37 -1996.87
-2027.52 -1996.87
-2129.82 -1996.87
-2204.84 -1996.87
-2018.20 -1996.87
-2029.82 -1996.87
-2046.52 -1996.87
-2169.86 -1996.87
-3157.25 -1996.87
-2564.51 -1996.87
-2394.80 -1996.87
-2815.42 -1996.87
-2071.67 -1996.87
-2387.55 -1996.87
-2027.09 -1996.87
-2004.93 -1996.87
-2370.80 -1996.87
-2106.47 -1996.87
-2658.70 -1996.87
-2040.81 -1996.87
-2073.07 -1996.87
-3267.46 -1996.87
-2469.24 -1996.87
-2027.97 -1996.87
-2024.23 -1996.87
-2500.73 -1996.87
-2428.27 -1996.87
-2491.79 -1996.87
-2691.59 -1996.87
-2045.33 -1996.87
-2121.79 -1996.87
-2020.55 -1996.87
-2018.65 -1996.87
-2290.66 -1996.87
-2372.74 -1996.87
-2203.91 -1996.87
-2414.11 -1996.87
-2029.41 -1996.87
-2527.14 -1996.87
-2017.20 -1996.87
-2690.55 -1996.87
-2034.75 -1996.87
-2535.17 -1996.87
-3189.67 -1996.87
-2206.41 -1996.87
-2424.73 -1996.87
-2794.09 -1996.87
-2843.43 -1996.87
-2824.15 -1996.87
-2198.63 -1996.87
-2133.97 -1996.87
-2019.22 -1996.87
-2028.27 -1996.87
-2640.29 -1996.87
-2278.47 -1996.87
-2376.54 -1996.87
-2040.28 -1996.87
-2180.95 -1996.87
-2518.09 -1996.87
-2025.38 -1996.87
-2194.37 -1996.87
-2026.40 -1996.87
-2196.20 -1996.87
-2013.97 -1996.87
-1993.60 -1993.60
-2868.61 -1993.60
-2138.99 -1993.60
-2158.26 -1993.60
-2167.12 -1993.60
-2185.83 -1993.60
-2153.44 -1993.60
-2242.58 -1993.60
-2108.78 -1993.60
-2061.81 -1993.60
-2121.42 -1993.60
-2016.17 -1993.60
-2279.58 -1993.60
-2300.03 -1993.60
-2324.10 -1993.60
-2173.65 -1993.60
-3299.19 -1993.60
-2148.76 -1993.60
-2409.83 -1993.60
-2334.87 -1993.60
-2222.77 -1993.60
-2173.86 -1993.60
-2707.22 -1993.60
-2652.28 -1993.60
-2363.18 -1993.60
-2834.46 -1993.60
-1993.76 -1993.76
-2507.01 -1993.76
-2025.49 -1993.76
-2349.51 -1993.76
-2072.64 -1993.76
-2057.06 -1993.76
-2716.26 -1993.76
-2375.16 -1993.76
-2342.48 -1993.76
-2148.33 -1993.76
-2226.90 -1993.76
-2366.02 -1993.76
-2869.40 -1993.76
-1993.57 -1993.57
-2698.71 -1993.57
-2032.13 -1993.57
-2433.95 -1993.57
-1994.10 -1994.10
-3315.75 -1994.10
-2274.84 -1994.10
-2204.11 -1994.10
-2016.18 -1994.10
-2282.66 -1994.10
-2198.66 -1994.10
-2158.41 -1994.10
-2052.22 -1994.10
-2204.39 -1994.10
-2206.50 -1994.10
-2193.78 -1994.10
-2055.69 -1994.10
-2925.70 -1994.10
-2195.11 -1994.10
-2396.85 -1994.10
-2623.95 -1994.10
-2260.46 -1994.10
-2635.59 -1994.10
-2204.11 -1994.10
-2282.20 -1994.10
-2051.64 -1994.10
-2007.83 -1994.10
-2056.02 -1994.10
-2927.75 -1994.10
-2379.36 -1994.10
-2377.16 -1994.10
-2114.75 -1994.10
-2054.54 -1994.10
-2536.25 -1994.10
-2820.03 -1994.10
-2007.65 -1994.10
-2124.70 -1994.10
-2501.80 -1994.10
-1993.23 -1993.23
-2162.80 -1993.23
-2205.59 -1993.23
-2884.96 -1993.23
-2657.12 -1993.23
-2292.62 -1993.23
-2281.25 -1993.23
-2536.49 -1993.23
-2503.84 -1993.23
-2843.42 -1993.23
-2030.81 -1993.23
-2279.83 -1993.23
-2036.88 -1993.23
-2638.60 -1993.23
-3227.53 -1993.23
-2494.59 -1993.23
-3090.35 -1993.23
-2194.21 -1993.23
-2036.60 -1993.23
-2036.03 -1993.23
-2108.16 -1993.23
-2021.74 -1993.23
-2243.56 -1993.23
-2410.72 -1993.23
-2391.54 -1993.23
-2015.06 -1993.23
-2653.22 -1993.23
-2583.92 -1993.23
-2661.79 -1993.23
-2206.49 -1993.23
-2411.34 -1993.23
-2743.90 -1993.23
-2112.71 -1993.23
-2256.75 -1993.23
-2542.61 -1993.23
-2379.93 -1993.23
-2513.80 -1993.23
-2576.51 -1993.23
-2256.08 -1993.23
-2200.39 -1993.23
-2551.64 -1993.23
-2254.34 -1993.23
-2525.95 -1993.23
-2024.93 -1993.23
-2379.21 -1993.23
-2527.43 -1993.23
-2042.17 -1993.23
-2938.52 -1993.23
-2026.55 -1993.23
-2396.85 -1993.23
-2390.24 -1993.23
-2180.35 -1993.23
-2401.04 -1993.23
-2104.83 -1993.23
-2300.06 -1993.23
-2258.09 -1993.23
-2382.82 -1993.23
-2257.01 -1993.23
-2508.20 -1993.23
-2056.63 -1993.23
-3199.56 -1993.23
-2638.43 -1993.23
-2492.25 -1993.23
-2627.13 -1993.23
-2112.78 -1993.23
-2103.62 -1993.23
-2038.02 -1993.23
-2110.60 -1993.23
-2114.13 -1993.23
-2022.71 -1993.23
-2024.16 -1993.23
-2294.73 -1993.23
-3363.71 -1993.23
-2296.60 -1993.23
-2915.76 -1993.23
-2036.77 -1993.23
-2425.56 -1993.23
-2379.11 -1993.23
-2383.83 -1993.23
-2795.26 -1993.23
-2030.29 -1993.23
-2112.72 -1993.23
-2662.40 -1993.23
-2781.34 -1993.23
-2415.03 -1993.23
-2914.96 -1993.23
-3180.55 -1993.23
-2220.74 -1993.23
-2785.97 -1993.23
-2024.45 -1993.23
-2073.85 -1993.23
-1997.40 -1993.23
-2057.37 -1993.23
-2519.24 -1993.23
-2016.58 -1993.23
-2391.64 -1993.23
-2338.68 -1993.23
-2390.88 -1993.23
-2131.06 -1993.23
-2390.05 -1993.23
-2873.84 -1993.23
-2544.17 -1993.23
-3061.04 -1993.23
-3030.09 -1993.23
-1996.08 -1993.23
-3174.46 -1993.23
-2202.49 -1993.23
-2007.92 -1993.23
-2701.38 -1993.23
-2367.44 -1993.23
-2153.26 -1993.23
-2253.74 -1993.23
-2527.26 -1993.23
-2024.73 -1993.23
-3027.28 -1993.23
-2410.76 -1993.23
-2122.26 -1993.23
-2056.06 -1993.23
-2517.08 -1993.23
-2286.84 -1993.23
-2403.47 -1993.23
-2428.77 -1993.23
-2310.77 -1993.23
-2400.44 -1993.23
-2627.87 -1993.23
-2297.88 -1993.23
-2275.31 -1993.23
-2776.19 -1993.23
-1994.08 -1993.23
-2482.56 -1993.23
-2659.43 -1993.23
-2049.42 -1993.23
-2505.20 -1993.23
-2672.04 -1993.23
-2881.43 -1993.23
-2019.96 -1993.23
-2024.83 -1993.23
-2504.92 -1993.23
-2565.93 -1993.23
-2526.85 -1993.23
-2279.18 -1993.23
-2367.96 -1993.23
-3188.71 -1993.23
-1996.96 -1993.23
-2115.86 -1993.23
-2105.82 -1993.23
-2398.97 -1993.23
-2311.26 -1993.23
-2020.83 -1993.23
-6306.72 -6306.72
-6417.87 -6306.72
-6202.98 -6202.98
-6226.71 -6202.98
-6194.77 -6194.77
-6231.70 -6194.77
-6286.32 -6194.77
-6186.32 -6186.32
-6219.26 -6186.32
-6126.46 -6126.46
-6119.59 -6119.59
-6200.78 -6119.59
-6166.61 -6119.59
-6176.32 -6119.59
-6046.78 -6046.78
-5980.34 -5980.34
-5854.89 -5854.89
-5907.35 -5854.89
-6001.39 -5854.89
-5863.10 -5854.89
-5750.86 -5750.86
-5746.57 -5746.57
-5731.02 -5731.02
-5630.28 -5630.28
-5827.97 -5630.28
-5504.38 -5504.38
-5274.67 -5274.67
-5247.65 -5247.65
-5303.46 -5247.65
-5253.79 -5247.65
-5362.84 -5247.65
-5151.23 -5151.23
-4726.06 -4726.06
-4398.94 -4398.94
-4263.58 -4263.58
-4583.32 -4263.58
-4413.13 -4263.58
-4403.21 -4263.58
-4601.27 -4263.58
-4260.21 -4260.21
-4287.33 -4260.21
-4049.10 -4049.10
-3878.91 -3878.91
-3529.82 -3529.82
-3624.92 -3529.82
-3431.23 -3431.23
-3175.36 -3175.36
-3312.28 -3175.36
-2518.07 -2518.07
-2793.65 -2518.07
-2385.84 -2385.84
-2824.67 -2385.84
-2975.25 -2385.84
-2577.66 -2385.84
-2576.63 -2385.84
-2487.83 -2385.84
-2282.06 -2282.06
-2025.81 -2025.81
-2244.24 -2025.81
-2004.01 -2004.01
-2113.02 -2004.01
-2070.19 -2004.01
-2255.81 -2004.01
-2482.92 -2004.01
-2656.07 -2004.01
-2110.21 -2004.01
-2279.95 -2004.01
-2661.75 -2004.01
-3162.44 -2004.01
-2016.55 -2004.01
-2361.63 -2004.01
-2038.70 -2004.01
-2552.05 -2004.01
-2649.06 -2004.01
-2348.88 -2004.01
-2341.34 -2004.01
-2406.44 -2004.01
-2106.73 -2004.01
-2539.69 -2004.01
-2386.40 -2004.01
-2047.80 -2004.01
-2260.92 -2004.01
-2521.06 -2004.01
-2112.24 -2004.01
-2349.37 -2004.01
-2396.97 -2004.01
-3071.59 -2004.01
-2314.56 -2004.01
-2223.05 -2004.01
-2551.07 -2004.01
-2289.80 -2004.01
-2702.57 -2004.01
-2766.10 -2004.01
-2640.74 -2004.01
-2021.80 -2004.01
-2412.87 -2004.01
-2485.51 -2004.01
-2482.77 -2004.01
-2241.47 -2004.01
-2507.90 -2004.01
-2123.94 -2004.01
-2138.93 -2004.01
-2111.60 -2004.01
-2126.24 -2004.01
-3189.16 -2004.01
-2253.28 -2004.01
-2278.53 -2004.01
-2342.01 -2004.01
-2396.68 -2004.01
-2407.26 -2004.01
-2675.79 -2004.01
-2498.01 -2004.01
-2155.64 -2004.01
-2290.48 -2004.01
-2229.90 -2004.01
-2562.40 -2004.01
-2700.57 -2004.01
-2367.31 -2004.01
-2351.60 -2004.01
-2705.07 -2004.01
-2484.84 -2004.01
-2273.33 -2004.01
-2151.24 -2004.01
-2051.12 -2004.01
-2343.02 -2004.01
-2394.83 -2004.01
-2044.61 -2004.01
-1993.80 -1993.80
-2390.51 -1993.80
-2109.16 -1993.80
-2499.15 -1993.80
-2025.57 -1993.80
-2179.89 -1993.80
-2392.57 -1993.80
-2282.09 -1993.80
-2329.14 -1993.80
-2025.78 -1993.80
-2060.33 -1993.80
-2399.86 -1993.80
-2149.86 -1993.80
-2293.59 -1993.80
-3395.74 -1993.80
-2834.57 -1993.80
-2831.13 -1993.80
-2026.11 -1993.80
-2262.81 -1993.80
-2022.48 -1993.80
-2531.42 -1993.80
-2725.90 -1993.80
-2190.63 -1993.80
-2572.62 -1993.80
-2074.40 -1993.80
-2991.34 -1993.80
-2244.00 -1993.80
-2126.16 -1993.80
-2141.96 -1993.80
-1996.88 -1993.80
-2276.36 -1993.80
-2423.18 -1993.80
-2548.26 -1993.80
-2758.10 -1993.80
-2536.84 -1993.80
-2545.75 -1993.80
-2538.65 -1993.80
-2291.21 -1993.80
-2557.96 -1993.80
-2021.77 -1993.80
-1994.46 -1994.46
-2151.71 -1994.46
-2639.43 -1994.46
-2432.44 -1994.46
-2023.09 -1994.46
-2678.05 -1994.46
-2536.81 -1994.46
-2182.97 -1994.46
-2522.53 -1994.46
-2125.13 -1994.46
-1993.51 -1993.51
-2785.22 -1993.51
-2377.69 -1993.51
-2121.76 -1993.51
-2056.13 -1993.51
-2255.29 -1993.51
-2261.24 -1993.51
-2337.18 -1993.51
-2026.83 -1993.51
-2692.09 -1993.51
-2289.86 -1993.51
-2055.68 -1993.51
-2382.59 -1993.51
-2141.42 -1993.51
-2104.37 -1993.51
-2010.70 -1993.51
-2297.19 -1993.51
-2259.75 -1993.51
-2004.84 -1993.51
-2199.05 -1993.51
-2012.22 -1993.51
-2434.58 -1993.51
-2349.38 -1993.51
-2026.95 -1993.51
-2381.46 -1993.51
-1993.60 -1993.51
-1993.49 -1993.49
-2973.84 -1993.49
-2293.63 -1993.49
-2121.51 -1993.49
-2835.79 -1993.49
-2054.93 -1993.49
-1994.13 -1993.49
-2255.64 -1993.49
-2021.94 -1993.49
-2292.90 -1993.49
-2390.67 -1993.49
-2127.47 -1993.49
-2090.86 -1993.49
-2280.55 -1993.49
-2257.47 -1993.49
-1994.09 -1994.09
-2201.12 -1994.09
-2517.08 -1994.09
-1997.26 -1994.09
-2815.82 -1994.09
-2036.05 -1994.09
-2141.80 -1994.09
-2286.85 -1994.09
-2770.99 -1994.09
-2394.41 -1994.09
-2545.17 -1994.09
-2043.65 -1994.09
-1997.24 -1994.09
-2514.46 -1994.09
-2517.62 -1994.09
-2212.62 -1994.09
-2126.14 -1994.09
-2494.97 -1994.09
-2489.38 -1994.09
-3164.71 -1994.09
-2059.46 -1994.09
-2075.62 -1994.09
-2027.72 -1994.09
-2123.39 -1994.09
-2415.46 -1994.09
-2373.85 -1994.09
-2203.62 -1994.09
-3020.69 -1994.09
-2011.36 -1994.09
-2021.72 -1994.09
-2360.04 -1994.09
-2220.65 -1994.09
-2518.40 -1994.09
-2399.14 -1994.09
-2028.02 -1994.09
-2509.80 -1994.09
-2125.91 -1994.09
-2047.89 -1994.09
-2036.57 -1994.09
-3156.22 -1994.09
-2388.32 -1994.09
-2378.12 -1994.09
-2507.14 -1994.09
-2162.47 -1994.09
-2074.64 -1994.09
-2535.19 -1994.09
-2669.93 -1994.09
-2683.98 -1994.09
-2167.22 -1994.09
-2672.58 -1994.09
-2371.12 -1994.09
-2524.09 -1994.09
-2226.82 -1994.09
-2511.19 -1994.09
-2378.30 -1994.09
-2022.37 -1994.09
-2163.73 -1994.09
-2625.04 -1994.09
-2324.12 -1994.09
-2134.21 -1994.09
-2648.31 -1994.09
-2063.70 -1994.09
-2026.82 -1994.09
-2194.38 -1994.09
-2624.04 -1994.09
-2286.77 -1994.09
-2367.87 -1994.09
-2060.47 -1994.09
-2021.31 -1994.09
-2018.35 -1994.09
-2305.30 -1994.09
-2137.33 -1994.09
-2055.78 -1994.09
-2261.48 -1994.09
-2635.25 -1994.09
-2300.03 -1994.09
-1993.81 -1993.81
-2537.93 -1993.81
-2056.28 -1993.81
-2007.72 -1993.81
-2886.27 -1993.81
-2720.08 -1993.81
-2636.55 -1993.81
-2394.43 -1993.81
-2021.88 -1993.81
-2924.11 -1993.81
-2374.51 -1993.81
-2196.54 -1993.81
-2021.36 -1993.81
-2832.52 -1993.81
-2244.56 -1993.81
-2125.93 -1993.81
-2204.42 -1993.81
-2124.26 -1993.81
-2222.63 -1993.81
-2928.31 -1993.81
-2278.97 -1993.81
-2352.09 -1993.81
-2021.47 -1993.81
-2107.62 -1993.81
-2389.98 -1993.81
-2194.64 -1993.81
-2393.87 -1993.81
-3128.09 -1993.81
-2066.25 -1993.81
-2116.37 -1993.81
-2254.45 -1993.81
-2117.15 -1993.81
-2502.60 -1993.81
-2352.32 -1993.81
-2027.20 -1993.81
-2494.10 -1993.81
-2034.73 -1993.81
-2108.25 -1993.81
-2308.11 -1993.81
-3402.16 -1993.81
-2325.99 -1993.81
-2375.06 -1993.81
-2107.82 -1993.81
-2206.79 -1993.81
-2430.70 -1993.81
-2022.04 -1993.81
-2027.78 -1993.81
-2230.47 -1993.81
-2708.44 -1993.81
-2071.21 -1993.81
-2310.89 -1993.81
-2397.45 -1993.81
-2562.86 -1993.81
-2021.94 -1993.81
-2370.68 -1993.81
-2801.82 -1993.81
-2370.77 -1993.81
-2117.97 -1993.81
-2119.59 -1993.81
-2044.83 -1993.81
-2004.86 -1993.81
-2913.18 -1993.81
-2190.25 -1993.81
-2808.53 -1993.81
-2720.63 -1993.81
-2381.88 -1993.81
-2759.60 -1993.81
-2346.45 -1993.81
-2682.51 -1993.81
-2483.13 -1993.81
-2694.32 -1993.81
-2978.29 -1993.81
-2576.74 -1993.81
-2199.32 -1993.81
-2498.60 -1993.81
-2152.90 -1993.81
-2362.94 -1993.81
-2009.79 -1993.81
-2697.43 -1993.81
-2123.57 -1993.81
-2163.64 -1993.81
-2106.93 -1993.81
-2253.87 -1993.81
-3384.61 -1993.81
-2229.85 -1993.81
-2375.41 -1993.81
-2520.09 -1993.81
-2872.41 -1993.81
-2531.81 -1993.81
-2069.89 -1993.81
-2369.45 -1993.81
-2548.82 -1993.81
-2363.56 -1993.81
-2014.56 -1993.81
-2278.69 -1993.81
-3080.86 -1993.81
-2125.86 -1993.81
-2025.74 -1993.81
-2614.79 -1993.81
-2394.90 -1993.81
-2204.55 -1993.81
-2033.98 -1993.81
-2535.30 -1993.81
-2518.42 -1993.81
-2336.70 -1993.81
-2015.62 -1993.81
-2019.70 -1993.81
-2154.89 -1993.81
-2376.12 -1993.81
-2341.29 -1993.81
-3489.17 -1993.81
-2075.10 -1993.81
-2095.75 -1993.81
-2126.62 -1993.81
-2356.50 -1993.81
-2033.41 -1993.81
-2578.50 -1993.81
-2964.56 -1993.81
-2118.43 -1993.81
-2024.45 -1993.81
-2030.47 -1993.81
-2650.45 -1993.81
-6240.02 -6240.02
-6231.75 -6231.75
-6296.01 -6231.75
-6164.37 -6164.37
-6219.30 -6164.37
-6196.56 -6164.37
-6141.56 -6141.56
-6233.83 -6141.56
-6207.04 -6141.56
-6251.30 -6141.56
-6008.63 -6008.63
-6164.61 -6008.63
-6076.34 -6008.63
-6079.20 -6008.63
-6058.63 -6008.63
-5936.86 -5936.86
-5686.57 -5686.57
-5566.80 -5566.80
-5719.28 -5566.80
-5633.63 -5566.80
-5518.58 -5518.58
-5406.43 -5406.43
-5291.97 -5291.97
-5297.47 -5291.97
-5214.97 -5214.97
-5025.48 -5025.48
-4906.14 -4906.14
-5015.08 -4906.14
-5189.38 -4906.14
-4926.75 -4906.14
-4964.87 -4906.14
-4965.20 -4906.14
-4624.69 -4624.69
-4820.26 -4624.69
-4767.19 -4624.69
-4331.71 -4331.71
-4200.40 -4200.40
-4197.63 -4197.63
-4552.58 -4197.63
-4388.68 -4197.63
-4404.47 -4197.63
-3705.63 -3705.63
-4012.77 -3705.63
-4459.99 -3705.63
-3780.40 -3705.63
-3934.82 -3705.63
-3783.63 -3705.63
-3335.09 -3335.09
-3673.27 -3335.09
-2520.37 -2520.37
-2492.90 -2492.90
-3560.43 -2492.90
-1994.55 -1994.55
-2045.56 -1994.55
-2311.01 -1994.55
-2026.70 -1994.55
-2039.96 -1994.55
-2794.65 -1994.55
-2198.01 -1994.55
-2036.76 -1994.55
-2038.94 -1994.55
-1995.69 -1995.69
-2025.57 -1995.69
-2163.64 -1995.69
-2141.16 -1995.69
-2400.58 -1995.69
-2204.74 -1995.69
-2072.28 -1995.69
-2190.30 -1995.69
-2035.97 -1995.69
-2523.80 -1995.69
-2108.36 -1995.69
-2256.60 -1995.69
-2271.44 -1995.69
-2704.36 -1995.69
-2493.00 -1995.69
-2254.33 -1995.69
-2154.27 -1995.69
-3529.84 -1995.69
-2039.80 -1995.69
-2656.99 -1995.69
-2364.32 -1995.69
-2036.12 -1995.69
-2115.22 -1995.69
-2559.55 -1995.69
-2368.81 -1995.69
-2146.12 -1995.69
-2367.61 -1995.69
-2374.43 -1995.69
-2016.54 -1995.69
-2371.91 -1995.69
-2371.76 -1995.69
-2916.32 -1995.69
-2835.89 -1995.69
-2585.10 -1995.69
-2223.59 -1995.69
-2007.80 -1995.69
-2730.11 -1995.69
-2368.99 -1995.69
-2500.10 -1995.69
-2489.94 -1995.69
-2038.03 -1995.69
-2034.83 -1995.69
-3107.32 -1995.69
-2710.64 -1995.69
-2153.60 -1995.69
-2043.52 -1995.69
-2037.49 -1995.69
-2332.75 -1995.69
-2386.35 -1995.69
-2427.57 -1995.69
-2403.82 -1995.69
-2129.88 -1995.69
-2049.37 -1995.69
-2432.96 -1995.69
-2311.03 -1995.69
-2029.48 -1995.69
-2149.31 -1995.69
-2037.54 -1995.69
-2497.48 -1995.69
-2060.47 -1995.69
-2196.46 -1995.69
-3031.96 -1995.69
-3145.15 -1995.69
-2057.60 -1995.69
-2024.70 -1995.69
-3070.58 -1995.69
-2120.83 -1995.69
-1993.22 -1993.22
-2734.61 -1993.22
-3028.55 -1993.22
-2337.35 -1993.22
-2242.43 -1993.22
-2023.02 -1993.22
-2057.55 -1993.22
-2332.84 -1993.22
-2717.10 -1993.22
-2391.76 -1993.22
-2375.29 -1993.22
-2298.67 -1993.22
-2052.94 -1993.22
-2122.67 -1993.22
-2007.65 -1993.22
-2174.50 -1993.22
-2694.00 -1993.22
-2498.59 -1993.22
-2264.34 -1993.22
-2040.97 -1993.22
-2199.31 -1993.22
-2045.52 -1993.22
-2990.20 -1993.22
-2038.24 -1993.22
-2069.76 -1993.22
-2641.35 -1993.22
-2467.82 -1993.22
-2642.75 -1993.22
-2397.34 -1993.22
-2301.49 -1993.22
-2765.06 -1993.22
-2029.70 -1993.22
-2577.94 -1993.22
-2123.68 -1993.22
-2193.54 -1993.22
-3222.63 -1993.22
-2105.32 -1993.22
-2386.27 -1993.22
-2306.72 -1993.22
-2126.23 -1993.22
-2693.44 -1993.22
-2026.87 -1993.22
-2057.46 -1993.22
-2397.16 -1993.22
-2732.68 -1993.22
-2015.83 -1993.22
-2335.89 -1993.22
-2282.75 -1993.22
-2025.86 -1993.22
-2547.21 -1993.22
-2425.46 -1993.22
-2028.26 -1993.22
-1993.69 -1993.69
-2253.66 -1993.69
-1993.49 -1993.49
-2820.51 -1993.49
-2056.59 -1993.49
-2522.97 -1993.49
-2021.92 -1993.49
-2069.18 -1993.49
-1996.13 -1993.49
-2198.15 -1993.49
-2294.47 -1993.49
-2370.64 -1993.49
-2802.10 -1993.49
-2697.92 -1993.49
-1994.00 -1993.49
-2108.59 -1993.49
-2580.50 -1993.49
-2743.96 -1993.49
-2191.33 -1993.49
-2552.81 -1993.49
-3095.71 -1993.49
-2397.13 -1993.49
-2148.48 -1993.49
-2912.50 -1993.49
-2103.76 -1993.49
-2330.20 -1993.49
-3063.65 -1993.49
-2125.01 -1993.49
-2725.73 -1993.49
-2511.27 -1993.49
-2727.61 -1993.49
-2192.11 -1993.49
-2034.34 -1993.49
-1993.66 -1993.66
-2493.21 -1993.66
-2694.33 -1993.66
-2055.95 -1993.66
-2852.96 -1993.66
-2787.08 -1993.66
-2536.48 -1993.66
-2124.83 -1993.66
-2063.27 -1993.66
-1993.59 -1993.59
-2061.64 -1993.59
-2266.85 -1993.59
-2400.07 -1993.59
-1993.72 -1993.72
-2241.37 -1993.72
-2360.19 -1993.72
-2166.78 -1993.72
-2327.20 -1993.72
-2225.12 -1993.72
-2058.13 -1993.72
-2021.78 -1993.72
-2151.96 -1993.72
-2383.26 -1993.72
-2154.00 -1993.72
-2651.86 -1993.72
-2149.34 -1993.72
-2371.29 -1993.72
-2566.49 -1993.72
-2375.56 -1993.72
-2017.85 -1993.72
-2582.81 -1993.72
-2161.38 -1993.72
-2033.37 -1993.72
-2372.60 -1993.72
-2829.09 -1993.72
-2267.98 -1993.72
-1995.47 -1993.72
-1993.84 -1993.84
-2033.30 -1993.84
-2498.90 -1993.84
-2036.07 -1993.84
-2531.95 -1993.84
-2107.82 -1993.84
-2034.81 -1993.84
-2517.47 -1993.84
-2058.69 -1993.84
-2378.49 -1993.84
-2642.30 -1993.84
-2480.47 -1993.84
-2389.66 -1993.84
-2429.58 -1993.84
-2115.63 -1993.84
-2120.08 -1993.84
-2032.82 -1993.84
-2011.37 -1993.84
-2432.20 -1993.84
-2033.70 -1993.84
-2042.16 -1993.84
-2953.29 -1993.84
-2374.64 -1993.84
-2025.03 -1993.84
-2125.00 -1993.84
-2198.55 -1993.84
-3466.67 -1993.84
-2202.84 -1993.84
-1994.01 -1993.84
-2677.80 -1993.84
-2286.76 -1993.84
-2166.14 -1993.84
-2139.19 -1993.84
-2572.01 -1993.84
-2028.24 -1993.84
-2262.13 -1993.84
-2038.08 -1993.84
-2163.76 -1993.84
-2127.63 -1993.84
-2288.15 -1993.84
-3110.59 -1993.84
-2922.84 -1993.84
-2385.70 -1993.84
-2252.23 -1993.84
-2125.03 -1993.84
-2075.63 -1993.84
-2257.45 -1993.84
-2030.12 -1993.84
-2377.31 -1993.84
-3019.58 -1993.84
-2419.85 -1993.84
-2135.73 -1993.84
-1995.33 -1993.84
-2019.96 -1993.84
-2039.03 -1993.84
-2517.22 -1993.84
-2585.22 -1993.84
-2126.78 -1993.84
-2382.79 -1993.84
-2128.60 -1993.84
-2502.26 -1993.84
-2495.20 -1993.84
-2038.17 -1993.84
-2391.88 -1993.84
-2400.03 -1993.84
-2492.04 -1993.84
-2043.66 -1993.84
-2864.73 -1993.84
-2629.98 -1993.84
-2365.10 -1993.84
-2194.03 -1993.84
-2023.03 -1993.84
-2110.11 -1993.84
-2392.28 -1993.84
-2298.45 -1993.84
-2659.59 -1993.84
-2667.87 -1993.84
-2033.56 -1993.84
-2340.14 -1993.84
-2078.33 -1993.84
-2253.38 -1993.84
-2035.44 -1993.84
-2278.82 -1993.84
-2129.06 -1993.84
-2350.64 -1993.84
-2801.20 -1993.84
-2154.78 -1993.84
-2470.47 -1993.84
-2300.93 -1993.84
-3336.20 -1993.84
-2776.37 -1993.84
-2960.88 -1993.84
-2509.92 -1993.84
-2717.14 -1993.84
-1993.62 -1993.62
-2296.09 -1993.62
-2259.98 -1993.62
-2036.69 -1993.62
-2111.53 -1993.62
-2427.00 -1993.62
-2330.81 -1993.62
-2061.34 -1993.62
-2695.85 -1993.62
-2027.47 -1993.62
-2147.27 -1993.62
-2025.31 -1993.62
-3031.86 -1993.62
-2025.85 -1993.62
-2132.21 -1993.62
-2062.55 -1993.62
-2845.03 -1993.62
-2642.77 -1993.62
-2265.48 -1993.62
-3174.82 -1993.62
-2391.09 -1993.62
-2375.78 -1993.62
-2511.72 -1993.62
-2514.35 -1993.62
-2365.36 -1993.62
-1998.60 -1993.62
-2376.79 -1993.62
-2556.96 -1993.62
-2578.21 -1993.62
-2021.03 -1993.62
-2348.66 -1993.62
-2222.93 -1993.62
-2058.88 -1993.62
-2379.63 -1993.62
-2493.67 -1993.62
-2509.75 -1993.62
-2151.43 -1993.62
-2165.30 -1993.62
-2511.08 -1993.62
-2052.96 -1993.62
-2405.90 -1993.62
-2280.13 -1993.62
-2655.08 -1993.62
-2299.80 -1993.62
-1993.85 -1993.85
-2261.41 -1993.85
-2041.28 -1993.85
-2492.05 -1993.85
-2031.01 -1993.85
-2197.98 -1993.85
-2423.75 -1993.85
-1997.58 -1993.85
-2588.37 -1993.85
-2287.37 -1993.85
-2059.15 -1993.85
-2626.38 -1993.85
-2397.61 -1993.85
-2024.74 -1993.85
-2987.80 -1993.85
-2204.28 -1993.85
-2029.81 -1993.85
-2817.38 -1993.85
-2516.53 -1993.85
-2938.22 -1993.85
-2057.57 -1993.85
-2020.03 -1993.85
-2367.85 -1993.85
-2260.25 -1993.85
-2529.57 -1993.85
-2188.74 -1993.85
-2032.28 -1993.85
-2034.16 -1993.85
-6186.62 -6186.62
-6236.79 -6186.62
-6103.27 -6103.27
-6204.10 -6103.27
-6017.72 -6017.72
-6004.06 -6004.06
-5804.82 -5804.82
-5899.56 -5804.82
-5937.00 -5804.82
-5803.72 -5803.72
-5719.55 -5719.55
-5451.96 -5451.96
-5444.85 -5444.85
-5295.10 -5295.10
-5352.40 -5295.10
-5250.01 -5250.01
-4873.71 -4873.71
-4833.95 -4833.95
-4731.47 -4731.47
-4919.42 -4731.47
-4714.24 -4714.24
-5063.88 -4714.24
-4914.49 -4714.24
-4882.24 -4714.24
-4536.63 -4536.63
-4718.02 -4536.63
-4396.26 -4396.26
-4127.14 -4127.14
-4146.98 -4127.14
-3641.01 -3641.01
-3905.21 -3641.01
-3295.83 -3295.83
-3744.00 -3295.83
-3198.64 -3198.64
-3632.51 -3198.64
-2965.25 -2965.25
-2843.95 -2843.95
-2561.23 -2561.23
-3161.32 -2561.23
-1993.62 -1993.62
-2517.33 -1993.62
-2028.93 -1993.62
-2545.04 -1993.62
-2024.64 -1993.62
-2130.01 -1993.62
-2047.37 -1993.62
-2503.90 -1993.62
-2032.59 -1993.62
-2046.28 -1993.62
-2378.24 -1993.62
-2030.42 -1993.62
-2276.53 -1993.62
-2125.39 -1993.62
-2056.74 -1993.62
-2273.16 -1993.62
-2389.81 -1993.62
-2373.49 -1993.62
-2899.14 -1993.62
-2159.05 -1993.62
-2012.19 -1993.62
-2241.35 -1993.62
-2654.90 -1993.62
-2024.21 -1993.62
-2036.63 -1993.62
-2400.85 -1993.62
-2105.27 -1993.62
-2037.49 -1993.62
-1993.22 -1993.22
-2113.90 -1993.22
-2028.13 -1993.22
-2515.74 -1993.22
-2281.38 -1993.22
-2627.35 -1993.22
-2246.37 -1993.22
-2480.79 -1993.22
-2040.86 -1993.22
-2516.75 -1993.22
-2557.77 -1993.22
-2390.79 -1993.22
-3342.80 -1993.22
-2400.70 -1993.22
-2511.01 -1993.22
-2626.96 -1993.22
-2222.54 -1993.22
-2056.62 -1993.22
-2007.89 -1993.22
-2150.59 -1993.22
-2523.29 -1993.22
-2521.71 -1993.22
-2138.19 -1993.22
-2648.49 -1993.22
-2283.41 -1993.22
-2373.51 -1993.22
-2385.15 -1993.22
-2044.20 -1993.22
-2004.69 -1993.22
-2551.04 -1993.22
-2522.34 -1993.22
-2044.18 -1993.22
-2124.73 -1993.22
-2844.59 -1993.22
-2356.05 -1993.22
-2031.75 -1993.22
-2864.80 -1993.22
-2106.98 -1993.22
-2025.76 -1993.22
-2040.89 -1993.22
-2200.40 -1993.22
-2332.40 -1993.22
-2350.69 -1993.22
-2058.21 -1993.22
-2346.69 -1993.22
-2193.56 -1993.22
-2115.80 -1993.22
-1993.20 -1993.20
-2536.99 -1993.20
-2013.37 -1993.20
-2192.01 -1993.20
-1993.21 -1993.21
-2037.90 -1993.21
-2197.70 -1993.21
-2546.35 -1993.21
-2015.38 -1993.21
-2199.28 -1993.21
-2478.79 -1993.21
-2209.68 -1993.21
-2266.36 -1993.21
-2026.01 -1993.21
-2541.25 -1993.21
-2379.77 -1993.21
-2019.97 -1993.21
-2133.14 -1993.21
-2836.59 -1993.21
-2037.67 -1993.21
-2137.86 -1993.21
-1996.04 -1993.21
-2413.12 -1993.21
-2350.44 -1993.21
-1993.22 -1993.22
-2105.36 -1993.22
-2282.00 -1993.22
-2672.54 -1993.22
-2387.73 -1993.22
-2520.22 -1993.22
-2513.02 -1993.22
-2384.03 -1993.22
-2890.66 -1993.22
-2624.97 -1993.22
-2096.91 -1993.22
-2958.37 -1993.22
-2058.54 -1993.22
-2322.84 -1993.22
-1997.07 -1993.22
-2966.83 -1993.22
-2356.24 -1993.22
-2569.09 -1993.22
-2114.04 -1993.22
-2278.50 -1993.22
-2623.69 -1993.22
-2823.14 -1993.22
-2065.08 -1993.22
-2025.54 -1993.22
-2113.16 -1993.22
-2384.72 -1993.22
-2549.63 -1993.22
-2682.11 -1993.22
-1993.91 -1993.22
-2873.70 -1993.22
-2631.58 -1993.22
-2657.41 -1993.22
-2133.36 -1993.22
-2651.09 -1993.22
-2625.38 -1993.22
-2150.94 -1993.22
-2185.67 -1993.22
-2274.76 -1993.22
-1993.20 -1993.20
-2387.48 -1993.20
-2038.83 -1993.20
-2416.64 -1993.20
-2142.68 -1993.20
-2655.01 -1993.20
-2329.75 -1993.20
-3030.60 -1993.20
-2142.98 -1993.20
-2499.40 -1993.20
-2115.19 -1993.20
-2026.99 -1993.20
-2474.03 -1993.20
-2729.48 -1993.20
-2324.24 -1993.20
-2389.87 -1993.20
-2638.03 -1993.20
-2191.98 -1993.20
-1994.59 -1994.59
-2032.16 -1994.59
-2718.25 -1994.59
-2431.00 -1994.59
-2533.93 -1994.59
-2374.80 -1994.59
-2384.89 -1994.59
-2405.43 -1994.59
-2047.57 -1994.59
-2194.80 -1994.59
-2956.40 -1994.59
-3064.23 -1994.59
-2881.93 -1994.59
-2487.80 -1994.59
-2651.54 -1994.59
-1993.80 -1993.80
-2981.75 -1993.80
-2121.30 -1993.80
-2039.14 -1993.80
-2039.57 -1993.80
-2411.77 -1993.80
-2541.60 -1993.80
-2375.09 -1993.80
-2699.01 -1993.80
-2535.72 -1993.80
-2004.04 -1993.80
-2940.91 -1993.80
-2264.35 -1993.80
-2169.70 -1993.80
-2021.59 -1993.80
-2348.87 -1993.80
-3215.76 -1993.80
-2294.92 -1993.80
-2025.48 -1993.80
-2049.41 -1993.80
-2823.96 -1993.80
-2493.22 -1993.80
-2049.69 -1993.80
-2276.37 -1993.80
-2498.39 -1993.80
-2155.40 -1993.80
-2383.83 -1993.80
-2609.76 -1993.80
-1997.43 -1993.80
-3157.01 -1993.80
-2812.08 -1993.80
-2257.04 -1993.80
-2392.15 -1993.80
-2394.17 -1993.80
-2112.06 -1993.80
-2322.96 -1993.80
-2684.59 -1993.80
-2039.29 -1993.80
-2302.07 -1993.80
-2499.44 -1993.80
-3257.22 -1993.80
-2953.99 -1993.80
-2392.10 -1993.80
-2493.01 -1993.80
-2742.85 -1993.80
-2488.83 -1993.80
-2193.96 -1993.80
-2224.30 -1993.80
-2121.24 -1993.80
-2021.76 -1993.80
-1998.51 -1993.80
-3070.36 -1993.80
-2480.56 -1993.80
-1994.71 -1993.80
-2278.49 -1993.80
-3304.55 -1993.80
-2422.96 -1993.80
-2019.61 -1993.80
-2535.64 -1993.80
-2618.23 -1993.80
-3048.04 -1993.80
-2048.60 -1993.80
-2031.65 -1993.80
-2030.42 -1993.80
-2376.03 -1993.80
-2026.63 -1993.80
-2205.07 -1993.80
-2223.92 -1993.80
-2252.09 -1993.80
-2190.37 -1993.80
-2212.08 -1993.80
-2380.87 -1993.80
-2197.87 -1993.80
-2506.44 -1993.80
-1995.51 -1993.80
-2107.73 -1993.80
-2020.78 -1993.80
-2351.67 -1993.80
-2357.68 -1993.80
-2137.53 -1993.80
-1993.64 -1993.64
-2544.45 -1993.64
-2799.52 -1993.64
-2031.89 -1993.64
-2876.58 -1993.64
-2072.65 -1993.64
-2010.12 -1993.64
-2240.48 -1993.64
-2835.43 -1993.64
-2149.62 -1993.64
-2278.86 -1993.64
-2476.84 -1993.64
-2634.56 -1993.64
-2125.75 -1993.64
-2700.77 -1993.64
-2256.32 -1993.64
-2056.84 -1993.64
-2288.02 -1993.64
-2030.26 -1993.64
-2671.75 -1993.64
-2520.99 -1993.64
-2303.50 -1993.64
-2043.31 -1993.64
-2275.12 -1993.64
-2528.26 -1993.64
-2244.21 -1993.64
-2075.22 -1993.64
-2377.22 -1993.64
-2335.94 -1993.64
-2054.81 -1993.64
-2021.50 -1993.64
-2057.62 -1993.64
-2199.97 -1993.64
-2534.47 -1993.64
-2831.24 -1993.64
-2383.77 -1993.64
-2987.93 -1993.64
-2107.06 -1993.64
-2280.13 -1993.64
-2728.59 -1993.64
-3325.09 -1993.64
-2205.68 -1993.64
-2370.58 -1993.64
-2065.50 -1993.64
-2703.24 -1993.64
-1993.55 -1993.55
-3137.38 -1993.55
-1995.46 -1993.55
-2378.39 -1993.55
-2490.41 -1993.55
-1995.94 -1993.55
-2193.93 -1993.55
-1994.05 -1994.05
-2485.26 -1994.05
-2527.18 -1994.05
-2275.89 -1994.05
-2427.81 -1994.05
-2051.78 -1994.05
-3102.29 -1994.05
-2333.97 -1994.05
-2026.08 -1994.05
-2051.50 -1994.05
-2026.63 -1994.05
-2964.16 -1994.05
-1994.53 -1994.05
-2205.15 -1994.05
-2427.00 -1994.05
-2123.37 -1994.05
-2045.58 -1994.05
-2122.59 -1994.05
-3034.66 -1994.05
-2024.24 -1994.05
-3130.20 -1994.05
-2201.96 -1994.05
-2112.72 -1994.05
-2657.62 -1994.05
-2056.17 -1994.05
-2389.66 -1994.05
-2051.89 -1994.05
-2567.62 -1994.05
-2128.61 -1994.05
-2007.64 -1994.05
-2060.35 -1994.05
-2379.38 -1994.05
-1993.70 -1993.70
-2021.62 -1993.70
-2344.19 -1993.70
-2392.69 -1993.70
-2049.99 -1993.70
-2030.20 -1993.70
-2034.90 -1993.70
-2225.39 -1993.70
-2979.31 -1993.70
-2890.20 -1993.70
-2125.68 -1993.70
-2720.39 -1993.70
-2041.22 -1993.70
-2062.28 -1993.70
-3179.72 -1993.70
-2374.02 -1993.70
-2034.68 -1993.70
-3104.47 -1993.70
-2382.08 -1993.70
-2245.46 -1993.70
-2028.91 -1993.70
-2037.23 -1993.70
-2026.98 -1993.70
-2397.65 -1993.70
-2380.68 -1993.70
-2004.82 -1993.70
-2115.08 -1993.70
-2533.42 -1993.70
-2400.14 -1993.70
-2395.13 -1993.70
-2056.92 -1993.70
-2067.56 -1993.70
-2120.70 -1993.70
-2011.32 -1993.70
-2205.70 -1993.70
-2090.67 -1993.70
-2131.73 -1993.70
-2268.64 -1993.70
-2383.60 -1993.70
-2280.77 -1993.70
-2036.13 -1993.70
-2375.34 -1993.70
-2209.30 -1993.70
-6257.30 -1993.70
-6325.64 -1993.70
-6224.93 -6224.93
-6234.60 -6224.93
-6219.14 -6219.14
-6138.66 -6138.66
-6023.24 -6023.24
-6183.07 -6023.24
-6206.88 -6023.24
-6041.17 -6023.24
-6073.14 -6023.24
-5915.34 -5915.34
-5931.37 -5915.34
-6050.37 -5915.34
-5837.85 -5837.85
-6008.67 -5837.85
-5680.85 -5680.85
-5758.55 -5680.85
-5729.71 -5680.85
-5658.24 -5658.24
-5680.14 -5658.24
-5631.60 -5631.60
-5717.24 -5631.60
-5786.17 -5631.60
-5642.72 -5631.60
-5655.13 -5631.60
-5767.25 -5631.60
-5747.78 -5631.60
-5574.62 -5574.62
-5523.66 -5523.66
-5529.70 -5523.66
-5561.18 -5523.66
-5535.31 -5523.66
-5693.17 -5523.66
-5433.51 -5433.51
-5529.47 -5433.51
-5557.43 -5433.51
-5299.65 -5299.65
-5274.93 -5274.93
-5298.35 -5274.93
-5406.21 -5274.93
-5218.20 -5218.20
-5137.83 -5137.83
-5288.91 -5137.83
-5130.38 -5130.38
-5313.45 -5130.38
-4956.70 -4956.70
-5006.30 -4956.70
-4612.59 -4612.59
-4608.44 -4608.44
-4673.87 -4608.44
-4190.88 -4190.88
-4221.50 -4190.88
-4361.36 -4190.88
-4081.43 -4081.43
-3882.16 -3882.16
-3337.13 -3337.13
-3796.23 -3337.13
-3455.84 -3337.13
-2872.93 -2872.93
-2125.10 -2125.10
-2109.98 -2109.98
-2615.00 -2109.98
-2255.46 -2109.98
-1997.28 -1997.28
-2059.56 -1997.28
-2351.66 -1997.28
-2294.60 -1997.28
-2497.24 -1997.28
-2224.91 -1997.28
-2047.57 -1997.28
-2242.73 -1997.28
-2731.97 -1997.28
-2066.09 -1997.28
-2287.35 -1997.28
-2106.26 -1997.28
-2221.90 -1997.28
-2367.26 -1997.28
-2959.66 -1997.28
-2306.71 -1997.28
-2101.90 -1997.28
-2013.44 -1997.28
-2487.04 -1997.28
-2157.39 -1997.28
-2390.89 -1997.28
-2481.96 -1997.28
-2377.31 -1997.28
-2660.76 -1997.28
-2799.75 -1997.28
-2064.91 -1997.28
-2390.13 -1997.28
-3029.61 -1997.28
-2068.79 -1997.28
-2149.64 -1997.28
-2297.33 -1997.28
-2022.01 -1997.28
-2487.71 -1997.28
-3167.48 -1997.28
-2206.26 -1997.28
-2105.50 -1997.28
-2031.69 -1997.28
-2530.49 -1997.28
-2294.70 -1997.28
-2966.37 -1997.28
-2500.95 -1997.28
-2033.91 -1997.28
-2021.99 -1997.28
-2506.61 -1997.28
-2112.82 -1997.28
-2222.24 -1997.28
-2196.35 -1997.28
-2420.79 -1997.28
-2194.61 -1997.28
-2323.42 -1997.28
-2296.39 -1997.28
-2553.10 -1997.28
-2183.15 -1997.28
-2015.77 -1997.28
-2813.80 -1997.28
-2874.30 -1997.28
-2863.88 -1997.28
-2481.59 -1997.28
-2037.36 -1997.28
-2060.14 -1997.28
-3195.03 -1997.28
-2220.62 -1997.28
-2162.69 -1997.28
-2150.13 -1997.28
-2394.69 -1997.28
-2254.33 -1997.28
-1995.67 -1995.67
-2115.54 -1995.67
-2844.61 -1995.67
-2014.08 -1995.67
-2117.31 -1995.67
-1993.55 -1993.55
-3096.70 -1993.55
-2104.19 -1993.55
-2258.95 -1993.55
-2347.77 -1993.55
-2518.38 -1993.55
-2498.79 -1993.55
-2020.60 -1993.55
-2292.46 -1993.55
-3060.78 -1993.55
-2811.24 -1993.55
-2909.54 -1993.55
-2525.90 -1993.55
-1993.51 -1993.51
-2925.04 -1993.51
-2403.79 -1993.51
-2399.06 -1993.51
-2205.07 -1993.51
-2150.14 -1993.51
-2391.87 -1993.51
-2654.88 -1993.51
-2115.91 -1993.51
-2412.29 -1993.51
-1994.07 -1994.07
-2335.25 -1994.07
-2700.97 -1994.07
-3226.90 -1994.07
-2303.18 -1994.07
-2071.14 -1994.07
-2427.42 -1994.07
-2059.29 -1994.07
-2395.65 -1994.07
-2061.41 -1994.07
-2194.36 -1994.07
-2805.86 -1994.07
-2029.74 -1994.07
-2387.72 -1994.07
-2506.88 -1994.07
-2265.33 -1994.07
-2630.37 -1994.07
-2206.59 -1994.07
-2020.58 -1994.07
-2046.56 -1994.07
-3053.09 -1994.07
-2052.08 -1994.07
-2917.47 -1994.07
-2922.69 -1994.07
-2498.10 -1994.07
-2174.62 -1994.07
-2005.48 -1994.07
-2371.26 -1994.07
-2058.98 -1994.07
-2300.45 -1994.07
-2696.48 -1994.07
-2429.23 -1994.07
-2155.27 -1994.07
-2390.02 -1994.07
-1997.10 -1994.07
-2394.72 -1994.07
-2254.03 -1994.07
-2687.47 -1994.07
-2043.88 -1994.07
-2510.31 -1994.07
-2389.45 -1994.07
-2195.04 -1994.07
-2639.19 -1994.07
-2154.64 -1994.07
-2381.52 -1994.07
-3005.91 -1994.07
-1995.95 -1994.07
-2304.87 -1994.07
-2058.19 -1994.07
-2385.15 -1994.07
-2158.49 -1994.07
-3185.10 -1994.07
-2150.86 -1994.07
-3557.79 -1994.07
-2910.71 -1994.07
-2281.98 -1994.07
-2526.67 -1994.07
-2700.44 -1994.07
-2049.64 -1994.07
-2125.66 -1994.07
-2410.29 -1994.07
-2291.58 -1994.07
-2767.05 -1994.07
-3069.05 -1994.07
-2406.76 -1994.07
-2037.17 -1994.07
-2379.14 -1994.07
-2122.13 -1994.07
-2007.85 -1994.07
-2170.55 -1994.07
-2126.09 -1994.07
-2059.76 -1994.07
-2240.95 -1994.07
-2109.51 -1994.07
-2378.09 -1994.07
-2422.81 -1994.07
-2031.30 -1994.07
-2419.89 -1994.07
-2014.89 -1994.07
-2499.80 -1994.07
-2123.79 -1994.07
-2157.79 -1994.07
-2498.36 -1994.07
-2078.23 -1994.07
-2062.67 -1994.07
-2226.99 -1994.07
-2380.87 -1994.07
-2010.94 -1994.07
-2840.08 -1994.07
-2027.52 -1994.07
-2375.14 -1994.07
-2023.32 -1994.07
-2160.94 -1994.07
-3161.15 -1994.07
-2268.43 -1994.07
-2392.10 -1994.07
-2367.49 -1994.07
-2036.14 -1994.07
-2195.17 -1994.07
-2413.51 -1994.07
-2363.29 -1994.07
-2295.25 -1994.07
-2379.21 -1994.07
-2026.02 -1994.07
-2014.46 -1994.07
-2378.90 -1994.07
-2036.08 -1994.07
-3030.90 -1994.07
-2182.80 -1994.07
-2035.22 -1994.07
-2024.88 -1994.07
-2550.14 -1994.07
-2038.78 -1994.07
-2483.42 -1994.07
-3393.37 -1994.07
-2010.55 -1994.07
-2425.00 -1994.07
-2135.19 -1994.07
-2391.90 -1994.07
-2190.45 -1994.07
-2936.49 -1994.07
-1993.91 -1993.91
-2019.54 -1993.91
-2174.16 -1993.91
-2508.14 -1993.91
-2028.60 -1993.91
-2914.23 -1993.91
-2026.89 -1993.91
-2504.57 -1993.91
-2010.65 -1993.91
-2540.95 -1993.91
-2476.98 -1993.91
-2369.21 -1993.91
-2244.92 -1993.91
-2129.55 -1993.91
-2006.97 -1993.91
-2137.44 -1993.91
-2671.87 -1993.91
-2194.72 -1993.91
-1993.20 -1993.20
-2552.40 -1993.20
-2541.33 -1993.20
-1993.88 -1993.88
-2323.01 -1993.88
-2371.70 -1993.88
-2372.59 -1993.88
-2035.06 -1993.88
-2123.47 -1993.88
-2054.15 -1993.88
-2257.57 -1993.88
-2528.33 -1993.88
-2110.92 -1993.88
-2415.29 -1993.88
-2508.23 -1993.88
-2333.26 -1993.88
-2116.28 -1993.88
-2641.59 -1993.88
-2627.22 -1993.88
-1995.95 -1993.88
-3162.46 -1993.88
-2588.01 -1993.88
-2394.29 -1993.88
-2259.74 -1993.88
-2021.56 -1993.88
-2041.56 -1993.88
-2520.16 -1993.88
-2518.38 -1993.88
-2864.56 -1993.88
-2617.49 -1993.88
-2382.34 -1993.88
-2193.25 -1993.88
-3194.60 -1993.88
-2663.43 -1993.88
-2961.58 -1993.88
-3167.36 -1993.88
-2142.36 -1993.88
-2193.70 -1993.88
-2026.72 -1993.88
-2640.28 -1993.88
-2134.60 -1993.88
-2279.64 -1993.88
-2060.28 -1993.88
-2278.79 -1993.88
-2655.37 -1993.88
-3067.22 -1993.88
-2367.92 -1993.88
-2356.53 -1993.88
-2433.81 -1993.88
-2055.57 -1993.88
-2401.34 -1993.88
-2134.68 -1993.88
-2045.40 -1993.88
-2116.74 -1993.88
-2548.24 -1993.88
-2694.87 -1993.88
-2300.29 -1993.88
-2163.47 -1993.88
-2050.31 -1993.88
-2255.86 -1993.88
-2642.51 -1993.88
-2624.01 -1993.88
-2171.35 -1993.88
-2040.07 -1993.88
-2073.97 -1993.88
-2193.89 -1993.88
-2163.25 -1993.88
-2687.13 -1993.88
-3092.92 -1993.88
-2558.72 -1993.88
-2351.98 -1993.88
-2124.69 -1993.88
-2274.92 -1993.88
-2515.12 -1993.88
-3225.65 -1993.88
-2036.44 -1993.88
-2261.63 -1993.88
-2046.12 -1993.88
-2064.99 -1993.88
-2335.18 -1993.88
-2414.45 -1993.88
-2035.52 -1993.88
-2063.92 -1993.88
-2536.82 -1993.88
-2125.45 -1993.88
-2132.25 -1993.88
-2118.06 -1993.88
-2028.47 -1993.88
-2407.92 -1993.88
-2250.58 -1993.88
-2039.31 -1993.88
-2194.80 -1993.88
-2382.01 -1993.88
-2039.60 -1993.88
-2154.32 -1993.88
-2197.92 -1993.88
-2019.78 -1993.88
-2659.34 -1993.88
-2784.10 -1993.88
-2202.81 -1993.88
-2406.06 -1993.88
-2995.28 -1993.88
-2680.46 -1993.88
-2352.28 -1993.88
-2507.68 -1993.88
-2023.94 -1993.88
-2395.02 -1993.88
-2026.34 -1993.88
-2285.44 -1993.88
-2303.41 -1993.88
-2031.45 -1993.88
-2627.49 -1993.88
-2026.09 -1993.88
-2243.19 -1993.88
-2482.83 -1993.88
-2311.49 -1993.88
-2057.06 -1993.88
-2505.96 -1993.88
-2773.29 -1993.88
-6319.44 -1993.88
-6291.84 -1993.88
-6334.49 -1993.88
-6213.30 -6213.30
-6148.73 -6148.73
-6103.38 -6103.38
-6039.02 -6039.02
-6003.81 -6003.81
-6013.74 -6003.81
-6007.99 -6003.81
-6114.96 -6003.81
-6059.99 -6003.81
-5930.33 -5930.33
-5798.21 -5798.21
-5799.36 -5798.21
-5789.74 -5789.74
-5731.96 -5731.96
-5812.77 -5731.96
-5813.33 -5731.96
-5824.45 -5731.96
-5748.01 -5731.96
-5847.07 -5731.96
-5781.52 -5731.96
-5503.38 -5503.38
-5523.92 -5503.38
-5316.25 -5316.25
-5326.68 -5316.25
-5352.92 -5316.25
-5361.48 -5316.25
-5163.04 -5163.04
-4773.87 -4773.87
-5060.33 -4773.87
-4900.16 -4773.87
-4758.06 -4758.06
-4834.91 -4758.06
-4858.13 -4758.06
-4880.13 -4758.06
-4752.89 -4752.89
-4757.78 -4752.89
-4857.91 -4752.89
-4456.15 -4456.15
-4625.56 -4456.15
-4375.88 -4375.88
-4354.46 -4354.46
-4543.60 -4354.46
-4469.11 -4354.46
-4569.11 -4354.46
-4288.76 -4288.76
-3781.68 -3781.68
-2916.08 -2916.08
-3136.54 -2916.08
-2635.41 -2635.41
-2654.65 -2635.41
-2653.41 -2635.41
-2952.45 -2635.41
-2054.73 -2054.73
-2376.93 -2054.73
-2064.90 -2054.73
-2982.54 -2054.73
-2521.01 -2054.73
-2499.74 -2054.73
-2705.63 -2054.73
-1995.98 -1995.98
-2159.13 -1995.98
-2574.42 -1995.98
-2640.71 -1995.98
-2027.78 -1995.98
-2251.11 -1995.98
-2052.63 -1995.98
-1996.65 -1995.98
-2032.94 -1995.98
-2159.35 -1995.98
-2125.10 -1995.98
-2195.87 -1995.98
-2124.08 -1995.98
-2154.82 -1995.98
-2036.61 -1995.98
-2035.07 -1995.98
-2334.86 -1995.98
-1993.70 -1993.70
-2559.67 -1993.70
-3087.34 -1993.70
-2782.30 -1993.70
-2036.36 -1993.70
-2645.06 -1993.70
-2536.65 -1993.70
-2583.23 -1993.70
-2413.12 -1993.70
-2528.65 -1993.70
-2061.28 -1993.70
-2494.18 -1993.70
-2639.85 -1993.70
-2039.77 -1993.70
-2256.32 -1993.70
-2027.28 -1993.70
-2201.28 -1993.70
-2140.70 -1993.70
-2296.77 -1993.70
-2113.45 -1993.70
-3217.18 -1993.70
-2129.45 -1993.70
-2328.68 -1993.70
-2138.03 -1993.70
-2377.76 -1993.70
-2654.77 -1993.70
-2564.41 -1993.70
-2246.10 -1993.70
-2372.39 -1993.70
-2096.33 -1993.70
-2517.12 -1993.70
-2484.33 -1993.70
-2030.16 -1993.70
-2196.02 -1993.70
-2792.81 -1993.70
-2121.36 -1993.70
-2635.49 -1993.70
-2110.26 -1993.70
-2269.17 -1993.70
-2105.83 -1993.70
-2507.51 -1993.70
-2952.36 -1993.70
-2511.48 -1993.70
-3072.29 -1993.70
-2380.82 -1993.70
-2330.54 -1993.70
-2113.26 -1993.70
-2190.99 -1993.70
-2414.83 -1993.70
-2020.93 -1993.70
-2328.00 -1993.70
-2622.49 -1993.70
-2055.45 -1993.70
-2123.00 -1993.70
-2112.56 -1993.70
-2353.74 -1993.70
-2299.79 -1993.70
-2031.95 -1993.70
-2027.04 -1993.70
-2187.42 -1993.70
-2308.17 -1993.70
-2044.06 -1993.70
-2622.70 -1993.70
-2741.69 -1993.70
-2575.63 -1993.70
-2195.25 -1993.70
-2658.18 -1993.70
-2021.64 -1993.70
-2330.13 -1993.70
-2328.68 -1993.70
-2194.21 -1993.70
-2382.31 -1993.70
-2670.22 -1993.70
-2662.16 -1993.70
-2490.79 -1993.70
-2241.68 -1993.70
-2429.30 -1993.70
-2138.19 -1993.70
-2917.35 -1993.70
-2273.13 -1993.70
-2112.67 -1993.70
-2734.92 -1993.70
-2405.15 -1993.70
-2400.21 -1993.70
-2550.53 -1993.70
-2660.87 -1993.70
-2335.01 -1993.70
-2367.36 -1993.70
-2278.71 -1993.70
-2308.25 -1993.70
-2416.49 -1993.70
-2522.75 -1993.70
-2279.22 -1993.70
-2057.81 -1993.70
-2124.95 -1993.70
-2503.43 -1993.70
-2552.31 -1993.70
-2298.88 -1993.70
-2324.43 -1993.70
-2378.56 -1993.70
-2162.05 -1993.70
-2028.82 -1993.70
-2036.53 -1993.70
-2037.93 -1993.70
-2013.09 -1993.70
-2556.02 -1993.70
-2045.38 -1993.70
-2126.78 -1993.70
-2481.80 -1993.70
-2839.58 -1993.70
-2300.66 -1993.70
-2529.68 -1993.70
-2028.72 -1993.70
-2369.47 -1993.70
-3158.75 -1993.70
-2033.64 -1993.70
-3062.30 -1993.70
-2162.84 -1993.70
-2068.77 -1993.70
-2570.74 -1993.70
-2411.15 -1993.70
-2143.15 -1993.70
-2092.36 -1993.70
-2135.71 -1993.70
-2056.66 -1993.70
-2481.85 -1993.70
-2212.92 -1993.70
-2570.99 -1993.70
-2693.75 -1993.70
-2108.38 -1993.70
-2378.79 -1993.70
-1994.30 -1993.70
-2192.85 -1993.70
-2823.77 -1993.70
-2052.52 -1993.70
-2109.25 -1993.70
-2256.69 -1993.70
-2356.17 -1993.70
-2312.73 -1993.70
-2135.30 -1993.70
-2840.54 -1993.70
-2531.07 -1993.70
-2026.25 -1993.70
-2203.84 -1993.70
-2386.70 -1993.70
-2480.70 -1993.70
-2044.84 -1993.70
-2173.78 -1993.70
-2415.08 -1993.70
-2287.12 -1993.70
-2798.23 -1993.70
-3054.54 -1993.70
-2034.20 -1993.70
-2153.57 -1993.70
-2169.00 -1993.70
-2503.98 -1993.70
-2270.38 -1993.70
-2335.57 -1993.70
-2125.69 -1993.70
-2048.29 -1993.70
-2348.77 -1993.70
-2128.88 -1993.70
-2027.72 -1993.70
-2624.08 -1993.70
-2034.29 -1993.70
-2066.04 -1993.70
-2138.89 -1993.70
-2206.36 -1993.70
-2131.34 -1993.70
-2521.47 -1993.70
-2656.34 -1993.70
-2274.31 -1993.70
-2027.50 -1993.70
-2418.77 -1993.70
-2398.96 -1993.70
-2751.76 -1993.70
-2411.86 -1993.70
-2480.44 -1993.70
-2025.13 -1993.70
-1993.53 -1993.53
-2478.47 -1993.53
-2107.90 -1993.53
-2036.19 -1993.53
-2066.49 -1993.53
-2699.13 -1993.53
-2371.12 -1993.53
-2113.05 -1993.53
-2697.74 -1993.53
-2033.34 -1993.53
-2162.33 -1993.53
-2056.86 -1993.53
-2396.11 -1993.53
-2281.51 -1993.53
-2024.90 -1993.53
-2035.48 -1993.53
-2866.52 -1993.53
-2693.68 -1993.53
-2260.97 -1993.53
-2107.04 -1993.53
-2405.71 -1993.53
-2699.62 -1993.53
-1997.96 -1993.53
-2133.28 -1993.53
-2550.55 -1993.53
-2124.73 -1993.53
-2297.99 -1993.53
-2301.67 -1993.53
-3193.86 -1993.53
-2656.02 -1993.53
-2655.97 -1993.53
-2230.54 -1993.53
-2049.89 -1993.53
-2483.54 -1993.53
-2390.10 -1993.53
-2027.68 -1993.53
-2130.04 -1993.53
-2255.76 -1993.53
-2147.87 -1993.53
-2501.08 -1993.53
-2371.20 -1993.53
-2245.06 -1993.53
-2193.94 -1993.53
-2046.63 -1993.53
-2240.51 -1993.53
-1995.93 -1993.53
-2210.02 -1993.53
-2074.11 -1993.53
-2387.03 -1993.53
-2154.00 -1993.53
-2303.82 -1993.53
-2428.85 -1993.53
-2006.91 -1993.53
-2132.79 -1993.53
-2180.26 -1993.53
-2032.24 -1993.53
-2127.25 -1993.53
-2513.65 -1993.53
-2567.21 -1993.53
-2173.08 -1993.53
-2546.63 -1993.53
-1993.54 -1993.54
-2061.49 -1993.54
-2514.07 -1993.54
-2255.68 -1993.54
-1994.67 -1993.54
-1997.73 -1993.54
-2393.26 -1993.54
-2121.24 -1993.54
-2659.70 -1993.54
-3153.92 -1993.54
-2883.48 -1993.54
-2027.87 -1993.54
-2498.31 -1993.54
-2103.62 -1993.54
-2181.65 -1993.54
-2137.81 -1993.54
-2283.25 -1993.54
-2037.72 -1993.54
-2195.91 -1993.54
-2125.42 -1993.54
-1994.28 -1993.54
-2060.45 -1993.54
-2133.27 -1993.54
-2731.67 -1993.54
-2282.80 -1993.54
-2406.58 -1993.54
-2624.62 -1993.54
-2010.74 -1993.54
-2375.93 -1993.54
-2411.62 -1993.54
-2301.91 -1993.54
-3332.67 -1993.54
-2386.92 -1993.54
-2523.24 -1993.54
-2506.53 -1993.54
-2108.20 -1993.54
-2294.65 -1993.54
-2559.00 -1993.54
-2270.59 -1993.54
-1993.96 -1993.96
-2423.41 -1993.96
-2958.35 -1993.96
-2522.84 -1993.96
-2398.96 -1993.96
-2514.14 -1993.96
-2284.47 -1993.96
-2303.51 -1993.96
-2142.44 -1993.96
-2667.75 -1993.96
-2271.14 -1993.96
-2226.86 -1993.96
-2124.89 -1993.96
-2897.57 -1993.96
-2045.57 -1993.96
-2376.84 -1993.96
-2274.56 -1993.96
-2281.62 -1993.96
-3258.87 -1993.96
-2392.24 -1993.96
-2364.90 -1993.96
-2390.98 -1993.96
-2030.45 -1993.96
-2125.76 -1993.96
-2059.10 -1993.96
-2134.44 -1993.96
-2209.52 -1993.96
-2376.74 -1993.96
-2533.98 -1993.96
-2256.87 -1993.96
-2345.97 -1993.96
-2382.46 -1993.96
-2379.64 -1993.96
-2751.69 -1993.96
-2180.67 -1993.96
-2546.52 -1993.96
-2519.33 -1993.96
-2536.42 -1993.96
-2046.61 -1993.96
-2471.41 -1993.96
-1994.73 -1993.96
-2325.03 -1993.96
-2287.33 -1993.96
-2496.58 -1993.96
-2389.10 -1993.96
-2055.14 -1993.96
-2052.09 -1993.96
-1993.55 -1993.55
-2397.06 -1993.55
-2680.22 -1993.55
-2865.58 -1993.55
-2256.74 -1993.55
-2282.09 -1993.55
-2163.61 -1993.55
-2018.92 -1993.55
-2388.31 -1993.55
-2536.32 -1993.55
-2052.19 -1993.55
-6265.11 -6265.11
-6290.38 -6265.11
-6132.15 -6132.15
-6153.63 -6132.15
