-10000.00 -10000.00
-1808.35 -10000.00
-1806.67 -10000.00
-1775.88 -1775.88
-1774.18 -1774.18
-1758.07 -1758.07
-1748.84 -1748.84
-1748.49 -1748.49
-1746.09 -1746.09
-1757.09 -1746.09
-1785.47 -1746.09
-1757.64 -1746.09
-1716.42 -1716.42
-1672.49 -1672.49
-1637.53 -1637.53
-1624.24 -1624.24
-1624.99 -1624.99
-1598.39 -1598.39
-1580.64 -1580.64
-1570.75 -1570.75
-1544.61 -1544.61
-1539.14 -1539.14
-1534.58 -1534.58
-1549.57 -1534.58
-1561.24 -1534.58
-1579.64 -1534.58
-1568.57 -1534.58
-1486.39 -1486.39
-1508.67 -1486.39
-1452.19 -1452.19
-1443.75 -1443.75
-1434.36 -1434.36
-1464.21 -1434.36
-1445.03 -1434.36
-1454.57 -1434.36
-1391.70 -1391.70
-1380.13 -1380.13
-1363.14 -1363.14
-1342.47 -1342.47
-1293.87 -1293.87
-1301.43 -1293.87
-1226.83 -1226.83
-1064.24 -1064.24
-1080.95 -1064.24
-1186.89 -1064.24
-1008.35 -1008.35
-1083.13 -1008.35
-914.79 -914.79
-951.12 -914.79
-1083.30 -914.79
-943.17 -914.79
-1125.42 -914.79
-988.27 -914.79
-855.26 -855.26
-712.30 -712.30
-847.03 -712.30
-878.95 -712.30
-684.08 -684.08
-589.12 -589.12
-623.17 -589.12
-680.37 -589.12
-807.70 -589.12
-844.18 -589.12
-681.78 -589.12
-712.96 -589.12
-609.93 -589.12
-583.51 -583.51
-629.70 -583.51
-583.69 -583.69
-577.39 -577.39
-650.24 -577.39
-716.58 -577.39
-676.81 -577.39
-613.63 -577.39
-581.90 -577.39
-609.51 -577.39
-774.88 -577.39
-733.57 -577.39
-612.24 -577.39
-611.23 -577.39
-772.83 -577.39
-584.64 -577.39
-578.22 -577.39
-650.02 -577.39
-651.24 -577.39
-876.33 -577.39
-578.25 -578.25
-615.31 -578.25
-626.81 -578.25
-588.85 -578.25
-720.43 -578.25
-613.57 -578.25
-647.05 -578.25
-629.45 -578.25
-812.61 -578.25
-752.09 -578.25
-629.29 -578.25
-600.69 -578.25
-737.99 -578.25
-649.32 -578.25
-878.93 -578.25
-730.38 -578.25
-576.70 -576.70
-570.97 -570.97
-689.00 -570.97
-736.52 -570.97
-727.50 -570.97
-651.20 -570.97
-644.59 -570.97
-616.00 -570.97
-603.69 -570.97
-579.65 -570.97
-611.76 -570.97
-851.92 -570.97
-589.89 -570.97
-578.97 -570.97
-584.19 -570.97
-630.32 -570.97
-676.57 -570.97
-609.91 -570.97
-685.77 -570.97
-601.06 -570.97
-680.75 -570.97
-677.38 -570.97
-677.37 -570.97
-574.96 -570.97
-660.15 -570.97
-608.59 -570.97
-680.83 -570.97
-608.36 -570.97
-604.06 -570.97
-627.97 -570.97
-830.28 -570.97
-986.51 -570.97
-692.90 -570.97
-681.70 -570.97
-653.22 -570.97
-579.13 -570.97
-768.34 -570.97
-682.82 -570.97
-570.18 -570.18
-649.51 -570.18
-576.76 -570.18
-808.92 -570.18
-575.26 -570.18
-685.25 -570.18
-679.64 -570.18
-676.16 -570.18
-657.18 -570.18
-577.09 -570.18
-579.19 -570.18
-655.05 -570.18
-714.27 -570.18
-721.74 -570.18
-850.39 -570.18
-780.10 -570.18
-590.33 -570.18
-720.72 -570.18
-582.09 -570.18
-653.18 -570.18
-569.83 -569.83
-604.68 -569.83
-584.47 -569.83
-603.36 -569.83
-775.56 -569.83
-579.16 -569.83
-647.35 -569.83
-687.72 -569.83
-604.21 -569.83
-651.32 -569.83
-602.34 -569.83
-677.72 -569.83
-713.79 -569.83
-570.11 -569.83
-683.84 -569.83
-576.71 -569.83
-587.91 -569.83
-573.51 -569.83
-723.97 -569.83
-716.33 -569.83
-713.78 -569.83
-588.80 -569.83
-647.44 -569.83
-589.92 -569.83
-604.23 -569.83
-778.51 -569.83
-873.10 -569.83
-569.74 -569.74
-719.42 -569.74
-739.52 -569.74
-609.19 -569.74
-604.96 -569.74
-569.79 -569.79
-722.76 -569.79
-583.20 -569.79
-666.17 -569.79
-617.59 -569.79
-628.20 -569.79
-619.69 -569.79
-574.75 -569.79
-580.38 -569.79
-569.76 -569.76
-630.43 -569.76
-581.87 -569.76
-669.88 -569.76
-652.25 -569.76
-630.09 -569.76
-805.81 -569.76
-686.25 -569.76
-657.49 -569.76
-580.05 -569.76
-650.98 -569.76
-677.79 -569.76
-617.66 -569.76
-631.42 -569.76
-720.62 -569.76
-723.19 -569.76
-582.16 -569.76
-579.35 -569.76
-660.63 -569.76
-685.88 -569.76
-579.28 -569.76
-610.44 -569.76
-655.13 -569.76
-611.99 -569.76
-630.39 -569.76
-583.23 -569.76
-654.59 -569.76
-627.05 -569.76
-651.28 -569.76
-580.96 -569.76
-650.70 -569.76
-629.74 -569.76
-682.92 -569.76
-648.97 -569.76
-683.00 -569.76
-583.84 -569.76
-679.69 -569.76
-678.84 -569.76
-579.85 -569.76
-626.93 -569.76
-602.89 -569.76
-588.22 -569.76
-719.06 -569.76
-689.21 -569.76
-626.16 -569.76
-757.56 -569.76
-719.21 -569.76
-680.07 -569.76
-692.92 -569.76
-652.03 -569.76
-579.34 -569.76
-679.31 -569.76
-575.89 -569.76
-659.24 -569.76
-760.24 -569.76
-603.76 -569.76
-580.58 -569.76
-635.28 -569.76
-584.22 -569.76
-684.87 -569.76
-712.48 -569.76
-574.96 -569.76
-625.77 -569.76
-680.09 -569.76
-666.05 -569.76
-677.48 -569.76
-808.92 -569.76
-798.63 -569.76
-589.74 -569.76
-685.54 -569.76
-623.39 -569.76
-577.70 -569.76
-672.60 -569.76
-601.49 -569.76
-581.15 -569.76
-678.70 -569.76
-570.74 -570.74
-651.07 -570.74
-625.01 -570.74
-640.31 -570.74
-651.95 -570.74
-773.69 -570.74
-645.50 -570.74
-609.45 -570.74
-579.27 -570.74
-751.23 -570.74
-576.59 -570.74
-655.48 -570.74
-680.04 -570.74
-627.32 -570.74
-786.37 -570.74
-654.70 -570.74
-603.88 -570.74
-582.36 -570.74
-614.96 -570.74
-621.21 -570.74
-677.28 -570.74
-573.51 -570.74
-583.67 -570.74
-651.53 -570.74
-619.46 -570.74
-732.71 -570.74
-624.31 -570.74
-575.53 -570.74
-753.02 -570.74
-712.28 -570.74
-730.55 -570.74
-615.52 -570.74
-603.08 -570.74
-723.12 -570.74
-718.97 -570.74
-685.50 -570.74
-678.97 -570.74
-585.21 -570.74
-570.27 -570.27
-644.68 -570.27
-609.64 -570.27
-685.85 -570.27
-616.09 -570.27
-578.62 -570.27
-658.93 -570.27
-630.35 -570.27
-603.84 -570.27
-635.60 -570.27
-725.96 -570.27
-653.50 -570.27
-775.37 -570.27
-600.78 -570.27
-583.67 -570.27
-579.49 -570.27
-683.54 -570.27
-579.36 -570.27
-643.22 -570.27
-731.51 -570.27
-641.23 -570.27
-716.01 -570.27
-626.13 -570.27
-676.01 -570.27
-569.71 -569.71
-712.09 -569.71
-581.60 -569.71
-574.57 -569.71
-723.01 -569.71
-833.26 -569.71
-671.44 -569.71
-609.28 -569.71
-577.50 -569.71
-587.64 -569.71
-669.61 -569.71
-653.06 -569.71
-604.76 -569.71
-748.03 -569.71
-715.95 -569.71
-760.12 -569.71
-680.47 -569.71
-619.24 -569.71
-680.00 -569.71
-629.62 -569.71
-911.58 -569.71
-575.81 -569.71
-717.06 -569.71
-684.28 -569.71
-569.95 -569.95
-874.94 -569.95
-679.51 -569.95
-605.79 -569.95
-645.33 -569.95
-602.22 -569.95
-570.11 -570.11
-589.51 -570.11
-635.49 -570.11
-587.95 -570.11
-641.09 -570.11
-735.21 -570.11
-835.07 -570.11
-847.89 -570.11
-712.20 -570.11
-728.69 -570.11
-573.54 -570.11
-578.75 -570.11
-573.49 -570.11
-651.81 -570.11
-757.80 -570.11
-858.69 -570.11
-871.34 -570.11
-615.92 -570.11
-686.50 -570.11
-716.66 -570.11
-627.64 -570.11
-719.56 -570.11
-841.96 -570.11
-588.17 -570.11
-668.54 -570.11
-648.13 -570.11
-712.82 -570.11
-717.31 -570.11
-656.71 -570.11
-605.77 -570.11
-679.20 -570.11
-717.98 -570.11
-694.27 -570.11
-628.21 -570.11
-644.84 -570.11
-655.01 -570.11
-581.25 -570.11
-608.34 -570.11
-775.08 -570.11
-588.40 -570.11
-709.49 -570.11
-749.31 -570.11
-841.58 -570.11
-609.39 -570.11
-600.81 -570.11
-582.20 -570.11
-779.46 -570.11
-747.81 -570.11
-583.75 -570.11
-1789.66 -570.11
-1807.28 -570.11
-1792.45 -570.11
-1774.72 -1774.72
-1761.89 -1761.89
-1753.78 -1753.78
-1717.46 -1717.46
-1707.70 -1707.70
-1738.23 -1707.70
-1696.06 -1696.06
-1710.54 -1696.06
-1706.34 -1696.06
-1747.42 -1696.06
-1708.62 -1696.06
-1692.96 -1692.96
-1666.29 -1666.29
-1684.69 -1666.29
-1656.85 -1656.85
-1559.46 -1559.46
-1556.34 -1556.34
-1608.62 -1556.34
-1555.82 -1555.82
-1553.35 -1553.35
-1571.98 -1553.35
-1533.08 -1533.08
-1553.90 -1533.08
-1578.49 -1533.08
-1551.36 -1533.08
-1548.27 -1533.08
-1527.84 -1527.84
-1491.62 -1491.62
-1460.74 -1460.74
-1465.88 -1460.74
-1454.02 -1454.02
-1444.78 -1444.78
-1518.80 -1444.78
-1430.36 -1430.36
-1376.40 -1376.40
-1406.93 -1376.40
-1488.24 -1376.40
-1273.13 -1273.13
-1307.01 -1273.13
-1282.29 -1273.13
-1281.84 -1273.13
-1159.15 -1159.15
-1297.65 -1159.15
-1127.69 -1127.69
-1126.42 -1126.42
-1002.65 -1002.65
-1054.95 -1002.65
-1082.46 -1002.65
-1030.73 -1002.65
-625.84 -625.84
-645.77 -625.84
-570.66 -570.66
-652.13 -570.66
-588.16 -570.66
-603.40 -570.66
-587.79 -570.66
-615.43 -570.66
-720.44 -570.66
-627.17 -570.66
-607.33 -570.66
-846.55 -570.66
-572.61 -570.66
-598.95 -570.66
-569.49 -569.49
-678.43 -569.49
-629.30 -569.49
-771.12 -569.49
-592.61 -569.49
-645.56 -569.49
-757.85 -569.49
-728.85 -569.49
-586.40 -569.49
-581.68 -569.49
-676.93 -569.49
-576.59 -569.49
-727.68 -569.49
-582.64 -569.49
-592.99 -569.49
-634.92 -569.49
-584.45 -569.49
-640.26 -569.49
-614.99 -569.49
-723.76 -569.49
-603.40 -569.49
-663.45 -569.49
-821.54 -569.49
-836.31 -569.49
-609.78 -569.49
-735.51 -569.49
-629.96 -569.49
-779.44 -569.49
-648.08 -569.49
-684.48 -569.49
-626.06 -569.49
-619.90 -569.49
-693.13 -569.49
-587.74 -569.49
-768.14 -569.49
-805.23 -569.49
-760.04 -569.49
-634.97 -569.49
-692.71 -569.49
-739.58 -569.49
-820.17 -569.49
-627.68 -569.49
-576.89 -569.49
-607.01 -569.49
-650.78 -569.49
-604.89 -569.49
-718.05 -569.49
-775.87 -569.49
-779.47 -569.49
-966.74 -569.49
-575.89 -569.49
-582.69 -569.49
-607.04 -569.49
-712.49 -569.49
-677.62 -569.49
-650.70 -569.49
-626.77 -569.49
-749.74 -569.49
-572.57 -569.49
-624.76 -569.49
-667.99 -569.49
-806.53 -569.49
-648.48 -569.49
-680.70 -569.49
-587.87 -569.49
-790.61 -569.49
-602.24 -569.49
-570.98 -569.49
-758.21 -569.49
-770.00 -569.49
-954.02 -569.49
-602.57 -569.49
-652.11 -569.49
-779.36 -569.49
-805.73 -569.49
-686.75 -569.49
-941.08 -569.49
-711.42 -569.49
-570.13 -569.49
-569.63 -569.63
-653.47 -569.63
-693.00 -569.63
-578.66 -569.63
-664.12 -569.63
-612.85 -569.63
-578.83 -569.63
-582.10 -569.63
-650.13 -569.63
-608.51 -569.63
-790.71 -569.63
-911.86 -569.63
-579.61 -569.63
-713.64 -569.63
-675.48 -569.63
-711.11 -569.63
-604.47 -569.63
-880.49 -569.63
-652.38 -569.63
-713.30 -569.63
-874.79 -569.63
-940.11 -569.63
-681.53 -569.63
-714.39 -569.63
-578.49 -569.63
-627.01 -569.63
-942.71 -569.63
-717.70 -569.63
-719.03 -569.63
-586.04 -569.63
-755.10 -569.63
-645.83 -569.63
-584.44 -569.63
-783.25 -569.63
-722.24 -569.63
-574.72 -569.63
-606.67 -569.63
-739.34 -569.63
-603.72 -569.63
-629.98 -569.63
-604.60 -569.63
-732.59 -569.63
-771.94 -569.63
-683.11 -569.63
-730.25 -569.63
-626.96 -569.63
-659.24 -569.63
-677.90 -569.63
-604.60 -569.63
-579.71 -569.63
-684.88 -569.63
-615.05 -569.63
-786.56 -569.63
-603.18 -569.63
-693.60 -569.63
-589.27 -569.63
-602.54 -569.63
-572.56 -569.63
-576.74 -569.63
-855.20 -569.63
-667.63 -569.63
-656.91 -569.63
-658.43 -569.63
-830.78 -569.63
-851.13 -569.63
-625.98 -569.63
-569.79 -569.79
-720.78 -569.79
-628.32 -569.79
-720.31 -569.79
-616.68 -569.79
-707.47 -569.79
-628.63 -569.79
-590.40 -569.79
-575.38 -569.79
-651.91 -569.79
-719.75 -569.79
-585.66 -569.79
-798.07 -569.79
-684.91 -569.79
-586.74 -569.79
-667.18 -569.79
-576.10 -569.79
-580.45 -569.79
-574.22 -569.79
-688.20 -569.79
-681.59 -569.79
-794.05 -569.79
-724.04 -569.79
-750.97 -569.79
-714.01 -569.79
-628.25 -569.79
-609.92 -569.79
-628.19 -569.79
-758.45 -569.79
-578.25 -569.79
-754.36 -569.79
-771.17 -569.79
-570.48 -569.79
-643.63 -569.79
-679.79 -569.79
-609.29 -569.79
-720.48 -569.79
-597.36 -569.79
-578.31 -569.79
-736.37 -569.79
-627.80 -569.79
-668.65 -569.79
-693.39 -569.79
-677.15 -569.79
-627.65 -569.79
-603.40 -569.79
-681.63 -569.79
-672.50 -569.79
-749.26 -569.79
-602.27 -569.79
-580.77 -569.79
-827.05 -569.79
-717.06 -569.79
-737.44 -569.79
-590.78 -569.79
-580.36 -569.79
-586.08 -569.79
-636.15 -569.79
-614.24 -569.79
-579.39 -569.79
-644.38 -569.79
-793.63 -569.79
-578.04 -569.79
-577.55 -569.79
-582.06 -569.79
-619.63 -569.79
-747.93 -569.79
-677.62 -569.79
-619.54 -569.79
-712.58 -569.79
-762.07 -569.79
-840.18 -569.79
-727.03 -569.79
-587.40 -569.79
-584.41 -569.79
-602.63 -569.79
-651.02 -569.79
-580.82 -569.79
-612.21 -569.79
-745.90 -569.79
-570.80 -569.79
-658.97 -569.79
-660.32 -569.79
-606.78 -569.79
-835.21 -569.79
-570.55 -570.55
-644.76 -570.55
-659.29 -570.55
-575.99 -570.55
-612.58 -570.55
-677.11 -570.55
-667.33 -570.55
-903.00 -570.55
-828.15 -570.55
-675.51 -570.55
-635.27 -570.55
-580.09 -570.55
-570.37 -570.37
-754.35 -570.37
-823.65 -570.37
-581.34 -570.37
-813.31 -570.37
-630.38 -570.37
-583.13 -570.37
-783.37 -570.37
-635.08 -570.37
-620.78 -570.37
-843.77 -570.37
-578.03 -570.37
-583.10 -570.37
-652.11 -570.37
-607.07 -570.37
-663.74 -570.37
-578.98 -570.37
-715.37 -570.37
-664.06 -570.37
-630.18 -570.37
-762.25 -570.37
-589.03 -570.37
-710.24 -570.37
-677.82 -570.37
-654.43 -570.37
-655.16 -570.37
-643.94 -570.37
-627.87 -570.37
-717.72 -570.37
-587.97 -570.37
-757.35 -570.37
-686.49 -570.37
-655.23 -570.37
-678.66 -570.37
-722.81 -570.37
-838.21 -570.37
-683.48 -570.37
-753.80 -570.37
-570.70 -570.70
-604.88 -570.70
-719.53 -570.70
-601.61 -570.70
-589.94 -570.70
-640.31 -570.70
-582.28 -570.70
-685.13 -570.70
-705.80 -570.70
-580.78 -570.70
-726.96 -570.70
-598.80 -570.70
-658.13 -570.70
-574.32 -570.70
-607.87 -570.70
-718.97 -570.70
-571.02 -571.02
-769.88 -571.02
-606.64 -571.02
-649.46 -571.02
-718.92 -571.02
-625.73 -571.02
-735.53 -571.02
-678.87 -571.02
-733.85 -571.02
-736.45 -571.02
-679.26 -571.02
-615.84 -571.02
-582.88 -571.02
-824.61 -571.02
-604.00 -571.02
-587.44 -571.02
-788.33 -571.02
-712.91 -571.02
-716.76 -571.02
-727.80 -571.02
-719.60 -571.02
-778.19 -571.02
-913.91 -571.02
-601.60 -571.02
-582.38 -571.02
-578.11 -571.02
-586.99 -571.02
-645.99 -571.02
-679.72 -571.02
-678.45 -571.02
-579.64 -571.02
-778.74 -571.02
-589.98 -571.02
-644.80 -571.02
-733.57 -571.02
-681.88 -571.02
-649.37 -571.02
-755.25 -571.02
-813.21 -571.02
-715.89 -571.02
-724.72 -571.02
-640.69 -571.02
-604.22 -571.02
-686.07 -571.02
-686.94 -571.02
-579.42 -571.02
-745.60 -571.02
-714.39 -571.02
-606.16 -571.02
-575.68 -571.02
-663.74 -571.02
-679.08 -571.02
-652.83 -571.02
-651.80 -571.02
-1757.39 -1757.39
-1773.99 -1757.39
-1765.89 -1757.39
-1777.42 -1757.39
-1783.96 -1757.39
-1723.37 -1723.37
-1700.90 -1700.90
-1740.03 -1700.90
-1706.00 -1700.90
-1705.11 -1700.90
-1724.41 -1700.90
-1646.65 -1646.65
-1679.40 -1646.65
-1681.51 -1646.65
-1660.74 -1646.65
-1657.95 -1646.65
-1649.19 -1646.65
-1658.41 -1646.65
-1655.78 -1646.65
-1624.36 -1624.36
-1665.59 -1624.36
-1642.32 -1624.36
-1651.41 -1624.36
-1624.88 -1624.36
-1612.03 -1612.03
-1613.62 -1612.03
-1612.54 -1612.54
-1611.76 -1611.76
-1627.88 -1611.76
-1594.19 -1594.19
-1597.09 -1594.19
-1517.80 -1517.80
-1537.74 -1517.80
-1503.36 -1503.36
-1507.11 -1503.36
-1603.77 -1503.36
-1508.12 -1503.36
-1457.18 -1457.18
-1447.55 -1447.55
-1458.64 -1447.55
-1377.09 -1377.09
-1417.68 -1377.09
-1283.94 -1283.94
-1301.12 -1283.94
-1245.31 -1245.31
-1210.00 -1210.00
-1314.79 -1210.00
-1254.75 -1210.00
-1106.51 -1106.51
-1037.69 -1037.69
-1165.85 -1037.69
-1054.78 -1037.69
-1030.05 -1030.05
-960.97 -960.97
-977.43 -960.97
-871.02 -871.02
-984.53 -871.02
-694.02 -694.02
-672.61 -672.61
-902.93 -672.61
-684.79 -672.61
-581.86 -581.86
-717.08 -581.86
-681.44 -581.86
-588.89 -581.86
-819.82 -581.86
-679.71 -581.86
-636.21 -581.86
-579.57 -579.57
-677.35 -579.57
-1011.74 -579.57
-579.11 -579.11
-791.11 -579.11
-693.11 -579.11
-650.81 -579.11
-666.49 -579.11
-680.97 -579.11
-853.69 -579.11
-664.11 -579.11
-713.79 -579.11
-721.24 -579.11
-578.75 -578.75
-574.92 -574.92
-903.26 -574.92
-750.52 -574.92
-752.47 -574.92
-579.38 -574.92
-725.33 -574.92
-604.18 -574.92
-657.25 -574.92
-600.55 -574.92
-758.46 -574.92
-684.78 -574.92
-644.99 -574.92
-570.13 -570.13
-685.68 -570.13
-587.94 -570.13
-610.59 -570.13
-573.59 -570.13
-576.88 -570.13
-665.05 -570.13
-628.77 -570.13
-574.90 -570.13
-759.38 -570.13
-682.38 -570.13
-612.14 -570.13
-677.98 -570.13
-612.63 -570.13
-585.71 -570.13
-723.96 -570.13
-840.82 -570.13
-605.49 -570.13
-754.63 -570.13
-618.95 -570.13
-691.25 -570.13
-717.03 -570.13
-579.92 -570.13
-717.97 -570.13
-647.85 -570.13
-580.78 -570.13
-630.37 -570.13
-569.61 -569.61
-799.15 -569.61
-586.98 -569.61
-758.34 -569.61
-612.01 -569.61
-570.73 -569.61
-606.63 -569.61
-818.49 -569.61
-749.78 -569.61
-580.77 -569.61
-586.90 -569.61
-609.04 -569.61
-675.36 -569.61
-607.43 -569.61
-815.29 -569.61
-582.82 -569.61
-603.36 -569.61
-732.44 -569.61
-704.97 -569.61
-645.79 -569.61
-625.85 -569.61
-569.73 -569.73
-685.70 -569.73
-628.16 -569.73
-632.13 -569.73
-800.17 -569.73
-808.93 -569.73
-716.49 -569.73
-692.78 -569.73
-646.43 -569.73
-669.45 -569.73
-838.57 -569.73
-723.37 -569.73
-690.82 -569.73
-716.03 -569.73
-714.33 -569.73
-981.99 -569.73
-627.10 -569.73
-588.33 -569.73
-586.50 -569.73
-626.67 -569.73
-956.37 -569.73
-579.33 -569.73
-617.73 -569.73
-574.78 -569.73
-579.33 -569.73
-579.51 -569.73
-740.26 -569.73
-606.21 -569.73
-673.56 -569.73
-655.02 -569.73
-711.79 -569.73
-644.40 -569.73
-599.39 -569.73
-590.55 -569.73
-589.83 -569.73
-712.51 -569.73
-831.59 -569.73
-645.64 -569.73
-752.79 -569.73
-660.71 -569.73
-645.78 -569.73
-609.65 -569.73
-604.36 -569.73
-755.67 -569.73
-569.58 -569.58
-574.95 -569.58
-722.53 -569.58
-579.59 -569.58
-624.65 -569.58
-808.30 -569.58
-794.89 -569.58
-711.11 -569.58
-656.25 -569.58
-623.95 -569.58
-823.51 -569.58
-612.53 -569.58
-866.41 -569.58
-770.82 -569.58
-851.15 -569.58
-627.28 -569.58
-656.49 -569.58
-754.91 -569.58
-618.16 -569.58
-587.56 -569.58
-582.74 -569.58
-839.36 -569.58
-589.42 -569.58
-589.10 -569.58
-629.39 -569.58
-570.52 -569.58
-625.17 -569.58
-801.61 -569.58
-690.46 -569.58
-717.71 -569.58
-581.59 -569.58
-580.86 -569.58
-585.31 -569.58
-832.68 -569.58
-776.79 -569.58
-722.35 -569.58
-575.41 -569.58
-641.24 -569.58
-578.82 -569.58
-578.34 -569.58
-711.54 -569.58
-796.21 -569.58
-653.53 -569.58
-668.44 -569.58
-681.87 -569.58
-612.63 -569.58
-706.48 -569.58
-569.67 -569.67
-875.53 -569.67
-623.20 -569.67
-683.10 -569.67
-650.00 -569.67
-759.78 -569.67
-628.77 -569.67
-874.48 -569.67
-708.06 -569.67
-713.13 -569.67
-762.05 -569.67
-572.82 -569.67
-587.60 -569.67
-678.55 -569.67
-585.70 -569.67
-579.19 -569.67
-626.03 -569.67
-720.32 -569.67
-831.59 -569.67
-722.50 -569.67
-677.48 -569.67
-775.25 -569.67
-684.01 -569.67
-657.09 -569.67
-680.38 -569.67
-768.40 -569.67
-573.35 -569.67
-655.67 -569.67
-680.11 -569.67
-798.26 -569.67
-587.25 -569.67
-613.95 -569.67
-657.24 -569.67
-657.35 -569.67
-684.65 -569.67
-766.25 -569.67
-668.62 -569.67
-581.89 -569.67
-681.80 -569.67
-602.47 -569.67
-628.70 -569.67
-726.62 -569.67
-692.84 -569.67
-570.28 -569.67
-913.99 -569.67
-777.87 -569.67
-813.59 -569.67
-573.59 -569.67
-632.09 -569.67
-588.39 -569.67
-771.51 -569.67
-678.94 -569.67
-602.16 -569.67
-688.25 -569.67
-630.36 -569.67
-832.46 -569.67
-727.50 -569.67
-802.51 -569.67
-678.23 -569.67
-719.96 -569.67
-581.63 -569.67
-626.56 -569.67
-779.48 -569.67
-569.74 -569.74
-590.43 -569.74
-648.87 -569.74
-573.65 -569.74
-617.79 -569.74
-706.23 -569.74
-619.55 -569.74
-579.13 -569.74
-644.88 -569.74
-759.03 -569.74
-576.67 -569.74
-579.14 -569.74
-652.91 -569.74
-648.04 -569.74
-581.21 -569.74
-600.53 -569.74
-582.62 -569.74
-864.32 -569.74
-597.35 -569.74
-687.36 -569.74
-759.48 -569.74
-781.41 -569.74
-606.58 -569.74
-628.03 -569.74
-618.87 -569.74
-609.32 -569.74
-681.84 -569.74
-587.50 -569.74
-717.20 -569.74
-680.75 -569.74
-598.90 -569.74
-609.31 -569.74
-650.41 -569.74
-578.95 -569.74
-778.98 -569.74
-578.59 -569.74
-835.56 -569.74
-656.13 -569.74
-588.74 -569.74
-607.03 -569.74
-761.39 -569.74
-578.83 -569.74
-569.81 -569.81
-685.33 -569.81
-579.08 -569.81
-579.25 -569.81
-668.38 -569.81
-730.57 -569.81
-650.57 -569.81
-569.62 -569.62
-610.12 -569.62
-675.56 -569.62
-569.63 -569.63
-730.27 -569.63
-591.79 -569.63
-601.98 -569.63
-713.17 -569.63
-654.62 -569.63
-583.82 -569.63
-582.38 -569.63
-578.85 -569.63
-650.48 -569.63
-579.03 -569.63
-746.84 -569.63
-762.15 -569.63
-645.03 -569.63
-588.22 -569.63
-656.15 -569.63
-789.28 -569.63
-604.33 -569.63
-717.92 -569.63
-597.85 -569.63
-654.08 -569.63
-830.83 -569.63
-684.16 -569.63
-570.81 -569.63
-685.85 -569.63
-584.92 -569.63
-682.99 -569.63
-635.66 -569.63
-604.34 -569.63
-592.16 -569.63
-579.19 -569.63
-620.50 -569.63
-656.36 -569.63
-709.61 -569.63
-720.63 -569.63
-629.22 -569.63
-796.20 -569.63
-641.60 -569.63
-600.83 -569.63
-666.61 -569.63
-663.59 -569.63
-586.03 -569.63
-761.47 -569.63
-588.58 -569.63
-616.82 -569.63
-645.57 -569.63
-757.58 -569.63
-676.60 -569.63
-645.59 -569.63
-681.31 -569.63
-572.98 -569.63
-815.97 -569.63
-819.39 -569.63
-715.80 -569.63
-645.46 -569.63
-774.79 -569.63
-578.14 -569.63
-872.11 -569.63
-587.57 -569.63
-607.27 -569.63
-708.15 -569.63
-654.06 -569.63
-851.80 -569.63
-719.45 -569.63
-681.82 -569.63
-586.51 -569.63
-569.63 -569.63
-570.97 -569.63
-1783.86 -1783.86
-1781.38 -1781.38
-1766.26 -1766.26
-1767.58 -1766.26
-1731.93 -1731.93
-1740.36 -1731.93
-1719.01 -1719.01
-1737.11 -1719.01
-1736.38 -1719.01
-1738.03 -1719.01
-1685.61 -1685.61
-1659.51 -1659.51
-1652.94 -1652.94
-1564.65 -1564.65
-1571.56 -1564.65
-1470.08 -1470.08
-1464.87 -1464.87
-1470.11 -1464.87
-1518.00 -1464.87
-1489.44 -1464.87
-1530.97 -1464.87
-1457.27 -1457.27
-1485.90 -1457.27
-1395.43 -1395.43
-1381.49 -1381.49
-1401.12 -1381.49
-1370.42 -1370.42
-1293.12 -1293.12
-1328.49 -1293.12
-1326.87 -1293.12
-1295.78 -1293.12
-1231.93 -1231.93
-1201.76 -1201.76
-1165.74 -1165.74
-1157.15 -1157.15
-1273.49 -1157.15
-1054.48 -1054.48
-1037.59 -1037.59
-749.40 -749.40
-872.59 -749.40
-869.02 -749.40
-770.02 -749.40
-751.86 -749.40
-586.37 -586.37
-610.53 -586.37
-764.26 -586.37
-708.23 -586.37
-585.57 -585.57
-615.03 -585.57
-676.28 -585.57
-570.89 -570.89
-878.45 -570.89
-634.88 -570.89
-604.50 -570.89
-681.18 -570.89
-656.13 -570.89
-643.18 -570.89
-713.36 -570.89
-681.53 -570.89
-763.18 -570.89
-657.55 -570.89
-694.03 -570.89
-614.71 -570.89
-628.68 -570.89
-626.02 -570.89
-694.24 -570.89
-625.76 -570.89
-753.60 -570.89
-581.08 -570.89
-576.94 -570.89
-597.31 -570.89
-812.96 -570.89
-570.71 -570.71
-575.98 -570.71
-579.36 -570.71
-669.20 -570.71
-611.82 -570.71
-604.26 -570.71
-683.35 -570.71
-677.88 -570.71
-644.80 -570.71
-585.51 -570.71
-752.61 -570.71
-623.94 -570.71
-579.42 -570.71
-715.28 -570.71
-588.21 -570.71
-578.39 -570.71
-790.11 -570.71
-677.77 -570.71
-735.09 -570.71
-667.68 -570.71
-571.00 -570.71
-800.06 -570.71
-614.43 -570.71
-684.50 -570.71
-570.69 -570.69
-570.15 -570.15
-626.56 -570.15
-586.57 -570.15
-845.99 -570.15
-607.90 -570.15
-604.31 -570.15
-607.55 -570.15
-750.09 -570.15
-619.76 -570.15
-579.34 -570.15
-610.74 -570.15
-628.15 -570.15
-576.62 -570.15
-955.36 -570.15
-819.98 -570.15
-579.44 -570.15
-635.31 -570.15
-759.13 -570.15
-655.13 -570.15
-720.82 -570.15
-569.75 -569.75
-620.60 -569.75
-755.50 -569.75
-748.39 -569.75
-718.03 -569.75
-609.17 -569.75
-685.84 -569.75
-579.43 -569.75
-607.00 -569.75
-671.41 -569.75
-660.94 -569.75
-679.62 -569.75
-574.76 -569.75
-582.09 -569.75
-582.26 -569.75
-582.84 -569.75
-849.86 -569.75
-570.28 -569.75
-654.83 -569.75
-707.43 -569.75
-681.60 -569.75
-679.99 -569.75
-706.33 -569.75
-825.33 -569.75
-725.14 -569.75
-607.40 -569.75
-579.09 -569.75
-580.32 -569.75
-834.58 -569.75
-644.08 -569.75
-655.00 -569.75
-582.78 -569.75
-626.81 -569.75
-579.48 -569.75
-643.83 -569.75
-585.83 -569.75
-641.66 -569.75
-579.30 -569.75
-587.36 -569.75
-569.71 -569.71
-570.33 -570.33
-642.78 -570.33
-760.47 -570.33
-580.81 -570.33
-690.35 -570.33
-712.14 -570.33
-579.51 -570.33
-654.33 -570.33
-570.31 -570.31
-616.65 -570.31
-608.23 -570.31
-663.94 -570.31
-580.48 -570.31
-587.25 -570.31
-759.38 -570.31
-683.40 -570.31
-734.30 -570.31
-825.46 -570.31
-612.11 -570.31
-754.67 -570.31
-668.22 -570.31
-669.44 -570.31
-708.58 -570.31
-824.53 -570.31
-601.87 -570.31
-626.77 -570.31
-628.34 -570.31
-608.46 -570.31
-581.24 -570.31
-683.92 -570.31
-647.94 -570.31
-587.62 -570.31
-736.63 -570.31
-759.05 -570.31
-572.63 -570.31
-718.32 -570.31
-648.31 -570.31
-627.15 -570.31
-722.36 -570.31
-604.22 -570.31
-584.22 -570.31
-819.69 -570.31
-570.28 -570.28
-609.93 -570.28
-629.21 -570.28
-588.84 -570.28
-618.20 -570.28
-588.57 -570.28
-823.62 -570.28
-722.48 -570.28
-625.44 -570.28
-693.95 -570.28
-610.12 -570.28
-587.12 -570.28
-579.01 -570.28
-570.64 -570.64
-650.86 -570.64
-680.78 -570.64
-581.73 -570.64
-580.09 -570.64
-582.32 -570.64
-601.48 -570.64
-635.09 -570.64
-655.38 -570.64
-590.02 -570.64
-604.73 -570.64
-832.38 -570.64
-627.80 -570.64
-648.26 -570.64
-586.22 -570.64
-651.43 -570.64
-570.32 -570.32
-578.78 -570.32
-582.49 -570.32
-753.58 -570.32
-650.55 -570.32
-692.73 -570.32
-692.29 -570.32
-641.77 -570.32
-796.57 -570.32
-660.61 -570.32
-570.44 -570.44
-581.79 -570.44
-615.19 -570.44
-677.74 -570.44
-655.68 -570.44
-578.87 -570.44
-570.31 -570.31
-626.51 -570.31
-576.97 -570.31
-664.15 -570.31
-669.86 -570.31
-677.80 -570.31
-582.37 -570.31
-576.81 -570.31
-677.29 -570.31
-819.36 -570.31
-786.24 -570.31
-625.19 -570.31
-579.18 -570.31
-622.64 -570.31
-605.72 -570.31
-612.94 -570.31
-575.90 -570.31
-603.45 -570.31
-575.35 -570.31
-581.81 -570.31
-682.35 -570.31
-587.07 -570.31
-651.10 -570.31
-753.46 -570.31
-606.75 -570.31
-577.65 -570.31
-576.02 -570.31
-641.84 -570.31
-678.32 -570.31
-734.42 -570.31
-680.11 -570.31
-651.69 -570.31
-584.74 -570.31
-802.66 -570.31
-584.20 -570.31
-616.24 -570.31
-586.16 -570.31
-736.17 -570.31
-694.81 -570.31
-597.36 -570.31
-646.95 -570.31
-707.60 -570.31
-714.17 -570.31
-729.64 -570.31
-579.39 -570.31
-587.80 -570.31
-626.14 -570.31
-577.47 -570.31
-580.97 -570.31
-770.74 -570.31
-778.53 -570.31
-728.27 -570.31
-604.53 -570.31
-810.23 -570.31
-720.45 -570.31
-658.74 -570.31
-656.38 -570.31
-617.00 -570.31
-705.79 -570.31
-728.89 -570.31
-715.99 -570.31
-618.28 -570.31
-578.78 -570.31
-679.71 -570.31
-872.56 -570.31
-574.80 -570.31
-588.31 -570.31
-649.53 -570.31
-628.01 -570.31
-691.92 -570.31
-579.45 -570.31
-618.10 -570.31
-870.70 -570.31
-875.08 -570.31
-717.36 -570.31
-641.38 -570.31
-838.40 -570.31
-569.59 -569.59
-612.38 -569.59
-569.72 -569.72
-587.42 -569.72
-650.24 -569.72
-644.79 -569.72
-658.13 -569.72
-579.80 -569.72
-877.54 -569.72
-727.67 -569.72
-581.34 -569.72
-687.80 -569.72
-605.49 -569.72
-590.12 -569.72
-623.18 -569.72
-569.49 -569.49
-722.51 -569.49
-608.02 -569.49
-569.80 -569.80
-578.81 -569.80
-682.70 -569.80
-570.84 -569.80
-583.25 -569.80
-760.51 -569.80
-628.75 -569.80
-602.36 -569.80
-685.98 -569.80
-754.34 -569.80
-794.05 -569.80
-672.15 -569.80
-577.35 -569.80
-710.14 -569.80
-669.99 -569.80
-582.99 -569.80
-570.33 -570.33
-838.65 -570.33
-716.20 -570.33
-896.92 -570.33
-577.65 -570.33
-643.55 -570.33
-641.20 -570.33
-680.24 -570.33
-582.20 -570.33
-752.96 -570.33
-679.50 -570.33
-751.70 -570.33
-569.80 -569.80
-654.27 -569.80
-579.50 -569.80
-842.11 -569.80
-656.34 -569.80
-578.55 -569.80
-587.94 -569.80
-728.97 -569.80
-667.17 -569.80
-581.66 -569.80
-626.81 -569.80
-588.63 -569.80
-663.98 -569.80
-660.34 -569.80
-644.29 -569.80
-666.88 -569.80
-737.73 -569.80
-575.59 -569.80
-588.14 -569.80
-579.29 -569.80
-774.32 -569.80
-602.36 -569.80
-681.02 -569.80
-592.97 -569.80
-789.91 -569.80
-675.35 -569.80
-589.44 -569.80
-684.06 -569.80
-772.68 -569.80
-580.33 -569.80
-800.07 -569.80
-614.31 -569.80
-619.34 -569.80
-579.40 -569.80
-606.73 -569.80
-624.05 -569.80
-646.85 -569.80
-577.44 -569.80
-629.46 -569.80
-644.28 -569.80
-657.15 -569.80
-609.43 -569.80
-727.68 -569.80
-629.94 -569.80
-687.27 -569.80
-780.42 -569.80
-835.11 -569.80
-666.62 -569.80
-796.99 -569.80
-1821.12 -569.80
-1802.27 -569.80
-1785.14 -569.80
-1787.60 -569.80
-1767.57 -1767.57
-1757.27 -1757.27
-1764.79 -1757.27
-1731.68 -1731.68
-1761.97 -1731.68
-1705.26 -1705.26
-1702.50 -1702.50
-1685.12 -1685.12
-1693.72 -1685.12
-1671.59 -1671.59
-1706.24 -1671.59
-1675.61 -1671.59
-1631.87 -1631.87
-1605.38 -1605.38
-1568.11 -1568.11
-1554.81 -1554.81
-1580.53 -1554.81
-1611.51 -1554.81
-1526.52 -1526.52
-1489.53 -1489.53
-1540.00 -1489.53
-1560.55 -1489.53
-1512.17 -1489.53
-1511.15 -1489.53
-1467.58 -1467.58
-1463.78 -1463.78
-1567.48 -1463.78
-1433.16 -1433.16
-1488.25 -1433.16
-1424.56 -1424.56
-1399.84 -1399.84
-1400.15 -1400.15
-1440.74 -1400.15
-1380.85 -1380.85
-1417.76 -1380.85
-1320.05 -1320.05
-1293.51 -1293.51
-1297.70 -1293.51
-1264.69 -1264.69
-1320.19 -1264.69
-1136.96 -1136.96
-1221.72 -1136.96
-1201.07 -1136.96
-1008.63 -1008.63
-1216.89 -1008.63
-1034.10 -1008.63
-957.02 -957.02
-1086.78 -957.02
-912.06 -912.06
-913.04 -913.04
-946.25 -913.04
-948.15 -913.04
-940.39 -913.04
-978.36 -913.04
-941.32 -913.04
-999.44 -913.04
-951.77 -913.04
-850.32 -850.32
-790.41 -790.41
-846.94 -790.41
-695.14 -695.14
-755.13 -695.14
-677.24 -677.24
-873.03 -677.24
-686.48 -677.24
-723.53 -677.24
-619.66 -619.66
-610.52 -610.52
-647.30 -610.52
-676.53 -610.52
-680.83 -610.52
-790.48 -610.52
-570.61 -570.61
-582.77 -570.61
-612.91 -570.61
-681.10 -570.61
-713.11 -570.61
-716.28 -570.61
-823.21 -570.61
-598.69 -570.61
-600.66 -570.61
-679.41 -570.61
-695.56 -570.61
-635.12 -570.61
-640.87 -570.61
-682.39 -570.61
-709.10 -570.61
-626.90 -570.61
-669.14 -570.61
-569.56 -569.56
-681.84 -569.56
-635.18 -569.56
-646.21 -569.56
-623.16 -569.56
-666.10 -569.56
-665.36 -569.56
-578.12 -569.56
-710.10 -569.56
-579.35 -569.56
-573.45 -569.56
-678.01 -569.56
-723.38 -569.56
-613.03 -569.56
-757.66 -569.56
-622.75 -569.56
-680.31 -569.56
-727.75 -569.56
-650.87 -569.56
-613.39 -569.56
-678.34 -569.56
-680.44 -569.56
-614.87 -569.56
-575.59 -569.56
-614.77 -569.56
-725.01 -569.56
-577.64 -569.56
-580.88 -569.56
-646.06 -569.56
-658.63 -569.56
-579.31 -569.56
-824.25 -569.56
-570.31 -570.31
-578.72 -570.31
-751.35 -570.31
-648.94 -570.31
-578.91 -570.31
-678.56 -570.31
-819.34 -570.31
-603.61 -570.31
-729.46 -570.31
-577.16 -570.31
-629.84 -570.31
-577.09 -570.31
-668.35 -570.31
-640.79 -570.31
-684.18 -570.31
-624.47 -570.31
-583.05 -570.31
-630.73 -570.31
-608.85 -570.31
-629.17 -570.31
-917.02 -570.31
-827.33 -570.31
-644.93 -570.31
-569.63 -569.63
-612.38 -569.63
-582.36 -569.63
-667.43 -569.63
-653.22 -569.63
-675.64 -569.63
-647.22 -569.63
-660.14 -569.63
-682.97 -569.63
-644.29 -569.63
-786.60 -569.63
-678.60 -569.63
-689.63 -569.63
-645.68 -569.63
-655.03 -569.63
-649.29 -569.63
-679.19 -569.63
-679.05 -569.63
-839.04 -569.63
-583.76 -569.63
-679.94 -569.63
-610.66 -569.63
-690.01 -569.63
-838.60 -569.63
-602.11 -569.63
-737.09 -569.63
-579.95 -569.63
-581.74 -569.63
-723.79 -569.63
-670.05 -569.63
-654.37 -569.63
-605.22 -569.63
-774.04 -569.63
-585.08 -569.63
-581.82 -569.63
-603.62 -569.63
-769.46 -569.63
-641.99 -569.63
-656.34 -569.63
-587.08 -569.63
-593.84 -569.63
-597.93 -569.63
-581.70 -569.63
-682.60 -569.63
-681.18 -569.63
-750.89 -569.63
-671.26 -569.63
-683.31 -569.63
-584.20 -569.63
-729.92 -569.63
-714.90 -569.63
-580.38 -569.63
-615.35 -569.63
-603.64 -569.63
-589.39 -569.63
-682.71 -569.63
-569.75 -569.75
-818.45 -569.75
-655.85 -569.75
-588.63 -569.75
-587.76 -569.75
-600.66 -569.75
-608.10 -569.75
-722.13 -569.75
-719.34 -569.75
-770.71 -569.75
-589.09 -569.75
-693.69 -569.75
-569.72 -569.72
-880.03 -569.72
-574.75 -569.72
-679.20 -569.72
-581.83 -569.72
-821.19 -569.72
-791.78 -569.72
-605.68 -569.72
-631.63 -569.72
-677.22 -569.72
-675.53 -569.72
-617.71 -569.72
-880.67 -569.72
-687.30 -569.72
-608.08 -569.72
-614.57 -569.72
-603.68 -569.72
-586.44 -569.72
-569.64 -569.64
-578.63 -569.64
-589.69 -569.64
-575.91 -569.64
-788.41 -569.64
-604.35 -569.64
-604.58 -569.64
-609.08 -569.64
-635.37 -569.64
-782.20 -569.64
-586.85 -569.64
-593.80 -569.64
-685.84 -569.64
-582.25 -569.64
-601.41 -569.64
-672.00 -569.64
-580.72 -569.64
-719.30 -569.64
-651.18 -569.64
-577.24 -569.64
-581.39 -569.64
-652.59 -569.64
-687.21 -569.64
-801.09 -569.64
-749.70 -569.64
-828.34 -569.64
-590.13 -569.64
-654.28 -569.64
-644.12 -569.64
-618.19 -569.64
-569.80 -569.80
-694.78 -569.80
-657.17 -569.80
-679.12 -569.80
-673.96 -569.80
-695.42 -569.80
-773.93 -569.80
-577.42 -569.80
-583.16 -569.80
-614.60 -569.80
-654.19 -569.80
-643.18 -569.80
-582.36 -569.80
-725.13 -569.80
-569.50 -569.50
-590.30 -569.50
-572.61 -569.50
-631.73 -569.50
-736.44 -569.50
-584.24 -569.50
-571.01 -569.50
-589.14 -569.50
-648.82 -569.50
-654.13 -569.50
-683.17 -569.50
-710.09 -569.50
-589.09 -569.50
-660.78 -569.50
-602.27 -569.50
-836.83 -569.50
-721.46 -569.50
-725.69 -569.50
-870.47 -569.50
-580.60 -569.50
-650.05 -569.50
-602.43 -569.50
-605.40 -569.50
-719.46 -569.50
-606.19 -569.50
-569.75 -569.75
-764.47 -569.75
-648.09 -569.75
-610.10 -569.75
-687.40 -569.75
-620.06 -569.75
-606.70 -569.75
-591.20 -569.75
-687.25 -569.75
-587.31 -569.75
-628.32 -569.75
-577.81 -569.75
-577.52 -569.75
-687.57 -569.75
-575.88 -569.75
-718.83 -569.75
-607.17 -569.75
-570.47 -569.75
-666.81 -569.75
-747.75 -569.75
-838.61 -569.75
-648.51 -569.75
-579.61 -569.75
-575.29 -569.75
-648.79 -569.75
-587.45 -569.75
-808.76 -569.75
-735.95 -569.75
-581.75 -569.75
-690.48 -569.75
-590.09 -569.75
-587.67 -569.75
-758.52 -569.75
-585.76 -569.75
-610.00 -569.75
-770.20 -569.75
-631.31 -569.75
-685.48 -569.75
-654.98 -569.75
-675.34 -569.75
-772.94 -569.75
-587.65 -569.75
-632.27 -569.75
-715.67 -569.75
-620.37 -569.75
-593.84 -569.75
-580.11 -569.75
-578.99 -569.75
-584.99 -569.75
-587.47 -569.75
-821.64 -569.75
-614.01 -569.75
-616.59 -569.75
-912.31 -569.75
-772.99 -569.75
-723.97 -569.75
-570.12 -569.75
-581.70 -569.75
-736.91 -569.75
-628.01 -569.75
-678.68 -569.75
-618.57 -569.75
-671.92 -569.75
-753.78 -569.75
-588.69 -569.75
-590.35 -569.75
-651.47 -569.75
-658.24 -569.75
-723.19 -569.75
-854.72 -569.75
-580.80 -569.75
-716.55 -569.75
-619.08 -569.75
-711.30 -569.75
-609.50 -569.75
-582.49 -569.75
-616.96 -569.75
-816.24 -569.75
-798.64 -569.75
-723.64 -569.75
-677.80 -569.75
-587.48 -569.75
-585.88 -569.75
-570.39 -569.75
-570.71 -569.75
-695.13 -569.75
-819.00 -569.75
-603.29 -569.75
-712.53 -569.75
-594.09 -569.75
-627.40 -569.75
-643.78 -569.75
-781.43 -569.75
-661.30 -569.75
-643.30 -569.75
-755.06 -569.75
-578.13 -569.75
-602.89 -569.75
-573.54 -569.75
-570.38 -569.75
-683.44 -569.75
-713.36 -569.75
-569.80 -569.80
-673.26 -569.80
-634.46 -569.80
-655.18 -569.80
-711.68 -569.80
-579.10 -569.80
-585.97 -569.80
-708.76 -569.80
-683.97 -569.80
-577.55 -569.80
-572.56 -569.80
-1755.81 -1755.81
-1722.58 -1722.58
-1734.55 -1722.58
-1706.93 -1706.93
-1726.65 -1706.93
-1702.75 -1702.75
-1725.15 -1702.75
-1706.80 -1702.75
-1738.16 -1702.75
-1689.15 -1689.15
-1732.65 -1689.15
-1692.13 -1689.15
-1710.79 -1689.15
-1708.06 -1689.15
-1708.75 -1689.15
-1716.26 -1689.15
-1757.39 -1689.15
-1711.19 -1689.15
-1670.71 -1670.71
-1687.96 -1670.71
-1703.25 -1670.71
-1686.14 -1670.71
-1688.37 -1670.71
-1650.21 -1650.21
-1642.44 -1642.44
-1592.42 -1592.42
-1605.23 -1592.42
-1587.79 -1587.79
-1513.32 -1513.32
-1490.24 -1490.24
-1437.87 -1437.87
-1387.86 -1387.86
-1400.02 -1387.86
-1373.93 -1373.93
-1399.27 -1373.93
-1428.09 -1373.93
-1468.25 -1373.93
-1325.99 -1325.99
-1268.64 -1268.64
-1308.92 -1268.64
-1251.22 -1251.22
-1223.10 -1223.10
-1254.48 -1223.10
-1195.59 -1195.59
-1214.62 -1195.59
-1109.31 -1109.31
-1111.19 -1109.31
-940.18 -940.18
-942.82 -940.18
-1037.60 -940.18
-1016.08 -940.18
-876.49 -876.49
-832.38 -832.38
-1028.55 -832.38
-843.78 -832.38
-947.48 -832.38
-1007.10 -832.38
-681.07 -681.07
-840.25 -681.07
-581.69 -581.69
-723.31 -581.69
-692.05 -581.69
-614.39 -581.69
-799.72 -581.69
-650.14 -581.69
-644.75 -581.69
-609.80 -581.69
-682.18 -581.69
-574.24 -574.24
-601.54 -574.24
-749.29 -574.24
-635.19 -574.24
-684.60 -574.24
-573.65 -573.65
-770.79 -573.65
-579.60 -573.65
-577.70 -573.65
-600.96 -573.65
-609.25 -573.65
-641.62 -573.65
-630.27 -573.65
-664.12 -573.65
-714.03 -573.65
-587.58 -573.65
-579.48 -573.65
-724.12 -573.65
-573.56 -573.56
-585.02 -573.56
-769.49 -573.56
-570.88 -570.88
-656.49 -570.88
-570.39 -570.39
-627.52 -570.39
-577.54 -570.39
-569.49 -569.49
-648.84 -569.49
-588.02 -569.49
-588.91 -569.49
-604.68 -569.49
-728.76 -569.49
-623.05 -569.49
-687.20 -569.49
-570.09 -570.09
-857.34 -570.09
-572.83 -570.09
-592.65 -570.09
-765.61 -570.09
-671.93 -570.09
-710.36 -570.09
-569.59 -569.59
-574.73 -569.59
-581.69 -569.59
-711.04 -569.59
-799.56 -569.59
-693.67 -569.59
-569.63 -569.63
-671.45 -569.63
-601.16 -569.63
-578.79 -569.63
-750.35 -569.63
-579.37 -569.63
-679.63 -569.63
-579.14 -569.63
-706.43 -569.63
-583.63 -569.63
-582.31 -569.63
-790.64 -569.63
-604.61 -569.63
-756.28 -569.63
-802.14 -569.63
-584.31 -569.63
-620.91 -569.63
-658.89 -569.63
-726.56 -569.63
-709.84 -569.63
-667.21 -569.63
-569.86 -569.63
-740.18 -569.63
-652.73 -569.63
-679.03 -569.63
-755.45 -569.63
-575.85 -569.63
-653.51 -569.63
-651.30 -569.63
-664.36 -569.63
-680.12 -569.63
-750.95 -569.63
-625.65 -569.63
-627.51 -569.63
-630.39 -569.63
-762.40 -569.63
-644.67 -569.63
-588.11 -569.63
-686.16 -569.63
-797.85 -569.63
-623.14 -569.63
-755.22 -569.63
-654.61 -569.63
-572.57 -569.63
-606.13 -569.63
-582.16 -569.63
-588.86 -569.63
-629.12 -569.63
-658.11 -569.63
-607.82 -569.63
-676.72 -569.63
-835.64 -569.63
-629.94 -569.63
-723.11 -569.63
-630.44 -569.63
-601.84 -569.63
-682.57 -569.63
-649.54 -569.63
-609.08 -569.63
-734.37 -569.63
-646.43 -569.63
-578.32 -569.63
-640.34 -569.63
-765.64 -569.63
-604.35 -569.63
-580.44 -569.63
-585.79 -569.63
-627.04 -569.63
-724.81 -569.63
-578.97 -569.63
-628.90 -569.63
-628.52 -569.63
-603.05 -569.63
-679.11 -569.63
-603.07 -569.63
-712.93 -569.63
-570.70 -569.63
-1049.08 -569.63
-632.32 -569.63
-684.86 -569.63
-754.39 -569.63
-749.85 -569.63
-723.30 -569.63
-585.77 -569.63
-603.86 -569.63
-569.60 -569.60
-605.12 -569.60
-578.75 -569.60
-570.61 -569.60
-772.20 -569.60
-589.58 -569.60
-627.81 -569.60
-629.94 -569.60
-577.61 -569.60
-631.61 -569.60
-628.43 -569.60
-804.04 -569.60
-689.06 -569.60
-686.48 -569.60
-682.82 -569.60
-619.16 -569.60
-714.94 -569.60
-620.77 -569.60
-657.57 -569.60
-719.35 -569.60
-592.52 -569.60
-713.37 -569.60
-669.11 -569.60
-569.80 -569.60
-606.36 -569.60
-719.82 -569.60
-723.14 -569.60
-587.40 -569.60
-584.58 -569.60
-678.84 -569.60
-603.16 -569.60
-579.83 -569.60
-602.69 -569.60
-652.00 -569.60
-678.52 -569.60
-657.10 -569.60
-684.80 -569.60
-753.61 -569.60
-694.72 -569.60
-579.57 -569.60
-679.98 -569.60
-581.60 -569.60
-613.23 -569.60
-766.25 -569.60
-913.49 -569.60
-722.22 -569.60
-721.37 -569.60
-576.27 -569.60
-577.78 -569.60
-712.63 -569.60
-730.44 -569.60
-720.33 -569.60
-579.14 -569.60
-653.39 -569.60
-572.85 -569.60
-652.15 -569.60
-683.40 -569.60
-587.67 -569.60
-680.75 -569.60
-586.10 -569.60
-582.56 -569.60
-600.92 -569.60
-681.83 -569.60
-576.01 -569.60
-719.22 -569.60
-675.30 -569.60
-842.02 -569.60
-737.59 -569.60
-724.36 -569.60
-605.60 -569.60
-726.56 -569.60
-588.24 -569.60
-631.86 -569.60
-811.90 -569.60
-589.96 -569.60
-712.16 -569.60
-648.95 -569.60
-635.22 -569.60
-608.24 -569.60
-718.82 -569.60
-678.87 -569.60
-651.71 -569.60
-712.87 -569.60
-790.19 -569.60
-623.83 -569.60
-655.00 -569.60
-604.24 -569.60
-576.80 -569.60
-712.44 -569.60
-666.21 -569.60
-730.85 -569.60
-655.52 -569.60
-715.80 -569.60
-776.34 -569.60
-578.60 -569.60
-579.06 -569.60
-601.23 -569.60
-609.49 -569.60
-572.78 -569.60
-687.29 -569.60
-576.70 -569.60
-606.37 -569.60
-573.68 -569.60
-582.09 -569.60
-714.05 -569.60
-675.50 -569.60
-654.04 -569.60
-687.83 -569.60
-656.69 -569.60
-680.60 -569.60
-620.72 -569.60
-587.56 -569.60
-678.65 -569.60
-610.06 -569.60
-650.05 -569.60
-694.50 -569.60
-627.54 -569.60
-828.92 -569.60
-683.16 -569.60
-578.82 -569.60
-589.11 -569.60
-619.16 -569.60
-767.96 -569.60
-629.72 -569.60
-683.05 -569.60
-756.09 -569.60
-673.47 -569.60
-753.05 -569.60
-569.91 -569.91
-587.20 -569.91
-664.88 -569.91
-750.69 -569.91
-606.71 -569.91
-578.91 -569.91
-650.83 -569.91
-760.99 -569.91
-755.34 -569.91
-781.02 -569.91
-687.46 -569.91
-809.82 -569.91
-580.62 -569.91
-569.49 -569.49
-582.09 -569.49
-630.41 -569.49
-685.40 -569.49
-740.71 -569.49
-659.57 -569.49
-587.56 -569.49
-757.58 -569.49
-608.39 -569.49
-687.23 -569.49
-694.94 -569.49
-877.31 -569.49
-677.31 -569.49
-651.04 -569.49
-588.82 -569.49
-775.00 -569.49
-715.86 -569.49
-685.49 -569.49
-681.36 -569.49
-679.37 -569.49
-652.36 -569.49
-705.89 -569.49
-605.72 -569.49
-582.06 -569.49
-628.35 -569.49
-653.97 -569.49
-594.11 -569.49
-645.28 -569.49
-680.72 -569.49
-753.86 -569.49
-645.08 -569.49
-790.57 -569.49
-677.87 -569.49
-736.83 -569.49
-629.96 -569.49
-612.68 -569.49
-685.00 -569.49
-678.40 -569.49
-718.35 -569.49
-569.93 -569.49
-634.91 -569.49
-766.94 -569.49
-577.49 -569.49
-715.89 -569.49
-683.51 -569.49
-611.72 -569.49
-676.70 -569.49
-576.74 -569.49
-614.48 -569.49
-693.38 -569.49
-734.59 -569.49
-889.35 -569.49
-825.60 -569.49
-579.39 -569.49
-589.50 -569.49
-658.98 -569.49
-658.06 -569.49
-587.12 -569.49
-577.18 -569.49
-610.21 -569.49
-582.63 -569.49
-577.88 -569.49
-644.76 -569.49
-728.15 -569.49
-791.95 -569.49
-652.74 -569.49
-684.38 -569.49
-621.37 -569.49
-761.36 -569.49
-579.45 -569.49
-683.32 -569.49
-720.63 -569.49
-613.64 -569.49
-583.20 -569.49
-623.08 -569.49
-1761.87 -1761.87
-1783.98 -1761.87
-1774.92 -1761.87
-1725.12 -1725.12
-1727.38 -1725.12
-1708.03 -1708.03
-1668.65 -1668.65
-1680.27 -1668.65
-1665.47 -1665.47
-1645.58 -1645.58
-1671.52 -1645.58
-1681.74 -1645.58
-1659.13 -1645.58
-1673.75 -1645.58
-1608.35 -1608.35
-1607.26 -1607.26
-1638.88 -1607.26
-1624.77 -1607.26
-1589.89 -1589.89
-1572.72 -1572.72
-1601.76 -1572.72
-1539.95 -1539.95
-1514.51 -1514.51
-1527.82 -1514.51
-1449.51 -1449.51
-1378.99 -1378.99
-1434.01 -1378.99
-1485.82 -1378.99
-1342.06 -1342.06
-1209.86 -1209.86
-1141.75 -1141.75
-1067.06 -1067.06
-1165.43 -1067.06
-1050.54 -1050.54
-1182.29 -1050.54
-978.19 -978.19
-1037.76 -978.19
-947.48 -947.48
-906.18 -906.18
-758.74 -758.74
-902.65 -758.74
-906.01 -758.74
-854.76 -758.74
-951.85 -758.74
-903.80 -758.74
-941.88 -758.74
-589.32 -589.32
-600.92 -589.32
-722.69 -589.32
-774.56 -589.32
-649.95 -589.32
-618.20 -589.32
-794.11 -589.32
-977.91 -589.32
-578.32 -578.32
-635.10 -578.32
-768.62 -578.32
-641.70 -578.32
-651.47 -578.32
-675.46 -578.32
-723.88 -578.32
-608.45 -578.32
-626.83 -578.32
-580.22 -578.32
-629.96 -578.32
-936.33 -578.32
-576.58 -576.58
-587.08 -576.58
-837.12 -576.58
-707.45 -576.58
-712.79 -576.58
-801.97 -576.58
-570.84 -570.84
-719.12 -570.84
-603.87 -570.84
-653.53 -570.84
-802.35 -570.84
-581.84 -570.84
-677.12 -570.84
-649.00 -570.84
-627.57 -570.84
-654.74 -570.84
-842.29 -570.84
-604.69 -570.84
-614.25 -570.84
-583.17 -570.84
-837.16 -570.84
-717.85 -570.84
-600.60 -570.84
-581.78 -570.84
-665.88 -570.84
-685.01 -570.84
-641.21 -570.84
-584.03 -570.84
-645.07 -570.84
-847.02 -570.84
-644.57 -570.84
-644.63 -570.84
-604.12 -570.84
-712.49 -570.84
-648.62 -570.84
-795.84 -570.84
-642.77 -570.84
-747.37 -570.84
-762.35 -570.84
-579.51 -570.84
-685.93 -570.84
-717.35 -570.84
-607.92 -570.84
-574.46 -570.84
-589.31 -570.84
-719.60 -570.84
-601.94 -570.84
-714.18 -570.84
-798.39 -570.84
-591.94 -570.84
-611.92 -570.84
-879.61 -570.84
-651.40 -570.84
-569.62 -569.62
-610.15 -569.62
-1020.44 -569.62
-654.84 -569.62
-707.59 -569.62
-753.71 -569.62
-579.36 -569.62
-575.41 -569.62
-755.69 -569.62
-719.04 -569.62
-616.73 -569.62
-683.29 -569.62
-657.26 -569.62
-707.61 -569.62
-684.44 -569.62
-580.38 -569.62
-828.46 -569.62
-745.99 -569.62
-952.95 -569.62
-761.95 -569.62
-569.70 -569.70
-738.73 -569.70
-659.60 -569.70
-760.72 -569.70
-578.41 -569.70
-652.30 -569.70
-606.41 -569.70
-606.19 -569.70
-643.18 -569.70
-709.05 -569.70
-751.37 -569.70
-570.24 -569.70
-830.86 -569.70
-658.10 -569.70
-656.24 -569.70
-716.30 -569.70
-578.34 -569.70
-693.06 -569.70
-666.41 -569.70
-629.69 -569.70
-613.64 -569.70
-760.04 -569.70
-730.75 -569.70
-837.57 -569.70
-640.93 -569.70
-685.66 -569.70
-583.65 -569.70
-733.48 -569.70
-717.28 -569.70
-608.92 -569.70
-591.05 -569.70
-586.57 -569.70
-572.84 -569.70
-670.30 -569.70
-680.70 -569.70
-808.33 -569.70
-671.78 -569.70
-679.98 -569.70
-603.99 -569.70
-691.18 -569.70
-578.80 -569.70
-606.16 -569.70
-579.14 -569.70
-581.60 -569.70
-685.65 -569.70
-679.70 -569.70
-694.10 -569.70
-626.12 -569.70
-760.53 -569.70
-615.50 -569.70
-729.29 -569.70
-578.63 -569.70
-799.36 -569.70
-582.79 -569.70
-641.36 -569.70
-580.63 -569.70
-569.84 -569.84
-601.65 -569.84
-754.23 -569.84
-643.41 -569.84
-578.78 -569.84
-655.43 -569.84
-577.53 -569.84
-677.87 -569.84
-694.71 -569.84
-630.39 -569.84
-679.34 -569.84
-786.51 -569.84
-628.40 -569.84
-819.15 -569.84
-569.49 -569.49
-587.41 -569.49
-679.32 -569.49
-732.52 -569.49
-576.06 -569.49
-603.51 -569.49
-582.15 -569.49
-604.14 -569.49
-609.87 -569.49
-578.93 -569.49
-724.71 -569.49
-650.82 -569.49
-578.53 -569.49
-601.17 -569.49
-786.48 -569.49
-680.17 -569.49
-578.68 -569.49
-685.43 -569.49
-569.57 -569.57
-626.87 -569.57
-835.91 -569.57
-689.81 -569.57
-795.67 -569.57
-592.17 -569.57
-575.63 -569.57
-710.44 -569.57
-858.67 -569.57
-645.70 -569.57
-588.05 -569.57
-628.58 -569.57
-740.21 -569.57
-581.70 -569.57
-903.13 -569.57
-684.10 -569.57
-768.15 -569.57
-650.63 -569.57
-580.56 -569.57
-643.56 -569.57
-610.53 -569.57
-576.32 -569.57
-635.03 -569.57
-587.62 -569.57
-585.58 -569.57
-835.46 -569.57
-629.07 -569.57
-582.41 -569.57
-629.98 -569.57
-687.69 -569.57
-581.35 -569.57
-683.39 -569.57
-628.15 -569.57
-665.81 -569.57
-585.26 -569.57
-572.80 -569.57
-582.58 -569.57
-664.97 -569.57
-685.08 -569.57
-585.81 -569.57
-569.67 -569.67
-606.71 -569.67
-605.14 -569.67
-574.45 -569.67
-577.45 -569.67
-728.39 -569.67
-603.89 -569.67
-582.94 -569.67
-613.30 -569.67
-689.51 -569.67
-901.21 -569.67
-821.62 -569.67
-712.49 -569.67
-670.57 -569.67
-623.24 -569.67
-652.01 -569.67
-603.98 -569.67
-649.49 -569.67
-758.43 -569.67
-677.82 -569.67
-627.21 -569.67
-589.60 -569.67
-684.90 -569.67
-601.78 -569.67
-750.49 -569.67
-620.12 -569.67
-587.32 -569.67
-854.56 -569.67
-629.24 -569.67
-913.09 -569.67
-722.19 -569.67
-667.36 -569.67
-693.68 -569.67
-685.53 -569.67
-711.07 -569.67
-732.97 -569.67
-572.86 -569.67
-719.03 -569.67
-810.35 -569.67
-836.73 -569.67
-680.88 -569.67
-579.29 -569.67
-661.34 -569.67
-658.12 -569.67
-627.66 -569.67
-606.56 -569.67
-579.18 -569.67
-728.86 -569.67
-590.38 -569.67
-758.03 -569.67
-586.76 -569.67
-668.41 -569.67
-652.71 -569.67
-753.63 -569.67
-583.85 -569.67
-615.07 -569.67
-780.68 -569.67
-720.81 -569.67
-808.36 -569.67
-795.53 -569.67
-583.78 -569.67
-650.74 -569.67
-674.12 -569.67
-764.35 -569.67
-607.20 -569.67
-606.67 -569.67
-677.77 -569.67
-603.38 -569.67
-578.78 -569.67
-721.74 -569.67
-684.82 -569.67
-653.89 -569.67
-830.91 -569.67
-751.34 -569.67
-893.47 -569.67
-576.46 -569.67
-608.25 -569.67
-686.74 -569.67
-657.04 -569.67
-625.37 -569.67
-585.66 -569.67
-577.57 -569.67
-693.08 -569.67
-732.92 -569.67
-690.22 -569.67
-583.69 -569.67
-769.32 -569.67
-586.31 -569.67
-587.46 -569.67
-930.78 -569.67
-881.56 -569.67
-587.39 -569.67
-576.65 -569.67
-569.60 -569.60
-579.00 -569.60
-666.48 -569.60
-601.23 -569.60
-591.83 -569.60
-643.92 -569.60
-796.89 -569.60
-580.25 -569.60
-709.04 -569.60
-608.03 -569.60
-661.62 -569.60
-582.16 -569.60
-578.00 -569.60
-583.91 -569.60
-582.59 -569.60
-881.29 -569.60
-654.70 -569.60
-569.50 -569.50
-758.32 -569.50
-580.44 -569.50
-644.13 -569.50
-838.62 -569.50
-577.80 -569.50
-654.89 -569.50
-608.39 -569.50
-781.71 -569.50
-607.21 -569.50
-586.96 -569.50
-569.49 -569.49
-687.74 -569.49
-779.16 -569.49
-609.86 -569.49
-628.63 -569.49
-635.30 -569.49
-641.29 -569.49
-846.86 -569.49
-623.94 -569.49
-581.70 -569.49
-692.31 -569.49
-677.38 -569.49
-713.35 -569.49
-587.24 -569.49
-629.36 -569.49
-613.62 -569.49
-782.51 -569.49
-616.34 -569.49
-606.24 -569.49
-799.96 -569.49
-677.72 -569.49
-727.22 -569.49
-694.42 -569.49
-605.01 -569.49
-626.98 -569.49
-579.16 -569.49
-602.15 -569.49
-831.27 -569.49
-1737.29 -1737.29
-1719.31 -1719.31
-1725.04 -1719.31
-1688.59 -1688.59
-1709.02 -1688.59
-1715.05 -1688.59
-1672.49 -1672.49
-1707.01 -1672.49
-1633.47 -1633.47
-1666.28 -1633.47
-1616.44 -1616.44
-1581.85 -1581.85
-1554.96 -1554.96
-1553.45 -1553.45
-1526.33 -1526.33
-1462.41 -1462.41
-1461.04 -1461.04
-1449.66 -1449.66
-1433.99 -1433.99
-1414.50 -1414.50
-1471.04 -1414.50
-1390.69 -1390.69
-1236.84 -1236.84
-1251.93 -1236.84
-1083.88 -1083.88
-1166.81 -1083.88
-1203.74 -1083.88
-982.36 -982.36
-987.53 -982.36
-938.12 -938.12
-1050.67 -938.12
-942.70 -938.12
-778.29 -778.29
-865.50 -778.29
-667.07 -667.07
-601.88 -601.88
-653.37 -601.88
-598.95 -598.95
-573.70 -573.70
-658.94 -573.70
-625.95 -573.70
-689.46 -573.70
-578.04 -573.70
-705.67 -573.70
-588.66 -573.70
-624.08 -573.70
-685.07 -573.70
-719.59 -573.70
-719.83 -573.70
-605.50 -573.70
-771.27 -573.70
-578.22 -573.70
-677.66 -573.70
-576.17 -573.70
-649.82 -573.70
-724.29 -573.70
-655.66 -573.70
-579.10 -573.70
-583.54 -573.70
-588.66 -573.70
-684.61 -573.70
-608.13 -573.70
-785.61 -573.70
-592.81 -573.70
-609.29 -573.70
-644.24 -573.70
-577.50 -573.70
-677.68 -573.70
-796.44 -573.70
-663.93 -573.70
-684.03 -573.70
-580.04 -573.70
-727.71 -573.70
-588.13 -573.70
-578.86 -573.70
-590.83 -573.70
-605.07 -573.70
-574.23 -573.70
-632.23 -573.70
-569.58 -569.58
-601.42 -569.58
-773.32 -569.58
-686.00 -569.58
-609.89 -569.58
-684.14 -569.58
-726.12 -569.58
-630.41 -569.58
-627.96 -569.58
-582.36 -569.58
-579.36 -569.58
-611.91 -569.58
-626.64 -569.58
-614.68 -569.58
-739.41 -569.58
-669.83 -569.58
-651.46 -569.58
-618.21 -569.58
-604.93 -569.58
-651.75 -569.58
-726.86 -569.58
-683.13 -569.58
-587.17 -569.58
-677.91 -569.58
-711.74 -569.58
-626.82 -569.58
-719.65 -569.58
-679.06 -569.58
-846.98 -569.58
-654.76 -569.58
-651.26 -569.58
-609.51 -569.58
-584.45 -569.58
-582.29 -569.58
-611.97 -569.58
-578.71 -569.58
-757.35 -569.58
-765.95 -569.58
-643.65 -569.58
-687.49 -569.58
-718.61 -569.58
-583.90 -569.58
-607.06 -569.58
-710.52 -569.58
-717.31 -569.58
-622.60 -569.58
-603.87 -569.58
-755.59 -569.58
-646.07 -569.58
-718.03 -569.58
-686.82 -569.58
-683.34 -569.58
-792.09 -569.58
-617.42 -569.58
-725.86 -569.58
-677.21 -569.58
-726.11 -569.58
-580.37 -569.58
-650.83 -569.58
-717.02 -569.58
-582.64 -569.58
-602.34 -569.58
-645.88 -569.58
-788.24 -569.58
-795.57 -569.58
-628.58 -569.58
-727.68 -569.58
-652.71 -569.58
-825.66 -569.58
-629.98 -569.58
-650.51 -569.58
-581.44 -569.58
-687.60 -569.58
-681.24 -569.58
-575.86 -569.58
-674.45 -569.58
-577.73 -569.58
-570.34 -570.34
-757.74 -570.34
-575.89 -570.34
-867.23 -570.34
-652.70 -570.34
-680.68 -570.34
-759.81 -570.34
-581.82 -570.34
-598.92 -570.34
-925.72 -570.34
-585.78 -570.34
-749.92 -570.34
-695.20 -570.34
-570.25 -570.25
-675.06 -570.25
-664.13 -570.25
-653.37 -570.25
-589.82 -570.25
-583.83 -570.25
-712.82 -570.25
-770.86 -570.25
-608.22 -570.25
-688.71 -570.25
-769.54 -570.25
-589.32 -570.25
-800.47 -570.25
-574.81 -570.25
-839.98 -570.25
-625.25 -570.25
-712.85 -570.25
-583.45 -570.25
-587.45 -570.25
-934.14 -570.25
-609.92 -570.25
-644.64 -570.25
-632.23 -570.25
-604.88 -570.25
-725.49 -570.25
-650.57 -570.25
-640.55 -570.25
-578.44 -570.25
-654.33 -570.25
-749.62 -570.25
-610.56 -570.25
-569.49 -569.49
-627.11 -569.49
-789.83 -569.49
-719.55 -569.49
-808.71 -569.49
-578.21 -569.49
-656.85 -569.49
-576.57 -569.49
-570.62 -569.49
-688.10 -569.49
-684.52 -569.49
-801.11 -569.49
-707.89 -569.49
-604.56 -569.49
-577.62 -569.49
-716.36 -569.49
-645.67 -569.49
-635.84 -569.49
-580.74 -569.49
-683.32 -569.49
-580.90 -569.49
-779.76 -569.49
-603.65 -569.49
-716.80 -569.49
-643.21 -569.49
-685.72 -569.49
-570.58 -569.49
-655.02 -569.49
-613.11 -569.49
-676.27 -569.49
-651.20 -569.49
-606.51 -569.49
-723.10 -569.49
-683.00 -569.49
-821.97 -569.49
-678.21 -569.49
-761.08 -569.49
-603.17 -569.49
-683.06 -569.49
-723.42 -569.49
-569.76 -569.76
-716.30 -569.76
-803.92 -569.76
-714.80 -569.76
-570.40 -570.40
-586.16 -570.40
-586.07 -570.40
-602.07 -570.40
-824.56 -570.40
-673.26 -570.40
-733.54 -570.40
-756.45 -570.40
-587.01 -570.40
-587.80 -570.40
-584.04 -570.40
-664.97 -570.40
-587.58 -570.40
-580.09 -570.40
-588.63 -570.40
-679.27 -570.40
-569.56 -569.56
-635.10 -569.56
-803.54 -569.56
-684.39 -569.56
-579.34 -569.56
-580.64 -569.56
-781.69 -569.56
-623.29 -569.56
-627.66 -569.56
-610.25 -569.56
-587.78 -569.56
-579.15 -569.56
-656.74 -569.56
-586.14 -569.56
-629.06 -569.56
-677.64 -569.56
-620.40 -569.56
-710.12 -569.56
-574.34 -569.56
-754.39 -569.56
-579.06 -569.56
-584.23 -569.56
-681.34 -569.56
-569.88 -569.56
-582.17 -569.56
-686.78 -569.56
-708.19 -569.56
-670.19 -569.56
-728.43 -569.56
-573.58 -569.56
-573.45 -569.56
-661.44 -569.56
-645.00 -569.56
-783.73 -569.56
-720.50 -569.56
-710.29 -569.56
-706.35 -569.56
-584.43 -569.56
-582.47 -569.56
-606.36 -569.56
-790.31 -569.56
-578.84 -569.56
-640.63 -569.56
-684.20 -569.56
-635.33 -569.56
-675.50 -569.56
-723.43 -569.56
-679.71 -569.56
-576.60 -569.56
-587.55 -569.56
-771.29 -569.56
-607.33 -569.56
-582.13 -569.56
-715.48 -569.56
-804.45 -569.56
-812.34 -569.56
-636.31 -569.56
-615.40 -569.56
-569.79 -569.79
-683.73 -569.79
-722.63 -569.79
-589.23 -569.79
-578.72 -569.79
-572.61 -569.79
-647.76 -569.79
-781.11 -569.79
-682.49 -569.79
-653.62 -569.79
-711.89 -569.79
-715.13 -569.79
-609.42 -569.79
-569.74 -569.74
-587.37 -569.74
-572.99 -569.74
-766.28 -569.74
-600.65 -569.74
-585.95 -569.74
-649.82 -569.74
-654.63 -569.74
-645.99 -569.74
-798.91 -569.74
-756.01 -569.74
-569.73 -569.73
-575.44 -569.73
-684.49 -569.73
-629.56 -569.73
-732.90 -569.73
-769.48 -569.73
-573.46 -569.73
-615.13 -569.73
-644.89 -569.73
-685.15 -569.73
-581.55 -569.73
-572.56 -569.73
-705.88 -569.73
-773.44 -569.73
-716.99 -569.73
-663.48 -569.73
-672.16 -569.73
-598.91 -569.73
-580.16 -569.73
-569.63 -569.63
-781.03 -569.63
-818.85 -569.63
-723.16 -569.63
-678.90 -569.63
-570.94 -569.63
-834.63 -569.63
-636.25 -569.63
-705.70 -569.63
-585.83 -569.63
-718.00 -569.63
-648.67 -569.63
-667.94 -569.63
-614.37 -569.63
-685.91 -569.63
-579.72 -569.63
-677.75 -569.63
-606.49 -569.63
-644.88 -569.63
-578.81 -569.63
-584.20 -569.63
-618.24 -569.63
-600.67 -569.63
-658.73 -569.63
-581.37 -569.63
-716.21 -569.63
-683.94 -569.63
-865.96 -569.63
-677.72 -569.63
-580.55 -569.63
-688.74 -569.63
-844.52 -569.63
-579.43 -569.63
-729.96 -569.63
-657.39 -569.63
-749.41 -569.63
-603.61 -569.63
-664.14 -569.63
-716.98 -569.63
-682.10 -569.63
-819.29 -569.63
-755.38 -569.63
-586.17 -569.63
-713.00 -569.63
-586.04 -569.63
-578.08 -569.63
-572.91 -569.63
-645.27 -569.63
-686.20 -569.63
-714.61 -569.63
-738.64 -569.63
-591.84 -569.63
-738.22 -569.63
-652.53 -569.63
-584.18 -569.63
-1792.37 -569.63
-1764.74 -1764.74
-1775.46 -1764.74
-1796.88 -1764.74
-1748.40 -1748.40
-1705.33 -1705.33
-1727.73 -1705.33
-1725.01 -1705.33
-1746.34 -1705.33
-1720.67 -1705.33
-1679.79 -1679.79
-1708.67 -1679.79
-1686.23 -1679.79
-1708.17 -1679.79
-1646.40 -1646.40
-1634.82 -1634.82
-1681.77 -1634.82
-1600.91 -1600.91
-1623.48 -1600.91
-1556.51 -1556.51
-1566.95 -1556.51
-1567.39 -1556.51
-1578.49 -1556.51
-1559.36 -1556.51
-1567.59 -1556.51
-1554.99 -1554.99
-1566.20 -1554.99
-1549.44 -1549.44
-1582.67 -1549.44
-1590.50 -1549.44
-1559.74 -1549.44
-1612.91 -1549.44
-1491.30 -1491.30
-1512.02 -1491.30
-1534.23 -1491.30
-1465.63 -1465.63
-1523.75 -1465.63
-1454.55 -1454.55
-1451.83 -1451.83
-1436.28 -1436.28
-1436.22 -1436.22
-1483.72 -1436.22
-1392.23 -1392.23
-1317.02 -1317.02
-1326.22 -1317.02
-1249.80 -1249.80
-1249.89 -1249.89
-1199.69 -1199.69
-1296.20 -1199.69
-1176.46 -1176.46
-1222.91 -1176.46
-1288.56 -1176.46
-1215.36 -1176.46
-1204.92 -1176.46
-1031.57 -1031.57
-958.32 -958.32
-776.78 -776.78
-603.29 -603.29
-579.36 -579.36
-812.67 -579.36
-603.33 -579.36
-587.32 -579.36
-679.39 -579.36
-753.61 -579.36
-713.03 -579.36
-579.24 -579.24
-577.25 -577.25
-577.24 -577.24
-578.35 -577.24
-600.81 -577.24
-577.92 -577.24
-574.91 -574.91
-583.89 -574.91
-651.25 -574.91
-569.49 -569.49
-681.98 -569.49
-603.70 -569.49
-580.65 -569.49
-727.41 -569.49
-610.28 -569.49
-601.47 -569.49
-641.53 -569.49
-718.17 -569.49
-734.65 -569.49
-681.81 -569.49
-780.96 -569.49
-621.08 -569.49
-807.16 -569.49
-604.79 -569.49
-588.12 -569.49
-608.25 -569.49
-600.63 -569.49
-675.36 -569.49
-693.84 -569.49
-610.57 -569.49
-610.00 -569.49
-610.55 -569.49
-590.05 -569.49
-606.71 -569.49
-693.82 -569.49
-675.29 -569.49
-651.94 -569.49
-796.72 -569.49
-594.08 -569.49
-569.75 -569.75
-716.27 -569.75
-606.18 -569.75
-650.74 -569.75
-606.74 -569.75
-715.72 -569.75
-580.19 -569.75
-577.27 -569.75
-757.37 -569.75
-715.88 -569.75
-581.92 -569.75
-614.47 -569.75
-709.79 -569.75
-577.57 -569.75
-901.64 -569.75
-581.71 -569.75
-763.48 -569.75
-818.16 -569.75
-722.29 -569.75
-607.18 -569.75
-732.55 -569.75
-710.55 -569.75
-581.44 -569.75
-640.39 -569.75
-674.38 -569.75
-615.77 -569.75
-655.58 -569.75
-588.23 -569.75
-603.49 -569.75
-669.00 -569.75
-574.52 -569.75
-627.06 -569.75
-713.37 -569.75
-723.52 -569.75
-609.27 -569.75
-636.26 -569.75
-588.62 -569.75
-707.56 -569.75
-588.71 -569.75
-612.14 -569.75
-608.25 -569.75
-678.51 -569.75
-854.11 -569.75
-684.89 -569.75
-710.12 -569.75
-684.25 -569.75
-581.94 -569.75
-666.52 -569.75
-580.64 -569.75
-752.17 -569.75
-719.26 -569.75
-578.13 -569.75
-844.75 -569.75
-734.18 -569.75
-668.91 -569.75
-722.59 -569.75
-670.81 -569.75
-715.48 -569.75
-668.56 -569.75
-687.65 -569.75
-579.44 -569.75
-755.13 -569.75
-677.49 -569.75
-781.01 -569.75
-591.12 -569.75
-582.62 -569.75
-569.83 -569.83
-858.78 -569.83
-716.47 -569.83
-601.53 -569.83
-646.11 -569.83
-623.20 -569.83
-846.64 -569.83
-716.43 -569.83
-716.59 -569.83
-574.25 -569.83
-578.73 -569.83
-787.90 -569.83
-720.52 -569.83
-707.92 -569.83
-580.66 -569.83
-587.50 -569.83
-644.51 -569.83
-579.03 -569.83
-629.09 -569.83
-770.60 -569.83
-608.21 -569.83
-569.56 -569.56
-736.36 -569.56
-682.96 -569.56
-747.93 -569.56
-612.67 -569.56
-825.52 -569.56
-679.57 -569.56
-630.73 -569.56
-602.21 -569.56
-582.64 -569.56
-836.39 -569.56
-601.95 -569.56
-579.03 -569.56
-645.44 -569.56
-641.63 -569.56
-719.30 -569.56
-685.55 -569.56
-601.74 -569.56
-651.23 -569.56
-801.93 -569.56
-715.05 -569.56
-676.15 -569.56
-832.58 -569.56
-684.07 -569.56
-717.77 -569.56
-601.61 -569.56
-659.41 -569.56
-718.85 -569.56
-594.07 -569.56
-683.97 -569.56
-607.53 -569.56
-905.51 -569.56
-584.60 -569.56
-815.18 -569.56
-575.65 -569.56
-586.18 -569.56
-812.54 -569.56
-581.95 -569.56
-905.29 -569.56
-582.51 -569.56
-954.11 -569.56
-579.21 -569.56
-681.23 -569.56
-630.62 -569.56
-607.99 -569.56
-647.31 -569.56
-583.29 -569.56
-578.19 -569.56
-670.68 -569.56
-626.89 -569.56
-570.40 -569.56
-581.10 -569.56
-625.89 -569.56
-582.77 -569.56
-577.62 -569.56
-799.27 -569.56
-664.08 -569.56
-569.84 -569.84
-660.10 -569.84
-665.82 -569.84
-588.17 -569.84
-578.33 -569.84
-635.07 -569.84
-606.96 -569.84
-587.75 -569.84
-582.27 -569.84
-728.10 -569.84
-582.14 -569.84
-783.94 -569.84
-569.59 -569.59
-590.59 -569.59
-850.05 -569.59
-627.37 -569.59
-573.36 -569.59
-635.88 -569.59
-648.88 -569.59
-582.51 -569.59
-735.92 -569.59
-603.52 -569.59
-677.48 -569.59
-584.23 -569.59
-600.67 -569.59
-713.22 -569.59
-666.99 -569.59
-835.30 -569.59
-645.16 -569.59
-582.01 -569.59
-878.90 -569.59
-677.80 -569.59
-901.40 -569.59
-587.44 -569.59
-715.88 -569.59
-582.99 -569.59
-592.98 -569.59
-767.28 -569.59
-611.03 -569.59
-653.78 -569.59
-656.81 -569.59
-609.04 -569.59
-618.66 -569.59
-732.61 -569.59
-627.01 -569.59
-715.77 -569.59
-569.83 -569.83
-778.87 -569.83
-628.79 -569.83
-718.93 -569.83
-577.52 -569.83
-687.21 -569.83
-719.83 -569.83
-677.53 -569.83
-574.91 -569.83
-843.23 -569.83
-731.97 -569.83
-575.34 -569.83
-570.44 -570.44
-611.78 -570.44
-631.23 -570.44
-645.52 -570.44
-660.70 -570.44
-678.40 -570.44
-648.02 -570.44
-724.19 -570.44
-583.78 -570.44
-626.90 -570.44
-640.34 -570.44
-836.61 -570.44
-590.77 -570.44
-767.81 -570.44
-573.45 -570.44
-893.76 -570.44
-754.21 -570.44
-858.22 -570.44
-628.06 -570.44
-572.84 -570.44
-578.25 -570.44
-619.30 -570.44
-608.47 -570.44
-570.66 -570.66
-648.28 -570.66
-601.39 -570.66
-599.34 -570.66
-684.46 -570.66
-569.76 -569.76
-665.24 -569.76
-889.32 -569.76
-645.51 -569.76
-616.19 -569.76
-713.68 -569.76
-569.57 -569.57
-587.35 -569.57
-601.74 -569.57
-649.92 -569.57
-576.63 -569.57
-644.58 -569.57
-570.46 -569.57
-726.80 -569.57
-591.46 -569.57
-666.14 -569.57
-682.14 -569.57
-679.44 -569.57
-612.23 -569.57
-630.34 -569.57
-651.74 -569.57
-644.35 -569.57
-754.38 -569.57
-656.30 -569.57
-693.78 -569.57
-671.10 -569.57
-598.85 -569.57
-631.65 -569.57
-569.60 -569.60
-759.39 -569.60
-581.38 -569.60
-614.57 -569.60
-671.35 -569.60
-589.93 -569.60
-806.97 -569.60
-577.69 -569.60
-652.24 -569.60
-635.67 -569.60
-728.05 -569.60
-718.77 -569.60
-694.11 -569.60
-570.16 -570.16
-713.49 -570.16
-591.95 -570.16
-693.63 -570.16
-724.83 -570.16
-715.11 -570.16
-584.17 -570.16
-609.14 -570.16
-582.70 -570.16
-614.55 -570.16
-773.79 -570.16
-650.05 -570.16
-678.83 -570.16
-833.39 -570.16
-652.06 -570.16
-581.36 -570.16
-713.10 -570.16
-606.20 -570.16
-601.74 -570.16
-648.10 -570.16
-692.26 -570.16
-608.41 -570.16
-578.44 -570.16
-656.09 -570.16
-823.15 -570.16
-728.20 -570.16
-579.53 -570.16
-760.56 -570.16
-663.91 -570.16
-578.85 -570.16
-683.12 -570.16
-687.25 -570.16
-621.18 -570.16
-651.15 -570.16
-578.88 -570.16
-651.29 -570.16
-678.39 -570.16
-634.84 -570.16
-588.33 -570.16
-684.42 -570.16
-846.57 -570.16
-1823.21 -570.16
-1830.63 -570.16
-1797.36 -570.16
-1778.61 -1778.61
-1753.81 -1753.81
-1765.52 -1753.81
-1775.21 -1753.81
-1766.19 -1753.81
-1705.08 -1705.08
-1754.03 -1705.08
-1726.03 -1705.08
-1703.13 -1703.13
-1685.91 -1685.91
-1713.80 -1685.91
-1668.88 -1668.88
-1643.10 -1643.10
-1664.27 -1643.10
-1639.84 -1639.84
-1639.55 -1639.55
-1647.82 -1639.55
-1642.32 -1639.55
-1616.21 -1616.21
-1610.40 -1610.40
-1626.33 -1610.40
-1588.16 -1588.16
-1621.57 -1588.16
-1583.74 -1583.74
-1611.89 -1583.74
-1511.43 -1511.43
-1550.32 -1511.43
-1499.40 -1499.40
-1477.14 -1477.14
-1507.56 -1477.14
-1457.21 -1457.21
-1445.00 -1445.00
-1494.49 -1445.00
-1296.99 -1296.99
-1360.67 -1296.99
-1373.83 -1296.99
-1210.23 -1210.23
-1357.41 -1210.23
-1292.20 -1210.23
-1126.40 -1126.40
-1018.26 -1018.26
-1017.67 -1017.67
-901.93 -901.93
-719.46 -719.46
-730.69 -719.46
-980.87 -719.46
-865.55 -719.46
-833.32 -719.46
-830.41 -719.46
-818.68 -719.46
-675.48 -675.48
-684.93 -675.48
-965.57 -675.48
-723.84 -675.48
-832.34 -675.48
-674.48 -674.48
-727.78 -674.48
-582.79 -582.79
-577.12 -577.12
-759.63 -577.12
-777.58 -577.12
-810.00 -577.12
-716.23 -577.12
-570.24 -570.24
-769.26 -570.24
-623.73 -570.24
-843.78 -570.24
-873.21 -570.24
-669.61 -570.24
-600.68 -570.24
-708.04 -570.24
-578.89 -570.24
-616.97 -570.24
-587.32 -570.24
-578.51 -570.24
-680.64 -570.24
-732.71 -570.24
-712.67 -570.24
-792.37 -570.24
-627.97 -570.24
-903.08 -570.24
-606.58 -570.24
-780.93 -570.24
-606.91 -570.24
-727.99 -570.24
-687.15 -570.24
-767.38 -570.24
-618.57 -570.24
-926.97 -570.24
-797.59 -570.24
-723.91 -570.24
-779.06 -570.24
-649.82 -570.24
-582.07 -570.24
-843.31 -570.24
-651.14 -570.24
-898.92 -570.24
-729.57 -570.24
-605.67 -570.24
-1040.50 -570.24
-570.73 -570.24
-647.45 -570.24
-773.77 -570.24
-581.01 -570.24
-601.99 -570.24
-717.45 -570.24
-651.76 -570.24
-810.69 -570.24
-676.25 -570.24
-630.29 -570.24
-644.03 -570.24
-834.78 -570.24
-833.92 -570.24
-678.77 -570.24
-941.46 -570.24
-881.44 -570.24
-625.65 -570.24
-670.22 -570.24
-760.42 -570.24
-708.89 -570.24
-649.34 -570.24
-587.10 -570.24
-677.35 -570.24
-572.82 -570.24
-765.99 -570.24
-943.81 -570.24
-775.78 -570.24
-717.57 -570.24
-751.81 -570.24
-681.29 -570.24
-573.60 -573.60
-640.70 -573.60
-717.25 -573.60
-904.59 -573.60
-722.52 -573.60
-682.34 -573.60
-671.88 -573.60
-631.65 -573.60
-753.61 -573.60
-580.45 -573.60
-883.68 -573.60
-720.98 -573.60
-687.87 -573.60
-677.68 -573.60
-582.51 -573.60
-850.98 -573.60
-666.65 -573.60
-586.92 -573.60
-574.47 -574.47
-581.66 -574.47
-641.93 -574.47
-781.40 -574.47
-683.23 -574.47
-643.95 -574.47
-586.56 -574.47
-579.77 -574.47
-574.66 -574.66
-685.00 -574.66
-648.36 -574.66
-710.54 -574.66
-797.77 -574.66
-692.98 -574.66
-734.59 -574.66
-650.01 -574.66
-635.76 -574.66
-578.90 -574.66
-579.49 -574.66
-611.03 -574.66
-876.15 -574.66
-581.22 -574.66
-572.56 -572.56
-693.40 -572.56
-597.49 -572.56
-692.25 -572.56
-578.53 -572.56
-616.77 -572.56
-607.99 -572.56
-588.32 -572.56
-600.49 -572.56
-879.63 -572.56
-804.85 -572.56
-950.33 -572.56
-881.43 -572.56
-624.47 -572.56
-771.75 -572.56
-735.65 -572.56
-601.62 -572.56
-676.82 -572.56
-580.56 -572.56
-685.50 -572.56
-723.12 -572.56
-582.73 -572.56
-680.76 -572.56
-686.45 -572.56
-684.33 -572.56
-569.61 -569.61
-574.27 -569.61
-654.74 -569.61
-650.00 -569.61
-722.98 -569.61
-659.41 -569.61
-678.44 -569.61
-839.03 -569.61
-660.92 -569.61
-580.46 -569.61
-722.37 -569.61
-588.07 -569.61
-680.16 -569.61
-578.88 -569.61
-635.04 -569.61
-582.28 -569.61
-752.93 -569.61
-579.18 -569.61
-640.90 -569.61
-871.99 -569.61
-729.59 -569.61
-606.37 -569.61
-951.31 -569.61
-816.16 -569.61
-637.18 -569.61
-627.03 -569.61
-907.35 -569.61
-676.52 -569.61
-610.06 -569.61
-578.83 -569.61
-648.20 -569.61
-718.67 -569.61
-686.12 -569.61
-724.71 -569.61
-690.10 -569.61
-603.42 -569.61
-588.26 -569.61
-604.88 -569.61
-593.80 -569.61
-755.30 -569.61
-650.79 -569.61
-709.60 -569.61
-640.87 -569.61
-584.37 -569.61
-664.85 -569.61
-640.82 -569.61
-864.67 -569.61
-583.66 -569.61
-931.08 -569.61
-628.46 -569.61
-683.38 -569.61
-778.50 -569.61
-580.69 -569.61
-608.39 -569.61
-785.99 -569.61
-879.60 -569.61
-641.73 -569.61
-680.37 -569.61
-879.89 -569.61
-776.30 -569.61
-682.10 -569.61
-569.50 -569.50
-686.93 -569.50
-706.04 -569.50
-604.78 -569.50
-570.29 -570.29
-589.66 -570.29
-677.96 -570.29
-623.27 -570.29
-721.06 -570.29
-569.72 -569.72
-569.58 -569.58
-583.51 -569.58
-578.70 -569.58
-646.16 -569.58
-759.97 -569.58
-685.37 -569.58
-686.81 -569.58
-689.43 -569.58
-660.28 -569.58
-666.70 -569.58
-967.78 -569.58
-584.46 -569.58
-758.05 -569.58
-677.32 -569.58
-579.18 -569.58
-609.66 -569.58
-710.68 -569.58
-576.16 -569.58
-676.42 -569.58
-762.89 -569.58
-609.34 -569.58
-610.61 -569.58
-649.66 -569.58
-631.68 -569.58
-644.52 -569.58
-583.06 -569.58
-600.74 -569.58
-650.85 -569.58
-945.23 -569.58
-577.02 -569.58
-710.23 -569.58
-660.05 -569.58
-930.23 -569.58
-765.48 -569.58
-722.47 -569.58
-754.90 -569.58
-678.14 -569.58
-586.64 -569.58
-708.17 -569.58
-577.33 -569.58
-833.53 -569.58
-587.31 -569.58
-777.15 -569.58
-654.65 -569.58
-610.60 -569.58
-601.99 -569.58
-657.22 -569.58
-579.68 -569.58
-719.47 -569.58
-713.78 -569.58
-903.62 -569.58
-602.60 -569.58
-588.37 -569.58
-732.46 -569.58
-644.60 -569.58
-734.69 -569.58
-845.45 -569.58
-655.29 -569.58
-607.36 -569.58
-755.77 -569.58
-589.71 -569.58
-597.83 -569.58
-609.56 -569.58
-650.98 -569.58
-602.18 -569.58
-711.81 -569.58
-679.10 -569.58
-750.86 -569.58
-722.74 -569.58
-601.68 -569.58
-579.05 -569.58
-707.89 -569.58
-628.14 -569.58
-574.55 -569.58
-650.72 -569.58
-689.42 -569.58
-825.34 -569.58
-627.30 -569.58
-570.69 -569.58
-607.38 -569.58
-975.51 -569.58
-665.66 -569.58
-569.60 -569.60
-678.68 -569.60
-684.60 -569.60
-635.23 -569.60
-588.48 -569.60
-650.33 -569.60
-636.22 -569.60
-657.40 -569.60
-781.12 -569.60
-769.29 -569.60
-683.35 -569.60
-727.22 -569.60
-675.34 -569.60
-963.47 -569.60
-588.46 -569.60
-587.88 -569.60
-660.47 -569.60
-578.63 -569.60
-883.54 -569.60
-757.81 -569.60
-721.88 -569.60
-576.17 -569.60
-629.93 -569.60
-683.83 -569.60
-570.61 -569.60
-602.18 -569.60
-772.20 -569.60
-694.77 -569.60
-570.13 -570.13
-583.78 -570.13
-581.83 -570.13
-576.24 -570.13
-586.45 -570.13
-586.88 -570.13
-657.05 -570.13
-913.61 -570.13
-577.21 -570.13
-678.63 -570.13
-846.61 -570.13
-581.92 -570.13
-810.59 -570.13
-758.63 -570.13
-616.15 -570.13
-644.76 -570.13
-615.71 -570.13
-607.25 -570.13
-589.56 -570.13
-687.20 -570.13
-585.61 -570.13
-766.14 -570.13
-576.68 -570.13
-684.21 -570.13
-675.56 -570.13
-938.89 -570.13
-677.17 -570.13
-710.21 -570.13
-833.33 -570.13
-719.54 -570.13
-870.68 -570.13
-582.66 -570.13
-657.43 -570.13
-598.71 -570.13
-688.70 -570.13
-735.24 -570.13
-686.15 -570.13
-1780.63 -1780.63
-1755.29 -1755.29
-1758.49 -1755.29
-1764.44 -1755.29
