-10000.00 -10000.00
-11432.27 -11432.27
-11416.09 -11416.09
-11538.12 -11416.09
-11426.23 -11416.09
-11485.99 -11416.09
-11418.33 -11416.09
-11335.34 -11335.34
-11256.91 -11256.91
-11274.10 -11256.91
-11207.67 -11207.67
-11219.50 -11207.67
-11218.99 -11207.67
-11111.53 -11111.53
-11107.93 -11107.93
-11289.92 -11107.93
-11337.22 -11107.93
-11012.54 -11012.54
-11114.68 -11012.54
-11193.56 -11012.54
-11029.05 -11012.54
-11010.81 -11010.81
-11054.19 -11010.81
-11010.29 -11010.29
-11017.79 -11010.29
-11053.09 -11010.29
-11025.68 -11010.29
-10844.84 -10844.84
-10908.76 -10844.84
-10908.02 -10844.84
-10846.91 -10844.84
-11013.67 -10844.84
-10836.13 -10836.13
-10539.96 -10539.96
-10537.98 -10537.98
-10483.27 -10483.27
-10476.66 -10476.66
-10422.19 -10422.19
-10454.19 -10422.19
-10687.43 -10422.19
-10439.86 -10422.19
-10513.91 -10422.19
-10656.04 -10422.19
-10405.00 -10405.00
-10344.59 -10344.59
-10534.87 -10344.59
-10393.37 -10344.59
-10613.77 -10344.59
-10377.96 -10344.59
-10301.81 -10301.81
-10222.70 -10222.70
-10187.71 -10187.71
-10445.07 -10187.71
-10048.76 -10048.76
-10218.62 -10048.76
-9738.34 -9738.34
-9699.31 -9699.31
-9710.53 -9699.31
-9398.07 -9398.07
-9427.86 -9398.07
-9422.81 -9398.07
-8928.06 -8928.06
-8754.05 -8754.05
-8686.28 -8686.28
-8709.95 -8686.28
-9112.31 -8686.28
-8764.51 -8686.28
-9028.33 -8686.28
-8837.37 -8686.28
-8689.96 -8686.28
-8984.80 -8686.28
-8760.18 -8686.28
-7910.56 -7910.56
-8238.25 -7910.56
-7986.92 -7910.56
-7915.11 -7910.56
-8292.71 -7910.56
-8234.85 -7910.56
-7100.68 -7100.68
-7736.88 -7100.68
-6948.77 -6948.77
-6195.80 -6195.80
-6019.36 -6019.36
-6269.84 -6019.36
-4824.58 -4824.58
-3732.86 -3732.86
-4023.54 -3732.86
-3674.36 -3674.36
-4616.19 -3674.36
-3716.17 -3674.36
-3856.04 -3674.36
-4368.31 -3674.36
-4112.31 -3674.36
-5112.74 -3674.36
-4847.81 -3674.36
-3890.88 -3674.36
-4542.64 -3674.36
-5639.49 -3674.36
-3872.79 -3674.36
-4022.33 -3674.36
-3705.24 -3674.36
-4022.61 -3674.36
-3752.02 -3674.36
-4523.74 -3674.36
-5110.16 -3674.36
-4861.98 -3674.36
-3732.01 -3674.36
-4862.40 -3674.36
-3860.74 -3674.36
-3706.01 -3674.36
-5641.39 -3674.36
-3700.64 -3674.36
-3878.77 -3674.36
-4535.53 -3674.36
-3746.27 -3674.36
-4239.67 -3674.36
-4593.70 -3674.36
-3728.02 -3674.36
-3724.74 -3674.36
-3985.28 -3674.36
-3897.16 -3674.36
-4214.47 -3674.36
-3660.04 -3660.04
-5268.69 -3660.04
-4401.37 -3660.04
-4301.51 -3660.04
-3885.88 -3660.04
-3726.66 -3660.04
-4675.48 -3660.04
-3736.47 -3660.04
-3895.29 -3660.04
-3860.16 -3660.04
-3908.62 -3660.04
-3804.45 -3660.04
-4041.39 -3660.04
-5186.92 -3660.04
-5339.30 -3660.04
-4356.46 -3660.04
-6072.05 -3660.04
-3736.49 -3660.04
-4261.41 -3660.04
-4612.94 -3660.04
-3736.37 -3660.04
-3660.68 -3660.68
-5132.19 -3660.68
-5254.40 -3660.68
-3684.86 -3660.68
-3730.32 -3660.68
-3731.40 -3660.68
-4454.82 -3660.68
-4379.54 -3660.68
-3704.86 -3660.68
-3746.39 -3660.68
-4034.56 -3660.68
-4265.25 -3660.68
-3872.47 -3660.68
-3889.82 -3660.68
-3781.39 -3660.68
-4263.35 -3660.68
-4290.69 -3660.68
-3761.25 -3660.68
-4192.60 -3660.68
-3659.51 -3659.51
-3675.30 -3659.51
-3738.49 -3659.51
-4400.18 -3659.51
-4993.60 -3659.51
-4379.43 -3659.51
-3939.75 -3659.51
-3704.54 -3659.51
-4133.23 -3659.51
-4821.01 -3659.51
-4593.41 -3659.51
-6116.06 -3659.51
-4667.82 -3659.51
-3763.44 -3659.51
-4391.70 -3659.51
-3888.14 -3659.51
-3660.77 -3659.51
-4740.41 -3659.51
-5272.80 -3659.51
-4217.53 -3659.51
-5762.15 -3659.51
-4319.63 -3659.51
-4416.66 -3659.51
-3690.66 -3659.51
-4293.61 -3659.51
-3891.91 -3659.51
-4938.85 -3659.51
-5125.04 -3659.51
-4274.18 -3659.51
-4972.58 -3659.51
-5243.69 -3659.51
-4026.63 -3659.51
-3842.38 -3659.51
-3881.58 -3659.51
-3715.02 -3659.51
-3686.61 -3659.51
-4151.89 -3659.51
-4214.86 -3659.51
-4609.27 -3659.51
-4376.91 -3659.51
-3794.65 -3659.51
-3879.08 -3659.51
-3755.59 -3659.51
-4292.41 -3659.51
-3676.01 -3659.51
-4381.20 -3659.51
-3654.73 -3654.73
-3860.35 -3654.73
-4110.32 -3654.73
-5408.84 -3654.73
-4831.33 -3654.73
-4842.55 -3654.73
-3770.43 -3654.73
-5015.49 -3654.73
-3662.86 -3654.73
-4344.96 -3654.73
-3711.65 -3654.73
-3713.17 -3654.73
-5476.08 -3654.73
-4218.87 -3654.73
-3796.20 -3654.73
-3759.27 -3654.73
-4345.56 -3654.73
-3911.83 -3654.73
-5283.01 -3654.73
-4836.55 -3654.73
-4356.09 -3654.73
-4021.99 -3654.73
-3714.42 -3654.73
-4239.94 -3654.73
-3956.54 -3654.73
-3700.03 -3654.73
-3942.99 -3654.73
-6116.18 -3654.73
-4910.47 -3654.73
-4823.77 -3654.73
-4077.68 -3654.73
-4232.28 -3654.73
-4390.75 -3654.73
-4049.97 -3654.73
-3863.37 -3654.73
-4950.26 -3654.73
-3728.42 -3654.73
-4540.49 -3654.73
-3703.40 -3654.73
-4142.69 -3654.73
-4164.13 -3654.73
-3774.42 -3654.73
-5606.44 -3654.73
-4377.56 -3654.73
-4287.92 -3654.73
-3675.74 -3654.73
-4235.81 -3654.73
-3843.87 -3654.73
-4175.86 -3654.73
-5384.10 -3654.73
-4147.98 -3654.73
-5657.96 -3654.73
-5366.11 -3654.73
-4358.39 -3654.73
-4953.61 -3654.73
-3863.34 -3654.73
-3977.32 -3654.73
-5433.68 -3654.73
-3999.28 -3654.73
-4025.74 -3654.73
-4714.57 -3654.73
-4131.84 -3654.73
-5191.28 -3654.73
-4003.65 -3654.73
-4544.89 -3654.73
-4137.49 -3654.73
-3675.33 -3654.73
-4428.31 -3654.73
-3757.98 -3654.73
-4613.09 -3654.73
-4878.80 -3654.73
-3896.33 -3654.73
-4843.44 -3654.73
-4204.10 -3654.73
-4290.49 -3654.73
-4683.94 -3654.73
-3940.41 -3654.73
-3971.12 -3654.73
-4385.51 -3654.73
-4595.89 -3654.73
-3730.79 -3654.73
-4027.78 -3654.73
-3675.86 -3654.73
-3722.96 -3654.73
-4024.20 -3654.73
-4435.44 -3654.73
-4450.83 -3654.73
-4548.90 -3654.73
-4037.75 -3654.73
-3871.70 -3654.73
-5161.55 -3654.73
-3654.71 -3654.71
-3726.96 -3654.71
-4844.59 -3654.71
-3764.01 -3654.71
-4363.04 -3654.71
-4208.25 -3654.71
-3877.76 -3654.71
-3788.87 -3654.71
-3913.63 -3654.71
-3753.44 -3654.71
-3927.61 -3654.71
-4180.15 -3654.71
-3713.89 -3654.71
-3748.95 -3654.71
-3713.62 -3654.71
-3663.23 -3654.71
-4720.36 -3654.71
-3766.78 -3654.71
-4042.71 -3654.71
-4578.15 -3654.71
-4080.83 -3654.71
-4191.48 -3654.71
-4344.41 -3654.71
-4192.79 -3654.71
-3943.12 -3654.71
-3735.36 -3654.71
-5841.37 -3654.71
-4004.76 -3654.71
-3987.14 -3654.71
-4544.13 -3654.71
-5075.29 -3654.71
-4053.74 -3654.71
-3942.99 -3654.71
-4691.14 -3654.71
-4659.19 -3654.71
-4151.65 -3654.71
-3884.17 -3654.71
-3727.77 -3654.71
-3746.50 -3654.71
-4836.90 -3654.71
-4327.06 -3654.71
-4617.61 -3654.71
-4272.70 -3654.71
-4137.50 -3654.71
-4182.98 -3654.71
-3739.87 -3654.71
-3727.03 -3654.71
-4569.17 -3654.71
-4531.18 -3654.71
-3967.80 -3654.71
-4224.18 -3654.71
-3715.21 -3654.71
-3713.98 -3654.71
-4454.76 -3654.71
-4017.37 -3654.71
-3770.51 -3654.71
-5381.65 -3654.71
-5360.41 -3654.71
-3948.31 -3654.71
-5182.21 -3654.71
-3866.22 -3654.71
-4041.41 -3654.71
-4036.63 -3654.71
-4584.74 -3654.71
-3978.60 -3654.71
-4725.68 -3654.71
-4032.45 -3654.71
-3788.22 -3654.71
-4725.57 -3654.71
-4195.14 -3654.71
-3721.41 -3654.71
-4344.55 -3654.71
-4399.76 -3654.71
-4602.25 -3654.71
-4837.70 -3654.71
-3732.72 -3654.71
-4571.24 -3654.71
-3879.15 -3654.71
-3675.63 -3654.71
-3770.52 -3654.71
-5188.36 -3654.71
-4109.72 -3654.71
-4918.24 -3654.71
-4330.13 -3654.71
-3790.43 -3654.71
-3654.88 -3654.88
-5148.21 -3654.88
-5823.49 -3654.88
-4356.91 -3654.88
-4368.94 -3654.88
-3893.26 -3654.88
-5251.47 -3654.88
-4042.04 -3654.88
-3957.12 -3654.88
-3755.72 -3654.88
-3711.77 -3654.88
-4153.70 -3654.88
-4171.91 -3654.88
-4155.49 -3654.88
-5260.38 -3654.88
-4293.53 -3654.88
-4410.33 -3654.88
-3857.74 -3654.88
-4354.76 -3654.88
-3713.72 -3654.88
-3767.54 -3654.88
-4879.94 -3654.88
-4357.27 -3654.88
-4175.23 -3654.88
-4042.51 -3654.88
-4401.58 -3654.88
-4359.61 -3654.88
-3755.40 -3654.88
-4027.32 -3654.88
-4023.66 -3654.88
-3964.07 -3654.88
-3735.17 -3654.88
-4034.48 -3654.88
-4686.51 -3654.88
-11561.62 -3654.88
-11188.80 -11188.80
-11148.24 -11148.24
-10903.40 -10903.40
-10857.39 -10857.39
-10596.11 -10596.11
-10595.84 -10595.84
-10780.93 -10595.84
-10752.50 -10595.84
-10801.50 -10595.84
-10626.45 -10595.84
-10827.02 -10595.84
-10463.70 -10463.70
-10377.92 -10377.92
-10684.19 -10377.92
-10495.14 -10377.92
-10200.62 -10200.62
-10078.05 -10078.05
-10207.56 -10078.05
-10230.19 -10078.05
-10069.97 -10069.97
-10118.16 -10069.97
-10418.10 -10069.97
-10012.04 -10012.04
-10069.67 -10012.04
-9844.76 -9844.76
-10322.88 -9844.76
-9834.79 -9834.79
-9639.25 -9639.25
-9610.59 -9610.59
-9428.61 -9428.61
-9631.51 -9428.61
-9587.23 -9428.61
-9532.41 -9428.61
-10065.42 -9428.61
-9422.04 -9422.04
-9272.88 -9272.88
-8610.42 -8610.42
-8858.82 -8610.42
-8582.37 -8582.37
-8382.59 -8382.59
-8623.35 -8382.59
-8377.38 -8377.38
-8375.90 -8375.90
-8794.53 -8375.90
-8328.18 -8328.18
-7848.69 -7848.69
-8406.61 -7848.69
-8085.08 -7848.69
-7591.03 -7591.03
-7589.89 -7589.89
-7604.54 -7589.89
-7656.37 -7589.89
-7570.27 -7570.27
-6969.69 -6969.69
-6351.83 -6351.83
-6941.07 -6351.83
-6524.82 -6351.83
-7182.08 -6351.83
-5903.98 -5903.98
-5624.09 -5624.09
-5214.05 -5214.05
-4293.51 -4293.51
-4622.43 -4293.51
-3714.59 -3714.59
-3770.24 -3714.59
-3889.40 -3714.59
-3757.62 -3714.59
-4645.83 -3714.59
-4201.97 -3714.59
-5997.31 -3714.59
-3663.99 -3663.99
-4298.64 -3663.99
-3730.27 -3663.99
-4183.39 -3663.99
-3673.98 -3663.99
-3880.44 -3663.99
-4577.54 -3663.99
-4330.34 -3663.99
-5413.71 -3663.99
-4308.21 -3663.99
-3904.46 -3663.99
-4213.30 -3663.99
-4319.16 -3663.99
-4157.47 -3663.99
-4354.05 -3663.99
-3897.99 -3663.99
-3971.29 -3663.99
-4276.07 -3663.99
-4021.08 -3663.99
-4166.83 -3663.99
-4840.85 -3663.99
-3704.85 -3663.99
-3863.99 -3663.99
-3709.18 -3663.99
-3926.03 -3663.99
-4591.18 -3663.99
-3699.67 -3663.99
-4834.29 -3663.99
-4752.49 -3663.99
-3655.01 -3655.01
-4271.93 -3655.01
-4143.44 -3655.01
-3769.95 -3655.01
-4164.27 -3655.01
-3971.20 -3655.01
-3675.62 -3655.01
-4043.11 -3655.01
-4359.68 -3655.01
-5477.78 -3655.01
-4592.52 -3655.01
-4400.62 -3655.01
-4583.91 -3655.01
-4866.49 -3655.01
-4568.17 -3655.01
-4031.96 -3655.01
-4602.54 -3655.01
-3778.81 -3655.01
-4077.09 -3655.01
-3736.56 -3655.01
-3770.52 -3655.01
-3704.35 -3655.01
-3891.98 -3655.01
-3748.81 -3655.01
-3747.78 -3655.01
-4009.55 -3655.01
-3768.08 -3655.01
-3740.33 -3655.01
-3769.53 -3655.01
-3904.16 -3655.01
-4004.09 -3655.01
-4175.22 -3655.01
-3733.76 -3655.01
-4378.46 -3655.01
-4193.27 -3655.01
-4444.86 -3655.01
-3784.58 -3655.01
-4178.06 -3655.01
-3728.08 -3655.01
-5190.95 -3655.01
-3736.86 -3655.01
-3874.31 -3655.01
-4030.65 -3655.01
-4665.09 -3655.01
-3710.27 -3655.01
-4132.20 -3655.01
-4945.39 -3655.01
-4630.16 -3655.01
-4442.78 -3655.01
-3720.33 -3655.01
-3911.26 -3655.01
-5601.50 -3655.01
-4131.30 -3655.01
-3655.82 -3655.01
-4145.90 -3655.01
-5547.59 -3655.01
-3712.77 -3655.01
-4276.87 -3655.01
-4028.11 -3655.01
-4268.34 -3655.01
-3714.11 -3655.01
-4225.66 -3655.01
-4019.46 -3655.01
-4289.95 -3655.01
-3697.90 -3655.01
-4269.47 -3655.01
-3725.79 -3655.01
-5282.70 -3655.01
-4210.83 -3655.01
-4837.35 -3655.01
-3737.99 -3655.01
-4369.55 -3655.01
-3655.74 -3655.74
-3942.20 -3655.74
-4211.70 -3655.74
-4433.97 -3655.74
-4855.60 -3655.74
-3740.43 -3655.74
-3753.63 -3655.74
-3740.78 -3655.74
-4595.34 -3655.74
-4388.36 -3655.74
-4564.86 -3655.74
-4021.96 -3655.74
-4115.59 -3655.74
-3985.99 -3655.74
-4054.84 -3655.74
-4980.19 -3655.74
-4358.22 -3655.74
-4075.32 -3655.74
-4022.98 -3655.74
-3958.38 -3655.74
-3896.80 -3655.74
-3661.10 -3655.74
-3963.84 -3655.74
-4983.80 -3655.74
-4035.30 -3655.74
-3695.43 -3655.74
-3675.77 -3655.74
-4389.71 -3655.74
-5535.95 -3655.74
-4206.26 -3655.74
-3718.16 -3655.74
-3770.81 -3655.74
-4664.73 -3655.74
-3913.75 -3655.74
-4238.83 -3655.74
-3946.71 -3655.74
-3936.91 -3655.74
-3925.11 -3655.74
-4186.57 -3655.74
-3702.65 -3655.74
-3985.73 -3655.74
-3899.45 -3655.74
-5735.72 -3655.74
-3751.71 -3655.74
-4391.18 -3655.74
-4532.67 -3655.74
-4345.10 -3655.74
-4369.50 -3655.74
-3931.05 -3655.74
-3719.53 -3655.74
-3705.67 -3655.74
-4015.68 -3655.74
-3881.63 -3655.74
-4349.43 -3655.74
-4439.86 -3655.74
-4612.87 -3655.74
-3872.90 -3655.74
-4167.05 -3655.74
-4024.93 -3655.74
-4381.41 -3655.74
-4076.85 -3655.74
-4850.81 -3655.74
-3706.76 -3655.74
-3931.72 -3655.74
-4070.54 -3655.74
-4829.76 -3655.74
-5153.39 -3655.74
-4024.49 -3655.74
-5474.24 -3655.74
-4163.70 -3655.74
-3773.42 -3655.74
-4159.01 -3655.74
-3731.05 -3655.74
-4429.43 -3655.74
-3686.85 -3655.74
-6130.97 -3655.74
-4258.59 -3655.74
-3656.95 -3655.74
-4919.20 -3655.74
-3654.89 -3654.89
-5859.90 -3654.89
-4081.44 -3654.89
-4139.28 -3654.89
-4088.20 -3654.89
-3909.56 -3654.89
-5137.49 -3654.89
-3768.53 -3654.89
-5479.68 -3654.89
-3863.63 -3654.89
-3717.26 -3654.89
-4667.45 -3654.89
-4108.32 -3654.89
-3706.19 -3654.89
-3966.37 -3654.89
-4137.71 -3654.89
-3908.00 -3654.89
-3697.25 -3654.89
-4446.91 -3654.89
-4355.26 -3654.89
-3748.41 -3654.89
-4372.36 -3654.89
-4348.26 -3654.89
-3945.52 -3654.89
-3854.69 -3654.89
-4658.50 -3654.89
-3859.82 -3654.89
-4412.44 -3654.89
-4376.87 -3654.89
-4386.73 -3654.89
-5026.95 -3654.89
-4701.73 -3654.89
-3718.06 -3654.89
-4028.22 -3654.89
-4810.80 -3654.89
-4304.52 -3654.89
-4545.50 -3654.89
-4634.92 -3654.89
-4401.17 -3654.89
-4387.57 -3654.89
-3758.91 -3654.89
-3655.65 -3655.65
-4111.29 -3655.65
-3713.56 -3655.65
-3774.57 -3655.65
-4214.65 -3655.65
-4684.34 -3655.65
-3744.78 -3655.65
-3656.97 -3655.65
-4166.08 -3655.65
-3660.36 -3655.65
-4010.83 -3655.65
-3735.80 -3655.65
-4728.01 -3655.65
-4154.08 -3655.65
-4399.49 -3655.65
-5273.79 -3655.65
-3966.79 -3655.65
-4111.36 -3655.65
-3704.98 -3655.65
-4649.95 -3655.65
-4343.01 -3655.65
-4372.95 -3655.65
-4356.75 -3655.65
-5328.27 -3655.65
-4613.94 -3655.65
-4394.40 -3655.65
-3747.15 -3655.65
-4371.65 -3655.65
-3805.09 -3655.65
-3773.23 -3655.65
-3892.74 -3655.65
-4116.34 -3655.65
-4306.21 -3655.65
-4620.80 -3655.65
-3768.65 -3655.65
-4380.58 -3655.65
-3785.19 -3655.65
-4368.14 -3655.65
-3948.36 -3655.65
-3810.09 -3655.65
-4811.33 -3655.65
-3718.38 -3655.65
-4135.89 -3655.65
-4222.96 -3655.65
-3975.37 -3655.65
-4142.82 -3655.65
-3913.94 -3655.65
-3863.75 -3655.65
-3714.98 -3655.65
-3873.04 -3655.65
-4571.18 -3655.65
-4649.65 -3655.65
-3724.52 -3655.65
-4141.02 -3655.65
-3999.34 -3655.65
-3716.21 -3655.65
-4837.35 -3655.65
-4228.78 -3655.65
-4082.18 -3655.65
-4163.65 -3655.65
-3716.22 -3655.65
-4708.58 -3655.65
-4416.53 -3655.65
-3891.19 -3655.65
-4629.21 -3655.65
-4838.10 -3655.65
-5319.64 -3655.65
-4727.82 -3655.65
-3731.83 -3655.65
-4341.60 -3655.65
-3735.56 -3655.65
-3970.20 -3655.65
-4431.52 -3655.65
-4345.05 -3655.65
-3880.37 -3655.65
-4023.43 -3655.65
-3896.00 -3655.65
-4622.14 -3655.65
-4178.97 -3655.65
-6024.88 -3655.65
-4585.50 -3655.65
-4568.07 -3655.65
-3736.78 -3655.65
-3864.02 -3655.65
-3773.10 -3655.65
-3709.26 -3655.65
-3715.45 -3655.65
-3718.05 -3655.65
-3717.07 -3655.65
-5341.06 -3655.65
-3727.93 -3655.65
-3924.18 -3655.65
-3687.25 -3655.65
-5538.22 -3655.65
-4018.55 -3655.65
-3659.93 -3655.65
-5204.35 -3655.65
-3910.77 -3655.65
-4400.39 -3655.65
-3716.15 -3655.65
-4272.08 -3655.65
-4116.54 -3655.65
-3888.59 -3655.65
-4041.33 -3655.65
-4142.38 -3655.65
-3866.19 -3655.65
-3688.97 -3655.65
-3977.28 -3655.65
-4904.94 -3655.65
-4367.23 -3655.65
-3705.49 -3655.65
-4197.56 -3655.65
-4590.71 -3655.65
-3878.41 -3655.65
-3712.17 -3655.65
-3711.03 -3655.65
-3927.87 -3655.65
-4821.13 -3655.65
-5012.99 -3655.65
-4573.98 -3655.65
-4113.90 -3655.65
-3735.73 -3655.65
-5340.25 -3655.65
-4882.56 -3655.65
-11482.17 -3655.65
-11264.27 -3655.65
-11603.83 -3655.65
-11372.33 -3655.65
-11454.75 -3655.65
-11196.99 -3655.65
-11329.80 -3655.65
-11391.99 -3655.65
-11219.54 -3655.65
-11359.72 -3655.65
-11525.51 -3655.65
-11536.93 -3655.65
-11370.33 -3655.65
-11308.13 -3655.65
-11538.30 -3655.65
-11592.33 -3655.65
-11632.07 -3655.65
-11447.08 -3655.65
-11445.40 -3655.65
-11332.57 -3655.65
-11231.79 -3655.65
-11327.29 -3655.65
-11746.90 -3655.65
-11357.68 -3655.65
-11244.06 -3655.65
-11456.08 -3655.65
-11528.68 -3655.65
-11487.79 -3655.65
-11430.64 -3655.65
-11500.96 -3655.65
-11665.55 -3655.65
-11481.34 -3655.65
-11415.70 -3655.65
-11265.18 -3655.65
-11430.10 -3655.65
-11254.83 -3655.65
-11390.55 -3655.65
-11470.47 -3655.65
-11332.10 -3655.65
-11482.76 -3655.65
-11487.82 -3655.65
-11394.72 -3655.65
-11483.73 -3655.65
-11154.53 -3655.65
-11380.35 -3655.65
-11668.38 -3655.65
-11552.01 -3655.65
-11150.23 -3655.65
-11484.34 -3655.65
-11401.73 -3655.65
-11507.64 -3655.65
-11443.31 -3655.65
-11370.05 -3655.65
-11108.89 -3655.65
-11329.45 -3655.65
-11711.99 -3655.65
-11369.57 -3655.65
-11426.00 -3655.65
-11531.39 -3655.65
-11751.70 -3655.65
-11535.18 -3655.65
-11307.97 -3655.65
-11282.71 -3655.65
-11565.22 -3655.65
-11536.93 -3655.65
-11526.54 -3655.65
-11354.71 -3655.65
-11345.85 -3655.65
-11456.03 -3655.65
-11524.94 -3655.65
-11308.08 -3655.65
-11521.44 -3655.65
-11392.06 -3655.65
-11206.57 -3655.65
-11361.95 -3655.65
-11443.62 -3655.65
-11645.79 -3655.65
-11361.34 -3655.65
-11337.06 -3655.65
-11527.90 -3655.65
-11405.59 -3655.65
-11538.81 -3655.65
-11390.35 -3655.65
-11360.58 -3655.65
-11343.55 -3655.65
-11562.46 -3655.65
-11156.25 -3655.65
-11446.35 -3655.65
-11206.31 -3655.65
-11414.96 -3655.65
-11557.53 -3655.65
-11320.37 -3655.65
-11371.25 -3655.65
-11488.44 -3655.65
-11382.95 -3655.65
-11444.41 -3655.65
-11371.34 -3655.65
-11446.55 -3655.65
-11509.79 -3655.65
-11275.25 -3655.65
-11264.22 -3655.65
-11274.61 -3655.65
-11525.39 -3655.65
-11415.02 -3655.65
-11405.48 -3655.65
-11209.34 -3655.65
-11275.16 -3655.65
-11277.67 -3655.65
-11341.62 -3655.65
-11321.34 -3655.65
-11442.12 -3655.65
-11426.38 -3655.65
-11434.22 -3655.65
-11402.48 -3655.65
-11438.83 -3655.65
-11445.18 -3655.65
-11496.65 -3655.65
-11405.92 -3655.65
-11435.82 -3655.65
-11485.49 -3655.65
-11307.06 -3655.65
-11539.61 -3655.65
-11482.15 -3655.65
-11445.92 -3655.65
-11779.18 -3655.65
-11421.45 -3655.65
-11499.81 -3655.65
-11567.68 -3655.65
-11565.28 -3655.65
-11592.48 -3655.65
-11069.24 -3655.65
-11330.95 -3655.65
-11398.92 -3655.65
-11417.11 -3655.65
-11371.36 -3655.65
-11399.38 -3655.65
-11283.87 -3655.65
-11385.73 -3655.65
-11588.21 -3655.65
-11321.01 -3655.65
-11376.08 -3655.65
-11351.57 -3655.65
-11558.09 -3655.65
-11461.08 -3655.65
-11362.87 -3655.65
-11405.44 -3655.65
-11385.07 -3655.65
-11458.85 -3655.65
-11394.13 -3655.65
-11560.49 -3655.65
-11420.35 -3655.65
-11136.21 -3655.65
-11346.98 -3655.65
-11471.51 -3655.65
-11705.05 -3655.65
-11445.28 -3655.65
-11564.15 -3655.65
-11333.12 -3655.65
-11566.18 -3655.65
-11429.03 -3655.65
-11415.01 -3655.65
-11499.48 -3655.65
-11445.94 -3655.65
-11329.59 -3655.65
-11456.90 -3655.65
-11197.40 -3655.65
-11424.62 -3655.65
-11522.46 -3655.65
-11442.58 -3655.65
-11307.50 -3655.65
-11379.82 -3655.65
-11551.50 -3655.65
-11541.71 -3655.65
-11327.23 -3655.65
-11369.97 -3655.65
-11379.98 -3655.65
-11529.11 -3655.65
-11407.67 -3655.65
-11492.59 -3655.65
-11392.66 -3655.65
-11272.66 -3655.65
-11542.72 -3655.65
-11307.57 -3655.65
-11456.91 -3655.65
-11412.75 -3655.65
-11274.68 -3655.65
-11585.51 -3655.65
-11236.15 -3655.65
-11267.85 -3655.65
-11657.54 -3655.65
-11376.83 -3655.65
-11382.12 -3655.65
-11443.56 -3655.65
-11275.09 -3655.65
-11405.71 -3655.65
-11529.72 -3655.65
-11745.18 -3655.65
-11429.77 -3655.65
-11221.43 -3655.65
-11637.49 -3655.65
-11501.02 -3655.65
-11420.18 -3655.65
-11613.12 -3655.65
-11484.82 -3655.65
-11194.10 -3655.65
-11341.18 -3655.65
-11401.95 -3655.65
-11481.98 -3655.65
-11382.44 -3655.65
-11537.29 -3655.65
-11330.33 -3655.65
-11148.00 -3655.65
-11561.10 -3655.65
-11485.18 -3655.65
-11604.56 -3655.65
-11533.81 -3655.65
-11304.84 -3655.65
-11661.19 -3655.65
-11308.68 -3655.65
-11303.56 -3655.65
-11346.73 -3655.65
-11542.70 -3655.65
-11535.51 -3655.65
-11432.82 -3655.65
-11327.85 -3655.65
-11327.61 -3655.65
-11598.87 -3655.65
-11276.00 -3655.65
-11394.08 -3655.65
-11439.09 -3655.65
-11507.93 -3655.65
-11377.11 -3655.65
-11483.65 -3655.65
-11456.38 -3655.65
-11644.82 -3655.65
-11529.80 -3655.65
-11649.11 -3655.65
-11561.57 -3655.65
-11250.66 -3655.65
-11459.84 -3655.65
-11690.98 -3655.65
-11330.77 -3655.65
-11562.54 -3655.65
-11206.77 -3655.65
-11537.00 -3655.65
-11445.27 -3655.65
-11346.08 -3655.65
-11418.86 -3655.65
-11635.79 -3655.65
-11341.19 -3655.65
-11332.90 -3655.65
-11447.55 -3655.65
-11443.90 -3655.65
-11540.66 -3655.65
-11330.53 -3655.65
-11612.94 -3655.65
-11535.17 -3655.65
-11510.15 -3655.65
-11376.90 -3655.65
-11596.44 -3655.65
-11517.02 -3655.65
-11413.95 -3655.65
-11428.73 -3655.65
-11472.47 -3655.65
-11388.97 -3655.65
-11444.59 -3655.65
-11407.46 -3655.65
-11331.61 -3655.65
-11564.42 -3655.65
-11369.43 -3655.65
-11256.57 -3655.65
-11308.18 -3655.65
-11443.04 -3655.65
-11444.60 -3655.65
-11128.35 -3655.65
-11300.91 -3655.65
-11546.51 -3655.65
-11539.70 -3655.65
-11540.21 -3655.65
-11596.39 -3655.65
-11371.68 -3655.65
-11050.61 -3655.65
-11372.04 -3655.65
-11308.22 -3655.65
-11135.04 -3655.65
-11530.08 -3655.65
-11305.30 -3655.65
-11487.75 -3655.65
-11331.39 -3655.65
-11437.73 -3655.65
-11446.03 -3655.65
-11414.51 -3655.65
-11427.80 -3655.65
-11711.05 -3655.65
-11425.51 -3655.65
-11500.06 -3655.65
-11417.38 -3655.65
-11586.80 -3655.65
-11506.06 -3655.65
-11330.95 -3655.65
-11446.97 -3655.65
-11354.76 -3655.65
-11559.40 -3655.65
-11370.94 -3655.65
-11280.91 -3655.65
-11336.34 -3655.65
-11323.23 -3655.65
-11550.03 -3655.65
-11438.78 -3655.65
-11325.35 -3655.65
-11638.58 -3655.65
-11563.00 -3655.65
-11561.38 -3655.65
-11305.57 -3655.65
-11458.78 -3655.65
-11617.02 -3655.65
-11382.77 -3655.65
-11370.24 -3655.65
-11332.12 -3655.65
-11458.72 -3655.65
-11462.73 -3655.65
-11381.95 -3655.65
-11424.93 -3655.65
-11249.77 -3655.65
-11502.22 -3655.65
-11324.71 -3655.65
-11444.35 -3655.65
-11360.66 -3655.65
-11370.90 -3655.65
-11587.92 -3655.65
-11451.38 -3655.65
-11399.90 -3655.65
-11562.42 -3655.65
-11331.46 -3655.65
-11632.31 -3655.65
-11486.65 -3655.65
-11261.64 -3655.65
-11445.97 -3655.65
-11304.47 -3655.65
-11592.58 -3655.65
-11390.72 -3655.65
-11487.72 -3655.65
-11390.93 -3655.65
-11530.08 -3655.65
-11524.40 -3655.65
-11484.43 -3655.65
-11331.16 -3655.65
-11211.17 -3655.65
-11430.58 -3655.65
-11275.62 -3655.65
-11609.74 -3655.65
-11617.87 -3655.65
-11443.85 -3655.65
-11645.70 -3655.65
-11050.51 -3655.65
-11392.31 -3655.65
-11374.24 -3655.65
-11264.69 -3655.65
-11354.97 -3655.65
-11612.70 -3655.65
-11482.65 -3655.65
-11640.96 -3655.65
-11493.70 -3655.65
-11412.76 -3655.65
-11540.95 -3655.65
-11552.07 -3655.65
-11445.84 -3655.65
-11109.48 -3655.65
-11369.25 -3655.65
-11332.93 -3655.65
-11359.86 -3655.65
-11563.16 -3655.65
-11510.22 -3655.65
-11499.47 -3655.65
-11501.39 -3655.65
-11187.51 -3655.65
-11456.96 -3655.65
-11459.93 -3655.65
-11528.25 -3655.65
-11416.17 -3655.65
-11375.88 -3655.65
-11384.36 -3655.65
-11644.48 -3655.65
-11301.66 -3655.65
-11429.04 -3655.65
-11371.47 -3655.65
-11333.10 -3655.65
-11415.03 -3655.65
-11445.13 -3655.65
-11446.44 -3655.65
-11127.47 -3655.65
-11682.86 -3655.65
-11326.15 -3655.65
-11432.21 -3655.65
-11535.78 -3655.65
-11531.63 -3655.65
-11532.34 -3655.65
-11377.09 -3655.65
-11442.04 -3655.65
-11500.93 -3655.65
-11505.15 -3655.65
-11424.98 -3655.65
-11446.19 -3655.65
-11448.10 -3655.65
-11656.39 -3655.65
-11371.62 -3655.65
-11402.05 -3655.65
-11520.92 -3655.65
-11280.91 -3655.65
-11332.86 -3655.65
-11412.30 -3655.65
-11407.20 -3655.65
-11540.81 -3655.65
-11370.45 -3655.65
-11598.94 -3655.65
-11644.35 -3655.65
-11530.78 -11530.78
-11449.85 -11449.85
-11360.84 -11360.84
-11187.52 -11187.52
-11342.56 -11187.52
-11136.18 -11136.18
-11002.31 -11002.31
-10943.68 -10943.68
-10893.59 -10893.59
-10627.46 -10627.46
-10428.79 -10428.79
-10439.61 -10428.79
-10449.09 -10428.79
-10656.32 -10428.79
-10418.63 -10418.63
-10555.05 -10418.63
-10324.74 -10324.74
-10373.31 -10324.74
-10258.48 -10258.48
-10373.87 -10258.48
-10289.62 -10258.48
-10302.90 -10258.48
-10078.99 -10078.99
-10413.54 -10078.99
-10339.95 -10078.99
-10438.10 -10078.99
-10187.75 -10078.99
-10255.37 -10078.99
-10351.72 -10078.99
-9934.41 -9934.41
-9880.80 -9880.80
-9696.24 -9696.24
-10011.50 -9696.24
-9974.43 -9696.24
-10268.83 -9696.24
-9559.63 -9559.63
-9171.97 -9171.97
-9213.12 -9171.97
-9018.99 -9018.99
-9126.77 -9018.99
-9127.95 -9018.99
-9081.66 -9018.99
-9029.56 -9018.99
-8721.77 -8721.77
-8464.05 -8464.05
-8454.00 -8454.00
-7905.81 -7905.81
-8623.33 -7905.81
-8710.25 -7905.81
-7711.55 -7711.55
-6421.17 -6421.17
-5239.00 -5239.00
-5014.21 -5014.21
-4024.89 -4024.89
-4412.42 -4024.89
-4626.79 -4024.89
-5394.37 -4024.89
-4599.83 -4024.89
-5546.91 -4024.89
-3892.23 -3892.23
-4577.36 -3892.23
-4338.99 -3892.23
-4835.40 -3892.23
-3697.33 -3697.33
-3801.69 -3697.33
-5384.29 -3697.33
-4936.95 -3697.33
-6056.43 -3697.33
-3739.82 -3697.33
-4526.85 -3697.33
-3686.89 -3686.89
-3696.82 -3686.89
-3873.80 -3686.89
-4022.26 -3686.89
-4453.79 -3686.89
-4631.41 -3686.89
-4595.96 -3686.89
-4359.99 -3686.89
-4268.51 -3686.89
-4599.16 -3686.89
-5801.70 -3686.89
-3857.61 -3686.89
-4177.69 -3686.89
-4552.88 -3686.89
-4339.55 -3686.89
-4379.19 -3686.89
-3858.71 -3686.89
-3704.58 -3686.89
-4990.19 -3686.89
-4626.56 -3686.89
-4376.17 -3686.89
-6144.08 -3686.89
-3746.08 -3686.89
-3724.77 -3686.89
-3872.90 -3686.89
-3866.78 -3686.89
-4693.54 -3686.89
-4047.33 -3686.89
-4134.96 -3686.89
-3799.08 -3686.89
-4934.89 -3686.89
-4438.11 -3686.89
-4137.22 -3686.89
-3727.70 -3686.89
-4051.41 -3686.89
-5836.41 -3686.89
-4266.25 -3686.89
-4341.67 -3686.89
-4347.60 -3686.89
-4643.88 -3686.89
-3770.08 -3686.89
-3739.52 -3686.89
-4751.59 -3686.89
-3674.31 -3674.31
-3702.66 -3674.31
-4868.86 -3674.31
-3679.83 -3674.31
-3778.96 -3674.31
-4941.32 -3674.31
-3858.97 -3674.31
-3999.33 -3674.31
-4955.50 -3674.31
-4197.31 -3674.31
-3718.33 -3674.31
-4172.32 -3674.31
-5194.74 -3674.31
-3654.77 -3654.77
-4312.67 -3654.77
-3716.94 -3654.77
-3713.24 -3654.77
-4969.26 -3654.77
-3655.21 -3655.21
-4972.17 -3655.21
-4362.59 -3655.21
-4053.46 -3655.21
-3659.94 -3655.21
-5294.07 -3655.21
-4721.88 -3655.21
-3729.61 -3655.21
-4018.07 -3655.21
-4081.43 -3655.21
-4200.00 -3655.21
-4958.23 -3655.21
-3896.31 -3655.21
-4183.74 -3655.21
-4840.20 -3655.21
-4852.85 -3655.21
-6024.05 -3655.21
-3660.04 -3655.21
-3939.06 -3655.21
-4678.37 -3655.21
-4528.00 -3655.21
-4687.26 -3655.21
-3659.44 -3655.21
-3898.38 -3655.21
-3691.62 -3655.21
-4045.23 -3655.21
-4183.95 -3655.21
-4224.39 -3655.21
-4138.49 -3655.21
-5368.92 -3655.21
-4560.76 -3655.21
-4370.31 -3655.21
-4199.44 -3655.21
-4135.50 -3655.21
-4613.92 -3655.21
-4346.09 -3655.21
-4546.38 -3655.21
-4332.90 -3655.21
-4360.98 -3655.21
-3776.59 -3655.21
-4225.14 -3655.21
-4604.05 -3655.21
-4359.75 -3655.21
-3982.60 -3655.21
-3871.68 -3655.21
-5433.37 -3655.21
-3870.09 -3655.21
-4400.25 -3655.21
-4401.90 -3655.21
-3677.39 -3655.21
-4840.19 -3655.21
-3714.03 -3655.21
-3718.18 -3655.21
-4703.57 -3655.21
-4833.95 -3655.21
-4894.94 -3655.21
-3779.18 -3655.21
-4139.78 -3655.21
-3773.90 -3655.21
-4369.80 -3655.21
-4703.48 -3655.21
-4827.14 -3655.21
-3891.30 -3655.21
-4677.17 -3655.21
-3694.97 -3655.21
-3742.93 -3655.21
-3754.51 -3655.21
-4368.84 -3655.21
-3731.47 -3655.21
-3706.97 -3655.21
-3736.04 -3655.21
-4113.22 -3655.21
-4670.81 -3655.21
-3781.25 -3655.21
-4427.66 -3655.21
-4363.18 -3655.21
-4216.26 -3655.21
-6259.21 -3655.21
-3948.76 -3655.21
-4391.01 -3655.21
-4663.51 -3655.21
-4822.24 -3655.21
-5892.03 -3655.21
-3745.89 -3655.21
-4614.04 -3655.21
-3778.73 -3655.21
-4543.05 -3655.21
-3713.76 -3655.21
-4178.60 -3655.21
-4565.74 -3655.21
-5327.79 -3655.21
-3924.64 -3655.21
-4952.83 -3655.21
-3745.83 -3655.21
-4109.88 -3655.21
-3766.82 -3655.21
-3785.96 -3655.21
-4137.60 -3655.21
-6679.82 -3655.21
-4129.35 -3655.21
-5105.94 -3655.21
-3894.53 -3655.21
-4676.31 -3655.21
-4632.40 -3655.21
-3713.04 -3655.21
-5595.91 -3655.21
-4082.37 -3655.21
-3934.19 -3655.21
-4995.20 -3655.21
-4621.26 -3655.21
-3661.79 -3655.21
-4595.98 -3655.21
-3715.97 -3655.21
-4225.96 -3655.21
-3868.37 -3655.21
-3706.08 -3655.21
-4601.38 -3655.21
-3699.62 -3655.21
-4341.34 -3655.21
-3759.19 -3655.21
-3718.31 -3655.21
-3724.64 -3655.21
-3737.03 -3655.21
-3881.10 -3655.21
-4138.80 -3655.21
-3732.32 -3655.21
-4576.37 -3655.21
-5219.22 -3655.21
-4386.03 -3655.21
-4708.07 -3655.21
-6659.32 -3655.21
-3983.73 -3655.21
-4188.87 -3655.21
-4569.75 -3655.21
-4671.94 -3655.21
-5153.69 -3655.21
-3673.83 -3655.21
-4173.74 -3655.21
-3712.57 -3655.21
-4540.81 -3655.21
-4419.44 -3655.21
-4034.21 -3655.21
-3743.16 -3655.21
-3931.45 -3655.21
-4182.05 -3655.21
-4078.44 -3655.21
-4674.84 -3655.21
-3662.61 -3655.21
-5221.81 -3655.21
-4140.04 -3655.21
-6043.03 -3655.21
-4845.66 -3655.21
-4691.39 -3655.21
-3776.71 -3655.21
-4147.44 -3655.21
-3770.38 -3655.21
-5305.71 -3655.21
-4197.16 -3655.21
-5512.30 -3655.21
-3795.18 -3655.21
-4686.83 -3655.21
-3876.05 -3655.21
-4151.89 -3655.21
-3904.15 -3655.21
-4367.66 -3655.21
-3866.32 -3655.21
-3654.26 -3654.26
-5256.60 -3654.26
-3889.82 -3654.26
-3720.70 -3654.26
-4211.96 -3654.26
-4409.80 -3654.26
-3860.41 -3654.26
-4436.82 -3654.26
-3679.90 -3654.26
-4353.83 -3654.26
-4178.11 -3654.26
-3768.55 -3654.26
-3706.71 -3654.26
-4794.13 -3654.26
-5645.18 -3654.26
-4276.80 -3654.26
-3757.27 -3654.26
-3857.34 -3654.26
-4935.12 -3654.26
-4626.61 -3654.26
-3873.36 -3654.26
-4567.64 -3654.26
-4992.66 -3654.26
-4914.28 -3654.26
-4945.49 -3654.26
-3743.72 -3654.26
-3705.98 -3654.26
-3713.79 -3654.26
-3662.30 -3654.26
-5025.21 -3654.26
-4624.22 -3654.26
-4635.97 -3654.26
-3805.23 -3654.26
-4656.08 -3654.26
-5194.17 -3654.26
-4342.60 -3654.26
-4331.22 -3654.26
-5055.67 -3654.26
-3750.04 -3654.26
-4390.25 -3654.26
-5368.74 -3654.26
-4383.51 -3654.26
-4306.43 -3654.26
-4542.84 -3654.26
-3716.54 -3654.26
-4016.62 -3654.26
-3716.24 -3654.26
-3853.51 -3654.26
-3914.83 -3654.26
-3833.00 -3654.26
-4383.05 -3654.26
-3736.66 -3654.26
-3716.47 -3654.26
-4228.08 -3654.26
-4333.61 -3654.26
-4572.17 -3654.26
-3779.29 -3654.26
-5001.95 -3654.26
-4238.49 -3654.26
-5071.59 -3654.26
-4386.84 -3654.26
-4589.56 -3654.26
-3727.78 -3654.26
-3724.02 -3654.26
-3707.82 -3654.26
-4612.15 -3654.26
-4868.77 -3654.26
-3932.28 -3654.26
-3796.76 -3654.26
-3946.99 -3654.26
-6216.68 -3654.26
-4186.25 -3654.26
-4541.28 -3654.26
-4211.42 -3654.26
-4355.70 -3654.26
-3925.89 -3654.26
-5415.94 -3654.26
-6089.97 -3654.26
-3736.73 -3654.26
-3726.14 -3654.26
-4349.47 -3654.26
-3694.42 -3654.26
-4015.04 -3654.26
-4439.37 -3654.26
-4734.24 -3654.26
-3716.40 -3654.26
-4688.61 -3654.26
-5082.39 -3654.26
-4342.72 -3654.26
-4031.25 -3654.26
-3893.84 -3654.26
-3879.72 -3654.26
-3885.61 -3654.26
-4333.49 -3654.26
-4384.58 -3654.26
-4697.86 -3654.26
-5743.38 -3654.26
-3727.00 -3654.26
-4446.04 -3654.26
-5251.19 -3654.26
-3853.83 -3654.26
-3768.08 -3654.26
-4574.44 -3654.26
-4158.20 -3654.26
-4301.84 -3654.26
-3957.18 -3654.26
-4876.53 -3654.26
-4549.02 -3654.26
-4611.05 -3654.26
-5072.73 -3654.26
-3951.12 -3654.26
-5346.80 -3654.26
-5368.33 -3654.26
-4628.98 -3654.26
-4133.96 -3654.26
-5286.54 -3654.26
-4348.37 -3654.26
-4355.33 -3654.26
-4354.81 -3654.26
-11219.64 -11219.64
-11144.44 -11144.44
-11218.97 -11144.44
-11126.83 -11126.83
-11155.95 -11126.83
-11207.75 -11126.83
-11145.33 -11126.83
-11011.78 -11011.78
-11282.49 -11011.78
-11282.32 -11011.78
-10932.28 -10932.28
-11085.18 -10932.28
-10973.36 -10932.28
-10651.95 -10651.95
-10807.47 -10651.95
-10603.92 -10603.92
-10537.59 -10537.59
-10373.71 -10373.71
-10288.98 -10288.98
-10229.18 -10229.18
-9800.54 -9800.54
-9880.29 -9800.54
-9619.94 -9619.94
-9476.83 -9476.83
-9624.65 -9476.83
-9535.89 -9476.83
-9517.10 -9476.83
-9907.85 -9476.83
-9308.42 -9308.42
-9039.24 -9039.24
-9079.79 -9039.24
-9454.05 -9039.24
-9032.89 -9032.89
-9458.64 -9032.89
-8993.69 -8993.69
-8968.41 -8968.41
-9189.96 -8968.41
-8924.42 -8924.42
-8906.88 -8906.88
-9215.88 -8906.88
-9310.09 -8906.88
-8801.52 -8801.52
-8405.37 -8405.37
-8375.46 -8375.46
-8084.62 -8084.62
-7847.79 -7847.79
-7300.95 -7300.95
-7102.15 -7102.15
-7723.14 -7102.15
-6912.30 -6912.30
-6524.04 -6524.04
-7823.24 -6524.04
-7319.61 -6524.04
-6662.93 -6524.04
-5476.10 -5476.10
-6801.37 -5476.10
-4725.00 -4725.00
-6161.21 -4725.00
-4645.41 -4645.41
-5095.17 -4645.41
-3898.71 -3898.71
-4284.84 -3898.71
-4902.93 -3898.71
-3854.61 -3854.61
-5865.37 -3854.61
-4548.31 -3854.61
-3675.30 -3675.30
-4839.25 -3675.30
-5076.87 -3675.30
-3736.74 -3675.30
-4006.87 -3675.30
-4601.03 -3675.30
-4643.49 -3675.30
-3654.26 -3654.26
-4562.93 -3654.26
-4601.33 -3654.26
-4223.08 -3654.26
-3676.13 -3654.26
-3769.49 -3654.26
-3890.31 -3654.26
-6012.23 -3654.26
-4400.64 -3654.26
-4581.42 -3654.26
-3781.91 -3654.26
-3897.81 -3654.26
-4370.08 -3654.26
-3676.20 -3654.26
-4216.02 -3654.26
-4345.77 -3654.26
-3965.88 -3654.26
-3781.31 -3654.26
-4174.57 -3654.26
-4926.80 -3654.26
-3903.85 -3654.26
-3893.20 -3654.26
-3906.39 -3654.26
-4841.64 -3654.26
-3679.83 -3654.26
-3796.42 -3654.26
-4356.17 -3654.26
-4188.80 -3654.26
-6078.99 -3654.26
-4017.95 -3654.26
-5008.94 -3654.26
-5825.51 -3654.26
-3731.80 -3654.26
-4138.64 -3654.26
-3706.58 -3654.26
-4899.34 -3654.26
-3706.03 -3654.26
-3908.46 -3654.26
-4570.43 -3654.26
-4374.49 -3654.26
-3675.26 -3654.26
-4348.15 -3654.26
-3692.96 -3654.26
-3949.27 -3654.26
-3655.30 -3654.26
-4178.64 -3654.26
-3872.12 -3654.26
-4351.08 -3654.26
-4751.62 -3654.26
-4964.22 -3654.26
-3812.01 -3654.26
-3734.53 -3654.26
-4144.21 -3654.26
-4838.78 -3654.26
-3710.47 -3654.26
-5208.21 -3654.26
-3925.28 -3654.26
-4936.78 -3654.26
-4689.72 -3654.26
-3736.23 -3654.26
-4208.99 -3654.26
-4575.35 -3654.26
-4109.71 -3654.26
-4358.16 -3654.26
-3941.33 -3654.26
-3910.01 -3654.26
-5687.36 -3654.26
-4202.64 -3654.26
-4135.74 -3654.26
-3843.39 -3654.26
-4683.12 -3654.26
-4360.21 -3654.26
-4022.86 -3654.26
-3656.25 -3654.26
-3770.45 -3654.26
-4289.08 -3654.26
-3902.43 -3654.26
-5309.13 -3654.26
-3711.62 -3654.26
-3879.27 -3654.26
-4973.15 -3654.26
-5595.91 -3654.26
-3874.86 -3654.26
-3870.72 -3654.26
-3899.44 -3654.26
-4617.01 -3654.26
-3720.72 -3654.26
-3686.93 -3654.26
-3659.91 -3654.26
-4361.72 -3654.26
-4350.60 -3654.26
-4379.93 -3654.26
-5977.46 -3654.26
-3921.63 -3654.26
-5369.93 -3654.26
-3800.40 -3654.26
-5025.63 -3654.26
-4372.56 -3654.26
-3713.33 -3654.26
-3744.35 -3654.26
-4849.07 -3654.26
-3774.27 -3654.26
-3745.37 -3654.26
-4816.54 -3654.26
-4583.67 -3654.26
-5140.87 -3654.26
-4535.60 -3654.26
-4132.81 -3654.26
-4163.05 -3654.26
-4384.64 -3654.26
-4400.60 -3654.26
-4039.98 -3654.26
-4416.20 -3654.26
-4882.33 -3654.26
-3966.51 -3654.26
-5083.71 -3654.26
-4023.05 -3654.26
-4357.68 -3654.26
-3655.94 -3655.94
-4617.15 -3655.94
-3802.30 -3655.94
-4582.34 -3655.94
-3910.31 -3655.94
-3676.06 -3655.94
-3793.84 -3655.94
-3736.30 -3655.94
-3726.56 -3655.94
-4082.00 -3655.94
-3866.85 -3655.94
-3939.88 -3655.94
-3749.25 -3655.94
-4144.03 -3655.94
-3761.42 -3655.94
-4371.77 -3655.94
-3676.72 -3655.94
-3884.33 -3655.94
-3863.53 -3655.94
-5333.84 -3655.94
-3728.56 -3655.94
-3796.16 -3655.94
-4335.52 -3655.94
-3873.72 -3655.94
-5420.02 -3655.94
-5888.48 -3655.94
-3680.75 -3655.94
-4989.22 -3655.94
-4401.17 -3655.94
-4966.25 -3655.94
-3746.67 -3655.94
-4307.34 -3655.94
-3944.80 -3655.94
-3967.10 -3655.94
-3742.28 -3655.94
-5831.26 -3655.94
-3779.65 -3655.94
-3659.91 -3655.94
-4954.74 -3655.94
-3758.30 -3655.94
-4141.03 -3655.94
-3744.11 -3655.94
-3872.71 -3655.94
-5658.65 -3655.94
-4244.10 -3655.94
-4837.57 -3655.94
-5548.52 -3655.94
-4576.98 -3655.94
-4290.00 -3655.94
-4684.32 -3655.94
-4196.82 -3655.94
-5661.96 -3655.94
-3748.67 -3655.94
-4429.90 -3655.94
-4553.86 -3655.94
-4021.00 -3655.94
-4549.16 -3655.94
-4041.17 -3655.94
-4427.10 -3655.94
-4708.06 -3655.94
-4199.37 -3655.94
-3891.81 -3655.94
-4284.08 -3655.94
-4137.78 -3655.94
-4973.13 -3655.94
-4442.56 -3655.94
-3794.37 -3655.94
-3663.92 -3655.94
-3737.13 -3655.94
-4281.16 -3655.94
-3895.29 -3655.94
-4405.43 -3655.94
-5808.00 -3655.94
-3873.00 -3655.94
-4024.21 -3655.94
-3929.94 -3655.94
-5402.42 -3655.94
-4236.72 -3655.94
-5220.80 -3655.94
-4563.68 -3655.94
-3660.35 -3655.94
-4543.61 -3655.94
-4621.34 -3655.94
-3787.01 -3655.94
-4668.35 -3655.94
-4398.94 -3655.94
-4162.32 -3655.94
-3945.86 -3655.94
-3719.71 -3655.94
-3976.85 -3655.94
-3659.55 -3655.94
-3770.15 -3655.94
-5249.25 -3655.94
-3660.38 -3655.94
-4454.05 -3655.94
-3759.81 -3655.94
-4171.25 -3655.94
-3725.09 -3655.94
-4589.19 -3655.94
-3878.69 -3655.94
-3902.37 -3655.94
-4375.21 -3655.94
-4080.85 -3655.94
-3737.60 -3655.94
-3746.56 -3655.94
-5629.85 -3655.94
-5620.58 -3655.94
-4023.96 -3655.94
-5643.11 -3655.94
-3953.65 -3655.94
-3704.24 -3655.94
-3766.78 -3655.94
-5496.01 -3655.94
-4363.67 -3655.94
-4289.67 -3655.94
-4133.04 -3655.94
-4624.21 -3655.94
-3765.72 -3655.94
-3910.12 -3655.94
-4530.24 -3655.94
-3674.37 -3655.94
-4599.16 -3655.94
-3971.46 -3655.94
-4208.85 -3655.94
-3883.27 -3655.94
-4369.39 -3655.94
-4532.07 -3655.94
-4690.74 -3655.94
-4978.84 -3655.94
-3691.32 -3655.94
-4391.82 -3655.94
-4044.86 -3655.94
-3705.91 -3655.94
-3722.78 -3655.94
-4600.72 -3655.94
-4670.76 -3655.94
-4388.96 -3655.94
-4360.36 -3655.94
-3882.71 -3655.94
-3654.71 -3654.71
-5244.95 -3654.71
-4024.91 -3654.71
-3863.68 -3654.71
-3866.86 -3654.71
-4575.11 -3654.71
-4054.88 -3654.71
-5414.57 -3654.71
-3744.93 -3654.71
-4604.59 -3654.71
-4645.67 -3654.71
-3738.38 -3654.71
-4328.64 -3654.71
-4356.59 -3654.71
-4004.72 -3654.71
-3735.83 -3654.71
-3655.22 -3655.22
-5166.32 -3655.22
-3713.39 -3655.22
-4333.72 -3655.22
-3719.17 -3655.22
-4903.45 -3655.22
-3717.18 -3655.22
-5636.40 -3655.22
-3718.68 -3655.22
-4598.69 -3655.22
-4601.39 -3655.22
-4140.27 -3655.22
-3725.52 -3655.22
-4354.42 -3655.22
-4230.42 -3655.22
-4704.08 -3655.22
-4948.12 -3655.22
-4272.63 -3655.22
-4814.83 -3655.22
-5600.70 -3655.22
-3782.55 -3655.22
-5918.99 -3655.22
-4174.79 -3655.22
-4030.24 -3655.22
-3897.80 -3655.22
-4321.03 -3655.22
-4398.10 -3655.22
-5479.11 -3655.22
-4594.29 -3655.22
-4628.30 -3655.22
-4224.94 -3655.22
-3880.91 -3655.22
-5168.50 -3655.22
-4401.18 -3655.22
-4207.40 -3655.22
-4206.29 -3655.22
-3714.04 -3655.22
-3779.36 -3655.22
-4026.26 -3655.22
-4166.66 -3655.22
-4176.56 -3655.22
-3655.55 -3655.55
-5350.52 -3655.55
-3859.22 -3655.55
-4606.26 -3655.55
-4237.33 -3655.55
-3943.97 -3655.55
-4054.87 -3655.55
-4385.40 -3655.55
-3700.74 -3655.55
-3725.21 -3655.55
-3976.75 -3655.55
-4713.39 -3655.55
-3966.56 -3655.55
-4216.38 -3655.55
-4171.48 -3655.55
-4640.78 -3655.55
-3782.53 -3655.55
-5026.90 -3655.55
-4547.90 -3655.55
-4547.40 -3655.55
-3738.95 -3655.55
-4458.44 -3655.55
-3925.54 -3655.55
-3861.64 -3655.55
-4910.40 -3655.55
-4989.55 -3655.55
-3841.82 -3655.55
-5801.45 -3655.55
-4202.11 -3655.55
-11445.98 -11445.98
-11565.80 -11445.98
-11307.97 -11307.97
-11244.04 -11244.04
-11194.87 -11194.87
-11201.15 -11194.87
-10977.15 -10977.15
-10876.06 -10876.06
-10882.61 -10876.06
-10908.64 -10876.06
-10793.23 -10793.23
-10795.01 -10795.01
-11015.06 -10795.01
-10574.51 -10574.51
-10624.76 -10574.51
-10639.76 -10574.51
-10467.59 -10467.59
-10392.66 -10392.66
-10646.67 -10392.66
-10202.03 -10202.03
-10015.27 -10015.27
-9700.18 -9700.18
-9821.99 -9700.18
-9820.57 -9700.18
-9909.14 -9700.18
-9422.76 -9422.76
-9620.72 -9422.76
-9643.99 -9422.76
-9384.32 -9384.32
-9198.01 -9198.01
-9305.99 -9198.01
-9210.81 -9198.01
-9331.45 -9198.01
-9049.09 -9049.09
-9095.36 -9049.09
-8080.27 -8080.27
-8263.67 -8080.27
-8455.66 -8080.27
-8227.92 -8080.27
-8244.82 -8080.27
-7433.58 -7433.58
-8025.71 -7433.58
-7615.04 -7433.58
-7712.63 -7433.58
-7220.00 -7220.00
-4613.83 -4613.83
-4362.14 -4362.14
-6266.93 -4362.14
-6119.62 -4362.14
-4379.05 -4362.14
-4871.41 -4362.14
-4826.91 -4362.14
-4191.68 -4191.68
-4784.20 -4191.68
-4362.54 -4191.68
-4133.40 -4133.40
-3978.64 -3978.64
-4942.57 -3978.64
-3731.67 -3731.67
-3712.53 -3712.53
-4371.91 -3712.53
-3680.21 -3680.21
-3896.79 -3680.21
-3857.57 -3680.21
-4034.03 -3680.21
-4376.20 -3680.21
-5356.51 -3680.21
-4372.83 -3680.21
-3727.58 -3680.21
-3896.05 -3680.21
-3737.88 -3680.21
-5761.43 -3680.21
-4142.05 -3680.21
-4624.50 -3680.21
-4298.17 -3680.21
-4692.77 -3680.21
-4181.65 -3680.21
-4260.26 -3680.21
-3736.43 -3680.21
-4261.11 -3680.21
-4421.14 -3680.21
-4202.12 -3680.21
-5685.55 -3680.21
-4074.19 -3680.21
-4570.95 -3680.21
-4400.73 -3680.21
-4738.87 -3680.21
-3738.50 -3680.21
-3863.75 -3680.21
-3914.67 -3680.21
-4450.09 -3680.21
-3680.87 -3680.21
-3801.78 -3680.21
-4285.77 -3680.21
-4132.06 -3680.21
-4190.44 -3680.21
-3655.98 -3655.98
-4378.59 -3655.98
-4267.24 -3655.98
-4915.20 -3655.98
-3738.34 -3655.98
-4335.00 -3655.98
-4450.55 -3655.98
-4025.86 -3655.98
-3870.94 -3655.98
-3773.36 -3655.98
-3999.37 -3655.98
-3778.39 -3655.98
-4353.83 -3655.98
-3879.73 -3655.98
-4118.41 -3655.98
-4931.64 -3655.98
-3857.46 -3655.98
-3906.02 -3655.98
-4939.67 -3655.98
-4595.16 -3655.98
-3747.20 -3655.98
-4211.18 -3655.98
-4019.45 -3655.98
-4399.41 -3655.98
-4997.53 -3655.98
-4413.29 -3655.98
-3729.82 -3655.98
-4261.12 -3655.98
-5908.24 -3655.98
-4257.29 -3655.98
-3768.33 -3655.98
-3714.89 -3655.98
-4183.31 -3655.98
-4644.48 -3655.98
-4162.19 -3655.98
-4459.06 -3655.98
-3762.50 -3655.98
-3879.37 -3655.98
-4207.25 -3655.98
-3862.22 -3655.98
-3656.16 -3656.16
-4289.65 -3656.16
-4037.79 -3656.16
-4654.56 -3656.16
-4182.63 -3656.16
-4320.59 -3656.16
-4276.92 -3656.16
-4128.16 -3656.16
-5700.96 -3656.16
-4610.14 -3656.16
-3875.17 -3656.16
-4886.43 -3656.16
-4229.91 -3656.16
-3865.79 -3656.16
-3714.80 -3656.16
-4272.07 -3656.16
-4847.91 -3656.16
-4573.65 -3656.16
-3796.94 -3656.16
-4940.09 -3656.16
-3711.29 -3656.16
-3674.08 -3656.16
-4453.44 -3656.16
-4198.43 -3656.16
-3702.79 -3656.16
-3697.82 -3656.16
-3761.68 -3656.16
-4159.10 -3656.16
-4009.95 -3656.16
-3713.93 -3656.16
-3862.91 -3656.16
-5422.27 -3656.16
-3715.51 -3656.16
-4978.89 -3656.16
-4447.03 -3656.16
-5044.77 -3656.16
-4027.26 -3656.16
-4028.72 -3656.16
-4049.87 -3656.16
-3681.26 -3656.16
-4594.23 -3656.16
-4037.63 -3656.16
-5026.92 -3656.16
-3735.60 -3656.16
-4848.40 -3656.16
-4605.28 -3656.16
-4608.01 -3656.16
-4795.63 -3656.16
-4280.39 -3656.16
-4046.66 -3656.16
-3659.30 -3656.16
-3768.18 -3656.16
-4362.51 -3656.16
-4107.74 -3656.16
-3969.19 -3656.16
-4820.32 -3656.16
-4572.13 -3656.16
-4272.02 -3656.16
-4183.90 -3656.16
-3711.31 -3656.16
-3725.55 -3656.16
-4927.60 -3656.16
-3712.86 -3656.16
-3702.18 -3656.16
-4327.33 -3656.16
-4022.30 -3656.16
-4305.92 -3656.16
-4384.84 -3656.16
-4650.24 -3656.16
-5385.04 -3656.16
-4966.54 -3656.16
-5832.83 -3656.16
-3973.68 -3656.16
-3707.08 -3656.16
-4387.97 -3656.16
-3915.60 -3656.16
-4355.05 -3656.16
-4369.62 -3656.16
-3747.14 -3656.16
-4045.60 -3656.16
-4282.16 -3656.16
-4183.89 -3656.16
-3703.40 -3656.16
-4133.02 -3656.16
-4271.50 -3656.16
-3722.05 -3656.16
-4327.90 -3656.16
-4356.34 -3656.16
-5278.76 -3656.16
-4569.82 -3656.16
-4430.18 -3656.16
-3718.35 -3656.16
-5076.00 -3656.16
-3948.54 -3656.16
-3778.25 -3656.16
-3897.16 -3656.16
-5435.62 -3656.16
-4393.86 -3656.16
-3656.26 -3656.26
-3737.69 -3656.26
-4359.42 -3656.26
-3978.88 -3656.26
-3713.88 -3656.26
-4191.81 -3656.26
-3696.48 -3656.26
-3679.54 -3656.26
-4325.95 -3656.26
-4144.88 -3656.26
-4024.49 -3656.26
-3714.82 -3656.26
-3733.90 -3656.26
-5105.10 -3656.26
-4591.86 -3656.26
-3718.89 -3656.26
-4691.52 -3656.26
-3687.37 -3656.26
-3654.71 -3654.71
-4540.11 -3654.71
-4401.90 -3654.71
-3985.00 -3654.71
-3901.39 -3654.71
-5556.13 -3654.71
-4938.88 -3654.71
-4922.59 -3654.71
-3943.37 -3654.71
-4581.15 -3654.71
-4634.79 -3654.71
-4959.62 -3654.71
-4015.71 -3654.71
-4077.68 -3654.71
-3761.64 -3654.71
-5178.23 -3654.71
-5606.49 -3654.71
-3692.94 -3654.71
-4038.52 -3654.71
-4108.29 -3654.71
-4402.46 -3654.71
-4369.04 -3654.71
-4367.46 -3654.71
-3790.61 -3654.71
-3878.84 -3654.71
-5141.34 -3654.71
-3754.26 -3654.71
-3711.70 -3654.71
-5257.25 -3654.71
-3696.73 -3654.71
-4211.77 -3654.71
-3811.47 -3654.71
-3735.12 -3654.71
-3854.06 -3654.71
-4828.00 -3654.71
-3783.09 -3654.71
-4838.22 -3654.71
-3713.20 -3654.71
-3759.53 -3654.71
-3654.87 -3654.87
-3712.73 -3654.87
-4141.14 -3654.87
-3853.15 -3654.87
-4178.97 -3654.87
-4713.16 -3654.87
-3888.92 -3654.87
-3717.90 -3654.87
-3654.68 -3654.68
-6204.70 -3654.68
-4654.09 -3654.68
-3752.75 -3654.68
-3910.97 -3654.68
-4159.54 -3654.68
-5190.98 -3654.68
-3655.16 -3655.16
-4231.76 -3655.16
-4344.15 -3655.16
-6060.24 -3655.16
-3712.71 -3655.16
-3861.27 -3655.16
-3719.50 -3655.16
-5428.48 -3655.16
-3727.29 -3655.16
-4280.03 -3655.16
-4620.85 -3655.16
-4013.03 -3655.16
-4175.12 -3655.16
-3711.54 -3655.16
-4387.11 -3655.16
-4939.80 -3655.16
-4319.68 -3655.16
-4856.32 -3655.16
-5214.02 -3655.16
-3712.39 -3655.16
-5432.56 -3655.16
-3714.47 -3655.16
-4169.86 -3655.16
-3706.19 -3655.16
-5574.36 -3655.16
-3862.98 -3655.16
-3657.19 -3655.16
-4176.94 -3655.16
-4126.99 -3655.16
-5341.57 -3655.16
-3713.49 -3655.16
-3654.20 -3654.20
-4582.92 -3654.20
-4987.91 -3654.20
-4211.34 -3654.20
-4301.26 -3654.20
-4238.62 -3654.20
-4365.17 -3654.20
-5052.74 -3654.20
-3943.18 -3654.20
-4560.39 -3654.20
-4134.27 -3654.20
-4401.56 -3654.20
-4624.02 -3654.20
-4860.43 -3654.20
-4031.25 -3654.20
-4418.79 -3654.20
-3655.61 -3654.20
-4444.60 -3654.20
-3674.27 -3654.20
-3942.59 -3654.20
-3714.37 -3654.20
-4346.06 -3654.20
-4615.70 -3654.20
-3933.05 -3654.20
-3749.52 -3654.20
-4345.01 -3654.20
-3699.52 -3654.20
-3895.14 -3654.20
-3734.78 -3654.20
-4421.68 -3654.20
-3705.36 -3654.20
-4879.55 -3654.20
-3735.58 -3654.20
-3889.41 -3654.20
-4600.37 -3654.20
-4902.38 -3654.20
-3719.30 -3654.20
-3724.49 -3654.20
-4387.08 -3654.20
-4138.74 -3654.20
-5268.65 -3654.20
-3775.66 -3654.20
-3917.50 -3654.20
-5594.23 -3654.20
-4399.75 -3654.20
-3738.55 -3654.20
-4639.78 -3654.20
-3693.84 -3654.20
-4867.93 -3654.20
-5116.71 -3654.20
-4738.07 -3654.20
-4182.94 -3654.20
-4890.44 -3654.20
-4151.22 -3654.20
-3706.22 -3654.20
-3705.24 -3654.20
-4055.88 -3654.20
-3733.86 -3654.20
-3761.10 -3654.20
-4180.13 -3654.20
-4114.88 -3654.20
-3716.43 -3654.20
-4923.33 -3654.20
-5213.60 -3654.20
-4207.57 -3654.20
-4630.69 -3654.20
-3725.57 -3654.20
-4445.85 -3654.20
-3997.38 -3654.20
-3656.47 -3654.20
-3790.58 -3654.20
-3774.57 -3654.20
-4932.57 -3654.20
-3956.22 -3654.20
-5186.59 -3654.20
-3710.79 -3654.20
-3940.82 -3654.20
-4844.69 -3654.20
-3718.51 -3654.20
-11493.47 -11493.47
-11482.92 -11482.92
-11405.55 -11405.55
-11482.92 -11405.55
-11683.68 -11405.55
-11451.19 -11405.55
-11373.76 -11373.76
-11424.17 -11373.76
-11333.39 -11333.39
-11250.64 -11250.64
-11265.00 -11250.64
-11247.51 -11247.51
-11435.01 -11247.51
-11212.04 -11212.04
-11391.43 -11212.04
-11183.27 -11183.27
-11278.12 -11183.27
-11369.99 -11183.27
-11369.26 -11183.27
-11148.17 -11148.17
-11147.96 -11147.96
-11243.68 -11147.96
-11216.16 -11147.96
-11093.44 -11093.44
-11264.19 -11093.44
-11307.80 -11093.44
-11235.30 -11093.44
-10838.32 -10838.32
-10789.67 -10789.67
-10460.77 -10460.77
-10288.94 -10288.94
-10494.91 -10288.94
-10625.22 -10288.94
-10095.22 -10095.22
-10437.79 -10095.22
-10229.41 -10095.22
-9959.36 -9959.36
-9954.48 -9954.48
-10497.34 -9954.48
-10123.06 -9954.48
-9795.32 -9795.32
-9678.95 -9678.95
-9649.48 -9649.48
-9151.98 -9151.98
-9119.23 -9119.23
-8969.11 -8969.11
-8976.84 -8969.11
-9181.86 -8969.11
-8728.69 -8728.69
-8258.87 -8258.87
-9210.06 -8258.87
-8348.50 -8258.87
-7837.68 -7837.68
-8013.82 -7837.68
-7603.04 -7603.04
-5632.32 -5632.32
-5688.38 -5632.32
-4616.16 -4616.16
-4310.01 -4310.01
-4542.34 -4310.01
-4124.34 -4124.34
-3779.85 -3779.85
-5504.24 -3779.85
-3730.85 -3730.85
-4460.01 -3730.85
-3915.66 -3730.85
-5128.30 -3730.85
-3762.06 -3730.85
-3748.83 -3730.85
-4328.04 -3730.85
-4180.61 -3730.85
-4192.99 -3730.85
-4692.22 -3730.85
-4043.68 -3730.85
-4354.63 -3730.85
-4962.02 -3730.85
-6287.96 -3730.85
-4626.08 -3730.85
-4660.10 -3730.85
-4585.44 -3730.85
-4845.11 -3730.85
-3804.90 -3730.85
-4800.70 -3730.85
-3660.05 -3660.05
-5139.10 -3660.05
-5646.99 -3660.05
-5082.19 -3660.05
-4186.14 -3660.05
-5737.15 -3660.05
-4146.52 -3660.05
-4018.02 -3660.05
-4808.23 -3660.05
-5694.05 -3660.05
-4231.89 -3660.05
-4024.22 -3660.05
-3702.82 -3660.05
-4192.68 -3660.05
-4893.35 -3660.05
-3854.53 -3660.05
-3734.15 -3660.05
-4175.73 -3660.05
-4145.67 -3660.05
-4176.13 -3660.05
-3863.92 -3660.05
-4634.23 -3660.05
-3716.56 -3660.05
-4370.32 -3660.05
-4582.68 -3660.05
-4006.11 -3660.05
-4608.84 -3660.05
-4346.50 -3660.05
-4651.88 -3660.05
-4020.12 -3660.05
-4599.43 -3660.05
-4276.76 -3660.05
-3700.00 -3660.05
-5560.36 -3660.05
-3740.29 -3660.05
-5154.18 -3660.05
-4450.03 -3660.05
-4363.95 -3660.05
-4651.18 -3660.05
-3727.21 -3660.05
-4360.82 -3660.05
-6033.63 -3660.05
-6166.37 -3660.05
-4394.74 -3660.05
-5299.40 -3660.05
-3877.11 -3660.05
-3754.09 -3660.05
-3727.94 -3660.05
-5906.77 -3660.05
-5597.53 -3660.05
-5352.35 -3660.05
-6075.48 -3660.05
-4567.86 -3660.05
-3654.72 -3654.72
-4361.92 -3654.72
-4321.23 -3654.72
-3714.01 -3654.72
-4684.14 -3654.72
-4375.52 -3654.72
-4871.40 -3654.72
-5459.68 -3654.72
-4896.37 -3654.72
-3870.90 -3654.72
-4436.88 -3654.72
-4264.62 -3654.72
-3877.16 -3654.72
-3710.53 -3654.72
-3883.37 -3654.72
-3656.57 -3654.72
-3735.23 -3654.72
-4637.03 -3654.72
-3736.57 -3654.72
-3694.96 -3654.72
-4157.82 -3654.72
-4171.64 -3654.72
-4575.40 -3654.72
-3704.05 -3654.72
-4865.20 -3654.72
-3939.04 -3654.72
-3702.81 -3654.72
-4574.32 -3654.72
-3767.50 -3654.72
-5849.77 -3654.72
-3774.57 -3654.72
-4284.07 -3654.72
-4354.36 -3654.72
-4373.28 -3654.72
-4327.16 -3654.72
-5630.31 -3654.72
-4673.45 -3654.72
-4190.34 -3654.72
-3967.57 -3654.72
-4362.53 -3654.72
-5783.08 -3654.72
-3700.22 -3654.72
-4018.14 -3654.72
-6244.67 -3654.72
-4032.17 -3654.72
-3733.54 -3654.72
-5628.43 -3654.72
-4593.85 -3654.72
-4614.91 -3654.72
-5824.74 -3654.72
-4357.64 -3654.72
-5422.07 -3654.72
-3860.71 -3654.72
-4388.09 -3654.72
-4444.39 -3654.72
-4179.23 -3654.72
-3768.67 -3654.72
-5750.37 -3654.72
-3903.44 -3654.72
-3739.14 -3654.72
-3799.18 -3654.72
-5124.56 -3654.72
-3656.74 -3654.72
-3974.24 -3654.72
-3874.32 -3654.72
-4692.10 -3654.72
-4835.20 -3654.72
-4116.27 -3654.72
-5160.78 -3654.72
-3658.92 -3654.72
-4204.05 -3654.72
-4161.69 -3654.72
-5576.69 -3654.72
-4880.90 -3654.72
-4661.54 -3654.72
-4354.93 -3654.72
-4413.47 -3654.72
-4309.02 -3654.72
-4363.57 -3654.72
-4320.34 -3654.72
-4175.79 -3654.72
-5612.41 -3654.72
-4176.75 -3654.72
-3943.28 -3654.72
-3854.16 -3654.72
-3661.75 -3654.72
-3714.05 -3654.72
-4831.67 -3654.72
-4236.07 -3654.72
-3966.87 -3654.72
-4016.61 -3654.72
-6009.16 -3654.72
-3722.23 -3654.72
-4565.61 -3654.72
-4672.12 -3654.72
-3783.10 -3654.72
-4692.40 -3654.72
-3794.39 -3654.72
-5133.15 -3654.72
-4182.07 -3654.72
-5418.57 -3654.72
-3857.64 -3654.72
-4361.40 -3654.72
-3718.39 -3654.72
-3713.52 -3654.72
-4359.89 -3654.72
-3872.18 -3654.72
-4593.05 -3654.72
-4034.21 -3654.72
-3879.07 -3654.72
-4622.07 -3654.72
-3661.37 -3654.72
-4400.50 -3654.72
-4718.89 -3654.72
-4922.75 -3654.72
-3748.00 -3654.72
-3778.63 -3654.72
-3943.15 -3654.72
-5769.06 -3654.72
-5423.17 -3654.72
-3999.45 -3654.72
-4639.05 -3654.72
-4383.52 -3654.72
-4136.47 -3654.72
-5642.06 -3654.72
-5620.68 -3654.72
-3747.30 -3654.72
-5423.14 -3654.72
-4042.25 -3654.72
-3725.12 -3654.72
-4138.76 -3654.72
-4359.09 -3654.72
-4542.00 -3654.72
-3690.62 -3654.72
-4214.39 -3654.72
-4838.04 -3654.72
-4081.91 -3654.72
-3908.46 -3654.72
-4395.19 -3654.72
-5394.14 -3654.72
-5742.44 -3654.72
-5374.37 -3654.72
-5476.91 -3654.72
-4238.46 -3654.72
-4839.47 -3654.72
-4111.72 -3654.72
-3714.77 -3654.72
-4616.67 -3654.72
-3712.28 -3654.72
-4584.66 -3654.72
-5481.71 -3654.72
-4406.19 -3654.72
-3706.50 -3654.72
-3747.58 -3654.72
-4629.34 -3654.72
-3950.30 -3654.72
-4192.18 -3654.72
-3774.52 -3654.72
-4382.35 -3654.72
-3717.56 -3654.72
-5157.01 -3654.72
-3893.92 -3654.72
-4045.47 -3654.72
-3864.89 -3654.72
-3746.13 -3654.72
-5030.67 -3654.72
-4542.74 -3654.72
-4386.43 -3654.72
-4336.55 -3654.72
-4235.47 -3654.72
-4132.55 -3654.72
-4451.54 -3654.72
-3705.34 -3654.72
-4218.70 -3654.72
-4033.61 -3654.72
-3680.92 -3654.72
-3744.78 -3654.72
-3701.88 -3654.72
-4634.17 -3654.72
-5817.86 -3654.72
-3943.55 -3654.72
-3870.99 -3654.72
-3734.13 -3654.72
-4373.18 -3654.72
-4621.89 -3654.72
-3915.20 -3654.72
-5047.35 -3654.72
-4395.50 -3654.72
-5435.96 -3654.72
-3705.77 -3654.72
-4226.50 -3654.72
-4896.56 -3654.72
-5275.82 -3654.72
-4832.84 -3654.72
-5157.20 -3654.72
-4881.17 -3654.72
-6102.53 -3654.72
-4158.46 -3654.72
-3751.04 -3654.72
-3982.29 -3654.72
-5609.80 -3654.72
-4427.96 -3654.72
-3782.03 -3654.72
-3700.93 -3654.72
-3662.77 -3654.72
-4867.48 -3654.72
-4357.18 -3654.72
-4711.54 -3654.72
-4347.03 -3654.72
-3936.59 -3654.72
-5414.62 -3654.72
-4962.07 -3654.72
-3742.43 -3654.72
-4672.31 -3654.72
-4647.01 -3654.72
-3927.00 -3654.72
-3707.84 -3654.72
-4848.33 -3654.72
-4214.93 -3654.72
-4340.12 -3654.72
-3713.30 -3654.72
-4864.13 -3654.72
-4307.26 -3654.72
-4221.00 -3654.72
-4158.98 -3654.72
-4284.10 -3654.72
-3719.83 -3654.72
-4558.36 -3654.72
-5198.97 -3654.72
-4400.93 -3654.72
-4548.04 -3654.72
-3762.15 -3654.72
-3941.27 -3654.72
-3679.47 -3654.72
-3890.98 -3654.72
-3689.27 -3654.72
-4029.72 -3654.72
-4712.44 -3654.72
-3868.63 -3654.72
-3736.22 -3654.72
-4373.80 -3654.72
-5114.45 -3654.72
-3761.64 -3654.72
-4573.44 -3654.72
-4936.43 -3654.72
-5710.88 -3654.72
-5092.35 -3654.72
-4614.57 -3654.72
-3769.60 -3654.72
-3713.15 -3654.72
-4228.88 -3654.72
-3889.71 -3654.72
-4142.25 -3654.72
-3674.29 -3654.72
-3656.30 -3656.30
-3759.67 -3656.30
-3731.94 -3656.30
-3735.61 -3656.30
-4191.45 -3656.30
-4933.17 -3656.30
-4345.46 -3656.30
-4302.40 -3656.30
-4644.76 -3656.30
-4834.03 -3656.30
-4835.06 -3656.30
-4110.12 -3656.30
-4020.24 -3656.30
-4601.97 -3656.30
-5632.68 -3656.30
-4289.30 -3656.30
-4809.41 -3656.30
-4394.46 -3656.30
-3853.88 -3656.30
-4180.51 -3656.30
-3864.04 -3656.30
-4272.26 -3656.30
-3714.59 -3656.30
-4374.09 -3656.30
-3728.18 -3656.30
-6245.33 -3656.30
-11372.19 -11372.19
-11330.67 -11330.67
-11301.33 -11301.33
-11281.75 -11281.75
-11306.45 -11281.75
-11247.55 -11247.55
-11254.58 -11247.55
-11164.21 -11164.21
-10808.02 -10808.02
-10926.98 -10808.02
-10925.40 -10808.02
-10790.66 -10790.66
-10813.46 -10790.66
-10901.62 -10790.66
-10816.81 -10790.66
-10643.44 -10643.44
-10516.00 -10516.00
-10625.33 -10516.00
-10595.98 -10516.00
-10114.82 -10114.82
-10182.53 -10114.82
-10439.60 -10114.82
-10512.97 -10114.82
-10343.05 -10114.82
-9956.21 -9956.21
-9998.13 -9956.21
-9818.51 -9818.51
-10141.23 -9818.51
-9846.83 -9818.51
-9804.20 -9804.20
-10117.77 -9804.20
-9559.38 -9559.38
-9553.56 -9553.56
-9802.33 -9553.56
-9606.69 -9553.56
-9140.86 -9140.86
-9400.89 -9140.86
-9127.81 -9127.81
-9475.59 -9127.81
-9385.16 -9127.81
-9669.99 -9127.81
-9225.52 -9127.81
-8983.52 -8983.52
-8513.71 -8513.71
-8686.14 -8513.71
-8615.60 -8513.71
-8925.52 -8513.71
-8038.29 -8038.29
-8000.73 -8000.73
-7359.84 -7359.84
-7380.50 -7359.84
-6424.15 -6424.15
-7846.54 -6424.15
-6020.90 -6020.90
-6643.02 -6020.90
-6068.91 -6020.90
-5025.45 -5025.45
-3873.15 -3873.15
-4867.96 -3873.15
-3699.54 -3699.54
-5077.00 -3699.54
-3748.68 -3699.54
-3916.00 -3699.54
-4703.66 -3699.54
-4570.93 -3699.54
-3663.75 -3663.75
-4187.71 -3663.75
-5266.81 -3663.75
-5295.99 -3663.75
-3658.19 -3658.19
-3714.37 -3658.19
-4320.37 -3658.19
-4215.78 -3658.19
-4238.24 -3658.19
-4360.75 -3658.19
-3874.99 -3658.19
-3845.63 -3658.19
-3712.30 -3658.19
-4420.23 -3658.19
-4118.96 -3658.19
-4075.63 -3658.19
-3975.34 -3658.19
-5513.26 -3658.19
-3881.01 -3658.19
-3742.48 -3658.19
-4619.88 -3658.19
-4375.58 -3658.19
-4166.91 -3658.19
-5602.04 -3658.19
-4867.29 -3658.19
-3963.82 -3658.19
-3921.98 -3658.19
-4137.92 -3658.19
-3793.51 -3658.19
-4954.14 -3658.19
-4028.75 -3658.19
-3895.73 -3658.19
-3767.21 -3658.19
-4306.82 -3658.19
-6292.98 -3658.19
-4953.28 -3658.19
-3693.67 -3658.19
-4922.83 -3658.19
-4452.33 -3658.19
-3978.95 -3658.19
-3715.35 -3658.19
-4714.05 -3658.19
-4356.27 -3658.19
-3708.84 -3658.19
-3734.49 -3658.19
-5460.33 -3658.19
-4332.42 -3658.19
-4182.44 -3658.19
-5960.65 -3658.19
-3707.06 -3658.19
-3799.18 -3658.19
-4350.41 -3658.19
-4362.55 -3658.19
-4353.01 -3658.19
-4972.84 -3658.19
-4676.93 -3658.19
-4579.66 -3658.19
-4183.08 -3658.19
-3684.75 -3658.19
-4206.40 -3658.19
-3713.78 -3658.19
-3654.24 -3654.24
-4423.75 -3654.24
-4387.38 -3654.24
-3767.10 -3654.24
-3732.42 -3654.24
-4537.26 -3654.24
-4643.76 -3654.24
-5493.68 -3654.24
-3916.93 -3654.24
-4209.04 -3654.24
-3719.32 -3654.24
-4579.33 -3654.24
-4177.69 -3654.24
-4164.16 -3654.24
-3718.34 -3654.24
-4737.00 -3654.24
-4932.79 -3654.24
-4006.13 -3654.24
-4976.03 -3654.24
-3679.58 -3654.24
-3701.58 -3654.24
-4345.49 -3654.24
-3717.80 -3654.24
-4262.74 -3654.24
-5012.63 -3654.24
-4179.23 -3654.24
-4899.96 -3654.24
-3963.25 -3654.24
-3719.94 -3654.24
-4424.66 -3654.24
-3945.46 -3654.24
-3893.77 -3654.24
-4135.24 -3654.24
-4363.01 -3654.24
-5358.37 -3654.24
-3770.67 -3654.24
-4701.22 -3654.24
-4025.30 -3654.24
-3772.99 -3654.24
-5764.31 -3654.24
-4572.54 -3654.24
-5732.00 -3654.24
-6037.90 -3654.24
-3737.04 -3654.24
-4625.99 -3654.24
-5071.80 -3654.24
-4178.02 -3654.24
-4167.41 -3654.24
-4184.91 -3654.24
-3730.43 -3654.24
-3741.95 -3654.24
-3893.49 -3654.24
-4715.46 -3654.24
-3769.68 -3654.24
-4397.84 -3654.24
-4026.52 -3654.24
-3679.42 -3654.24
-3659.99 -3654.24
-5659.70 -3654.24
-3656.21 -3654.24
-3720.02 -3654.24
-4412.67 -3654.24
-4407.35 -3654.24
-3886.58 -3654.24
-4054.38 -3654.24
-3909.94 -3654.24
-3737.85 -3654.24
-3787.97 -3654.24
-4427.84 -3654.24
-3733.17 -3654.24
-3663.52 -3654.24
-4025.51 -3654.24
-4423.87 -3654.24
-4183.75 -3654.24
-4707.79 -3654.24
-5158.89 -3654.24
-4654.73 -3654.24
-3680.81 -3654.24
-3704.13 -3654.24
-4113.24 -3654.24
-4203.43 -3654.24
-5122.99 -3654.24
-3906.46 -3654.24
-4233.05 -3654.24
-4540.48 -3654.24
-3961.44 -3654.24
-4539.51 -3654.24
-4016.17 -3654.24
-4352.04 -3654.24
-4023.57 -3654.24
-3735.68 -3654.24
-5630.91 -3654.24
-4443.80 -3654.24
-3800.75 -3654.24
-5154.51 -3654.24
-4041.56 -3654.24
-3793.04 -3654.24
-4977.70 -3654.24
-4190.41 -3654.24
-4391.07 -3654.24
-3741.45 -3654.24
-4620.62 -3654.24
-4178.41 -3654.24
-3655.80 -3654.24
-4889.60 -3654.24
-4909.08 -3654.24
-3734.87 -3654.24
-4432.84 -3654.24
-3757.35 -3654.24
-4609.41 -3654.24
-4963.89 -3654.24
-4174.36 -3654.24
-3779.57 -3654.24
-3663.97 -3654.24
-4152.76 -3654.24
-4199.95 -3654.24
-3786.23 -3654.24
-4194.74 -3654.24
-4411.10 -3654.24
-4448.02 -3654.24
-4153.68 -3654.24
-3712.69 -3654.24
-3754.67 -3654.24
-4186.68 -3654.24
-4202.64 -3654.24
-4657.00 -3654.24
-3699.09 -3654.24
-4875.80 -3654.24
-4634.74 -3654.24
-6089.84 -3654.24
-4531.32 -3654.24
-3862.88 -3654.24
-3685.28 -3654.24
-5592.97 -3654.24
-4339.43 -3654.24
-4696.52 -3654.24
-5148.76 -3654.24
-4682.92 -3654.24
-4265.87 -3654.24
-4847.60 -3654.24
-3678.98 -3654.24
-4382.59 -3654.24
-4012.54 -3654.24
-3853.82 -3654.24
-4852.59 -3654.24
-5866.14 -3654.24
-3786.61 -3654.24
-4867.63 -3654.24
-3863.80 -3654.24
-3655.11 -3655.11
-3752.66 -3655.11
-3929.43 -3655.11
-4861.35 -3655.11
-4218.16 -3655.11
-4550.41 -3655.11
-3659.31 -3655.11
-4340.16 -3655.11
-4926.96 -3655.11
-4728.96 -3655.11
-4187.08 -3655.11
-3860.62 -3655.11
-3973.92 -3655.11
-3730.49 -3655.11
-3700.97 -3655.11
-4852.93 -3655.11
-5413.14 -3655.11
-4601.07 -3655.11
-3716.12 -3655.11
-3712.46 -3655.11
-3761.24 -3655.11
-4683.58 -3655.11
-5806.19 -3655.11
-4580.55 -3655.11
-4279.57 -3655.11
-3675.27 -3655.11
-3721.91 -3655.11
-4843.11 -3655.11
-3656.70 -3655.11
-5412.88 -3655.11
-4587.28 -3655.11
-4172.38 -3655.11
-3700.08 -3655.11
-4588.79 -3655.11
-5442.15 -3655.11
-3712.53 -3655.11
-5458.33 -3655.11
-3877.67 -3655.11
-4042.91 -3655.11
-4160.47 -3655.11
-4840.36 -3655.11
-4032.17 -3655.11
-4320.82 -3655.11
-3774.64 -3655.11
-4014.56 -3655.11
-4184.42 -3655.11
-4045.48 -3655.11
-3713.72 -3655.11
-3843.41 -3655.11
-4038.96 -3655.11
-4793.24 -3655.11
-4196.03 -3655.11
-4910.88 -3655.11
-4629.18 -3655.11
-4027.45 -3655.11
-3718.56 -3655.11
-4554.33 -3655.11
-4716.29 -3655.11
-3726.85 -3655.11
-4597.13 -3655.11
-4177.91 -3655.11
-3734.15 -3655.11
-4016.50 -3655.11
-4421.54 -3655.11
-4035.78 -3655.11
-3861.14 -3655.11
-3973.78 -3655.11
-5183.24 -3655.11
-4015.70 -3655.11
-4948.27 -3655.11
-4021.94 -3655.11
-4889.09 -3655.11
-4460.24 -3655.11
-4211.71 -3655.11
-4985.24 -3655.11
-4116.37 -3655.11
-4681.58 -3655.11
-3661.41 -3655.11
-3705.87 -3655.11
-6078.21 -3655.11
-4616.69 -3655.11
-3945.62 -3655.11
-5011.00 -3655.11
-5401.71 -3655.11
-3712.24 -3655.11
-4463.15 -3655.11
-3687.77 -3655.11
-3914.74 -3655.11
-5132.47 -3655.11
-3741.57 -3655.11
-4361.16 -3655.11
-4400.38 -3655.11
-4364.33 -3655.11
-4650.85 -3655.11
-3773.71 -3655.11
-5190.55 -3655.11
-5011.99 -3655.11
-4027.46 -3655.11
-3736.78 -3655.11
-5591.02 -3655.11
-3998.88 -3655.11
-3929.03 -3655.11
-5320.46 -3655.11
-3854.39 -3655.11
-3734.00 -3655.11
-4387.44 -3655.11
-3737.81 -3655.11
-3797.98 -3655.11
-4802.29 -3655.11
-5345.68 -3655.11
-5082.59 -3655.11
-4344.55 -3655.11
-5187.66 -3655.11
-4357.10 -3655.11
-4923.55 -3655.11
-4724.36 -3655.11
-3691.36 -3655.11
-3963.81 -3655.11
-5289.66 -3655.11
-3866.12 -3655.11
-4684.59 -3655.11
-4686.46 -3655.11
-3872.84 -3655.11
-4587.59 -3655.11
-3776.83 -3655.11
-4425.89 -3655.11
-3921.77 -3655.11
-3863.59 -3655.11
-5089.49 -3655.11
-4042.24 -3655.11
-3773.73 -3655.11
-3716.12 -3655.11
-3708.76 -3655.11
-3656.20 -3656.20
-3750.43 -3656.20
-4029.24 -3656.20
-4838.37 -3656.20
-4395.35 -3656.20
-3695.31 -3656.20
-3766.22 -3656.20
-4161.16 -3656.20
-11638.53 -3656.20
-11329.06 -11329.06
-11489.72 -11329.06
-11319.09 -11319.09
-11254.19 -11254.19
-11219.10 -11219.10
-11275.46 -11219.10
-11187.96 -11187.96
-11212.01 -11187.96
-11207.91 -11187.96
-11414.40 -11187.96
-11130.61 -11130.61
-11059.80 -11059.80
-10984.26 -10984.26
-10751.10 -10751.10
-10394.05 -10394.05
-10573.18 -10394.05
-10508.95 -10394.05
-10136.00 -10136.00
-9998.45 -9998.45
-9622.04 -9622.04
-9724.69 -9622.04
-9719.39 -9622.04
-9314.50 -9314.50
-9723.92 -9314.50
-9350.45 -9314.50
-8953.20 -8953.20
-8685.18 -8685.18
-8243.34 -8243.34
-8123.76 -8123.76
-8510.28 -8123.76
-8239.17 -8123.76
-7388.79 -7388.79
-7483.99 -7388.79
-7451.56 -7388.79
-7817.24 -7388.79
-6085.34 -6085.34
-6324.93 -6085.34
-4866.62 -4866.62
-6068.19 -4866.62
-4021.40 -4021.40
-3737.35 -3737.35
-4378.57 -3737.35
-4161.66 -3737.35
-5262.73 -3737.35
-3948.74 -3737.35
-4272.27 -3737.35
-3909.14 -3737.35
-3655.05 -3655.05
-3725.02 -3655.05
-3725.49 -3655.05
-4447.70 -3655.05
-3732.01 -3655.05
-4393.24 -3655.05
-5814.05 -3655.05
-3884.41 -3655.05
-4306.68 -3655.05
-4398.96 -3655.05
-5165.19 -3655.05
-4356.20 -3655.05
-4381.90 -3655.05
-3995.98 -3655.05
-4301.38 -3655.05
-3779.01 -3655.05
-4986.42 -3655.05
-5974.75 -3655.05
-3982.78 -3655.05
-5692.68 -3655.05
-4399.40 -3655.05
-3702.60 -3655.05
-3685.81 -3655.05
-4881.13 -3655.05
-3767.56 -3655.05
-4369.44 -3655.05
-3893.33 -3655.05
-3730.97 -3655.05
-4347.01 -3655.05
-3696.72 -3655.05
-3983.85 -3655.05
-4179.53 -3655.05
-4697.85 -3655.05
-3753.33 -3655.05
-5217.39 -3655.05
-4375.76 -3655.05
-4292.33 -3655.05
-3857.79 -3655.05
-4456.09 -3655.05
-4168.01 -3655.05
-3780.28 -3655.05
-3654.97 -3654.97
-4617.27 -3654.97
-5307.66 -3654.97
-5201.50 -3654.97
-4385.70 -3654.97
-4041.58 -3654.97
-3938.87 -3654.97
-3909.49 -3654.97
-4636.24 -3654.97
-4376.50 -3654.97
-4634.81 -3654.97
-4335.23 -3654.97
-4451.24 -3654.97
-4826.57 -3654.97
-5197.47 -3654.97
-4629.93 -3654.97
-4211.14 -3654.97
-4866.71 -3654.97
-3898.09 -3654.97
-5598.26 -3654.97
-4177.63 -3654.97
-4171.68 -3654.97
-3706.74 -3654.97
-4345.61 -3654.97
-4544.29 -3654.97
-4343.16 -3654.97
-4151.22 -3654.97
-4644.25 -3654.97
-5366.78 -3654.97
-3952.69 -3654.97
-3655.22 -3654.97
-3735.64 -3654.97
-4368.51 -3654.97
-4352.09 -3654.97
-5057.94 -3654.97
-4598.52 -3654.97
-5069.96 -3654.97
-4343.67 -3654.97
-3717.77 -3654.97
-3714.93 -3654.97
-4166.22 -3654.97
-4028.11 -3654.97
-4181.84 -3654.97
-5766.05 -3654.97
-4289.79 -3654.97
-3888.54 -3654.97
-5614.26 -3654.97
-3769.90 -3654.97
-3699.90 -3654.97
-4045.23 -3654.97
-4871.40 -3654.97
-3938.26 -3654.97
-4184.50 -3654.97
-4562.16 -3654.97
-3770.30 -3654.97
-4282.18 -3654.97
-3692.63 -3654.97
-4368.07 -3654.97
-4677.48 -3654.97
-4033.72 -3654.97
-4394.54 -3654.97
-4379.18 -3654.97
-4717.68 -3654.97
-4418.75 -3654.97
-3976.63 -3654.97
-3766.08 -3654.97
-3656.77 -3654.97
-3656.79 -3654.97
-4031.89 -3654.97
-3662.65 -3654.97
-4081.88 -3654.97
-3736.73 -3654.97
-4361.71 -3654.97
-3706.07 -3654.97
-4364.04 -3654.97
-4555.11 -3654.97
-3736.20 -3654.97
-3928.27 -3654.97
-3779.14 -3654.97
-4729.69 -3654.97
-4078.88 -3654.97
-3718.55 -3654.97
-3713.59 -3654.97
-3658.50 -3654.97
-4018.01 -3654.97
-4569.79 -3654.97
-4750.26 -3654.97
-3695.22 -3654.97
-3696.13 -3654.97
-4032.22 -3654.97
-3717.21 -3654.97
-4236.88 -3654.97
-3986.63 -3654.97
-4260.78 -3654.97
-3659.22 -3654.97
-4928.89 -3654.97
-4610.92 -3654.97
-4160.69 -3654.97
-3654.79 -3654.79
-4186.57 -3654.79
-4376.57 -3654.79
-3752.44 -3654.79
-3714.68 -3654.79
-5197.39 -3654.79
-4392.63 -3654.79
-4204.13 -3654.79
-4117.74 -3654.79
-4445.53 -3654.79
-4973.19 -3654.79
-4450.76 -3654.79
-4623.02 -3654.79
-5297.99 -3654.79
-3718.41 -3654.79
-4216.51 -3654.79
-3712.86 -3654.79
-4391.46 -3654.79
-4719.74 -3654.79
-3787.14 -3654.79
-4451.39 -3654.79
-3788.84 -3654.79
-3895.15 -3654.79
-4158.22 -3654.79
-4035.61 -3654.79
-5378.03 -3654.79
-4361.83 -3654.79
-3944.03 -3654.79
-4312.60 -3654.79
-3877.55 -3654.79
-4272.27 -3654.79
-6019.55 -3654.79
-4026.12 -3654.79
-4449.75 -3654.79
-3774.87 -3654.79
-4036.66 -3654.79
-3943.26 -3654.79
-4075.01 -3654.79
-4077.84 -3654.79
-4042.32 -3654.79
-4171.73 -3654.79
-3690.63 -3654.79
-4429.55 -3654.79
-5126.78 -3654.79
-4075.88 -3654.79
-3735.31 -3654.79
-3770.13 -3654.79
-3655.19 -3654.79
-4634.54 -3654.79
-3803.10 -3654.79
-4865.19 -3654.79
-4314.88 -3654.79
-3654.64 -3654.64
-4876.00 -3654.64
-3871.69 -3654.64
-3879.36 -3654.64
-4217.95 -3654.64
-3978.16 -3654.64
-4815.40 -3654.64
-6024.97 -3654.64
-3724.52 -3654.64
-4138.88 -3654.64
-3896.22 -3654.64
-4569.93 -3654.64
-3977.17 -3654.64
-3710.13 -3654.64
-4549.10 -3654.64
-3752.48 -3654.64
-4273.13 -3654.64
-4976.09 -3654.64
-3860.21 -3654.64
-4717.65 -3654.64
-3853.76 -3654.64
-4015.25 -3654.64
-4354.82 -3654.64
-3697.37 -3654.64
-4137.59 -3654.64
-4870.04 -3654.64
-4637.21 -3654.64
-3685.97 -3654.64
-3757.56 -3654.64
-3923.93 -3654.64
-3731.74 -3654.64
-3711.90 -3654.64
-6072.07 -3654.64
-3812.26 -3654.64
-4648.19 -3654.64
-4623.82 -3654.64
-4847.05 -3654.64
-4598.49 -3654.64
-4693.92 -3654.64
-4405.05 -3654.64
-3907.80 -3654.64
-4290.05 -3654.64
-4355.32 -3654.64
-4383.43 -3654.64
-4591.35 -3654.64
-4882.06 -3654.64
-3708.08 -3654.64
-4547.80 -3654.64
-4015.44 -3654.64
-4378.98 -3654.64
-3727.43 -3654.64
-4243.81 -3654.64
-4617.34 -3654.64
-3861.64 -3654.64
-3799.34 -3654.64
-4152.63 -3654.64
-4400.23 -3654.64
-5119.02 -3654.64
-5474.86 -3654.64
-4355.13 -3654.64
-4211.63 -3654.64
-4259.03 -3654.64
-4279.28 -3654.64
-3718.85 -3654.64
-4141.45 -3654.64
-3732.38 -3654.64
-5422.31 -3654.64
-3877.38 -3654.64
-3975.89 -3654.64
-3736.62 -3654.64
-4361.51 -3654.64
-3770.67 -3654.64
-4306.96 -3654.64
-4076.02 -3654.64
-3701.70 -3654.64
-3785.83 -3654.64
-3741.68 -3654.64
-4075.55 -3654.64
-4137.48 -3654.64
-4284.43 -3654.64
-4404.77 -3654.64
-3736.64 -3654.64
-5071.26 -3654.64
-3658.12 -3654.64
-4128.59 -3654.64
-4362.96 -3654.64
-4599.21 -3654.64
-4617.50 -3654.64
-4625.79 -3654.64
-5796.10 -3654.64
-3966.58 -3654.64
-4025.29 -3654.64
-3701.40 -3654.64
-4231.08 -3654.64
-3746.63 -3654.64
-3768.50 -3654.64
-4174.54 -3654.64
-5259.29 -3654.64
-4856.41 -3654.64
-3660.61 -3654.64
-4862.73 -3654.64
-4147.59 -3654.64
-3940.24 -3654.64
-4369.33 -3654.64
-5374.21 -3654.64
-3844.21 -3654.64
-5663.55 -3654.64
-4236.74 -3654.64
-4138.25 -3654.64
-4032.29 -3654.64
-4344.15 -3654.64
-4081.63 -3654.64
-3659.20 -3654.64
-4011.85 -3654.64
-3769.82 -3654.64
-3907.88 -3654.64
-4050.70 -3654.64
-4926.14 -3654.64
-5862.57 -3654.64
-3737.20 -3654.64
-5209.14 -3654.64
-4377.71 -3654.64
-4560.15 -3654.64
-4203.91 -3654.64
-4919.65 -3654.64
-4345.96 -3654.64
-4334.68 -3654.64
-3655.16 -3655.16
-4900.04 -3655.16
-5070.54 -3655.16
-3715.47 -3655.16
-3855.35 -3655.16
-4163.34 -3655.16
-3722.86 -3655.16
-4367.90 -3655.16
-4301.75 -3655.16
-4443.29 -3655.16
-4119.37 -3655.16
-3758.11 -3655.16
-4445.86 -3655.16
-4001.72 -3655.16
-4395.20 -3655.16
-4572.57 -3655.16
-3860.97 -3655.16
-3745.68 -3655.16
-3712.90 -3655.16
-4017.79 -3655.16
-3733.65 -3655.16
-3941.15 -3655.16
-3775.72 -3655.16
-3662.05 -3655.16
-4831.37 -3655.16
-3680.32 -3655.16
-3675.37 -3655.16
-4846.83 -3655.16
-5242.59 -3655.16
-4324.65 -3655.16
-3737.63 -3655.16
-4232.26 -3655.16
-3722.37 -3655.16
-3773.58 -3655.16
-3655.58 -3655.58
-4420.91 -3655.58
-3793.88 -3655.58
-4334.03 -3655.58
-3778.35 -3655.58
-4349.44 -3655.58
-4358.12 -3655.58
-3975.88 -3655.58
-4635.70 -3655.58
-3699.31 -3655.58
-3684.90 -3655.58
-4632.84 -3655.58
-4361.34 -3655.58
-4280.50 -3655.58
-4023.66 -3655.58
-4136.24 -3655.58
-11241.70 -3655.58
-11273.22 -3655.58
-11329.14 -3655.58
-11537.06 -3655.58
-11487.60 -3655.58
-11587.79 -3655.58
-11368.33 -3655.58
-11481.19 -3655.58
-11406.79 -3655.58
-11359.24 -3655.58
-11662.73 -3655.58
-11306.66 -3655.58
-11368.80 -3655.58
-11347.63 -3655.58
-11598.86 -3655.58
-11524.75 -3655.58
-11448.02 -3655.58
-11447.74 -3655.58
-11336.99 -3655.58
-11664.21 -3655.58
-11341.10 -3655.58
-11552.06 -3655.58
-11538.21 -3655.58
-11484.38 -3655.58
-11331.20 -3655.58
-11150.52 -3655.58
-11258.51 -3655.58
-11451.30 -3655.58
-11645.80 -3655.58
-11527.70 -3655.58
-11342.52 -3655.58
-11369.29 -3655.58
-11389.07 -3655.58
-11319.98 -3655.58
-11566.12 -3655.58
-11606.82 -3655.58
-11595.57 -3655.58
-11450.65 -3655.58
-11368.67 -3655.58
-11730.09 -3655.58
-11264.04 -3655.58
-11241.74 -3655.58
-11340.79 -3655.58
-11357.39 -3655.58
-11247.27 -3655.58
-11390.36 -3655.58
-11520.99 -3655.58
-11519.72 -3655.58
-11340.09 -3655.58
-11664.55 -3655.58
-11236.68 -3655.58
-11272.38 -3655.58
-11455.51 -3655.58
-11390.71 -3655.58
-11326.51 -3655.58
-11530.00 -3655.58
-11346.96 -3655.58
-11239.87 -3655.58
-11129.45 -3655.58
-10896.41 -3655.58
-11460.05 -3655.58
-11445.95 -3655.58
-11332.55 -3655.58
-11437.27 -3655.58
-11406.54 -3655.58
-11207.78 -3655.58
-11530.72 -3655.58
-11368.79 -3655.58
-11527.41 -3655.58
-11459.01 -3655.58
-11565.98 -3655.58
-11303.59 -3655.58
-11424.76 -3655.58
-11711.81 -3655.58
-11525.69 -3655.58
-11436.88 -3655.58
-11257.08 -3655.58
-11456.77 -3655.58
-11531.51 -3655.58
-11403.95 -3655.58
-11526.20 -3655.58
-11447.34 -3655.58
-11483.51 -3655.58
-11309.62 -3655.58
-11435.15 -3655.58
-11306.90 -3655.58
-11482.00 -3655.58
-11444.64 -3655.58
-11562.19 -3655.58
-11207.12 -3655.58
-11341.76 -3655.58
-11556.51 -3655.58
-11371.45 -3655.58
-11423.84 -3655.58
-11307.73 -3655.58
-11217.08 -3655.58
-11437.53 -3655.58
-11369.39 -3655.58
-11593.55 -3655.58
-11439.30 -3655.58
-11531.38 -3655.58
-11481.95 -3655.58
-11542.49 -3655.58
-11498.29 -3655.58
-11256.21 -3655.58
-11308.25 -3655.58
-11483.76 -3655.58
-11654.48 -3655.58
-11415.23 -3655.58
-11471.32 -3655.58
-11401.68 -3655.58
-11680.04 -3655.58
-11221.22 -3655.58
-11254.98 -3655.58
-11305.85 -3655.58
-11359.96 -3655.58
-11530.84 -3655.58
-11605.77 -3655.58
-11405.19 -3655.58
-11177.60 -3655.58
-11486.34 -3655.58
-11446.41 -3655.58
-11406.70 -3655.58
-11491.98 -3655.58
-11408.14 -3655.58
-11546.21 -3655.58
-11482.13 -3655.58
-11535.73 -3655.58
-11304.43 -3655.58
-11415.67 -3655.58
-11192.52 -3655.58
-11422.92 -3655.58
-11278.89 -3655.58
-11517.48 -3655.58
-11336.21 -3655.58
-11444.01 -3655.58
-11507.08 -3655.58
-11508.02 -3655.58
-11198.50 -3655.58
-11683.65 -3655.58
-11439.14 -3655.58
-11434.17 -3655.58
-11126.80 -3655.58
-11702.33 -3655.58
-11593.45 -3655.58
-11419.67 -3655.58
-11481.16 -3655.58
-11638.27 -3655.58
-11394.61 -3655.58
-11367.13 -3655.58
-11669.58 -3655.58
-11430.69 -3655.58
-11331.48 -3655.58
-11507.27 -3655.58
-11564.70 -3655.58
-11433.32 -3655.58
-11368.75 -3655.58
-11188.27 -3655.58
-11383.09 -3655.58
-11413.94 -3655.58
-11446.06 -3655.58
-11588.18 -3655.58
-11653.10 -3655.58
-11368.62 -3655.58
-11381.64 -3655.58
-11529.12 -3655.58
-11530.11 -3655.58
-11592.34 -3655.58
-11442.31 -3655.58
-11306.89 -3655.58
-11335.74 -3655.58
-11382.91 -3655.58
-11303.15 -3655.58
-11197.33 -3655.58
-11323.96 -3655.58
-11535.83 -3655.58
-11423.82 -3655.58
-11401.57 -3655.58
-11531.93 -3655.58
-11381.22 -3655.58
-11211.02 -3655.58
-11426.09 -3655.58
-11409.41 -3655.58
-11341.86 -3655.58
-11329.64 -3655.58
-11567.22 -3655.58
-11391.90 -3655.58
-11301.08 -3655.58
-11527.67 -3655.58
-11303.88 -3655.58
-11255.73 -3655.58
-11362.83 -3655.58
-11448.17 -3655.58
-11382.44 -3655.58
-11632.47 -3655.58
-11360.31 -3655.58
-11485.63 -3655.58
-11536.89 -3655.58
-11656.38 -3655.58
-11551.44 -3655.58
-11559.59 -3655.58
-11617.76 -3655.58
-11543.67 -3655.58
-11430.27 -3655.58
-11550.57 -3655.58
-11504.87 -3655.58
-11484.69 -3655.58
-11551.32 -3655.58
-11644.95 -3655.58
-11211.67 -3655.58
-11369.24 -3655.58
-11391.20 -3655.58
-11307.91 -3655.58
-11233.90 -3655.58
-11329.78 -3655.58
-11524.83 -3655.58
-11493.54 -3655.58
-11332.64 -3655.58
-11524.61 -3655.58
-11501.71 -3655.58
-11477.93 -3655.58
-11341.54 -3655.58
-11424.46 -3655.58
-11631.17 -3655.58
-11379.31 -3655.58
-11425.00 -3655.58
-11556.49 -3655.58
-11369.36 -3655.58
-11286.17 -3655.58
-11443.44 -3655.58
-11528.31 -3655.58
-11454.18 -3655.58
-11394.18 -3655.58
-11426.36 -3655.58
-11127.84 -3655.58
-11371.41 -3655.58
-11459.76 -3655.58
-11446.63 -3655.58
-11309.20 -3655.58
-11483.44 -3655.58
-11446.38 -3655.58
-11394.87 -3655.58
-11264.09 -3655.58
-11336.60 -3655.58
-11522.35 -3655.58
-11331.29 -3655.58
-11279.14 -3655.58
-11551.31 -3655.58
-11304.55 -3655.58
-11510.39 -3655.58
-11375.96 -3655.58
-11560.53 -3655.58
-11478.59 -3655.58
-11402.12 -3655.58
-11456.44 -3655.58
-11412.45 -3655.58
-11519.63 -3655.58
-11186.98 -3655.58
-11413.28 -3655.58
-11285.78 -3655.58
-11592.33 -3655.58
-11529.96 -3655.58
-11446.22 -3655.58
-11449.65 -3655.58
-11527.41 -3655.58
-11520.91 -3655.58
-11331.87 -3655.58
-11309.51 -3655.58
-11425.98 -3655.58
-11529.98 -3655.58
-11222.01 -3655.58
-11660.02 -3655.58
-11065.47 -3655.58
-11528.45 -3655.58
-11481.95 -3655.58
-11462.52 -3655.58
-11388.71 -3655.58
-11130.80 -3655.58
-11234.26 -3655.58
-11217.48 -3655.58
-11699.01 -3655.58
-11372.65 -3655.58
-11486.03 -3655.58
-11437.05 -3655.58
-11346.11 -3655.58
-11327.72 -3655.58
-11305.22 -3655.58
-11529.92 -3655.58
-11307.11 -3655.58
-11272.30 -3655.58
-11367.94 -3655.58
-11430.57 -3655.58
-11395.51 -3655.58
-11595.39 -3655.58
-11420.31 -3655.58
-11594.97 -3655.58
-11277.67 -3655.58
-11424.38 -3655.58
-11152.12 -3655.58
-11560.14 -3655.58
-11523.61 -3655.58
-11242.27 -3655.58
-11328.98 -3655.58
-11330.32 -3655.58
-11425.35 -3655.58
-11557.62 -3655.58
-11402.39 -3655.58
-11342.62 -3655.58
-11136.85 -3655.58
-11391.72 -3655.58
-11484.52 -3655.58
-11408.29 -3655.58
-11528.61 -3655.58
-11166.05 -3655.58
-11530.01 -3655.58
-11485.60 -3655.58
-11280.85 -3655.58
-11342.51 -3655.58
-11218.30 -3655.58
-11445.98 -3655.58
-11327.51 -3655.58
-11383.42 -3655.58
-11254.64 -3655.58
-11333.38 -3655.58
-11426.27 -3655.58
-11544.79 -3655.58
-11392.95 -3655.58
-11461.22 -3655.58
-11368.74 -3655.58
-11550.64 -3655.58
-11376.22 -3655.58
-11433.84 -3655.58
-11405.89 -3655.58
-11485.33 -3655.58
-11492.96 -3655.58
-11606.04 -3655.58
-11445.10 -3655.58
-11278.95 -3655.58
-11300.97 -3655.58
-11372.12 -3655.58
-11265.32 -3655.58
-11502.17 -3655.58
-11428.83 -3655.58
-11307.56 -3655.58
-11551.43 -3655.58
-11357.87 -3655.58
-11443.52 -3655.58
-11406.54 -3655.58
-11597.76 -3655.58
-11372.64 -3655.58
-11341.06 -3655.58
-11443.40 -3655.58
-11381.19 -3655.58
-11433.48 -3655.58
-11328.79 -3655.58
-11406.29 -3655.58
-11371.77 -3655.58
-11445.43 -3655.58
-11745.17 -3655.58
-11557.99 -3655.58
-11600.03 -3655.58
-11075.58 -3655.58
-11520.46 -3655.58
-11498.36 -3655.58
-11445.64 -3655.58
-11304.62 -3655.58
-11564.64 -3655.58
-11507.42 -3655.58
-11536.04 -3655.58
-11483.03 -3655.58
-11457.73 -3655.58
-11483.50 -3655.58
-11427.67 -3655.58
-11402.35 -3655.58
-11542.72 -3655.58
-11534.06 -3655.58
-11408.03 -3655.58
-11152.03 -3655.58
-11618.26 -3655.58
-11383.62 -3655.58
-11454.23 -3655.58
-11446.19 -3655.58
-11419.59 -3655.58
-11239.39 -3655.58
-11414.17 -3655.58
-11407.30 -3655.58
-11333.48 -3655.58
-11481.37 -3655.58
-11331.52 -3655.58
-11382.85 -3655.58
-11442.35 -3655.58
-11381.42 -3655.58
-11483.47 -3655.58
-11592.29 -3655.58
-11274.20 -3655.58
-11222.23 -3655.58
-11369.77 -3655.58
-11322.89 -3655.58
-11442.22 -3655.58
-11278.41 -3655.58
-11235.09 -3655.58
-11402.35 -3655.58
-11537.67 -3655.58
-11439.42 -3655.58
-11376.74 -3655.58
-11558.46 -3655.58
-11485.66 -3655.58
-11307.53 -3655.58
-11703.19 -3655.58
-11499.55 -3655.58
-11407.95 -3655.58
-11270.96 -3655.58
-11486.52 -3655.58
-11445.38 -3655.58
-11408.66 -3655.58
-11540.94 -3655.58
-11343.02 -11343.02
-11131.78 -11131.78
-11196.69 -11131.78
-11085.32 -11085.32
