-10000.00 -10000.00
-3727.33 -10000.00
-3671.75 -3671.75
-3645.38 -3645.38
-3560.24 -3560.24
-3568.22 -3560.24
-3544.42 -3544.42
-3545.73 -3544.42
-3615.53 -3544.42
-3512.81 -3512.81
-3523.91 -3512.81
-3409.97 -3409.97
-3399.38 -3399.38
-3465.72 -3399.38
-3379.75 -3379.75
-3340.97 -3340.97
-3397.88 -3340.97
-3266.37 -3266.37
-3371.59 -3266.37
-3225.91 -3225.91
-3155.37 -3155.37
-3219.47 -3155.37
-3123.52 -3123.52
-3063.19 -3063.19
-3136.33 -3063.19
-3024.75 -3024.75
-3050.29 -3024.75
-2991.00 -2991.00
-2951.65 -2951.65
-3073.29 -2951.65
-3026.57 -2951.65
-3020.30 -2951.65
-2917.09 -2917.09
-2963.00 -2917.09
-2917.88 -2917.09
-2969.59 -2917.09
-2858.66 -2858.66
-2868.33 -2858.66
-2780.30 -2780.30
-2824.28 -2780.30
-2867.46 -2780.30
-2690.44 -2690.44
-2526.90 -2526.90
-2590.60 -2526.90
-2535.73 -2526.90
-2459.16 -2459.16
-2593.10 -2459.16
-2783.28 -2459.16
-2410.89 -2410.89
-1746.62 -1746.62
-1685.60 -1685.60
-1743.82 -1685.60
-1208.06 -1208.06
-1321.89 -1208.06
-1255.21 -1208.06
-1306.30 -1208.06
-1341.57 -1208.06
-1368.23 -1208.06
-1495.93 -1208.06
-1902.10 -1208.06
-1410.69 -1208.06
-1557.15 -1208.06
-1493.88 -1208.06
-1323.82 -1208.06
-1213.54 -1208.06
-1276.13 -1208.06
-1576.91 -1208.06
-1385.76 -1208.06
-1491.45 -1208.06
-1503.51 -1208.06
-1231.66 -1208.06
-1203.51 -1203.51
-1416.58 -1203.51
-1391.12 -1203.51
-1255.71 -1203.51
-1260.21 -1203.51
-1399.73 -1203.51
-1264.68 -1203.51
-1434.00 -1203.51
-1307.57 -1203.51
-1500.12 -1203.51
-1773.30 -1203.51
-1299.03 -1203.51
-1418.93 -1203.51
-1213.27 -1203.51
-1185.70 -1185.70
-1486.65 -1185.70
-1215.32 -1185.70
-1355.31 -1185.70
-1264.51 -1185.70
-1589.03 -1185.70
-1620.92 -1185.70
-1393.27 -1185.70
-1537.55 -1185.70
-1203.37 -1185.70
-1204.59 -1185.70
-1627.85 -1185.70
-1223.24 -1185.70
-1286.05 -1185.70
-1211.78 -1185.70
-1205.48 -1185.70
-1268.35 -1185.70
-1208.39 -1185.70
-1303.69 -1185.70
-1366.85 -1185.70
-1420.92 -1185.70
-1389.37 -1185.70
-1279.77 -1185.70
-1346.21 -1185.70
-1507.64 -1185.70
-1409.64 -1185.70
-1307.20 -1185.70
-1204.56 -1185.70
-1406.44 -1185.70
-1534.84 -1185.70
-1296.82 -1185.70
-1398.24 -1185.70
-1642.40 -1185.70
-1276.67 -1185.70
-1657.93 -1185.70
-1569.35 -1185.70
-1221.70 -1185.70
-1254.17 -1185.70
-1504.93 -1185.70
-1899.29 -1185.70
-1291.33 -1185.70
-1185.38 -1185.38
-1506.74 -1185.38
-1352.35 -1185.38
-1420.11 -1185.38
-1496.88 -1185.38
-1424.66 -1185.38
-1745.59 -1185.38
-1267.03 -1185.38
-1340.24 -1185.38
-1472.61 -1185.38
-1185.33 -1185.33
-1582.54 -1185.33
-1270.41 -1185.33
-1406.46 -1185.33
-1418.11 -1185.33
-1413.79 -1185.33
-1495.17 -1185.33
-1403.84 -1185.33
-1474.65 -1185.33
-1208.01 -1185.33
-1204.41 -1185.33
-1366.41 -1185.33
-1222.38 -1185.33
-1528.40 -1185.33
-1341.50 -1185.33
-1606.13 -1185.33
-1425.00 -1185.33
-1286.74 -1185.33
-1186.99 -1185.33
-1205.86 -1185.33
-1362.65 -1185.33
-1419.87 -1185.33
-1419.19 -1185.33
-1483.12 -1185.33
-1340.06 -1185.33
-1278.14 -1185.33
-1584.17 -1185.33
-1222.78 -1185.33
-1352.76 -1185.33
-1311.92 -1185.33
-1419.07 -1185.33
-1223.09 -1185.33
-1426.35 -1185.33
-1595.73 -1185.33
-1486.68 -1185.33
-1208.14 -1185.33
-1418.15 -1185.33
-1244.17 -1185.33
-1214.16 -1185.33
-1309.02 -1185.33
-1209.50 -1185.33
-1957.51 -1185.33
-1213.51 -1185.33
-1499.62 -1185.33
-1496.08 -1185.33
-1282.12 -1185.33
-1332.45 -1185.33
-1498.28 -1185.33
-1716.97 -1185.33
-1344.14 -1185.33
-1267.87 -1185.33
-1304.11 -1185.33
-1414.43 -1185.33
-1363.48 -1185.33
-1187.72 -1185.33
-1441.63 -1185.33
-1773.45 -1185.33
-1233.65 -1185.33
-1210.42 -1185.33
-1300.48 -1185.33
-1349.02 -1185.33
-1503.33 -1185.33
-1187.03 -1185.33
-1412.69 -1185.33
-1220.49 -1185.33
-1341.32 -1185.33
-1205.40 -1185.33
-1705.48 -1185.33
-1288.13 -1185.33
-1311.82 -1185.33
-1304.40 -1185.33
-1719.16 -1185.33
-1233.34 -1185.33
-1226.58 -1185.33
-1185.70 -1185.70
-1640.77 -1185.70
-1831.96 -1185.70
-1205.03 -1185.70
-1292.63 -1185.70
-1354.84 -1185.70
-1517.05 -1185.70
-1308.15 -1185.70
-1311.10 -1185.70
-1243.02 -1185.70
-1332.54 -1185.70
-1410.68 -1185.70
-1186.76 -1186.76
-1344.79 -1186.76
-1352.16 -1186.76
-1274.15 -1186.76
-1476.08 -1186.76
-1485.54 -1186.76
-1433.42 -1186.76
-1414.96 -1186.76
-1746.49 -1186.76
-1412.51 -1186.76
-1661.24 -1186.76
-1307.07 -1186.76
-1506.64 -1186.76
-1522.27 -1186.76
-1260.75 -1186.76
-1195.22 -1186.76
-1223.34 -1186.76
-1274.46 -1186.76
-1776.51 -1186.76
-1386.06 -1186.76
-1651.47 -1186.76
-1211.81 -1186.76
-1477.81 -1186.76
-1213.50 -1186.76
-1267.91 -1186.76
-1321.76 -1186.76
-1385.50 -1186.76
-1490.37 -1186.76
-1482.30 -1186.76
-1193.76 -1186.76
-1224.83 -1186.76
-1366.70 -1186.76
-1341.94 -1186.76
-1222.74 -1186.76
-1616.63 -1186.76
-1692.53 -1186.76
-1374.61 -1186.76
-1426.40 -1186.76
-1751.40 -1186.76
-1566.16 -1186.76
-1385.86 -1186.76
-1359.55 -1186.76
-1307.42 -1186.76
-1223.32 -1186.76
-1335.47 -1186.76
-1314.69 -1186.76
-1614.40 -1186.76
-1473.76 -1186.76
-1736.72 -1186.76
-1283.87 -1186.76
-1257.56 -1186.76
-1690.16 -1186.76
-1826.59 -1186.76
-1506.19 -1186.76
-1567.53 -1186.76
-1738.97 -1186.76
-1565.07 -1186.76
-1199.37 -1186.76
-1363.16 -1186.76
-1819.44 -1186.76
-1273.16 -1186.76
-1228.49 -1186.76
-1266.06 -1186.76
-1292.04 -1186.76
-1296.82 -1186.76
-1529.91 -1186.76
-1304.02 -1186.76
-1434.74 -1186.76
-1722.90 -1186.76
-1209.56 -1186.76
-1291.21 -1186.76
-1441.86 -1186.76
-1605.46 -1186.76
-1201.32 -1186.76
-1587.41 -1186.76
-1357.66 -1186.76
-1205.53 -1186.76
-1208.02 -1186.76
-1505.72 -1186.76
-1398.38 -1186.76
-1201.67 -1186.76
-1311.89 -1186.76
-1267.87 -1186.76
-1270.66 -1186.76
-1561.95 -1186.76
-1594.82 -1186.76
-1203.32 -1186.76
-1352.39 -1186.76
-1427.82 -1186.76
-1476.47 -1186.76
-1265.07 -1186.76
-1204.11 -1186.76
-1819.82 -1186.76
-1521.85 -1186.76
-1224.34 -1186.76
-1205.95 -1186.76
-1394.91 -1186.76
-1273.48 -1186.76
-1492.31 -1186.76
-1208.72 -1186.76
-1265.50 -1186.76
-2012.58 -1186.76
-1197.40 -1186.76
-1261.75 -1186.76
-1713.20 -1186.76
-1228.89 -1186.76
-1217.07 -1186.76
-1304.94 -1186.76
-1557.48 -1186.76
-1474.95 -1186.76
-1492.75 -1186.76
-1423.27 -1186.76
-1708.16 -1186.76
-1185.43 -1185.43
-1322.52 -1185.43
-1187.49 -1187.49
-1305.11 -1187.49
-1894.11 -1187.49
-1252.06 -1187.49
-1253.73 -1187.49
-1191.66 -1187.49
-1984.19 -1187.49
-1202.04 -1187.49
-1425.87 -1187.49
-1527.98 -1187.49
-1405.00 -1187.49
-1430.14 -1187.49
-1598.19 -1187.49
-1906.49 -1187.49
-1332.65 -1187.49
-1796.65 -1187.49
-1360.36 -1187.49
-1341.31 -1187.49
-1831.22 -1187.49
-1301.27 -1187.49
-1570.26 -1187.49
-1515.41 -1187.49
-1408.63 -1187.49
-1186.58 -1186.58
-1385.02 -1186.58
-1222.27 -1186.58
-1191.59 -1186.58
-1214.67 -1186.58
-1309.80 -1186.58
-1487.09 -1186.58
-1505.11 -1186.58
-1436.68 -1186.58
-1257.42 -1186.58
-1251.09 -1186.58
-1364.81 -1186.58
-1233.36 -1186.58
-1282.26 -1186.58
-1312.06 -1186.58
-1185.91 -1185.91
-1185.41 -1185.41
-1192.45 -1185.41
-1263.49 -1185.41
-1483.60 -1185.41
-1257.55 -1185.41
-1445.68 -1185.41
-1210.29 -1185.41
-1799.78 -1185.41
-1898.09 -1185.41
-1262.72 -1185.41
-1493.55 -1185.41
-1419.90 -1185.41
-1200.51 -1185.41
-1302.72 -1185.41
-1209.88 -1185.41
-1577.76 -1185.41
-1257.42 -1185.41
-1615.13 -1185.41
-1201.41 -1185.41
-1497.05 -1185.41
-1288.49 -1185.41
-1473.19 -1185.41
-1482.57 -1185.41
-1707.52 -1185.41
-1186.47 -1185.41
-1208.56 -1185.41
-1211.31 -1185.41
-1285.41 -1185.41
-1503.12 -1185.41
-1185.16 -1185.16
-1272.94 -1185.16
-1185.43 -1185.43
-1795.39 -1185.43
-1355.41 -1185.43
-1354.12 -1185.43
-1626.75 -1185.43
-1526.19 -1185.43
-1226.95 -1185.43
-1435.69 -1185.43
-1403.31 -1185.43
-1359.25 -1185.43
-1420.97 -1185.43
-3781.66 -1185.43
-3751.72 -1185.43
-3722.76 -1185.43
-3720.75 -1185.43
-3678.48 -3678.48
-3704.88 -3678.48
-3694.89 -3678.48
-3628.68 -3628.68
-3590.03 -3590.03
-3645.17 -3590.03
-3644.07 -3590.03
-3687.14 -3590.03
-3553.66 -3553.66
-3685.41 -3553.66
-3495.19 -3495.19
-3357.60 -3357.60
-3403.15 -3357.60
-3348.60 -3348.60
-3394.52 -3348.60
-3394.62 -3348.60
-3304.17 -3304.17
-3385.71 -3304.17
-3324.12 -3304.17
-3248.07 -3248.07
-3097.87 -3097.87
-3101.03 -3097.87
-3187.38 -3097.87
-3125.61 -3097.87
-3021.68 -3021.68
-3054.45 -3021.68
-2821.93 -2821.93
-3021.88 -2821.93
-2719.92 -2719.92
-2610.81 -2610.81
-2913.83 -2610.81
-2500.89 -2500.89
-2501.55 -2500.89
-2738.77 -2500.89
-2371.37 -2371.37
-2468.47 -2371.37
-2307.74 -2307.74
-2367.98 -2307.74
-2458.75 -2307.74
-2378.38 -2307.74
-2212.77 -2212.77
-2490.06 -2212.77
-2260.96 -2212.77
-2489.75 -2212.77
-2070.83 -2070.83
-2500.81 -2070.83
-2122.25 -2070.83
-1883.23 -1883.23
-1563.70 -1563.70
-1812.87 -1563.70
-1574.85 -1563.70
-1268.96 -1268.96
-1917.59 -1268.96
-1505.17 -1268.96
-1598.22 -1268.96
-1401.16 -1268.96
-1198.39 -1198.39
-1367.56 -1198.39
-1469.27 -1198.39
-1497.34 -1198.39
-1185.92 -1185.92
-1588.28 -1185.92
-1340.92 -1185.92
-1340.85 -1185.92
-1185.36 -1185.36
-1660.98 -1185.36
-1186.68 -1186.68
-1559.85 -1186.68
-1222.61 -1186.68
-1205.66 -1186.68
-1491.07 -1186.68
-1211.12 -1186.68
-1289.19 -1186.68
-1483.48 -1186.68
-1492.15 -1186.68
-1205.23 -1186.68
-1507.69 -1186.68
-1418.42 -1186.68
-1410.02 -1186.68
-1311.79 -1186.68
-2036.97 -1186.68
-1525.53 -1186.68
-1503.61 -1186.68
-1197.52 -1186.68
-1706.49 -1186.68
-1191.65 -1186.68
-1260.16 -1186.68
-1659.40 -1186.68
-1564.22 -1186.68
-1230.37 -1186.68
-1409.73 -1186.68
-1345.03 -1186.68
-1262.60 -1186.68
-1356.66 -1186.68
-1275.51 -1186.68
-1351.35 -1186.68
-1684.14 -1186.68
-1416.64 -1186.68
-1528.86 -1186.68
-1205.15 -1186.68
-1391.45 -1186.68
-1291.51 -1186.68
-1210.34 -1186.68
-1357.72 -1186.68
-1411.45 -1186.68
-1500.35 -1186.68
-1340.03 -1186.68
-1606.87 -1186.68
-1209.33 -1186.68
-1310.06 -1186.68
-1672.79 -1186.68
-1205.99 -1186.68
-1214.58 -1186.68
-1424.79 -1186.68
-1621.28 -1186.68
-1916.25 -1186.68
-1187.08 -1186.68
-1409.17 -1186.68
-1202.52 -1186.68
-1506.76 -1186.68
-1185.90 -1185.90
-1365.63 -1185.90
-1210.51 -1185.90
-1395.56 -1185.90
-1205.06 -1185.90
-1491.16 -1185.90
-1503.74 -1185.90
-1519.74 -1185.90
-1643.91 -1185.90
-1398.03 -1185.90
-1531.61 -1185.90
-1485.19 -1185.90
-1255.39 -1185.90
-1278.93 -1185.90
-1718.23 -1185.90
-1198.68 -1185.90
-1206.80 -1185.90
-1720.66 -1185.90
-1185.81 -1185.81
-1209.76 -1185.81
-1692.64 -1185.81
-1300.70 -1185.81
-1185.31 -1185.31
-1225.41 -1185.31
-1353.29 -1185.31
-1255.35 -1185.31
-1408.11 -1185.31
-1427.22 -1185.31
-1508.29 -1185.31
-1357.53 -1185.31
-1206.00 -1185.31
-1538.34 -1185.31
-1631.63 -1185.31
-1418.76 -1185.31
-1726.13 -1185.31
-1576.58 -1185.31
-1521.00 -1185.31
-1236.17 -1185.31
-1495.41 -1185.31
-1353.13 -1185.31
-1359.35 -1185.31
-1473.57 -1185.31
-1892.19 -1185.31
-1608.70 -1185.31
-1260.71 -1185.31
-1568.43 -1185.31
-1869.34 -1185.31
-1186.42 -1185.31
-1374.46 -1185.31
-1425.72 -1185.31
-1702.69 -1185.31
-1211.26 -1185.31
-1362.49 -1185.31
-1293.12 -1185.31
-1367.78 -1185.31
-1848.01 -1185.31
-1260.00 -1185.31
-1216.99 -1185.31
-1258.83 -1185.31
-1486.09 -1185.31
-1211.50 -1185.31
-1589.21 -1185.31
-1223.75 -1185.31
-1739.91 -1185.31
-1834.20 -1185.31
-1315.50 -1185.31
-1659.67 -1185.31
-1225.17 -1185.31
-1644.24 -1185.31
-1732.75 -1185.31
-1501.95 -1185.31
-1187.10 -1185.31
-1582.73 -1185.31
-1848.38 -1185.31
-1610.48 -1185.31
-1418.57 -1185.31
-1423.48 -1185.31
-1224.56 -1185.31
-1254.20 -1185.31
-1188.14 -1185.31
-1215.05 -1185.31
-1554.33 -1185.31
-1817.32 -1185.31
-1359.12 -1185.31
-1426.30 -1185.31
-1255.15 -1185.31
-1333.24 -1185.31
-1754.14 -1185.31
-1207.61 -1185.31
-1309.61 -1185.31
-1675.66 -1185.31
-1385.60 -1185.31
-1525.60 -1185.31
-1499.83 -1185.31
-1429.28 -1185.31
-1642.21 -1185.31
-1304.40 -1185.31
-1304.28 -1185.31
-1708.65 -1185.31
-1399.34 -1185.31
-1340.20 -1185.31
-1580.38 -1185.31
-1358.84 -1185.31
-1203.68 -1185.31
-1310.96 -1185.31
-1185.36 -1185.36
-1387.77 -1185.36
-1679.46 -1185.36
-1210.26 -1185.36
-1264.89 -1185.36
-1201.26 -1185.36
-1663.41 -1185.36
-1407.47 -1185.36
-1233.45 -1185.36
-1384.45 -1185.36
-1690.70 -1185.36
-1212.50 -1185.36
-1231.25 -1185.36
-1389.37 -1185.36
-1521.87 -1185.36
-1500.22 -1185.36
-1396.82 -1185.36
-1204.28 -1185.36
-1841.18 -1185.36
-1446.00 -1185.36
-1525.87 -1185.36
-1215.32 -1185.36
-1502.37 -1185.36
-1354.67 -1185.36
-1340.37 -1185.36
-1746.68 -1185.36
-1261.28 -1185.36
-1233.61 -1185.36
-1212.72 -1185.36
-1984.37 -1185.36
-1889.29 -1185.36
-2087.94 -1185.36
-1210.33 -1185.36
-1382.47 -1185.36
-1928.37 -1185.36
-1309.91 -1185.36
-1220.61 -1185.36
-1644.88 -1185.36
-1400.27 -1185.36
-1346.62 -1185.36
-1214.01 -1185.36
-1365.68 -1185.36
-1424.83 -1185.36
-1204.68 -1185.36
-1495.48 -1185.36
-1355.89 -1185.36
-1212.35 -1185.36
-1737.91 -1185.36
-1206.36 -1185.36
-1502.45 -1185.36
-1231.53 -1185.36
-1279.40 -1185.36
-1280.87 -1185.36
-1279.53 -1185.36
-1505.37 -1185.36
-1208.19 -1185.36
-1516.35 -1185.36
-1224.38 -1185.36
-1413.85 -1185.36
-1435.64 -1185.36
-1405.28 -1185.36
-1411.68 -1185.36
-1505.34 -1185.36
-1310.45 -1185.36
-1421.03 -1185.36
-1417.63 -1185.36
-1366.40 -1185.36
-1828.83 -1185.36
-1193.86 -1185.36
-1223.19 -1185.36
-1215.57 -1185.36
-1436.73 -1185.36
-1437.71 -1185.36
-1719.84 -1185.36
-1420.76 -1185.36
-1224.04 -1185.36
-1600.97 -1185.36
-1530.69 -1185.36
-1186.70 -1185.36
-1343.16 -1185.36
-1442.43 -1185.36
-1201.88 -1185.36
-1421.46 -1185.36
-1187.90 -1185.36
-1206.61 -1185.36
-1315.33 -1185.36
-1829.85 -1185.36
-1259.49 -1185.36
-1366.50 -1185.36
-1598.04 -1185.36
-1469.19 -1185.36
-1200.78 -1185.36
-1214.48 -1185.36
-1361.09 -1185.36
-1339.61 -1185.36
-1193.55 -1185.36
-1440.18 -1185.36
-1299.04 -1185.36
-1529.21 -1185.36
-1490.16 -1185.36
-1191.53 -1185.36
-1217.40 -1185.36
-1523.81 -1185.36
-1186.55 -1186.55
-1283.37 -1186.55
-1266.02 -1186.55
-1202.14 -1186.55
-1398.64 -1186.55
-1468.43 -1186.55
-1352.37 -1186.55
-1185.97 -1185.97
-1268.56 -1185.97
-1413.41 -1185.97
-1528.19 -1185.97
-1417.93 -1185.97
-1357.04 -1185.97
-1826.51 -1185.97
-1208.16 -1185.97
-1416.73 -1185.97
-1306.00 -1185.97
-1685.81 -1185.97
-1691.81 -1185.97
-1663.13 -1185.97
-1282.92 -1185.97
-1508.22 -1185.97
-1602.56 -1185.97
-1627.82 -1185.97
-1436.86 -1185.97
-1280.72 -1185.97
-1267.15 -1185.97
-1413.59 -1185.97
-1263.87 -1185.97
-1514.17 -1185.97
-1344.71 -1185.97
-1752.74 -1185.97
-2049.80 -1185.97
-1644.13 -1185.97
-1200.07 -1185.97
-1716.91 -1185.97
-1305.29 -1185.97
-1311.52 -1185.97
-1497.34 -1185.97
-1186.97 -1185.97
-1480.33 -1185.97
-1357.32 -1185.97
-1323.76 -1185.97
-1756.13 -1185.97
-1290.48 -1185.97
-1502.93 -1185.97
-1826.39 -1185.97
-1191.65 -1185.97
-1711.07 -1185.97
-2100.01 -1185.97
-1801.14 -1185.97
-1265.77 -1185.97
-1416.22 -1185.97
-1871.99 -1185.97
-1665.45 -1185.97
-1256.19 -1185.97
-1509.74 -1185.97
-1527.48 -1185.97
-1193.44 -1185.97
-1830.35 -1185.97
-1407.59 -1185.97
-1608.72 -1185.97
-1286.75 -1185.97
-1185.51 -1185.51
-1875.90 -1185.51
-1253.44 -1185.51
-1346.85 -1185.51
-1412.26 -1185.51
-1540.94 -1185.51
-1698.69 -1185.51
-1718.37 -1185.51
-1859.49 -1185.51
-1698.21 -1185.51
-1199.69 -1185.51
-1212.83 -1185.51
-1257.41 -1185.51
-1998.82 -1185.51
-1409.43 -1185.51
-1819.79 -1185.51
-1572.09 -1185.51
-1490.49 -1185.51
-1473.50 -1185.51
-1420.96 -1185.51
-1206.70 -1185.51
-3666.42 -3666.42
-3694.48 -3666.42
-3678.42 -3666.42
-3646.51 -3646.51
-3656.83 -3646.51
-3633.74 -3633.74
-3524.36 -3524.36
-3572.54 -3524.36
-3594.19 -3524.36
-3567.00 -3524.36
-3510.36 -3510.36
-3484.96 -3484.96
-3388.56 -3388.56
-3248.68 -3248.68
-3326.38 -3248.68
-3222.13 -3222.13
-3229.73 -3222.13
-3265.22 -3222.13
-3364.87 -3222.13
-3109.89 -3109.89
-3234.80 -3109.89
-3063.99 -3063.99
-3229.52 -3063.99
-3004.35 -3004.35
-2934.87 -2934.87
-2871.16 -2871.16
-2832.26 -2832.26
-2835.81 -2832.26
-2955.85 -2832.26
-2608.97 -2608.97
-2602.70 -2602.70
-2489.65 -2489.65
-2490.96 -2489.65
-2015.52 -2015.52
-1691.17 -1691.17
-1310.73 -1310.73
-1204.19 -1204.19
-1251.76 -1204.19
-1312.78 -1204.19
-1475.91 -1204.19
-1373.62 -1204.19
-1204.60 -1204.60
-1409.68 -1204.60
-1210.92 -1204.60
-1412.44 -1204.60
-1349.36 -1204.60
-1253.33 -1204.60
-1274.80 -1204.60
-1420.85 -1204.60
-1423.82 -1204.60
-1500.30 -1204.60
-1566.63 -1204.60
-1207.96 -1204.60
-1312.42 -1204.60
-1206.45 -1204.60
-1269.21 -1204.60
-1312.02 -1204.60
-1193.67 -1193.67
-1208.64 -1193.67
-1342.19 -1193.67
-1484.56 -1193.67
-1355.43 -1193.67
-1481.40 -1193.67
-1210.67 -1193.67
-1497.69 -1193.67
-1494.91 -1193.67
-1599.91 -1193.67
-1397.26 -1193.67
-1417.43 -1193.67
-1208.85 -1193.67
-1901.77 -1193.67
-1492.03 -1193.67
-1341.08 -1193.67
-1255.60 -1193.67
-1259.49 -1193.67
-1227.88 -1193.67
-1484.56 -1193.67
-1742.11 -1193.67
-1195.63 -1193.67
-1187.95 -1187.95
-1186.50 -1186.50
-1205.37 -1186.50
-1368.21 -1186.50
-1384.44 -1186.50
-1288.22 -1186.50
-1870.12 -1186.50
-1231.11 -1186.50
-1261.25 -1186.50
-1261.35 -1186.50
-1511.08 -1186.50
-1185.52 -1185.52
-1407.84 -1185.52
-1590.12 -1185.52
-1268.13 -1185.52
-1252.03 -1185.52
-1625.42 -1185.52
-1372.61 -1185.52
-1409.78 -1185.52
-1401.44 -1185.52
-1304.36 -1185.52
-1374.24 -1185.52
-1262.50 -1185.52
-1624.19 -1185.52
-1209.07 -1185.52
-1197.21 -1185.52
-1204.60 -1185.52
-1686.98 -1185.52
-1607.83 -1185.52
-1485.26 -1185.52
-1224.66 -1185.52
-1208.69 -1185.52
-1187.49 -1185.52
-1222.46 -1185.52
-1279.25 -1185.52
-1292.58 -1185.52
-1247.37 -1185.52
-1443.66 -1185.52
-1356.65 -1185.52
-1500.70 -1185.52
-1233.63 -1185.52
-1362.92 -1185.52
-1748.72 -1185.52
-1399.67 -1185.52
-1225.20 -1185.52
-1602.21 -1185.52
-1502.04 -1185.52
-1472.76 -1185.52
-1422.12 -1185.52
-1516.54 -1185.52
-1376.63 -1185.52
-1303.75 -1185.52
-1497.22 -1185.52
-1409.58 -1185.52
-1344.28 -1185.52
-1367.51 -1185.52
-1185.31 -1185.31
-1211.13 -1185.31
-1504.61 -1185.31
-1335.65 -1185.31
-1218.54 -1185.31
-1220.17 -1185.31
-1278.61 -1185.31
-1472.40 -1185.31
-1249.80 -1185.31
-1401.15 -1185.31
-1382.34 -1185.31
-1186.05 -1185.31
-1205.47 -1185.31
-1409.01 -1185.31
-1233.49 -1185.31
-1416.62 -1185.31
-1305.05 -1185.31
-1426.43 -1185.31
-1421.85 -1185.31
-1876.19 -1185.31
-1220.27 -1185.31
-1188.12 -1185.31
-1569.44 -1185.31
-1334.80 -1185.31
-1640.03 -1185.31
-1250.20 -1185.31
-1423.63 -1185.31
-1296.69 -1185.31
-1687.56 -1185.31
-1270.19 -1185.31
-1320.43 -1185.31
-1214.65 -1185.31
-1422.11 -1185.31
-1200.30 -1185.31
-1484.87 -1185.31
-1491.71 -1185.31
-1576.92 -1185.31
-1255.51 -1185.31
-1500.96 -1185.31
-1213.43 -1185.31
-1587.78 -1185.31
-1361.03 -1185.31
-1256.15 -1185.31
-1576.39 -1185.31
-1197.52 -1185.31
-1291.55 -1185.31
-1323.00 -1185.31
-1707.49 -1185.31
-1205.20 -1185.31
-1602.71 -1185.31
-1259.22 -1185.31
-1303.90 -1185.31
-1292.73 -1185.31
-1691.23 -1185.31
-1436.87 -1185.31
-1367.49 -1185.31
-1258.94 -1185.31
-1251.87 -1185.31
-1759.23 -1185.31
-1607.85 -1185.31
-1706.08 -1185.31
-1342.34 -1185.31
-1538.85 -1185.31
-1732.46 -1185.31
-1265.60 -1185.31
-1308.62 -1185.31
-1614.94 -1185.31
-1372.71 -1185.31
-1368.99 -1185.31
-1484.17 -1185.31
-1211.09 -1185.31
-1202.12 -1185.31
-1492.36 -1185.31
-1498.84 -1185.31
-1269.73 -1185.31
-1200.51 -1185.31
-1305.84 -1185.31
-1525.17 -1185.31
-1422.75 -1185.31
-1233.46 -1185.31
-1427.81 -1185.31
-1321.73 -1185.31
-1846.68 -1185.31
-1716.37 -1185.31
-1407.51 -1185.31
-1227.16 -1185.31
-1426.32 -1185.31
-1430.23 -1185.31
-1491.97 -1185.31
-1210.37 -1185.31
-1342.01 -1185.31
-1195.91 -1185.31
-1360.98 -1185.31
-1478.47 -1185.31
-1564.03 -1185.31
-1519.64 -1185.31
-1554.63 -1185.31
-1204.86 -1185.31
-1302.61 -1185.31
-1533.64 -1185.31
-1342.16 -1185.31
-1491.60 -1185.31
-1255.62 -1185.31
-1368.30 -1185.31
-1383.99 -1185.31
-1490.83 -1185.31
-1185.90 -1185.31
-1223.82 -1185.31
-1192.02 -1185.31
-1421.79 -1185.31
-1256.68 -1185.31
-1300.20 -1185.31
-2020.02 -1185.31
-1421.87 -1185.31
-1424.10 -1185.31
-1488.50 -1185.31
-1502.52 -1185.31
-1267.80 -1185.31
-1222.07 -1185.31
-1741.36 -1185.31
-1204.57 -1185.31
-1264.07 -1185.31
-1274.25 -1185.31
-1484.26 -1185.31
-1397.35 -1185.31
-1204.59 -1185.31
-1186.01 -1186.01
-1213.07 -1186.01
-1339.87 -1186.01
-1211.91 -1186.01
-1568.95 -1186.01
-1286.65 -1186.01
-1359.64 -1186.01
-1197.31 -1186.01
-1414.17 -1186.01
-1334.06 -1186.01
-1656.41 -1186.01
-1645.82 -1186.01
-1272.95 -1186.01
-1864.73 -1186.01
-1609.42 -1186.01
-1214.92 -1186.01
-1188.35 -1186.01
-1425.04 -1186.01
-1629.38 -1186.01
-1195.27 -1186.01
-1490.81 -1186.01
-1447.34 -1186.01
-1619.21 -1186.01
-1353.59 -1186.01
-1231.50 -1186.01
-1211.63 -1186.01
-1208.73 -1186.01
-1256.49 -1186.01
-1307.29 -1186.01
-1476.26 -1186.01
-1684.61 -1186.01
-1250.56 -1186.01
-1224.64 -1186.01
-1474.49 -1186.01
-1585.38 -1186.01
-1260.28 -1186.01
-1193.46 -1186.01
-1724.90 -1186.01
-1490.90 -1186.01
-1849.58 -1186.01
-1210.66 -1186.01
-1899.02 -1186.01
-1405.29 -1186.01
-1195.83 -1186.01
-1474.43 -1186.01
-1688.71 -1186.01
-1196.02 -1186.01
-1256.88 -1186.01
-1419.73 -1186.01
-1578.35 -1186.01
-1354.83 -1186.01
-1205.21 -1186.01
-1415.19 -1186.01
-1310.94 -1186.01
-1205.82 -1186.01
-1264.31 -1186.01
-1187.85 -1186.01
-1427.50 -1186.01
-1280.82 -1186.01
-1262.24 -1186.01
-1311.95 -1186.01
-1302.03 -1186.01
-1339.18 -1186.01
-1347.68 -1186.01
-1188.12 -1186.01
-1192.07 -1186.01
-1419.86 -1186.01
-1362.56 -1186.01
-1268.37 -1186.01
-1819.65 -1186.01
-1204.24 -1186.01
-1778.79 -1186.01
-1594.77 -1186.01
-1981.66 -1186.01
-1259.61 -1186.01
-1567.64 -1186.01
-1203.96 -1186.01
-1515.41 -1186.01
-1567.06 -1186.01
-1499.18 -1186.01
-1308.32 -1186.01
-1419.42 -1186.01
-1225.91 -1186.01
-1275.35 -1186.01
-1227.84 -1186.01
-1221.78 -1186.01
-1482.90 -1186.01
-1192.13 -1186.01
-1263.45 -1186.01
-1289.26 -1186.01
-1207.26 -1186.01
-1595.88 -1186.01
-1231.36 -1186.01
-1705.35 -1186.01
-1533.31 -1186.01
-1405.51 -1186.01
-1340.08 -1186.01
-1745.49 -1186.01
-1432.46 -1186.01
-1368.12 -1186.01
-1894.55 -1186.01
-1498.25 -1186.01
-1594.15 -1186.01
-1365.87 -1186.01
-1195.61 -1186.01
-1486.19 -1186.01
-1424.57 -1186.01
-1364.44 -1186.01
-1531.93 -1186.01
-1206.04 -1186.01
-1261.83 -1186.01
-1606.47 -1186.01
-1185.40 -1185.40
-1266.38 -1185.40
-1304.96 -1185.40
-1895.06 -1185.40
-1481.09 -1185.40
-1264.95 -1185.40
-1257.27 -1185.40
-1256.28 -1185.40
-1202.03 -1185.40
-1355.40 -1185.40
-1192.14 -1185.40
-1311.06 -1185.40
-1186.49 -1186.49
-1734.06 -1186.49
-1223.11 -1186.49
-1363.40 -1186.49
-1956.85 -1186.49
-1204.20 -1186.49
-1276.39 -1186.49
-1185.48 -1185.48
-1693.63 -1185.48
-1441.23 -1185.48
-1216.25 -1185.48
-1343.00 -1185.48
-1228.96 -1185.48
-1485.48 -1185.48
-1211.79 -1185.48
-1412.89 -1185.48
-1393.03 -1185.48
-1258.88 -1185.48
-1335.62 -1185.48
-1494.57 -1185.48
-1407.83 -1185.48
-1261.59 -1185.48
-1266.77 -1185.48
-1185.16 -1185.16
-1198.50 -1185.16
-1493.29 -1185.16
-1434.05 -1185.16
-1225.83 -1185.16
-1224.66 -1185.16
-1342.95 -1185.16
-1414.35 -1185.16
-3711.42 -3711.42
-3746.14 -3711.42
-3706.59 -3706.59
-3694.84 -3694.84
-3674.97 -3674.97
-3725.67 -3674.97
-3710.12 -3674.97
-3590.74 -3590.74
-3666.38 -3590.74
-3611.52 -3590.74
-3555.68 -3555.68
-3539.90 -3539.90
-3537.55 -3537.55
-3573.28 -3537.55
-3542.19 -3537.55
-3541.96 -3537.55
-3485.15 -3485.15
-3364.60 -3364.60
-3373.72 -3364.60
-3373.76 -3364.60
-3410.52 -3364.60
-3432.98 -3364.60
-3451.04 -3364.60
-3424.47 -3364.60
-3397.92 -3364.60
-3362.62 -3362.62
-3303.93 -3303.93
-3407.54 -3303.93
-3238.58 -3238.58
-3273.85 -3238.58
-3337.15 -3238.58
-3308.33 -3238.58
-3206.79 -3206.79
-3187.40 -3187.40
-3203.01 -3187.40
-3151.18 -3151.18
-3150.85 -3150.85
-3188.02 -3150.85
-3168.85 -3150.85
-3189.62 -3150.85
-3109.38 -3109.38
-3197.15 -3109.38
-3100.49 -3100.49
-3103.29 -3100.49
-3233.55 -3100.49
-3135.59 -3100.49
-3145.61 -3100.49
-3021.61 -3021.61
-2902.50 -2902.50
-2896.38 -2896.38
-2854.41 -2854.41
-2815.75 -2815.75
-2887.56 -2815.75
-2901.74 -2815.75
-2872.31 -2815.75
-2700.31 -2700.31
-2658.19 -2658.19
-2613.50 -2613.50
-2897.19 -2613.50
-2370.56 -2370.56
-2604.41 -2370.56
-2388.51 -2370.56
-2535.10 -2370.56
-2132.38 -2132.38
-2116.66 -2116.66
-2088.20 -2088.20
-2305.38 -2088.20
-2212.63 -2088.20
-2010.30 -2010.30
-2218.66 -2010.30
-2257.14 -2010.30
-1357.33 -1357.33
-1500.26 -1357.33
-1188.15 -1188.15
-1261.68 -1188.15
-1660.38 -1188.15
-1196.53 -1188.15
-1570.68 -1188.15
-1205.56 -1188.15
-1828.35 -1188.15
-1356.33 -1188.15
-1496.32 -1188.15
-1246.64 -1188.15
-1367.43 -1188.15
-1255.69 -1188.15
-1222.39 -1188.15
-1735.53 -1188.15
-1212.79 -1188.15
-1409.47 -1188.15
-1252.39 -1188.15
-1273.65 -1188.15
-1283.94 -1188.15
-1256.99 -1188.15
-1265.73 -1188.15
-1206.49 -1188.15
-1525.38 -1188.15
-1751.39 -1188.15
-1473.61 -1188.15
-1382.44 -1188.15
-1198.85 -1188.15
-1290.31 -1188.15
-1421.07 -1188.15
-1252.59 -1188.15
-1269.79 -1188.15
-1469.59 -1188.15
-1197.62 -1188.15
-1875.62 -1188.15
-1307.55 -1188.15
-1224.92 -1188.15
-1280.11 -1188.15
-1343.59 -1188.15
-1380.73 -1188.15
-1487.62 -1188.15
-1365.79 -1188.15
-1199.81 -1188.15
-1353.65 -1188.15
-1266.75 -1188.15
-1608.99 -1188.15
-1362.99 -1188.15
-1444.07 -1188.15
-1412.44 -1188.15
-1257.33 -1188.15
-1706.94 -1188.15
-1397.93 -1188.15
-1560.30 -1188.15
-1505.36 -1188.15
-1228.60 -1188.15
-1830.32 -1188.15
-1645.83 -1188.15
-1497.25 -1188.15
-1258.57 -1188.15
-1256.74 -1188.15
-1257.13 -1188.15
-1263.30 -1188.15
-1214.26 -1188.15
-1409.64 -1188.15
-1212.24 -1188.15
-1276.08 -1188.15
-1288.13 -1188.15
-1321.58 -1188.15
-1312.77 -1188.15
-1350.35 -1188.15
-1258.10 -1188.15
-1815.36 -1188.15
-1497.40 -1188.15
-1616.60 -1188.15
-1188.18 -1188.18
-1235.98 -1188.18
-1343.35 -1188.18
-1265.16 -1188.18
-1540.10 -1188.18
-1203.88 -1188.18
-1355.04 -1188.18
-1560.64 -1188.18
-1343.02 -1188.18
-1388.84 -1188.18
-1192.05 -1188.18
-1412.54 -1188.18
-1198.35 -1188.18
-1667.11 -1188.18
-1671.33 -1188.18
-1267.22 -1188.18
-1253.13 -1188.18
-1326.06 -1188.18
-1192.19 -1188.18
-1374.01 -1188.18
-1216.96 -1188.18
-1889.01 -1188.18
-1412.51 -1188.18
-1213.37 -1188.18
-1277.70 -1188.18
-1556.55 -1188.18
-1289.98 -1188.18
-1522.09 -1188.18
-1509.30 -1188.18
-1210.16 -1188.18
-1520.68 -1188.18
-1276.18 -1188.18
-1186.06 -1186.06
-1210.49 -1186.06
-1193.62 -1186.06
-1271.06 -1186.06
-1267.45 -1186.06
-1250.99 -1186.06
-1192.14 -1186.06
-1313.39 -1186.06
-1514.23 -1186.06
-1185.31 -1185.31
-1263.21 -1185.31
-1256.63 -1185.31
-1270.58 -1185.31
-1307.34 -1185.31
-1421.47 -1185.31
-1425.06 -1185.31
-1250.46 -1185.31
-1567.98 -1185.31
-1221.77 -1185.31
-1224.44 -1185.31
-1256.72 -1185.31
-1310.45 -1185.31
-1386.88 -1185.31
-1708.94 -1185.31
-1217.51 -1185.31
-1354.77 -1185.31
-1354.86 -1185.31
-1347.13 -1185.31
-1334.24 -1185.31
-1303.85 -1185.31
-1533.14 -1185.31
-1421.27 -1185.31
-1256.91 -1185.31
-1350.60 -1185.31
-1200.84 -1185.31
-1477.98 -1185.31
-1502.49 -1185.31
-1578.17 -1185.31
-1187.42 -1185.31
-1207.99 -1185.31
-1484.58 -1185.31
-1355.26 -1185.31
-1192.14 -1185.31
-1411.01 -1185.31
-1208.30 -1185.31
-1429.04 -1185.31
-1773.03 -1185.31
-1479.04 -1185.31
-1210.41 -1185.31
-1264.06 -1185.31
-1410.42 -1185.31
-1573.94 -1185.31
-1187.50 -1187.50
-1627.16 -1187.50
-1205.83 -1187.50
-1210.94 -1187.50
-1186.39 -1186.39
-1215.78 -1186.39
-1606.15 -1186.39
-1414.62 -1186.39
-1579.03 -1186.39
-1263.60 -1186.39
-1310.28 -1186.39
-1258.17 -1186.39
-1341.55 -1186.39
-1488.41 -1186.39
-1258.65 -1186.39
-1409.96 -1186.39
-1513.73 -1186.39
-1200.88 -1186.39
-1560.42 -1186.39
-1283.91 -1186.39
-1486.25 -1186.39
-1415.88 -1186.39
-1252.25 -1186.39
-1526.03 -1186.39
-1226.96 -1186.39
-1762.66 -1186.39
-1352.54 -1186.39
-1414.38 -1186.39
-1603.46 -1186.39
-1224.76 -1186.39
-1195.92 -1186.39
-1206.86 -1186.39
-1414.54 -1186.39
-1288.98 -1186.39
-1255.99 -1186.39
-1267.96 -1186.39
-1230.57 -1186.39
-1484.47 -1186.39
-1277.99 -1186.39
-1670.12 -1186.39
-1279.79 -1186.39
-1899.26 -1186.39
-1819.53 -1186.39
-1186.97 -1186.97
-1277.03 -1186.97
-1624.10 -1186.97
-1255.77 -1186.97
-1223.79 -1186.97
-1211.17 -1186.97
-1205.03 -1186.97
-1526.69 -1186.97
-1583.17 -1186.97
-1426.94 -1186.97
-1279.41 -1186.97
-1612.21 -1186.97
-1202.71 -1186.97
-1185.43 -1185.43
-1286.36 -1185.43
-1195.26 -1185.43
-1354.48 -1185.43
-1672.76 -1185.43
-1299.15 -1185.43
-1382.17 -1185.43
-1630.79 -1185.43
-1602.91 -1185.43
-1432.02 -1185.43
-1837.02 -1185.43
-1224.05 -1185.43
-1660.00 -1185.43
-1408.63 -1185.43
-1414.41 -1185.43
-1203.57 -1185.43
-1425.25 -1185.43
-1416.67 -1185.43
-1274.26 -1185.43
-1401.18 -1185.43
-1207.38 -1185.43
-1219.18 -1185.43
-1749.47 -1185.43
-1600.40 -1185.43
-1306.93 -1185.43
-1499.93 -1185.43
-1200.76 -1185.43
-1230.37 -1185.43
-1204.56 -1185.43
-1263.03 -1185.43
-1446.04 -1185.43
-1268.62 -1185.43
-1594.76 -1185.43
-1252.10 -1185.43
-1579.16 -1185.43
-1817.20 -1185.43
-1604.06 -1185.43
-1187.20 -1185.43
-1199.69 -1185.43
-1217.12 -1185.43
-1347.18 -1185.43
-1205.54 -1185.43
-1423.31 -1185.43
-1267.81 -1185.43
-1525.16 -1185.43
-1598.46 -1185.43
-1211.20 -1185.43
-1222.10 -1185.43
-1407.99 -1185.43
-1269.05 -1185.43
-1199.42 -1185.43
-1358.03 -1185.43
-1204.21 -1185.43
-1202.62 -1185.43
-1185.63 -1185.63
-1335.46 -1185.63
-1204.04 -1185.63
-1266.81 -1185.63
-1202.68 -1185.63
-1260.61 -1185.63
-1417.55 -1185.63
-1252.42 -1185.63
-1360.20 -1185.63
-1372.95 -1185.63
-1484.50 -1185.63
-1274.98 -1185.63
-1219.26 -1185.63
-1482.02 -1185.63
-1305.13 -1185.63
-1871.79 -1185.63
-1355.09 -1185.63
-1295.71 -1185.63
-1211.45 -1185.63
-1186.80 -1185.63
-1200.24 -1185.63
-1225.03 -1185.63
-1422.12 -1185.63
-1430.47 -1185.63
-1507.26 -1185.63
-1211.61 -1185.63
-1321.55 -1185.63
-1674.23 -1185.63
-1193.62 -1185.63
-1424.34 -1185.63
-1277.68 -1185.63
-1205.34 -1185.63
-1421.06 -1185.63
-1297.12 -1185.63
-1209.84 -1185.63
-1213.19 -1185.63
-1213.15 -1185.63
-1253.15 -1185.63
-1482.33 -1185.63
-1630.54 -1185.63
-1305.49 -1185.63
-1414.51 -1185.63
-1814.22 -1185.63
-1310.81 -1185.63
-1211.12 -1185.63
-1219.51 -1185.63
-1209.93 -1185.63
-1291.55 -1185.63
-1209.74 -1185.63
-1207.40 -1185.63
-1421.44 -1185.63
-1435.04 -1185.63
-1584.39 -1185.63
-1416.89 -1185.63
-1355.41 -1185.63
-1389.76 -1185.63
-1417.01 -1185.63
-1563.31 -1185.63
-1374.37 -1185.63
-1341.01 -1185.63
-1423.29 -1185.63
-1912.64 -1185.63
-1205.08 -1185.63
-1270.80 -1185.63
-1418.45 -1185.63
-1354.72 -1185.63
-1527.94 -1185.63
-1502.93 -1185.63
-1368.52 -1185.63
-1498.54 -1185.63
-1343.65 -1185.63
-1300.77 -1185.63
-1497.48 -1185.63
-1211.51 -1185.63
-1212.21 -1185.63
-1352.68 -1185.63
-3678.63 -3678.63
-3659.22 -3659.22
-3638.16 -3638.16
-3634.33 -3634.33
-3697.94 -3634.33
-3652.95 -3634.33
-3570.27 -3570.27
-3525.20 -3525.20
-3615.05 -3525.20
-3500.35 -3500.35
-3527.46 -3500.35
-3407.57 -3407.57
-3353.48 -3353.48
-3283.12 -3283.12
-3310.12 -3283.12
-3343.88 -3283.12
-3290.24 -3283.12
-3347.53 -3283.12
-3351.02 -3283.12
-3266.57 -3266.57
-3282.37 -3266.57
-3319.79 -3266.57
-3265.32 -3265.32
-3186.13 -3186.13
-3205.14 -3186.13
-3270.76 -3186.13
-3146.18 -3146.18
-3171.65 -3146.18
-3314.13 -3146.18
-3237.77 -3146.18
-3098.25 -3098.25
-3144.28 -3098.25
-3103.73 -3098.25
-3049.32 -3049.32
-2979.36 -2979.36
-3057.51 -2979.36
-3126.97 -2979.36
-2985.70 -2979.36
-3046.21 -2979.36
-2952.05 -2952.05
-2895.87 -2895.87
-2674.72 -2674.72
-2527.79 -2527.79
-2563.93 -2527.79
-2613.54 -2527.79
-2305.58 -2305.58
-2429.86 -2305.58
-2213.25 -2213.25
-2163.66 -2163.66
-2253.14 -2163.66
-2076.41 -2076.41
-2042.50 -2042.50
-2123.57 -2042.50
-2596.36 -2042.50
-2093.05 -2042.50
-1880.28 -1880.28
-2366.88 -1880.28
-2029.97 -1880.28
-1616.29 -1616.29
-2012.58 -1616.29
-1413.95 -1413.95
-1964.87 -1413.95
-1499.32 -1413.95
-1298.58 -1298.58
-1526.97 -1298.58
-1348.97 -1298.58
-1708.58 -1298.58
-1256.63 -1256.63
-1268.40 -1256.63
-1303.02 -1256.63
-1396.50 -1256.63
-1283.12 -1256.63
-1352.58 -1256.63
-1758.47 -1256.63
-1556.32 -1256.63
-1686.72 -1256.63
-1306.41 -1256.63
-1500.45 -1256.63
-1671.52 -1256.63
-1206.37 -1206.37
-1258.86 -1206.37
-1208.08 -1206.37
-1185.43 -1185.43
-1263.21 -1185.43
-1364.98 -1185.43
-1425.59 -1185.43
-1356.54 -1185.43
-1604.80 -1185.43
-1365.74 -1185.43
-1424.92 -1185.43
-1430.94 -1185.43
-1185.45 -1185.45
-1339.21 -1185.45
-1508.48 -1185.45
-1398.52 -1185.45
-1707.07 -1185.45
-1415.26 -1185.45
-1205.04 -1185.45
-1286.63 -1185.45
-1660.45 -1185.45
-1510.74 -1185.45
-1668.54 -1185.45
-1569.41 -1185.45
-1244.29 -1185.45
-1286.03 -1185.45
-1297.15 -1185.45
-1479.41 -1185.45
-1822.78 -1185.45
-1594.58 -1185.45
-1663.62 -1185.45
-1493.20 -1185.45
-1270.91 -1185.45
-1339.77 -1185.45
-1392.70 -1185.45
-1228.41 -1185.45
-1253.37 -1185.45
-1219.57 -1185.45
-1369.46 -1185.45
-1211.01 -1185.45
-1482.65 -1185.45
-1308.64 -1185.45
-1304.98 -1185.45
-1475.74 -1185.45
-1267.78 -1185.45
-1250.90 -1185.45
-1258.86 -1185.45
-1484.25 -1185.45
-1210.24 -1185.45
-1675.04 -1185.45
-1690.60 -1185.45
-1478.42 -1185.45
-1207.13 -1185.45
-1418.88 -1185.45
-1343.48 -1185.45
-1208.25 -1185.45
-1351.74 -1185.45
-1347.86 -1185.45
-1358.70 -1185.45
-1517.43 -1185.45
-1204.68 -1185.45
-1195.23 -1185.45
-1214.67 -1185.45
-1221.91 -1185.45
-1219.01 -1185.45
-1503.21 -1185.45
-1256.26 -1185.45
-1424.62 -1185.45
-1417.73 -1185.45
-1411.20 -1185.45
-1251.78 -1185.45
-1500.00 -1185.45
-1486.37 -1185.45
-1687.73 -1185.45
-1672.47 -1185.45
-1222.14 -1185.45
-1482.69 -1185.45
-1421.56 -1185.45
-1191.62 -1185.45
-1320.57 -1185.45
-1245.84 -1185.45
-1222.54 -1185.45
-1565.22 -1185.45
-1956.59 -1185.45
-1819.52 -1185.45
-1417.73 -1185.45
-1216.31 -1185.45
-1718.48 -1185.45
-1206.82 -1185.45
-1771.77 -1185.45
-1307.91 -1185.45
-1416.57 -1185.45
-1213.21 -1185.45
-1837.57 -1185.45
-1734.17 -1185.45
-1603.84 -1185.45
-1600.39 -1185.45
-1869.06 -1185.45
-1536.16 -1185.45
-1540.53 -1185.45
-1426.95 -1185.45
-1225.52 -1185.45
-1204.61 -1185.45
-1256.49 -1185.45
-1203.90 -1185.45
-1485.92 -1185.45
-1204.63 -1185.45
-1270.13 -1185.45
-1375.63 -1185.45
-1273.63 -1185.45
-1421.14 -1185.45
-1220.05 -1185.45
-1200.92 -1185.45
-1344.48 -1185.45
-1485.76 -1185.45
-1344.17 -1185.45
-1505.37 -1185.45
-1581.47 -1185.45
-1268.96 -1185.45
-1185.33 -1185.33
-1263.92 -1185.33
-1333.19 -1185.33
-1624.05 -1185.33
-1412.23 -1185.33
-1490.37 -1185.33
-1606.42 -1185.33
-1748.83 -1185.33
-1571.07 -1185.33
-1307.20 -1185.33
-1365.06 -1185.33
-1197.98 -1185.33
-1364.88 -1185.33
-1970.00 -1185.33
-1286.50 -1185.33
-1480.27 -1185.33
-1487.06 -1185.33
-1254.06 -1185.33
-1344.14 -1185.33
-1588.26 -1185.33
-1578.41 -1185.33
-1355.33 -1185.33
-1483.80 -1185.33
-1211.00 -1185.33
-1370.97 -1185.33
-1246.86 -1185.33
-1243.44 -1185.33
-1289.77 -1185.33
-1340.40 -1185.33
-1204.13 -1185.33
-1386.95 -1185.33
-1348.98 -1185.33
-1503.43 -1185.33
-1423.28 -1185.33
-1204.05 -1185.33
-1436.61 -1185.33
-1473.26 -1185.33
-1196.26 -1185.33
-1186.84 -1185.33
-1525.32 -1185.33
-1470.06 -1185.33
-1332.44 -1185.33
-1563.67 -1185.33
-1256.92 -1185.33
-1193.41 -1185.33
-1223.49 -1185.33
-1355.54 -1185.33
-1305.85 -1185.33
-1567.31 -1185.33
-1203.36 -1185.33
-1442.70 -1185.33
-1252.91 -1185.33
-1739.04 -1185.33
-1406.67 -1185.33
-1493.69 -1185.33
-1266.66 -1185.33
-1352.88 -1185.33
-1208.17 -1185.33
-1578.80 -1185.33
-1878.17 -1185.33
-1215.30 -1185.33
-1204.33 -1185.33
-1257.23 -1185.33
-1185.67 -1185.67
-1205.63 -1185.67
-1261.24 -1185.67
-1696.67 -1185.67
-1289.86 -1185.67
-1195.92 -1185.67
-1478.27 -1185.67
-1664.39 -1185.67
-1256.89 -1185.67
-1211.52 -1185.67
-1644.88 -1185.67
-1343.16 -1185.67
-1292.16 -1185.67
-1224.42 -1185.67
-1416.97 -1185.67
-1762.37 -1185.67
-1960.81 -1185.67
-1488.67 -1185.67
-1187.51 -1185.67
-1484.35 -1185.67
-1514.98 -1185.67
-1223.43 -1185.67
-1192.02 -1185.67
-1482.64 -1185.67
-1609.33 -1185.67
-1304.72 -1185.67
-1412.42 -1185.67
-1222.94 -1185.67
-1227.00 -1185.67
-1475.09 -1185.67
-1439.49 -1185.67
-1261.81 -1185.67
-1295.91 -1185.67
-1408.17 -1185.67
-1252.38 -1185.67
-1417.88 -1185.67
-1354.72 -1185.67
-1619.23 -1185.67
-1185.38 -1185.38
-1527.01 -1185.38
-1650.72 -1185.38
-1279.23 -1185.38
-1496.91 -1185.38
-1256.68 -1185.38
-1261.38 -1185.38
-1424.52 -1185.38
-1375.50 -1185.38
-1193.29 -1185.38
-1210.55 -1185.38
-1830.09 -1185.38
-1643.94 -1185.38
-1216.83 -1185.38
-1299.94 -1185.38
-1520.00 -1185.38
-1502.99 -1185.38
-1561.29 -1185.38
-1642.45 -1185.38
-1343.10 -1185.38
-1310.58 -1185.38
-1279.10 -1185.38
-1443.83 -1185.38
-1264.12 -1185.38
-1206.68 -1185.38
-1368.68 -1185.38
-1302.71 -1185.38
-1222.54 -1185.38
-1734.57 -1185.38
-1359.08 -1185.38
-1382.35 -1185.38
-1213.26 -1185.38
-1607.51 -1185.38
-1260.35 -1185.38
-1264.08 -1185.38
-1186.98 -1185.38
-1728.29 -1185.38
-1845.34 -1185.38
-1208.66 -1185.38
-1301.08 -1185.38
-1477.11 -1185.38
-1598.67 -1185.38
-1514.54 -1185.38
-1523.68 -1185.38
-1901.15 -1185.38
-1266.85 -1185.38
-1486.82 -1185.38
-1667.26 -1185.38
-1516.97 -1185.38
-1359.25 -1185.38
-1426.10 -1185.38
-1516.63 -1185.38
-1443.22 -1185.38
-1551.34 -1185.38
-1708.61 -1185.38
-1394.66 -1185.38
-1744.72 -1185.38
-1205.86 -1185.38
-1205.61 -1185.38
-1222.79 -1185.38
-1375.64 -1185.38
-1488.49 -1185.38
-1416.88 -1185.38
-1924.60 -1185.38
-1417.96 -1185.38
-1413.25 -1185.38
-1513.36 -1185.38
-1607.80 -1185.38
-1314.28 -1185.38
-1205.15 -1185.38
-1486.13 -1185.38
-1262.62 -1185.38
-1210.64 -1185.38
-1360.01 -1185.38
-1761.86 -1185.38
-1186.76 -1185.38
-1778.98 -1185.38
-1364.13 -1185.38
-1260.93 -1185.38
-1553.02 -1185.38
-1320.90 -1185.38
-1351.60 -1185.38
-1346.98 -1185.38
-1313.65 -1185.38
-1427.49 -1185.38
-1444.44 -1185.38
-1343.99 -1185.38
-1405.93 -1185.38
-1324.11 -1185.38
-1538.70 -1185.38
-1288.98 -1185.38
-1492.03 -1185.38
-1211.73 -1185.38
-1338.42 -1185.38
-1198.90 -1185.38
-1200.91 -1185.38
-1414.40 -1185.38
-1342.82 -1185.38
-1207.92 -1185.38
-1234.02 -1185.38
-1743.07 -1185.38
-1341.42 -1185.38
-1524.92 -1185.38
-1322.02 -1185.38
-1274.88 -1185.38
-1412.02 -1185.38
-1249.75 -1185.38
-1306.27 -1185.38
-1217.23 -1185.38
-1819.13 -1185.38
-1197.98 -1185.38
-1469.72 -1185.38
-1435.91 -1185.38
-1208.68 -1185.38
-1185.53 -1185.53
-1232.65 -1185.53
-1415.71 -1185.53
-3693.69 -3693.69
-3675.49 -3675.49
-3673.55 -3673.55
-3702.23 -3673.55
-3675.11 -3675.11
-3588.32 -3588.32
-3607.70 -3588.32
-3547.36 -3547.36
-3521.57 -3521.57
-3546.61 -3521.57
-3574.37 -3521.57
-3499.00 -3499.00
-3509.44 -3499.00
-3527.95 -3499.00
-3438.82 -3438.82
-3353.34 -3353.34
-3268.26 -3268.26
-3284.41 -3268.26
-3289.57 -3268.26
-3347.91 -3268.26
-3167.27 -3167.27
-3094.13 -3094.13
-2936.25 -2936.25
-2928.02 -2928.02
-3055.74 -2928.02
-2896.08 -2896.08
-2998.56 -2896.08
-2952.07 -2896.08
-2593.85 -2593.85
-2649.90 -2593.85
-2618.79 -2593.85
-2747.58 -2593.85
-2413.20 -2413.20
-2538.85 -2413.20
-2113.19 -2113.19
-1981.56 -1981.56
-2059.93 -1981.56
-1491.55 -1491.55
-1798.61 -1491.55
-1197.35 -1197.35
-1795.22 -1197.35
-1357.84 -1197.35
-1578.56 -1197.35
-1674.91 -1197.35
-1354.36 -1197.35
-1364.35 -1197.35
-1206.82 -1197.35
-1300.63 -1197.35
-1308.44 -1197.35
-1244.14 -1197.35
-1315.54 -1197.35
-1390.09 -1197.35
-1417.28 -1197.35
-1207.73 -1197.35
-1277.37 -1197.35
-1212.64 -1197.35
-1520.65 -1197.35
-1199.93 -1197.35
-1271.46 -1197.35
-1601.78 -1197.35
-1412.96 -1197.35
-1374.14 -1197.35
-1346.62 -1197.35
-1345.62 -1197.35
-1565.49 -1197.35
-1490.71 -1197.35
-1212.16 -1197.35
-1277.29 -1197.35
-1223.20 -1197.35
-1374.83 -1197.35
-1342.49 -1197.35
-1211.62 -1197.35
-1227.84 -1197.35
-1571.73 -1197.35
-1880.48 -1197.35
-1501.70 -1197.35
-1409.56 -1197.35
-1422.28 -1197.35
-1361.85 -1197.35
-1312.16 -1197.35
-1567.20 -1197.35
-1569.29 -1197.35
-1256.94 -1197.35
-1307.60 -1197.35
-1602.58 -1197.35
-1512.64 -1197.35
-1261.27 -1197.35
-1273.08 -1197.35
-1468.39 -1197.35
-1441.73 -1197.35
-1272.98 -1197.35
-1305.42 -1197.35
-1818.49 -1197.35
-1601.72 -1197.35
-1187.23 -1187.23
-1264.36 -1187.23
-1205.45 -1187.23
-1531.84 -1187.23
-1577.93 -1187.23
-1746.65 -1187.23
-1253.10 -1187.23
-1186.55 -1186.55
-1749.72 -1186.55
-1424.71 -1186.55
-1264.26 -1186.55
-1471.05 -1186.55
-1261.15 -1186.55
-1444.63 -1186.55
-1973.63 -1186.55
-1374.94 -1186.55
-1204.84 -1186.55
-1286.50 -1186.55
-1305.08 -1186.55
-1201.82 -1186.55
-1364.82 -1186.55
-1308.67 -1186.55
-1832.78 -1186.55
-1208.21 -1186.55
-1268.64 -1186.55
-1489.33 -1186.55
-1838.45 -1186.55
-1199.90 -1186.55
-1222.80 -1186.55
-1223.03 -1186.55
-1555.03 -1186.55
-1555.04 -1186.55
-1303.07 -1186.55
-1206.36 -1186.55
-1204.52 -1186.55
-1376.62 -1186.55
-1256.01 -1186.55
-1878.04 -1186.55
-1385.53 -1186.55
-1600.50 -1186.55
-1645.79 -1186.55
-1417.73 -1186.55
-1288.43 -1186.55
-1582.39 -1186.55
-1283.85 -1186.55
-1289.92 -1186.55
-1192.10 -1186.55
-1413.05 -1186.55
-1185.51 -1185.51
-1266.23 -1185.51
-1414.80 -1185.51
-1623.43 -1185.51
-1672.92 -1185.51
-1603.25 -1185.51
-1197.57 -1185.51
-1425.92 -1185.51
-1264.18 -1185.51
-1507.54 -1185.51
-1366.83 -1185.51
-1568.28 -1185.51
-1220.02 -1185.51
-1475.27 -1185.51
-1187.16 -1185.51
-1185.43 -1185.43
-1212.45 -1185.43
-1211.06 -1185.43
-2012.26 -1185.43
-1322.64 -1185.43
-1208.37 -1185.43
-1193.82 -1185.43
-1409.99 -1185.43
-1223.29 -1185.43
-1273.90 -1185.43
-1421.18 -1185.43
-1733.29 -1185.43
-1439.55 -1185.43
-1431.95 -1185.43
-1383.72 -1185.43
-1417.32 -1185.43
-1412.32 -1185.43
-1612.21 -1185.43
-1351.32 -1185.43
-1414.09 -1185.43
-1185.72 -1185.72
-1210.37 -1185.72
-1185.16 -1185.16
-1198.52 -1185.16
-1406.06 -1185.16
-1355.70 -1185.16
-1364.22 -1185.16
-1321.40 -1185.16
-1395.22 -1185.16
-1252.98 -1185.16
-1368.85 -1185.16
-1224.54 -1185.16
-1508.82 -1185.16
-1211.59 -1185.16
-1511.40 -1185.16
-1225.93 -1185.16
-1396.91 -1185.16
-1198.49 -1185.16
-1289.94 -1185.16
-1213.38 -1185.16
-1283.29 -1185.16
-1415.62 -1185.16
-1494.07 -1185.16
-1446.15 -1185.16
-1263.09 -1185.16
-1506.83 -1185.16
-1423.72 -1185.16
-1200.88 -1185.16
-1310.03 -1185.16
-1618.94 -1185.16
-1604.09 -1185.16
-1208.76 -1185.16
-1205.22 -1185.16
-1363.32 -1185.16
-1192.66 -1185.16
-1304.01 -1185.16
-1195.52 -1185.16
-1634.86 -1185.16
-1332.31 -1185.16
-1340.85 -1185.16
-1216.90 -1185.16
-1210.16 -1185.16
-1657.71 -1185.16
-1323.21 -1185.16
-1211.03 -1185.16
-1286.34 -1185.16
-1602.56 -1185.16
-1225.34 -1185.16
-1480.46 -1185.16
-1445.06 -1185.16
-1486.77 -1185.16
-1746.69 -1185.16
-1364.88 -1185.16
-1534.67 -1185.16
-1628.50 -1185.16
-1375.50 -1185.16
-1222.54 -1185.16
-1394.33 -1185.16
-1207.97 -1185.16
-1254.60 -1185.16
-1567.83 -1185.16
-1208.57 -1185.16
-1369.62 -1185.16
-1298.87 -1185.16
-1704.70 -1185.16
-1412.51 -1185.16
-1213.86 -1185.16
-1365.53 -1185.16
-1424.72 -1185.16
-1212.49 -1185.16
-1250.67 -1185.16
-1441.59 -1185.16
-1407.61 -1185.16
-1305.89 -1185.16
-1606.13 -1185.16
-1556.83 -1185.16
-1279.85 -1185.16
-1413.03 -1185.16
-1299.55 -1185.16
-1355.31 -1185.16
-1536.90 -1185.16
-1304.77 -1185.16
-1208.68 -1185.16
-1305.38 -1185.16
-1350.57 -1185.16
-1621.95 -1185.16
-1916.55 -1185.16
-1670.47 -1185.16
-1314.77 -1185.16
-1203.88 -1185.16
-1211.88 -1185.16
-1657.31 -1185.16
-1569.06 -1185.16
-1516.53 -1185.16
-1824.86 -1185.16
-1300.16 -1185.16
-1212.68 -1185.16
-1185.15 -1185.15
-1320.53 -1185.15
-1349.34 -1185.15
-1343.11 -1185.15
-1578.54 -1185.15
-1609.38 -1185.15
-1483.02 -1185.15
-1691.11 -1185.15
-1304.52 -1185.15
-1506.40 -1185.15
-1247.30 -1185.15
-1472.64 -1185.15
-1527.04 -1185.15
-1206.01 -1185.15
-1211.64 -1185.15
-1415.24 -1185.15
-1341.83 -1185.15
-1343.34 -1185.15
-1686.76 -1185.15
-1185.38 -1185.38
-1595.02 -1185.38
-1232.57 -1185.38
-1212.91 -1185.38
-1185.66 -1185.66
-1477.93 -1185.66
-1357.89 -1185.66
-1341.86 -1185.66
-1654.42 -1185.66
-1523.70 -1185.66
-1704.04 -1185.66
-1263.66 -1185.66
-1661.56 -1185.66
-1204.08 -1185.66
-1265.28 -1185.66
-1467.15 -1185.66
-1677.38 -1185.66
-1567.95 -1185.66
-1427.07 -1185.66
-1206.51 -1185.66
-1204.91 -1185.66
-1644.44 -1185.66
-1312.64 -1185.66
-1220.10 -1185.66
-1215.05 -1185.66
-1958.16 -1185.66
-1339.41 -1185.66
-1217.33 -1185.66
-1271.09 -1185.66
-1270.98 -1185.66
-1441.15 -1185.66
-1308.24 -1185.66
-1501.42 -1185.66
-1340.38 -1185.66
-1777.89 -1185.66
-1493.30 -1185.66
-1204.33 -1185.66
-1654.06 -1185.66
-1424.77 -1185.66
-1278.28 -1185.66
-1427.30 -1185.66
-1200.15 -1185.66
-1352.41 -1185.66
-1412.01 -1185.66
-1427.86 -1185.66
-1658.79 -1185.66
-1370.99 -1185.66
-1505.36 -1185.66
-1410.95 -1185.66
-1206.00 -1185.66
-1414.37 -1185.66
-1493.05 -1185.66
-1273.98 -1185.66
-1185.38 -1185.38
-1535.47 -1185.38
-1678.14 -1185.38
-1616.42 -1185.38
-1692.54 -1185.38
-1414.69 -1185.38
-1848.71 -1185.38
-1585.78 -1185.38
-1773.31 -1185.38
-1707.10 -1185.38
-1733.50 -1185.38
-1359.53 -1185.38
-1186.71 -1185.38
-1221.74 -1185.38
-1350.29 -1185.38
-1909.81 -1185.38
-1255.86 -1185.38
-1401.46 -1185.38
-1524.02 -1185.38
-1204.14 -1185.38
-1228.13 -1185.38
-1221.92 -1185.38
-1571.88 -1185.38
-1392.41 -1185.38
-1265.02 -1185.38
-1421.64 -1185.38
-1414.30 -1185.38
-1709.97 -1185.38
-1304.27 -1185.38
-1204.07 -1185.38
-1380.86 -1185.38
-1900.52 -1185.38
-1258.37 -1185.38
-1250.72 -1185.38
-1219.58 -1185.38
-1209.90 -1185.38
-1227.50 -1185.38
-1187.35 -1185.38
-1505.04 -1185.38
-1395.45 -1185.38
-1280.39 -1185.38
-1570.18 -1185.38
-1195.13 -1185.38
-1340.79 -1185.38
-1227.24 -1185.38
-1188.08 -1185.38
-1204.71 -1185.38
-1535.23 -1185.38
-1348.91 -1185.38
-1212.22 -1185.38
-1252.06 -1185.38
-1800.37 -1185.38
-1202.87 -1185.38
-1474.48 -1185.38
-1528.83 -1185.38
-1251.88 -1185.38
-1560.02 -1185.38
-1775.61 -1185.38
-1204.12 -1185.38
-1777.77 -1185.38
-1185.33 -1185.33
-1421.15 -1185.33
-1527.73 -1185.33
-1554.65 -1185.33
-1208.65 -1185.33
-1506.32 -1185.33
-1200.08 -1185.33
-1354.48 -1185.33
-1220.25 -1185.33
-1269.96 -1185.33
-3702.25 -3702.25
-3692.20 -3692.20
-3746.02 -3692.20
-3666.45 -3666.45
-3659.18 -3659.18
-3684.08 -3659.18
-3605.18 -3605.18
-3617.81 -3605.18
-3554.89 -3554.89
-3609.55 -3554.89
-3537.91 -3537.91
-3555.92 -3537.91
-3486.14 -3486.14
-3499.62 -3486.14
-3432.65 -3432.65
-3407.21 -3407.21
-3364.26 -3364.26
-3428.03 -3364.26
-3315.72 -3315.72
-3174.16 -3174.16
-3044.02 -3044.02
-2905.94 -2905.94
-2836.96 -2836.96
-2936.47 -2836.96
-2748.79 -2748.79
-2856.74 -2748.79
-2706.52 -2706.52
-2503.03 -2503.03
-2668.38 -2503.03
-2721.20 -2503.03
-2564.89 -2503.03
-2463.33 -2463.33
-2481.68 -2463.33
-2409.51 -2409.51
-2411.63 -2409.51
-2637.22 -2409.51
-2397.28 -2397.28
-2455.97 -2397.28
-2460.15 -2397.28
-2455.13 -2397.28
-2370.68 -2370.68
-1895.05 -1895.05
-1817.23 -1817.23
-1833.11 -1817.23
-1681.98 -1681.98
-1503.98 -1503.98
-1234.12 -1234.12
-1582.89 -1234.12
-1414.22 -1234.12
-1235.71 -1234.12
-1405.60 -1234.12
-1342.00 -1234.12
-1424.59 -1234.12
-1413.57 -1234.12
-1970.56 -1234.12
-1212.27 -1212.27
-1252.63 -1212.27
-1200.04 -1200.04
-1292.88 -1200.04
-1354.22 -1200.04
-1480.38 -1200.04
-1215.73 -1200.04
-1186.51 -1186.51
-1576.25 -1186.51
-1440.72 -1186.51
-1374.94 -1186.51
-1367.92 -1186.51
-1342.08 -1186.51
-1212.48 -1186.51
-1258.46 -1186.51
-1419.69 -1186.51
-1525.15 -1186.51
-1273.23 -1186.51
-1577.62 -1186.51
-1559.88 -1186.51
-1256.88 -1186.51
-1637.12 -1186.51
-1185.43 -1185.43
-1186.48 -1185.43
-1611.95 -1185.43
-1361.65 -1185.43
-1267.91 -1185.43
-1286.52 -1185.43
-1205.90 -1185.43
-1493.51 -1185.43
-1213.79 -1185.43
-1764.36 -1185.43
-1499.88 -1185.43
-1335.77 -1185.43
-1944.41 -1185.43
-1569.65 -1185.43
-1411.73 -1185.43
-1356.99 -1185.43
-1493.44 -1185.43
-1304.90 -1185.43
-1925.22 -1185.43
-1221.74 -1185.43
-1312.51 -1185.43
-1421.69 -1185.43
-1531.90 -1185.43
-1816.73 -1185.43
-1760.58 -1185.43
-1439.32 -1185.43
-1769.85 -1185.43
-1404.59 -1185.43
-1219.75 -1185.43
-1631.44 -1185.43
-1396.86 -1185.43
-1220.84 -1185.43
-1528.04 -1185.43
-1518.12 -1185.43
-1266.76 -1185.43
-1280.37 -1185.43
-1357.64 -1185.43
-1524.72 -1185.43
-1513.45 -1185.43
-1653.46 -1185.43
-1298.62 -1185.43
-1217.73 -1185.43
-1523.63 -1185.43
-1206.04 -1185.43
-1218.92 -1185.43
-1246.04 -1185.43
-1206.63 -1185.43
-1227.71 -1185.43
-1356.96 -1185.43
-1306.25 -1185.43
-1270.53 -1185.43
-1227.16 -1185.43
-1434.94 -1185.43
-1505.40 -1185.43
-1640.78 -1185.43
-1608.88 -1185.43
-1582.39 -1185.43
-1199.37 -1185.43
-1195.21 -1185.43
-1617.65 -1185.43
-1429.88 -1185.43
-1258.78 -1185.43
-1250.17 -1185.43
-1415.11 -1185.43
-1418.53 -1185.43
-1258.28 -1185.43
-1211.43 -1185.43
-1226.36 -1185.43
-1358.90 -1185.43
-1655.54 -1185.43
-1208.26 -1185.43
-1396.86 -1185.43
-1441.50 -1185.43
-1218.92 -1185.43
-1647.58 -1185.43
-1481.36 -1185.43
-1493.74 -1185.43
-1411.00 -1185.43
-1756.79 -1185.43
-1481.23 -1185.43
-1420.87 -1185.43
-1426.16 -1185.43
-1352.77 -1185.43
-1186.58 -1186.58
-1262.56 -1186.58
-1660.48 -1186.58
-1310.92 -1186.58
-1474.25 -1186.58
-1660.23 -1186.58
-1371.58 -1186.58
-1236.45 -1186.58
-1197.95 -1186.58
-1492.53 -1186.58
-1282.46 -1186.58
-1215.01 -1186.58
-1597.11 -1186.58
-1354.17 -1186.58
-1210.95 -1186.58
-1426.22 -1186.58
-1579.12 -1186.58
-1281.84 -1186.58
-1426.90 -1186.58
-1187.65 -1187.65
-1344.95 -1187.65
-1208.76 -1187.65
-1348.64 -1187.65
-1794.68 -1187.65
-1385.72 -1187.65
-1207.81 -1187.65
-1185.40 -1185.40
-1410.59 -1185.40
-1567.60 -1185.40
-1257.83 -1185.40
-1605.07 -1185.40
-1302.67 -1185.40
-1482.41 -1185.40
-1211.54 -1185.40
-1205.08 -1185.40
-1608.43 -1185.40
-1304.62 -1185.40
-1252.17 -1185.40
-1223.80 -1185.40
-1584.27 -1185.40
-1446.79 -1185.40
-1364.27 -1185.40
-1339.97 -1185.40
-1389.22 -1185.40
-1371.99 -1185.40
-1220.76 -1185.40
-1490.78 -1185.40
-1271.29 -1185.40
-1566.95 -1185.40
-1212.88 -1185.40
-1193.42 -1185.40
-1570.51 -1185.40
-1533.31 -1185.40
-1498.15 -1185.40
-1416.11 -1185.40
-1538.30 -1185.40
-1195.43 -1185.40
-1397.74 -1185.40
-1231.29 -1185.40
-1613.73 -1185.40
-1485.25 -1185.40
-1362.85 -1185.40
-1412.51 -1185.40
-1211.93 -1185.40
-1525.34 -1185.40
-1423.57 -1185.40
-1209.78 -1185.40
-1491.71 -1185.40
-1439.32 -1185.40
-1224.54 -1185.40
-1258.35 -1185.40
-1309.72 -1185.40
-1516.50 -1185.40
-1618.83 -1185.40
-1308.40 -1185.40
-1213.64 -1185.40
-1310.64 -1185.40
-1607.49 -1185.40
-1366.61 -1185.40
-1579.51 -1185.40
-1679.34 -1185.40
-1205.75 -1185.40
-1684.15 -1185.40
-1382.88 -1185.40
-1500.00 -1185.40
-1303.47 -1185.40
-1185.43 -1185.43
-1202.09 -1185.43
-1531.14 -1185.43
-1257.70 -1185.43
-1228.95 -1185.43
-1352.54 -1185.43
-1185.80 -1185.80
-1205.56 -1185.80
-1427.84 -1185.80
-1212.93 -1185.80
-1781.73 -1185.80
-1211.27 -1185.80
-1495.68 -1185.80
-1505.03 -1185.80
-1504.72 -1185.80
-1414.07 -1185.80
-1574.02 -1185.80
-1487.84 -1185.80
-1204.71 -1185.80
-1984.66 -1185.80
-1502.38 -1185.80
-1554.31 -1185.80
-1414.52 -1185.80
-1772.47 -1185.80
-1302.36 -1185.80
-1491.08 -1185.80
-1263.25 -1185.80
-1899.01 -1185.80
-1268.67 -1185.80
-1341.87 -1185.80
-1206.44 -1185.80
-1501.13 -1185.80
-1354.95 -1185.80
-1357.68 -1185.80
-1312.04 -1185.80
-1414.07 -1185.80
-1235.73 -1185.80
-1414.51 -1185.80
-1205.30 -1185.80
-1343.70 -1185.80
-1523.76 -1185.80
-1312.00 -1185.80
-1191.61 -1185.80
-1200.85 -1185.80
-1427.42 -1185.80
-1211.64 -1185.80
-1865.55 -1185.80
-1269.32 -1185.80
-1405.81 -1185.80
-1198.90 -1185.80
-1278.13 -1185.80
-1233.07 -1185.80
-1201.36 -1185.80
-1202.39 -1185.80
-1475.97 -1185.80
-1334.76 -1185.80
-1205.90 -1185.80
-1412.07 -1185.80
-1279.67 -1185.80
-1249.93 -1185.80
-1214.57 -1185.80
-1231.59 -1185.80
-1212.91 -1185.80
-1619.04 -1185.80
-1335.79 -1185.80
-1303.36 -1185.80
-1529.87 -1185.80
-1335.62 -1185.80
-1186.92 -1186.92
-1655.56 -1186.92
-1208.57 -1186.92
-1646.57 -1186.92
-1193.66 -1186.92
-1279.76 -1186.92
-1187.44 -1187.44
-1813.74 -1187.44
-1405.75 -1187.44
-1443.94 -1187.44
-1358.90 -1187.44
-1481.15 -1187.44
-1686.47 -1187.44
-1690.42 -1187.44
-1629.36 -1187.44
-1521.73 -1187.44
-1438.28 -1187.44
-1185.45 -1185.45
-1353.35 -1185.45
-1582.69 -1185.45
-1903.19 -1185.45
-1686.15 -1185.45
-1197.50 -1185.45
-1577.64 -1185.45
-1776.76 -1185.45
-1754.95 -1185.45
-1499.99 -1185.45
-1372.00 -1185.45
-1340.11 -1185.45
-1346.53 -1185.45
-1415.56 -1185.45
-1582.44 -1185.45
-1397.08 -1185.45
-1563.06 -1185.45
-1252.25 -1185.45
-1572.59 -1185.45
-1487.31 -1185.45
-1243.18 -1185.45
-1208.14 -1185.45
-1520.71 -1185.45
-1280.06 -1185.45
-1410.29 -1185.45
-1262.01 -1185.45
-1185.15 -1185.15
-1311.14 -1185.15
-1492.95 -1185.15
-1725.82 -1185.15
-1204.97 -1185.15
-1211.45 -1185.15
-1289.43 -1185.15
-1208.93 -1185.15
-1312.48 -1185.15
-1964.92 -1185.15
-1440.97 -1185.15
-1660.77 -1185.15
-1645.77 -1185.15
-1211.00 -1185.15
-1275.89 -1185.15
-1267.86 -1185.15
-1348.18 -1185.15
-1306.23 -1185.15
-1419.83 -1185.15
-1197.74 -1185.15
-1342.02 -1185.15
-1679.36 -1185.15
-1289.63 -1185.15
-1493.75 -1185.15
-1571.80 -1185.15
-1714.31 -1185.15
-1416.63 -1185.15
-1307.01 -1185.15
-1192.06 -1185.15
-1343.53 -1185.15
-1320.79 -1185.15
-1481.24 -1185.15
-1420.88 -1185.15
-1433.78 -1185.15
-1232.44 -1185.15
-1299.18 -1185.15
-1342.74 -1185.15
-1504.89 -1185.15
-1374.33 -1185.15
-1506.13 -1185.15
-1496.58 -1185.15
-2168.79 -1185.15
-1208.47 -1185.15
-1590.27 -1185.15
-1420.03 -1185.15
-1411.91 -1185.15
-1186.52 -1185.15
-1565.83 -1185.15
-1208.33 -1185.15
-1225.72 -1185.15
-1420.21 -1185.15
-1214.45 -1185.15
-1272.21 -1185.15
-1446.94 -1185.15
-1424.59 -1185.15
-1211.84 -1185.15
-1735.94 -1185.15
-1303.03 -1185.15
-1262.62 -1185.15
-3699.72 -1185.15
-3666.06 -1185.15
-3741.08 -1185.15
-3653.04 -1185.15
-3742.91 -1185.15
-3783.47 -1185.15
-3745.94 -1185.15
-3653.04 -1185.15
-3659.55 -1185.15
-3626.99 -1185.15
-3693.71 -1185.15
-3712.82 -1185.15
-3621.32 -1185.15
-3683.49 -1185.15
-3671.10 -1185.15
-3605.22 -1185.15
-3688.05 -1185.15
-3639.97 -1185.15
-3674.74 -1185.15
-3723.68 -1185.15
-3705.18 -1185.15
-3645.96 -1185.15
-3671.18 -1185.15
-3725.00 -1185.15
-3610.94 -1185.15
-3705.25 -1185.15
-3748.51 -1185.15
-3666.41 -1185.15
-3637.33 -1185.15
-3741.94 -1185.15
-3679.88 -1185.15
-3670.71 -1185.15
-3695.00 -1185.15
-3650.71 -1185.15
-3675.57 -1185.15
-3634.40 -1185.15
-3705.49 -1185.15
-3705.18 -1185.15
-3681.60 -1185.15
-3725.74 -1185.15
-3674.76 -1185.15
-3684.17 -1185.15
-3609.76 -1185.15
-3615.23 -1185.15
-3656.70 -1185.15
-3658.32 -1185.15
-3724.14 -1185.15
-3716.71 -1185.15
-3675.48 -1185.15
-3748.98 -1185.15
-3637.15 -1185.15
-3691.61 -1185.15
-3777.90 -1185.15
-3659.40 -1185.15
-3656.77 -1185.15
-3643.95 -1185.15
-3709.31 -1185.15
-3639.40 -1185.15
-3694.89 -1185.15
-3650.63 -1185.15
-3690.85 -1185.15
-3714.87 -1185.15
-3698.08 -1185.15
-3746.31 -1185.15
-3695.85 -1185.15
-3657.91 -1185.15
-3720.03 -1185.15
-3687.17 -1185.15
-3674.84 -1185.15
-3657.41 -1185.15
-3670.85 -1185.15
-3628.41 -1185.15
-3695.84 -1185.15
-3561.23 -1185.15
-3702.57 -1185.15
-3711.25 -1185.15
-3737.41 -1185.15
-3657.15 -1185.15
-3647.52 -1185.15
-3622.89 -1185.15
-3703.92 -1185.15
-3701.50 -1185.15
-3673.60 -1185.15
-3656.11 -1185.15
-3722.57 -1185.15
-3694.46 -1185.15
-3665.86 -1185.15
-3687.88 -1185.15
-3701.82 -1185.15
-3702.93 -1185.15
-3673.08 -1185.15
-3666.57 -1185.15
-3715.55 -1185.15
-3639.44 -1185.15
-3634.54 -1185.15
-3650.17 -1185.15
-3712.25 -1185.15
-3660.37 -1185.15
-3674.27 -1185.15
-3694.41 -1185.15
-3672.87 -1185.15
-3706.27 -1185.15
-3674.46 -1185.15
-3675.40 -1185.15
-3674.24 -1185.15
-3703.70 -1185.15
-3708.76 -1185.15
-3591.87 -1185.15
-3618.04 -1185.15
-3674.47 -1185.15
-3647.51 -1185.15
-3683.49 -1185.15
-3727.71 -1185.15
-3658.85 -1185.15
-3666.63 -1185.15
-3684.47 -1185.15
-3750.28 -1185.15
-3638.97 -1185.15
-3665.91 -1185.15
-3674.23 -1185.15
-3667.58 -1185.15
-3708.78 -1185.15
-3611.29 -1185.15
-3699.07 -1185.15
-3603.61 -1185.15
-3684.68 -1185.15
-3653.99 -1185.15
-3687.78 -1185.15
-3687.43 -1185.15
-3732.98 -1185.15
-3650.24 -1185.15
-3717.21 -1185.15
-3708.23 -1185.15
-3666.98 -1185.15
-3703.68 -1185.15
-3643.93 -1185.15
-3735.93 -1185.15
-3678.60 -1185.15
-3735.93 -1185.15
-3667.67 -1185.15
-3687.86 -1185.15
-3727.85 -1185.15
-3724.46 -1185.15
-3724.36 -1185.15
-3584.36 -1185.15
-3678.36 -1185.15
-3684.16 -1185.15
-3656.54 -1185.15
-3691.62 -1185.15
-3614.69 -1185.15
-3686.96 -1185.15
-3596.36 -1185.15
-3676.55 -1185.15
-3649.98 -1185.15
-3613.56 -1185.15
-3625.34 -1185.15
-3686.37 -1185.15
-3724.53 -1185.15
-3708.80 -1185.15
-3678.77 -1185.15
-3729.48 -1185.15
-3658.68 -1185.15
-3703.32 -1185.15
-3675.65 -1185.15
-3729.16 -1185.15
-3649.90 -1185.15
-3632.96 -1185.15
-3736.05 -1185.15
-3673.19 -1185.15
-3637.33 -1185.15
-3650.42 -1185.15
-3684.62 -1185.15
-3634.34 -1185.15
-3694.44 -1185.15
-3678.41 -1185.15
-3742.21 -1185.15
-3578.97 -1185.15
-3780.42 -1185.15
-3647.20 -1185.15
-3720.33 -1185.15
-3635.09 -1185.15
-3643.76 -1185.15
-3658.41 -1185.15
-3768.82 -1185.15
-3772.36 -1185.15
-3633.05 -1185.15
-3653.14 -1185.15
-3739.98 -1185.15
-3629.97 -1185.15
-3675.73 -1185.15
-3570.55 -1185.15
-3737.08 -1185.15
-3736.45 -1185.15
-3676.61 -1185.15
-3650.30 -1185.15
-3732.12 -1185.15
-3714.04 -1185.15
-3674.32 -1185.15
-3763.91 -1185.15
-3682.56 -1185.15
-3614.75 -1185.15
-3689.76 -1185.15
-3739.21 -1185.15
-3707.21 -1185.15
-3713.92 -1185.15
-3707.21 -1185.15
-3701.44 -1185.15
-3728.58 -1185.15
-3666.11 -1185.15
-3701.57 -1185.15
-3658.27 -1185.15
-3694.45 -1185.15
-3690.68 -1185.15
-3713.42 -1185.15
-3642.28 -1185.15
-3615.26 -1185.15
-3636.15 -1185.15
-3674.37 -1185.15
-3601.77 -1185.15
-3674.40 -1185.15
-3639.77 -1185.15
-3763.66 -1185.15
-3657.46 -1185.15
-3774.90 -1185.15
-3687.48 -1185.15
-3650.26 -1185.15
-3671.34 -1185.15
-3736.16 -1185.15
-3644.28 -1185.15
-3687.72 -1185.15
-3710.28 -1185.15
-3614.64 -1185.15
-3666.45 -1185.15
-3592.05 -1185.15
-3667.40 -1185.15
-3704.92 -1185.15
-3645.27 -1185.15
-3708.18 -1185.15
-3697.95 -1185.15
-3697.21 -1185.15
-3636.59 -1185.15
-3670.71 -1185.15
-3643.91 -1185.15
-3555.27 -1185.15
-3704.86 -1185.15
-3675.07 -1185.15
-3588.24 -1185.15
-3694.22 -1185.15
-3612.47 -1185.15
-3673.67 -1185.15
-3650.44 -1185.15
-3708.75 -1185.15
-3776.85 -1185.15
-3646.67 -1185.15
-3646.63 -1185.15
-3682.53 -1185.15
-3639.60 -1185.15
-3726.41 -1185.15
-3628.52 -1185.15
-3730.08 -1185.15
-3573.37 -1185.15
-3697.00 -1185.15
-3715.54 -1185.15
-3672.62 -1185.15
-3709.88 -1185.15
-3639.34 -1185.15
-3712.45 -1185.15
-3716.17 -1185.15
-3632.95 -1185.15
-3694.30 -1185.15
-3749.46 -1185.15
-3671.39 -1185.15
-3723.94 -1185.15
-3697.94 -1185.15
-3661.61 -1185.15
-3695.89 -1185.15
-3711.52 -1185.15
-3643.89 -1185.15
-3634.10 -1185.15
-3598.70 -1185.15
-3697.00 -1185.15
-3709.89 -1185.15
-3644.21 -1185.15
-3655.62 -1185.15
-3702.64 -1185.15
-3697.81 -1185.15
-3634.37 -1185.15
-3674.39 -1185.15
-3642.58 -1185.15
-3666.21 -1185.15
-3741.40 -1185.15
-3614.50 -1185.15
-3740.72 -1185.15
-3622.44 -1185.15
-3648.33 -1185.15
-3671.72 -1185.15
-3688.21 -1185.15
-3739.77 -1185.15
-3617.57 -1185.15
-3639.98 -1185.15
-3708.61 -1185.15
-3737.68 -1185.15
-3670.70 -1185.15
-3717.38 -1185.15
-3695.74 -1185.15
-3666.68 -1185.15
-3657.46 -1185.15
-3737.67 -1185.15
-3634.92 -1185.15
-3675.17 -1185.15
-3658.37 -1185.15
-3594.19 -1185.15
-3634.33 -1185.15
-3672.31 -1185.15
-3735.93 -1185.15
-3667.63 -1185.15
-3738.74 -1185.15
-3765.09 -1185.15
-3646.31 -1185.15
-3678.61 -1185.15
-3622.76 -1185.15
-3637.86 -1185.15
-3602.34 -1185.15
-3705.22 -1185.15
-3667.13 -1185.15
-3634.77 -1185.15
-3722.54 -1185.15
-3653.52 -1185.15
-3740.81 -1185.15
-3618.33 -1185.15
-3701.28 -1185.15
-3652.90 -1185.15
-3766.90 -1185.15
-3650.29 -1185.15
-3716.77 -1185.15
-3634.96 -1185.15
-3741.72 -1185.15
-3638.93 -1185.15
-3645.84 -1185.15
-3731.68 -1185.15
-3708.62 -1185.15
-3647.16 -1185.15
-3651.40 -1185.15
-3701.67 -1185.15
-3711.81 -1185.15
-3634.24 -1185.15
-3692.05 -1185.15
-3645.09 -1185.15
-3723.91 -1185.15
-3691.67 -1185.15
-3683.49 -1185.15
-3616.39 -1185.15
-3678.65 -1185.15
-3653.24 -1185.15
-3731.66 -1185.15
-3650.97 -1185.15
-3712.20 -1185.15
-3699.10 -1185.15
-3589.83 -1185.15
-3647.19 -1185.15
-3716.08 -1185.15
-3677.86 -1185.15
-3678.39 -1185.15
-3723.28 -1185.15
-3705.76 -1185.15
-3605.83 -1185.15
-3676.82 -1185.15
-3640.25 -1185.15
-3562.70 -1185.15
-3674.80 -1185.15
-3666.62 -1185.15
-3699.64 -1185.15
-3642.56 -1185.15
-3646.37 -1185.15
-3712.14 -1185.15
-3725.08 -1185.15
-3688.25 -1185.15
-3674.14 -1185.15
-3750.02 -1185.15
-3692.09 -1185.15
-3675.68 -1185.15
-3659.15 -1185.15
-3655.47 -1185.15
-3760.85 -1185.15
-3702.45 -1185.15
-3688.33 -1185.15
-3639.83 -1185.15
-3640.41 -1185.15
-3703.04 -1185.15
-3679.98 -1185.15
-3643.88 -1185.15
-3642.65 -1185.15
-3698.07 -1185.15
-3657.27 -1185.15
-3722.65 -1185.15
-3674.53 -1185.15
-3625.57 -1185.15
-3708.40 -1185.15
-3698.62 -1185.15
-3699.52 -1185.15
-3653.05 -1185.15
-3610.24 -1185.15
-3612.84 -1185.15
-3674.38 -1185.15
-3614.35 -1185.15
-3638.66 -1185.15
-3674.65 -1185.15
-3650.87 -1185.15
-3693.60 -1185.15
-3684.50 -1185.15
-3674.39 -1185.15
-3707.05 -1185.15
-3746.28 -1185.15
-3678.35 -1185.15
-3625.46 -1185.15
-3634.66 -1185.15
-3725.78 -1185.15
-3749.94 -1185.15
-3795.63 -1185.15
-3711.86 -3711.86
-3750.56 -3711.86
-3708.79 -3708.79
-3676.80 -3676.80
-3703.24 -3676.80
-3672.90 -3672.90
-3609.76 -3609.76
-3597.97 -3597.97
-3601.71 -3597.97
-3675.00 -3597.97
-3604.47 -3597.97
-3637.28 -3597.97
-3549.56 -3549.56
-3555.87 -3549.56
-3534.45 -3534.45
-3502.41 -3502.41
-3596.96 -3502.41
-3566.69 -3502.41
-3534.28 -3502.41
-3585.15 -3502.41
-3458.89 -3458.89
-3442.09 -3442.09
-3416.89 -3416.89
-3331.88 -3331.88
-3248.39 -3248.39
-3304.78 -3248.39
-3288.10 -3248.39
-3196.24 -3196.24
-3266.06 -3196.24
-3176.50 -3176.50
-3230.28 -3176.50
-3180.11 -3176.50
-3025.63 -3025.63
-3129.44 -3025.63
-3138.47 -3025.63
-2925.53 -2925.53
-3033.19 -2925.53
-2955.81 -2925.53
-2871.37 -2871.37
-2738.88 -2738.88
-2794.64 -2738.88
-2799.65 -2738.88
-2722.71 -2722.71
-2502.94 -2502.94
-2508.16 -2502.94
-2483.17 -2483.17
-2590.08 -2483.17
-2414.05 -2414.05
-2225.61 -2225.61
-2540.78 -2225.61
-2146.76 -2146.76
-2159.93 -2146.76
-1898.86 -1898.86
-1878.87 -1878.87
-1710.60 -1710.60
-1554.83 -1554.83
-1650.01 -1554.83
-1816.64 -1554.83
-1748.47 -1554.83
-2058.00 -1554.83
-1615.11 -1554.83
-1354.94 -1354.94
-1469.99 -1354.94
-1347.15 -1347.15
-1185.16 -1185.16
-1584.12 -1185.16
-1262.23 -1185.16
-1367.31 -1185.16
-1380.99 -1185.16
-1364.43 -1185.16
-1192.20 -1185.16
-1207.10 -1185.16
-1415.34 -1185.16
-1354.38 -1185.16
-1397.64 -1185.16
-1253.08 -1185.16
-1572.37 -1185.16
-1208.56 -1185.16
-2034.99 -1185.16
-1286.59 -1185.16
-1722.57 -1185.16
-1261.81 -1185.16
-1209.87 -1185.16
-1255.86 -1185.16
-1802.35 -1185.16
-1282.19 -1185.16
-1216.73 -1185.16
-1840.80 -1185.16
-1207.92 -1185.16
-1690.53 -1185.16
-1821.67 -1185.16
-1255.60 -1185.16
-1431.10 -1185.16
-1413.95 -1185.16
-1227.80 -1185.16
-1209.98 -1185.16
-1960.74 -1185.16
-1822.43 -1185.16
-1504.69 -1185.16
-1685.47 -1185.16
-1569.75 -1185.16
-1187.06 -1185.16
-1267.58 -1185.16
-1258.11 -1185.16
-1404.46 -1185.16
-1446.07 -1185.16
-1205.77 -1185.16
-1185.80 -1185.80
-1362.19 -1185.80
-1376.20 -1185.80
-1749.41 -1185.80
-1185.50 -1185.50
-1684.23 -1185.50
-1696.62 -1185.50
-1370.53 -1185.50
-1321.52 -1185.50
-1202.78 -1185.50
-1599.59 -1185.50
-1499.36 -1185.50
-1724.68 -1185.50
-1270.20 -1185.50
-1414.20 -1185.50
-1419.72 -1185.50
-1662.20 -1185.50
-1826.44 -1185.50
-1963.76 -1185.50
-1484.34 -1185.50
-1428.67 -1185.50
-1559.64 -1185.50
-1595.12 -1185.50
-1252.16 -1185.50
-1204.55 -1185.50
-1816.04 -1185.50
-1335.77 -1185.50
-1581.51 -1185.50
-1778.54 -1185.50
-1394.01 -1185.50
-1475.75 -1185.50
-1253.11 -1185.50
-1312.05 -1185.50
-1474.14 -1185.50
-1485.29 -1185.50
-1413.26 -1185.50
-1409.43 -1185.50
-1499.78 -1185.50
-1196.41 -1185.50
-1215.70 -1185.50
-1278.96 -1185.50
-1193.65 -1185.50
-1235.95 -1185.50
-1794.57 -1185.50
-1185.32 -1185.32
-1441.25 -1185.32
-1311.77 -1185.32
-1321.74 -1185.32
-1193.32 -1185.32
-1222.75 -1185.32
-1421.58 -1185.32
-1358.37 -1185.32
-1206.16 -1185.32
-1313.59 -1185.32
-1910.85 -1185.32
-1428.05 -1185.32
-1586.54 -1185.32
-1408.53 -1185.32
-1492.33 -1185.32
-1265.40 -1185.32
-1353.69 -1185.32
-1201.78 -1185.32
-1499.97 -1185.32
-1185.17 -1185.17
-1278.67 -1185.17
-1475.11 -1185.17
-1608.46 -1185.17
-1503.81 -1185.17
-1291.33 -1185.17
-1299.98 -1185.17
-1567.43 -1185.17
-1473.37 -1185.17
-1626.25 -1185.17
-1225.67 -1185.17
-1225.80 -1185.17
-1524.05 -1185.17
-1582.79 -1185.17
-1705.69 -1185.17
-1314.76 -1185.17
-1215.70 -1185.17
-1185.42 -1185.42
-1396.01 -1185.42
-1353.50 -1185.42
-1195.21 -1185.42
-1527.25 -1185.42
-1602.66 -1185.42
-1482.34 -1185.42
-1425.02 -1185.42
-1187.03 -1185.42
-1534.12 -1185.42
-1618.71 -1185.42
-1413.23 -1185.42
-1675.14 -1185.42
-1483.70 -1185.42
-1413.20 -1185.42
-1357.97 -1185.42
-1667.20 -1185.42
-1204.00 -1185.42
-1278.11 -1185.42
-1421.43 -1185.42
-1247.23 -1185.42
-1341.94 -1185.42
-1341.87 -1185.42
-1485.39 -1185.42
-1211.79 -1185.42
-1211.68 -1185.42
-1598.64 -1185.42
-1815.97 -1185.42
-1245.91 -1185.42
-1210.51 -1185.42
-1274.14 -1185.42
-1382.61 -1185.42
-1418.10 -1185.42
-1445.23 -1185.42
-1566.17 -1185.42
-1772.97 -1185.42
-1481.86 -1185.42
-1423.47 -1185.42
-1335.62 -1185.42
-1480.57 -1185.42
-1221.86 -1185.42
-1224.35 -1185.42
-1219.61 -1185.42
-1525.87 -1185.42
-1606.16 -1185.42
-1580.55 -1185.42
-1341.61 -1185.42
-1567.60 -1185.42
-1431.10 -1185.42
-1373.89 -1185.42
-1185.44 -1185.44
-1530.03 -1185.44
-1204.69 -1185.44
-1206.79 -1185.44
-1501.13 -1185.44
-1304.49 -1185.44
-1722.92 -1185.44
-1405.17 -1185.44
-1205.52 -1185.44
-1343.09 -1185.44
-1612.57 -1185.44
-1514.08 -1185.44
-1185.15 -1185.15
-1310.05 -1185.15
-1253.78 -1185.15
-1703.53 -1185.15
-1214.59 -1185.15
-1671.73 -1185.15
-1389.98 -1185.15
-1349.63 -1185.15
-1414.52 -1185.15
-1423.21 -1185.15
-1200.91 -1185.15
-1224.62 -1185.15
-1211.64 -1185.15
-1362.21 -1185.15
-1204.48 -1185.15
-1343.46 -1185.15
-1493.87 -1185.15
-1203.77 -1185.15
-1349.40 -1185.15
-1301.65 -1185.15
-1352.84 -1185.15
-1185.89 -1185.15
-1594.11 -1185.15
-1371.07 -1185.15
-1258.35 -1185.15
-1270.65 -1185.15
-1185.80 -1185.80
-1527.26 -1185.80
-1234.07 -1185.80
-1437.21 -1185.80
-1407.90 -1185.80
-1424.23 -1185.80
-1495.98 -1185.80
-1705.03 -1185.80
-1367.48 -1185.80
-1263.04 -1185.80
-1195.50 -1185.80
-1186.73 -1186.73
-1282.26 -1186.73
-1269.48 -1186.73
-1424.67 -1186.73
-1497.14 -1186.73
-1413.34 -1186.73
-1256.97 -1186.73
-1185.41 -1185.41
-1209.32 -1185.41
-1305.17 -1185.41
-1362.77 -1185.41
-1208.45 -1185.41
-1356.31 -1185.41
-1424.28 -1185.41
-1205.78 -1185.41
-1197.58 -1185.41
-1205.01 -1185.41
-1523.46 -1185.41
-1592.97 -1185.41
-1265.73 -1185.41
-1498.33 -1185.41
-1344.62 -1185.41
-1268.51 -1185.41
-1489.52 -1185.41
-1255.18 -1185.41
-1418.01 -1185.41
-1204.57 -1185.41
-1521.09 -1185.41
-1202.08 -1185.41
-1499.48 -1185.41
-1204.74 -1185.41
-1443.20 -1185.41
-1297.76 -1185.41
-1280.88 -1185.41
-1482.21 -1185.41
-1250.94 -1185.41
-1211.54 -1185.41
-1232.15 -1185.41
-1259.95 -1185.41
-1564.25 -1185.41
-1205.57 -1185.41
-1268.44 -1185.41
-1373.89 -1185.41
-1203.32 -1185.41
-1206.08 -1185.41
-1393.42 -1185.41
-1263.36 -1185.41
-1483.85 -1185.41
-1341.19 -1185.41
-1487.00 -1185.41
-1219.06 -1185.41
-1219.00 -1185.41
-1970.93 -1185.41
-1412.98 -1185.41
-1305.55 -1185.41
-1202.61 -1185.41
-1311.46 -1185.41
-1280.46 -1185.41
-1609.09 -1185.41
-1355.15 -1185.41
-1818.99 -1185.41
-1283.18 -1185.41
-1209.58 -1185.41
-1200.12 -1185.41
-1206.09 -1185.41
-1420.10 -1185.41
-1208.20 -1185.41
-1756.17 -1185.41
-1563.46 -1185.41
-1253.32 -1185.41
-1655.53 -1185.41
-1343.74 -1185.41
-1313.79 -1185.41
-1511.51 -1185.41
-1422.18 -1185.41
-1488.49 -1185.41
-1426.07 -1185.41
-1516.75 -1185.41
-1895.92 -1185.41
-1312.18 -1185.41
-1831.14 -1185.41
-1278.10 -1185.41
-1521.01 -1185.41
-1415.08 -1185.41
-1494.39 -1185.41
-1254.63 -1185.41
-1352.11 -1185.41
-1263.71 -1185.41
-1188.39 -1185.41
-1211.04 -1185.41
-1320.73 -1185.41
-1254.96 -1185.41
-1201.19 -1185.41
-1199.77 -1185.41
-1303.35 -1185.41
-1355.20 -1185.41
-1397.12 -1185.41
-1193.67 -1185.41
-1569.24 -1185.41
-1270.23 -1185.41
-1301.97 -1185.41
-1524.64 -1185.41
-1285.36 -1185.41
-1342.95 -1185.41
-1308.51 -1185.41
-1493.34 -1185.41
-1195.65 -1185.41
-1670.40 -1185.41
-1187.25 -1185.41
-1443.56 -1185.41
-1344.57 -1185.41
-1619.27 -1185.41
-1205.59 -1185.41
-1517.52 -1185.41
-1531.02 -1185.41
-1658.12 -1185.41
-1223.04 -1185.41
-1204.55 -1185.41
-1889.28 -1185.41
-1210.83 -1185.41
-1262.24 -1185.41
-1352.49 -1185.41
-1218.41 -1185.41
-1423.36 -1185.41
-1356.78 -1185.41
-1353.28 -1185.41
-1205.58 -1185.41
-3724.10 -1185.41
-3659.31 -3659.31
-3650.58 -3650.58
-3689.87 -3650.58
-3744.15 -3650.58
-3656.45 -3650.58
-3615.45 -3615.45
-3583.67 -3583.67
-3563.01 -3563.01
-3527.50 -3527.50
-3463.91 -3463.91
-3538.38 -3463.91
-3439.95 -3439.95
-3400.01 -3400.01
-3389.05 -3389.05
-3393.30 -3389.05
-3417.92 -3389.05
-3536.32 -3389.05
-3469.59 -3389.05
-3417.63 -3389.05
-3432.33 -3389.05
-3351.46 -3351.46
-3390.46 -3351.46
-3240.80 -3240.80
-3212.88 -3212.88
-3229.85 -3212.88
-3340.86 -3212.88
-3288.82 -3212.88
-3193.06 -3193.06
-3158.50 -3158.50
-3159.81 -3159.81
-3205.32 -3159.81
-3194.61 -3159.81
-2988.88 -2988.88
-3069.83 -2988.88
-2831.34 -2831.34
-2913.37 -2831.34
-2746.59 -2746.59
-2648.68 -2648.68
-2728.24 -2648.68
-2504.91 -2504.91
-2653.14 -2504.91
-2502.34 -2502.34
-2470.80 -2470.80
-2375.69 -2375.69
-2499.84 -2375.69
-2345.09 -2345.09
-2440.84 -2345.09
-2518.05 -2345.09
-2246.42 -2246.42
-2321.66 -2246.42
-2466.49 -2246.42
-2501.59 -2246.42
-2469.30 -2246.42
-2099.65 -2099.65
-1827.48 -1827.48
-1423.35 -1423.35
-1270.18 -1270.18
-1878.32 -1270.18
-1246.16 -1246.16
-1295.70 -1246.16
-1508.89 -1246.16
-1214.65 -1214.65
-1616.74 -1214.65
-1342.63 -1214.65
-1197.60 -1197.60
-1658.67 -1197.60
-1417.56 -1197.60
-1202.00 -1197.60
-1185.44 -1185.44
-1296.21 -1185.44
-1280.12 -1185.44
-1495.49 -1185.44
-1429.47 -1185.44
-1291.51 -1185.44
-1185.42 -1185.42
-1205.98 -1185.42
-1440.41 -1185.42
-1700.29 -1185.42
-1209.54 -1185.42
-1211.72 -1185.42
-1526.29 -1185.42
-1561.96 -1185.42
-1214.46 -1185.42
-1332.29 -1185.42
-1196.43 -1185.42
-1304.78 -1185.42
-1206.23 -1185.42
-1220.83 -1185.42
-1205.83 -1185.42
-1206.04 -1185.42
-1243.45 -1185.42
-1360.53 -1185.42
-1252.71 -1185.42
-1370.43 -1185.42
-1252.94 -1185.42
-1496.74 -1185.42
-1679.31 -1185.42
-1209.36 -1185.42
-1351.10 -1185.42
-1488.67 -1185.42
-1559.90 -1185.42
-1479.77 -1185.42
-1186.76 -1185.42
-1202.11 -1185.42
-1416.69 -1185.42
-1212.54 -1185.42
-1571.79 -1185.42
-1380.91 -1185.42
-1204.50 -1185.42
-1381.09 -1185.42
-1882.16 -1185.42
-1227.79 -1185.42
-1341.77 -1185.42
-1357.66 -1185.42
-1222.77 -1185.42
-1305.66 -1185.42
-1406.69 -1185.42
-1187.96 -1185.42
-1217.93 -1185.42
-1203.09 -1185.42
-1422.83 -1185.42
-1265.62 -1185.42
-1212.45 -1185.42
-1272.80 -1185.42
-1405.36 -1185.42
-1186.88 -1186.88
-1482.22 -1186.88
-1948.22 -1186.88
-1186.95 -1186.95
-1289.04 -1186.95
-1817.75 -1186.95
-1678.93 -1186.95
-1401.68 -1186.95
-1221.95 -1186.95
-1601.43 -1186.95
-1267.12 -1186.95
-1425.34 -1186.95
-1385.48 -1186.95
-1219.96 -1186.95
-1220.25 -1186.95
-1716.38 -1186.95
-1430.47 -1186.95
-1186.76 -1186.76
-1186.62 -1186.62
-1310.17 -1186.62
-1258.80 -1186.62
-1205.34 -1186.62
-1670.53 -1186.62
-1341.44 -1186.62
-1226.57 -1186.62
-1261.93 -1186.62
-1408.46 -1186.62
-1185.33 -1185.33
-1603.61 -1185.33
-1193.62 -1185.33
-1418.36 -1185.33
-1186.84 -1185.33
-1185.47 -1185.47
-1609.28 -1185.47
-1565.76 -1185.47
-1343.22 -1185.47
-1222.28 -1185.47
-1222.64 -1185.47
-1304.99 -1185.47
-1509.64 -1185.47
-1291.47 -1185.47
-1223.01 -1185.47
-1780.55 -1185.47
-1186.84 -1186.84
-1385.16 -1186.84
-1310.21 -1186.84
-1223.10 -1186.84
-1511.62 -1186.84
-1732.77 -1186.84
-1515.21 -1186.84
-1776.34 -1186.84
-1357.16 -1186.84
-1211.56 -1186.84
-1732.30 -1186.84
-1214.42 -1186.84
-1473.57 -1186.84
-1346.59 -1186.84
-1278.94 -1186.84
-1213.37 -1186.84
-1213.88 -1186.84
-1373.87 -1186.84
-1262.71 -1186.84
-1366.10 -1186.84
-1444.52 -1186.84
-1435.30 -1186.84
-1273.21 -1186.84
-1421.33 -1186.84
-1755.80 -1186.84
-1349.82 -1186.84
-1486.12 -1186.84
-1484.96 -1186.84
-1373.90 -1186.84
-1252.97 -1186.84
-1263.94 -1186.84
-1257.96 -1186.84
-1204.48 -1186.84
-1202.92 -1186.84
-1303.22 -1186.84
-1424.41 -1186.84
-1354.14 -1186.84
-1540.51 -1186.84
-1304.32 -1186.84
-1502.22 -1186.84
-1577.65 -1186.84
-1252.00 -1186.84
-1304.98 -1186.84
-1186.58 -1186.58
-1192.42 -1186.58
-1414.23 -1186.58
-1409.20 -1186.58
-1225.76 -1186.58
-1486.46 -1186.58
-1252.85 -1186.58
-1387.21 -1186.58
-1201.31 -1186.58
-1268.16 -1186.58
-1310.03 -1186.58
-1417.15 -1186.58
-1211.14 -1186.58
-1198.16 -1186.58
-1218.67 -1186.58
-1343.45 -1186.58
-1359.26 -1186.58
-1366.93 -1186.58
-1661.06 -1186.58
-1315.46 -1186.58
-1487.04 -1186.58
-1264.81 -1186.58
-1338.52 -1186.58
-1361.64 -1186.58
-1437.94 -1186.58
-1310.47 -1186.58
-1208.19 -1186.58
-1202.32 -1186.58
-1303.07 -1186.58
-1270.20 -1186.58
-1198.28 -1186.58
-1491.98 -1186.58
-1308.56 -1186.58
-1406.89 -1186.58
-1231.53 -1186.58
-1257.59 -1186.58
-1205.37 -1186.58
-1732.07 -1186.58
-1425.24 -1186.58
-1416.72 -1186.58
-1374.71 -1186.58
-1526.44 -1186.58
-1262.64 -1186.58
-1478.13 -1186.58
-1380.91 -1186.58
-1497.31 -1186.58
-1200.12 -1186.58
-1484.60 -1186.58
-1529.02 -1186.58
-1474.83 -1186.58
-1354.31 -1186.58
-1264.78 -1186.58
-1348.51 -1186.58
-1415.24 -1186.58
-1493.02 -1186.58
-1341.74 -1186.58
-1186.56 -1186.56
-1224.79 -1186.56
-1421.50 -1186.56
-1583.31 -1186.56
-1187.55 -1187.55
-1475.70 -1187.55
-1196.43 -1187.55
-1418.66 -1187.55
-1524.59 -1187.55
-1280.21 -1187.55
-1223.27 -1187.55
-1223.11 -1187.55
-1376.75 -1187.55
-1221.91 -1187.55
-1611.39 -1187.55
-1224.62 -1187.55
-1444.03 -1187.55
-1185.35 -1185.35
-1265.85 -1185.35
-1688.40 -1185.35
-1417.18 -1185.35
-1279.25 -1185.35
-1395.85 -1185.35
-1710.64 -1185.35
-1204.95 -1185.35
-1209.12 -1185.35
-1211.99 -1185.35
-1489.39 -1185.35
-1203.61 -1185.35
-1372.36 -1185.35
-1427.22 -1185.35
-1220.93 -1185.35
-1486.68 -1185.35
-1491.11 -1185.35
-1276.06 -1185.35
-1624.15 -1185.35
-1352.86 -1185.35
-1414.44 -1185.35
-1269.28 -1185.35
-1211.05 -1185.35
-1362.99 -1185.35
-1216.97 -1185.35
-1216.93 -1185.35
-1571.28 -1185.35
-1220.77 -1185.35
-1210.62 -1185.35
-1231.52 -1185.35
-1468.85 -1185.35
-1391.63 -1185.35
-1571.57 -1185.35
-1321.84 -1185.35
-1264.49 -1185.35
-1356.53 -1185.35
-1427.12 -1185.35
-1280.31 -1185.35
-1375.51 -1185.35
-1262.71 -1185.35
-1367.88 -1185.35
-1420.99 -1185.35
-1420.13 -1185.35
-1211.17 -1185.35
-1211.02 -1185.35
-1225.46 -1185.35
-1214.43 -1185.35
-1422.13 -1185.35
-1215.54 -1185.35
-1614.76 -1185.35
-1509.97 -1185.35
-1225.88 -1185.35
-1358.45 -1185.35
-1209.61 -1185.35
-1408.16 -1185.35
-1199.33 -1185.35
-1207.46 -1185.35
-1385.95 -1185.35
-1502.91 -1185.35
-1193.84 -1185.35
-1340.30 -1185.35
-1201.48 -1185.35
-1287.89 -1185.35
-1375.47 -1185.35
-1278.16 -1185.35
-1346.32 -1185.35
-1341.82 -1185.35
-1413.20 -1185.35
-1204.95 -1185.35
-1636.72 -1185.35
-1384.83 -1185.35
-1602.20 -1185.35
-1515.50 -1185.35
-1199.14 -1185.35
-1534.18 -1185.35
-1334.35 -1185.35
-1394.87 -1185.35
-1185.35 -1185.35
-1419.79 -1185.35
-1207.24 -1185.35
-1305.56 -1185.35
-1409.72 -1185.35
-1357.32 -1185.35
-1340.07 -1185.35
-1654.53 -1185.35
-1683.81 -1185.35
-1418.71 -1185.35
-1211.24 -1185.35
-1705.76 -1185.35
-1348.83 -1185.35
-1281.23 -1185.35
-1646.90 -1185.35
-1426.52 -1185.35
-1314.24 -1185.35
-1198.09 -1185.35
-1365.49 -1185.35
-1495.17 -1185.35
-1397.44 -1185.35
-1410.03 -1185.35
-1372.93 -1185.35
-1221.74 -1185.35
-1208.61 -1185.35
-1476.19 -1185.35
-1255.77 -1185.35
-1740.76 -1185.35
-1290.59 -1185.35
-1220.88 -1185.35
-1185.35 -1185.35
-1504.18 -1185.35
-1628.45 -1185.35
-1690.12 -1185.35
-1222.10 -1185.35
-1361.33 -1185.35
-1625.83 -1185.35
-1600.95 -1185.35
-1277.92 -1185.35
-1495.85 -1185.35
-1288.81 -1185.35
-1518.66 -1185.35
-1197.54 -1185.35
-1613.54 -1185.35
-1212.96 -1185.35
-1430.86 -1185.35
-1570.27 -1185.35
-1425.09 -1185.35
-1358.77 -1185.35
-1418.54 -1185.35
-1443.01 -1185.35
-1264.46 -1185.35
-1258.61 -1185.35
-1185.44 -1185.44
-3773.14 -1185.44
-3687.78 -3687.78
-3639.47 -3639.47
-3526.17 -3526.17
