-10000.00 -10000.00
-68884.62 -10000.00
-68077.62 -10000.00
-69179.80 -10000.00
-70241.99 -10000.00
-70461.76 -10000.00
-69687.05 -10000.00
-68022.23 -10000.00
-69895.55 -10000.00
-68039.47 -10000.00
-67698.77 -10000.00
-67583.78 -10000.00
-68686.66 -10000.00
-69361.79 -10000.00
-70725.24 -10000.00
-70269.89 -10000.00
-68477.58 -10000.00
-69981.30 -10000.00
-68305.20 -10000.00
-67834.65 -10000.00
-69708.88 -10000.00
-68445.46 -10000.00
-69005.59 -10000.00
-68238.54 -10000.00
-69362.34 -10000.00
-67656.99 -10000.00
-68750.33 -10000.00
-69355.78 -10000.00
-70028.29 -10000.00
-69101.32 -10000.00
-68146.31 -10000.00
-68354.43 -10000.00
-68604.46 -10000.00
-68867.02 -10000.00
-70189.05 -10000.00
-68945.82 -10000.00
-70229.49 -10000.00
-68231.65 -10000.00
-67986.78 -10000.00
-68232.47 -10000.00
-67679.87 -10000.00
-68235.60 -10000.00
-69642.52 -10000.00
-68218.20 -10000.00
-69154.97 -10000.00
-69552.84 -10000.00
-68220.29 -10000.00
-69368.92 -10000.00
-67343.70 -10000.00
-67127.64 -10000.00
-69831.06 -10000.00
-68928.62 -10000.00
-69804.69 -10000.00
-69302.82 -10000.00
-66903.47 -10000.00
-69168.74 -10000.00
-66995.10 -10000.00
-69651.44 -10000.00
-68758.22 -10000.00
-68552.30 -10000.00
-69318.17 -10000.00
-68925.50 -10000.00
-67665.59 -10000.00
-69309.69 -10000.00
-69189.35 -10000.00
-68547.01 -10000.00
-68659.77 -10000.00
-67542.96 -10000.00
-68909.00 -10000.00
-68965.40 -10000.00
-69375.20 -10000.00
-69577.54 -10000.00
-67835.67 -10000.00
-68748.50 -10000.00
-67831.31 -10000.00
-69602.12 -10000.00
-69011.27 -10000.00
-68606.30 -10000.00
-66929.81 -10000.00
-68907.98 -10000.00
-70023.27 -10000.00
-67521.55 -10000.00
-68362.25 -10000.00
-68675.98 -10000.00
-68476.10 -10000.00
-67206.72 -10000.00
-69802.33 -10000.00
-68758.45 -10000.00
-68335.76 -10000.00
-68083.21 -10000.00
-69822.98 -10000.00
-68679.80 -10000.00
-69239.00 -10000.00
-67640.48 -10000.00
-69803.90 -10000.00
-69190.60 -10000.00
-69166.61 -10000.00
-69304.23 -10000.00
-68538.72 -10000.00
-68414.04 -10000.00
-68261.61 -10000.00
-68632.26 -10000.00
-68605.67 -10000.00
-69160.83 -10000.00
-67161.47 -10000.00
-68890.15 -10000.00
-68433.20 -10000.00
-68046.17 -10000.00
-68348.60 -10000.00
-67809.09 -10000.00
-69348.38 -10000.00
-68142.68 -10000.00
-67578.78 -10000.00
-68554.34 -10000.00
-69384.05 -10000.00
-69663.75 -10000.00
-68480.80 -10000.00
-69372.10 -10000.00
-69179.74 -10000.00
-66644.93 -10000.00
-69801.37 -10000.00
-68651.28 -10000.00
-69651.17 -10000.00
-67976.72 -10000.00
-68415.26 -10000.00
-68214.06 -10000.00
-68410.29 -10000.00
-68227.41 -10000.00
-70477.13 -10000.00
-69181.48 -10000.00
-68697.88 -10000.00
-68908.82 -10000.00
-68473.55 -10000.00
-68663.02 -10000.00
-69526.12 -10000.00
-68202.05 -10000.00
-69152.43 -10000.00
-68977.63 -10000.00
-69679.10 -10000.00
-69299.85 -10000.00
-68672.94 -10000.00
-68885.79 -10000.00
-68084.88 -10000.00
-67820.78 -10000.00
-66684.01 -10000.00
-67986.84 -10000.00
-67637.52 -10000.00
-69239.39 -10000.00
-69872.49 -10000.00
-67907.91 -10000.00
-68901.01 -10000.00
-68898.05 -10000.00
-67940.15 -10000.00
-69648.52 -10000.00
-68131.50 -10000.00
-70148.98 -10000.00
-69938.37 -10000.00
-69587.32 -10000.00
-68895.23 -10000.00
-66901.96 -10000.00
-68737.54 -10000.00
-68365.00 -10000.00
-68633.73 -10000.00
-68395.54 -10000.00
-68221.88 -10000.00
-67991.40 -10000.00
-69241.50 -10000.00
-68666.92 -10000.00
-68633.90 -10000.00
-67960.98 -10000.00
-67644.86 -10000.00
-68548.49 -10000.00
-68929.39 -10000.00
-69260.45 -10000.00
-69749.17 -10000.00
-67266.14 -10000.00
-68351.70 -10000.00
-68962.81 -10000.00
-68046.60 -10000.00
-68634.09 -10000.00
-68290.34 -10000.00
-68579.58 -10000.00
-69179.43 -10000.00
-68456.66 -10000.00
-69308.25 -10000.00
-67581.62 -10000.00
-68414.69 -10000.00
-69129.66 -10000.00
-68873.09 -10000.00
-67636.97 -10000.00
-69631.85 -10000.00
-68484.92 -10000.00
-67993.87 -10000.00
-67946.27 -10000.00
-69205.18 -10000.00
-69149.54 -10000.00
-68886.50 -10000.00
-69234.11 -10000.00
-68938.20 -10000.00
-69237.19 -10000.00
-67091.84 -10000.00
-68604.92 -10000.00
-69398.46 -10000.00
-70452.16 -10000.00
-68282.32 -10000.00
-68349.39 -10000.00
-67314.17 -10000.00
-69337.85 -10000.00
-68292.59 -10000.00
-68078.64 -10000.00
-67809.08 -10000.00
-69177.82 -10000.00
-69030.33 -10000.00
-68234.06 -10000.00
-68491.03 -10000.00
-68228.47 -10000.00
-68410.17 -10000.00
-68770.72 -10000.00
-70025.22 -10000.00
-69268.22 -10000.00
-69305.68 -10000.00
-68666.03 -10000.00
-68876.39 -10000.00
-70228.01 -10000.00
-67690.36 -10000.00
-68441.36 -10000.00
-68553.83 -10000.00
-69296.32 -10000.00
-69268.35 -10000.00
-69260.22 -10000.00
-66888.02 -10000.00
-70027.70 -10000.00
-68634.94 -10000.00
-68918.60 -10000.00
-68131.59 -10000.00
-68314.60 -10000.00
-69787.08 -10000.00
-68157.08 -10000.00
-69724.61 -10000.00
-68867.89 -10000.00
-68484.79 -10000.00
-69555.65 -10000.00
-67581.93 -10000.00
-68053.46 -10000.00
-68677.66 -10000.00
-68674.76 -10000.00
-67969.41 -10000.00
-70425.87 -10000.00
-69336.20 -10000.00
-69708.08 -10000.00
-68947.36 -10000.00
-69608.44 -10000.00
-68209.96 -10000.00
-67993.39 -10000.00
-68444.54 -10000.00
-68704.38 -10000.00
-69673.27 -10000.00
-67475.08 -10000.00
-68326.53 -10000.00
-68480.82 -10000.00
-69123.61 -10000.00
-67985.87 -10000.00
-68550.08 -10000.00
-69162.41 -10000.00
-68545.27 -10000.00
-69227.50 -10000.00
-68921.86 -10000.00
-69613.78 -10000.00
-68353.03 -10000.00
-68918.44 -10000.00
-68614.09 -10000.00
-68432.90 -10000.00
-69402.17 -10000.00
-67962.47 -10000.00
-69660.59 -10000.00
-68739.93 -10000.00
-70201.48 -10000.00
-69258.07 -10000.00
-68680.39 -10000.00
-69336.10 -10000.00
-67605.33 -10000.00
-68914.78 -10000.00
-67972.76 -10000.00
-68726.63 -10000.00
-68654.30 -10000.00
-67920.63 -10000.00
-69136.84 -10000.00
-68920.59 -10000.00
-69389.83 -10000.00
-67662.71 -10000.00
-69238.40 -10000.00
-69242.78 -10000.00
-68034.69 -10000.00
-69711.73 -10000.00
-68053.25 -10000.00
-68954.48 -10000.00
-68059.68 -10000.00
-69598.43 -10000.00
-68866.38 -10000.00
-69229.06 -10000.00
-67807.19 -10000.00
-69275.96 -10000.00
-68558.32 -10000.00
-68654.58 -10000.00
-67957.21 -10000.00
-68652.46 -10000.00
-68001.54 -10000.00
-69179.03 -10000.00
-68483.12 -10000.00
-68346.82 -10000.00
-67959.53 -10000.00
-70016.29 -10000.00
-69151.20 -10000.00
-68624.46 -10000.00
-67321.75 -10000.00
-69270.31 -10000.00
-68015.10 -10000.00
-66707.35 -10000.00
-67989.17 -10000.00
-68278.01 -10000.00
-68334.30 -10000.00
-67659.88 -10000.00
-67917.91 -10000.00
-68549.88 -10000.00
-68046.83 -10000.00
-70242.11 -10000.00
-69718.98 -10000.00
-68261.97 -10000.00
-69174.00 -10000.00
-68730.00 -10000.00
-69115.51 -10000.00
-68549.82 -10000.00
-69363.95 -10000.00
-67828.28 -10000.00
-67275.41 -10000.00
-69263.03 -10000.00
-68771.49 -10000.00
-68673.85 -10000.00
-70594.21 -10000.00
-69354.45 -10000.00
-67824.35 -10000.00
-68966.48 -10000.00
-67525.79 -10000.00
-68611.84 -10000.00
-68210.02 -10000.00
-69205.41 -10000.00
-68159.27 -10000.00
-67187.78 -10000.00
-69387.17 -10000.00
-67684.43 -10000.00
-69171.02 -10000.00
-67702.66 -10000.00
-69303.88 -10000.00
-68764.18 -10000.00
-67525.92 -10000.00
-69253.60 -10000.00
-68723.53 -10000.00
-69660.99 -10000.00
-68671.82 -10000.00
-68162.04 -10000.00
-67832.31 -10000.00
-67240.77 -10000.00
-68896.33 -10000.00
-69302.79 -10000.00
-67700.87 -10000.00
-69317.74 -10000.00
-67984.96 -10000.00
-68483.85 -10000.00
-68473.62 -10000.00
-68912.34 -10000.00
-68655.05 -10000.00
-68214.97 -10000.00
-67246.45 -10000.00
-68556.17 -10000.00
-68963.95 -10000.00
-67941.80 -10000.00
-68492.52 -10000.00
-69964.98 -10000.00
-68914.77 -10000.00
-68939.13 -10000.00
-69841.57 -10000.00
-67656.50 -10000.00
-69151.36 -10000.00
-69170.96 -10000.00
-68966.60 -10000.00
-68298.77 -10000.00
-69307.53 -10000.00
-68232.34 -10000.00
-68768.09 -10000.00
-69311.10 -10000.00
-68290.93 -10000.00
-68457.99 -10000.00
-68165.96 -10000.00
-67339.03 -10000.00
-69177.90 -10000.00
-67984.04 -10000.00
-68345.45 -10000.00
-67969.69 -10000.00
-68202.16 -10000.00
-69870.92 -10000.00
-69377.98 -10000.00
-68622.40 -10000.00
-69375.70 -10000.00
-68690.10 -10000.00
-68900.59 -10000.00
-68234.69 -10000.00
-68048.55 -10000.00
-68355.99 -10000.00
-68298.04 -10000.00
-67978.06 -10000.00
-68955.29 -10000.00
-69594.39 -10000.00
-68674.97 -10000.00
-68494.84 -10000.00
-68413.41 -10000.00
-69560.25 -10000.00
-69114.81 -10000.00
-68976.41 -10000.00
-67415.08 -10000.00
-69309.40 -10000.00
-69593.81 -10000.00
-68074.12 -10000.00
-68965.50 -10000.00
-67524.44 -10000.00
-68979.10 -10000.00
-69191.92 -10000.00
-69374.91 -10000.00
-69808.26 -10000.00
-68674.83 -10000.00
-68457.13 -10000.00
-68547.66 -10000.00
-67961.32 -10000.00
-67660.00 -10000.00
-69338.89 -10000.00
-68128.08 -10000.00
-69896.86 -10000.00
-69786.35 -10000.00
-68756.37 -10000.00
-69179.68 -10000.00
-68493.11 -10000.00
-67930.05 -10000.00
-68728.32 -10000.00
-68768.63 -10000.00
-68650.12 -10000.00
-67526.30 -10000.00
-68661.88 -10000.00
-67592.16 -10000.00
-69823.59 -10000.00
-68675.69 -10000.00
-69222.21 -10000.00
-69594.47 -10000.00
-69379.13 -10000.00
-69834.85 -10000.00
-68891.23 -10000.00
-68558.51 -10000.00
-68218.61 -10000.00
-68165.17 -10000.00
-68734.10 -10000.00
-68865.59 -10000.00
-68415.28 -10000.00
-67985.28 -10000.00
-68232.28 -10000.00
-68513.60 -10000.00
-69823.87 -10000.00
-68495.94 -10000.00
-69306.69 -10000.00
-69519.30 -10000.00
-67306.82 -10000.00
-69211.93 -10000.00
-69943.37 -10000.00
-68303.95 -10000.00
-68015.63 -10000.00
-68492.56 -10000.00
-67333.09 -10000.00
-67909.25 -10000.00
-69266.96 -10000.00
-69347.31 -10000.00
-69203.07 -10000.00
-68410.26 -10000.00
-68912.43 -10000.00
-68504.26 -10000.00
-68013.62 -10000.00
-67417.28 -10000.00
-68510.91 -10000.00
-68481.15 -10000.00
-68570.33 -10000.00
-67333.58 -10000.00
-68550.06 -10000.00
-68878.53 -10000.00
-69303.36 -10000.00
-68612.20 -10000.00
-69193.98 -10000.00
-68222.47 -10000.00
-69749.02 -10000.00
-68224.96 -10000.00
-67461.81 -10000.00
-68910.78 -10000.00
-69043.44 -10000.00
-69144.58 -10000.00
-68345.50 -10000.00
-69623.11 -10000.00
-66768.01 -10000.00
-68299.07 -10000.00
-68432.60 -10000.00
-69142.42 -10000.00
-70518.66 -10000.00
-67598.68 -10000.00
-68746.63 -10000.00
-68000.31 -10000.00
-67826.31 -10000.00
-69990.19 -10000.00
-69519.46 -10000.00
-67951.94 -10000.00
-68886.49 -10000.00
-68050.03 -10000.00
-67849.22 -10000.00
-68903.21 -10000.00
-68581.06 -10000.00
-67678.68 -10000.00
-68622.54 -10000.00
-70167.04 -10000.00
-68674.69 -10000.00
-68895.35 -10000.00
-68354.29 -10000.00
-67842.19 -10000.00
-68865.06 -10000.00
-69356.65 -10000.00
-66892.64 -10000.00
-69406.43 -10000.00
-69130.48 -10000.00
-67391.25 -10000.00
-68214.37 -10000.00
-67300.53 -10000.00
-69226.84 -10000.00
-68611.11 -10000.00
-68414.09 -10000.00
-68166.52 -10000.00
-67990.19 -10000.00
-68725.47 -10000.00
-69555.76 -10000.00
-68751.90 -10000.00
-69784.11 -10000.00
-68571.47 -10000.00
-68961.86 -10000.00
-68349.41 -10000.00
-68298.02 -10000.00
-67995.80 -10000.00
-68544.17 -10000.00
-69623.59 -10000.00
-67938.54 -10000.00
-67823.54 -10000.00
-68682.72 -10000.00
-68636.33 -10000.00
-68920.93 -10000.00
-67316.24 -10000.00
-69815.58 -10000.00
-69825.86 -10000.00
-70092.32 -10000.00
-67955.01 -10000.00
-66673.43 -10000.00
-67231.40 -10000.00
-67499.85 -10000.00
-68441.49 -10000.00
-68744.21 -10000.00
-69163.12 -10000.00
-68566.18 -10000.00
-68825.04 -10000.00
-67013.83 -10000.00
-68486.15 -10000.00
-68488.16 -10000.00
-68867.61 -10000.00
-69259.42 -10000.00
-68776.53 -10000.00
-68919.96 -10000.00
-67817.37 -10000.00
-67403.47 -10000.00
-69309.21 -10000.00
-69609.44 -10000.00
-68356.52 -10000.00
-67836.16 -10000.00
-68557.56 -10000.00
-68741.94 -10000.00
-68210.99 -10000.00
-68909.64 -10000.00
-68869.05 -10000.00
-68555.18 -10000.00
-69574.08 -10000.00
-69008.51 -10000.00
-68309.06 -10000.00
-68636.53 -10000.00
-68667.96 -10000.00
-68602.02 -10000.00
-69348.04 -10000.00
-68479.84 -10000.00
-67842.05 -10000.00
-69892.38 -10000.00
-68640.09 -10000.00
-70023.30 -10000.00
-66800.89 -10000.00
-67318.23 -10000.00
-67090.67 -10000.00
-67645.04 -10000.00
-68917.29 -10000.00
-68885.73 -10000.00
-67697.58 -10000.00
-69142.33 -10000.00
-66874.14 -10000.00
-67154.53 -10000.00
-69153.32 -10000.00
-68621.69 -10000.00
-69211.33 -10000.00
-68745.42 -10000.00
-67995.97 -10000.00
-69062.15 -10000.00
-69849.98 -10000.00
-68410.12 -10000.00
-67382.66 -10000.00
-66888.85 -10000.00
-68633.05 -10000.00
-69180.93 -10000.00
-68497.89 -10000.00
-68156.96 -10000.00
-69642.84 -10000.00
-68173.98 -10000.00
-67579.77 -10000.00
-66905.42 -10000.00
-69350.12 -10000.00
-68347.98 -10000.00
-68160.36 -10000.00
-67235.86 -10000.00
-68574.72 -10000.00
-69384.44 -10000.00
-68436.84 -10000.00
-66937.22 -10000.00
-69878.02 -10000.00
-69520.55 -10000.00
-68504.83 -10000.00
-69044.60 -10000.00
-68491.05 -10000.00
-69186.84 -10000.00
-68224.67 -10000.00
-68047.58 -10000.00
-68998.05 -10000.00
-69358.91 -10000.00
-67945.59 -10000.00
-68344.28 -10000.00
-68351.55 -10000.00
-69355.85 -10000.00
-69229.96 -10000.00
-67321.57 -10000.00
-68156.74 -10000.00
-68891.32 -10000.00
-68316.27 -10000.00
-67312.35 -10000.00
-68293.68 -10000.00
-68603.20 -10000.00
-68906.14 -10000.00
-68548.23 -10000.00
-68604.26 -10000.00
-68637.24 -10000.00
-69803.38 -10000.00
-69141.39 -10000.00
-68681.06 -10000.00
-69937.05 -10000.00
-68944.49 -10000.00
-68754.30 -10000.00
-68497.63 -10000.00
-67314.45 -10000.00
-68670.48 -10000.00
-68671.77 -10000.00
-68636.45 -10000.00
-69302.00 -10000.00
-67579.34 -10000.00
-67999.95 -10000.00
-68414.99 -10000.00
-68553.21 -10000.00
-69048.13 -10000.00
-67526.82 -10000.00
-67927.26 -10000.00
-69779.77 -10000.00
-68293.42 -10000.00
-68547.64 -10000.00
-68108.33 -10000.00
-67703.65 -10000.00
-67635.68 -10000.00
-68056.74 -10000.00
-67842.24 -10000.00
-68875.16 -10000.00
-67448.51 -10000.00
-69830.77 -10000.00
-69166.43 -10000.00
-67855.67 -10000.00
-67387.89 -10000.00
-67238.26 -10000.00
-69572.51 -10000.00
-67832.41 -10000.00
-68908.98 -10000.00
-68034.27 -10000.00
-68895.26 -10000.00
-68913.37 -10000.00
-69060.92 -10000.00
-69650.40 -10000.00
-68229.40 -10000.00
-68685.89 -10000.00
-68529.18 -10000.00
-69228.81 -10000.00
-69594.41 -10000.00
-68077.34 -10000.00
-69578.73 -10000.00
-67236.28 -10000.00
-69184.45 -10000.00
-68211.61 -10000.00
-69578.42 -10000.00
-67827.46 -10000.00
-68904.63 -10000.00
-68765.05 -10000.00
-68888.60 -10000.00
-68370.12 -10000.00
-69555.90 -10000.00
-67972.29 -10000.00
-68732.75 -10000.00
-67994.02 -10000.00
-68676.89 -10000.00
-67235.60 -10000.00
-68457.77 -10000.00
-67980.47 -10000.00
-69560.14 -10000.00
-69230.32 -10000.00
-68606.73 -10000.00
-68207.58 -10000.00
-69660.68 -10000.00
-68314.34 -10000.00
-67817.00 -10000.00
-68306.93 -10000.00
-69596.15 -10000.00
-68900.75 -10000.00
-67992.33 -10000.00
-68705.02 -10000.00
-69302.33 -10000.00
-68823.87 -10000.00
-68298.20 -10000.00
-69397.13 -10000.00
-68748.29 -10000.00
-67634.38 -10000.00
-67986.26 -10000.00
-68165.69 -10000.00
-68940.29 -10000.00
-68892.83 -10000.00
-69165.24 -10000.00
-67966.13 -10000.00
-68635.74 -10000.00
-68884.74 -10000.00
-69181.63 -10000.00
-68634.84 -10000.00
-68441.78 -10000.00
-69707.40 -10000.00
-68567.42 -10000.00
-69046.93 -10000.00
-68835.22 -10000.00
-66850.44 -10000.00
-68892.20 -10000.00
-68924.78 -10000.00
-68505.50 -10000.00
-68682.17 -10000.00
-67333.58 -10000.00
-67830.77 -10000.00
-68574.60 -10000.00
-68725.33 -10000.00
-69243.65 -10000.00
-68670.77 -10000.00
-68143.78 -10000.00
-68484.54 -10000.00
-68260.43 -10000.00
-67990.32 -10000.00
-67961.96 -10000.00
-68490.38 -10000.00
-69006.59 -10000.00
-69834.16 -10000.00
-68313.95 -10000.00
-67976.18 -10000.00
-69295.87 -10000.00
-68768.76 -10000.00
-69643.79 -10000.00
-69389.28 -10000.00
-68334.10 -10000.00
-69578.35 -10000.00
-69034.93 -10000.00
-67967.22 -10000.00
-67942.50 -10000.00
-68548.67 -10000.00
-69373.30 -10000.00
-68254.02 -10000.00
-67992.63 -10000.00
-68652.82 -10000.00
-69905.42 -10000.00
-69661.40 -10000.00
-69720.24 -10000.00
-68052.15 -10000.00
-68335.78 -10000.00
-67433.65 -10000.00
-68910.62 -10000.00
-68413.71 -10000.00
-68495.10 -10000.00
-69392.80 -10000.00
-67099.48 -10000.00
-68939.59 -10000.00
-66883.61 -10000.00
-68021.80 -10000.00
-69045.43 -10000.00
-68690.24 -10000.00
-67849.77 -10000.00
-68413.50 -10000.00
-67335.62 -10000.00
-68442.79 -10000.00
-66687.08 -10000.00
-67985.92 -10000.00
-69303.06 -10000.00
-68748.83 -10000.00
-68294.94 -10000.00
-67658.36 -10000.00
-69377.15 -10000.00
-68481.68 -10000.00
-67818.24 -10000.00
-69555.69 -10000.00
-69166.10 -10000.00
-70090.51 -10000.00
-68050.49 -10000.00
-68865.18 -10000.00
-67990.97 -10000.00
-68671.22 -10000.00
-69397.45 -10000.00
-69368.00 -10000.00
-66785.49 -10000.00
-69043.09 -10000.00
-68081.87 -68081.87
-69578.48 -68081.87
-67975.89 -67975.89
-69170.64 -67975.89
-68896.62 -67975.89
-67677.83 -67677.83
-67665.80 -67665.80
-67829.31 -67665.80
-67255.53 -67255.53
-68000.75 -67255.53
-66769.73 -66769.73
-66028.55 -66028.55
-65410.15 -65410.15
-65573.49 -65410.15
-64948.30 -64948.30
-64558.80 -64558.80
-63439.98 -63439.98
-62057.34 -62057.34
-63443.81 -62057.34
-61108.11 -61108.11
-64492.53 -61108.11
-60565.10 -60565.10
-59954.33 -59954.33
-58746.60 -58746.60
-59126.51 -58746.60
-57105.48 -57105.48
-57522.99 -57105.48
-54198.63 -54198.63
-53622.42 -53622.42
-50184.61 -50184.61
-54549.32 -50184.61
-47902.39 -47902.39
-45678.30 -45678.30
-50342.74 -45678.30
-40940.54 -40940.54
-45525.87 -40940.54
-40530.67 -40530.67
-45445.90 -40530.67
-41566.75 -40530.67
-27634.69 -27634.69
-34696.29 -27634.69
-32028.93 -27634.69
-23694.69 -23694.69
-29641.79 -23694.69
-22078.58 -22078.58
-28974.68 -22078.58
-24002.41 -22078.58
-22411.26 -22078.58
-22394.48 -22078.58
-21933.21 -21933.21
-28368.85 -21933.21
-29938.95 -21933.21
-23652.12 -21933.21
-27805.17 -21933.21
-22189.57 -21933.21
-24039.93 -21933.21
-23304.27 -21933.21
-27807.85 -21933.21
-27789.59 -21933.21
-26262.80 -21933.21
-27914.36 -21933.21
-23355.15 -21933.21
-26409.98 -21933.21
-28868.32 -21933.21
-23343.19 -21933.21
-25646.66 -21933.21
-34913.68 -21933.21
-28985.05 -21933.21
-26261.61 -21933.21
-29793.08 -21933.21
-22283.34 -21933.21
-25427.10 -21933.21
-22245.56 -21933.21
-26675.67 -21933.21
-23361.85 -21933.21
-22293.87 -21933.21
-27618.32 -21933.21
-25987.90 -21933.21
-27701.88 -21933.21
-29024.59 -21933.21
-31508.34 -21933.21
-23784.23 -21933.21
-26691.64 -21933.21
-33331.49 -21933.21
-23384.77 -21933.21
-23366.06 -21933.21
-22520.39 -21933.21
-22622.67 -21933.21
-29712.87 -21933.21
-26276.60 -21933.21
-23658.50 -21933.21
-26350.86 -21933.21
-23689.91 -21933.21
-23698.63 -21933.21
-25105.82 -21933.21
-26223.37 -21933.21
-23977.62 -21933.21
-22274.99 -21933.21
-25614.40 -21933.21
-24654.20 -21933.21
-23254.03 -21933.21
-22702.29 -21933.21
-22109.77 -21933.21
-26096.05 -21933.21
-24456.26 -21933.21
-29044.63 -21933.21
-21957.03 -21933.21
-25036.92 -21933.21
-24944.43 -21933.21
-23438.98 -21933.21
-24329.87 -21933.21
-23993.63 -21933.21
-23449.74 -21933.21
-22420.13 -21933.21
-22636.73 -21933.21
-25115.99 -21933.21
-25006.74 -21933.21
-25307.60 -21933.21
-22232.21 -21933.21
-26403.97 -21933.21
-27582.24 -21933.21
-22176.33 -21933.21
-31458.22 -21933.21
-21931.27 -21931.27
-25001.23 -21931.27
-29913.21 -21931.27
-24449.28 -21931.27
-23048.85 -21931.27
-28125.79 -21931.27
-28195.24 -21931.27
-26310.70 -21931.27
-27516.97 -21931.27
-31846.08 -21931.27
-22553.00 -21931.27
-22403.54 -21931.27
-23614.74 -21931.27
-32314.34 -21931.27
-26258.25 -21931.27
-27614.13 -21931.27
-22284.06 -21931.27
-26171.24 -21931.27
-27612.86 -21931.27
-24822.66 -21931.27
-23176.36 -21931.27
-28371.58 -21931.27
-32848.60 -21931.27
-23410.46 -21931.27
-26276.31 -21931.27
-27771.95 -21931.27
-28201.97 -21931.27
-32401.24 -21931.27
-27882.35 -21931.27
-26343.42 -21931.27
-28235.28 -21931.27
-24683.01 -21931.27
-26318.54 -21931.27
-23173.52 -21931.27
-28301.57 -21931.27
-24849.57 -21931.27
-25817.37 -21931.27
-22053.83 -21931.27
-28011.76 -21931.27
-25807.19 -21931.27
-24253.00 -21931.27
-23667.36 -21931.27
-34046.27 -21931.27
-24653.06 -21931.27
-23690.11 -21931.27
-25352.01 -21931.27
-24689.53 -21931.27
-22078.30 -21931.27
-23205.62 -21931.27
-22268.99 -21931.27
-23623.83 -21931.27
-23807.56 -21931.27
-27684.43 -21931.27
-26355.01 -21931.27
-29723.97 -21931.27
-38525.09 -21931.27
-24210.68 -21931.27
-27906.63 -21931.27
-24977.16 -21931.27
-29020.51 -21931.27
-27929.80 -21931.27
-23885.67 -21931.27
-22052.36 -21931.27
-30454.41 -21931.27
-22557.08 -21931.27
-24245.63 -21931.27
-31748.48 -21931.27
-25554.14 -21931.27
-22469.72 -21931.27
-23608.66 -21931.27
-32000.71 -21931.27
-32633.67 -21931.27
-22263.87 -21931.27
-22630.50 -21931.27
-28083.55 -21931.27
-24830.55 -21931.27
-31121.96 -21931.27
-27969.02 -21931.27
-27558.76 -21931.27
-22286.26 -21931.27
-25284.25 -21931.27
-24061.58 -21931.27
-22222.88 -21931.27
-25796.82 -21931.27
-31848.12 -21931.27
-29145.54 -21931.27
-25429.31 -21931.27
-22418.27 -21931.27
-22237.71 -21931.27
-24074.45 -21931.27
-25362.16 -21931.27
-26190.07 -21931.27
-25210.07 -21931.27
-29930.28 -21931.27
-22544.46 -21931.27
-25140.15 -21931.27
-28355.71 -21931.27
-33905.09 -21931.27
-27918.30 -21931.27
-23903.22 -21931.27
-22625.07 -21931.27
-31999.00 -21931.27
-22405.33 -21931.27
-23049.22 -21931.27
-31179.41 -21931.27
-26574.70 -21931.27
-30813.80 -21931.27
-22501.04 -21931.27
-29395.90 -21931.27
-27452.17 -21931.27
-22242.14 -21931.27
-26084.95 -21931.27
-23060.69 -21931.27
-29923.87 -21931.27
-27633.10 -21931.27
-24818.77 -21931.27
-22307.23 -21931.27
-25099.41 -21931.27
-23136.68 -21931.27
-28103.04 -21931.27
-32101.59 -21931.27
-28993.81 -21931.27
-22597.84 -21931.27
-24862.41 -21931.27
-34583.47 -21931.27
-26102.58 -21931.27
-26352.50 -21931.27
-33675.36 -21931.27
-26018.97 -21931.27
-24242.71 -21931.27
-22080.05 -21931.27
-30008.06 -21931.27
-22440.12 -21931.27
-28737.99 -21931.27
-32554.54 -21931.27
-22632.98 -21931.27
-25380.49 -21931.27
-23889.12 -21931.27
-22441.41 -21931.27
-22284.38 -21931.27
-29250.09 -21931.27
-22768.03 -21931.27
-22603.51 -21931.27
-26390.36 -21931.27
-25636.03 -21931.27
-23367.46 -21931.27
-28053.58 -21931.27
-22567.05 -21931.27
-23675.42 -21931.27
-29415.75 -21931.27
-29755.53 -21931.27
-27575.60 -21931.27
-27345.97 -21931.27
-26210.60 -21931.27
-34756.51 -21931.27
-23334.19 -21931.27
-22278.81 -21931.27
-23194.02 -21931.27
-30729.91 -21931.27
-26409.70 -21931.27
-30070.01 -21931.27
-25078.15 -21931.27
-25386.94 -21931.27
-26575.32 -21931.27
-23243.23 -21931.27
-26060.71 -21931.27
-26098.87 -21931.27
-24823.79 -21931.27
-27691.59 -21931.27
-26103.09 -21931.27
-22612.13 -21931.27
-23280.34 -21931.27
-21931.38 -21931.38
-23240.07 -21931.38
-26310.49 -21931.38
-24490.55 -21931.38
-24274.52 -21931.38
-23354.07 -21931.38
-22589.71 -21931.38
-30610.88 -21931.38
-22301.38 -21931.38
-22311.78 -21931.38
-29011.32 -21931.38
-24151.22 -21931.38
-22322.57 -21931.38
-32228.90 -21931.38
-23326.55 -21931.38
-24002.65 -21931.38
-22205.90 -21931.38
-31775.44 -21931.38
-26416.20 -21931.38
-26574.73 -21931.38
-27715.89 -21931.38
-30425.39 -21931.38
-22451.62 -21931.38
-22250.43 -21931.38
-31096.92 -21931.38
-26146.21 -21931.38
-22412.35 -21931.38
-32050.14 -21931.38
-22506.78 -21931.38
-24954.70 -21931.38
-23324.41 -21931.38
-22658.22 -21931.38
-22226.47 -21931.38
-23515.59 -21931.38
-26153.34 -21931.38
-29678.13 -21931.38
-22570.39 -21931.38
-22376.75 -21931.38
-23478.26 -21931.38
-24052.89 -21931.38
-22271.22 -21931.38
-25157.51 -21931.38
-24971.12 -21931.38
-30725.77 -21931.38
-31709.89 -21931.38
-22358.08 -21931.38
-24475.89 -21931.38
-23346.17 -21931.38
-22564.60 -21931.38
-25577.34 -21931.38
-27801.54 -21931.38
-25103.81 -21931.38
-21928.93 -21928.93
-26176.48 -21928.93
-22570.07 -21928.93
-31741.87 -21928.93
-22490.75 -21928.93
-24764.35 -21928.93
-22295.22 -21928.93
-36332.03 -21928.93
-26341.84 -21928.93
-21925.26 -21925.26
-28873.74 -21925.26
-22622.13 -21925.26
-25048.74 -21925.26
-26266.07 -21925.26
-31128.58 -21925.26
-24800.65 -21925.26
-26393.82 -21925.26
-27611.18 -21925.26
-30727.48 -21925.26
-28880.35 -21925.26
-23424.64 -21925.26
-27866.68 -21925.26
-22436.53 -21925.26
-22078.34 -21925.26
-24184.16 -21925.26
-24145.16 -21925.26
-25223.13 -21925.26
-23813.24 -21925.26
-24245.25 -21925.26
-24833.97 -21925.26
-24651.95 -21925.26
-32856.06 -21925.26
-23994.36 -21925.26
-21933.45 -21925.26
-21950.50 -21925.26
-26154.92 -21925.26
-25216.15 -21925.26
-24985.74 -21925.26
-28233.23 -21925.26
-21957.32 -21925.26
-22458.49 -21925.26
-23833.23 -21925.26
-25031.53 -21925.26
-26075.13 -21925.26
-22213.10 -21925.26
-22615.01 -21925.26
-24841.67 -21925.26
-22323.24 -21925.26
-25747.66 -21925.26
-25027.42 -21925.26
-24098.03 -21925.26
-28297.52 -21925.26
-29552.62 -21925.26
-26466.43 -21925.26
-26327.05 -21925.26
-26261.08 -21925.26
-22679.78 -21925.26
-22448.48 -21925.26
-23747.49 -21925.26
-25138.47 -21925.26
-24194.32 -21925.26
-26362.64 -21925.26
-24102.87 -21925.26
-23254.31 -21925.26
-24142.46 -21925.26
-25309.79 -21925.26
-22588.51 -21925.26
-22756.75 -21925.26
-26339.99 -21925.26
-68908.94 -21925.26
-68679.59 -21925.26
-70097.20 -21925.26
-68567.43 -21925.26
-69145.90 -21925.26
-66908.59 -21925.26
-66938.91 -21925.26
-69790.42 -21925.26
-67967.24 -21925.26
-68231.64 -21925.26
-68613.87 -21925.26
-68411.16 -21925.26
-67161.63 -21925.26
-68332.56 -21925.26
-69638.75 -21925.26
-67542.47 -21925.26
-68260.26 -21925.26
-68739.67 -21925.26
-69587.44 -21925.26
-69394.31 -21925.26
-66909.74 -21925.26
-69122.38 -21925.26
-69252.71 -21925.26
-68660.24 -21925.26
-70211.34 -21925.26
-69178.95 -21925.26
-67622.24 -21925.26
-68206.93 -21925.26
-68919.65 -21925.26
-67535.46 -21925.26
-70212.92 -21925.26
-68608.95 -21925.26
-68601.90 -21925.26
-67258.83 -21925.26
-70467.55 -21925.26
-68023.49 -21925.26
-68654.38 -21925.26
-67832.08 -21925.26
-68549.74 -21925.26
-68228.04 -21925.26
-69171.47 -21925.26
-67975.60 -21925.26
-68553.22 -21925.26
-69687.44 -21925.26
-68773.80 -21925.26
-68594.95 -21925.26
-67831.04 -21925.26
-68739.20 -21925.26
-67321.93 -21925.26
-68361.77 -21925.26
-69590.34 -21925.26
-68886.27 -21925.26
-70110.45 -21925.26
-68729.25 -21925.26
-67255.99 -21925.26
-69148.79 -21925.26
-68498.71 -21925.26
-68140.78 -21925.26
-69214.94 -21925.26
-67591.96 -21925.26
-67157.54 -21925.26
-69390.21 -21925.26
-69297.86 -21925.26
-69663.76 -21925.26
-68549.47 -21925.26
-69826.89 -21925.26
-69532.81 -21925.26
-68707.08 -21925.26
-68305.24 -21925.26
-69167.88 -21925.26
-68652.12 -21925.26
-68475.25 -21925.26
-67822.26 -21925.26
-68572.82 -21925.26
-69395.31 -21925.26
-68370.14 -21925.26
-68741.37 -21925.26
-67976.58 -21925.26
-67703.34 -21925.26
-68625.13 -21925.26
-68492.40 -21925.26
-68220.45 -21925.26
-69201.27 -21925.26
-69625.52 -21925.26
-69365.22 -21925.26
-68243.06 -21925.26
-69304.67 -21925.26
-68074.57 -21925.26
-67593.28 -21925.26
-68493.89 -21925.26
-68634.00 -21925.26
-67523.40 -21925.26
-68486.14 -21925.26
-69555.12 -21925.26
-67578.95 -21925.26
-67335.83 -21925.26
-67435.82 -21925.26
-67852.88 -21925.26
-68164.53 -21925.26
-69164.20 -21925.26
-68296.70 -21925.26
-67550.05 -21925.26
-69626.02 -21925.26
-68699.19 -21925.26
-68411.61 -21925.26
-68074.56 -21925.26
-69552.81 -21925.26
-67994.34 -21925.26
-68497.17 -21925.26
-69102.54 -21925.26
-69356.10 -21925.26
-68685.23 -21925.26
-68517.60 -21925.26
-68681.77 -21925.26
-68439.81 -21925.26
-67267.68 -21925.26
-67525.89 -21925.26
-69170.00 -21925.26
-68541.22 -21925.26
-68739.42 -21925.26
-68680.95 -21925.26
-69228.61 -21925.26
-68734.23 -21925.26
-68665.92 -21925.26
-67831.04 -21925.26
-68304.08 -21925.26
-68658.23 -21925.26
-69193.85 -21925.26
-67122.09 -21925.26
-68395.57 -21925.26
-68436.25 -21925.26
-69177.91 -21925.26
-68019.46 -21925.26
-70242.31 -21925.26
-69189.30 -21925.26
-69126.69 -21925.26
-69388.86 -21925.26
-69254.55 -21925.26
-68826.27 -21925.26
-67990.32 -21925.26
-68409.80 -21925.26
-68896.52 -21925.26
-69064.32 -21925.26
-68368.78 -21925.26
-68161.80 -21925.26
-69953.18 -21925.26
-66856.25 -21925.26
-68970.34 -21925.26
-69807.43 -21925.26
-67531.33 -21925.26
-67470.71 -21925.26
-67701.63 -21925.26
-67984.96 -21925.26
-68486.62 -21925.26
-68280.72 -21925.26
-68920.98 -21925.26
-67827.28 -21925.26
-69339.15 -21925.26
-67520.15 -21925.26
-69377.76 -21925.26
-69739.11 -21925.26
-67987.09 -21925.26
-67977.32 -21925.26
-67833.59 -21925.26
-67688.49 -21925.26
-68059.26 -21925.26
-67987.45 -21925.26
-68411.60 -21925.26
-68769.19 -21925.26
-68707.42 -21925.26
-68413.92 -21925.26
-67638.66 -21925.26
-68412.94 -21925.26
-69179.04 -21925.26
-68674.57 -21925.26
-69677.44 -21925.26
-69180.10 -21925.26
-68885.32 -21925.26
-69931.28 -21925.26
-68352.13 -21925.26
-68357.17 -21925.26
-67180.54 -21925.26
-66899.33 -21925.26
-68737.73 -21925.26
-68678.46 -21925.26
-67843.32 -21925.26
-69304.84 -21925.26
-67938.31 -21925.26
-68679.61 -21925.26
-67656.76 -21925.26
-68412.49 -21925.26
-67836.49 -21925.26
-67528.85 -21925.26
-69042.04 -21925.26
-67820.88 -21925.26
-69228.87 -21925.26
-67469.55 -21925.26
-69555.96 -21925.26
-66412.74 -21925.26
-67321.14 -21925.26
-68687.81 -21925.26
-69512.95 -21925.26
-68886.13 -21925.26
-68163.62 -21925.26
-69194.14 -21925.26
-69557.54 -21925.26
-68161.14 -21925.26
-68678.13 -21925.26
-68481.09 -21925.26
-67634.38 -21925.26
-68411.35 -21925.26
-68290.34 -21925.26
-68605.24 -21925.26
-68394.50 -21925.26
-68769.12 -21925.26
-68201.95 -21925.26
-67634.04 -21925.26
-67962.50 -21925.26
-69365.10 -21925.26
-68770.88 -21925.26
-68486.60 -21925.26
-67920.77 -21925.26
-68583.85 -21925.26
-68413.85 -21925.26
-69622.98 -21925.26
-68593.05 -21925.26
-68493.36 -21925.26
-68214.08 -21925.26
-68677.29 -21925.26
-67976.76 -21925.26
-69362.25 -21925.26
-69245.66 -21925.26
-67455.70 -21925.26
-68885.96 -21925.26
-68343.03 -21925.26
-68760.40 -21925.26
-67252.31 -21925.26
-68576.54 -21925.26
-67650.28 -21925.26
-69029.13 -21925.26
-68488.73 -21925.26
-68989.61 -21925.26
-67562.14 -21925.26
-68297.24 -21925.26
-70094.53 -21925.26
-68540.38 -21925.26
-67989.06 -21925.26
-69859.43 -21925.26
-68361.84 -21925.26
-68368.30 -21925.26
-69404.85 -21925.26
-67824.91 -21925.26
-68699.91 -21925.26
-68077.41 -21925.26
-68449.71 -21925.26
-68345.38 -21925.26
-67918.28 -21925.26
-68603.28 -21925.26
-68183.75 -21925.26
-67164.52 -21925.26
-69623.73 -21925.26
-69059.06 -21925.26
-67822.46 -21925.26
-68173.49 -21925.26
-68411.11 -21925.26
-68075.25 -21925.26
-70018.31 -21925.26
-69303.76 -21925.26
-68605.31 -21925.26
-67473.82 -21925.26
-69238.16 -21925.26
-67959.91 -21925.26
-67498.92 -21925.26
-68226.46 -21925.26
-67670.74 -21925.26
-67382.09 -21925.26
-68286.70 -21925.26
-67974.42 -21925.26
-68409.85 -21925.26
-67402.78 -21925.26
-70456.77 -21925.26
-67832.31 -21925.26
-69013.19 -21925.26
-68753.38 -21925.26
-68156.94 -21925.26
-68225.53 -21925.26
-68907.49 -21925.26
-69164.69 -21925.26
-68889.00 -21925.26
-68624.39 -21925.26
-68240.15 -21925.26
-68001.05 -21925.26
-68411.73 -21925.26
-67824.42 -21925.26
-68708.09 -21925.26
-68926.51 -21925.26
-69621.34 -21925.26
-69010.97 -21925.26
-68126.93 -21925.26
-67538.57 -21925.26
-68324.07 -21925.26
-69890.46 -21925.26
-68371.16 -21925.26
-69641.71 -21925.26
-68316.07 -21925.26
-67857.93 -21925.26
-69206.37 -21925.26
-68164.13 -21925.26
-68660.90 -21925.26
-69179.04 -21925.26
-66661.48 -21925.26
-68440.53 -21925.26
-69602.72 -21925.26
-67659.71 -21925.26
-69253.91 -21925.26
-69236.95 -21925.26
-68765.43 -21925.26
-69242.74 -21925.26
-67533.91 -21925.26
-69707.67 -21925.26
-67528.96 -21925.26
-68677.21 -21925.26
-68546.65 -21925.26
-67970.88 -21925.26
-69304.21 -21925.26
-68885.17 -21925.26
-67239.70 -21925.26
-68888.11 -21925.26
-68653.00 -21925.26
-68603.05 -21925.26
-68409.30 -21925.26
-68399.25 -21925.26
-67529.70 -21925.26
-68278.99 -21925.26
-69339.33 -21925.26
-68594.94 -21925.26
-67983.48 -21925.26
-67984.01 -21925.26
-68485.77 -21925.26
-67597.63 -21925.26
-68558.58 -21925.26
-68699.26 -21925.26
-68827.45 -21925.26
-67826.06 -21925.26
-68965.88 -21925.26
-69940.34 -21925.26
-66909.19 -21925.26
-69047.88 -21925.26
-69236.43 -21925.26
-69313.60 -21925.26
-68127.83 -21925.26
-68040.16 -21925.26
-67996.56 -21925.26
-67953.25 -21925.26
-68653.09 -21925.26
-69571.11 -21925.26
-67834.84 -21925.26
-69204.74 -21925.26
-68131.53 -21925.26
-69402.56 -21925.26
-68504.59 -21925.26
-68759.92 -21925.26
-68022.56 -21925.26
-68902.54 -21925.26
-67625.01 -21925.26
-70018.64 -21925.26
-68142.75 -21925.26
-68255.29 -21925.26
-68158.71 -21925.26
-68016.84 -21925.26
-68334.77 -21925.26
-69863.54 -21925.26
-69718.86 -21925.26
-68304.11 -21925.26
-69213.26 -21925.26
-68219.54 -21925.26
-67476.57 -21925.26
-67973.45 -21925.26
-68434.26 -21925.26
-69296.82 -21925.26
-68675.61 -21925.26
-69622.00 -21925.26
-68349.24 -21925.26
-69792.25 -21925.26
-69231.23 -21925.26
-69120.40 -21925.26
-68460.66 -21925.26
-67663.89 -21925.26
-69259.96 -21925.26
-67739.61 -21925.26
-67653.71 -21925.26
-68609.47 -21925.26
-69213.88 -21925.26
-68551.07 -21925.26
-68603.97 -21925.26
-67828.15 -21925.26
-69403.08 -21925.26
-69385.80 -21925.26
-69307.08 -21925.26
-67959.33 -21925.26
-68925.72 -21925.26
-67940.54 -21925.26
-69186.78 -21925.26
-68197.84 -21925.26
-67940.53 -21925.26
-68349.55 -21925.26
-67813.81 -21925.26
-68146.86 -21925.26
-68493.49 -21925.26
-66904.94 -21925.26
-68000.17 -21925.26
-69250.17 -21925.26
-69116.27 -21925.26
-68921.17 -21925.26
-68298.44 -21925.26
-69876.39 -21925.26
-67964.27 -21925.26
-68001.90 -21925.26
-69148.90 -21925.26
-68333.48 -21925.26
-69595.65 -21925.26
-69351.29 -21925.26
-67014.24 -21925.26
-69144.12 -21925.26
-68234.72 -21925.26
-69687.68 -21925.26
-67407.99 -21925.26
-67448.47 -21925.26
-69554.11 -21925.26
-69306.33 -21925.26
-69828.44 -21925.26
-69377.89 -21925.26
-67834.58 -21925.26
-69519.65 -21925.26
-68513.69 -21925.26
-69377.41 -21925.26
-68492.42 -21925.26
-68251.00 -21925.26
-68303.63 -21925.26
-68902.02 -21925.26
-69211.93 -21925.26
-68411.13 -21925.26
-69136.82 -21925.26
-68572.28 -21925.26
-69960.07 -21925.26
-69295.83 -21925.26
-68674.86 -21925.26
-67245.11 -21925.26
-69513.27 -21925.26
-67446.52 -21925.26
-67974.30 -21925.26
-67463.99 -21925.26
-69556.49 -21925.26
-69251.82 -21925.26
-68306.47 -21925.26
-69179.28 -21925.26
-67529.71 -21925.26
-69181.34 -21925.26
-69275.64 -21925.26
-68865.19 -21925.26
-69876.96 -21925.26
-68144.03 -21925.26
-68208.48 -21925.26
-67838.25 -21925.26
-68053.10 -21925.26
-69151.42 -21925.26
-68736.72 -21925.26
-67527.76 -21925.26
-69193.87 -21925.26
-68900.42 -21925.26
-68938.34 -21925.26
-68442.22 -21925.26
-67592.52 -21925.26
-68822.87 -21925.26
-68460.52 -21925.26
-68990.81 -21925.26
-66988.64 -21925.26
-69153.43 -21925.26
-68650.30 -21925.26
-69643.58 -21925.26
-67014.08 -21925.26
-69260.78 -21925.26
-67997.91 -21925.26
-67695.59 -21925.26
-68707.87 -21925.26
-67591.85 -21925.26
-68015.06 -21925.26
-68652.99 -21925.26
-68578.52 -21925.26
-68545.46 -21925.26
-68603.73 -21925.26
-68885.83 -21925.26
-68369.31 -21925.26
-67938.36 -21925.26
-69266.81 -21925.26
-67647.98 -21925.26
-68276.78 -21925.26
-68566.66 -21925.26
-66692.87 -21925.26
-68537.96 -21925.26
-67259.49 -21925.26
-69784.80 -21925.26
-69268.31 -21925.26
-68232.72 -21925.26
-70014.63 -21925.26
-68738.87 -21925.26
-67473.68 -21925.26
-69385.51 -21925.26
-68398.88 -21925.26
-69872.02 -21925.26
-68547.46 -21925.26
-68691.80 -21925.26
-68048.76 -21925.26
-69635.36 -21925.26
-69178.27 -21925.26
-67848.77 -21925.26
-68162.92 -21925.26
-69526.45 -21925.26
-69595.50 -21925.26
-69936.94 -21925.26
-70146.76 -21925.26
-68275.88 -21925.26
-68827.30 -21925.26
-68621.65 -21925.26
-69262.93 -21925.26
-69873.30 -21925.26
-68639.31 -21925.26
-68234.98 -21925.26
-68938.05 -21925.26
-68698.26 -21925.26
-70013.90 -21925.26
-69581.64 -21925.26
-70103.91 -21925.26
-68346.69 -21925.26
-69391.07 -21925.26
-68372.28 -21925.26
-68545.21 -21925.26
-68493.64 -21925.26
-69750.30 -21925.26
-69147.02 -21925.26
-68679.92 -21925.26
-66817.47 -21925.26
-68728.60 -21925.26
-69308.43 -21925.26
-68566.95 -21925.26
-67922.76 -21925.26
-69585.74 -21925.26
-69255.85 -21925.26
-68746.50 -21925.26
-69574.86 -21925.26
-69504.48 -21925.26
-69008.39 -21925.26
-67700.20 -21925.26
-69594.06 -21925.26
-67261.38 -21925.26
-69047.22 -21925.26
-69150.96 -21925.26
-68163.35 -21925.26
-68674.93 -21925.26
-69034.83 -21925.26
-68487.54 -21925.26
-68145.18 -21925.26
-67332.05 -21925.26
-67661.50 -21925.26
-68058.53 -21925.26
-67677.16 -21925.26
-68126.73 -21925.26
-69178.84 -21925.26
-67995.82 -21925.26
-69178.54 -21925.26
-68433.90 -21925.26
-67584.26 -21925.26
-68705.67 -21925.26
-68483.74 -21925.26
-69874.31 -21925.26
-69220.56 -21925.26
-68486.11 -21925.26
-69593.10 -21925.26
-66824.86 -21925.26
-69214.68 -21925.26
-70267.38 -21925.26
-68048.65 -21925.26
-68015.53 -21925.26
-69391.28 -21925.26
-69603.06 -21925.26
-68501.02 -21925.26
-68871.10 -21925.26
-67805.35 -21925.26
-68884.40 -21925.26
-68875.28 -21925.26
-68677.91 -21925.26
-68663.25 -21925.26
-69578.55 -21925.26
-69645.86 -21925.26
-69008.45 -21925.26
-67972.02 -21925.26
-68491.01 -21925.26
-69554.86 -21925.26
-67634.03 -21925.26
-69240.58 -21925.26
-67937.58 -21925.26
-67536.57 -21925.26
-69166.38 -21925.26
-68652.27 -21925.26
-68366.45 -21925.26
-69355.40 -21925.26
-69786.74 -21925.26
-67633.70 -21925.26
-68944.44 -21925.26
-68410.47 -21925.26
-68488.56 -21925.26
-68756.73 -21925.26
-68723.59 -21925.26
-66486.51 -21925.26
-69122.13 -21925.26
-69275.65 -21925.26
-70094.67 -21925.26
-67265.08 -21925.26
-68660.96 -21925.26
-68450.31 -21925.26
-67959.71 -21925.26
-69818.55 -21925.26
-66752.71 -21925.26
-67542.95 -21925.26
-68676.71 -21925.26
-67286.35 -21925.26
-69123.30 -21925.26
-68964.86 -21925.26
-69602.56 -21925.26
-69373.68 -21925.26
-67658.07 -21925.26
-66881.79 -21925.26
-68921.83 -21925.26
-68145.81 -21925.26
-69869.27 -21925.26
-68837.00 -21925.26
-67850.80 -21925.26
-68051.85 -21925.26
-68224.46 -21925.26
-68737.74 -21925.26
-68224.68 -21925.26
-69398.78 -21925.26
-69633.91 -21925.26
-69519.39 -21925.26
-68624.11 -21925.26
-68917.99 -21925.26
-68766.05 -21925.26
-69644.63 -21925.26
-68345.28 -21925.26
-69550.50 -21925.26
-68519.85 -21925.26
-68583.95 -21925.26
-68492.95 -21925.26
-69385.49 -21925.26
-68681.66 -21925.26
-69533.62 -21925.26
-68605.05 -21925.26
-68409.64 -21925.26
-67583.67 -21925.26
-68081.36 -21925.26
-67292.15 -21925.26
-69063.64 -21925.26
-68823.64 -21925.26
-69228.64 -21925.26
-68746.57 -21925.26
-68707.62 -21925.26
-68682.55 -21925.26
-68074.30 -21925.26
-67965.48 -21925.26
-68909.67 -21925.26
-68867.10 -21925.26
-68503.58 -21925.26
-68155.39 -21925.26
-67909.59 -21925.26
-69116.67 -21925.26
-68706.28 -21925.26
-67959.80 -21925.26
-67817.32 -21925.26
-69156.59 -21925.26
-67840.84 -21925.26
-69355.04 -21925.26
-67502.14 -21925.26
-68235.05 -21925.26
-67825.59 -21925.26
-69241.42 -21925.26
-68128.01 -21925.26
-69813.60 -21925.26
-69809.19 -21925.26
-69801.58 -21925.26
-66897.35 -21925.26
-68177.93 -21925.26
-68441.50 -21925.26
-68474.93 -21925.26
-67156.71 -21925.26
-69821.57 -21925.26
-69870.61 -21925.26
-69354.92 -21925.26
-70080.92 -21925.26
-68870.98 -21925.26
-67919.11 -21925.26
-67823.93 -21925.26
-67919.15 -21925.26
-68554.21 -21925.26
-69170.58 -21925.26
-68917.91 -21925.26
-68016.15 -21925.26
-68456.41 -21925.26
-66718.87 -21925.26
-69622.07 -21925.26
-69339.46 -21925.26
-67837.84 -21925.26
-68520.81 -21925.26
-68635.44 -21925.26
-69169.24 -21925.26
-69215.36 -21925.26
-67989.70 -21925.26
-67998.09 -21925.26
-69133.14 -21925.26
-68625.23 -21925.26
-69207.38 -21925.26
-67206.38 -21925.26
-69006.42 -21925.26
-66732.26 -21925.26
-68056.89 -21925.26
-68234.93 -21925.26
-69144.26 -21925.26
-68332.18 -21925.26
-69403.45 -21925.26
-68293.54 -21925.26
-67836.03 -21925.26
-68075.80 -21925.26
-68547.36 -21925.26
-68510.46 -21925.26
-67975.91 -21925.26
-70153.55 -21925.26
-68355.96 -21925.26
-69278.97 -21925.26
-69244.30 -21925.26
-69126.11 -21925.26
-70153.25 -21925.26
-70151.58 -21925.26
-67698.77 -21925.26
-68652.48 -21925.26
-68876.48 -21925.26
-69786.98 -21925.26
-69263.73 -21925.26
-69208.61 -21925.26
-68164.35 -21925.26
-68594.16 -21925.26
-68222.72 -21925.26
-68411.01 -21925.26
-69000.97 -21925.26
-69366.15 -21925.26
-67191.50 -21925.26
-66986.24 -21925.26
-69006.47 -21925.26
-67537.72 -21925.26
-68676.38 -21925.26
-68673.46 -21925.26
-69047.30 -21925.26
-67311.97 -21925.26
-67821.06 -21925.26
-69150.08 -21925.26
-68634.27 -21925.26
-69136.04 -21925.26
-68549.31 -21925.26
-67217.13 -21925.26
-68493.90 -21925.26
-67539.33 -21925.26
-67919.50 -21925.26
-69149.75 -21925.26
-67987.41 -21925.26
-69374.76 -21925.26
-68615.18 -21925.26
-70092.37 -21925.26
-68334.52 -21925.26
-67389.07 -21925.26
-68772.85 -21925.26
-68583.98 -21925.26
-69398.92 -21925.26
-67581.47 -21925.26
-70433.94 -21925.26
-69230.16 -21925.26
-68361.60 -21925.26
-68820.66 -21925.26
-68020.11 -21925.26
-69159.85 -21925.26
-69598.40 -21925.26
-69177.99 -21925.26
-69555.90 -21925.26
-68773.92 -21925.26
-69303.73 -21925.26
-69393.64 -21925.26
-68240.00 -21925.26
-68677.66 -21925.26
-67585.00 -21925.26
-68049.03 -21925.26
-69829.90 -21925.26
-70479.59 -21925.26
-68553.30 -21925.26
-68728.16 -21925.26
-67118.87 -21925.26
-69151.34 -21925.26
-68000.54 -21925.26
-69975.84 -21925.26
-68374.07 -21925.26
-69348.18 -21925.26
-67828.13 -21925.26
-68830.02 -21925.26
-68964.03 -21925.26
-68343.67 -21925.26
-68602.83 -21925.26
-69214.42 -21925.26
-69311.45 -21925.26
-68636.67 -21925.26
-67970.95 -21925.26
-68443.31 -21925.26
-67581.92 -21925.26
-68602.62 -21925.26
-69168.76 -21925.26
-68551.13 -21925.26
-68215.60 -21925.26
-68726.74 -21925.26
-68474.18 -21925.26
-67485.70 -21925.26
-70227.04 -21925.26
-69887.27 -21925.26
-69659.85 -21925.26
-70478.04 -21925.26
-69896.32 -21925.26
-69523.80 -21925.26
-68395.81 -21925.26
-68751.55 -21925.26
-68752.05 -21925.26
-68216.92 -21925.26
-69783.98 -21925.26
-69515.04 -21925.26
-69379.43 -21925.26
-69259.44 -21925.26
-67831.23 -21925.26
-68662.16 -21925.26
-68060.58 -21925.26
-68439.96 -21925.26
-69005.87 -21925.26
-69060.67 -21925.26
-67453.08 -21925.26
-67998.25 -21925.26
-68666.14 -21925.26
-69602.73 -21925.26
-67636.19 -21925.26
-68304.28 -21925.26
-69309.78 -21925.26
-68917.44 -21925.26
-68514.22 -21925.26
-67675.00 -21925.26
-69307.31 -21925.26
-67837.98 -21925.26
-68234.99 -21925.26
-69588.34 -21925.26
-68307.15 -21925.26
-68970.35 -21925.26
-68083.72 -21925.26
-69587.74 -21925.26
-68686.95 -21925.26
-68636.12 -21925.26
-67224.98 -21925.26
-70747.44 -21925.26
-68348.07 -21925.26
-68014.70 -21925.26
-67947.62 -21925.26
-68048.34 -21925.26
-68294.77 -21925.26
-69929.39 -21925.26
-69364.95 -21925.26
-69061.73 -21925.26
-69203.02 -21925.26
-68081.44 -21925.26
-68590.23 -21925.26
-67991.73 -21925.26
-67995.82 -21925.26
-68231.04 -21925.26
-67926.81 -21925.26
-67180.32 -21925.26
-68275.73 -21925.26
-67981.73 -21925.26
-69309.32 -21925.26
-67412.98 -21925.26
-68925.92 -21925.26
-68603.01 -21925.26
-70168.26 -21925.26
-67952.04 -21925.26
-68667.60 -21925.26
-68707.45 -21925.26
-69216.68 -21925.26
-69064.63 -21925.26
-69392.46 -21925.26
-68051.23 -21925.26
-69149.39 -21925.26
-69048.56 -21925.26
-66198.63 -21925.26
-69556.17 -21925.26
-67645.76 -21925.26
-68398.17 -21925.26
-68581.11 -21925.26
-67541.62 -21925.26
-68314.40 -21925.26
-68440.07 -21925.26
-69142.11 -21925.26
-68905.83 -21925.26
-68654.87 -21925.26
-68368.76 -21925.26
-69011.69 -21925.26
-68612.41 -21925.26
-67836.29 -21925.26
-69036.24 -21925.26
-68898.30 -21925.26
-68752.14 -21925.26
-69194.01 -21925.26
-68572.18 -21925.26
-68491.09 -21925.26
-70398.74 -21925.26
-69203.51 -21925.26
-67832.56 -21925.26
-67831.03 -21925.26
-68510.93 -21925.26
-69676.16 -21925.26
-69925.34 -21925.26
-68519.08 -21925.26
-68991.54 -21925.26
-68559.40 -21925.26
-67947.28 -21925.26
-69576.00 -21925.26
-69368.17 -21925.26
-68637.55 -21925.26
-68082.57 -21925.26
-67674.40 -21925.26
-68465.19 -21925.26
-67849.63 -21925.26
-69180.42 -21925.26
-67989.22 -21925.26
-67625.07 -21925.26
-68868.14 -21925.26
-68232.30 -21925.26
-68739.72 -21925.26
-69557.26 -21925.26
-68529.06 -21925.26
-68308.59 -21925.26
-68465.05 -21925.26
-68606.79 -21925.26
-67936.68 -21925.26
-67154.25 -21925.26
-68409.68 -21925.26
-67646.57 -21925.26
-69782.49 -21925.26
-69012.36 -21925.26
-69263.91 -21925.26
-69244.47 -21925.26
-68503.28 -21925.26
-69397.96 -21925.26
-67998.79 -21925.26
-67846.57 -21925.26
-68680.39 -21925.26
-68556.72 -21925.26
-69375.56 -21925.26
-68556.90 -21925.26
-67660.85 -21925.26
-68946.33 -21925.26
-69000.18 -21925.26
-68579.24 -21925.26
-68602.41 -21925.26
-69864.28 -21925.26
-68414.25 -21925.26
-68161.81 -21925.26
-68652.73 -21925.26
-69148.62 -21925.26
-69385.81 -21925.26
-68821.75 -21925.26
-68498.85 -21925.26
-68232.67 -21925.26
-69896.31 -21925.26
-67934.39 -21925.26
-67821.77 -21925.26
-69391.16 -21925.26
-68487.82 -21925.26
-69369.75 -21925.26
-69555.42 -21925.26
-69061.21 -21925.26
-68653.50 -21925.26
-68723.93 -21925.26
-68705.68 -21925.26
-68059.10 -21925.26
-69739.75 -21925.26
-68491.17 -21925.26
-67909.13 -21925.26
-69116.46 -21925.26
-68667.08 -21925.26
-68707.75 -21925.26
-69519.65 -21925.26
-69239.67 -21925.26
-68753.14 -21925.26
-68737.48 -21925.26
-68000.80 -21925.26
-69577.70 -21925.26
-68706.02 -21925.26
-68622.13 -21925.26
-69347.29 -21925.26
-68767.58 -21925.26
-68998.85 -21925.26
-67967.42 -21925.26
-68909.03 -21925.26
-68637.52 -21925.26
-68651.39 -21925.26
-68356.33 -21925.26
-68495.87 -21925.26
-68218.05 -21925.26
-67993.47 -21925.26
-69609.13 -21925.26
-67178.86 -21925.26
-68058.26 -21925.26
-67287.96 -21925.26
-68725.35 -21925.26
-68634.77 -21925.26
-67985.57 -21925.26
-68634.44 -21925.26
-67474.08 -21925.26
-67985.75 -21925.26
-68416.08 -21925.26
-68575.65 -21925.26
-67536.20 -21925.26
-68541.56 -21925.26
-69830.26 -21925.26
-68689.76 -21925.26
-68596.48 -21925.26
-69116.76 -21925.26
-67206.58 -21925.26
-68757.41 -21925.26
-68927.88 -21925.26
-68875.99 -21925.26
-68415.03 -21925.26
-69558.05 -21925.26
-68902.39 -21925.26
-69313.31 -21925.26
-69028.73 -21925.26
-68234.46 -21925.26
-69570.16 -21925.26
-69184.86 -21925.26
-68902.32 -21925.26
-68448.31 -21925.26
-67855.66 -21925.26
-69205.30 -21925.26
-68480.64 -21925.26
-68490.70 -21925.26
-67995.88 -21925.26
-69554.05 -21925.26
-67844.98 -21925.26
-69165.09 -21925.26
-68929.95 -21925.26
-68907.72 -21925.26
-68601.90 -21925.26
-68775.63 -21925.26
-66897.04 -21925.26
-69648.10 -21925.26
-68143.01 -21925.26
-68489.58 -21925.26
-67808.75 -21925.26
-67531.62 -21925.26
-69213.72 -21925.26
-69302.81 -21925.26
-69125.92 -21925.26
-69986.01 -21925.26
-70232.55 -21925.26
-69220.95 -21925.26
-68583.47 -21925.26
-68891.22 -21925.26
-69357.13 -21925.26
-67695.37 -21925.26
-69650.64 -21925.26
-67647.26 -21925.26
-69279.74 -21925.26
-68528.65 -21925.26
-68489.25 -21925.26
-67824.02 -21925.26
-68755.67 -21925.26
-68896.77 -21925.26
-68473.97 -21925.26
-69581.43 -21925.26
-68904.62 -21925.26
-68486.78 -21925.26
-68478.95 -21925.26
-69234.20 -21925.26
-68776.48 -21925.26
-69237.05 -21925.26
-68670.52 -21925.26
-67805.32 -21925.26
-67651.02 -21925.26
-68034.59 -21925.26
-67542.37 -21925.26
-68926.03 -21925.26
-69346.29 -21925.26
-68639.80 -21925.26
-68147.24 -21925.26
-69245.06 -21925.26
-69572.28 -21925.26
-67926.12 -21925.26
-68662.55 -21925.26
-69677.79 -21925.26
-67999.37 -21925.26
-69579.41 -21925.26
-67118.58 -21925.26
-68679.02 -21925.26
-68979.83 -21925.26
-68566.76 -21925.26
-69115.59 -21925.26
-67692.93 -21925.26
-68900.62 -21925.26
-69642.91 -21925.26
-68009.92 -21925.26
-68414.57 -21925.26
-69103.26 -21925.26
-68755.15 -21925.26
-68757.51 -21925.26
-68457.59 -21925.26
-67500.76 -21925.26
-69176.79 -21925.26
-68752.76 -21925.26
-68015.55 -21925.26
-67854.47 -21925.26
-68049.06 -21925.26
-68502.82 -21925.26
-67651.86 -21925.26
-68343.12 -21925.26
-68912.26 -21925.26
-68616.05 -21925.26
-69303.65 -21925.26
-68765.62 -21925.26
-69151.63 -21925.26
-69263.91 -21925.26
-67831.81 -21925.26
-67983.44 -21925.26
-68353.27 -21925.26
-68519.48 -21925.26
-69063.31 -21925.26
-69183.33 -21925.26
-69142.08 -21925.26
-68057.62 -21925.26
-68681.99 -21925.26
-69556.16 -21925.26
-69123.76 -21925.26
-68351.67 -21925.26
-69214.06 -21925.26
-67288.02 -21925.26
-66902.74 -21925.26
-69190.15 -21925.26
-68821.30 -21925.26
-68207.87 -21925.26
-68486.10 -21925.26
-68663.39 -21925.26
-68746.18 -21925.26
-67825.40 -21925.26
-70194.27 -21925.26
-68130.70 -21925.26
-68872.83 -21925.26
-67530.92 -21925.26
-68675.93 -21925.26
-68502.20 -21925.26
-68738.46 -21925.26
-69143.01 -21925.26
-68549.54 -21925.26
-67390.85 -21925.26
-68370.55 -21925.26
-69145.64 -21925.26
-68333.96 -21925.26
-69598.60 -21925.26
-67646.30 -21925.26
-67835.70 -21925.26
-67666.36 -21925.26
-67501.97 -21925.26
-69180.20 -21925.26
-67834.79 -21925.26
-69277.82 -21925.26
-68437.50 -21925.26
-68892.12 -21925.26
-68238.55 -21925.26
-67662.03 -21925.26
-69241.86 -21925.26
-68678.08 -21925.26
-69712.44 -21925.26
-68412.44 -21925.26
-68260.97 -21925.26
-69929.37 -21925.26
-69374.47 -21925.26
-70531.28 -21925.26
-67925.27 -21925.26
-68226.15 -21925.26
-68775.26 -21925.26
-68084.87 -21925.26
-67995.85 -21925.26
-68370.76 -21925.26
-69134.09 -21925.26
-68004.21 -21925.26
-67920.98 -21925.26
-69192.64 -21925.26
-68634.55 -21925.26
-69571.35 -21925.26
-68607.59 -21925.26
-68954.40 -21925.26
-68441.52 -21925.26
-68544.78 -21925.26
-68410.32 -21925.26
-68518.67 -21925.26
-69214.60 -21925.26
-68870.39 -21925.26
-68681.22 -21925.26
-69631.43 -21925.26
-68013.67 -21925.26
-68593.54 -21925.26
-69355.35 -21925.26
-68413.94 -21925.26
-67605.13 -21925.26
-68679.88 -21925.26
-69716.18 -21925.26
-69249.78 -21925.26
-68000.36 -21925.26
-68908.82 -21925.26
-69508.29 -21925.26
-68733.18 -21925.26
-68295.64 -21925.26
-68622.34 -21925.26
-69597.99 -21925.26
-66736.79 -21925.26
-68828.32 -21925.26
-68633.05 -21925.26
-69383.85 -21925.26
-67947.12 -21925.26
-69353.02 -21925.26
-69367.93 -21925.26
-67471.99 -21925.26
-67645.14 -21925.26
-67676.94 -21925.26
-68050.61 -21925.26
-68926.51 -21925.26
-68145.13 -21925.26
-67931.77 -21925.26
-68261.13 -21925.26
-69396.36 -21925.26
-68750.95 -21925.26
-68538.61 -21925.26
-69044.07 -21925.26
-70351.39 -21925.26
-69102.78 -21925.26
-68639.93 -68639.93
-68344.10 -68344.10
-68234.78 -68234.78
-68664.06 -68234.78
-67701.90 -67701.90
-66750.15 -66750.15
-66069.70 -66069.70
-64847.98 -64847.98
-65988.95 -64847.98
-64252.26 -64252.26
-64928.16 -64252.26
-64662.80 -64252.26
-64672.90 -64252.26
-64502.61 -64252.26
-63222.88 -63222.88
-63209.41 -63209.41
-62232.69 -62232.69
-62666.83 -62232.69
-60555.75 -60555.75
-60417.89 -60417.89
-59149.95 -59149.95
-56814.19 -56814.19
-56432.15 -56432.15
-56337.20 -56337.20
-56721.25 -56337.20
-56839.03 -56337.20
-56758.16 -56337.20
-57293.39 -56337.20
-56329.93 -56329.93
-55446.92 -55446.92
-54917.32 -54917.32
-54773.53 -54773.53
-53980.30 -53980.30
-53025.96 -53025.96
-48753.23 -48753.23
-50516.01 -48753.23
-53905.59 -48753.23
-49356.01 -48753.23
-47981.25 -47981.25
-48390.25 -47981.25
-46287.50 -46287.50
-49466.83 -46287.50
-47953.92 -46287.50
-44939.16 -44939.16
-40403.97 -40403.97
-36992.66 -36992.66
-36293.49 -36293.49
-33637.71 -33637.71
-37773.15 -33637.71
-29020.78 -29020.78
-23162.55 -23162.55
-29694.00 -23162.55
-32090.26 -23162.55
-28265.98 -23162.55
-24911.66 -23162.55
-22209.71 -22209.71
-29194.02 -22209.71
-22622.89 -22209.71
-27864.70 -22209.71
-26443.26 -22209.71
-23300.74 -22209.71
-26156.40 -22209.71
-22358.48 -22209.71
-26145.58 -22209.71
-24256.36 -22209.71
-26266.90 -22209.71
-23969.74 -22209.71
-22465.11 -22209.71
-26171.71 -22209.71
-25141.80 -22209.71
-29966.24 -22209.71
-33868.26 -22209.71
-22609.57 -22209.71
-29316.10 -22209.71
-25303.36 -22209.71
-27463.13 -22209.71
-26295.92 -22209.71
-24202.90 -22209.71
-26747.98 -22209.71
-23419.00 -22209.71
-23213.83 -22209.71
-29336.02 -22209.71
-23353.22 -22209.71
-23520.74 -22209.71
-25946.99 -22209.71
-22622.38 -22209.71
-26094.47 -22209.71
-22471.91 -22209.71
-29891.87 -22209.71
-23896.53 -22209.71
-24309.84 -22209.71
-27885.70 -22209.71
-22613.17 -22209.71
-22621.21 -22209.71
-24863.99 -22209.71
-25053.28 -22209.71
-26130.96 -22209.71
-26044.80 -22209.71
-22212.13 -22209.71
-25103.14 -22209.71
-22873.94 -22209.71
-30082.78 -22209.71
-24256.93 -22209.71
-22288.46 -22209.71
-24225.09 -22209.71
-26299.99 -22209.71
-24821.84 -22209.71
-26369.67 -22209.71
-24121.70 -22209.71
-23787.26 -22209.71
-30707.78 -22209.71
-22268.96 -22209.71
-23417.64 -22209.71
-21950.13 -21950.13
-26085.89 -21950.13
-25662.33 -21950.13
-23247.02 -21950.13
-22310.49 -21950.13
-25738.22 -21950.13
-24052.63 -21950.13
-25109.52 -21950.13
-23139.92 -21950.13
-33321.81 -21950.13
-22124.39 -21950.13
-30244.93 -21950.13
-22722.13 -21950.13
-21975.73 -21950.13
-26709.34 -21950.13
-24192.19 -21950.13
-26095.73 -21950.13
-23470.10 -21950.13
-22373.48 -21950.13
-21929.51 -21929.51
-22397.50 -21929.51
-25630.30 -21929.51
-24223.06 -21929.51
-32127.53 -21929.51
-23562.56 -21929.51
-22651.29 -21929.51
-33281.98 -21929.51
-32148.43 -21929.51
-26638.88 -21929.51
-23283.95 -21929.51
-26021.29 -21929.51
-23186.25 -21929.51
-26000.60 -21929.51
-25435.24 -21929.51
-26312.75 -21929.51
-25304.52 -21929.51
-27502.69 -21929.51
-29034.04 -21929.51
-27942.23 -21929.51
-32492.06 -21929.51
-21930.56 -21929.51
-26179.37 -21929.51
-32655.64 -21929.51
-27632.22 -21929.51
-23661.81 -21929.51
-22309.26 -21929.51
-33714.37 -21929.51
-28112.53 -21929.51
-24794.68 -21929.51
-27695.95 -21929.51
-27189.60 -21929.51
-32573.40 -21929.51
-27706.48 -21929.51
-22308.34 -21929.51
-22754.46 -21929.51
-24141.16 -21929.51
-29243.54 -21929.51
-30650.95 -21929.51
-24923.22 -21929.51
-27760.17 -21929.51
-22521.10 -21929.51
-24158.11 -21929.51
-23361.05 -21929.51
-29810.87 -21929.51
-24834.69 -21929.51
-28922.74 -21929.51
-26147.41 -21929.51
-22466.39 -21929.51
-25423.88 -21929.51
-26375.03 -21929.51
-24286.27 -21929.51
-25422.07 -21929.51
-29921.25 -21929.51
-24807.45 -21929.51
-32276.81 -21929.51
-21952.58 -21929.51
-22683.32 -21929.51
-29084.35 -21929.51
-26252.16 -21929.51
-24841.15 -21929.51
-22239.03 -21929.51
-31327.82 -21929.51
-25073.29 -21929.51
-25163.46 -21929.51
-23157.90 -21929.51
-23619.67 -21929.51
-23133.49 -21929.51
-26232.32 -21929.51
-22301.42 -21929.51
-22402.96 -21929.51
-36319.64 -21929.51
-29642.29 -21929.51
-25351.53 -21929.51
-30459.29 -21929.51
-26622.71 -21929.51
-23618.47 -21929.51
-23400.84 -21929.51
-22692.91 -21929.51
-26289.21 -21929.51
-32594.60 -21929.51
-28236.08 -21929.51
-24825.00 -21929.51
-24139.83 -21929.51
-22647.05 -21929.51
-26127.33 -21929.51
-23336.73 -21929.51
-26413.96 -21929.51
-24867.29 -21929.51
-23122.61 -21929.51
-29872.88 -21929.51
-24108.59 -21929.51
-31604.48 -21929.51
-23325.65 -21929.51
-22556.54 -21929.51
-22456.41 -21929.51
-22394.56 -21929.51
-21931.03 -21929.51
-33488.97 -21929.51
-22615.05 -21929.51
-22078.76 -21929.51
-22287.91 -21929.51
-23575.44 -21929.51
-25117.27 -21929.51
-26229.69 -21929.51
-32639.05 -21929.51
-22618.46 -21929.51
-25744.45 -21929.51
-22258.79 -21929.51
-23145.47 -21929.51
-34384.64 -21929.51
-22610.85 -21929.51
-21948.68 -21929.51
-21937.42 -21929.51
-26523.71 -21929.51
-23754.48 -21929.51
-22211.19 -21929.51
-29694.28 -21929.51
-22074.72 -21929.51
-28038.29 -21929.51
-30674.99 -21929.51
-24852.39 -21929.51
-28281.25 -21929.51
-22155.50 -21929.51
-27270.74 -21929.51
-22222.06 -21929.51
-30618.56 -21929.51
-22416.72 -21929.51
-22688.57 -21929.51
-22712.96 -21929.51
-25567.60 -21929.51
-26554.81 -21929.51
-26144.60 -21929.51
-29910.98 -21929.51
-25618.58 -21929.51
-22388.00 -21929.51
-29196.73 -21929.51
-23368.03 -21929.51
-22278.09 -21929.51
-22296.16 -21929.51
-22510.73 -21929.51
-22362.31 -21929.51
-26358.85 -21929.51
-25646.36 -21929.51
-29739.84 -21929.51
-24663.02 -21929.51
-22620.11 -21929.51
-23346.53 -21929.51
-22218.56 -21929.51
-24885.00 -21929.51
-21934.00 -21929.51
-26244.13 -21929.51
-26383.99 -21929.51
-23424.62 -21929.51
-23228.08 -21929.51
-21950.32 -21929.51
-29042.52 -21929.51
-29515.77 -21929.51
-22719.42 -21929.51
-32477.25 -21929.51
-25430.25 -21929.51
-23049.12 -21929.51
-22299.84 -21929.51
-22497.58 -21929.51
-22770.70 -21929.51
-26410.19 -21929.51
-23183.57 -21929.51
-22442.20 -21929.51
-23674.82 -21929.51
-22361.03 -21929.51
-25154.28 -21929.51
-26400.97 -21929.51
-25725.26 -21929.51
-22242.54 -21929.51
-34483.22 -21929.51
-27845.20 -21929.51
-30381.08 -21929.51
-23366.85 -21929.51
-22279.70 -21929.51
-22618.17 -21929.51
-26078.19 -21929.51
-22402.69 -21929.51
-26014.36 -21929.51
-24759.47 -21929.51
-24244.75 -21929.51
-26167.41 -21929.51
-22078.91 -21929.51
-22335.17 -21929.51
-22275.54 -21929.51
-24652.26 -21929.51
-29387.63 -21929.51
-23828.05 -21929.51
-34778.42 -21929.51
-23419.71 -21929.51
-22673.46 -21929.51
-24879.61 -21929.51
-29705.45 -21929.51
-23374.60 -21929.51
-29136.41 -21929.51
-22819.38 -21929.51
-27289.87 -21929.51
-31415.08 -21929.51
-22610.25 -21929.51
-27676.16 -21929.51
-32868.14 -21929.51
-28325.16 -21929.51
-24247.88 -21929.51
-26285.71 -21929.51
-27392.34 -21929.51
-32009.36 -21929.51
-31219.93 -21929.51
-25842.75 -21929.51
-25102.19 -21929.51
-29693.51 -21929.51
-23390.54 -21929.51
-28105.06 -21929.51
-23252.94 -21929.51
-27323.82 -21929.51
-26406.69 -21929.51
-23388.62 -21929.51
-27679.35 -21929.51
-21959.39 -21929.51
-22392.11 -21929.51
-30823.71 -21929.51
-22274.49 -21929.51
-28070.05 -21929.51
-28069.92 -21929.51
-22280.64 -21929.51
-32626.32 -21929.51
-22349.80 -21929.51
-25370.75 -21929.51
-24691.93 -21929.51
-26183.62 -21929.51
-32718.28 -21929.51
-23459.55 -21929.51
-26232.88 -21929.51
-23370.02 -21929.51
-23371.74 -21929.51
-22608.53 -21929.51
-27775.67 -21929.51
-24678.92 -21929.51
-23502.89 -21929.51
-34166.22 -21929.51
-26311.75 -21929.51
-21929.62 -21929.62
-22663.18 -21929.62
-22394.88 -21929.62
-32612.29 -21929.62
-23569.12 -21929.62
-25988.51 -21929.62
-28970.90 -21929.62
-27287.59 -21929.62
-25284.93 -21929.62
-22122.48 -21929.62
-22784.73 -21929.62
-24319.31 -21929.62
-23183.21 -21929.62
-29073.49 -21929.62
-23509.77 -21929.62
-23691.22 -21929.62
-23074.94 -21929.62
-30788.91 -21929.62
-26362.94 -21929.62
-28058.41 -21929.62
-22319.11 -21929.62
-23861.78 -21929.62
-23814.23 -21929.62
-22394.03 -21929.62
-24652.43 -21929.62
-24144.71 -21929.62
-25714.22 -21929.62
-22248.65 -21929.62
-22413.01 -21929.62
-33078.42 -21929.62
-23661.94 -21929.62
-24267.65 -21929.62
-22295.78 -21929.62
-26135.33 -21929.62
-22283.44 -21929.62
-23180.21 -21929.62
-22209.95 -21929.62
-27633.08 -21929.62
-68739.75 -21929.62
-68903.56 -21929.62
-69953.61 -21929.62
-69557.70 -21929.62
-68758.42 -21929.62
-69571.63 -21929.62
-67675.98 -21929.62
-67986.69 -21929.62
-67836.11 -21929.62
-69647.45 -21929.62
-68884.23 -21929.62
-67246.09 -21929.62
-69402.53 -21929.62
-68672.47 -21929.62
-67186.10 -21929.62
-70436.36 -21929.62
-69635.22 -21929.62
-68520.22 -21929.62
-68936.48 -21929.62
-68549.51 -21929.62
-68755.36 -21929.62
-68669.99 -21929.62
-68674.64 -21929.62
-67688.22 -21929.62
-68346.96 -21929.62
-68348.29 -21929.62
-67532.77 -21929.62
-68567.00 -21929.62
-67990.91 -21929.62
-69104.15 -21929.62
-68926.61 -21929.62
-67639.68 -21929.62
-68888.87 -21929.62
-69640.10 -21929.62
-68260.10 -21929.62
-68056.50 -21929.62
-68937.64 -21929.62
-67661.56 -21929.62
-68889.78 -21929.62
-67991.47 -21929.62
-68827.03 -21929.62
-70397.91 -21929.62
-68369.61 -21929.62
-68306.30 -21929.62
-68464.60 -21929.62
-67234.05 -21929.62
-69594.18 -21929.62
-70174.67 -21929.62
-68887.37 -21929.62
-68347.26 -21929.62
-70441.46 -21929.62
-68537.31 -21929.62
-69047.03 -21929.62
-68447.90 -21929.62
-67857.87 -21929.62
-67713.60 -21929.62
-67183.92 -21929.62
-67655.51 -21929.62
-68473.39 -21929.62
-69621.42 -21929.62
-68161.12 -21929.62
-69186.00 -21929.62
-67974.36 -21929.62
-68548.27 -21929.62
-68347.02 -21929.62
-66824.80 -21929.62
-67835.24 -21929.62
-68652.97 -21929.62
-67907.61 -21929.62
-68905.71 -21929.62
-67825.44 -21929.62
-67304.25 -21929.62
-68075.29 -21929.62
-67966.57 -21929.62
-68489.49 -21929.62
-68962.86 -21929.62
-69579.33 -21929.62
-68546.17 -21929.62
-68143.71 -21929.62
-68552.54 -21929.62
-68479.78 -21929.62
-68492.95 -21929.62
-68075.24 -21929.62
-69379.06 -21929.62
-68228.14 -21929.62
-68490.37 -21929.62
-67213.71 -21929.62
-68545.34 -21929.62
-68396.83 -21929.62
-68358.52 -21929.62
-68906.23 -21929.62
-68299.70 -21929.62
-69374.18 -21929.62
-68624.14 -21929.62
-69985.99 -21929.62
-68765.90 -21929.62
-66204.50 -21929.62
-69301.39 -21929.62
-66997.72 -21929.62
-68157.30 -21929.62
-68549.86 -21929.62
-70421.54 -21929.62
-68769.61 -21929.62
-68898.59 -21929.62
-68495.06 -21929.62
-68888.38 -21929.62
-69268.92 -21929.62
-69125.94 -21929.62
-68157.29 -21929.62
-68046.39 -21929.62
-68397.29 -21929.62
-67403.26 -21929.62
-68011.85 -21929.62
-68872.96 -21929.62
-67943.65 -21929.62
-68457.31 -21929.62
-67568.16 -21929.62
-67837.10 -21929.62
-69555.09 -21929.62
-69303.21 -21929.62
-67996.77 -21929.62
-69377.06 -21929.62
-68324.44 -21929.62
-68441.77 -21929.62
-68872.99 -21929.62
-67966.91 -21929.62
-68707.68 -21929.62
-67306.37 -21929.62
-68916.14 -21929.62
-70153.82 -21929.62
-69228.43 -21929.62
-69892.20 -21929.62
-66914.81 -21929.62
-68518.86 -21929.62
-68823.07 -21929.62
-69207.16 -21929.62
-68549.79 -21929.62
-68676.10 -21929.62
-69236.71 -21929.62
-68603.13 -21929.62
-68679.50 -21929.62
-69401.07 -21929.62
-67821.65 -21929.62
-68293.49 -21929.62
-68698.06 -21929.62
-69373.34 -21929.62
-69363.86 -21929.62
-68898.49 -21929.62
-69259.78 -21929.62
-69582.45 -21929.62
-69341.32 -21929.62
-69259.13 -21929.62
-69301.59 -21929.62
-70596.74 -21929.62
-68521.90 -21929.62
-69828.06 -21929.62
-68495.47 -21929.62
-67434.30 -21929.62
-69242.34 -21929.62
-68487.55 -21929.62
-68512.75 -21929.62
-68625.03 -21929.62
-68055.24 -21929.62
-69869.55 -21929.62
-68367.72 -21929.62
-68001.71 -21929.62
-68706.31 -21929.62
-68491.16 -21929.62
-68553.66 -21929.62
-68548.54 -21929.62
-68349.25 -21929.62
-69032.25 -21929.62
-69042.97 -21929.62
-69665.64 -21929.62
-68996.61 -21929.62
-69296.63 -21929.62
-69178.82 -21929.62
-66912.06 -21929.62
-69228.20 -21929.62
-68349.26 -21929.62
-70217.99 -21929.62
-68835.14 -21929.62
-68296.98 -21929.62
-68081.62 -21929.62
-69063.20 -21929.62
-67585.64 -21929.62
-68673.74 -21929.62
-68177.40 -21929.62
-67556.20 -21929.62
-67163.20 -21929.62
-68290.05 -21929.62
-68668.26 -21929.62
-69380.19 -21929.62
-68901.12 -21929.62
-68877.12 -21929.62
-69240.05 -21929.62
-68652.22 -21929.62
-68313.86 -21929.62
-69647.06 -21929.62
-68209.53 -21929.62
-68872.94 -21929.62
-69403.09 -21929.62
-68638.63 -21929.62
-67645.17 -21929.62
-68759.98 -21929.62
-69264.65 -21929.62
-69030.11 -21929.62
-69311.04 -21929.62
-69525.84 -21929.62
-68000.99 -21929.62
-67654.68 -21929.62
-68674.07 -21929.62
-68513.60 -21929.62
-68910.43 -21929.62
-68672.53 -21929.62
-68558.04 -21929.62
-68896.58 -21929.62
-69263.13 -21929.62
-67999.92 -21929.62
-67840.69 -21929.62
-68674.95 -21929.62
-70024.31 -21929.62
-68209.06 -21929.62
-69046.80 -21929.62
-68141.75 -21929.62
-68869.11 -21929.62
-69168.15 -21929.62
-68394.03 -21929.62
-68350.31 -21929.62
-68557.43 -21929.62
-68410.39 -21929.62
-67525.90 -21929.62
-68356.00 -21929.62
-69877.44 -21929.62
-67969.35 -21929.62
-68896.57 -21929.62
-68276.41 -21929.62
-70027.55 -21929.62
-69221.73 -21929.62
-68678.92 -21929.62
-69407.05 -21929.62
-68544.97 -21929.62
-68441.56 -21929.62
-68599.90 -21929.62
-69165.18 -21929.62
-69313.81 -21929.62
-69798.48 -21929.62
-69311.92 -21929.62
-70165.89 -21929.62
-68543.08 -21929.62
-67989.52 -21929.62
-69556.45 -21929.62
-68821.01 -21929.62
-70111.91 -21929.62
-68408.55 -21929.62
-68447.92 -21929.62
-69203.18 -21929.62
-69301.96 -21929.62
-67255.80 -21929.62
-67814.58 -21929.62
-67972.01 -21929.62
-68262.54 -21929.62
-67659.94 -21929.62
-69828.53 -21929.62
-67696.94 -21929.62
-68709.73 -21929.62
-67691.05 -21929.62
-69133.10 -21929.62
-68520.53 -21929.62
-69674.42 -21929.62
-70473.21 -21929.62
-67696.72 -21929.62
-68080.30 -21929.62
-67970.14 -21929.62
-69125.20 -21929.62
-68892.10 -21929.62
-67999.03 -21929.62
-68307.99 -21929.62
-67989.66 -21929.62
-68707.66 -21929.62
-70246.67 -21929.62
-68663.35 -21929.62
-67556.38 -21929.62
-68277.89 -21929.62
-69593.29 -21929.62
-67262.27 -21929.62
-68879.58 -21929.62
-69376.78 -21929.62
-68925.97 -21929.62
-69000.46 -21929.62
-68445.53 -21929.62
-69595.04 -21929.62
-69145.90 -21929.62
-68075.45 -21929.62
-68528.40 -21929.62
-69297.27 -21929.62
-69866.95 -21929.62
-69221.60 -21929.62
-69374.56 -21929.62
-68079.08 -21929.62
-68878.30 -21929.62
-67433.88 -21929.62
-69032.45 -21929.62
-69279.10 -21929.62
-69124.79 -21929.62
-67063.06 -21929.62
-69869.79 -21929.62
-69259.30 -21929.62
-69595.80 -21929.62
-68999.06 -21929.62
-67850.34 -21929.62
-68226.52 -21929.62
-69166.32 -21929.62
-67067.55 -21929.62
-67639.43 -21929.62
-67445.74 -21929.62
-68674.98 -21929.62
-68166.54 -21929.62
-68218.25 -21929.62
-68229.38 -21929.62
-68159.62 -21929.62
-68558.60 -21929.62
-67816.71 -21929.62
-68214.94 -21929.62
-69187.67 -21929.62
-69992.87 -21929.62
-68431.40 -21929.62
-68899.39 -21929.62
-68054.31 -21929.62
-68624.34 -21929.62
-69561.20 -21929.62
-67628.08 -21929.62
-67446.31 -21929.62
-68938.60 -21929.62
-68944.70 -21929.62
-67622.34 -21929.62
-69966.56 -21929.62
-68212.16 -21929.62
-68926.08 -21929.62
-68670.88 -21929.62
-68604.91 -21929.62
-68823.31 -21929.62
-68913.54 -21929.62
-69792.75 -21929.62
-67829.20 -21929.62
-68213.78 -21929.62
-69862.38 -21929.62
-69214.30 -21929.62
-68903.64 -21929.62
-69803.99 -21929.62
-68050.78 -21929.62
-68108.53 -21929.62
-68074.82 -21929.62
-68673.95 -21929.62
-69236.92 -21929.62
-68566.12 -21929.62
-69122.60 -21929.62
-69374.70 -21929.62
-67520.57 -21929.62
-69558.18 -21929.62
-68773.67 -21929.62
-67995.42 -21929.62
-67470.37 -21929.62
-69365.47 -21929.62
-68538.74 -21929.62
-69194.10 -21929.62
-68090.72 -21929.62
-67998.38 -21929.62
-67995.87 -21929.62
-68345.41 -21929.62
-68900.85 -21929.62
-68687.73 -21929.62
-69366.31 -21929.62
-68820.38 -21929.62
-67101.87 -21929.62
-69317.02 -21929.62
-69168.04 -21929.62
-67990.09 -21929.62
-69724.35 -21929.62
-68260.45 -21929.62
-69065.92 -21929.62
-68484.96 -21929.62
-68144.62 -21929.62
-67984.64 -21929.62
-69043.12 -21929.62
-68411.09 -21929.62
-69253.77 -21929.62
-68330.06 -21929.62
-67964.88 -21929.62
-69114.70 -21929.62
-69161.22 -21929.62
-68545.29 -21929.62
-70194.87 -21929.62
-69204.66 -21929.62
-68001.48 -21929.62
-68822.15 -21929.62
-68159.22 -21929.62
-70219.38 -21929.62
-68329.95 -21929.62
-69625.07 -21929.62
-69145.75 -21929.62
-69034.24 -21929.62
-68346.95 -21929.62
-68547.06 -21929.62
-67650.98 -21929.62
-67836.03 -21929.62
-69225.13 -21929.62
-69184.58 -21929.62
-68662.20 -21929.62
-68075.55 -21929.62
-68914.53 -21929.62
-68144.12 -21929.62
-69388.90 -21929.62
-68323.72 -21929.62
-68677.71 -21929.62
-68567.29 -21929.62
-68001.02 -21929.62
-68356.47 -21929.62
-69354.67 -21929.62
-68108.22 -21929.62
-68907.63 -21929.62
-68329.89 -21929.62
-68161.02 -21929.62
-69551.81 -21929.62
-69594.11 -21929.62
-69371.94 -21929.62
-69405.06 -21929.62
-68879.31 -21929.62
-67846.51 -21929.62
-68962.73 -21929.62
-69823.27 -21929.62
-68570.29 -21929.62
-68452.09 -21929.62
-68663.98 -21929.62
-67695.46 -21929.62
-68583.78 -21929.62
-69009.26 -21929.62
-68455.67 -21929.62
-67974.44 -21929.62
-69579.75 -21929.62
-68410.04 -21929.62
-68290.82 -21929.62
-68605.32 -21929.62
-67438.48 -21929.62
-67446.93 -21929.62
-68146.20 -21929.62
-68652.68 -21929.62
-68476.56 -21929.62
-68075.94 -21929.62
-68729.05 -21929.62
-69995.03 -21929.62
-69187.85 -21929.62
-69651.71 -21929.62
-69518.94 -21929.62
-68263.99 -21929.62
-68574.36 -21929.62
-68555.78 -21929.62
-67534.68 -21929.62
-69559.80 -21929.62
-68554.56 -21929.62
-68345.17 -21929.62
-69035.28 -21929.62
-69126.97 -21929.62
-68240.06 -21929.62
-69387.93 -21929.62
-67992.33 -21929.62
-68143.55 -21929.62
-69376.89 -21929.62
-68919.42 -21929.62
-68363.46 -21929.62
-67257.20 -21929.62
-67989.06 -21929.62
-68911.03 -21929.62
-69179.41 -21929.62
-68297.04 -21929.62
-68920.66 -21929.62
-69595.18 -21929.62
-69221.22 -21929.62
-69216.63 -21929.62
-67675.96 -21929.62
-68624.99 -21929.62
-68084.51 -21929.62
-67626.39 -21929.62
-69310.30 -21929.62
-69176.43 -21929.62
-68611.18 -21929.62
-66872.52 -21929.62
-69030.16 -21929.62
-68210.38 -21929.62
-67691.67 -21929.62
-67931.53 -21929.62
-69173.09 -21929.62
-68424.17 -21929.62
-68871.05 -21929.62
-67235.27 -21929.62
-67670.83 -21929.62
-67817.58 -21929.62
-68228.77 -21929.62
-67068.68 -21929.62
-67632.66 -21929.62
-69306.56 -21929.62
-67640.70 -21929.62
-68176.05 -21929.62
-69124.99 -21929.62
-69402.86 -21929.62
-68921.71 -21929.62
-69365.15 -21929.62
-69264.34 -21929.62
-68487.45 -21929.62
-67698.11 -21929.62
-68374.15 -21929.62
-69230.05 -21929.62
-69164.02 -21929.62
-66701.97 -21929.62
-70165.88 -21929.62
-68049.78 -21929.62
-67928.58 -21929.62
-68003.82 -21929.62
-68661.09 -21929.62
-68465.05 -21929.62
-68415.35 -21929.62
-68676.19 -21929.62
-67858.19 -21929.62
-67923.90 -21929.62
-69575.02 -21929.62
-69179.33 -21929.62
-68758.47 -21929.62
-68397.51 -21929.62
-68682.00 -21929.62
-69356.11 -21929.62
-67157.23 -21929.62
-68678.36 -21929.62
-68670.00 -21929.62
-69184.82 -21929.62
-69151.40 -21929.62
-69141.14 -21929.62
-68902.58 -21929.62
-69936.99 -21929.62
-69353.20 -21929.62
-67168.87 -21929.62
-69242.84 -21929.62
-69135.37 -21929.62
-68723.80 -21929.62
-67920.34 -21929.62
-68354.04 -21929.62
-67697.05 -21929.62
-68557.74 -21929.62
-69844.63 -21929.62
-68553.18 -21929.62
-67836.04 -21929.62
-69594.16 -21929.62
-67524.69 -21929.62
-68699.55 -21929.62
-67094.86 -21929.62
-67977.73 -21929.62
-68058.58 -21929.62
-68372.28 -21929.62
-68301.36 -21929.62
-68477.47 -21929.62
-68434.16 -21929.62
-68161.86 -21929.62
-67963.42 -21929.62
-68610.90 -21929.62
-67826.87 -21929.62
-68660.12 -21929.62
-70417.20 -21929.62
-69516.53 -21929.62
-68865.26 -21929.62
-67661.99 -21929.62
-66650.77 -21929.62
-68514.35 -21929.62
-67393.60 -21929.62
-67954.08 -21929.62
-65741.12 -21929.62
-69102.55 -21929.62
-70094.42 -21929.62
-69103.45 -21929.62
-68412.07 -21929.62
-69379.67 -21929.62
-67319.54 -21929.62
-68346.55 -21929.62
-69151.38 -21929.62
-69298.46 -21929.62
-67987.52 -21929.62
-68216.34 -21929.62
-69035.32 -21929.62
-68286.34 -21929.62
-70470.15 -21929.62
-68770.76 -21929.62
-67156.31 -21929.62
-68681.00 -21929.62
-66890.94 -21929.62
-69063.81 -21929.62
-68465.31 -21929.62
-69398.64 -21929.62
-68575.67 -21929.62
-68228.17 -21929.62
-69552.63 -21929.62
-69602.26 -21929.62
-68686.26 -21929.62
-68590.83 -21929.62
-69554.21 -21929.62
-68000.92 -21929.62
-68159.27 -21929.62
-67643.49 -21929.62
-68264.00 -21929.62
-68083.17 -21929.62
-67651.99 -21929.62
-68743.81 -21929.62
-68915.80 -21929.62
-68669.03 -21929.62
-68488.81 -21929.62
-68767.87 -21929.62
-69960.92 -21929.62
-68636.22 -21929.62
-69063.18 -21929.62
-67343.89 -21929.62
-67663.41 -21929.62
-68599.27 -21929.62
-68050.02 -21929.62
-68765.41 -21929.62
-68433.45 -21929.62
-69238.99 -21929.62
-68652.08 -21929.62
-68551.52 -21929.62
-68223.87 -21929.62
-69179.80 -21929.62
-67315.37 -21929.62
-67986.73 -21929.62
-68430.03 -21929.62
-69721.61 -21929.62
-70154.75 -21929.62
-68236.48 -21929.62
-69402.07 -21929.62
-67979.15 -21929.62
-69252.95 -21929.62
-68554.48 -21929.62
-68579.59 -21929.62
-69401.08 -21929.62
-68504.93 -21929.62
-67528.06 -21929.62
-69012.26 -21929.62
-69222.62 -21929.62
-69179.29 -21929.62
-69266.74 -21929.62
-68395.52 -21929.62
-68900.72 -21929.62
-67989.46 -21929.62
-68076.71 -21929.62
-68334.10 -21929.62
-67306.93 -21929.62
-68261.11 -21929.62
-67838.78 -21929.62
-68822.93 -21929.62
-68574.49 -21929.62
-68047.65 -21929.62
-68493.66 -21929.62
-66772.24 -21929.62
-68302.34 -21929.62
-67825.09 -21929.62
-68639.75 -21929.62
-69552.77 -21929.62
-69540.28 -21929.62
-68423.72 -21929.62
-69404.56 -21929.62
-68670.07 -21929.62
-68260.39 -21929.62
-69192.86 -21929.62
-69212.46 -21929.62
-69638.67 -21929.62
-68883.37 -21929.62
-68490.10 -21929.62
-68996.86 -21929.62
-69239.68 -21929.62
-66064.97 -21929.62
-67533.10 -21929.62
-69221.25 -21929.62
-69117.25 -21929.62
-68413.69 -21929.62
-68669.93 -21929.62
-67640.22 -21929.62
-66897.73 -21929.62
-67307.39 -21929.62
-68904.63 -21929.62
-68346.99 -21929.62
-66899.61 -21929.62
-70219.91 -21929.62
-68330.34 -21929.62
-68706.81 -21929.62
-69638.53 -21929.62
-67828.36 -21929.62
-67434.43 -21929.62
-67635.36 -21929.62
-68775.05 -21929.62
-69042.81 -21929.62
-69269.92 -21929.62
-67987.50 -21929.62
-68050.86 -21929.62
-68677.52 -21929.62
-68594.39 -21929.62
-68674.37 -21929.62
-69254.03 -21929.62
-68652.34 -21929.62
-67317.84 -21929.62
-68678.55 -21929.62
-69342.03 -21929.62
-70979.33 -21929.62
-69597.99 -21929.62
-68352.55 -21929.62
-68663.39 -21929.62
-69051.41 -21929.62
-68901.23 -21929.62
-69390.92 -21929.62
-68473.81 -21929.62
-68167.44 -21929.62
-68176.55 -21929.62
-69168.31 -21929.62
-68911.77 -21929.62
-67503.50 -21929.62
-68583.65 -21929.62
-68046.04 -21929.62
-68051.73 -21929.62
-69033.58 -21929.62
-69386.00 -21929.62
-66780.82 -21929.62
-69347.33 -21929.62
-68550.75 -21929.62
-69895.06 -21929.62
-68685.36 -21929.62
-68945.72 -21929.62
-69589.46 -21929.62
-67976.81 -21929.62
-69063.52 -21929.62
-69507.05 -21929.62
-67646.47 -21929.62
-68275.71 -21929.62
-68883.30 -21929.62
-68294.80 -21929.62
-67809.40 -21929.62
-68573.05 -21929.62
-67963.57 -21929.62
-68146.41 -21929.62
-68434.32 -21929.62
-66804.24 -21929.62
-67254.54 -21929.62
-68681.09 -21929.62
-68550.18 -21929.62
-67131.10 -21929.62
-69985.43 -21929.62
-67846.52 -21929.62
-68900.50 -21929.62
-68207.05 -21929.62
-69261.71 -21929.62
-67262.65 -21929.62
-67657.68 -21929.62
-70092.88 -21929.62
-69212.87 -21929.62
-68478.60 -21929.62
-69987.06 -21929.62
-67828.55 -21929.62
-69141.52 -21929.62
-68907.76 -21929.62
-69171.48 -21929.62
-69787.22 -21929.62
-68946.22 -21929.62
-69189.48 -21929.62
-68146.89 -21929.62
-67580.43 -21929.62
-67850.49 -21929.62
-67264.05 -21929.62
-69184.09 -21929.62
-68591.97 -21929.62
-69180.75 -21929.62
-69064.11 -21929.62
-69205.84 -21929.62
-69676.31 -21929.62
-68964.53 -21929.62
-68707.73 -21929.62
-68745.94 -21929.62
-69216.58 -21929.62
-68571.51 -21929.62
-68144.12 -21929.62
-66650.95 -21929.62
-68014.43 -21929.62
-69648.53 -21929.62
-68679.65 -21929.62
-66576.22 -21929.62
-69832.66 -21929.62
-68672.74 -21929.62
-67662.80 -21929.62
-68021.29 -21929.62
-69839.30 -21929.62
-68397.97 -21929.62
-67990.68 -21929.62
-68411.54 -21929.62
-66789.78 -21929.62
-67980.51 -21929.62
-69395.41 -21929.62
-68413.14 -21929.62
-69165.63 -21929.62
-67650.10 -21929.62
-69390.59 -21929.62
-68304.55 -21929.62
-69006.43 -21929.62
-67382.13 -21929.62
-68602.82 -21929.62
-67651.77 -21929.62
-69279.90 -21929.62
-68458.32 -21929.62
-69570.12 -21929.62
-67632.05 -21929.62
-68775.65 -21929.62
-67997.98 -21929.62
-68408.58 -21929.62
-67585.96 -21929.62
-68709.70 -21929.62
-68217.75 -21929.62
-68902.07 -21929.62
-67993.91 -21929.62
-68624.71 -21929.62
-68368.29 -21929.62
-69058.46 -21929.62
-67470.61 -21929.62
-67920.85 -21929.62
-69125.07 -21929.62
-68901.94 -21929.62
-69253.64 -21929.62
-67585.45 -21929.62
-68554.61 -21929.62
-69203.52 -21929.62
-66246.74 -21929.62
-69376.44 -21929.62
-68162.13 -21929.62
-68021.64 -21929.62
-69230.93 -21929.62
-68484.50 -21929.62
-67675.07 -21929.62
-68594.12 -21929.62
-68290.29 -21929.62
-70252.72 -21929.62
-69218.54 -21929.62
-68945.90 -21929.62
-68554.46 -21929.62
-68613.23 -21929.62
-68481.70 -21929.62
-68332.95 -21929.62
-68434.82 -21929.62
-67990.81 -21929.62
-68490.74 -21929.62
-67844.98 -21929.62
-68676.66 -21929.62
-69970.40 -21929.62
-69556.13 -21929.62
-68689.62 -21929.62
-68343.64 -21929.62
-69809.13 -21929.62
-68681.46 -21929.62
-67301.21 -21929.62
-68997.83 -21929.62
-69178.39 -21929.62
-68952.33 -21929.62
-68549.24 -21929.62
-69217.54 -21929.62
-68084.45 -21929.62
-69269.16 -21929.62
-69669.83 -21929.62
-69245.09 -21929.62
-68775.00 -21929.62
-68410.59 -21929.62
-66659.31 -21929.62
-69230.63 -21929.62
-67187.99 -21929.62
-68960.37 -21929.62
-69553.40 -21929.62
-68483.55 -21929.62
-69529.98 -21929.62
-69115.47 -21929.62
-67272.97 -21929.62
-68457.50 -21929.62
-69708.52 -21929.62
-67906.92 -21929.62
-68547.06 -21929.62
-67946.03 -21929.62
-69011.70 -21929.62
-67484.44 -21929.62
-68609.32 -21929.62
-68157.25 -21929.62
-66749.49 -21929.62
-69827.61 -21929.62
-69366.16 -21929.62
-69047.45 -21929.62
-68350.05 -21929.62
-68313.21 -21929.62
-68681.51 -21929.62
-68767.05 -21929.62
-69013.60 -21929.62
-68456.86 -21929.62
-68498.00 -21929.62
-67930.63 -21929.62
-68736.24 -21929.62
-68637.96 -21929.62
-68570.67 -21929.62
-67650.51 -21929.62
-68412.91 -21929.62
-69364.03 -21929.62
-67307.52 -21929.62
-68001.18 -21929.62
-69256.29 -21929.62
-67659.54 -21929.62
-69065.38 -21929.62
-68746.56 -21929.62
-68616.18 -21929.62
-68260.18 -21929.62
-68687.33 -21929.62
-68728.56 -21929.62
-68479.92 -21929.62
-68940.11 -21929.62
-67300.31 -21929.62
-70013.00 -21929.62
-68581.64 -21929.62
-69303.13 -21929.62
-67587.07 -21929.62
-66096.01 -21929.62
-67847.12 -21929.62
-69309.60 -21929.62
-67832.72 -21929.62
-69364.84 -21929.62
-68218.82 -21929.62
-69353.48 -21929.62
-69060.18 -21929.62
-68429.79 -21929.62
-68670.35 -21929.62
-69240.65 -21929.62
-69048.57 -21929.62
-69558.77 -21929.62
-68212.35 -21929.62
-69243.09 -21929.62
-68335.54 -21929.62
-68871.57 -21929.62
-67908.97 -21929.62
-68409.26 -21929.62
-67963.47 -21929.62
-67246.12 -21929.62
-68913.73 -21929.62
-68600.33 -21929.62
-69194.41 -21929.62
-68054.99 -21929.62
-67626.06 -21929.62
-68510.83 -21929.62
-68521.43 -21929.62
-68622.30 -21929.62
-67854.05 -21929.62
-69831.89 -21929.62
-68054.08 -21929.62
-69887.37 -21929.62
-67982.84 -21929.62
-68632.67 -21929.62
-68929.47 -21929.62
-69353.73 -21929.62
-69204.82 -21929.62
-68962.00 -21929.62
-68299.63 -21929.62
-68275.35 -21929.62
-68350.92 -21929.62
-69228.00 -21929.62
-68175.13 -21929.62
-68487.86 -21929.62
-69502.60 -21929.62
-69587.16 -21929.62
-69381.97 -21929.62
-69165.87 -21929.62
-67942.27 -21929.62
-68995.33 -21929.62
-68614.21 -21929.62
-70804.78 -21929.62
-68345.14 -21929.62
-67943.26 -21929.62
-68225.62 -21929.62
-68396.59 -21929.62
-67841.63 -21929.62
-68905.84 -21929.62
-68492.93 -21929.62
-68921.90 -21929.62
-68945.01 -21929.62
-68287.65 -21929.62
-69146.80 -21929.62
-68432.29 -21929.62
-68509.95 -21929.62
-68371.84 -21929.62
-67945.50 -21929.62
-68215.26 -21929.62
-69238.43 -21929.62
-67952.28 -21929.62
-67843.98 -21929.62
-68945.29 -21929.62
-69378.18 -21929.62
-68414.26 -21929.62
-67551.49 -21929.62
-68180.05 -21929.62
-68085.16 -21929.62
-69513.38 -21929.62
-68051.11 -21929.62
-68663.94 -21929.62
-69204.72 -21929.62
-67503.25 -21929.62
-69588.82 -21929.62
-68077.98 -21929.62
-69121.79 -21929.62
-66912.85 -21929.62
-67386.52 -21929.62
-66892.87 -21929.62
-68671.99 -21929.62
-68623.63 -21929.62
-67635.46 -21929.62
-68234.56 -21929.62
-68412.80 -21929.62
-68911.92 -21929.62
-67223.22 -21929.62
-69985.82 -21929.62
-68548.30 -21929.62
-67692.30 -21929.62
-68599.36 -21929.62
-67947.87 -21929.62
-69244.84 -21929.62
-67128.11 -21929.62
-69383.62 -21929.62
-67978.12 -21929.62
-68050.89 -21929.62
-68558.59 -21929.62
-70091.04 -21929.62
-68294.64 -21929.62
-69136.63 -21929.62
-68490.38 -21929.62
-69148.81 -21929.62
-68080.71 -21929.62
-68651.54 -21929.62
-68634.31 -21929.62
-69101.50 -21929.62
-69722.24 -21929.62
-69311.87 -21929.62
-67479.07 -21929.62
-69505.29 -21929.62
-67273.98 -21929.62
-67465.81 -21929.62
-68879.76 -21929.62
-68876.50 -21929.62
-66677.01 -21929.62
-67254.70 -21929.62
-68672.43 -21929.62
-68777.18 -21929.62
-67239.09 -21929.62
-67949.07 -21929.62
-69371.23 -21929.62
-69404.45 -21929.62
-69608.55 -21929.62
-68076.92 -21929.62
-68049.09 -21929.62
-67855.91 -21929.62
-68962.40 -21929.62
-68616.13 -21929.62
-68744.74 -21929.62
-67808.54 -21929.62
-69740.65 -21929.62
-68357.82 -21929.62
-69225.59 -21929.62
-68225.43 -21929.62
-68663.10 -21929.62
-69064.45 -21929.62
-68502.35 -21929.62
-68442.71 -21929.62
-68330.96 -21929.62
-67530.07 -21929.62
-68635.90 -21929.62
-68886.34 -21929.62
-66473.67 -21929.62
-66875.96 -21929.62
-69256.21 -21929.62
-69256.14 -21929.62
-68488.56 -21929.62
-69824.89 -21929.62
-68288.42 -21929.62
-67587.81 -21929.62
-67698.79 -21929.62
-67655.35 -21929.62
-68517.94 -21929.62
-67265.08 -21929.62
-69061.53 -21929.62
-68459.67 -21929.62
-67939.65 -21929.62
-68330.89 -21929.62
-68413.09 -21929.62
-68909.90 -21929.62
-69391.88 -21929.62
-67485.76 -21929.62
-67628.61 -21929.62
-67949.90 -21929.62
-67832.19 -21929.62
-69107.97 -21929.62
-69708.27 -21929.62
-68671.80 -21929.62
-69236.57 -21929.62
-68413.42 -21929.62
-67382.28 -21929.62
-67990.93 -21929.62
-68300.41 -21929.62
-68000.53 -21929.62
-67252.92 -21929.62
-67999.34 -21929.62
-68927.73 -21929.62
-69208.20 -21929.62
-68760.29 -21929.62
-69913.53 -21929.62
-69107.63 -21929.62
-67848.45 -21929.62
-68678.12 -21929.62
-67100.16 -21929.62
-69254.45 -21929.62
-69046.47 -21929.62
-69835.14 -21929.62
-69380.05 -21929.62
-69804.53 -21929.62
-68698.71 -21929.62
-69194.66 -21929.62
-67963.02 -21929.62
-69063.74 -21929.62
-70089.90 -21929.62
-69906.71 -21929.62
-68446.59 -21929.62
-68939.68 -21929.62
-69118.31 -21929.62
-68487.02 -21929.62
-68991.17 -21929.62
-69593.71 -21929.62
-69157.31 -21929.62
-69119.62 -21929.62
-66653.47 -21929.62
-69563.00 -21929.62
-68344.01 -21929.62
-69612.45 -21929.62
-69594.03 -21929.62
-68920.32 -21929.62
-69115.48 -21929.62
-67980.45 -21929.62
-68748.73 -21929.62
-68577.10 -21929.62
-69204.83 -21929.62
-68522.07 -21929.62
-69805.99 -21929.62
-68230.42 -21929.62
-68527.66 -21929.62
-68536.08 -21929.62
-68558.61 -21929.62
-69180.58 -21929.62
-68260.78 -21929.62
-68228.72 -21929.62
-69108.08 -21929.62
-67034.67 -21929.62
-67593.08 -21929.62
-69206.78 -21929.62
-67917.13 -21929.62
-68681.32 -21929.62
-69904.71 -21929.62
-69123.10 -21929.62
-68479.33 -21929.62
-68073.93 -21929.62
-69143.94 -21929.62
-68621.62 -21929.62
-68409.25 -21929.62
-67714.22 -21929.62
-69387.95 -21929.62
-69153.81 -21929.62
-68623.03 -21929.62
-68215.31 -21929.62
-67848.01 -21929.62
-69649.25 -21929.62
-68021.54 -21929.62
-69030.64 -21929.62
-66997.57 -21929.62
-69526.18 -21929.62
-69160.91 -21929.62
-68330.40 -21929.62
-68488.54 -21929.62
-68058.52 -21929.62
-68583.61 -21929.62
-68884.84 -21929.62
-68260.46 -21929.62
-70540.96 -21929.62
-69037.29 -21929.62
-67208.21 -21929.62
-67940.10 -21929.62
-67974.08 -21929.62
-69230.20 -21929.62
-69146.75 -21929.62
-69936.17 -21929.62
-69065.79 -21929.62
-67630.02 -21929.62
-67822.69 -21929.62
-67995.55 -21929.62
-68485.17 -21929.62
-68261.05 -21929.62
-67929.72 -21929.62
-69175.25 -21929.62
-68655.21 -21929.62
-69311.32 -21929.62
-67701.73 -21929.62
-68174.92 -21929.62
-68463.82 -21929.62
-67312.89 -21929.62
-67633.32 -21929.62
-66767.59 -21929.62
-67984.52 -21929.62
-67348.13 -21929.62
-69362.94 -21929.62
-69820.11 -21929.62
-67951.88 -21929.62
-69358.90 -21929.62
-68490.74 -21929.62
-67537.74 -21929.62
-67968.41 -21929.62
-68296.82 -21929.62
-68902.87 -21929.62
-68552.49 -21929.62
-68963.85 -21929.62
-69122.49 -21929.62
-67819.18 -21929.62
-69818.84 -21929.62
-69723.95 -21929.62
-69373.44 -21929.62
-69590.23 -21929.62
-67985.33 -21929.62
-68638.80 -21929.62
-68913.32 -21929.62
-67712.94 -21929.62
-66902.51 -21929.62
-69556.46 -21929.62
-68162.02 -21929.62
-69258.57 -21929.62
-68663.40 -21929.62
-68414.27 -21929.62
-68052.94 -21929.62
-68054.79 -21929.62
-67989.67 -21929.62
-69255.23 -21929.62
-68414.58 -21929.62
-69234.22 -21929.62
-68738.85 -21929.62
-68705.23 -21929.62
-69864.03 -21929.62
-69657.02 -21929.62
-68308.98 -68308.98
-67987.98 -67987.98
-67124.83 -67124.83
