-10000.00 -10000.00
-1082.86 -10000.00
-1078.91 -10000.00
-1054.23 -1054.23
-1035.21 -1035.21
-1050.08 -1035.21
-1019.97 -1019.97
-1036.19 -1019.97
-1023.96 -1019.97
-1024.15 -1019.97
-1022.32 -1019.97
-1040.28 -1019.97
-1014.76 -1014.76
-1029.32 -1014.76
-996.15 -996.15
-986.18 -986.18
-989.28 -986.18
-936.11 -936.11
-961.49 -936.11
-910.43 -910.43
-893.10 -893.10
-881.62 -881.62
-877.99 -877.99
-884.84 -877.99
-818.61 -818.61
-782.38 -782.38
-775.60 -775.60
-761.43 -761.43
-766.81 -761.43
-771.44 -761.43
-767.60 -761.43
-725.70 -725.70
-719.39 -719.39
-665.00 -665.00
-681.37 -665.00
-601.40 -601.40
-582.20 -582.20
-581.98 -581.98
-597.90 -581.98
-588.39 -581.98
-586.98 -581.98
-594.08 -581.98
-573.02 -573.02
-631.54 -573.02
-572.65 -572.65
-583.24 -572.65
-571.06 -571.06
-586.92 -571.06
-573.63 -571.06
-590.25 -571.06
-572.62 -572.62
-608.73 -572.62
-584.96 -572.62
-587.30 -572.62
-573.43 -573.43
-592.41 -573.43
-576.84 -573.43
-571.07 -571.07
-573.80 -571.07
-615.10 -571.07
-572.55 -571.07
-573.43 -571.07
-585.49 -571.07
-589.63 -571.07
-585.23 -571.07
-586.13 -571.07
-584.96 -571.07
-573.25 -571.07
-572.79 -572.79
-573.41 -573.41
-582.42 -573.41
-573.13 -573.13
-572.64 -572.64
-595.53 -572.64
-588.77 -572.64
-585.51 -572.64
-581.87 -572.64
-583.16 -572.64
-589.57 -572.64
-590.16 -572.64
-575.09 -572.64
-579.15 -572.64
-601.88 -572.64
-586.05 -572.64
-573.68 -573.68
-572.55 -572.55
-588.78 -572.55
-595.33 -572.55
-608.25 -572.55
-582.88 -572.55
-571.04 -571.04
-584.75 -571.04
-572.98 -571.04
-573.23 -571.04
-641.76 -571.04
-572.49 -571.04
-617.09 -571.04
-572.61 -571.04
-573.13 -571.04
-582.02 -571.04
-589.60 -571.04
-587.94 -571.04
-572.89 -571.04
-587.71 -571.04
-573.52 -571.04
-582.88 -571.04
-587.96 -571.04
-591.63 -571.04
-586.51 -571.04
-572.39 -571.04
-572.54 -571.04
-572.82 -571.04
-588.46 -571.04
-573.43 -571.04
-582.00 -571.04
-605.65 -571.04
-572.81 -571.04
-585.22 -571.04
-582.43 -571.04
-585.43 -571.04
-572.61 -572.61
-618.55 -572.61
-572.41 -572.41
-585.50 -572.41
-584.96 -572.41
-583.11 -572.41
-572.95 -572.95
-585.43 -572.95
-589.38 -572.95
-586.46 -572.95
-592.62 -572.95
-572.73 -572.73
-588.53 -572.73
-585.46 -572.73
-588.68 -572.73
-585.43 -572.73
-584.80 -572.73
-571.04 -571.04
-572.63 -571.04
-573.04 -571.04
-572.96 -571.04
-574.50 -571.04
-587.51 -571.04
-615.17 -571.04
-587.40 -571.04
-573.16 -571.04
-591.44 -571.04
-575.87 -571.04
-600.33 -571.04
-587.40 -571.04
-581.98 -571.04
-573.46 -573.46
-572.92 -572.92
-573.66 -573.66
-573.09 -573.09
-572.56 -572.56
-595.42 -572.56
-590.15 -572.56
-581.38 -572.56
-572.64 -572.64
-572.67 -572.67
-571.03 -571.03
-575.87 -571.03
-585.23 -571.03
-584.72 -571.03
-572.88 -571.03
-582.42 -571.03
-592.53 -571.03
-595.22 -571.03
-588.69 -571.03
-571.04 -571.04
-572.61 -571.04
-602.62 -571.04
-571.06 -571.06
-582.28 -571.06
-574.32 -574.32
-585.43 -574.32
-588.95 -574.32
-572.62 -572.62
-572.66 -572.66
-574.70 -572.66
-585.80 -572.66
-573.81 -572.66
-595.43 -572.66
-581.56 -572.66
-584.72 -572.66
-607.29 -572.66
-588.86 -572.66
-593.05 -572.66
-572.94 -572.94
-577.32 -572.94
-590.46 -572.94
-585.38 -572.94
-587.31 -572.94
-572.64 -572.64
-572.56 -572.56
-585.37 -572.56
-585.22 -572.56
-590.04 -572.56
-584.74 -572.56
-589.61 -572.56
-573.44 -572.56
-590.77 -572.56
-575.27 -572.56
-591.47 -572.56
-611.20 -572.56
-593.09 -572.56
-588.68 -572.56
-595.34 -572.56
-574.56 -572.56
-573.40 -572.56
-585.07 -572.56
-588.78 -572.56
-590.90 -572.56
-585.67 -572.56
-572.45 -572.45
-584.60 -572.45
-584.79 -572.45
-585.19 -572.45
-597.66 -572.45
-594.79 -572.45
-585.51 -572.45
-588.65 -572.45
-572.89 -572.89
-587.94 -572.89
-601.47 -572.89
-588.61 -572.89
-588.22 -572.89
-588.22 -572.89
-575.90 -572.89
-573.30 -572.89
-580.67 -572.89
-573.85 -572.89
-584.65 -572.89
-595.34 -572.89
-588.42 -572.89
-573.09 -573.09
-600.11 -573.09
-577.18 -573.09
-586.67 -573.09
-572.46 -572.46
-572.64 -572.64
-592.17 -572.64
-582.57 -572.64
-573.75 -572.64
-573.16 -573.16
-572.74 -572.74
-586.51 -572.74
-572.77 -572.77
-573.46 -573.46
-574.26 -573.46
-579.15 -573.46
-588.11 -573.46
-574.66 -573.46
-586.03 -573.46
-617.04 -573.46
-588.20 -573.46
-573.24 -573.24
-587.12 -573.24
-596.31 -573.24
-573.08 -573.08
-572.84 -572.84
-590.65 -572.84
-585.17 -572.84
-573.21 -572.84
-587.69 -572.84
-590.86 -572.84
-602.03 -572.84
-573.75 -572.84
-585.19 -572.84
-590.14 -572.84
-588.92 -572.84
-584.69 -572.84
-588.42 -572.84
-572.83 -572.83
-601.14 -572.83
-573.67 -572.83
-573.02 -573.02
-585.11 -573.02
-574.89 -573.02
-589.31 -573.02
-607.07 -573.02
-585.72 -573.02
-572.83 -572.83
-572.62 -572.62
-583.48 -572.62
-588.94 -572.62
-592.64 -572.62
-589.42 -572.62
-589.22 -572.62
-572.65 -572.65
-586.52 -572.65
-577.85 -572.65
-574.45 -572.65
-597.80 -572.65
-588.83 -572.65
-573.45 -572.65
-582.58 -572.65
-591.25 -572.65
-585.13 -572.65
-573.81 -572.65
-573.51 -573.51
-595.11 -573.51
-574.67 -573.51
-572.73 -572.73
-587.63 -572.73
-587.27 -572.73
-595.99 -572.73
-618.45 -572.73
-590.18 -572.73
-588.94 -572.73
-571.06 -571.06
-572.76 -571.06
-575.39 -571.06
-586.21 -571.06
-591.82 -571.06
-591.97 -571.06
-573.90 -571.06
-573.43 -571.06
-574.36 -571.06
-589.44 -571.06
-584.47 -571.06
-588.63 -571.06
-573.35 -571.06
-574.83 -571.06
-589.30 -571.06
-572.62 -571.06
-595.22 -571.06
-574.84 -571.06
-572.98 -572.98
-591.23 -572.98
-585.94 -572.98
-572.94 -572.94
-611.12 -572.94
-584.26 -572.94
-588.42 -572.94
-584.72 -572.94
-585.50 -572.94
-585.73 -572.94
-595.46 -572.94
-588.76 -572.94
-582.46 -572.94
-572.63 -572.63
-584.75 -572.63
-585.34 -572.63
-572.55 -572.55
-573.44 -572.55
-587.73 -572.55
-573.01 -573.01
-589.78 -573.01
-588.38 -573.01
-586.57 -573.01
-584.47 -573.01
-581.96 -573.01
-614.48 -573.01
-580.35 -573.01
-588.83 -573.01
-588.77 -573.01
-594.28 -573.01
-572.81 -572.81
-586.24 -572.81
-571.08 -571.08
-572.79 -571.08
-583.14 -571.08
-593.28 -571.08
-596.69 -571.08
-586.58 -571.08
-588.14 -571.08
-582.56 -571.08
-573.16 -571.08
-597.15 -571.08
-593.40 -571.08
-579.11 -571.08
-572.82 -572.82
-574.29 -572.82
-573.46 -572.82
-598.36 -572.82
-640.60 -572.82
-586.98 -572.82
-589.34 -572.82
-573.66 -573.66
-587.29 -573.66
-572.77 -572.77
-573.43 -573.43
-588.02 -573.43
-588.08 -573.43
-572.63 -572.63
-573.16 -573.16
-585.48 -573.16
-621.07 -573.16
-596.30 -573.16
-597.89 -573.16
-588.29 -573.16
-586.12 -573.16
-588.96 -573.16
-588.42 -573.16
-588.02 -573.16
-595.30 -573.16
-624.49 -573.16
-591.89 -573.16
-617.04 -573.16
-595.25 -573.16
-608.24 -573.16
-586.86 -573.16
-583.00 -573.16
-584.66 -573.16
-581.87 -573.16
-611.65 -573.16
-585.58 -573.16
-572.84 -572.84
-589.52 -572.84
-573.16 -573.16
-585.61 -573.16
-586.15 -573.16
-588.26 -573.16
-588.03 -573.16
-573.48 -573.48
-591.85 -573.48
-1066.80 -573.48
-1078.35 -573.48
-1085.42 -573.48
-1057.96 -1057.96
-1061.57 -1057.96
-1078.19 -1057.96
-1049.29 -1049.29
-1059.50 -1049.29
-1058.75 -1049.29
-1039.07 -1039.07
-1022.42 -1022.42
-1011.47 -1011.47
-1006.25 -1006.25
-966.62 -966.62
-962.95 -962.95
-988.94 -962.95
-996.02 -962.95
-974.02 -962.95
-962.69 -962.69
-964.02 -962.69
-962.39 -962.39
-973.59 -962.39
-962.53 -962.39
-979.03 -962.39
-950.05 -950.05
-947.10 -947.10
-967.81 -947.10
-952.86 -947.10
-950.20 -950.20
-931.98 -931.98
-941.84 -931.98
-926.20 -926.20
-932.51 -926.20
-926.45 -926.45
-889.52 -889.52
-856.22 -856.22
-862.52 -856.22
-845.98 -845.98
-839.68 -839.68
-846.52 -839.68
-833.68 -833.68
-838.24 -833.68
-816.84 -816.84
-775.98 -775.98
-786.12 -775.98
-760.27 -760.27
-742.26 -742.26
-740.34 -740.34
-725.90 -725.90
-684.48 -684.48
-680.61 -680.61
-615.18 -615.18
-609.22 -609.22
-629.30 -609.22
-588.01 -588.01
-582.38 -582.38
-572.74 -572.74
-585.66 -572.74
-585.23 -572.74
-610.11 -572.74
-590.10 -572.74
-572.65 -572.65
-585.34 -572.65
-589.35 -572.65
-571.03 -571.03
-595.32 -571.03
-582.49 -571.03
-572.95 -572.95
-586.59 -572.95
-611.62 -572.95
-587.57 -572.95
-595.31 -572.95
-572.92 -572.92
-588.28 -572.92
-585.28 -572.92
-586.96 -572.92
-583.09 -572.92
-572.63 -572.63
-601.21 -572.63
-573.15 -572.63
-586.22 -572.63
-575.15 -572.63
-582.13 -572.63
-597.56 -572.63
-573.29 -572.63
-590.03 -572.63
-585.02 -572.63
-575.85 -572.63
-588.29 -572.63
-611.65 -572.63
-571.06 -571.06
-587.69 -571.06
-589.34 -571.06
-589.37 -571.06
-582.51 -571.06
-572.92 -571.06
-573.27 -571.06
-581.80 -571.06
-589.10 -571.06
-579.15 -571.06
-573.22 -571.06
-595.34 -571.06
-573.45 -571.06
-587.35 -571.06
-583.57 -571.06
-572.55 -571.06
-574.47 -571.06
-572.98 -572.98
-595.32 -572.98
-572.93 -572.93
-587.98 -572.93
-585.56 -572.93
-581.96 -572.93
-579.14 -572.93
-573.70 -573.70
-589.37 -573.70
-580.00 -573.70
-573.35 -573.35
-574.41 -574.41
-587.30 -574.41
-597.49 -574.41
-579.13 -574.41
-572.40 -572.40
-582.00 -572.40
-589.12 -572.40
-590.74 -572.40
-585.55 -572.40
-592.92 -572.40
-585.57 -572.40
-590.31 -572.40
-589.20 -572.40
-572.78 -572.78
-571.06 -571.06
-577.31 -571.06
-572.64 -571.06
-588.32 -571.06
-585.11 -571.06
-573.44 -573.44
-596.14 -573.44
-571.08 -571.08
-589.19 -571.08
-586.61 -571.08
-572.73 -571.08
-572.64 -571.08
-572.87 -571.08
-579.15 -571.08
-577.32 -571.08
-573.06 -571.08
-588.79 -571.08
-572.78 -572.78
-582.90 -572.78
-582.41 -572.78
-577.91 -572.78
-587.43 -572.78
-595.36 -572.78
-582.01 -572.78
-572.87 -572.87
-590.75 -572.87
-574.27 -572.87
-615.11 -572.87
-572.80 -572.80
-585.67 -572.80
-573.43 -572.80
-573.48 -573.48
-596.18 -573.48
-573.39 -573.39
-572.63 -572.63
-582.14 -572.63
-572.83 -572.63
-582.38 -572.63
-590.73 -572.63
-573.22 -573.22
-573.43 -573.43
-591.47 -573.43
-580.41 -573.43
-600.33 -573.43
-574.92 -573.43
-572.86 -572.86
-597.67 -572.86
-595.44 -572.86
-588.76 -572.86
-581.45 -572.86
-576.60 -572.86
-576.88 -572.86
-580.38 -572.86
-582.14 -572.86
-572.65 -572.65
-589.04 -572.65
-585.55 -572.65
-590.10 -572.65
-584.15 -572.65
-577.08 -572.65
-572.83 -572.83
-572.61 -572.61
-573.83 -572.61
-595.35 -572.61
-585.33 -572.61
-591.58 -572.61
-587.57 -572.61
-573.62 -573.62
-587.60 -573.62
-587.54 -573.62
-573.38 -573.38
-572.51 -572.51
-588.55 -572.51
-595.32 -572.51
-572.66 -572.66
-581.94 -572.66
-574.51 -574.51
-572.94 -572.94
-572.41 -572.41
-573.14 -573.14
-588.64 -573.14
-585.51 -573.14
-587.36 -573.14
-584.64 -573.14
-583.02 -573.14
-588.23 -573.14
-592.63 -573.14
-585.41 -573.14
-588.73 -573.14
-573.47 -573.47
-582.60 -573.47
-574.89 -574.89
-592.73 -574.89
-572.65 -572.65
-582.59 -572.65
-573.41 -573.41
-580.66 -573.41
-572.62 -572.62
-587.97 -572.62
-585.47 -572.62
-584.96 -572.62
-594.87 -572.62
-575.27 -572.62
-583.06 -572.62
-582.56 -572.62
-577.13 -572.62
-572.82 -572.82
-587.53 -572.82
-588.33 -572.82
-573.73 -572.82
-572.62 -572.62
-573.95 -573.95
-573.92 -573.92
-572.63 -572.63
-585.24 -572.63
-572.80 -572.80
-572.66 -572.66
-589.60 -572.66
-575.07 -572.66
-587.59 -572.66
-588.75 -572.66
-573.66 -572.66
-593.40 -572.66
-572.61 -572.61
-573.46 -572.61
-572.63 -572.63
-592.37 -572.63
-588.71 -572.63
-571.07 -571.07
-588.67 -571.07
-572.92 -571.07
-575.28 -571.07
-588.90 -571.07
-574.41 -571.07
-581.85 -571.07
-584.27 -571.07
-587.58 -571.07
-573.46 -571.07
-579.11 -571.07
-577.13 -571.07
-577.91 -571.07
-572.45 -571.07
-574.50 -571.07
-572.96 -571.07
-572.64 -571.07
-585.55 -571.07
-585.10 -571.07
-582.52 -571.07
-580.54 -571.07
-586.58 -571.07
-588.33 -571.07
-573.39 -571.07
-572.94 -571.07
-595.34 -571.07
-588.95 -571.07
-584.70 -571.07
-573.46 -571.07
-577.93 -571.07
-573.27 -571.07
-582.83 -571.07
-583.07 -571.07
-573.23 -571.07
-588.82 -571.07
-585.59 -571.07
-588.93 -571.07
-572.61 -571.07
-587.64 -571.07
-572.64 -571.07
-573.46 -571.07
-588.27 -571.07
-591.24 -571.07
-581.57 -571.07
-587.76 -571.07
-582.07 -571.07
-590.16 -571.07
-573.24 -571.07
-588.44 -571.07
-595.72 -571.07
-572.95 -571.07
-573.83 -571.07
-621.13 -571.07
-589.22 -571.07
-588.82 -571.07
-572.90 -571.07
-586.27 -571.07
-572.62 -571.07
-573.28 -571.07
-582.53 -571.07
-573.22 -573.22
-587.09 -573.22
-573.43 -573.43
-573.42 -573.42
-587.74 -573.42
-574.58 -573.42
-571.08 -571.08
-572.66 -571.08
-575.05 -571.08
-595.35 -571.08
-587.52 -571.08
-587.77 -571.08
-595.36 -571.08
-585.49 -571.08
-572.54 -571.08
-587.83 -571.08
-575.96 -571.08
-573.45 -571.08
-591.24 -571.08
-585.63 -571.08
-621.12 -571.08
-573.18 -573.18
-597.26 -573.18
-575.87 -573.18
-586.48 -573.18
-572.65 -572.65
-588.92 -572.65
-583.47 -572.65
-574.90 -572.65
-586.23 -572.65
-573.15 -572.65
-572.82 -572.82
-572.43 -572.43
-588.89 -572.43
-573.05 -573.05
-586.19 -573.05
-587.02 -573.05
-598.30 -573.05
-587.79 -573.05
-573.33 -573.33
-611.63 -573.33
-575.14 -573.33
-573.29 -573.29
-600.07 -573.29
-573.45 -573.45
-574.48 -573.45
-572.93 -572.93
-573.31 -572.93
-584.61 -572.93
-584.74 -572.93
-572.65 -572.65
-587.07 -572.65
-572.76 -572.76
-621.13 -572.76
-591.22 -572.76
-592.35 -572.76
-573.15 -573.15
-587.79 -573.15
-572.87 -572.87
-584.75 -572.87
-584.96 -572.87
-573.41 -573.41
-594.94 -573.41
-595.47 -573.41
-587.76 -573.41
-577.39 -573.41
-581.41 -573.41
-574.22 -574.22
-577.20 -574.22
-572.79 -572.79
-587.31 -572.79
-596.71 -572.79
-586.26 -572.79
-572.90 -572.90
-573.22 -573.22
-573.45 -573.45
-592.81 -573.45
-583.16 -573.45
-572.92 -572.92
-584.25 -572.92
-585.33 -572.92
-583.21 -572.92
-573.45 -573.45
-596.67 -573.45
-585.55 -573.45
-587.13 -573.45
-603.87 -573.45
-572.61 -572.61
-588.55 -572.61
-572.67 -572.67
-583.07 -572.67
-585.22 -572.67
-592.36 -572.67
-572.60 -572.60
-577.39 -572.60
-573.13 -573.13
-1042.01 -1042.01
-1019.87 -1019.87
-1019.63 -1019.63
-1035.99 -1019.63
-999.99 -999.99
-1003.86 -999.99
-1014.74 -999.99
-996.40 -996.40
-992.63 -992.63
-947.45 -947.45
-974.36 -947.45
-951.47 -947.45
-949.08 -947.45
-964.40 -947.45
-949.91 -947.45
-960.94 -947.45
-945.97 -945.97
-954.09 -945.97
-951.68 -945.97
-970.21 -945.97
-964.10 -945.97
-922.49 -922.49
-946.99 -922.49
-918.73 -918.73
-919.52 -918.73
-913.77 -913.77
-924.90 -913.77
-897.16 -897.16
-894.78 -894.78
-926.18 -894.78
-917.52 -894.78
-889.19 -889.19
-886.14 -886.14
-855.79 -855.79
-834.77 -834.77
-818.25 -818.25
-803.37 -803.37
-820.64 -803.37
-749.00 -749.00
-742.38 -742.38
-740.89 -740.89
-744.83 -740.89
-737.58 -737.58
-778.22 -737.58
-739.51 -737.58
-761.63 -737.58
-692.69 -692.69
-719.77 -692.69
-742.61 -692.69
-730.97 -692.69
-739.68 -692.69
-690.12 -690.12
-745.06 -690.12
-709.76 -690.12
-675.83 -675.83
-697.59 -675.83
-666.76 -666.76
-661.80 -661.80
-650.16 -650.16
-604.06 -604.06
-650.84 -604.06
-593.64 -593.64
-591.28 -591.28
-589.49 -589.49
-608.67 -589.49
-585.25 -585.25
-588.23 -588.23
-572.42 -572.42
-621.13 -572.42
-582.17 -572.42
-573.48 -573.48
-592.51 -573.48
-590.47 -573.48
-588.82 -573.48
-574.91 -573.48
-573.41 -573.41
-596.28 -573.41
-583.21 -573.41
-587.33 -573.41
-587.46 -573.41
-585.54 -573.41
-585.43 -573.41
-585.57 -573.41
-581.95 -573.41
-588.08 -573.41
-589.46 -573.41
-589.30 -573.41
-585.50 -573.41
-574.42 -574.42
-591.96 -574.42
-588.00 -574.42
-590.45 -574.42
-581.69 -574.42
-573.19 -573.19
-574.93 -573.19
-573.26 -573.26
-621.14 -573.26
-573.17 -573.17
-584.90 -573.17
-572.61 -572.61
-586.19 -572.61
-574.93 -572.61
-585.28 -572.61
-573.88 -572.61
-573.10 -573.10
-590.08 -573.10
-573.99 -573.10
-574.50 -574.50
-574.27 -574.27
-582.85 -574.27
-587.40 -574.27
-590.17 -574.27
-587.26 -574.27
-587.91 -574.27
-586.44 -574.27
-590.08 -574.27
-587.68 -574.27
-575.43 -574.27
-599.26 -574.27
-572.62 -572.62
-572.64 -572.64
-587.37 -572.64
-575.35 -572.64
-573.13 -573.13
-575.17 -573.13
-588.46 -573.13
-577.89 -573.13
-572.67 -572.67
-611.64 -572.67
-572.82 -572.82
-585.36 -572.82
-573.61 -572.82
-574.81 -574.81
-573.28 -573.28
-582.55 -573.28
-573.27 -573.27
-574.43 -573.27
-588.22 -573.27
-572.89 -572.89
-586.11 -572.89
-574.56 -572.89
-586.10 -572.89
-573.85 -572.89
-573.21 -573.21
-588.90 -573.21
-596.15 -573.21
-572.62 -572.62
-572.91 -572.91
-574.78 -572.91
-596.25 -572.91
-592.62 -572.91
-574.25 -572.91
-572.88 -572.88
-572.61 -572.61
-585.45 -572.61
-573.46 -573.46
-585.15 -573.46
-587.88 -573.46
-588.98 -573.46
-575.35 -573.46
-573.46 -573.46
-573.90 -573.90
-587.57 -573.90
-592.33 -573.90
-586.47 -573.90
-575.19 -573.90
-574.41 -574.41
-572.62 -572.62
-585.57 -572.62
-575.27 -572.62
-595.67 -572.62
-572.65 -572.62
-572.63 -572.62
-574.41 -572.62
-573.65 -572.62
-597.61 -572.62
-571.06 -571.06
-589.19 -571.06
-589.43 -571.06
-581.72 -571.06
-587.98 -571.06
-573.43 -571.06
-573.27 -571.06
-584.75 -571.06
-574.84 -571.06
-585.61 -571.06
-584.96 -571.06
-577.03 -571.06
-587.46 -571.06
-571.07 -571.07
-584.97 -571.07
-573.05 -573.05
-575.02 -573.05
-572.98 -572.98
-588.93 -572.98
-585.11 -572.98
-585.71 -572.98
-588.82 -572.98
-595.33 -572.98
-587.46 -572.98
-586.40 -572.98
-572.81 -572.81
-596.21 -572.81
-575.29 -572.81
-573.40 -572.81
-579.13 -572.81
-587.99 -572.81
-583.23 -572.81
-573.45 -573.45
-573.43 -573.43
-572.83 -572.83
-572.61 -572.61
-584.74 -572.61
-575.49 -572.61
-589.32 -572.61
-582.64 -572.61
-587.90 -572.61
-574.72 -574.72
-572.85 -572.85
-573.13 -573.13
-573.89 -573.13
-587.05 -573.13
-573.46 -573.13
-586.10 -573.13
-572.84 -572.84
-586.15 -572.84
-573.73 -573.73
-575.31 -573.73
-575.41 -575.41
-589.07 -575.41
-575.17 -575.17
-573.61 -573.61
-572.84 -572.84
-572.63 -572.63
-573.45 -572.63
-585.40 -572.63
-579.14 -572.63
-572.81 -572.81
-573.32 -573.32
-587.08 -573.32
-572.91 -572.91
-587.28 -572.91
-572.90 -572.90
-588.11 -572.90
-573.11 -573.11
-589.47 -573.11
-588.13 -573.11
-573.16 -573.16
-582.54 -573.16
-587.32 -573.16
-597.05 -573.16
-584.28 -573.16
-584.91 -573.16
-572.84 -572.84
-581.98 -572.84
-573.24 -573.24
-579.12 -573.24
-591.73 -573.24
-573.46 -573.46
-573.43 -573.43
-573.02 -573.02
-588.83 -573.02
-588.93 -573.02
-575.87 -573.02
-588.76 -573.02
-573.45 -573.02
-572.82 -572.82
-572.79 -572.79
-588.93 -572.79
-592.33 -572.79
-587.36 -572.79
-573.87 -572.79
-573.02 -573.02
-573.80 -573.02
-588.16 -573.02
-585.94 -573.02
-588.50 -573.02
-574.94 -573.02
-572.62 -572.62
-581.93 -572.62
-582.58 -572.62
-573.58 -572.62
-586.33 -572.62
-572.87 -572.62
-574.34 -574.34
-575.35 -574.34
-593.95 -574.34
-597.80 -574.34
-593.05 -574.34
-575.94 -574.34
-588.52 -574.34
-573.43 -573.43
-573.02 -573.02
-585.45 -573.02
-588.01 -573.02
-587.69 -573.02
-585.10 -573.02
-572.65 -572.65
-587.37 -572.65
-581.87 -572.65
-587.95 -572.65
-585.16 -572.65
-577.22 -572.65
-572.65 -572.65
-572.99 -572.99
-574.44 -572.99
-603.48 -572.99
-573.26 -573.26
-587.58 -573.26
-572.77 -572.77
-572.65 -572.65
-577.29 -572.65
-574.71 -572.65
-583.48 -572.65
-571.03 -571.03
-572.60 -571.03
-587.52 -571.03
-585.44 -571.03
-586.41 -571.03
-595.29 -571.03
-575.47 -571.03
-572.86 -572.86
-572.63 -572.63
-572.95 -572.63
-573.91 -573.91
-590.00 -573.91
-580.55 -573.91
-589.01 -573.91
-590.84 -573.91
-598.35 -573.91
-591.74 -573.91
-586.40 -573.91
-572.61 -572.61
-580.61 -572.61
-586.59 -572.61
-574.49 -572.61
-572.66 -572.66
-587.06 -572.66
-575.35 -572.66
-590.16 -572.66
-573.57 -572.66
-587.04 -572.66
-577.16 -572.66
-587.98 -572.66
-577.29 -572.66
-574.72 -574.72
-587.86 -574.72
-573.16 -573.16
-573.41 -573.41
-575.90 -573.41
-587.34 -573.41
-584.64 -573.41
-595.42 -573.41
-573.45 -573.45
-572.81 -572.81
-586.23 -572.81
-585.62 -572.81
-574.57 -572.81
-587.44 -572.81
-573.46 -572.81
-588.39 -572.81
-586.13 -572.81
-573.86 -573.86
-572.92 -572.92
-589.15 -572.92
-573.34 -573.34
-573.10 -573.10
-572.47 -572.47
-575.08 -572.47
-581.59 -572.47
-589.34 -572.47
-585.31 -572.47
-572.65 -572.65
-572.95 -572.95
-585.12 -572.95
-572.66 -572.66
-579.11 -572.66
-572.91 -572.66
-585.61 -572.66
-582.57 -572.66
-575.18 -572.66
-573.16 -573.16
-573.61 -573.61
-572.43 -572.43
-585.34 -572.43
-579.92 -572.43
-587.47 -572.43
-589.10 -572.43
-592.34 -572.43
-592.28 -572.43
-573.47 -572.43
-573.61 -572.43
-621.11 -572.43
-584.39 -572.43
-575.48 -572.43
-575.43 -572.43
-578.67 -572.43
-573.47 -573.47
-572.94 -572.94
-573.25 -573.25
-572.65 -572.65
-585.48 -572.65
-572.76 -572.76
-611.63 -572.76
-585.31 -572.76
-585.48 -572.76
-583.10 -572.76
-586.18 -572.76
-585.77 -572.76
-577.33 -572.76
-590.04 -572.76
-599.37 -572.76
-571.03 -571.03
-585.87 -571.03
-572.51 -571.03
-573.44 -571.03
-1080.47 -571.03
-1074.75 -571.03
-1061.68 -1061.68
-1035.26 -1035.26
-1019.05 -1019.05
-1029.81 -1019.05
-1015.67 -1015.67
-999.11 -999.11
-1002.91 -999.11
-1012.34 -999.11
-1001.76 -999.11
-1011.49 -999.11
-1012.30 -999.11
-1001.21 -999.11
-1000.38 -999.11
-989.27 -989.27
-1012.44 -989.27
-995.35 -989.27
-975.06 -975.06
-933.19 -933.19
-944.44 -933.19
-915.02 -915.02
-892.98 -892.98
-890.96 -890.96
-893.55 -890.96
-888.86 -888.86
-888.77 -888.77
-887.95 -887.95
-887.78 -887.78
-859.72 -859.72
-881.17 -859.72
-841.07 -841.07
-856.86 -841.07
-842.09 -842.09
-872.55 -842.09
-828.38 -828.38
-821.19 -821.19
-835.07 -821.19
-820.37 -820.37
-817.97 -817.97
-820.44 -817.97
-790.50 -790.50
-783.18 -783.18
-820.29 -783.18
-767.64 -767.64
-828.43 -767.64
-783.93 -767.64
-749.87 -749.87
-756.46 -749.87
-763.52 -749.87
-752.04 -749.87
-744.70 -744.70
-701.57 -701.57
-698.31 -698.31
-650.49 -650.49
-652.02 -652.02
-616.18 -616.18
-607.13 -607.13
-630.81 -607.13
-587.73 -587.73
-585.71 -585.71
-573.45 -573.45
-615.18 -573.45
-582.60 -573.45
-573.97 -573.97
-583.04 -573.97
-587.39 -573.97
-574.23 -574.23
-573.10 -573.10
-573.33 -573.33
-573.67 -573.67
-588.00 -573.67
-615.13 -573.67
-572.66 -572.66
-591.95 -572.66
-588.07 -572.66
-605.40 -572.66
-572.61 -572.61
-592.38 -572.61
-573.83 -573.83
-582.61 -573.83
-574.46 -574.46
-573.85 -573.85
-572.63 -572.63
-587.83 -572.63
-573.73 -572.63
-572.63 -572.63
-586.19 -572.63
-587.95 -572.63
-573.87 -572.63
-572.94 -572.94
-577.16 -572.94
-586.27 -572.94
-572.93 -572.93
-588.80 -572.93
-587.64 -572.93
-584.70 -572.93
-572.42 -572.42
-580.67 -572.42
-575.36 -572.42
-595.44 -572.42
-572.63 -572.63
-589.82 -572.63
-573.55 -573.55
-583.15 -573.55
-572.65 -572.65
-595.45 -572.65
-585.19 -572.65
-584.66 -572.65
-584.60 -572.65
-595.37 -572.65
-574.45 -572.65
-588.76 -572.65
-573.46 -573.46
-577.04 -573.46
-588.81 -573.46
-585.80 -573.46
-589.34 -573.46
-573.20 -573.20
-577.92 -573.20
-585.41 -573.20
-585.34 -573.20
-575.50 -573.20
-573.21 -573.21
-573.17 -573.17
-572.73 -572.73
-584.80 -572.73
-586.12 -572.73
-591.11 -572.73
-574.86 -572.73
-573.34 -573.34
-573.68 -573.68
-595.34 -573.68
-571.04 -571.04
-592.45 -571.04
-572.61 -572.61
-590.14 -572.61
-574.88 -572.61
-574.76 -572.61
-571.08 -571.08
-573.70 -571.08
-587.30 -571.08
-589.40 -571.08
-589.97 -571.08
-584.70 -571.08
-573.12 -571.08
-584.96 -571.08
-572.98 -571.08
-584.69 -571.08
-594.77 -571.08
-575.46 -571.08
-583.18 -571.08
-572.89 -571.08
-573.38 -571.08
-589.63 -571.08
-573.74 -573.74
-589.43 -573.74
-587.80 -573.74
-585.73 -573.74
-573.16 -573.16
-574.27 -574.27
-590.38 -574.27
-592.40 -574.27
-573.51 -573.51
-574.71 -573.51
-573.22 -573.22
-588.50 -573.22
-572.84 -572.84
-587.74 -572.84
-573.35 -572.84
-589.35 -572.84
-573.43 -573.43
-588.66 -573.43
-573.83 -573.83
-592.19 -573.83
-573.14 -573.14
-589.74 -573.14
-589.98 -573.14
-585.17 -573.14
-586.81 -573.14
-592.22 -573.14
-574.23 -573.14
-572.96 -572.96
-582.44 -572.96
-582.43 -572.96
-572.96 -572.96
-574.56 -572.96
-590.16 -572.96
-571.08 -571.08
-573.14 -571.08
-575.33 -571.08
-572.62 -571.08
-572.99 -571.08
-582.62 -571.08
-588.99 -571.08
-573.15 -573.15
-590.01 -573.15
-583.08 -573.15
-573.43 -573.43
-572.90 -572.90
-572.81 -572.81
-573.16 -573.16
-583.46 -573.16
-594.68 -573.16
-573.15 -573.15
-573.06 -573.06
-575.88 -573.06
-583.85 -573.06
-573.86 -573.06
-595.38 -573.06
-575.50 -573.06
-573.41 -573.41
-582.57 -573.41
-572.62 -572.62
-574.81 -572.62
-581.70 -572.62
-587.86 -572.62
-571.04 -571.04
-573.07 -571.04
-574.67 -571.04
-589.73 -571.04
-588.85 -571.04
-588.71 -571.04
-587.88 -571.04
-588.06 -571.04
-590.37 -571.04
-591.56 -571.04
-572.80 -571.04
-589.19 -571.04
-588.94 -571.04
-582.70 -571.04
-573.97 -571.04
-573.09 -571.04
-587.04 -571.04
-573.06 -571.04
-573.41 -571.04
-573.55 -571.04
-585.48 -571.04
-573.43 -571.04
-588.68 -571.04
-599.51 -571.04
-574.52 -574.52
-571.05 -571.05
-582.00 -571.05
-577.91 -571.05
-584.52 -571.05
-588.50 -571.05
-577.83 -571.05
-573.96 -571.05
-573.45 -571.05
-585.52 -571.05
-572.67 -572.67
-572.61 -572.61
-575.42 -572.61
-573.44 -573.44
-577.85 -573.44
-587.82 -573.44
-585.61 -573.44
-593.73 -573.44
-577.00 -573.44
-572.62 -572.62
-572.36 -572.36
-572.64 -572.64
-580.03 -572.64
-587.62 -572.64
-572.69 -572.69
-588.52 -572.69
-573.46 -572.69
-588.57 -572.69
-585.60 -572.69
-573.35 -573.35
-588.72 -573.35
-587.28 -573.35
-585.19 -573.35
-581.86 -573.35
-586.13 -573.35
-589.21 -573.35
-572.65 -572.65
-588.90 -572.65
-577.27 -572.65
-573.62 -572.65
-589.12 -572.65
-573.68 -573.68
-573.38 -573.38
-572.73 -572.73
-572.62 -572.62
-577.11 -572.62
-577.04 -572.62
-575.96 -572.62
-573.36 -573.36
-597.68 -573.36
-573.08 -573.08
-586.35 -573.08
-575.38 -573.08
-585.54 -573.08
-573.66 -573.66
-575.20 -573.66
-577.28 -573.66
-573.46 -573.46
-581.98 -573.46
-597.77 -573.46
-572.92 -572.92
-583.19 -572.92
-588.83 -572.92
-584.65 -572.92
-586.66 -572.92
-579.92 -572.92
-573.45 -572.92
-572.89 -572.89
-572.74 -572.74
-581.98 -572.74
-589.68 -572.74
-573.11 -573.11
-581.86 -573.11
-572.66 -572.66
-572.61 -572.61
-575.23 -572.61
-572.92 -572.92
-589.88 -572.92
-587.77 -572.92
-585.37 -572.92
-573.43 -572.92
-573.43 -573.43
-590.40 -573.43
-573.05 -573.05
-587.73 -573.05
-621.13 -573.05
-573.43 -573.43
-572.89 -572.89
-582.50 -572.89
-584.81 -572.89
-574.66 -572.89
-590.09 -572.89
-572.63 -572.63
-573.45 -572.63
-589.41 -572.63
-574.43 -572.63
-581.88 -572.63
-585.57 -572.63
-578.31 -572.63
-581.96 -572.63
-592.48 -572.63
-589.69 -572.63
-618.49 -572.63
-586.49 -572.63
-594.61 -572.63
-575.88 -575.88
-573.36 -573.36
-572.92 -572.92
-586.44 -572.92
-587.69 -572.92
-572.94 -572.94
-572.49 -572.49
-586.97 -572.49
-605.14 -572.49
-581.89 -572.49
-587.76 -572.49
-573.11 -572.49
-579.14 -572.49
-573.90 -572.49
-585.50 -572.49
-591.12 -572.49
-573.14 -573.14
-581.95 -573.14
-574.39 -574.39
-590.08 -574.39
-574.27 -574.27
-573.45 -573.45
-589.39 -573.45
-583.06 -573.45
-573.08 -573.08
-573.45 -573.45
-611.65 -573.45
-573.53 -573.53
-572.65 -572.65
-573.93 -572.65
-588.65 -572.65
-572.63 -572.63
-573.66 -572.63
-572.40 -572.40
-574.23 -572.40
-584.40 -572.40
-581.93 -572.40
-572.83 -572.40
-581.97 -572.40
-574.22 -572.40
-590.10 -572.40
-596.17 -572.40
-572.62 -572.62
-585.16 -572.62
-588.10 -572.62
-586.27 -572.62
-572.94 -572.94
-588.26 -572.94
-573.08 -573.08
-589.86 -573.08
-592.69 -573.08
-573.33 -573.08
-601.89 -573.08
-571.04 -571.04
-586.97 -571.04
-579.91 -571.04
-585.51 -571.04
-615.02 -571.04
-585.52 -571.04
-572.84 -571.04
-575.42 -571.04
-572.86 -571.04
-587.32 -571.04
-589.01 -571.04
-581.86 -571.04
-574.86 -571.04
-573.42 -571.04
-572.92 -571.04
-573.11 -571.04
-573.43 -571.04
-1066.83 -571.04
-1057.96 -1057.96
-1077.98 -1057.96
-1073.30 -1057.96
-1066.72 -1057.96
-1066.44 -1057.96
-1038.77 -1038.77
-1053.73 -1038.77
-1031.11 -1031.11
-1038.70 -1031.11
-1024.33 -1024.33
-1026.76 -1024.33
-1003.99 -1003.99
-1029.06 -1003.99
-1038.49 -1003.99
-1003.76 -1003.76
-1013.35 -1003.76
-1012.11 -1003.76
-1002.30 -1002.30
-996.14 -996.14
-962.60 -962.60
-951.30 -951.30
-965.17 -951.30
-944.41 -944.41
-952.96 -944.41
-973.30 -944.41
-948.19 -944.41
-910.60 -910.60
-906.07 -906.07
-920.82 -906.07
-893.02 -893.02
-892.88 -892.88
-854.72 -854.72
-848.19 -848.19
-823.90 -823.90
-783.92 -783.92
-807.00 -783.92
-816.91 -783.92
-744.10 -744.10
-739.56 -739.56
-780.01 -739.56
-752.58 -739.56
-726.82 -726.82
-688.97 -688.97
-738.02 -688.97
-712.25 -688.97
-700.92 -688.97
-704.92 -688.97
-689.75 -688.97
-676.06 -676.06
-713.78 -676.06
-675.37 -675.37
-726.59 -675.37
-705.19 -675.37
-653.40 -653.40
-652.42 -652.42
-642.26 -642.26
-670.19 -642.26
-653.85 -642.26
-620.93 -620.93
-610.36 -610.36
-596.33 -596.33
-607.53 -596.33
-648.84 -596.33
-631.15 -596.33
-601.35 -596.33
-582.11 -582.11
-618.44 -582.11
-592.65 -582.11
-572.39 -572.39
-588.33 -572.39
-585.46 -572.39
-589.62 -572.39
-588.80 -572.39
-573.14 -572.39
-572.56 -572.56
-581.73 -572.56
-589.33 -572.56
-571.07 -571.07
-581.95 -571.07
-572.95 -571.07
-573.46 -571.07
-572.64 -572.64
-572.43 -572.43
-573.10 -572.43
-572.94 -572.94
-573.41 -573.41
-572.62 -572.62
-575.93 -572.62
-572.64 -572.64
-575.14 -572.64
-595.46 -572.64
-572.66 -572.66
-611.64 -572.66
-573.45 -572.66
-595.39 -572.66
-573.17 -572.66
-573.55 -572.66
-589.29 -572.66
-572.43 -572.43
-574.66 -572.43
-589.62 -572.43
-572.89 -572.43
-574.50 -572.43
-572.73 -572.73
-572.64 -572.64
-572.63 -572.63
-572.93 -572.93
-572.61 -572.61
-588.92 -572.61
-591.33 -572.61
-587.27 -572.61
-573.40 -573.40
-573.52 -573.52
-586.45 -573.52
-587.66 -573.52
-572.46 -572.46
-572.74 -572.74
-584.40 -572.74
-571.06 -571.06
-573.41 -571.06
-574.73 -571.06
-601.38 -571.06
-573.48 -571.06
-591.40 -571.06
-583.14 -571.06
-586.15 -571.06
-582.17 -571.06
-587.71 -571.06
-577.18 -571.06
-572.73 -571.06
-591.32 -571.06
-585.16 -571.06
-583.57 -571.06
-587.87 -571.06
-589.72 -571.06
-574.28 -571.06
-572.64 -571.06
-591.93 -571.06
-573.45 -571.06
-582.59 -571.06
-573.15 -573.15
-584.78 -573.15
-572.65 -572.65
-572.60 -572.60
-573.82 -572.60
-592.37 -572.60
-596.27 -572.60
-572.62 -572.62
-589.63 -572.62
-573.24 -573.24
-588.70 -573.24
-573.21 -573.21
-583.05 -573.21
-572.43 -572.43
-573.23 -573.23
-582.49 -573.23
-591.38 -573.23
-577.21 -573.23
-587.93 -573.23
-572.62 -572.62
-596.00 -572.62
-572.63 -572.63
-572.88 -572.63
-574.45 -574.45
-586.17 -574.45
-572.65 -572.65
-588.90 -572.65
-573.02 -573.02
-583.09 -573.02
-573.26 -573.26
-582.51 -573.26
-591.40 -573.26
-573.29 -573.29
-586.14 -573.29
-585.56 -573.29
-573.41 -573.41
-588.00 -573.41
-584.68 -573.41
-597.65 -573.41
-591.34 -573.41
-593.03 -573.41
-572.93 -572.93
-581.67 -572.93
-581.91 -572.93
-590.52 -572.93
-581.99 -572.93
-573.20 -573.20
-580.49 -573.20
-585.39 -573.20
-572.64 -572.64
-582.52 -572.64
-572.90 -572.90
-611.66 -572.90
-572.43 -572.43
-572.61 -572.61
-588.71 -572.61
-572.87 -572.87
-592.24 -572.87
-590.31 -572.87
-572.65 -572.65
-581.97 -572.65
-577.13 -572.65
-573.24 -573.24
-588.94 -573.24
-588.58 -573.24
-572.78 -572.78
-585.83 -572.78
-585.01 -572.78
-587.64 -572.78
-573.43 -572.78
-586.47 -572.78
-573.90 -573.90
-573.61 -573.61
-573.43 -573.43
-588.00 -573.43
-572.65 -572.65
-614.34 -572.65
-572.97 -572.97
-572.61 -572.61
-590.45 -572.61
-588.83 -572.61
-581.40 -572.61
-574.88 -572.61
-573.41 -573.41
-573.46 -573.46
-611.39 -573.46
-572.83 -572.83
-583.41 -572.83
-581.88 -572.83
-581.67 -572.83
-573.05 -573.05
-596.28 -573.05
-573.45 -573.45
-573.10 -573.10
-589.56 -573.10
-573.65 -573.65
-614.86 -573.65
-572.64 -572.64
-579.11 -572.64
-573.84 -573.84
-587.05 -573.84
-594.13 -573.84
-572.37 -572.37
-573.01 -573.01
-572.64 -572.64
-586.43 -572.64
-573.20 -573.20
-573.07 -573.07
-590.45 -573.07
-586.58 -573.07
-573.45 -573.07
-587.13 -573.07
-587.40 -573.07
-576.85 -573.07
-573.22 -573.07
-588.24 -573.07
-582.38 -573.07
-588.22 -573.07
-573.78 -573.07
-588.08 -573.07
-572.66 -572.66
-592.42 -572.66
-597.67 -572.66
-588.95 -572.66
-592.54 -572.66
-573.93 -572.66
-578.23 -572.66
-592.33 -572.66
-589.38 -572.66
-573.85 -572.66
-585.79 -572.66
-581.38 -572.66
-571.04 -571.04
-575.40 -571.04
-573.25 -571.04
-574.50 -571.04
-575.91 -571.04
-574.72 -571.04
-585.18 -571.04
-572.62 -571.04
-573.42 -571.04
-597.66 -571.04
-573.75 -571.04
-585.38 -571.04
-588.71 -571.04
-574.89 -571.04
-580.71 -571.04
-615.06 -571.04
-588.70 -571.04
-586.09 -571.04
-621.13 -571.04
-588.37 -571.04
-587.68 -571.04
-572.60 -571.04
-585.31 -571.04
-588.03 -571.04
-585.09 -571.04
-572.43 -571.04
-583.12 -571.04
-577.05 -571.04
-572.78 -571.04
-581.59 -571.04
-588.68 -571.04
-587.76 -571.04
-572.60 -571.04
-572.61 -571.04
-585.19 -571.04
-587.58 -571.04
-584.82 -571.04
-573.86 -571.04
-572.73 -571.04
-571.06 -571.06
-572.77 -571.06
-572.90 -571.06
-608.68 -571.06
-589.09 -571.06
-572.87 -571.06
-590.17 -571.06
-574.37 -571.06
-575.52 -571.06
-572.87 -571.06
-572.37 -572.37
-575.14 -572.37
-573.46 -573.46
-572.90 -572.90
-586.99 -572.90
-586.26 -572.90
-586.08 -572.90
-574.59 -572.90
-585.48 -572.90
-574.34 -572.90
-573.20 -573.20
-597.58 -573.20
-573.58 -573.58
-581.57 -573.58
-588.83 -573.58
-586.23 -573.58
-573.29 -573.29
-573.41 -573.41
-582.67 -573.41
-587.59 -573.41
-588.76 -573.41
-582.01 -573.41
-581.86 -573.41
-594.65 -573.41
-584.81 -573.41
-572.94 -572.94
-583.02 -572.94
-573.09 -573.09
-584.38 -573.09
-600.26 -573.09
-572.73 -572.73
-575.51 -572.73
-589.18 -572.73
-575.95 -572.73
-578.28 -572.73
-571.06 -571.06
-587.87 -571.06
-575.45 -571.06
-585.13 -571.06
-574.27 -571.06
-585.12 -571.06
-586.59 -571.06
-573.47 -571.06
-573.23 -571.06
-573.46 -571.06
-588.04 -571.06
-585.72 -571.06
-589.57 -571.06
-572.55 -571.06
-589.47 -571.06
-585.43 -571.06
-572.84 -571.06
-581.99 -571.06
-575.50 -571.06
-572.86 -571.06
-574.25 -571.06
-575.33 -571.06
-585.52 -571.06
-573.13 -571.06
-572.63 -571.06
-575.07 -571.06
-595.41 -571.06
-584.73 -571.06
-585.60 -571.06
-592.38 -571.06
-588.24 -571.06
-573.36 -571.06
-572.66 -572.66
-587.78 -572.66
-572.87 -572.66
-573.23 -572.66
-589.61 -572.66
-575.84 -572.66
-581.88 -572.66
-571.05 -571.05
-592.46 -571.05
-597.67 -571.05
-590.07 -571.05
-586.45 -571.05
-589.85 -571.05
-572.98 -571.05
-584.41 -571.05
-574.67 -571.05
-586.48 -571.05
-587.39 -571.05
-585.06 -571.05
-588.92 -571.05
-572.81 -571.05
-572.93 -572.93
-575.13 -572.93
-611.64 -572.93
-573.74 -573.74
-581.36 -573.74
-572.53 -572.53
-1052.90 -1052.90
-1029.89 -1029.89
-1030.29 -1030.29
-1030.82 -1030.82
-1054.77 -1030.82
-1045.79 -1030.82
-1009.77 -1009.77
-998.64 -998.64
-1003.26 -998.64
-989.17 -989.17
-978.14 -978.14
-980.34 -978.14
-966.82 -966.82
-966.25 -966.25
-983.96 -966.25
-1009.81 -966.25
-933.90 -933.90
-944.50 -933.90
-939.49 -933.90
-945.22 -933.90
-942.41 -933.90
-952.81 -933.90
-947.60 -933.90
-947.26 -933.90
-935.41 -933.90
-935.64 -933.90
-917.65 -917.65
-965.09 -917.65
-919.34 -917.65
-947.40 -917.65
-917.70 -917.70
-885.72 -885.72
-886.02 -886.02
-872.94 -872.94
-868.09 -868.09
-889.02 -868.09
-895.37 -868.09
-841.97 -841.97
-838.94 -838.94
-819.82 -819.82
-817.46 -817.46
-801.13 -801.13
-803.83 -801.13
-806.79 -801.13
-800.10 -800.10
-848.83 -800.10
-727.27 -727.27
-713.29 -713.29
-747.25 -713.29
-741.83 -713.29
-700.20 -700.20
-701.73 -700.20
-739.67 -700.20
-694.04 -694.04
-666.86 -666.86
-669.60 -666.86
-642.87 -642.87
-611.55 -611.55
-652.65 -611.55
-599.74 -599.74
-615.33 -599.74
-635.04 -599.74
-666.62 -599.74
-595.16 -595.16
-612.22 -595.16
-586.18 -586.18
-587.27 -586.18
-589.15 -586.18
-594.00 -586.18
-601.15 -586.18
-621.12 -586.18
-594.02 -586.18
-588.77 -586.18
-572.56 -572.56
-586.98 -572.56
-581.86 -572.56
-573.24 -572.56
-581.89 -572.56
-582.14 -572.56
-573.00 -573.00
-573.94 -573.00
-588.89 -573.00
-589.90 -573.00
-589.25 -573.00
-572.76 -572.76
-585.61 -572.76
-573.90 -572.76
-593.42 -572.76
-574.65 -574.65
-586.25 -574.65
-605.09 -574.65
-573.71 -573.71
-572.62 -572.62
-587.38 -572.62
-587.86 -572.62
-587.94 -572.62
-587.09 -572.62
-592.43 -572.62
-575.91 -572.62
-592.42 -572.62
-571.08 -571.08
-573.23 -571.08
-585.62 -571.08
-592.33 -571.08
-572.60 -571.08
-592.54 -571.08
-586.11 -571.08
-593.74 -571.08
-592.52 -571.08
-575.38 -571.08
-575.24 -571.08
-575.07 -571.08
-611.64 -571.08
-573.43 -571.08
-588.80 -571.08
-581.92 -571.08
-572.91 -571.08
-572.82 -571.08
-587.58 -571.08
-572.64 -571.08
-571.06 -571.06
-572.61 -571.06
-574.50 -571.06
-586.38 -571.06
-589.44 -571.06
-582.39 -571.06
-572.78 -571.06
-572.61 -571.06
-621.13 -571.06
-574.55 -571.06
-585.43 -571.06
-588.05 -571.06
-573.21 -571.06
-574.47 -571.06
-586.13 -571.06
-584.79 -571.06
-584.76 -571.06
-573.63 -571.06
-584.81 -571.06
-608.62 -571.06
-573.22 -571.06
-573.98 -571.06
-592.22 -571.06
-587.28 -571.06
-574.41 -571.06
-575.46 -571.06
-572.84 -571.06
-584.75 -571.06
-588.72 -571.06
-577.11 -571.06
-572.63 -571.06
-575.47 -571.06
-584.79 -571.06
-572.55 -571.06
-586.95 -571.06
-584.27 -571.06
-572.65 -571.06
-577.87 -571.06
-593.75 -571.06
-573.19 -571.06
-588.87 -571.06
-583.05 -571.06
-590.47 -571.06
-581.95 -571.06
-573.46 -571.06
-575.47 -571.06
-585.53 -571.06
-572.61 -571.06
-586.97 -571.06
-585.60 -571.06
-582.13 -571.06
-572.53 -571.06
-585.66 -571.06
-587.85 -571.06
-572.82 -571.06
-577.31 -571.06
-572.81 -571.06
-573.69 -571.06
-571.03 -571.03
-577.15 -571.03
-583.03 -571.03
-573.29 -571.03
-571.08 -571.08
-577.21 -571.08
-573.26 -571.08
-587.37 -571.08
-590.31 -571.08
-588.86 -571.08
-573.29 -573.29
-571.04 -571.04
-588.70 -571.04
-573.65 -571.04
-574.87 -571.04
-588.83 -571.04
-588.31 -571.04
-586.28 -571.04
-593.76 -571.04
-582.48 -571.04
-581.70 -571.04
-595.34 -571.04
-595.71 -571.04
-575.15 -571.04
-581.97 -571.04
-572.89 -571.04
-572.45 -571.04
-587.88 -571.04
-573.88 -571.04
-574.55 -571.04
-587.36 -571.04
-573.30 -571.04
-592.29 -571.04
-591.22 -571.04
-586.21 -571.04
-597.63 -571.04
-585.51 -571.04
-573.45 -571.04
-572.63 -571.04
-574.82 -571.04
-572.46 -571.04
-575.48 -571.04
-573.46 -571.04
-574.49 -571.04
-595.35 -571.04
-572.40 -572.40
-582.40 -572.40
-572.62 -572.62
-588.72 -572.62
-572.61 -572.61
-588.77 -572.61
-587.37 -572.61
-571.08 -571.08
-589.83 -571.08
-573.45 -571.08
-582.10 -571.08
-572.62 -571.08
-595.38 -571.08
-603.21 -571.08
-584.82 -571.08
-573.98 -571.08
-587.91 -571.08
-582.00 -571.08
-592.27 -571.08
-590.36 -571.08
-575.85 -571.08
-584.61 -571.08
-571.04 -571.04
-573.46 -573.46
-583.50 -573.46
-573.27 -573.27
-574.32 -573.27
-572.60 -572.60
-581.34 -572.60
-572.93 -572.60
-595.42 -572.60
-584.72 -572.60
-588.79 -572.60
-574.38 -572.60
-585.54 -572.60
-573.43 -573.43
-573.56 -573.56
-581.85 -573.56
-577.00 -573.56
-580.03 -573.56
-586.32 -573.56
-586.46 -573.56
-573.59 -573.59
-573.88 -573.88
-573.37 -573.37
-572.79 -572.79
-590.09 -572.79
-573.41 -572.79
-572.36 -572.36
-590.17 -572.36
-573.51 -572.36
-583.07 -572.36
-572.57 -572.57
-586.98 -572.57
-587.19 -572.57
-573.18 -573.18
-595.43 -573.18
-617.04 -573.18
-572.64 -572.64
-573.33 -572.64
-573.43 -572.64
-573.30 -572.64
-575.27 -572.64
-584.67 -572.64
-588.52 -572.64
-587.23 -572.64
-572.73 -572.73
-587.95 -572.73
-573.35 -573.35
-587.89 -573.35
-573.62 -573.62
-597.80 -573.62
-584.96 -573.62
-611.65 -573.62
-575.32 -573.62
-577.07 -573.62
-583.16 -573.62
-574.41 -574.41
-573.10 -573.10
-585.26 -573.10
-572.37 -572.37
-588.79 -572.37
-572.74 -572.37
-588.75 -572.37
-581.46 -572.37
-587.66 -572.37
-592.54 -572.37
-573.46 -572.37
-575.33 -572.37
-588.30 -572.37
-572.84 -572.84
-588.68 -572.84
-572.77 -572.77
-585.71 -572.77
-586.44 -572.77
-572.91 -572.91
-593.65 -572.91
-588.32 -572.91
-579.14 -572.91
-580.41 -572.91
-591.47 -572.91
-585.55 -572.91
-572.55 -572.55
-574.57 -574.57
-589.06 -574.57
-589.93 -574.57
-611.63 -574.57
-585.81 -574.57
-585.24 -574.57
-587.95 -574.57
-573.45 -573.45
-587.92 -573.45
-572.63 -572.63
-583.07 -572.63
-573.20 -573.20
-573.49 -573.49
-597.65 -573.49
-585.12 -573.49
-597.73 -573.49
-573.74 -573.74
-586.24 -573.74
-588.32 -573.74
-572.65 -572.65
-572.64 -572.64
-572.90 -572.90
-588.82 -572.90
-573.62 -573.62
-577.32 -573.62
-574.78 -574.78
-574.72 -574.72
-574.32 -574.32
-585.61 -574.32
-574.91 -574.91
-572.61 -572.61
-577.21 -572.61
-573.43 -572.61
-573.43 -573.43
-621.13 -573.43
-585.33 -573.43
-581.87 -573.43
-597.67 -573.43
-573.42 -573.42
-587.32 -573.42
-581.80 -573.42
-574.95 -573.42
-588.39 -573.42
-572.50 -572.50
-585.70 -572.50
-573.13 -572.50
-584.39 -572.50
-582.13 -572.50
-573.33 -572.50
-586.38 -572.50
-572.65 -572.65
-587.45 -572.65
-581.36 -572.65
-571.07 -571.07
-589.99 -571.07
-586.95 -571.07
-621.13 -571.07
-572.89 -571.07
-574.84 -571.07
-572.64 -571.07
-589.46 -571.07
-572.62 -572.62
-588.73 -572.62
-588.25 -572.62
-575.91 -572.62
-572.97 -572.62
-586.84 -572.62
-611.63 -572.62
-572.65 -572.65
-586.35 -572.65
-591.99 -572.65
-592.90 -572.65
-573.48 -573.48
-573.11 -573.11
-590.15 -573.11
-574.55 -574.55
-584.10 -574.55
-573.95 -573.95
-577.26 -573.95
-590.45 -573.95
-623.84 -573.95
-588.52 -573.95
-581.90 -573.95
-572.89 -572.89
-575.92 -572.89
-595.34 -572.89
-588.27 -572.89
-574.36 -572.89
-588.58 -572.89
-575.92 -572.89
-1041.22 -1041.22
-1041.79 -1041.22
-1020.07 -1020.07
-1029.87 -1020.07
-1013.67 -1013.67
-1031.75 -1013.67
-1020.44 -1013.67
-999.98 -999.98
-1017.53 -999.98
-1022.07 -999.98
-1015.77 -999.98
-972.54 -972.54
-998.53 -972.54
-964.61 -964.61
-980.15 -964.61
-962.73 -962.73
-922.02 -922.02
-908.28 -908.28
-887.47 -887.47
-851.79 -851.79
-805.36 -805.36
-788.63 -788.63
-803.40 -788.63
-773.15 -773.15
-804.78 -773.15
-759.61 -759.61
-766.59 -759.61
-741.51 -741.51
-784.32 -741.51
-739.36 -739.36
-725.96 -725.96
-701.15 -701.15
-695.60 -695.60
-650.75 -650.75
-653.08 -650.75
-609.45 -609.45
-647.88 -609.45
-647.75 -609.45
-587.03 -587.03
-584.71 -584.71
-573.39 -573.39
-585.52 -573.39
-592.40 -573.39
-572.79 -572.79
-572.96 -572.96
-592.57 -572.96
-574.79 -572.96
-589.45 -572.96
-573.37 -572.96
-572.62 -572.62
-588.34 -572.62
-583.05 -572.62
-587.71 -572.62
-572.61 -572.61
-573.86 -573.86
-595.33 -573.86
-598.71 -573.86
-582.46 -573.86
-587.07 -573.86
-573.43 -573.43
-585.64 -573.43
-575.43 -573.43
-572.63 -572.63
-587.70 -572.63
-573.26 -573.26
-574.70 -573.26
-572.81 -572.81
-602.20 -572.81
-588.77 -572.81
-572.67 -572.67
-572.90 -572.90
-573.06 -573.06
-581.98 -573.06
-573.28 -573.28
-585.52 -573.28
-573.54 -573.28
-572.87 -572.87
-617.04 -572.87
-573.50 -573.50
-587.27 -573.50
-588.00 -573.50
-572.50 -572.50
-582.27 -572.50
-588.82 -572.50
-572.63 -572.50
-572.84 -572.84
-588.91 -572.84
-595.21 -572.84
-573.20 -573.20
-588.94 -573.20
-572.62 -572.62
-589.30 -572.62
-589.29 -572.62
-588.66 -572.62
-587.62 -572.62
-584.41 -572.62
-585.45 -572.62
-572.92 -572.92
-573.88 -572.92
-574.52 -572.92
-577.91 -572.92
-571.06 -571.06
-587.63 -571.06
-588.43 -571.06
-602.64 -571.06
-587.47 -571.06
-587.05 -571.06
-572.44 -572.44
-572.92 -572.92
-585.58 -572.92
-574.68 -572.92
-573.95 -573.95
-573.49 -573.49
-572.92 -572.92
-595.31 -572.92
-595.55 -572.92
-587.97 -572.92
-572.39 -572.39
-595.80 -572.39
-589.36 -572.39
-573.27 -572.39
-572.41 -572.41
-585.45 -572.41
-589.35 -572.41
-572.63 -572.63
-588.65 -572.63
-589.25 -572.63
-585.43 -572.63
-581.37 -572.63
-586.40 -572.63
-586.11 -572.63
-577.11 -572.63
-572.60 -572.60
-581.91 -572.60
-575.42 -572.60
-573.43 -572.60
-585.39 -572.60
-574.22 -572.60
-572.91 -572.91
-574.67 -574.67
-572.73 -572.73
-588.99 -572.73
-573.08 -573.08
-573.16 -573.16
-572.44 -572.44
-589.41 -572.44
-573.45 -573.45
-572.62 -572.62
-572.45 -572.45
-588.22 -572.45
-591.19 -572.45
-572.54 -572.54
-588.20 -572.54
-588.43 -572.54
-588.24 -572.54
-572.64 -572.64
-571.03 -571.03
-572.65 -571.03
-572.96 -571.03
-573.43 -571.03
-610.18 -571.03
-572.84 -571.03
-571.03 -571.03
-576.85 -571.03
-572.37 -571.03
-572.97 -571.03
-573.08 -571.03
-572.61 -571.03
-572.64 -571.03
-595.70 -571.03
-582.00 -571.03
-589.90 -571.03
-585.57 -571.03
-572.99 -571.03
-573.26 -571.03
-573.66 -571.03
-572.91 -572.91
-588.98 -572.91
-586.25 -572.91
-572.69 -572.69
-592.19 -572.69
-572.64 -572.64
-589.82 -572.64
-581.97 -572.64
-572.76 -572.76
-579.10 -572.76
-587.33 -572.76
-573.43 -572.76
-581.97 -572.76
-584.82 -572.76
-572.54 -572.54
-589.70 -572.54
-595.51 -572.54
-575.50 -572.54
-572.65 -572.54
-583.09 -572.54
-573.51 -573.51
-592.70 -573.51
-591.35 -573.51
-573.24 -573.24
-589.19 -573.24
-592.88 -573.24
-572.64 -572.64
-585.36 -572.64
-589.05 -572.64
-584.62 -572.64
-572.96 -572.96
-592.50 -572.96
-573.30 -573.30
-572.41 -572.41
-591.85 -572.41
-573.84 -572.41
-573.09 -573.09
-614.49 -573.09
-589.74 -573.09
-584.91 -573.09
-573.45 -573.09
-572.62 -572.62
-572.83 -572.83
-573.23 -572.83
-587.29 -572.83
-572.62 -572.62
-572.62 -572.62
-595.43 -572.62
-589.18 -572.62
-573.45 -573.45
-597.80 -573.45
-586.24 -573.45
-572.62 -572.62
-572.46 -572.46
-588.29 -572.46
-590.15 -572.46
-586.68 -572.46
-596.54 -572.46
-587.22 -572.46
-595.15 -572.46
-586.58 -572.46
-573.18 -572.46
-586.42 -572.46
-573.12 -572.46
-588.35 -572.46
-581.99 -572.46
-573.61 -572.46
-585.65 -572.46
-592.89 -572.46
-621.92 -572.46
-574.48 -572.46
-586.10 -572.46
-582.88 -572.46
-589.59 -572.46
-588.70 -572.46
-597.95 -572.46
-572.62 -572.62
-572.89 -572.89
-572.39 -572.39
-573.22 -572.39
-585.60 -572.39
-572.80 -572.39
-572.81 -572.81
-583.05 -572.81
-602.32 -572.81
-572.63 -572.63
-584.71 -572.63
-573.18 -573.18
-588.71 -573.18
-571.06 -571.06
-590.14 -571.06
-588.66 -571.06
-588.71 -571.06
-584.74 -571.06
-572.67 -571.06
-592.46 -571.06
-590.31 -571.06
-575.89 -571.06
-588.83 -571.06
-572.86 -571.06
-611.63 -571.06
-573.23 -571.06
-585.63 -571.06
-589.24 -571.06
-587.93 -571.06
-621.13 -571.06
-571.05 -571.05
-611.63 -571.05
-601.27 -571.05
-581.79 -571.05
-572.83 -571.05
-588.39 -571.05
-591.78 -571.05
-573.79 -571.05
-588.77 -571.05
-572.94 -571.05
-589.23 -571.05
-577.18 -571.05
-587.94 -571.05
-583.01 -571.05
-589.76 -571.05
-575.15 -571.05
-584.26 -571.05
-572.83 -571.05
-585.51 -571.05
-589.54 -571.05
-589.74 -571.05
-588.03 -571.05
-575.02 -571.05
-572.62 -571.05
-572.74 -571.05
-588.85 -571.05
-588.66 -571.05
-573.68 -571.05
-572.90 -571.05
-582.48 -571.05
-575.45 -571.05
-572.93 -571.05
-572.92 -571.05
-591.33 -571.05
-587.34 -571.05
-572.83 -571.05
-573.11 -571.05
-595.34 -571.05
-572.93 -571.05
-587.87 -571.05
-606.09 -571.05
-581.97 -571.05
-588.28 -571.05
-588.69 -571.05
-581.94 -571.05
-572.61 -571.05
-611.62 -571.05
-573.16 -571.05
-571.07 -571.07
-588.29 -571.07
-587.51 -571.07
-573.04 -573.04
-573.21 -573.21
-572.82 -572.82
-589.23 -572.82
-574.36 -572.82
-588.62 -572.82
-588.16 -572.82
-585.61 -572.82
-591.42 -572.82
-572.65 -572.65
-598.06 -572.65
-586.29 -572.65
-592.17 -572.65
-583.10 -572.65
-574.22 -574.22
-572.81 -572.81
-577.13 -572.81
-573.23 -573.23
-573.51 -573.23
-574.30 -573.23
-573.27 -573.27
-573.46 -573.46
-595.37 -573.46
-579.11 -573.46
-589.88 -573.46
-590.12 -573.46
-590.00 -573.46
-588.62 -573.46
-573.21 -573.21
-617.04 -573.21
-585.56 -573.21
-573.86 -573.86
-615.11 -573.86
-572.37 -572.37
-584.48 -572.37
-579.15 -572.37
-588.78 -572.37
-588.81 -572.37
-581.92 -572.37
-573.46 -572.37
-589.42 -572.37
-585.19 -572.37
-585.35 -572.37
-590.16 -572.37
-573.29 -572.37
-585.24 -572.37
-574.67 -572.37
-585.13 -572.37
-572.65 -572.65
-582.13 -572.65
-589.32 -572.65
-573.23 -573.23
-573.46 -573.23
-591.10 -573.23
-584.72 -573.23
-572.81 -572.81
-595.44 -572.81
-614.50 -572.81
-572.50 -572.50
-603.30 -572.50
-572.98 -572.98
-615.23 -572.98
-589.19 -572.98
-574.59 -574.59
-590.93 -574.59
-595.34 -574.59
-592.70 -574.59
-594.72 -574.59
-599.30 -574.59
-572.62 -572.62
-588.86 -572.62
-585.62 -572.62
-590.90 -572.62
-588.93 -572.62
-581.82 -572.62
-587.38 -572.62
-617.08 -572.62
-588.71 -572.62
-572.64 -572.64
-585.66 -572.64
-588.14 -572.64
-589.64 -572.64
-583.02 -572.64
-1045.71 -1045.71
-1062.25 -1045.71
-1013.66 -1013.66
-996.43 -996.43
-999.90 -996.43
-998.62 -996.43
-999.28 -996.43
-956.06 -956.06
-949.48 -949.48
-905.92 -905.92
-915.08 -905.92
-895.80 -895.80
-885.51 -885.51
-895.19 -885.51
-856.31 -856.31
-857.34 -856.31
-889.12 -856.31
-856.96 -856.31
-839.44 -839.44
-825.54 -825.54
-836.53 -825.54
-821.54 -821.54
-837.43 -821.54
-786.35 -786.35
-780.21 -780.21
-765.61 -765.61
-804.59 -765.61
-767.92 -765.61
-768.20 -765.61
-741.96 -741.96
-713.90 -713.90
-723.74 -713.90
-668.18 -668.18
-652.64 -652.64
-615.20 -615.20
-612.24 -612.24
-586.95 -586.95
-606.38 -586.95
-593.99 -586.95
-601.76 -586.95
-595.77 -586.95
-588.64 -586.95
-585.76 -585.76
-588.22 -585.76
-582.03 -582.03
-585.42 -582.03
-582.22 -582.22
-603.64 -582.22
-585.22 -582.22
-585.10 -582.22
-592.35 -582.22
-588.39 -582.22
-596.18 -582.22
-592.68 -582.22
-572.38 -572.38
-573.10 -572.38
-572.65 -572.65
-573.18 -573.18
-573.15 -573.15
-573.02 -573.02
-572.61 -572.61
-572.82 -572.82
-573.14 -573.14
-572.63 -572.63
-573.20 -572.63
-572.42 -572.42
-582.14 -572.42
-589.65 -572.42
-573.40 -572.42
-573.43 -572.42
-584.57 -572.42
-572.87 -572.87
-582.63 -572.87
-572.52 -572.52
-574.68 -572.52
-572.93 -572.93
-586.86 -572.93
-573.05 -573.05
-581.43 -573.05
-572.73 -572.73
-572.73 -572.73
-585.58 -572.73
-621.14 -572.73
-572.80 -572.80
-573.09 -573.09
-582.38 -573.09
-601.60 -573.09
-585.54 -573.09
-595.42 -573.09
-592.34 -573.09
-592.42 -573.09
-575.44 -573.09
-587.33 -573.09
-588.67 -573.09
-587.67 -573.09
-572.37 -572.37
-572.61 -572.61
-572.42 -572.42
-588.70 -572.42
-585.34 -572.42
-572.62 -572.62
-591.21 -572.62
-589.20 -572.62
-586.65 -572.62
-597.80 -572.62
-572.93 -572.93
-573.26 -573.26
-574.37 -573.26
-585.43 -573.26
-587.88 -573.26
-574.40 -573.26
-572.62 -572.62
-575.13 -572.62
-588.13 -572.62
-601.61 -572.62
-573.11 -572.62
-585.38 -572.62
-587.72 -572.62
-589.79 -572.62
-595.53 -572.62
-573.21 -573.21
-572.45 -572.45
-572.42 -572.42
-615.51 -572.42
-573.20 -573.20
-588.81 -573.20
-574.49 -573.20
-614.50 -573.20
-595.45 -573.20
-575.88 -573.20
-597.69 -573.20
-589.58 -573.20
-587.58 -573.20
-587.01 -573.20
-580.02 -573.20
-572.61 -572.61
-573.68 -572.61
-589.99 -572.61
-581.68 -572.61
-588.23 -572.61
-578.22 -572.61
-572.90 -572.90
-573.56 -573.56
-573.78 -573.78
-590.38 -573.78
-572.89 -572.89
-573.43 -572.89
-577.09 -572.89
-572.99 -572.99
-572.69 -572.69
-572.79 -572.79
-585.36 -572.79
-572.90 -572.90
-572.77 -572.77
-572.78 -572.78
-572.97 -572.97
-589.28 -572.97
-574.51 -572.97
-595.01 -572.97
-615.14 -572.97
-586.73 -572.97
-584.96 -572.97
-572.90 -572.90
-588.73 -572.90
-571.08 -571.08
-595.36 -571.08
-572.99 -572.99
-587.50 -572.99
-572.85 -572.85
-591.28 -572.85
-573.45 -572.85
-583.01 -572.85
-585.71 -572.85
-587.95 -572.85
-586.05 -572.85
-572.73 -572.73
-589.65 -572.73
-611.64 -572.73
-589.73 -572.73
-588.69 -572.73
-571.07 -571.07
-573.12 -571.07
-573.93 -571.07
-572.69 -571.07
-581.93 -571.07
-587.88 -571.07
-591.01 -571.07
-588.87 -571.07
-590.17 -571.07
-590.62 -571.07
-575.65 -571.07
-574.36 -571.07
-572.80 -572.80
-588.83 -572.80
-584.80 -572.80
-571.06 -571.06
-572.78 -571.06
-585.54 -571.06
-573.29 -571.06
-575.88 -571.06
-573.70 -571.06
-588.64 -571.06
-597.47 -571.06
-572.79 -571.06
-572.97 -571.06
-573.39 -571.06
-572.76 -572.76
-572.53 -572.53
-572.77 -572.53
-573.16 -573.16
-584.66 -573.16
-572.64 -572.64
-588.03 -572.64
-572.88 -572.88
-590.36 -572.88
-573.48 -572.88
-581.88 -572.88
-572.55 -572.55
-595.42 -572.55
-572.62 -572.62
-581.57 -572.62
-581.41 -572.62
-597.94 -572.62
-597.56 -572.62
-573.43 -573.43
-573.75 -573.75
-587.09 -573.75
-573.14 -573.14
-589.43 -573.14
-590.36 -573.14
-588.41 -573.14
-584.12 -573.14
-574.52 -573.14
-571.08 -571.08
-573.74 -571.08
-572.61 -571.08
-572.94 -571.08
-590.15 -571.08
-572.64 -571.08
-572.42 -572.42
-594.64 -572.42
-572.61 -572.61
-571.06 -571.06
-588.79 -571.06
-585.37 -571.06
-586.25 -571.06
-586.25 -571.06
-573.46 -571.06
-574.74 -574.74
-572.76 -572.76
-572.62 -572.62
-601.70 -572.62
-589.78 -572.62
-585.57 -572.62
-582.00 -572.62
-573.54 -572.62
-584.47 -572.62
-573.05 -573.05
-572.81 -572.81
-594.83 -572.81
-573.31 -572.81
-584.64 -572.81
-572.93 -572.93
-588.77 -572.93
-589.84 -572.93
-585.15 -572.93
-621.13 -572.93
-592.56 -572.93
-583.21 -572.93
-587.21 -572.93
-585.12 -572.93
-573.52 -573.52
-574.22 -573.52
-574.46 -574.46
-582.73 -574.46
-586.23 -574.46
-577.84 -574.46
-596.20 -574.46
-586.14 -574.46
-615.16 -574.46
-575.95 -574.46
-572.77 -572.77
-573.30 -572.77
-573.21 -573.21
-596.08 -573.21
-591.37 -573.21
-585.35 -573.21
-588.88 -573.21
-572.95 -572.95
-572.62 -572.62
-572.83 -572.83
-585.14 -572.83
-589.35 -572.83
-583.15 -572.83
-573.88 -572.83
-592.48 -572.83
-587.53 -572.83
-581.97 -572.83
-573.45 -573.45
-578.68 -573.45
-582.42 -573.45
-572.62 -572.62
-595.32 -572.62
-586.11 -572.62
-583.59 -572.62
-589.60 -572.62
-575.13 -572.62
-576.99 -572.62
-588.39 -572.62
-590.74 -572.62
-590.16 -572.62
-572.53 -572.53
-595.35 -572.53
-585.48 -572.53
-572.77 -572.77
-583.23 -572.77
-572.45 -572.45
-585.45 -572.45
-588.94 -572.45
-588.82 -572.45
-588.24 -572.45
-572.91 -572.45
-574.84 -572.45
-573.43 -572.45
-572.83 -572.83
-575.03 -572.83
-575.46 -572.83
-574.41 -572.83
-611.64 -572.83
-573.40 -572.83
-579.11 -572.83
-573.29 -573.29
-588.32 -573.29
-574.52 -573.29
-588.33 -573.29
-586.46 -573.29
-575.33 -575.33
-577.08 -575.33
-583.18 -575.33
-572.69 -572.69
-588.80 -572.69
-592.42 -572.69
-595.32 -572.69
-595.42 -572.69
-586.44 -572.69
-591.37 -572.69
-581.95 -572.69
-572.79 -572.79
-572.89 -572.89
-577.85 -572.89
-595.20 -572.89
-572.74 -572.74
-573.17 -573.17
-652.82 -573.17
-587.96 -573.17
-573.85 -573.17
-572.74 -572.74
-587.31 -572.74
-583.10 -572.74
-589.60 -572.74
-587.82 -572.74
-577.39 -572.74
-587.97 -572.74
-573.33 -573.33
-587.76 -573.33
-586.87 -573.33
-591.51 -573.33
-586.16 -573.33
-572.84 -572.84
-584.80 -572.84
-598.48 -572.84
-574.69 -572.84
-577.83 -572.84
-573.04 -573.04
-572.74 -572.74
-572.68 -572.68
-586.09 -572.68
-573.87 -572.68
-572.61 -572.61
-612.68 -572.61
-588.72 -572.61
-583.59 -572.61
-580.54 -572.61
-588.49 -572.61
-589.03 -572.61
-575.37 -575.37
-582.32 -575.37
-581.40 -575.37
-572.78 -572.78
-572.67 -572.67
-592.84 -572.67
-592.33 -572.67
-586.45 -572.67
-573.17 -573.17
-581.38 -573.17
-574.35 -573.17
-573.66 -573.17
-588.92 -573.17
-573.59 -573.59
-585.85 -573.59
-581.70 -573.59
-577.39 -573.59
-572.85 -572.85
-573.23 -573.23
-589.45 -573.23
-588.03 -573.23
-594.68 -573.23
-589.33 -573.23
-587.66 -573.23
-572.86 -572.86
-584.71 -572.86
-594.67 -572.86
-573.10 -573.10
-585.45 -573.10
-572.96 -572.96
-573.43 -573.43
-1089.45 -573.43
-1072.34 -573.43
-1082.87 -573.43
-1087.33 -573.43
-1078.89 -573.43
-1078.38 -573.43
-1048.32 -1048.32
-1038.50 -1038.50
-1038.74 -1038.74
-1073.19 -1038.74
-1039.29 -1039.29
-1029.40 -1029.40
-1020.13 -1020.13
-1016.90 -1016.90
-1024.71 -1016.90
-1000.08 -1000.08
-1018.91 -1000.08
-1035.64 -1000.08
-1012.16 -1000.08
-1002.87 -1000.08
-1003.32 -1000.08
-991.82 -991.82
-978.92 -978.92
-986.42 -978.92
-991.85 -978.92
-986.26 -978.92
-1000.06 -978.92
-954.33 -954.33
-981.85 -954.33
-962.99 -954.33
-951.55 -951.55
-950.81 -950.81
-958.92 -950.81
-933.08 -933.08
-946.31 -933.08
-927.61 -927.61
-927.21 -927.21
-907.45 -907.45
-909.55 -907.45
-890.48 -890.48
-854.27 -854.27
-857.51 -854.27
-861.98 -854.27
-853.64 -853.64
-820.77 -820.77
-769.36 -769.36
-763.75 -763.75
-744.35 -744.35
-805.35 -744.35
-739.68 -739.68
-701.30 -701.30
-738.23 -701.30
-737.69 -701.30
-671.04 -671.04
-637.10 -637.10
-670.83 -637.10
-675.25 -637.10
-603.84 -603.84
-588.27 -588.27
-603.32 -588.27
-611.81 -588.27
-572.47 -572.47
-595.33 -572.47
-572.55 -572.55
-572.76 -572.76
-574.65 -574.65
-586.34 -574.65
-571.06 -571.06
-600.05 -571.06
-573.59 -571.06
-573.46 -571.06
-573.91 -571.06
-586.23 -571.06
-573.33 -571.06
-572.63 -571.06
-573.40 -571.06
-572.94 -571.06
-572.90 -571.06
-573.94 -571.06
-571.04 -571.04
-572.78 -571.04
-588.50 -571.04
-572.52 -572.52
-588.69 -572.52
-572.80 -572.52
-574.65 -572.52
-572.62 -572.62
-573.38 -573.38
-574.41 -573.38
-582.99 -573.38
-583.23 -573.38
-577.10 -573.38
-572.60 -572.60
-587.70 -572.60
-572.66 -572.66
-573.35 -572.66
-571.08 -571.08
-580.67 -571.08
-585.35 -571.08
-573.64 -571.08
-590.00 -571.08
-575.26 -571.08
-572.94 -571.08
-574.69 -571.08
-595.81 -571.08
-582.41 -571.08
-572.82 -571.08
-585.49 -571.08
-596.31 -571.08
-573.45 -571.08
-572.89 -571.08
-586.18 -571.08
-575.05 -571.08
-572.78 -571.08
-573.17 -571.08
-579.14 -571.08
-611.66 -571.08
-589.29 -571.08
-583.06 -571.08
-577.16 -571.08
-572.63 -572.63
-585.54 -572.63
-572.54 -572.54
-586.14 -572.54
-573.28 -573.28
-574.31 -573.28
-588.27 -573.28
-586.28 -573.28
-585.57 -573.28
-573.55 -573.55
-592.27 -573.55
-587.81 -573.55
-587.31 -573.55
-587.82 -573.55
-573.89 -573.89
-585.52 -573.89
-592.39 -573.89
-597.58 -573.89
-595.80 -573.89
-573.40 -573.40
-590.49 -573.40
-573.53 -573.53
-575.21 -575.21
-591.56 -575.21
-573.95 -573.95
-589.18 -573.95
-571.04 -571.04
-572.62 -571.04
-581.88 -571.04
-573.41 -571.04
-573.57 -571.04
-582.38 -571.04
-590.54 -571.04
-573.19 -571.04
-572.91 -571.04
-581.98 -571.04
-574.42 -571.04
-586.95 -571.04
-572.62 -572.62
-588.72 -572.62
-577.07 -572.62
-573.02 -573.02
-572.61 -572.61
-572.64 -572.64
-572.62 -572.62
-574.69 -572.62
-572.78 -572.78
-573.53 -573.53
-572.37 -572.37
-595.39 -572.37
-572.62 -572.62
-574.56 -572.62
-588.68 -572.62
-572.42 -572.42
-572.63 -572.63
-573.56 -572.63
-572.60 -572.60
-591.87 -572.60
-588.61 -572.60
-585.15 -572.60
-573.87 -572.60
-589.68 -572.60
-572.61 -572.61
-573.43 -572.61
-573.43 -573.43
-588.94 -573.43
-574.27 -573.43
-586.94 -573.43
-572.64 -572.64
-571.04 -571.04
-582.00 -571.04
-573.56 -571.04
-574.45 -571.04
-583.20 -571.04
-581.97 -571.04
-573.43 -571.04
-587.30 -571.04
-577.40 -571.04
-572.77 -571.04
-572.86 -571.04
-573.62 -571.04
-572.95 -572.95
-573.34 -573.34
-573.57 -573.57
-573.15 -573.15
-573.66 -573.66
-572.65 -572.65
-574.57 -572.65
-582.54 -572.65
-583.16 -572.65
-574.79 -572.65
-572.62 -572.62
-588.83 -572.62
-586.08 -572.62
-585.35 -572.62
-588.14 -572.62
-572.77 -572.77
-584.97 -572.77
-572.67 -572.67
-588.52 -572.67
-583.13 -572.67
-572.65 -572.65
-597.70 -572.65
-573.11 -573.11
-591.35 -573.11
-585.43 -573.11
-584.73 -573.11
-572.74 -572.74
-573.42 -573.42
-573.44 -573.44
-585.52 -573.44
-592.37 -573.44
-574.24 -573.44
-584.72 -573.44
-573.13 -573.13
-587.40 -573.13
-588.93 -573.13
-584.79 -573.13
-573.27 -573.27
-573.21 -573.21
-575.41 -573.21
-572.45 -572.45
-587.30 -572.45
-588.46 -572.45
-574.70 -572.45
-588.80 -572.45
-590.39 -572.45
-572.68 -572.68
-598.08 -572.68
-588.91 -572.68
-588.97 -572.68
-588.28 -572.68
-573.22 -573.22
-587.83 -573.22
-574.74 -573.22
-572.88 -572.88
-573.29 -572.88
-586.25 -572.88
-573.29 -572.88
-584.81 -572.88
-572.76 -572.76
-586.19 -572.76
-582.62 -572.76
-581.75 -572.76
-573.90 -573.90
-572.66 -572.66
-572.65 -572.65
-590.86 -572.65
-589.34 -572.65
-593.35 -572.65
-572.61 -572.61
-589.96 -572.61
-573.83 -572.61
-575.25 -572.61
-574.48 -572.61
-595.44 -572.61
-573.12 -573.12
-571.03 -571.03
-573.27 -571.03
-582.71 -571.03
-610.48 -571.03
-590.10 -571.03
-592.27 -571.03
-588.05 -571.03
-573.98 -571.03
-587.62 -571.03
-572.73 -571.03
-572.40 -571.03
-573.26 -571.03
-579.14 -571.03
-573.75 -571.03
-572.64 -572.64
-573.32 -572.64
-584.81 -572.64
-588.83 -572.64
-573.46 -573.46
-572.63 -572.63
-582.58 -572.63
-590.74 -572.63
-572.96 -572.96
-573.04 -573.04
-582.63 -573.04
-587.35 -573.04
-585.59 -573.04
-587.25 -573.04
-572.88 -572.88
-585.42 -572.88
-585.61 -572.88
-572.80 -572.80
-575.06 -572.80
-590.86 -572.80
-574.31 -572.80
-595.29 -572.80
-575.85 -572.80
-587.28 -572.80
-594.67 -572.80
-573.65 -572.80
-585.36 -572.80
-572.77 -572.77
-592.34 -572.77
-573.76 -572.77
-574.93 -572.77
-586.11 -572.77
-595.39 -572.77
-574.46 -572.77
-587.01 -572.77
-589.08 -572.77
-572.91 -572.77
-573.41 -573.41
-597.64 -573.41
-593.82 -573.41
-587.72 -573.41
-586.66 -573.41
-587.85 -573.41
-575.47 -573.41
-588.98 -573.41
-573.91 -573.91
-587.48 -573.91
-572.96 -572.96
-582.60 -572.96
-572.61 -572.61
-572.83 -572.83
-586.22 -572.83
-587.74 -572.83
-582.13 -572.83
-591.43 -572.83
-597.67 -572.83
-581.87 -572.83
-595.37 -572.83
-573.41 -573.41
-603.39 -573.41
-623.99 -573.41
-573.22 -573.22
-573.13 -573.13
-588.80 -573.13
-573.55 -573.13
-583.57 -573.13
-582.13 -573.13
-577.11 -573.13
-595.42 -573.13
-584.92 -573.13
-587.86 -573.13
-577.27 -573.13
-572.89 -572.89
-592.17 -572.89
-572.94 -572.94
-575.07 -572.94
-585.68 -572.94
-580.39 -572.94
-592.62 -572.94
-586.29 -572.94
-595.73 -572.94
-596.15 -572.94
-572.63 -572.63
-573.90 -573.90
-572.50 -572.50
-572.95 -572.95
-584.66 -572.95
-592.86 -572.95
-574.79 -572.95
-589.05 -572.95
-592.29 -572.95
-573.14 -573.14
-584.68 -573.14
-574.82 -573.14
-590.16 -573.14
-577.91 -573.14
-585.39 -573.14
-597.79 -573.14
-588.99 -573.14
-572.61 -572.61
-572.82 -572.82
-573.46 -573.46
-581.43 -573.46
-575.88 -575.88
-586.18 -575.88
-572.63 -572.63
-573.15 -573.15
-572.63 -572.63
-572.63 -572.63
-595.34 -572.63
-572.91 -572.63
-572.95 -572.95
-594.71 -572.95
-572.63 -572.63
-587.52 -572.63
-573.57 -573.57
-588.01 -573.57
-573.81 -573.81
-572.48 -572.48
-574.88 -572.48
-573.73 -572.48
-581.99 -572.48
-573.41 -572.48
-572.99 -572.48
-573.07 -573.07
-1059.44 -1059.44
-1042.05 -1042.05
-1020.07 -1020.07
-999.76 -999.76
-996.39 -996.39
-998.65 -996.39
-1011.76 -996.39
-1007.34 -996.39
-953.78 -953.78
-958.93 -953.78
-907.47 -907.47
-894.86 -894.86
-891.19 -891.19
-866.66 -866.66
-888.18 -866.66
-888.96 -866.66
-855.26 -855.26
-851.80 -851.80
-887.60 -851.80
-901.95 -851.80
-777.29 -777.29
-809.40 -777.29
-724.11 -724.11
-759.38 -724.11
-740.68 -724.11
-743.49 -724.11
-683.41 -683.41
-676.08 -676.08
-670.18 -670.18
-656.03 -656.03
-650.64 -650.64
-656.46 -650.64
-670.33 -650.64
-605.40 -605.40
-605.21 -605.21
-589.12 -589.12
-584.70 -584.70
-573.40 -573.40
-582.89 -573.40
-588.82 -573.40
-573.10 -573.10
-573.45 -573.10
-572.40 -572.40
-591.49 -572.40
-581.88 -572.40
-572.94 -572.40
-585.54 -572.40
-572.37 -572.37
-596.45 -572.37
-583.10 -572.37
-585.01 -572.37
-582.65 -572.37
-589.79 -572.37
-572.62 -572.62
-585.59 -572.62
-573.15 -573.15
-582.10 -573.15
-572.56 -572.56
-590.61 -572.56
-584.98 -572.56
-587.62 -572.56
-572.93 -572.93
-573.24 -573.24
-588.82 -573.24
-589.35 -573.24
-589.40 -573.24
-573.11 -573.11
-572.67 -572.67
-572.86 -572.86
-589.58 -572.86
-572.89 -572.89
-572.63 -572.63
-589.93 -572.63
-590.08 -572.63
-587.17 -572.63
-586.75 -572.63
-573.87 -573.87
-620.22 -573.87
-572.95 -572.95
-587.97 -572.95
-587.62 -572.95
-591.93 -572.95
-575.93 -572.95
-573.23 -572.95
-572.73 -572.73
-575.96 -572.73
-590.86 -572.73
-584.79 -572.73
-593.25 -572.73
-589.58 -572.73
-586.46 -572.73
-573.62 -572.73
-573.16 -572.73
-581.86 -572.73
-611.64 -572.73
-581.40 -572.73
-574.22 -574.22
-573.64 -573.64
-584.42 -573.64
-582.55 -573.64
-577.18 -573.64
-585.09 -573.64
-572.79 -572.79
-590.07 -572.79
-585.56 -572.79
-573.22 -573.22
-573.10 -573.10
-590.83 -573.10
-597.71 -573.10
-573.50 -573.10
-572.61 -572.61
-573.44 -572.61
-582.37 -572.61
-571.06 -571.06
-582.00 -571.06
-582.45 -571.06
-585.41 -571.06
-595.43 -571.06
-595.34 -571.06
-572.67 -571.06
-573.43 -571.06
-592.68 -571.06
-575.94 -571.06
-582.60 -571.06
-574.69 -571.06
-573.32 -571.06
-591.04 -571.06
-573.44 -571.06
-573.53 -571.06
-574.23 -571.06
-587.50 -571.06
-572.44 -571.06
-582.55 -571.06
-580.53 -571.06
-585.47 -571.06
-582.28 -571.06
-575.43 -571.06
-574.73 -571.06
-586.13 -571.06
-572.82 -571.06
-591.35 -571.06
-589.59 -571.06
-580.40 -571.06
-588.71 -571.06
-572.41 -572.41
-574.37 -572.41
-572.82 -572.82
-585.49 -572.82
-574.71 -572.82
-583.06 -572.82
-589.15 -572.82
-585.90 -572.82
-572.76 -572.76
-575.65 -575.65
-573.21 -573.21
-590.92 -573.21
-587.76 -573.21
-582.54 -573.21
-577.86 -573.21
-573.11 -573.11
-585.60 -573.11
-593.84 -573.11
-598.26 -573.11
-574.49 -574.49
-572.94 -572.94
-585.62 -572.94
-586.96 -572.94
-577.09 -572.94
-587.96 -572.94
-586.97 -572.94
-575.49 -572.94
-589.18 -572.94
-587.56 -572.94
-585.49 -572.94
-589.05 -572.94
-574.90 -572.94
-572.82 -572.82
-571.06 -571.06
-573.77 -573.77
-587.56 -573.77
-573.83 -573.83
-572.94 -572.94
-589.44 -572.94
-572.85 -572.85
-605.21 -572.85
-572.74 -572.74
-582.39 -572.74
-594.78 -572.74
-585.60 -572.74
-573.12 -573.12
-591.23 -573.12
-572.62 -572.62
-575.46 -572.62
-591.96 -572.62
-588.29 -572.62
-586.40 -572.62
-573.40 -573.40
-599.80 -573.40
-589.31 -573.40
-572.98 -572.98
-584.10 -572.98
-572.67 -572.67
-586.91 -572.67
-572.65 -572.65
-588.98 -572.65
-572.80 -572.80
-572.95 -572.80
-594.93 -572.80
-587.61 -572.80
-589.36 -572.80
-588.78 -572.80
-589.76 -572.80
-588.01 -572.80
-573.10 -573.10
-591.53 -573.10
-614.87 -573.10
-585.47 -573.10
-573.72 -573.72
-573.67 -573.67
-583.19 -573.67
-573.34 -573.34
-580.38 -573.34
-573.45 -573.45
-572.83 -572.83
-617.09 -572.83
-588.95 -572.83
-579.15 -572.83
-582.94 -572.83
-589.13 -572.83
-588.81 -572.83
-587.26 -572.83
-573.08 -572.83
-585.61 -572.83
-572.87 -572.87
-574.22 -572.87
-583.08 -572.87
-586.10 -572.87
-583.02 -572.87
-614.50 -572.87
-580.35 -572.87
-572.98 -572.98
-589.23 -572.98
-615.24 -572.98
-572.79 -572.79
-572.62 -572.62
-590.50 -572.62
-582.28 -572.62
-586.99 -572.62
-573.79 -572.62
-573.19 -572.62
-572.86 -572.86
-573.46 -573.46
-583.00 -573.46
-574.70 -574.70
-587.37 -574.70
-573.37 -573.37
-573.48 -573.48
-587.85 -573.48
-587.85 -573.48
-587.41 -573.48
-588.80 -573.48
-593.69 -573.48
-574.30 -573.48
-588.17 -573.48
-573.12 -573.12
-585.06 -573.12
-614.83 -573.12
-588.75 -573.12
-583.57 -573.12
-575.24 -573.12
-572.69 -572.69
-589.40 -572.69
-590.37 -572.69
-588.21 -572.69
-589.30 -572.69
-585.17 -572.69
-588.84 -572.69
-587.25 -572.69
-591.54 -572.69
-588.27 -572.69
-573.40 -573.40
-587.04 -573.40
-571.06 -571.06
-573.88 -571.06
-596.14 -571.06
-586.17 -571.06
-577.83 -571.06
-572.42 -571.06
-580.81 -571.06
-575.21 -571.06
-586.66 -571.06
-587.92 -571.06
-582.42 -571.06
-584.81 -571.06
-573.07 -571.06
-586.80 -571.06
-573.11 -571.06
-589.66 -571.06
-588.54 -571.06
-582.52 -571.06
-595.35 -571.06
-575.34 -571.06
-592.85 -571.06
-584.64 -571.06
-574.25 -571.06
-577.13 -577.13
-595.45 -577.13
-585.63 -577.13
-586.40 -577.13
-574.95 -574.95
-599.38 -574.95
-573.09 -573.09
-592.24 -573.09
-583.01 -573.09
-585.69 -573.09
-589.16 -573.09
-572.73 -572.73
-572.65 -572.65
-587.84 -572.65
-571.06 -571.06
-587.26 -571.06
-572.89 -571.06
-597.56 -571.06
-587.64 -571.06
-572.93 -571.06
-594.53 -571.06
-574.42 -571.06
-585.85 -571.06
-573.46 -571.06
-574.69 -571.06
-589.39 -571.06
-583.07 -571.06
-586.37 -571.06
-573.88 -571.06
-589.09 -571.06
-575.48 -571.06
-571.05 -571.05
-590.17 -571.05
-572.63 -571.05
-574.76 -571.05
-592.33 -571.05
-592.01 -571.05
-584.80 -571.05
-589.83 -571.05
-590.10 -571.05
-588.67 -571.05
-572.61 -571.05
-571.08 -571.08
-587.40 -571.08
-588.77 -571.08
-572.64 -571.08
-585.66 -571.08
-584.73 -571.08
-581.96 -571.08
-589.65 -571.08
-580.81 -571.08
-592.51 -571.08
-588.86 -571.08
-574.41 -571.08
-588.44 -571.08
-572.61 -571.08
-585.45 -571.08
-581.95 -571.08
-572.62 -572.62
-574.71 -572.62
-573.20 -572.62
-588.89 -572.62
-584.71 -572.62
-573.29 -573.29
-575.02 -573.29
-574.54 -573.29
-575.41 -573.29
-583.11 -573.29
-576.99 -573.29
-588.95 -573.29
-574.83 -574.83
-580.00 -574.83
-596.98 -574.83
-618.61 -574.83
-619.56 -574.83
-595.19 -574.83
-586.37 -574.83
-576.99 -574.83
-572.87 -572.87
-573.12 -573.12
-585.41 -573.12
-581.69 -573.12
-577.16 -573.12
-587.10 -573.12
-589.73 -573.12
-586.81 -573.12
-595.32 -573.12
-575.45 -573.12
-587.99 -573.12
-588.32 -573.12
-573.06 -573.06
-586.54 -573.06
-593.01 -573.06
-572.66 -572.66
-572.65 -572.65
-572.90 -572.90
-588.19 -572.90
-581.94 -572.90
-592.95 -572.90
-572.63 -572.63
-584.79 -572.63
-588.02 -572.63
-581.85 -572.63
-574.57 -572.63
-585.46 -572.63
-573.09 -573.09
-587.71 -573.09
-583.02 -573.09
-574.39 -573.09
-585.74 -573.09
-589.16 -573.09
-1066.15 -573.09
-1072.50 -573.09
-1047.16 -1047.16
-1038.75 -1038.75
