-10000.00 -10000.00
-2458.05 -2458.05
-2454.29 -2454.29
-2463.41 -2454.29
-2466.87 -2454.29
-2505.82 -2454.29
-2489.71 -2454.29
-2472.41 -2454.29
-2414.07 -2414.07
-2406.94 -2406.94
-2415.01 -2406.94
-2425.27 -2406.94
-2400.35 -2400.35
-2455.32 -2400.35
-2413.41 -2400.35
-2341.84 -2341.84
-2339.53 -2339.53
-2290.04 -2290.04
-2310.93 -2290.04
-2366.08 -2290.04
-2314.04 -2290.04
-2309.02 -2290.04
-2319.80 -2290.04
-2235.82 -2235.82
-2263.58 -2235.82
-2317.59 -2235.82
-2206.49 -2206.49
-2197.69 -2197.69
-2199.53 -2197.69
-2244.34 -2197.69
-2188.47 -2188.47
-2196.51 -2188.47
-2215.47 -2188.47
-2307.86 -2188.47
-2106.73 -2106.73
-2046.90 -2046.90
-2080.50 -2046.90
-1966.82 -1966.82
-2047.91 -1966.82
-1906.08 -1906.08
-1983.75 -1906.08
-1888.06 -1888.06
-1848.36 -1848.36
-1758.17 -1758.17
-1850.37 -1758.17
-1811.74 -1758.17
-1770.07 -1758.17
-1756.22 -1756.22
-1797.81 -1756.22
-1706.83 -1706.83
-1781.84 -1706.83
-1669.52 -1669.52
-1605.03 -1605.03
-1662.22 -1605.03
-1505.10 -1505.10
-1421.66 -1421.66
-1427.76 -1421.66
-1434.55 -1421.66
-1358.94 -1358.94
-1361.66 -1361.66
-1358.99 -1358.99
-1359.93 -1359.93
-1350.45 -1350.45
-1322.51 -1322.51
-1358.74 -1322.51
-1324.35 -1322.51
-1354.05 -1322.51
-1348.99 -1322.51
-1334.61 -1322.51
-1350.98 -1322.51
-1332.87 -1322.51
-1368.70 -1322.51
-1356.48 -1322.51
-1359.94 -1322.51
-1322.57 -1322.57
-1368.30 -1322.57
-1359.56 -1322.57
-1357.59 -1322.57
-1323.11 -1323.11
-1323.40 -1323.40
-1323.82 -1323.82
-1327.84 -1323.82
-1359.22 -1323.82
-1351.72 -1323.82
-1419.90 -1323.82
-1322.58 -1322.58
-1350.99 -1322.58
-1352.19 -1322.58
-1358.21 -1322.58
-1333.03 -1322.58
-1363.54 -1322.58
-1367.17 -1322.58
-1324.27 -1322.58
-1363.62 -1322.58
-1324.01 -1322.58
-1364.04 -1322.58
-1328.04 -1322.58
-1357.67 -1322.58
-1322.82 -1322.58
-1322.51 -1322.51
-1360.79 -1322.51
-1344.92 -1322.51
-1327.75 -1322.51
-1322.54 -1322.54
-1337.56 -1322.54
-1346.61 -1322.54
-1356.79 -1322.54
-1351.89 -1322.54
-1391.65 -1322.54
-1332.89 -1322.54
-1324.84 -1322.54
-1352.76 -1322.54
-1356.08 -1322.54
-1324.45 -1322.54
-1333.35 -1322.54
-1352.30 -1322.54
-1354.38 -1322.54
-1363.64 -1322.54
-1360.12 -1322.54
-1384.07 -1322.54
-1323.52 -1322.54
-1328.78 -1322.54
-1376.93 -1322.54
-1323.71 -1322.54
-1352.25 -1322.54
-1324.42 -1322.54
-1322.49 -1322.49
-1384.50 -1322.49
-1388.64 -1322.49
-1367.64 -1322.49
-1357.87 -1322.49
-1323.22 -1322.49
-1355.49 -1322.49
-1323.41 -1323.41
-1353.65 -1323.41
-1328.74 -1323.41
-1351.87 -1323.41
-1324.40 -1324.40
-1343.93 -1324.40
-1322.55 -1322.55
-1328.30 -1322.55
-1326.39 -1322.55
-1353.66 -1322.55
-1350.26 -1322.55
-1355.35 -1322.55
-1351.61 -1322.55
-1363.55 -1322.55
-1357.59 -1322.55
-1325.26 -1322.55
-1351.95 -1322.55
-1359.94 -1322.55
-1352.33 -1322.55
-1350.97 -1322.55
-1322.45 -1322.45
-1328.91 -1322.45
-1322.73 -1322.73
-1322.49 -1322.49
-1343.84 -1322.49
-1330.02 -1322.49
-1358.49 -1322.49
-1361.29 -1322.49
-1332.86 -1322.49
-1330.10 -1322.49
-1332.24 -1322.49
-1362.05 -1322.49
-1358.49 -1322.49
-1328.82 -1322.49
-1340.41 -1322.49
-1323.89 -1322.49
-1324.50 -1322.49
-1334.66 -1322.49
-1357.36 -1322.49
-1323.10 -1322.49
-1324.09 -1322.49
-1322.16 -1322.16
-1326.80 -1322.16
-1345.39 -1322.16
-1365.63 -1322.16
-1322.97 -1322.97
-1324.23 -1322.97
-1358.80 -1322.97
-1329.09 -1322.97
-1346.69 -1322.97
-1351.84 -1322.97
-1323.23 -1323.23
-1353.61 -1323.23
-1346.49 -1323.23
-1352.90 -1323.23
-1339.55 -1323.23
-1375.17 -1323.23
-1330.01 -1323.23
-1326.47 -1323.23
-1361.18 -1323.23
-1344.06 -1323.23
-1318.92 -1318.92
-1359.61 -1318.92
-1322.95 -1318.92
-1354.19 -1318.92
-1359.86 -1318.92
-1323.56 -1318.92
-1352.23 -1318.92
-1324.41 -1318.92
-1323.83 -1318.92
-1324.42 -1318.92
-1334.59 -1318.92
-1323.38 -1318.92
-1322.46 -1318.92
-1367.56 -1318.92
-1349.36 -1318.92
-1322.84 -1318.92
-1323.72 -1318.92
-1329.16 -1318.92
-1360.08 -1318.92
-1360.16 -1318.92
-1323.99 -1318.92
-1363.60 -1318.92
-1324.16 -1318.92
-1322.85 -1318.92
-1327.25 -1318.92
-1434.48 -1318.92
-1322.46 -1318.92
-1390.07 -1318.92
-1344.47 -1318.92
-1355.61 -1318.92
-1357.93 -1318.92
-1357.11 -1318.92
-1323.18 -1318.92
-1342.74 -1318.92
-1357.45 -1318.92
-1323.45 -1318.92
-1323.72 -1318.92
-1349.98 -1318.92
-1344.10 -1318.92
-1352.34 -1318.92
-1378.02 -1318.92
-1355.78 -1318.92
-1322.53 -1318.92
-1356.26 -1318.92
-1318.81 -1318.81
-1324.35 -1318.81
-1350.37 -1318.81
-1323.33 -1318.81
-1375.19 -1318.81
-1318.89 -1318.89
-1327.39 -1318.89
-1329.09 -1318.89
-1359.53 -1318.89
-1324.52 -1318.89
-1434.54 -1318.89
-1326.83 -1318.89
-1322.45 -1318.89
-1352.10 -1318.89
-1375.14 -1318.89
-1410.36 -1318.89
-1353.82 -1318.89
-1333.00 -1318.89
-1358.00 -1318.89
-1326.79 -1318.89
-1324.92 -1318.89
-1362.04 -1318.89
-1351.14 -1318.89
-1322.44 -1318.89
-1358.04 -1318.89
-1352.23 -1318.89
-1346.32 -1318.89
-1323.87 -1318.89
-1322.80 -1318.89
-1323.26 -1318.89
-1322.54 -1318.89
-1353.58 -1318.89
-1327.33 -1318.89
-1324.30 -1318.89
-1343.96 -1318.89
-1327.44 -1318.89
-1326.19 -1318.89
-1328.09 -1318.89
-1357.87 -1318.89
-1330.12 -1318.89
-1356.55 -1318.89
-1339.33 -1318.89
-1358.18 -1318.89
-1327.63 -1318.89
-1345.07 -1318.89
-1324.72 -1318.89
-1323.08 -1318.89
-1354.85 -1318.89
-1350.34 -1318.89
-1346.30 -1318.89
-1408.20 -1318.89
-1344.12 -1318.89
-1322.47 -1318.89
-1324.89 -1318.89
-1358.58 -1318.89
-1322.96 -1318.89
-1324.39 -1318.89
-1337.51 -1318.89
-1322.82 -1318.89
-1374.79 -1318.89
-1323.74 -1318.89
-1325.35 -1318.89
-1324.18 -1318.89
-1322.75 -1318.89
-1354.01 -1318.89
-1322.27 -1318.89
-1322.24 -1318.89
-1358.16 -1318.89
-1370.78 -1318.89
-1353.92 -1318.89
-1376.31 -1318.89
-1324.30 -1318.89
-1353.84 -1318.89
-1364.42 -1318.89
-1327.77 -1318.89
-1349.36 -1318.89
-1332.67 -1318.89
-1325.11 -1318.89
-1337.46 -1318.89
-1352.30 -1318.89
-1370.48 -1318.89
-1344.85 -1318.89
-1322.45 -1318.89
-1324.63 -1318.89
-1350.56 -1318.89
-1352.43 -1318.89
-1368.86 -1318.89
-1324.39 -1318.89
-1358.92 -1318.89
-1375.20 -1318.89
-1323.67 -1318.89
-1345.76 -1318.89
-1324.55 -1318.89
-1323.64 -1318.89
-1362.11 -1318.89
-1324.41 -1318.89
-1332.85 -1318.89
-1359.77 -1318.89
-1323.34 -1318.89
-1323.69 -1318.89
-1327.60 -1318.89
-1326.34 -1318.89
-1352.51 -1318.89
-1327.81 -1318.89
-1322.86 -1318.89
-1352.59 -1318.89
-1349.86 -1318.89
-1322.53 -1318.89
-1352.28 -1318.89
-1323.50 -1323.50
-1377.31 -1323.50
-1362.08 -1323.50
-1350.56 -1323.50
-1352.66 -1323.50
-1322.73 -1322.73
-1326.19 -1322.73
-1323.70 -1322.73
-1346.75 -1322.73
-1326.44 -1322.73
-1352.34 -1322.73
-1347.47 -1322.73
-1356.24 -1322.73
-1328.09 -1322.73
-1322.49 -1322.49
-1324.40 -1322.49
-1322.07 -1322.07
-1375.24 -1322.07
-1322.82 -1322.82
-1412.62 -1322.82
-1324.11 -1322.82
-1322.50 -1322.50
-1322.83 -1322.83
-1324.53 -1322.83
-1361.87 -1322.83
-1359.71 -1322.83
-1358.11 -1322.83
-1321.99 -1321.99
-1322.54 -1321.99
-1323.07 -1321.99
-1351.65 -1321.99
-1322.52 -1322.52
-1354.83 -1322.52
-1375.09 -1322.52
-1346.12 -1322.52
-1340.45 -1322.52
-1358.95 -1322.52
-1361.95 -1322.52
-1325.14 -1322.52
-1326.63 -1322.52
-1352.38 -1322.52
-1355.13 -1322.52
-1326.29 -1322.52
-1360.38 -1322.52
-1325.58 -1325.58
-1360.94 -1325.58
-1352.51 -1325.58
-1322.02 -1322.02
-1355.95 -1322.02
-1359.48 -1322.02
-1350.57 -1322.02
-1350.49 -1322.02
-1434.51 -1322.02
-1324.34 -1322.02
-1328.69 -1322.02
-1323.97 -1322.02
-1322.83 -1322.02
-1387.40 -1322.02
-1323.20 -1323.20
-1371.41 -1323.20
-1322.02 -1322.02
-1324.43 -1322.02
-1357.00 -1322.02
-1347.42 -1322.02
-1323.92 -1322.02
-1322.55 -1322.55
-1323.90 -1322.55
-1327.85 -1322.55
-1337.47 -1322.55
-1351.47 -1322.55
-1318.88 -1318.88
-2462.98 -1318.88
-2455.97 -2455.97
-2409.53 -2409.53
-2389.48 -2389.48
-2336.04 -2336.04
-2312.07 -2312.07
-2291.02 -2291.02
-2255.78 -2255.78
-2220.31 -2220.31
-2191.53 -2191.53
-2141.55 -2141.55
-2166.62 -2141.55
-2182.22 -2141.55
-2185.43 -2141.55
-2168.56 -2141.55
-2158.85 -2141.55
-2124.60 -2124.60
-2102.29 -2102.29
-2100.90 -2100.90
-2102.20 -2100.90
-2098.86 -2098.86
-2039.82 -2039.82
-2082.80 -2039.82
-2102.23 -2039.82
-1997.84 -1997.84
-1905.45 -1905.45
-1952.38 -1905.45
-1897.90 -1897.90
-1802.27 -1802.27
-1904.59 -1802.27
-1857.32 -1802.27
-1839.63 -1802.27
-1811.95 -1802.27
-1837.37 -1802.27
-1704.57 -1704.57
-1687.06 -1687.06
-1565.71 -1565.71
-1536.79 -1536.79
-1483.09 -1483.09
-1539.27 -1483.09
-1511.18 -1483.09
-1396.38 -1396.38
-1352.15 -1352.15
-1404.40 -1352.15
-1358.36 -1352.15
-1457.98 -1352.15
-1358.97 -1352.15
-1380.16 -1352.15
-1354.22 -1352.15
-1366.41 -1352.15
-1367.62 -1352.15
-1368.45 -1352.15
-1507.53 -1352.15
-1325.28 -1325.28
-1323.09 -1323.09
-1363.08 -1323.09
-1332.62 -1323.09
-1343.51 -1323.09
-1324.68 -1323.09
-1371.86 -1323.09
-1350.24 -1323.09
-1353.56 -1323.09
-1352.36 -1323.09
-1368.42 -1323.09
-1332.80 -1323.09
-1360.10 -1323.09
-1356.35 -1323.09
-1374.87 -1323.09
-1370.40 -1323.09
-1323.26 -1323.09
-1324.41 -1324.41
-1368.24 -1324.41
-1358.37 -1324.41
-1357.72 -1324.41
-1322.63 -1322.63
-1328.82 -1322.63
-1323.21 -1322.63
-1323.85 -1323.85
-1322.98 -1322.98
-1370.77 -1322.98
-1323.78 -1323.78
-1353.74 -1323.78
-1363.92 -1323.78
-1363.53 -1323.78
-1323.14 -1323.14
-1542.50 -1323.14
-1344.68 -1323.14
-1322.57 -1322.57
-1355.28 -1322.57
-1325.32 -1322.57
-1327.41 -1322.57
-1363.01 -1322.57
-1353.65 -1322.57
-1352.74 -1322.57
-1324.47 -1322.57
-1350.53 -1322.57
-1327.56 -1322.57
-1375.44 -1322.57
-1324.29 -1322.57
-1322.50 -1322.50
-1352.41 -1322.50
-1325.36 -1322.50
-1346.63 -1322.50
-1393.74 -1322.50
-1371.84 -1322.50
-1356.18 -1322.50
-1337.58 -1322.50
-1385.28 -1322.50
-1322.55 -1322.55
-1407.46 -1322.55
-1403.25 -1322.55
-1380.44 -1322.55
-1357.38 -1322.55
-1368.76 -1322.55
-1344.09 -1322.55
-1324.42 -1322.55
-1351.90 -1322.55
-1334.57 -1322.55
-1342.72 -1322.55
-1353.90 -1322.55
-1387.81 -1322.55
-1358.86 -1322.55
-1412.62 -1322.55
-1373.50 -1322.55
-1425.46 -1322.55
-1357.20 -1322.55
-1322.53 -1322.53
-1358.24 -1322.53
-1323.61 -1322.53
-1322.73 -1322.73
-1322.45 -1322.45
-1375.23 -1322.45
-1358.15 -1322.45
-1354.89 -1322.45
-1356.61 -1322.45
-1351.25 -1322.45
-1322.92 -1322.92
-1351.92 -1322.92
-1324.46 -1322.92
-1371.18 -1322.92
-1322.88 -1322.88
-1352.57 -1322.88
-1326.47 -1322.88
-1325.10 -1322.88
-1340.78 -1322.88
-1355.60 -1322.88
-1360.83 -1322.88
-1350.30 -1322.88
-1375.11 -1322.88
-1322.48 -1322.48
-1351.62 -1322.48
-1324.39 -1324.39
-1322.52 -1322.52
-1322.21 -1322.21
-1322.83 -1322.83
-1326.71 -1322.83
-1323.62 -1322.83
-1367.49 -1322.83
-1342.72 -1322.83
-1322.59 -1322.59
-1364.40 -1322.59
-1325.29 -1322.59
-1354.76 -1322.59
-1413.02 -1322.59
-1324.17 -1322.59
-1322.90 -1322.59
-1322.56 -1322.56
-1385.61 -1322.56
-1399.55 -1322.56
-1431.73 -1322.56
-1352.44 -1322.56
-1327.74 -1322.56
-1402.40 -1322.56
-1322.59 -1322.59
-1352.60 -1322.59
-1352.01 -1322.59
-1328.44 -1322.59
-1356.54 -1322.59
-1345.41 -1322.59
-1354.43 -1322.59
-1375.14 -1322.59
-1361.94 -1322.59
-1353.94 -1322.59
-1325.57 -1322.59
-1352.02 -1322.59
-1332.23 -1322.59
-1364.95 -1322.59
-1355.79 -1322.59
-1351.85 -1322.59
-1354.35 -1322.59
-1332.99 -1322.59
-1354.42 -1322.59
-1328.46 -1322.59
-1385.23 -1322.59
-1343.13 -1322.59
-1376.30 -1322.59
-1355.50 -1322.59
-1322.46 -1322.46
-1322.51 -1322.51
-1378.57 -1322.51
-1359.92 -1322.51
-1380.14 -1322.51
-1324.29 -1324.29
-1322.64 -1322.64
-1327.57 -1322.64
-1324.37 -1322.64
-1362.07 -1322.64
-1352.32 -1322.64
-1323.53 -1322.64
-1352.03 -1322.64
-1403.87 -1322.64
-1385.14 -1322.64
-1318.82 -1318.82
-1335.55 -1318.82
-1369.80 -1318.82
-1323.24 -1318.82
-1350.22 -1318.82
-1323.76 -1318.82
-1359.41 -1318.82
-1359.55 -1318.82
-1327.26 -1318.82
-1356.76 -1318.82
-1355.13 -1318.82
-1383.07 -1318.82
-1364.27 -1318.82
-1323.84 -1318.82
-1441.19 -1318.82
-1349.09 -1318.82
-1323.31 -1318.82
-1323.19 -1318.82
-1363.73 -1318.82
-1359.57 -1318.82
-1375.08 -1318.82
-1332.85 -1318.82
-1356.26 -1318.82
-1352.32 -1318.82
-1323.23 -1318.82
-1362.95 -1318.82
-1363.15 -1318.82
-1358.18 -1318.82
-1374.93 -1318.82
-1370.00 -1318.82
-1328.62 -1318.82
-1325.00 -1318.82
-1361.02 -1318.82
-1350.48 -1318.82
-1344.70 -1318.82
-1377.11 -1318.82
-1350.42 -1318.82
-1332.58 -1318.82
-1323.83 -1318.82
-1390.27 -1318.82
-1355.41 -1318.82
-1346.54 -1318.82
-1356.43 -1318.82
-1348.39 -1318.82
-1359.62 -1318.82
-1377.28 -1318.82
-1334.59 -1318.82
-1345.12 -1318.82
-1355.59 -1318.82
-1324.53 -1318.82
-1325.60 -1318.82
-1355.66 -1318.82
-1358.14 -1318.82
-1323.91 -1318.82
-1368.32 -1318.82
-1322.51 -1318.82
-1487.56 -1318.82
-1345.39 -1318.82
-1350.51 -1318.82
-1322.09 -1318.82
-1332.71 -1318.82
-1360.98 -1318.82
-1328.34 -1318.82
-1323.10 -1318.82
-1395.78 -1318.82
-1344.68 -1318.82
-1324.04 -1318.82
-1324.39 -1318.82
-1365.03 -1318.82
-1373.46 -1318.82
-1322.59 -1318.82
-1345.12 -1318.82
-1343.22 -1318.82
-1324.56 -1318.82
-1362.99 -1318.82
-1326.39 -1318.82
-1352.50 -1318.82
-1345.19 -1318.82
-1359.18 -1318.82
-1323.57 -1318.82
-1368.22 -1318.82
-1343.97 -1318.82
-1350.56 -1318.82
-1358.73 -1318.82
-1324.35 -1318.82
-1356.55 -1318.82
-1356.75 -1318.82
-1345.28 -1318.82
-1323.61 -1318.82
-1326.64 -1318.82
-1327.62 -1318.82
-1356.99 -1318.82
-1356.98 -1318.82
-1325.51 -1318.82
-1351.95 -1318.82
-1356.86 -1318.82
-1322.04 -1318.82
-1359.87 -1318.82
-1322.48 -1318.82
-1343.96 -1318.82
-1352.24 -1318.82
-1359.95 -1318.82
-1326.62 -1318.82
-1419.57 -1318.82
-1343.65 -1318.82
-1318.82 -1318.82
-1323.01 -1318.82
-1323.10 -1318.82
-1359.14 -1318.82
-1318.86 -1318.86
-1363.86 -1318.86
-1322.45 -1318.86
-1324.35 -1318.86
-1322.50 -1318.86
-1337.47 -1318.86
-1318.80 -1318.80
-1356.94 -1318.80
-1359.83 -1318.80
-1322.84 -1318.80
-1328.17 -1318.80
-1353.10 -1318.80
-1353.85 -1318.80
-1344.00 -1318.80
-1365.74 -1318.80
-1356.63 -1318.80
-1376.72 -1318.80
-1352.31 -1318.80
-1322.03 -1318.80
-1355.81 -1318.80
-1354.43 -1318.80
-1342.89 -1318.80
-1322.06 -1318.80
-1345.06 -1318.80
-1368.72 -1318.80
-1322.51 -1318.80
-1323.61 -1318.80
-1357.03 -1318.80
-1323.75 -1318.80
-1350.34 -1318.80
-1358.58 -1318.80
-1322.32 -1318.80
-1505.71 -1318.80
-1332.87 -1318.80
-1359.19 -1318.80
-1323.62 -1318.80
-1361.96 -1318.80
-1374.08 -1318.80
-1322.96 -1318.80
-1325.17 -1318.80
-1326.93 -1318.80
-1323.75 -1318.80
-1354.38 -1318.80
-1347.55 -1318.80
-1361.23 -1318.80
-1357.45 -1318.80
-1355.60 -1318.80
-1352.87 -1318.80
-1361.84 -1318.80
-1436.98 -1318.80
-1379.96 -1318.80
-1323.29 -1318.80
-1368.04 -1318.80
-1360.80 -1318.80
-1357.38 -1318.80
-1326.19 -1318.80
-1318.87 -1318.87
-1363.79 -1318.87
-1323.91 -1318.87
-1327.30 -1318.87
-1435.82 -1318.87
-1322.92 -1318.87
-1377.26 -1318.87
-1351.85 -1318.87
-1318.89 -1318.89
-1363.47 -1318.89
-1412.13 -1318.89
-1370.62 -1318.89
-1362.60 -1318.89
-1397.58 -1318.89
-1358.17 -1318.89
-1364.42 -1318.89
-1350.09 -1318.89
-1357.98 -1318.89
-1352.11 -1318.89
-1358.41 -1318.89
-1373.13 -1318.89
-1324.15 -1318.89
-1420.87 -1318.89
-1353.35 -1318.89
-1362.97 -1318.89
-1335.54 -1318.89
-1356.45 -1318.89
-1350.47 -1318.89
-1343.63 -1318.89
-1366.32 -1318.89
-1366.90 -1318.89
-1322.48 -1318.89
-1361.28 -1318.89
-1440.69 -1318.89
-1457.16 -1318.89
-1374.93 -1318.89
-1325.32 -1318.89
-1323.64 -1318.89
-1346.93 -1318.89
-2477.85 -1318.89
-2451.21 -2451.21
-2491.72 -2451.21
-2444.89 -2444.89
-2443.81 -2443.81
-2415.00 -2415.00
-2456.31 -2415.00
-2400.51 -2400.51
-2378.20 -2378.20
-2401.98 -2378.20
-2325.44 -2325.44
-2326.80 -2325.44
-2279.39 -2279.39
-2253.55 -2253.55
-2305.84 -2253.55
-2146.59 -2146.59
-2191.63 -2146.59
-2123.36 -2123.36
-2106.76 -2106.76
-2078.77 -2078.77
-2105.63 -2078.77
-2064.41 -2064.41
-2050.18 -2050.18
-2065.78 -2050.18
-2060.74 -2050.18
-2019.82 -2019.82
-2055.07 -2019.82
-2016.56 -2016.56
-1998.55 -1998.55
-1960.43 -1960.43
-2098.64 -1960.43
-1979.79 -1960.43
-2045.47 -1960.43
-1999.12 -1960.43
-1965.18 -1960.43
-2000.02 -1960.43
-1889.81 -1889.81
-1824.66 -1824.66
-1798.99 -1798.99
-1893.90 -1798.99
-1809.31 -1798.99
-1857.42 -1798.99
-1935.57 -1798.99
-1835.61 -1798.99
-1752.46 -1752.46
-1895.82 -1752.46
-1803.41 -1752.46
-1806.89 -1752.46
-1670.06 -1670.06
-1751.29 -1670.06
-1753.32 -1670.06
-1674.67 -1670.06
-1536.16 -1536.16
-1496.83 -1496.83
-1551.23 -1496.83
-1505.19 -1496.83
-1380.48 -1380.48
-1414.58 -1380.48
-1535.17 -1380.48
-1418.85 -1380.48
-1414.35 -1380.48
-1394.13 -1380.48
-1370.85 -1370.85
-1369.69 -1369.69
-1360.70 -1360.70
-1351.53 -1351.53
-1332.61 -1332.61
-1329.48 -1329.48
-1324.39 -1324.39
-1350.23 -1324.39
-1356.96 -1324.39
-1355.15 -1324.39
-1327.79 -1324.39
-1356.50 -1324.39
-1361.84 -1324.39
-1326.54 -1324.39
-1349.98 -1324.39
-1340.21 -1324.39
-1356.65 -1324.39
-1343.94 -1324.39
-1362.92 -1324.39
-1352.45 -1324.39
-1346.95 -1324.39
-1325.54 -1324.39
-1368.08 -1324.39
-1352.39 -1324.39
-1359.90 -1324.39
-1347.28 -1324.39
-1324.27 -1324.27
-1337.54 -1324.27
-1352.47 -1324.27
-1322.93 -1322.93
-1323.70 -1323.70
-1323.18 -1323.18
-1351.76 -1323.18
-1366.81 -1323.18
-1327.03 -1323.18
-1323.60 -1323.60
-1322.53 -1322.53
-1322.83 -1322.83
-1350.85 -1322.83
-1350.49 -1322.83
-1322.54 -1322.54
-1322.07 -1322.07
-1360.24 -1322.07
-1337.53 -1322.07
-1325.31 -1322.07
-1327.42 -1322.07
-1322.94 -1322.94
-1358.29 -1322.94
-1326.94 -1322.94
-1350.98 -1322.94
-1326.73 -1322.94
-1352.27 -1322.94
-1324.42 -1322.94
-1323.69 -1323.69
-1323.85 -1323.85
-1357.59 -1323.85
-1347.47 -1323.85
-1324.40 -1324.40
-1358.58 -1324.40
-1359.89 -1324.40
-1377.09 -1324.40
-1325.06 -1324.40
-1369.21 -1324.40
-1344.03 -1324.40
-1323.24 -1323.24
-1381.58 -1323.24
-1361.95 -1323.24
-1324.40 -1323.24
-1323.76 -1323.76
-1343.15 -1323.76
-1324.35 -1324.35
-1362.97 -1324.35
-1346.55 -1324.35
-1343.39 -1324.35
-1360.06 -1324.35
-1351.52 -1324.35
-1334.69 -1324.35
-1343.75 -1324.35
-1322.98 -1322.98
-1343.97 -1322.98
-1361.37 -1322.98
-1323.84 -1322.98
-1324.25 -1322.98
-1366.12 -1322.98
-1344.14 -1322.98
-1327.17 -1322.98
-1359.76 -1322.98
-1323.28 -1323.28
-1323.13 -1323.13
-1323.94 -1323.94
-1419.20 -1323.94
-1322.02 -1322.02
-1322.87 -1322.02
-1362.03 -1322.02
-1324.40 -1322.02
-1347.61 -1322.02
-1323.94 -1322.02
-1326.78 -1322.02
-1322.55 -1322.55
-1324.64 -1322.55
-1322.74 -1322.74
-1329.92 -1322.74
-1356.47 -1322.74
-1363.48 -1322.74
-1353.48 -1322.74
-1323.87 -1322.74
-1360.93 -1322.74
-1356.54 -1322.74
-1323.02 -1322.74
-1345.02 -1322.74
-1322.82 -1322.82
-1350.86 -1322.82
-1326.90 -1322.82
-1355.58 -1322.82
-1420.06 -1322.82
-1322.99 -1322.82
-1345.65 -1322.82
-1365.60 -1322.82
-1327.46 -1322.82
-1359.44 -1322.82
-1352.56 -1322.82
-1323.07 -1323.07
-1322.75 -1322.75
-1352.37 -1322.75
-1326.72 -1322.75
-1324.52 -1324.52
-1334.71 -1324.52
-1361.17 -1324.52
-1322.84 -1322.84
-1345.28 -1322.84
-1325.06 -1322.84
-1367.49 -1322.84
-1329.48 -1322.84
-1322.46 -1322.46
-1322.55 -1322.55
-1355.61 -1322.55
-1357.00 -1322.55
-1357.21 -1322.55
-1322.46 -1322.46
-1359.61 -1322.46
-1322.49 -1322.49
-1344.44 -1322.49
-1351.36 -1322.49
-1322.34 -1322.34
-1318.90 -1318.90
-1323.56 -1318.90
-1412.61 -1318.90
-1322.89 -1318.90
-1322.30 -1318.90
-1377.81 -1318.90
-1323.74 -1318.90
-1323.31 -1318.90
-1323.32 -1318.90
-1374.92 -1318.90
-1323.11 -1318.90
-1359.36 -1318.90
-1326.63 -1318.90
-1357.44 -1318.90
-1334.62 -1318.90
-1363.17 -1318.90
-1332.95 -1318.90
-1351.79 -1318.90
-1356.90 -1318.90
-1375.02 -1318.90
-1318.89 -1318.89
-1321.88 -1318.89
-1359.98 -1318.89
-1318.80 -1318.80
-1371.87 -1318.80
-1358.09 -1318.80
-1322.47 -1318.80
-1344.15 -1318.80
-1345.00 -1318.80
-1323.19 -1318.80
-1322.52 -1318.80
-1359.61 -1318.80
-1323.08 -1318.80
-1324.35 -1318.80
-1332.97 -1318.80
-1323.78 -1318.80
-1339.57 -1318.80
-1323.65 -1318.80
-1324.05 -1318.80
-1327.21 -1318.80
-1324.40 -1318.80
-1345.19 -1318.80
-1357.88 -1318.80
-1333.52 -1318.80
-1327.44 -1318.80
-1326.86 -1318.80
-1356.97 -1318.80
-1361.16 -1318.80
-1322.59 -1318.80
-1357.38 -1318.80
-1323.65 -1318.80
-1342.87 -1318.80
-1322.49 -1318.80
-1362.98 -1318.80
-1365.63 -1318.80
-1360.94 -1318.80
-1352.43 -1318.80
-1350.22 -1318.80
-1344.87 -1318.80
-1322.93 -1318.80
-1322.55 -1318.80
-1324.49 -1318.80
-1356.56 -1318.80
-1327.39 -1318.80
-1345.19 -1318.80
-1359.22 -1318.80
-1324.08 -1318.80
-1327.87 -1318.80
-1358.80 -1318.80
-1359.54 -1318.80
-1334.51 -1318.80
-1334.62 -1318.80
-1322.73 -1318.80
-1358.66 -1318.80
-1322.80 -1318.80
-1321.99 -1318.80
-1343.68 -1318.80
-1366.73 -1318.80
-1327.30 -1318.80
-1352.20 -1318.80
-1328.49 -1318.80
-1352.50 -1318.80
-1318.87 -1318.87
-1343.21 -1318.87
-1323.74 -1318.87
-1322.47 -1318.87
-1434.48 -1318.87
-1351.83 -1318.87
-1352.23 -1318.87
-1328.79 -1318.87
-1346.49 -1318.87
-1322.52 -1318.87
-1352.63 -1318.87
-1318.86 -1318.86
-1355.28 -1318.86
-1334.52 -1318.86
-1323.46 -1318.86
-1322.55 -1318.86
-1363.69 -1318.86
-1322.47 -1318.86
-1361.32 -1318.86
-1362.76 -1318.86
-1355.10 -1318.86
-1334.67 -1318.86
-1323.05 -1318.86
-1360.09 -1318.86
-1354.77 -1318.86
-1358.99 -1318.86
-1332.83 -1318.86
-1419.92 -1318.86
-1350.35 -1318.86
-1383.14 -1318.86
-1351.90 -1318.86
-1342.77 -1318.86
-1322.74 -1318.86
-1351.43 -1318.86
-1331.66 -1318.86
-1322.76 -1318.86
-1349.87 -1318.86
-1357.21 -1318.86
-1333.11 -1318.86
-1434.87 -1318.86
-1353.82 -1318.86
-1327.46 -1318.86
-1344.14 -1318.86
-1351.74 -1318.86
-1350.45 -1318.86
-1419.20 -1318.86
-1358.73 -1318.86
-1361.65 -1318.86
-1324.42 -1318.86
-1351.62 -1318.86
-1322.07 -1318.86
-1352.59 -1318.86
-1343.17 -1318.86
-1359.52 -1318.86
-1351.16 -1318.86
-1327.61 -1318.86
-1323.01 -1318.86
-1323.59 -1318.86
-1323.35 -1318.86
-1322.48 -1318.86
-1318.91 -1318.91
-1323.95 -1318.91
-1322.47 -1318.91
-1359.13 -1318.91
-1326.60 -1318.91
-1345.00 -1318.91
-1351.66 -1318.91
-1324.40 -1318.91
-1359.69 -1318.91
-1361.88 -1318.91
-1351.01 -1318.91
-1345.11 -1318.91
-1359.40 -1318.91
-1350.48 -1318.91
-1326.34 -1318.91
-1326.78 -1318.91
-1322.04 -1318.91
-1351.46 -1318.91
-1356.83 -1318.91
-1324.80 -1318.91
-1344.04 -1318.91
-1425.04 -1318.91
-1322.59 -1318.91
-1357.91 -1318.91
-1364.63 -1318.91
-1322.52 -1318.91
-1332.82 -1318.91
-1357.96 -1318.91
-1333.35 -1318.91
-1359.78 -1318.91
-1358.10 -1318.91
-1353.32 -1318.91
-1349.68 -1318.91
-1374.90 -1318.91
-1329.04 -1318.91
-1344.83 -1318.91
-1323.20 -1318.91
-1342.69 -1318.91
-1324.42 -1318.91
-1322.57 -1318.91
-1324.22 -1318.91
-1322.86 -1318.91
-1330.02 -1318.91
-1322.49 -1318.91
-1358.58 -1318.91
-1362.29 -1318.91
-1373.54 -1318.91
-1361.39 -1318.91
-1351.13 -1318.91
-1356.96 -1318.91
-1357.97 -1318.91
-1323.35 -1318.91
-1318.81 -1318.81
-1322.57 -1318.81
-1349.39 -1318.81
-1352.47 -1318.81
-1323.92 -1318.81
-1346.54 -1318.81
-1326.82 -1318.81
-1322.56 -1318.81
-1342.61 -1318.81
-1358.00 -1318.81
-1332.51 -1318.81
-1323.65 -1318.81
-1353.08 -1318.81
-1350.16 -1318.81
-1380.41 -1318.81
-1324.40 -1318.81
-2442.38 -2442.38
-2405.26 -2405.26
-2364.74 -2364.74
-2316.32 -2316.32
-2304.32 -2304.32
-2292.40 -2292.40
-2252.19 -2252.19
-2277.26 -2252.19
-2333.19 -2252.19
-2187.51 -2187.51
-2272.65 -2187.51
-2188.00 -2188.00
-2135.50 -2135.50
-2155.33 -2135.50
-2196.67 -2135.50
-2097.29 -2097.29
-2065.13 -2065.13
-2082.98 -2065.13
-2073.29 -2065.13
-2048.67 -2048.67
-2082.92 -2048.67
-2053.49 -2048.67
-2087.14 -2048.67
-2102.72 -2048.67
-1966.61 -1966.61
-2052.01 -1966.61
-1991.54 -1966.61
-1943.29 -1943.29
-1937.54 -1937.54
-1799.21 -1799.21
-1796.25 -1796.25
-1890.79 -1796.25
-1694.24 -1694.24
-1588.92 -1588.92
-1639.55 -1588.92
-1707.36 -1588.92
-1646.79 -1588.92
-1515.70 -1515.70
-1406.39 -1406.39
-1466.10 -1406.39
-1505.49 -1406.39
-1359.88 -1359.88
-1359.57 -1359.57
-1515.33 -1359.57
-1355.02 -1355.02
-1359.86 -1355.02
-1348.42 -1348.42
-1419.20 -1348.42
-1465.95 -1348.42
-1350.46 -1348.42
-1360.25 -1348.42
-1322.76 -1322.76
-1322.36 -1322.36
-1322.12 -1322.12
-1434.56 -1322.12
-1323.79 -1322.12
-1359.42 -1322.12
-1368.52 -1322.12
-1359.76 -1322.12
-1361.66 -1322.12
-1323.19 -1322.12
-1337.48 -1322.12
-1321.99 -1321.99
-1355.63 -1321.99
-1349.97 -1321.99
-1350.02 -1321.99
-1363.01 -1321.99
-1357.99 -1321.99
-1367.22 -1321.99
-1322.57 -1322.57
-1322.45 -1322.45
-1342.81 -1322.45
-1380.51 -1322.45
-1326.86 -1322.45
-1323.17 -1322.45
-1359.99 -1322.45
-1361.82 -1322.45
-1325.09 -1322.45
-1324.68 -1322.45
-1323.99 -1322.45
-1362.38 -1322.45
-1318.89 -1318.89
-1346.62 -1318.89
-1363.52 -1318.89
-1332.70 -1318.89
-1332.62 -1318.89
-1364.47 -1318.89
-1386.17 -1318.89
-1357.31 -1318.89
-1364.31 -1318.89
-1362.21 -1318.89
-1346.13 -1318.89
-1360.64 -1318.89
-1328.47 -1318.89
-1379.39 -1318.89
-1322.01 -1318.89
-1343.89 -1318.89
-1345.34 -1318.89
-1322.12 -1322.12
-1360.05 -1322.12
-1368.01 -1322.12
-1329.15 -1322.12
-1356.31 -1322.12
-1324.22 -1322.12
-1352.57 -1322.12
-1381.36 -1322.12
-1325.45 -1322.12
-1358.07 -1322.12
-1323.70 -1322.12
-1357.84 -1322.12
-1352.15 -1322.12
-1412.60 -1322.12
-1363.69 -1322.12
-1359.03 -1322.12
-1344.16 -1322.12
-1358.10 -1322.12
-1327.14 -1322.12
-1356.91 -1322.12
-1359.18 -1322.12
-1325.33 -1322.12
-1318.89 -1318.89
-1334.57 -1318.89
-1325.12 -1318.89
-1322.95 -1318.89
-1351.96 -1318.89
-1360.95 -1318.89
-1324.93 -1318.89
-1322.01 -1318.89
-1322.56 -1318.89
-1352.46 -1318.89
-1353.95 -1318.89
-1351.81 -1318.89
-1322.49 -1318.89
-1362.02 -1318.89
-1352.07 -1318.89
-1322.94 -1318.89
-1351.29 -1318.89
-1325.32 -1318.89
-1362.07 -1318.89
-1345.51 -1318.89
-1323.08 -1318.89
-1366.10 -1318.89
-1344.00 -1318.89
-1323.24 -1318.89
-1358.68 -1318.89
-1318.88 -1318.88
-1332.81 -1318.88
-1323.07 -1318.88
-1356.36 -1318.88
-1352.00 -1318.88
-1351.35 -1318.88
-1318.88 -1318.88
-1352.21 -1318.88
-1322.88 -1318.88
-1323.03 -1318.88
-1386.95 -1318.88
-1346.95 -1318.88
-1345.16 -1318.88
-1352.52 -1318.88
-1359.92 -1318.88
-1352.17 -1318.88
-1323.07 -1318.88
-1357.40 -1318.88
-1390.89 -1318.88
-1343.70 -1318.88
-1323.37 -1318.88
-1346.56 -1318.88
-1356.20 -1318.88
-1327.87 -1318.88
-1361.32 -1318.88
-1324.40 -1318.88
-1325.19 -1318.88
-1357.19 -1318.88
-1334.71 -1318.88
-1356.25 -1318.88
-1322.55 -1318.88
-1354.76 -1318.88
-1352.38 -1318.88
-1329.47 -1318.88
-1323.76 -1318.88
-1356.62 -1318.88
-1326.93 -1318.88
-1357.94 -1318.88
-1323.12 -1318.88
-1329.95 -1318.88
-1344.05 -1318.88
-1380.43 -1318.88
-1358.49 -1318.88
-1434.52 -1318.88
-1356.81 -1318.88
-1358.90 -1318.88
-1363.01 -1318.88
-1322.56 -1318.88
-1326.50 -1318.88
-1322.46 -1318.88
-1362.38 -1318.88
-1359.90 -1318.88
-1358.66 -1318.88
-1322.44 -1318.88
-1352.51 -1318.88
-1359.86 -1318.88
-1324.27 -1318.88
-1333.48 -1318.88
-1357.17 -1318.88
-1357.46 -1318.88
-1357.99 -1318.88
-1327.83 -1318.88
-1330.17 -1318.88
-1323.76 -1318.88
-1326.71 -1318.88
-1358.49 -1318.88
-1328.74 -1318.88
-1351.89 -1318.88
-1350.63 -1318.88
-1350.56 -1318.88
-1322.55 -1318.88
-1324.00 -1318.88
-1322.94 -1318.88
-1350.83 -1318.88
-1355.65 -1318.88
-1412.55 -1318.88
-1328.81 -1318.88
-1322.04 -1318.88
-1371.26 -1318.88
-1327.55 -1318.88
-1346.59 -1318.88
-1325.05 -1318.88
-1361.95 -1318.88
-1362.11 -1318.88
-1322.86 -1318.88
-1361.92 -1318.88
-1329.98 -1318.88
-1324.40 -1318.88
-1326.59 -1318.88
-1343.88 -1318.88
-1322.57 -1318.88
-1325.34 -1318.88
-1326.79 -1318.88
-1352.73 -1318.88
-1329.96 -1318.88
-1352.24 -1318.88
-1354.23 -1318.88
-1350.58 -1318.88
-1346.10 -1318.88
-1361.18 -1318.88
-1322.46 -1318.88
-1358.85 -1318.88
-1360.73 -1318.88
-1359.26 -1318.88
-1354.92 -1318.88
-1322.17 -1318.88
-1322.86 -1318.88
-1323.15 -1318.88
-1330.02 -1318.88
-1361.05 -1318.88
-1323.29 -1318.88
-1324.36 -1318.88
-1352.05 -1318.88
-1354.59 -1318.88
-1324.40 -1318.88
-1324.96 -1318.88
-1359.42 -1318.88
-1346.13 -1318.88
-1323.15 -1318.88
-1357.26 -1318.88
-1322.64 -1318.88
-1357.77 -1318.88
-1352.39 -1318.88
-1352.18 -1318.88
-1352.43 -1318.88
-1359.04 -1318.88
-1349.38 -1318.88
-1375.16 -1318.88
-1322.74 -1318.88
-1324.37 -1318.88
-1354.34 -1318.88
-1357.07 -1318.88
-1326.73 -1318.88
-1343.56 -1318.88
-1332.93 -1318.88
-1359.53 -1318.88
-1364.61 -1318.88
-1347.50 -1318.88
-1344.08 -1318.88
-1363.82 -1318.88
-1387.28 -1318.88
-1350.15 -1318.88
-1323.25 -1318.88
-1324.57 -1318.88
-1355.61 -1318.88
-1343.40 -1318.88
-1322.58 -1318.88
-1352.14 -1318.88
-1356.37 -1318.88
-1364.41 -1318.88
-1359.24 -1318.88
-1324.90 -1318.88
-1366.99 -1318.88
-1322.47 -1318.88
-1431.28 -1318.88
-1361.18 -1318.88
-1352.46 -1318.88
-1365.53 -1318.88
-1365.87 -1318.88
-1326.72 -1318.88
-1322.59 -1318.88
-1322.15 -1318.88
-1370.56 -1318.88
-1358.22 -1318.88
-1322.56 -1318.88
-1330.14 -1318.88
-1406.98 -1318.88
-1357.48 -1318.88
-1361.05 -1318.88
-1322.99 -1318.88
-1346.72 -1318.88
-1368.67 -1318.88
-1352.95 -1318.88
-1332.62 -1318.88
-1356.49 -1318.88
-1322.75 -1318.88
-1346.55 -1318.88
-1324.41 -1318.88
-1325.08 -1318.88
-1323.58 -1318.88
-1323.76 -1318.88
-1322.75 -1318.88
-1358.38 -1318.88
-1335.53 -1318.88
-1322.55 -1318.88
-1323.73 -1318.88
-1327.48 -1318.88
-1323.01 -1318.88
-1434.52 -1318.88
-1389.00 -1318.88
-1350.99 -1318.88
-1323.71 -1318.88
-1328.57 -1318.88
-1323.13 -1318.88
-1376.84 -1318.88
-1352.50 -1318.88
-1322.51 -1318.88
-1322.53 -1318.88
-1356.30 -1318.88
-1323.64 -1318.88
-1323.86 -1318.88
-1322.50 -1318.88
-1434.45 -1318.88
-1344.03 -1318.88
-1360.98 -1318.88
-1347.61 -1318.88
-1375.14 -1318.88
-1368.27 -1318.88
-1326.82 -1318.88
-1322.82 -1322.82
-1374.90 -1322.82
-1349.01 -1322.82
-1322.58 -1322.58
-1361.11 -1322.58
-1360.26 -1322.58
-1323.88 -1322.58
-1329.08 -1322.58
-1370.68 -1322.58
-1349.45 -1322.58
-1322.94 -1322.58
-1324.41 -1322.58
-1324.35 -1324.35
-1323.68 -1323.68
-1363.26 -1323.68
-1376.88 -1323.68
-1346.78 -1323.68
-1327.18 -1323.68
-1379.32 -1323.68
-1323.79 -1323.79
-1358.31 -1323.79
-1355.81 -1323.79
-1354.58 -1323.79
-1364.58 -1323.79
-1358.76 -1323.79
-1323.24 -1323.24
-1324.29 -1323.24
-1323.10 -1323.10
-1327.29 -1323.10
-1350.83 -1323.10
-1328.68 -1323.10
-1323.55 -1323.55
-1368.00 -1323.55
-1352.73 -1323.55
-1357.70 -1323.55
-1357.03 -1323.55
-1358.69 -1323.55
-1332.61 -1323.55
-1357.76 -1323.55
-1332.72 -1323.55
-1349.31 -1323.55
-1324.41 -1323.55
-1355.60 -1323.55
-1318.84 -1318.84
-1343.82 -1318.84
-1345.23 -1318.84
-1359.03 -1318.84
-1366.33 -1318.84
-1329.99 -1318.84
-1323.00 -1318.84
-1350.95 -1318.84
-1358.57 -1318.84
-1322.08 -1318.84
-1346.57 -1318.84
-1324.78 -1318.84
-1335.48 -1318.84
-1350.14 -1318.84
-1323.72 -1318.84
-1323.15 -1318.84
-1376.88 -1318.84
-1322.48 -1318.84
-1325.57 -1318.84
-2517.62 -1318.84
-2319.31 -2319.31
-2330.74 -2319.31
-2356.27 -2319.31
-2312.78 -2312.78
-2273.00 -2273.00
-2238.50 -2238.50
-2224.10 -2224.10
-2244.95 -2224.10
-2245.96 -2224.10
-2193.09 -2193.09
-2198.64 -2193.09
-2141.41 -2141.41
-2159.07 -2141.41
-2187.36 -2141.41
-2169.95 -2141.41
-2158.84 -2141.41
-2128.87 -2128.87
-2067.92 -2067.92
-2016.90 -2016.90
-2028.71 -2016.90
-2000.55 -2000.55
-2012.59 -2000.55
-2012.89 -2000.55
-2043.02 -2000.55
-2023.32 -2000.55
-2125.85 -2000.55
-1974.62 -1974.62
-2024.12 -1974.62
-1949.41 -1949.41
-1904.24 -1904.24
-1938.68 -1904.24
-1934.49 -1904.24
-1959.04 -1904.24
-1932.02 -1904.24
-1837.30 -1837.30
-1862.65 -1837.30
-1800.61 -1800.61
-1882.49 -1800.61
-1679.50 -1679.50
-1590.68 -1590.68
-1627.65 -1590.68
-1595.58 -1590.68
-1678.14 -1590.68
-1506.45 -1506.45
-1510.67 -1506.45
-1484.77 -1484.77
-1516.07 -1484.77
-1471.33 -1471.33
-1420.78 -1420.78
-1395.32 -1395.32
-1394.63 -1394.63
-1507.30 -1394.63
-1395.26 -1394.63
-1386.49 -1386.49
-1506.84 -1386.49
-1359.24 -1359.24
-1351.36 -1351.36
-1407.54 -1351.36
-1350.20 -1350.20
-1359.74 -1350.20
-1410.01 -1350.20
-1358.75 -1350.20
-1349.71 -1349.71
-1352.13 -1349.71
-1373.94 -1349.71
-1355.73 -1349.71
-1398.79 -1349.71
-1351.06 -1349.71
-1355.30 -1349.71
-1318.81 -1318.81
-1324.36 -1318.81
-1373.60 -1318.81
-1318.83 -1318.83
-1322.99 -1318.83
-1323.26 -1318.83
-1350.87 -1318.83
-1359.58 -1318.83
-1364.50 -1318.83
-1359.73 -1318.83
-1323.66 -1318.83
-1360.00 -1318.83
-1324.00 -1318.83
-1318.91 -1318.91
-1362.04 -1318.91
-1358.74 -1318.91
-1359.20 -1318.91
-1318.89 -1318.89
-1324.29 -1318.89
-1352.32 -1318.89
-1351.92 -1318.89
-1332.23 -1318.89
-1346.95 -1318.89
-1324.40 -1318.89
-1361.14 -1318.89
-1325.58 -1318.89
-1361.36 -1318.89
-1358.04 -1318.89
-1322.94 -1318.89
-1332.32 -1318.89
-1323.45 -1318.89
-1365.48 -1318.89
-1324.51 -1318.89
-1420.81 -1318.89
-1358.16 -1318.89
-1322.75 -1318.89
-1364.94 -1318.89
-1367.07 -1318.89
-1323.10 -1318.89
-1327.22 -1318.89
-1323.90 -1318.89
-1321.88 -1318.89
-1380.27 -1318.89
-1343.94 -1318.89
-1326.25 -1318.89
-1322.53 -1318.89
-1354.34 -1318.89
-1323.89 -1318.89
-1318.87 -1318.87
-1323.38 -1318.87
-1323.70 -1318.87
-1345.47 -1318.87
-1322.49 -1322.49
-1322.30 -1322.30
-1368.34 -1322.30
-1322.75 -1322.75
-1359.40 -1322.75
-1325.26 -1322.75
-1328.89 -1322.75
-1324.92 -1322.75
-1323.47 -1323.47
-1357.28 -1323.47
-1350.17 -1323.47
-1360.30 -1323.47
-1364.13 -1323.47
-1346.60 -1323.47
-1322.45 -1322.45
-1356.34 -1322.45
-1324.40 -1322.45
-1322.75 -1322.75
-1322.75 -1322.75
-1343.98 -1322.75
-1325.62 -1322.75
-1321.96 -1321.96
-1361.26 -1321.96
-1353.99 -1321.96
-1358.66 -1321.96
-1324.58 -1324.58
-1328.19 -1324.58
-1323.98 -1323.98
-1354.14 -1323.98
-1359.98 -1323.98
-1345.39 -1323.98
-1343.92 -1323.98
-1356.36 -1323.98
-1340.37 -1323.98
-1379.68 -1323.98
-1433.77 -1323.98
-1333.10 -1323.98
-1347.45 -1323.98
-1360.26 -1323.98
-1358.82 -1323.98
-1357.76 -1323.98
-1325.51 -1323.98
-1346.57 -1323.98
-1357.16 -1323.98
-1340.95 -1323.98
-1322.44 -1322.44
-1323.94 -1322.44
-1322.51 -1322.44
-1357.94 -1322.44
-1323.76 -1322.44
-1358.82 -1322.44
-1324.35 -1322.44
-1359.64 -1322.44
-1346.56 -1322.44
-1321.98 -1321.98
-1363.07 -1321.98
-1324.29 -1321.98
-1325.37 -1321.98
-1369.83 -1321.98
-1324.35 -1321.98
-1359.70 -1321.98
-1322.51 -1321.98
-1346.48 -1321.98
-1322.76 -1322.76
-1322.52 -1322.52
-1323.47 -1323.47
-1322.44 -1322.44
-1322.48 -1322.48
-1318.83 -1318.83
-1322.53 -1318.83
-1352.52 -1318.83
-1326.87 -1318.83
-1353.80 -1318.83
-1323.06 -1318.83
-1368.10 -1318.83
-1323.27 -1318.83
-1352.35 -1318.83
-1323.11 -1318.83
-1351.82 -1318.83
-1322.93 -1318.83
-1322.97 -1318.83
-1325.51 -1318.83
-1380.36 -1318.83
-1359.92 -1318.83
-1368.00 -1318.83
-1323.13 -1318.83
-1355.79 -1318.83
-1347.30 -1318.83
-1326.50 -1318.83
-1323.22 -1318.83
-1323.24 -1318.83
-1358.11 -1318.83
-1374.88 -1318.83
-1327.21 -1318.83
-1351.97 -1318.83
-1342.72 -1318.83
-1318.87 -1318.87
-1358.12 -1318.87
-1350.99 -1318.87
-1339.60 -1318.87
-1345.47 -1318.87
-1386.58 -1318.87
-1368.79 -1318.87
-1344.15 -1318.87
-1325.34 -1318.87
-1323.55 -1318.87
-1323.83 -1318.87
-1329.13 -1318.87
-1360.15 -1318.87
-1352.39 -1318.87
-1349.29 -1318.87
-1324.60 -1318.87
-1326.43 -1318.87
-1380.40 -1318.87
-1387.88 -1318.87
-1351.49 -1318.87
-1323.23 -1318.87
-1381.91 -1318.87
-1354.59 -1318.87
-1323.95 -1318.87
-1359.94 -1318.87
-1400.99 -1318.87
-1332.91 -1318.87
-1350.45 -1318.87
-1322.58 -1318.87
-1352.71 -1318.87
-1358.66 -1318.87
-1351.85 -1318.87
-1412.59 -1318.87
-1351.00 -1318.87
-1324.60 -1318.87
-1323.70 -1318.87
-1352.70 -1318.87
-1362.60 -1318.87
-1367.92 -1318.87
-1344.12 -1318.87
-1322.87 -1318.87
-1374.24 -1318.87
-1340.39 -1318.87
-1346.64 -1318.87
-1322.90 -1318.87
-1364.31 -1318.87
-1360.30 -1318.87
-1322.59 -1318.87
-1359.57 -1318.87
-1323.23 -1318.87
-1374.98 -1318.87
-1347.27 -1318.87
-1334.62 -1318.87
-1361.65 -1318.87
-1323.89 -1318.87
-1350.52 -1318.87
-1376.99 -1318.87
-1379.38 -1318.87
-1377.31 -1318.87
-1357.78 -1318.87
-1322.51 -1318.87
-1350.63 -1318.87
-1361.82 -1318.87
-1322.97 -1318.87
-1350.50 -1318.87
-1324.55 -1318.87
-1354.23 -1318.87
-1363.03 -1318.87
-1352.05 -1318.87
-1326.52 -1318.87
-1356.26 -1318.87
-1359.56 -1318.87
-1322.96 -1318.87
-1329.96 -1318.87
-1434.49 -1318.87
-1346.48 -1318.87
-1322.81 -1318.87
-1323.59 -1318.87
-1327.02 -1318.87
-1322.47 -1318.87
-1324.21 -1318.87
-1375.17 -1318.87
-1324.66 -1318.87
-1322.59 -1318.87
-1322.98 -1318.87
-1322.84 -1318.87
-1355.82 -1318.87
-1354.16 -1318.87
-1359.70 -1318.87
-1337.48 -1318.87
-1322.34 -1318.87
-1357.01 -1318.87
-1322.88 -1318.87
-1352.61 -1318.87
-1352.35 -1318.87
-1324.52 -1318.87
-1322.50 -1318.87
-1345.05 -1318.87
-1346.84 -1318.87
-1351.78 -1318.87
-1322.84 -1318.87
-1344.07 -1318.87
-1350.48 -1318.87
-1354.29 -1318.87
-1322.55 -1318.87
-1322.74 -1318.87
-1326.65 -1318.87
-1352.51 -1318.87
-1322.82 -1318.87
-1367.29 -1318.87
-1350.17 -1318.87
-1322.14 -1318.87
-1322.99 -1318.87
-1354.88 -1318.87
-1322.54 -1318.87
-1350.28 -1318.87
-1337.48 -1318.87
-1327.21 -1318.87
-1412.56 -1318.87
-1329.14 -1318.87
-1344.43 -1318.87
-1364.30 -1318.87
-1352.45 -1318.87
-1325.15 -1318.87
-1374.93 -1318.87
-1322.36 -1318.87
-1362.76 -1318.87
-1318.88 -1318.88
-1345.53 -1318.88
-1323.59 -1318.88
-1326.97 -1318.88
-1322.81 -1318.88
-1323.77 -1318.88
-1363.23 -1318.88
-1389.96 -1318.88
-1359.82 -1318.88
-1346.82 -1318.88
-1323.92 -1318.88
-1355.67 -1318.88
-1332.98 -1318.88
-1323.59 -1318.88
-1357.89 -1318.88
-1356.69 -1318.88
-1322.45 -1318.88
-1322.73 -1318.88
-1324.41 -1318.88
-1353.66 -1318.88
-1322.74 -1318.88
-1386.07 -1318.88
-1369.28 -1318.88
-1322.47 -1318.88
-1322.88 -1318.88
-1345.51 -1318.88
-1330.20 -1318.88
-1323.35 -1318.88
-1323.06 -1318.88
-1326.44 -1318.88
-1324.38 -1318.88
-1359.77 -1318.88
-1323.55 -1318.88
-1323.76 -1318.88
-1343.86 -1318.88
-1322.15 -1318.88
-1322.44 -1318.88
-1365.49 -1318.88
-1354.87 -1318.88
-1322.59 -1318.88
-1323.21 -1318.88
-1323.16 -1318.88
-1322.46 -1318.88
-1344.08 -1318.88
-1356.31 -1318.88
-1353.71 -1318.88
-1327.22 -1318.88
-1359.72 -1318.88
-1351.33 -1318.88
-1362.26 -1318.88
-1344.02 -1318.88
-1328.94 -1318.88
-1344.46 -1318.88
-1368.55 -1318.88
-1350.49 -1318.88
-1350.11 -1318.88
-1394.54 -1318.88
-1343.88 -1318.88
-1352.35 -1318.88
-1324.02 -1318.88
-1323.72 -1318.88
-1363.23 -1318.88
-1327.81 -1318.88
-1388.75 -1318.88
-1321.97 -1318.88
-1324.35 -1318.88
-1360.71 -1318.88
-1350.37 -1318.88
-1346.47 -1318.88
-1325.63 -1318.88
-1345.60 -1318.88
-2513.97 -1318.88
-2430.10 -2430.10
-2355.19 -2355.19
-2308.18 -2308.18
-2252.29 -2252.29
-2284.41 -2252.29
-2230.71 -2230.71
-2264.80 -2230.71
-2277.30 -2230.71
-2250.89 -2230.71
-2259.42 -2230.71
-2235.72 -2230.71
-2203.62 -2203.62
-2220.99 -2203.62
-2105.45 -2105.45
-2101.67 -2101.67
-2097.67 -2097.67
-2078.36 -2078.36
-2093.17 -2078.36
-2022.76 -2022.76
-1927.35 -1927.35
-2051.04 -1927.35
-1868.33 -1868.33
-1792.37 -1792.37
-1770.55 -1770.55
-1892.58 -1770.55
-1778.18 -1770.55
-1714.40 -1714.40
-1715.40 -1714.40
-1705.28 -1705.28
-1849.86 -1705.28
-1718.83 -1705.28
-1747.87 -1705.28
-1895.07 -1705.28
-1704.50 -1704.50
-1605.81 -1605.81
-1585.08 -1585.08
-1596.90 -1585.08
-1545.02 -1545.02
-1542.59 -1542.59
-1529.21 -1529.21
-1541.82 -1529.21
-1509.72 -1509.72
-1483.46 -1483.46
-1457.13 -1457.13
-1506.50 -1457.13
-1484.95 -1457.13
-1425.76 -1425.76
-1498.31 -1425.76
-1385.06 -1385.06
-1351.37 -1351.37
-1324.41 -1324.41
-1322.62 -1322.62
-1325.41 -1322.62
-1322.47 -1322.47
-1352.40 -1322.47
-1332.74 -1322.47
-1324.87 -1322.47
-1322.45 -1322.45
-1327.22 -1322.45
-1323.55 -1322.45
-1325.53 -1322.45
-1360.08 -1322.45
-1321.89 -1321.89
-1367.04 -1321.89
-1328.67 -1321.89
-1330.00 -1321.89
-1346.20 -1321.89
-1356.09 -1321.89
-1358.50 -1321.89
-1350.53 -1321.89
-1346.62 -1321.89
-1412.56 -1321.89
-1350.48 -1321.89
-1322.51 -1321.89
-1350.53 -1321.89
-1359.20 -1321.89
-1357.28 -1321.89
-1325.38 -1321.89
-1352.37 -1321.89
-1326.82 -1321.89
-1340.45 -1321.89
-1359.21 -1321.89
-1326.66 -1321.89
-1322.86 -1321.89
-1421.83 -1321.89
-1322.14 -1322.14
-1403.86 -1322.14
-1327.28 -1322.14
-1324.51 -1322.14
-1323.58 -1322.14
-1351.93 -1322.14
-1353.78 -1322.14
-1322.88 -1322.88
-1352.24 -1322.88
-1365.62 -1322.88
-1345.46 -1322.88
-1367.07 -1322.88
-1324.70 -1322.88
-1323.44 -1322.88
-1355.35 -1322.88
-1323.03 -1323.03
-1354.02 -1323.03
-1324.45 -1323.03
-1323.40 -1323.03
-1323.83 -1323.03
-1324.40 -1324.40
-1351.69 -1324.40
-1332.68 -1324.40
-1351.70 -1324.40
-1323.26 -1323.26
-1323.05 -1323.05
-1323.40 -1323.05
-1323.03 -1323.03
-1412.59 -1323.03
-1327.24 -1323.03
-1357.88 -1323.03
-1322.89 -1322.89
-1322.44 -1322.44
-1332.91 -1322.44
-1324.21 -1322.44
-1324.78 -1322.44
-1354.88 -1322.44
-1322.95 -1322.44
-1356.14 -1322.44
-1360.08 -1322.44
-1362.12 -1322.44
-1356.49 -1322.44
-1328.29 -1322.44
-1350.19 -1322.44
-1343.49 -1322.44
-1323.01 -1322.44
-1355.92 -1322.44
-1360.98 -1322.44
-1360.26 -1322.44
-1322.97 -1322.44
-1322.50 -1322.50
-1364.44 -1322.50
-1352.25 -1322.50
-1327.50 -1322.50
-1341.37 -1322.50
-1324.73 -1322.50
-1347.42 -1322.50
-1322.55 -1322.55
-1322.56 -1322.56
-1322.63 -1322.63
-1352.43 -1322.63
-1322.57 -1322.57
-1356.20 -1322.57
-1323.61 -1323.61
-1355.33 -1323.61
-1359.73 -1323.61
-1343.94 -1323.61
-1326.75 -1323.61
-1392.34 -1323.61
-1344.70 -1323.61
-1325.03 -1325.03
-1322.88 -1322.88
-1322.31 -1322.31
-1326.23 -1322.31
-1327.59 -1322.31
-1344.75 -1322.31
-1363.38 -1322.31
-1367.17 -1322.31
-1325.63 -1322.31
-1322.59 -1322.59
-1357.78 -1322.59
-1337.55 -1322.59
-1363.21 -1322.59
-1326.77 -1322.59
-1340.75 -1322.59
-1357.17 -1322.59
-1368.23 -1322.59
-1361.18 -1322.59
-1323.85 -1322.59
-1345.78 -1322.59
-1380.63 -1322.59
-1322.83 -1322.83
-1358.60 -1322.83
-1356.34 -1322.83
-1324.76 -1322.83
-1352.35 -1322.83
-1351.86 -1322.83
-1325.22 -1322.83
-1346.58 -1322.83
-1347.41 -1322.83
-1323.52 -1323.52
-1342.66 -1323.52
-1333.15 -1323.52
-1323.87 -1323.87
-1344.02 -1323.87
-1359.47 -1323.87
-1323.41 -1323.41
-1352.68 -1323.41
-1361.03 -1323.41
-1404.03 -1323.41
-1345.42 -1323.41
-1375.15 -1323.41
-1353.91 -1323.41
-1323.73 -1323.73
-1322.48 -1322.48
-1355.90 -1322.48
-1348.61 -1322.48
-1355.90 -1322.48
-1365.53 -1322.48
-1375.00 -1322.48
-1344.66 -1322.48
-1323.02 -1322.48
-1324.36 -1322.48
-1351.39 -1322.48
-1323.56 -1323.56
-1350.37 -1323.56
-1322.62 -1322.62
-1322.99 -1322.99
-1361.94 -1322.99
-1324.41 -1322.99
-1393.10 -1322.99
-1323.03 -1323.03
-1380.19 -1323.03
-1375.01 -1323.03
-1365.77 -1323.03
-1361.92 -1323.03
-1374.97 -1323.03
-1357.71 -1323.03
-1322.02 -1322.02
-1322.96 -1322.96
-1354.50 -1322.96
-1325.21 -1322.96
-1361.65 -1322.96
-1356.75 -1322.96
-1350.07 -1322.96
-1326.79 -1322.96
-1323.98 -1323.98
-1322.80 -1322.80
-1351.82 -1322.80
-1357.71 -1322.80
-1324.10 -1322.80
-1322.32 -1322.32
-1353.71 -1322.32
-1375.18 -1322.32
-1373.50 -1322.32
-1358.64 -1322.32
-1323.55 -1322.32
-1347.80 -1322.32
-1322.45 -1322.45
-1356.90 -1322.45
-1322.45 -1322.45
-1324.39 -1322.45
-1359.90 -1322.45
-1322.53 -1322.53
-1323.09 -1323.09
-1328.13 -1323.09
-1322.57 -1322.57
-1352.07 -1322.57
-1322.87 -1322.87
-1360.31 -1322.87
-1374.98 -1322.87
-1324.80 -1322.87
-1322.98 -1322.98
-1342.72 -1322.98
-1344.00 -1322.98
-1327.19 -1322.98
-1326.68 -1322.98
-1345.80 -1322.98
-1324.37 -1322.98
-1350.52 -1322.98
-1339.53 -1322.98
-1360.10 -1322.98
-1343.43 -1322.98
-1344.15 -1322.98
-1373.63 -1322.98
-1361.01 -1322.98
-1322.57 -1322.57
-1344.03 -1322.57
-1359.85 -1322.57
-1346.94 -1322.57
-1350.48 -1322.57
-1318.83 -1318.83
-1345.48 -1318.83
-1375.00 -1318.83
-1323.54 -1318.83
-1365.20 -1318.83
-1358.15 -1318.83
-1322.63 -1318.83
-1323.33 -1318.83
-1352.46 -1318.83
-1344.08 -1318.83
-1323.63 -1318.83
-1354.34 -1318.83
-1357.96 -1318.83
-1322.85 -1318.83
-1324.41 -1318.83
-1359.35 -1318.83
-1322.12 -1318.83
-1322.86 -1318.83
-1356.31 -1318.83
-1357.20 -1318.83
-1346.69 -1318.83
-1323.22 -1318.83
-1328.66 -1318.83
-1322.63 -1318.83
-1323.17 -1318.83
-1323.32 -1318.83
-1360.77 -1318.83
-1318.91 -1318.91
-1322.94 -1318.91
-1364.41 -1318.91
-1323.77 -1318.91
-1361.73 -1318.91
-1363.51 -1318.91
-1337.53 -1318.91
-1358.16 -1318.91
-1327.20 -1318.91
-1346.79 -1318.91
-1360.28 -1318.91
-1322.43 -1318.91
-1323.67 -1318.91
-1346.61 -1318.91
-1370.98 -1318.91
-1322.44 -1318.91
-1324.42 -1318.91
-1337.52 -1318.91
-1372.53 -1318.91
-1328.95 -1318.91
-1346.17 -1318.91
-1368.76 -1318.91
-1323.29 -1318.91
-1375.08 -1318.91
-1364.31 -1318.91
-1358.08 -1318.91
-1324.91 -1318.91
-1371.08 -1318.91
-1380.64 -1318.91
-1323.95 -1318.91
-1358.59 -1318.91
-1350.63 -1318.91
-1362.49 -1318.91
-1365.63 -1318.91
-1358.28 -1318.91
-1352.27 -1318.91
-1332.91 -1318.91
-1344.42 -1318.91
-1359.67 -1318.91
-1323.69 -1318.91
-1354.90 -1318.91
-1326.89 -1318.91
-1346.30 -1318.91
-1374.92 -1318.91
-1343.96 -1318.91
-1361.02 -1318.91
-1350.92 -1318.91
-1318.88 -1318.88
-1323.33 -1323.33
-1325.04 -1323.33
-1324.29 -1323.33
-1323.09 -1323.09
-1324.36 -1323.09
-1356.66 -1323.09
-1322.09 -1322.09
-1350.62 -1322.09
-1375.59 -1322.09
-1344.65 -1322.09
-1362.05 -1322.09
-1342.71 -1322.09
-1356.25 -1322.09
-1323.68 -1322.09
-1329.94 -1322.09
-1324.01 -1322.09
-1359.76 -1322.09
-1327.01 -1322.09
-1373.23 -1322.09
-1345.46 -1322.09
-1350.99 -1322.09
-1329.07 -1322.09
-1361.92 -1322.09
-1362.77 -1322.09
-1325.10 -1322.09
-1322.51 -1322.51
-1335.44 -1322.51
-1340.34 -1322.51
-1339.53 -1322.51
-1374.97 -1322.51
-1362.27 -1322.51
-1352.30 -1322.51
-1326.96 -1322.51
-1329.95 -1322.51
-1360.80 -1322.51
-1325.33 -1322.51
-1348.45 -1322.51
-1323.66 -1323.66
-1352.31 -1323.66
-1357.45 -1323.66
-1345.33 -1323.66
-1322.54 -1322.54
-1362.48 -1322.54
-1362.96 -1322.54
-1323.07 -1322.54
-1347.42 -1322.54
-1324.39 -1322.54
-1326.32 -1322.54
-1324.39 -1322.54
-1326.37 -1322.54
-1351.76 -1322.54
-1318.92 -1318.92
-1358.01 -1318.92
-1376.78 -1318.92
-1375.11 -1318.92
-1352.23 -1318.92
-1355.57 -1318.92
-1324.63 -1318.92
-1351.67 -1318.92
-1318.89 -1318.89
-1322.94 -1318.89
-1324.36 -1318.89
-1322.50 -1318.89
-1351.12 -1318.89
-2501.03 -1318.89
-2447.61 -2447.61
-2433.49 -2433.49
-2420.27 -2420.27
-2426.23 -2420.27
-2459.31 -2420.27
-2391.86 -2391.86
-2406.73 -2391.86
-2363.03 -2363.03
-2366.52 -2363.03
-2306.63 -2306.63
-2246.42 -2246.42
-2307.92 -2246.42
-2322.61 -2246.42
-2238.46 -2238.46
-2239.33 -2238.46
-2223.50 -2223.50
-2204.65 -2204.65
-2252.03 -2204.65
-2200.13 -2200.13
-2174.85 -2174.85
-2190.16 -2174.85
-2165.79 -2165.79
-2186.89 -2165.79
-2128.02 -2128.02
-2057.92 -2057.92
-2052.52 -2052.52
-2050.89 -2050.89
-2061.25 -2050.89
-2043.69 -2043.69
-2020.82 -2020.82
-2053.74 -2020.82
-1972.51 -1972.51
-1953.67 -1953.67
-1855.34 -1855.34
-1870.42 -1855.34
-1887.88 -1855.34
-1857.27 -1855.34
-1866.02 -1855.34
-1896.97 -1855.34
-1892.76 -1855.34
-1877.31 -1855.34
-1889.59 -1855.34
-1854.95 -1854.95
-1805.93 -1805.93
-1888.22 -1805.93
-1929.76 -1805.93
-1713.66 -1713.66
-1752.61 -1713.66
-1735.31 -1713.66
-1711.80 -1711.80
-1766.22 -1711.80
-1802.65 -1711.80
-1697.94 -1697.94
-1591.50 -1591.50
-1613.08 -1591.50
-1588.29 -1588.29
-1540.18 -1540.18
-1531.60 -1531.60
-1411.67 -1411.67
-1422.54 -1411.67
-1361.59 -1361.59
-1346.62 -1346.62
-1368.42 -1346.62
-1358.97 -1346.62
-1377.63 -1346.62
-1381.90 -1346.62
-1397.15 -1346.62
-1324.22 -1324.22
-1419.21 -1324.22
-1324.35 -1324.35
-1327.61 -1324.35
-1340.43 -1324.35
-1360.43 -1324.35
-1356.93 -1324.35
-1326.62 -1324.35
-1357.91 -1324.35
-1328.77 -1324.35
-1322.46 -1322.46
-1324.43 -1322.46
-1346.95 -1322.46
-1405.46 -1322.46
-1344.10 -1322.46
-1420.14 -1322.46
-1366.73 -1322.46
-1323.10 -1322.46
-1339.29 -1322.46
-1358.20 -1322.46
-1358.30 -1322.46
-1324.86 -1322.46
-1337.57 -1322.46
-1362.61 -1322.46
-1328.69 -1322.46
-1323.00 -1323.00
-1367.82 -1323.00
-1343.98 -1323.00
-1343.50 -1323.00
-1322.54 -1322.54
-1353.63 -1322.54
-1326.39 -1322.54
-1323.75 -1322.54
-1356.32 -1322.54
-1322.09 -1322.09
-1379.40 -1322.09
-1322.54 -1322.54
-1361.32 -1322.54
-1324.40 -1322.54
-1325.41 -1322.54
-1393.42 -1322.54
-1326.62 -1322.54
-1344.10 -1322.54
-1328.86 -1322.54
-1352.59 -1322.54
-1332.56 -1322.54
-1359.21 -1322.54
-1362.80 -1322.54
-1346.63 -1322.54
-1353.67 -1322.54
-1322.55 -1322.55
-1346.86 -1322.55
-1323.19 -1323.19
-1328.79 -1323.19
-1352.72 -1323.19
-1322.92 -1322.92
-1322.76 -1322.76
-1350.99 -1322.76
-1326.45 -1322.76
-1375.89 -1322.76
-1323.26 -1322.76
-1323.14 -1322.76
-1325.39 -1322.76
-1344.32 -1322.76
-1359.90 -1322.76
-1363.05 -1322.76
-1318.89 -1318.89
-1352.24 -1318.89
-1342.78 -1318.89
-1324.43 -1318.89
-1322.56 -1318.89
-1324.93 -1318.89
-1361.21 -1318.89
-1318.91 -1318.91
-1323.28 -1318.91
-1321.86 -1318.91
-1322.55 -1318.91
-1323.39 -1318.91
-1350.28 -1318.91
-1322.49 -1318.91
-1324.14 -1318.91
-1326.69 -1318.91
-1350.96 -1318.91
-1357.79 -1318.91
-1323.82 -1318.91
-1355.89 -1318.91
-1360.16 -1318.91
-1374.96 -1318.91
-1332.53 -1318.91
-1326.34 -1318.91
-1368.72 -1318.91
-1326.31 -1318.91
-1346.84 -1318.91
-1318.84 -1318.84
-1327.16 -1318.84
-1352.28 -1318.84
-1352.34 -1318.84
-1359.91 -1318.84
-1335.53 -1318.84
-1333.33 -1318.84
-1361.84 -1318.84
-1322.47 -1318.84
-1359.44 -1318.84
-1349.99 -1318.84
-1358.55 -1318.84
-1323.62 -1318.84
-1322.52 -1318.84
-1324.41 -1318.84
-1360.93 -1318.84
-1359.64 -1318.84
-1358.74 -1318.84
-1318.82 -1318.82
-1323.72 -1318.82
-1323.62 -1318.82
-1323.03 -1318.82
-1328.11 -1318.82
-1322.59 -1318.82
-1323.67 -1318.82
-1323.97 -1318.82
-1322.95 -1318.82
-1358.85 -1318.82
-1360.34 -1318.82
-1352.35 -1318.82
-1380.25 -1318.82
-1322.20 -1318.82
-1323.23 -1318.82
-1327.24 -1318.82
-1322.75 -1318.82
-1332.77 -1318.82
-1358.93 -1318.82
-1351.78 -1318.82
-1322.50 -1318.82
-1352.02 -1318.82
-1350.36 -1318.82
-1318.83 -1318.83
-1367.89 -1318.83
-1332.96 -1318.83
-1340.94 -1318.83
-1352.33 -1318.83
-1361.37 -1318.83
-1325.33 -1318.83
-1363.22 -1318.83
-1356.51 -1318.83
-1359.68 -1318.83
-1362.10 -1318.83
-1322.51 -1318.83
-1327.62 -1318.83
-1321.86 -1318.83
-1333.32 -1318.83
-1326.29 -1318.83
-1322.02 -1318.83
-1356.60 -1318.83
-1322.52 -1318.83
-1359.64 -1318.83
-1357.38 -1318.83
-1324.83 -1318.83
-1324.20 -1318.83
-1380.22 -1318.83
-1352.30 -1318.83
-1344.01 -1318.83
-1357.90 -1318.83
-1352.29 -1318.83
-1327.16 -1318.83
-1352.26 -1318.83
-1349.07 -1318.83
-1420.87 -1318.83
-1352.23 -1318.83
-1345.22 -1318.83
-1322.81 -1318.83
-1345.00 -1318.83
-1323.21 -1318.83
-1374.88 -1318.83
-1322.56 -1318.83
-1351.96 -1318.83
-1322.27 -1318.83
-1355.65 -1318.83
-1323.34 -1318.83
-1343.93 -1318.83
-1322.51 -1318.83
-1323.68 -1318.83
-1322.51 -1318.83
-1323.49 -1318.83
-1322.86 -1318.83
-1324.70 -1318.83
-1346.61 -1318.83
-1343.53 -1318.83
-1359.34 -1318.83
-1323.98 -1318.83
-1324.25 -1318.83
-1323.92 -1318.83
-1351.68 -1318.83
-1334.58 -1318.83
-1412.56 -1318.83
-1324.33 -1318.83
-1363.33 -1318.83
-1350.35 -1318.83
-1324.09 -1318.83
-1357.59 -1318.83
-1354.88 -1318.83
-1352.42 -1318.83
-1322.84 -1318.83
-1412.59 -1318.83
-1347.30 -1318.83
-1354.05 -1318.83
-1324.81 -1318.83
-1362.11 -1318.83
-1359.56 -1318.83
-1352.36 -1318.83
-1323.06 -1318.83
-1324.46 -1318.83
-1322.96 -1318.83
-1353.78 -1318.83
-1322.45 -1318.83
-1419.96 -1318.83
-1326.45 -1318.83
-1326.74 -1318.83
-1324.40 -1318.83
-1353.69 -1318.83
-1322.43 -1318.83
-1322.48 -1318.83
-1354.09 -1318.83
-1362.10 -1318.83
-1435.49 -1318.83
-1322.63 -1318.83
-1323.84 -1318.83
-1352.49 -1318.83
-1326.24 -1318.83
-1322.19 -1318.83
-1352.16 -1318.83
-1349.41 -1318.83
-1324.40 -1318.83
-1322.82 -1318.83
-1356.29 -1318.83
-1359.01 -1318.83
-1323.83 -1318.83
-1322.46 -1318.83
-1358.00 -1318.83
-1339.59 -1318.83
-1367.65 -1318.83
-1339.55 -1318.83
-1359.24 -1318.83
-1352.06 -1318.83
-1367.08 -1318.83
-1322.87 -1318.83
-1324.56 -1318.83
-1342.88 -1318.83
-1323.72 -1318.83
-1356.65 -1318.83
-1322.89 -1318.83
-1361.08 -1318.83
-1387.38 -1318.83
-1346.73 -1318.83
-1332.25 -1318.83
-1318.80 -1318.80
-1351.83 -1318.80
-1322.88 -1322.88
-1322.82 -1322.82
-1393.20 -1322.82
-1360.99 -1322.82
-1356.55 -1322.82
-1322.49 -1322.49
-1327.64 -1322.49
-1323.28 -1323.28
-1323.16 -1323.16
-1318.81 -1318.81
-1380.62 -1318.81
-1327.38 -1318.81
-1355.26 -1318.81
-1358.65 -1318.81
-1322.54 -1318.81
-1325.33 -1318.81
-1324.41 -1318.81
-1352.14 -1318.81
-1323.79 -1323.79
-1368.68 -1323.79
-1323.22 -1323.22
-1325.53 -1323.22
-1322.29 -1322.29
-1324.34 -1322.29
-1324.56 -1322.29
-1322.75 -1322.29
-1322.05 -1322.05
-1324.29 -1322.05
-1324.82 -1322.05
-1361.18 -1322.05
-1321.91 -1321.91
-1322.46 -1322.46
-1322.23 -1322.23
-1412.58 -1322.23
-1325.18 -1322.23
-1355.07 -1322.23
-1343.97 -1322.23
-1358.43 -1322.23
-1323.59 -1322.23
-1368.75 -1322.23
-1361.81 -1322.23
-1323.75 -1323.75
-1355.65 -1323.75
-1343.87 -1323.75
-1350.99 -1323.75
-1362.86 -1323.75
-1356.26 -1323.75
-1363.34 -1323.75
-1322.96 -1322.96
-1325.21 -1322.96
-1354.01 -1322.96
-1352.21 -1322.96
-1368.54 -1322.96
-1322.26 -1322.26
-1368.54 -1322.26
-1358.57 -1322.26
-1361.32 -1322.26
-1328.89 -1322.26
-1323.55 -1322.26
-1354.73 -1322.26
-1352.03 -1322.26
-1322.59 -1322.26
-1412.60 -1322.26
-1323.40 -1322.26
-1325.45 -1322.26
-1412.59 -1322.26
-1352.71 -1322.26
-1324.74 -1322.26
-1326.90 -1322.26
-1374.96 -1322.26
-1350.37 -1322.26
-1358.68 -1322.26
-1322.45 -1322.45
-1326.98 -1322.45
-1380.69 -1322.45
-1425.06 -1322.45
-1356.72 -1322.45
-1323.52 -1322.45
-1357.93 -1322.45
-1328.20 -1322.45
-1358.59 -1322.45
-1323.11 -1322.45
-1367.17 -1322.45
-1326.47 -1322.45
-1328.78 -1322.45
-1364.28 -1322.45
-1322.45 -1322.45
-1327.53 -1322.45
-1332.30 -1322.45
-1375.02 -1322.45
-1376.80 -1322.45
-1321.99 -1321.99
-1323.54 -1321.99
-2462.64 -2462.64
-2440.72 -2440.72
-2433.14 -2433.14
-2448.84 -2433.14
-2463.41 -2433.14
-2419.73 -2419.73
-2444.64 -2419.73
-2434.27 -2419.73
-2435.83 -2419.73
-2463.45 -2419.73
-2462.52 -2419.73
-2433.57 -2419.73
-2439.13 -2419.73
-2439.09 -2419.73
-2367.95 -2367.95
-2456.68 -2367.95
-2363.82 -2363.82
-2392.89 -2363.82
-2397.71 -2363.82
-2414.51 -2363.82
-2419.60 -2363.82
-2400.37 -2363.82
-2350.77 -2350.77
-2332.42 -2332.42
-2354.68 -2332.42
-2364.95 -2332.42
-2354.97 -2332.42
-2416.60 -2332.42
-2368.58 -2332.42
-2398.98 -2332.42
-2304.56 -2304.56
-2307.95 -2304.56
-2303.78 -2303.78
-2291.69 -2291.69
-2330.63 -2291.69
-2342.47 -2291.69
-2249.54 -2249.54
-2238.24 -2238.24
-2215.77 -2215.77
-2224.31 -2215.77
-2234.19 -2215.77
-2204.05 -2204.05
-2120.66 -2120.66
-2187.43 -2120.66
-2101.16 -2101.16
-2057.84 -2057.84
-2046.04 -2046.04
-2046.22 -2046.22
-2165.20 -2046.22
-1957.53 -1957.53
-1888.63 -1888.63
-1972.26 -1888.63
-1926.12 -1888.63
-1777.27 -1777.27
-1803.84 -1777.27
-1801.91 -1777.27
-1814.93 -1777.27
-1798.85 -1777.27
-1857.88 -1777.27
-1714.23 -1714.23
-1674.94 -1674.94
-1703.89 -1674.94
-1671.29 -1671.29
-1559.94 -1559.94
-1573.45 -1559.94
-1550.49 -1550.49
-1421.66 -1421.66
-1496.88 -1421.66
-1513.88 -1421.66
-1415.00 -1415.00
-1426.62 -1415.00
-1349.67 -1349.67
-1368.05 -1349.67
-1359.69 -1349.67
-1323.13 -1323.13
-1324.28 -1324.28
-1324.50 -1324.50
-1406.53 -1324.50
-1327.49 -1324.50
-1324.89 -1324.89
-1325.05 -1325.05
-1352.23 -1325.05
-1352.89 -1325.05
-1322.59 -1322.59
-1322.76 -1322.76
-1327.38 -1322.76
-1328.72 -1322.76
-1352.26 -1322.76
-1326.78 -1322.76
-1325.27 -1322.76
-1359.72 -1322.76
-1326.30 -1322.76
-1321.95 -1321.95
-1351.08 -1321.95
-1327.49 -1321.95
-1334.57 -1321.95
-1359.84 -1321.95
-1352.19 -1321.95
-1345.02 -1321.95
-1357.65 -1321.95
-1345.09 -1321.95
-1322.45 -1322.45
-1374.26 -1322.45
-1361.31 -1322.45
-1323.23 -1322.45
-1323.06 -1323.06
-1322.85 -1322.85
-1359.56 -1322.85
-1373.45 -1322.85
-1368.11 -1322.85
-1363.62 -1322.85
-1357.39 -1322.85
-1352.34 -1322.85
-1361.79 -1322.85
-1347.61 -1322.85
-1323.80 -1322.85
-1323.93 -1323.93
-1353.51 -1323.93
-1351.94 -1323.93
-1326.43 -1323.93
-1322.53 -1322.53
-1322.44 -1322.44
-1355.39 -1322.44
-1331.66 -1322.44
-1322.88 -1322.44
-1356.19 -1322.44
-1351.92 -1322.44
-1324.16 -1322.44
-1323.10 -1322.44
-1322.01 -1322.01
-1334.66 -1322.01
-1343.39 -1322.01
-1322.74 -1322.01
-1374.56 -1322.01
-1322.33 -1322.33
-1356.32 -1322.33
-1368.33 -1322.33
-1327.19 -1322.33
-1322.75 -1322.75
-1351.28 -1322.75
-1365.47 -1322.75
-1324.35 -1322.75
-1355.54 -1322.75
-1368.27 -1322.75
-1357.18 -1322.75
-1352.34 -1322.75
-1324.35 -1324.35
-1322.23 -1322.23
-1322.08 -1322.08
-1354.02 -1322.08
-1375.04 -1322.08
-1322.64 -1322.08
-1343.95 -1322.08
-1329.98 -1322.08
-1323.56 -1322.08
-1321.96 -1321.96
-1361.14 -1321.96
-1323.83 -1321.96
-1361.62 -1321.96
-1369.43 -1321.96
-1323.47 -1321.96
-1367.29 -1321.96
-1323.98 -1321.96
-1322.94 -1322.94
-1324.41 -1322.94
-1362.99 -1322.94
-1322.48 -1322.48
-1326.93 -1322.48
-1322.76 -1322.76
-1359.03 -1322.76
-1323.31 -1322.76
-1322.96 -1322.76
-1361.76 -1322.76
-1352.29 -1322.76
-1352.49 -1322.76
-1322.74 -1322.74
-1352.57 -1322.74
-1341.07 -1322.74
-1363.53 -1322.74
-1359.18 -1322.74
-1326.56 -1322.74
-1344.56 -1322.74
-1323.86 -1322.74
-1353.64 -1322.74
-1322.73 -1322.73
-1322.45 -1322.45
-1322.88 -1322.88
-1344.25 -1322.88
-1357.39 -1322.88
-1361.13 -1322.88
-1358.52 -1322.88
-1357.69 -1322.88
-1347.82 -1322.88
-1360.17 -1322.88
-1352.97 -1322.88
-1456.20 -1322.88
-1322.13 -1322.13
-1323.92 -1322.13
-1323.25 -1323.25
-1324.39 -1323.25
-1328.88 -1323.25
-1350.63 -1323.25
-1328.63 -1323.25
-1323.38 -1323.38
-1322.98 -1322.98
-1318.92 -1318.92
-1351.58 -1318.92
-1358.02 -1318.92
-1322.57 -1318.92
-1323.97 -1318.92
-1322.57 -1322.57
-1412.59 -1322.57
-1361.94 -1322.57
-1328.88 -1322.57
-1327.71 -1322.57
-1343.67 -1322.57
-1379.71 -1322.57
-1362.97 -1322.57
-1323.25 -1322.57
-1359.81 -1322.57
-1345.46 -1322.57
-1350.64 -1322.57
-1351.85 -1322.57
-1326.57 -1322.57
-1372.65 -1322.57
-1343.97 -1322.57
-1373.56 -1322.57
-1323.99 -1323.99
-1324.53 -1324.53
-1360.12 -1324.53
-1323.02 -1323.02
-1352.74 -1323.02
-1322.95 -1322.95
-1323.83 -1323.83
-1324.22 -1324.22
-1356.31 -1324.22
-1364.63 -1324.22
-1347.47 -1324.22
-1323.38 -1323.38
-1371.09 -1323.38
-1323.94 -1323.38
-1323.58 -1323.58
-1322.58 -1322.58
-1349.69 -1322.58
-1372.42 -1322.58
-1358.01 -1322.58
-1322.59 -1322.59
-1322.19 -1322.19
-1323.90 -1322.19
-1358.49 -1322.19
-1325.33 -1322.19
-1325.12 -1322.19
-1324.62 -1322.19
-1327.29 -1322.19
-1350.40 -1322.19
-1335.61 -1322.19
-1324.61 -1322.19
-1358.52 -1322.19
-1322.55 -1322.19
-1358.92 -1322.19
-1352.33 -1322.19
-1360.23 -1322.19
-1361.14 -1322.19
-1352.36 -1322.19
-1360.29 -1322.19
-1362.97 -1322.19
-1354.00 -1322.19
-1345.44 -1322.19
-1323.08 -1323.08
-1322.28 -1322.28
-1359.36 -1322.28
-1359.66 -1322.28
-1322.47 -1322.47
-1357.99 -1322.47
-1357.87 -1322.47
-1350.45 -1322.47
-1325.47 -1322.47
-1428.52 -1322.47
-1327.55 -1322.47
-1323.09 -1322.47
-1357.09 -1322.47
-1322.63 -1322.47
-1332.68 -1322.47
-1360.21 -1322.47
-1324.30 -1322.47
-1364.45 -1322.47
-1369.21 -1322.47
-1358.19 -1322.47
-1374.78 -1322.47
-1345.44 -1322.47
-1360.26 -1322.47
-1323.60 -1322.47
-1361.87 -1322.47
-1352.43 -1322.47
-1346.80 -1322.47
-1323.69 -1322.47
-1346.31 -1322.47
-1353.93 -1322.47
-1334.69 -1322.47
-1325.14 -1322.47
-1326.80 -1322.47
-1333.32 -1322.47
-1325.13 -1322.47
-1373.36 -1322.47
-1324.29 -1324.29
-1352.57 -1324.29
-1333.01 -1324.29
-1323.15 -1323.15
-1388.29 -1323.15
-1351.47 -1323.15
-1353.27 -1323.15
-1352.50 -1323.15
-1359.49 -1323.15
-1358.08 -1323.15
-1322.59 -1322.59
-1324.11 -1322.59
-1352.82 -1322.59
-1360.81 -1322.59
-1346.47 -1322.59
-1324.56 -1322.59
-1344.44 -1322.59
-1324.43 -1324.43
-1322.74 -1322.74
-1322.52 -1322.52
-1361.65 -1322.52
-1323.61 -1322.52
-1321.92 -1321.92
-1375.14 -1321.92
-1351.74 -1321.92
-1324.40 -1321.92
-1351.51 -1321.92
-1351.93 -1321.92
-1323.01 -1323.01
-1352.49 -1323.01
-1352.66 -1323.01
-1362.28 -1323.01
-1352.83 -1323.01
-1322.93 -1322.93
-1322.51 -1322.51
-1359.49 -1322.51
-1412.58 -1322.51
-1327.58 -1322.51
-1326.22 -1322.51
-1361.16 -1322.51
-1356.69 -1322.51
-1345.49 -1322.51
-1322.16 -1322.16
-1355.64 -1322.16
-1361.13 -1322.16
-1355.58 -1322.16
-1322.11 -1322.11
-1361.70 -1322.11
-1346.15 -1322.11
-1335.48 -1322.11
-1325.62 -1322.11
-1352.15 -1322.11
-1354.01 -1322.11
-1324.51 -1322.11
-1322.56 -1322.11
-1322.45 -1322.45
-1356.09 -1322.45
-1361.91 -1322.45
-1323.93 -1322.45
-1368.03 -1322.45
-1332.86 -1322.45
-1356.63 -1322.45
-1324.44 -1322.45
-1361.99 -1322.45
-1368.62 -1322.45
-1420.30 -1322.45
-1325.62 -1322.45
-1324.42 -1322.45
-1352.62 -1322.45
-1334.70 -1322.45
-1325.08 -1322.45
-1323.85 -1322.45
-1357.63 -1322.45
-1350.48 -1322.45
-1322.44 -1322.44
-1358.63 -1322.44
-1318.88 -1318.88
-1350.64 -1318.88
-1323.36 -1318.88
-1324.46 -1318.88
-1349.41 -1318.88
-1346.89 -1318.88
-1322.26 -1322.26
-1323.34 -1322.26
-1323.18 -1322.26
-1371.74 -1322.26
-1381.95 -1322.26
-1375.01 -1322.26
-1366.67 -1322.26
-1322.64 -1322.64
-1324.40 -1322.64
-1332.92 -1322.64
-1367.06 -1322.64
-1366.71 -1322.64
-1352.71 -1322.64
-1358.22 -1322.64
-1321.93 -1321.93
-1323.31 -1323.31
-1359.29 -1323.31
-1326.24 -1323.31
-1322.44 -1322.44
-1357.17 -1322.44
-1350.94 -1322.44
-1357.15 -1322.44
-1346.21 -1322.44
-1323.38 -1322.44
-1323.82 -1322.44
-1357.67 -1322.44
-1324.36 -1322.44
-1324.18 -1322.44
-1345.00 -1322.44
-1360.32 -1322.44
-2477.37 -1322.44
-2399.64 -2399.64
-2395.06 -2395.06
-2462.36 -2395.06
-2385.60 -2385.60
-2340.44 -2340.44
-2426.69 -2340.44
-2341.35 -2340.44
-2335.54 -2335.54
-2315.32 -2315.32
-2351.77 -2315.32
-2305.56 -2305.56
-2304.71 -2304.71
-2255.61 -2255.61
-2290.35 -2255.61
-2268.27 -2255.61
-2316.31 -2255.61
-2260.23 -2255.61
-2290.56 -2255.61
-2246.51 -2246.51
-2248.04 -2246.51
-2290.45 -2246.51
-2242.49 -2242.49
-2226.08 -2226.08
-2146.36 -2146.36
-2092.33 -2092.33
-2112.01 -2092.33
-1980.44 -1980.44
-2023.52 -1980.44
-2013.58 -1980.44
-2019.05 -1980.44
-1972.54 -1972.54
-1977.72 -1972.54
-1931.83 -1931.83
-1983.58 -1931.83
-1891.69 -1891.69
-1977.05 -1891.69
-1972.36 -1891.69
-1896.94 -1891.69
-1952.96 -1891.69
-1863.73 -1863.73
-1897.76 -1863.73
-1823.81 -1823.81
-1808.63 -1808.63
-1813.73 -1808.63
-1797.19 -1797.19
-1849.54 -1797.19
-1800.12 -1797.19
-1790.60 -1790.60
-1793.95 -1790.60
-1891.82 -1790.60
-1781.61 -1781.61
-1773.28 -1773.28
-1887.56 -1773.28
-1719.76 -1719.76
-1730.08 -1719.76
-1722.01 -1719.76
-1645.51 -1645.51
-1758.09 -1645.51
-1549.28 -1549.28
-1508.54 -1508.54
-1484.13 -1484.13
-1508.15 -1484.13
-1559.06 -1484.13
-1505.77 -1484.13
-1492.31 -1484.13
-1508.57 -1484.13
-1537.91 -1484.13
-1544.53 -1484.13
-1575.71 -1484.13
-1422.74 -1422.74
-1471.06 -1422.74
-1360.78 -1360.78
-1357.98 -1357.98
-1323.87 -1323.87
-1324.85 -1323.87
-1346.70 -1323.87
-1328.49 -1323.87
-1334.67 -1323.87
-1347.55 -1323.87
-1326.95 -1323.87
-1402.68 -1323.87
-1352.27 -1323.87
-1326.44 -1326.44
-1323.12 -1323.12
-1323.75 -1323.75
-1323.85 -1323.85
-1358.65 -1323.85
-1354.78 -1323.85
-1322.46 -1322.46
-1367.83 -1322.46
-1322.52 -1322.52
-1339.60 -1322.52
-1340.45 -1322.52
-1325.05 -1322.52
-1327.19 -1322.52
-1358.92 -1322.52
-1358.66 -1322.52
-1323.28 -1322.52
-1352.93 -1322.52
-1327.23 -1322.52
-1328.93 -1322.52
-1412.58 -1322.52
-1323.34 -1323.34
-1368.70 -1323.34
-1324.37 -1323.34
-1323.95 -1323.34
-1356.52 -1323.34
-1326.49 -1323.34
-1326.67 -1323.34
-1323.90 -1323.34
-1354.85 -1323.34
-1352.10 -1323.34
-1360.28 -1323.34
-1345.52 -1323.34
-1322.32 -1322.32
-1323.70 -1322.32
-1354.07 -1322.32
-1359.94 -1322.32
-1344.00 -1322.32
-1322.49 -1322.49
-1368.35 -1322.49
-1322.47 -1322.47
-1322.46 -1322.46
-1374.89 -1322.46
-1341.14 -1322.46
-1322.55 -1322.55
-1326.61 -1322.55
-1324.80 -1322.55
-1323.13 -1322.55
-1412.59 -1322.55
-1322.31 -1322.31
-1357.39 -1322.31
-1330.18 -1322.31
-1352.38 -1322.31
-1394.43 -1322.31
-1357.34 -1322.31
-1355.45 -1322.31
-1354.92 -1322.31
-1323.86 -1322.31
-1419.90 -1322.31
-1324.33 -1322.31
-1322.19 -1322.19
-1324.29 -1322.19
-1362.90 -1322.19
-1363.05 -1322.19
-1325.49 -1322.19
-1360.42 -1322.19
-1349.31 -1322.19
-1333.11 -1322.19
-1322.50 -1322.50
-1324.21 -1322.50
-1378.79 -1322.50
-1323.51 -1322.50
-1359.89 -1322.50
-1323.72 -1323.72
-1325.44 -1323.72
-1361.05 -1323.72
-1324.79 -1323.72
-1332.67 -1323.72
-1327.77 -1323.72
-1325.23 -1325.23
-1324.39 -1324.39
-1346.61 -1324.39
-1346.69 -1324.39
-1322.47 -1322.47
-1345.35 -1322.47
-1318.80 -1318.80
-1322.97 -1318.80
-1368.12 -1318.80
-1365.90 -1318.80
-1324.94 -1318.80
-1326.62 -1318.80
-1332.61 -1318.80
-1357.59 -1318.80
-1324.35 -1318.80
-1353.98 -1318.80
-1353.71 -1318.80
-1324.37 -1318.80
-1323.33 -1318.80
-1327.34 -1318.80
-1354.02 -1318.80
-1332.86 -1318.80
-1346.48 -1318.80
-1323.59 -1318.80
-1322.20 -1318.80
-1356.82 -1318.80
-1327.14 -1318.80
-1359.62 -1318.80
-1358.91 -1318.80
-1327.55 -1318.80
-1363.55 -1318.80
-1322.46 -1318.80
-1365.52 -1318.80
-1356.57 -1318.80
-1359.09 -1318.80
-1352.60 -1318.80
-1322.91 -1318.80
-1324.21 -1318.80
-1350.39 -1318.80
-1323.07 -1318.80
-1350.58 -1318.80
-1324.40 -1318.80
-1327.19 -1318.80
-1361.90 -1318.80
-1323.24 -1323.24
-1322.90 -1322.90
-1340.94 -1322.90
-1328.47 -1322.90
-1322.75 -1322.75
-1381.82 -1322.75
-1322.48 -1322.48
-1353.40 -1322.48
-1323.78 -1322.48
-1322.05 -1322.05
-1328.60 -1322.05
-1360.10 -1322.05
-1324.84 -1324.84
-1375.80 -1324.84
-1322.58 -1322.58
-1346.31 -1322.58
-1321.91 -1321.91
-1322.45 -1321.91
-1323.09 -1323.09
-1322.53 -1322.53
-1376.84 -1322.53
-1326.21 -1322.53
-1362.46 -1322.53
-1326.76 -1322.53
-1324.41 -1322.53
-1374.95 -1322.53
-1324.27 -1322.53
-1322.47 -1322.47
-1323.34 -1323.34
-1350.83 -1323.34
-1362.04 -1323.34
-1326.80 -1323.34
-1352.02 -1323.34
-1321.86 -1321.86
-1360.64 -1321.86
-1359.71 -1321.86
-1324.59 -1321.86
-1324.42 -1321.86
-1324.36 -1321.86
-1360.26 -1321.86
-1359.81 -1321.86
-1362.00 -1321.86
-1358.18 -1321.86
-1353.70 -1321.86
-1321.97 -1321.97
-1323.66 -1321.97
-1321.95 -1321.95
-1352.95 -1321.95
-1352.68 -1321.95
-1322.88 -1322.88
-1323.55 -1322.88
-1357.16 -1322.88
-1324.36 -1322.88
-1425.17 -1322.88
-1323.00 -1323.00
-1323.87 -1323.00
-1371.23 -1323.00
-1326.31 -1323.00
-1321.98 -1321.98
-1328.92 -1321.98
-1318.82 -1318.82
-1354.79 -1318.82
-1344.03 -1318.82
-1350.49 -1318.82
-1327.41 -1318.82
-1346.30 -1318.82
-1324.63 -1318.82
-1356.95 -1318.82
-1326.72 -1318.82
-1351.47 -1318.82
-1330.11 -1318.82
-1318.81 -1318.81
-1385.50 -1318.81
-1326.47 -1318.81
-1323.24 -1318.81
-1322.98 -1318.81
-1322.55 -1318.81
-1325.14 -1318.81
-1322.44 -1318.81
-1321.86 -1318.81
-1367.20 -1318.81
-1360.98 -1318.81
-1352.25 -1318.81
-1354.55 -1318.81
-1352.36 -1318.81
-1350.50 -1318.81
-1321.95 -1318.81
-1353.71 -1318.81
-1364.01 -1318.81
-1322.45 -1318.81
-1356.42 -1318.81
-1354.04 -1318.81
-1318.83 -1318.83
-1318.89 -1318.89
-1357.34 -1318.89
-1334.55 -1318.89
-1358.47 -1318.89
-1352.22 -1318.89
-1360.27 -1318.89
-1326.39 -1318.89
-1335.59 -1318.89
-1356.57 -1318.89
-1365.19 -1318.89
-1326.22 -1318.89
-1358.33 -1318.89
-1356.56 -1318.89
-1332.79 -1318.89
-1352.08 -1318.89
-1326.65 -1318.89
-1362.56 -1318.89
-1324.64 -1318.89
-1324.11 -1318.89
-1356.98 -1318.89
-1323.95 -1318.89
-1353.55 -1318.89
-1343.91 -1318.89
-1323.55 -1318.89
-1324.48 -1318.89
-1352.48 -1318.89
-1375.15 -1318.89
-1357.13 -1318.89
-1359.52 -1318.89
-1324.43 -1318.89
-1318.85 -1318.85
-1351.89 -1318.85
-1380.10 -1318.85
-1349.34 -1318.85
-1326.61 -1318.85
-1322.54 -1318.85
-1356.25 -1318.85
-1359.53 -1318.85
-1362.75 -1318.85
-1324.42 -1318.85
-1352.21 -1318.85
-1323.53 -1318.85
-1352.31 -1318.85
-1322.48 -1318.85
-1374.89 -1318.85
-1324.15 -1318.85
-1356.73 -1318.85
-1350.25 -1318.85
-1351.67 -1318.85
-1346.70 -1318.85
-1342.70 -1318.85
-1322.53 -1318.85
-1327.32 -1318.85
-1322.51 -1318.85
-1322.95 -1318.85
-1360.30 -1318.85
-1374.06 -1318.85
-1345.38 -1318.85
-1352.37 -1318.85
-1322.48 -1318.85
-1393.71 -1318.85
-1323.14 -1318.85
-1327.17 -1318.85
-1322.58 -1318.85
-1321.88 -1318.85
-1323.59 -1318.85
-1344.24 -1318.85
-1351.80 -1318.85
-1355.69 -1318.85
-1359.22 -1318.85
-1351.35 -1318.85
-1322.45 -1318.85
-1348.99 -1318.85
-1349.41 -1318.85
-1360.97 -1318.85
-1333.10 -1318.85
-1358.37 -1318.85
-1352.90 -1318.85
-1343.91 -1318.85
-1323.17 -1318.85
-1396.02 -1318.85
-1358.60 -1318.85
-1356.21 -1318.85
-1344.10 -1318.85
-1354.67 -1318.85
-1323.06 -1318.85
-1359.54 -1318.85
-1322.13 -1318.85
-1322.90 -1318.85
-1343.84 -1318.85
-1361.85 -1318.85
-1322.03 -1318.85
-1323.93 -1318.85
-1355.79 -1318.85
-1323.77 -1318.85
-1349.69 -1318.85
-1352.18 -1318.85
-1326.35 -1318.85
-1346.48 -1318.85
-1356.37 -1318.85
-1323.37 -1318.85
-1324.05 -1318.85
-1356.99 -1318.85
-1339.53 -1318.85
-1361.35 -1318.85
-1373.10 -1318.85
-1371.29 -1318.85
-1352.58 -1318.85
-1323.97 -1318.85
-1362.98 -1318.85
-1353.67 -1318.85
-1352.29 -1318.85
-1326.18 -1318.85
-1352.55 -1318.85
-1323.27 -1318.85
-1357.87 -1318.85
-1350.34 -1318.85
-1341.14 -1318.85
-2416.31 -2416.31
-2398.35 -2398.35
-2419.89 -2398.35
-2437.98 -2398.35
-2440.84 -2398.35
-2366.59 -2366.59
-2420.86 -2366.59
-2390.89 -2366.59
-2377.37 -2366.59
-2354.51 -2354.51
-2325.91 -2325.91
-2320.20 -2320.20
-2401.72 -2320.20
-2322.26 -2322.26
-2314.52 -2314.52
-2309.02 -2309.02
-2182.00 -2182.00
-2127.66 -2127.66
-2061.92 -2061.92
-2126.99 -2061.92
-2058.79 -2058.79
-1992.03 -1992.03
-1978.92 -1978.92
-1903.80 -1903.80
-1937.95 -1903.80
-2016.79 -1903.80
-1816.78 -1816.78
-1888.52 -1816.78
-1775.61 -1775.61
-1735.69 -1735.69
-1712.51 -1712.51
-1672.36 -1672.36
-1725.81 -1672.36
-1676.51 -1672.36
-1627.52 -1627.52
-1523.16 -1523.16
-1549.97 -1523.16
-1532.98 -1523.16
-1427.64 -1427.64
-1422.56 -1422.56
-1379.86 -1379.86
-1370.76 -1370.76
-1407.18 -1370.76
-1399.46 -1370.76
-1351.98 -1351.98
-1323.71 -1323.71
-1322.28 -1322.28
-1350.95 -1322.28
-1322.63 -1322.63
-1352.57 -1322.63
-1325.62 -1322.63
-1375.72 -1322.63
-1368.66 -1322.63
-1323.20 -1323.20
-1358.32 -1323.20
-1318.82 -1318.82
-1361.45 -1318.82
-1322.54 -1318.82
-1323.76 -1318.82
-1324.75 -1318.82
-1333.49 -1318.82
-1326.33 -1318.82
-1322.51 -1318.82
-1324.98 -1318.82
-1355.60 -1318.82
-1363.00 -1318.82
-1351.53 -1318.82
-1326.60 -1318.82
-1329.99 -1318.82
-1322.63 -1318.82
-1323.26 -1318.82
-1322.33 -1318.82
-1322.96 -1318.82
-1322.84 -1318.82
-1318.91 -1318.91
-1351.49 -1318.91
-1322.82 -1318.91
-1355.81 -1318.91
-1328.63 -1318.91
-1322.12 -1318.91
-1367.53 -1318.91
-1367.71 -1318.91
-1342.79 -1318.91
-1359.02 -1318.91
-1358.22 -1318.91
-1361.27 -1318.91
-1358.06 -1318.91
-1352.22 -1318.91
-1362.33 -1318.91
-1343.95 -1318.91
-1324.41 -1318.91
-1352.17 -1318.91
-1346.62 -1318.91
-1361.92 -1318.91
-1322.85 -1318.91
-1366.15 -1318.91
-1358.46 -1318.91
-1380.55 -1318.91
-1324.61 -1318.91
-1323.14 -1318.91
-1363.82 -1318.91
-1360.74 -1318.91
-1356.16 -1318.91
-1322.94 -1318.91
-1325.23 -1318.91
-1351.98 -1318.91
-1352.14 -1318.91
-1350.86 -1318.91
-1351.90 -1318.91
-1362.87 -1318.91
-1337.47 -1318.91
-1324.18 -1318.91
-1327.41 -1318.91
-1326.68 -1318.91
-1346.59 -1318.91
-1326.74 -1318.91
-1359.83 -1318.91
-1323.41 -1318.91
-1343.44 -1318.91
-1380.64 -1318.91
-1322.87 -1318.91
-1352.70 -1318.91
-1324.33 -1318.91
-1322.95 -1318.91
-1326.73 -1318.91
-1322.59 -1318.91
-1355.66 -1318.91
-1361.86 -1318.91
-1343.90 -1318.91
-1349.39 -1318.91
-1420.79 -1318.91
-1326.83 -1318.91
-1358.88 -1318.91
-1352.12 -1318.91
-1327.75 -1318.91
-1322.31 -1318.91
-1327.87 -1318.91
-1333.32 -1318.91
-1345.49 -1318.91
-1373.72 -1318.91
-1359.81 -1318.91
-1355.72 -1318.91
-1330.11 -1318.91
-1351.01 -1318.91
-1356.62 -1318.91
-1323.72 -1318.91
-1318.90 -1318.90
-1360.31 -1318.90
-1326.38 -1318.90
-1333.49 -1318.90
-1360.74 -1318.90
-1350.61 -1318.90
-1323.20 -1318.90
-1323.13 -1318.90
-1322.46 -1318.90
-1324.42 -1318.90
-1355.80 -1318.90
-1345.51 -1318.90
-1322.48 -1318.90
-1324.05 -1318.90
-1324.35 -1318.90
-1337.49 -1318.90
-1350.04 -1318.90
-1323.38 -1318.90
-1324.23 -1318.90
-1343.67 -1318.90
-1375.01 -1318.90
-1360.16 -1318.90
-1327.19 -1318.90
-1359.53 -1318.90
-1324.65 -1318.90
-1322.94 -1322.94
-1323.49 -1323.49
-1374.96 -1323.49
-1323.72 -1323.72
-1358.87 -1323.72
-1323.32 -1323.32
-1326.67 -1323.32
-1360.53 -1323.32
-1323.87 -1323.32
-1412.59 -1323.32
-1323.18 -1323.18
-1325.31 -1323.18
-1360.68 -1323.18
-1322.85 -1322.85
-1354.21 -1322.85
-1352.33 -1322.85
-1323.68 -1322.85
-1356.80 -1322.85
-1323.78 -1322.85
-1360.86 -1322.85
-1323.67 -1323.67
-1374.94 -1323.67
-1363.61 -1323.67
-1328.76 -1323.67
-1350.11 -1323.67
-1323.21 -1323.21
-1350.44 -1323.21
-1323.34 -1323.34
-1346.88 -1323.34
-1322.88 -1322.88
-1323.75 -1322.88
-1326.28 -1326.28
-1324.42 -1324.42
-1337.47 -1324.42
-1367.03 -1324.42
-1324.40 -1324.40
-1324.80 -1324.80
-1326.27 -1326.27
-1322.45 -1322.45
-1334.51 -1322.45
-1368.00 -1322.45
-1318.82 -1318.82
-1324.59 -1318.82
-1323.71 -1318.82
-1322.50 -1318.82
-1359.54 -1318.82
-1323.96 -1318.82
-1352.26 -1318.82
-1366.71 -1318.82
-1322.87 -1318.82
-1323.61 -1318.82
-1322.27 -1318.82
-1343.95 -1318.82
-1343.94 -1318.82
-1328.52 -1318.82
-1412.56 -1318.82
-1343.15 -1318.82
-1357.67 -1318.82
-1356.91 -1318.82
-1323.63 -1318.82
-1324.40 -1318.82
-1323.92 -1318.82
-1333.48 -1318.82
-1344.05 -1318.82
-1339.33 -1318.82
-1358.04 -1318.82
-1323.92 -1318.82
-1322.49 -1318.82
-1323.62 -1318.82
-1323.58 -1318.82
-1323.88 -1318.82
-1327.32 -1318.82
-1359.48 -1318.82
-1324.73 -1318.82
-1326.74 -1318.82
-1356.60 -1318.82
-1357.17 -1318.82
-1322.63 -1318.82
-1361.88 -1318.82
-1323.88 -1318.82
-1327.22 -1318.82
-1347.38 -1318.82
-1329.94 -1318.82
-1362.77 -1318.82
-1322.96 -1318.82
-1325.39 -1318.82
-1330.16 -1318.82
-1327.60 -1318.82
-1324.43 -1318.82
-1324.35 -1318.82
-1324.92 -1318.82
-1343.61 -1318.82
-1323.51 -1318.82
-1324.09 -1318.82
-1323.94 -1318.82
-1351.56 -1318.82
-1323.75 -1318.82
-1321.91 -1318.82
-1318.88 -1318.88
-1357.66 -1318.88
-1345.47 -1318.88
-1323.85 -1318.88
-1358.47 -1318.88
-1322.85 -1318.88
-1322.46 -1318.88
-1323.35 -1318.88
-1323.25 -1318.88
-1343.93 -1318.88
-1369.52 -1318.88
-1322.54 -1318.88
-1419.16 -1318.88
-1366.70 -1318.88
-1324.39 -1318.88
-1325.12 -1318.88
-1368.81 -1318.88
-1359.69 -1318.88
-1360.20 -1318.88
-1366.68 -1318.88
-1368.45 -1318.88
-1328.64 -1318.88
-1362.39 -1318.88
-1332.82 -1318.88
-1326.52 -1318.88
-1357.24 -1318.88
-1360.20 -1318.88
-1322.91 -1318.88
-1358.91 -1318.88
-1325.02 -1318.88
-1322.94 -1318.88
-1322.53 -1318.88
-1324.33 -1318.88
-1323.55 -1318.88
-1324.94 -1318.88
-1354.95 -1318.88
-1371.88 -1318.88
-1323.29 -1318.88
-1324.25 -1318.88
-1323.46 -1318.88
-1351.50 -1318.88
-1330.12 -1318.88
-1346.77 -1318.88
-1374.97 -1318.88
-1322.19 -1318.88
-1343.86 -1318.88
-1351.29 -1318.88
-1322.48 -1318.88
-1324.51 -1318.88
-1324.37 -1318.88
-1323.12 -1318.88
-1322.45 -1318.88
-1322.52 -1318.88
-1351.28 -1318.88
-1332.93 -1318.88
-1343.63 -1318.88
-1365.53 -1318.88
-1326.83 -1318.88
-1330.10 -1318.88
-1323.82 -1318.88
-1352.27 -1318.88
-1324.29 -1318.88
-1323.69 -1318.88
-1323.77 -1318.88
-1344.44 -1318.88
-1362.58 -1318.88
-1323.80 -1318.88
-1322.01 -1318.88
-1351.79 -1318.88
-1324.40 -1318.88
-1326.23 -1318.88
-1333.36 -1318.88
-1360.15 -1318.88
-1324.02 -1318.88
-1361.51 -1318.88
-1346.91 -1318.88
-1352.21 -1318.88
-1354.04 -1318.88
-1352.71 -1318.88
-1359.83 -1318.88
-1323.55 -1318.88
-1321.95 -1318.88
-1344.11 -1318.88
-1322.44 -1322.44
-1325.14 -1322.44
-1324.76 -1322.44
-1354.12 -1322.44
-1420.03 -1322.44
-1323.62 -1323.62
-1322.46 -1322.46
-1355.38 -1322.46
-1322.58 -1322.58
-1337.51 -1322.58
-1322.96 -1322.58
-1323.02 -1323.02
-1327.60 -1323.02
-1323.72 -1323.72
-1349.37 -1323.72
-1356.38 -1323.72
-1352.22 -1323.72
-1325.40 -1325.40
-1323.02 -1323.02
-1327.00 -1323.02
-1351.62 -1323.02
-1356.43 -1323.02
-1321.91 -1321.91
-1361.08 -1321.91
-1358.32 -1321.91
-1362.97 -1321.91
-1373.89 -1321.91
-1322.45 -1321.91
-1356.36 -1321.91
-1335.57 -1321.91
-1324.32 -1321.91
-1353.62 -1321.91
-1413.69 -1321.91
-1358.01 -1321.91
-1324.34 -1324.34
-1321.98 -1321.98
-1323.33 -1321.98
-1359.95 -1321.98
-1351.80 -1321.98
-1352.87 -1321.98
-1373.69 -1321.98
-1322.95 -1322.95
-1324.36 -1322.95
-1322.83 -1322.83
-1323.72 -1323.72
-1323.23 -1323.23
-1334.55 -1323.23
-1323.02 -1323.02
-1351.44 -1323.02
-1326.67 -1323.02
-1327.64 -1323.02
-1322.97 -1322.97
-1322.14 -1322.14
-1356.41 -1322.14
-1375.21 -1322.14
-1321.93 -1321.93
-1323.84 -1321.93
-1323.38 -1321.93
-1362.59 -1321.93
-1344.44 -1321.93
-1354.81 -1321.93
-1359.68 -1321.93
-1349.95 -1321.93
-1346.83 -1321.93
-2426.94 -2426.94
-2464.02 -2426.94
-2474.16 -2426.94
-2419.75 -2419.75
