-10000.00 -10000.00
-3890.38 -10000.00
-3855.69 -10000.00
-3852.07 -10000.00
-3817.90 -3817.90
-3772.10 -3772.10
-3731.61 -3731.61
-3662.36 -3662.36
-3585.38 -3585.38
-3672.40 -3585.38
-3523.00 -3523.00
-3488.39 -3488.39
-3492.06 -3488.39
-3465.92 -3465.92
-3500.18 -3465.92
-3410.71 -3410.71
-3337.44 -3337.44
-3259.30 -3259.30
-3397.78 -3259.30
-3209.76 -3209.76
-3181.06 -3181.06
-3134.83 -3134.83
-3110.88 -3110.88
-3247.87 -3110.88
-3136.99 -3110.88
-3077.19 -3077.19
-3203.33 -3077.19
-2963.74 -2963.74
-3191.19 -2963.74
-3135.93 -2963.74
-2990.33 -2963.74
-3035.05 -2963.74
-2937.08 -2937.08
-2937.71 -2937.71
-2988.71 -2937.71
-2805.01 -2805.01
-2707.02 -2707.02
-2702.94 -2702.94
-2725.84 -2702.94
-2751.87 -2702.94
-2669.98 -2669.98
-2759.38 -2669.98
-2636.19 -2636.19
-2925.30 -2636.19
-2683.54 -2636.19
-2672.95 -2636.19
-2788.71 -2636.19
-2566.66 -2566.66
-2515.57 -2515.57
-2677.82 -2515.57
-2474.87 -2474.87
-2407.24 -2407.24
-2368.94 -2368.94
-2352.44 -2352.44
-2171.04 -2171.04
-2186.95 -2171.04
-2213.16 -2171.04
-2103.12 -2103.12
-2107.43 -2103.12
-2187.05 -2103.12
-2139.24 -2103.12
-2110.27 -2103.12
-2131.49 -2103.12
-2059.32 -2059.32
-2060.69 -2059.32
-2127.86 -2059.32
-2062.03 -2059.32
-2141.95 -2059.32
-2061.81 -2059.32
-2058.18 -2058.18
-2060.68 -2058.18
-2146.81 -2058.18
-2058.37 -2058.18
-2073.61 -2058.18
-2168.60 -2058.18
-2111.96 -2058.18
-2208.80 -2058.18
-2138.93 -2058.18
-2102.23 -2058.18
-2068.93 -2058.18
-2090.74 -2058.18
-2116.94 -2058.18
-2059.13 -2058.18
-2138.84 -2058.18
-2114.21 -2058.18
-2155.77 -2058.18
-2058.99 -2058.99
-2117.42 -2058.99
-2061.69 -2058.99
-2114.46 -2058.99
-2060.19 -2058.99
-2111.34 -2058.99
-2058.14 -2058.14
-2057.22 -2057.22
-2059.45 -2057.22
-2136.56 -2057.22
-2066.48 -2057.22
-2057.14 -2057.14
-2051.67 -2051.67
-2063.99 -2051.67
-2057.24 -2051.67
-2057.60 -2051.67
-2111.69 -2051.67
-2093.27 -2051.67
-2117.27 -2051.67
-2057.93 -2051.67
-2060.26 -2051.67
-2111.17 -2051.67
-2117.31 -2051.67
-2060.19 -2051.67
-2057.32 -2051.67
-2100.02 -2051.67
-2110.93 -2051.67
-2073.03 -2051.67
-2086.61 -2051.67
-2063.52 -2051.67
-2112.20 -2051.67
-2057.20 -2051.67
-2063.33 -2051.67
-2073.65 -2051.67
-2111.04 -2051.67
-2114.97 -2051.67
-2108.80 -2051.67
-2064.16 -2051.67
-2060.19 -2051.67
-2197.36 -2051.67
-2059.52 -2051.67
-2058.46 -2051.67
-2066.36 -2051.67
-2051.50 -2051.50
-2100.36 -2051.50
-2168.27 -2051.50
-2061.60 -2051.50
-2057.61 -2051.50
-2080.56 -2051.50
-2115.03 -2051.50
-2051.47 -2051.47
-2147.42 -2051.47
-2100.14 -2051.47
-2073.40 -2051.47
-2058.38 -2051.47
-2159.41 -2051.47
-2059.60 -2051.47
-2103.73 -2051.47
-2057.26 -2051.47
-2121.27 -2051.47
-2058.12 -2051.47
-2058.21 -2051.47
-2057.18 -2051.47
-2100.89 -2051.47
-2133.97 -2051.47
-2139.00 -2051.47
-2073.58 -2051.47
-2057.15 -2051.47
-2142.43 -2051.47
-2060.33 -2051.47
-2112.77 -2051.47
-2058.86 -2051.47
-2057.36 -2051.47
-2088.53 -2051.47
-2088.60 -2051.47
-2110.25 -2051.47
-2060.56 -2051.47
-2134.52 -2051.47
-2207.65 -2051.47
-2057.95 -2051.47
-2138.72 -2051.47
-2090.37 -2051.47
-2058.25 -2051.47
-2058.13 -2051.47
-2057.22 -2051.47
-2115.38 -2051.47
-2216.78 -2051.47
-2057.37 -2051.47
-2061.87 -2051.47
-2059.18 -2051.47
-2057.80 -2051.47
-2057.45 -2051.47
-2057.37 -2051.47
-2060.22 -2051.47
-2051.50 -2051.50
-2091.71 -2051.50
-2060.18 -2051.50
-2104.02 -2051.50
-2061.87 -2051.50
-2060.02 -2051.50
-2161.49 -2051.50
-2112.71 -2051.50
-2063.07 -2051.50
-2117.49 -2051.50
-2061.83 -2051.50
-2156.63 -2051.50
-2126.02 -2051.50
-2109.74 -2051.50
-2100.95 -2051.50
-2101.59 -2051.50
-2159.54 -2051.50
-2057.25 -2051.50
-2067.32 -2051.50
-2060.17 -2051.50
-2057.81 -2051.50
-2114.66 -2051.50
-2110.46 -2051.50
-2119.84 -2051.50
-2059.01 -2051.50
-2102.96 -2051.50
-2103.75 -2051.50
-2118.80 -2051.50
-2058.29 -2051.50
-2103.07 -2051.50
-2114.84 -2051.50
-2101.37 -2051.50
-2112.58 -2051.50
-2060.19 -2051.50
-2057.18 -2051.50
-2060.81 -2051.50
-2111.97 -2051.50
-2061.05 -2051.50
-2139.16 -2051.50
-2106.14 -2051.50
-2100.68 -2051.50
-2059.78 -2051.50
-2059.00 -2051.50
-2075.99 -2051.50
-2147.89 -2051.50
-2114.55 -2051.50
-2060.23 -2051.50
-2060.56 -2051.50
-2093.49 -2051.50
-2080.66 -2051.50
-2060.18 -2051.50
-2118.54 -2051.50
-2095.27 -2051.50
-2197.43 -2051.50
-2164.51 -2051.50
-2109.10 -2051.50
-2155.50 -2051.50
-2090.86 -2051.50
-2108.99 -2051.50
-2057.25 -2051.50
-2073.93 -2051.50
-2090.90 -2051.50
-2231.52 -2051.50
-2060.10 -2051.50
-2117.59 -2051.50
-2113.91 -2051.50
-2058.61 -2051.50
-2110.18 -2051.50
-2092.49 -2051.50
-2131.32 -2051.50
-2059.26 -2051.50
-2063.29 -2051.50
-2073.80 -2051.50
-2057.90 -2051.50
-2112.32 -2051.50
-2058.76 -2051.50
-2113.37 -2051.50
-2138.74 -2051.50
-2100.76 -2051.50
-2107.12 -2051.50
-2093.02 -2051.50
-2103.80 -2051.50
-2057.68 -2051.50
-2119.95 -2051.50
-2147.23 -2051.50
-2103.17 -2051.50
-2057.14 -2051.50
-2115.43 -2051.50
-2064.54 -2051.50
-2088.45 -2051.50
-2207.62 -2051.50
-2115.77 -2051.50
-2105.82 -2051.50
-2057.28 -2051.50
-2069.12 -2051.50
-2095.08 -2051.50
-2056.40 -2051.50
-2057.79 -2051.50
-2057.16 -2051.50
-2057.91 -2051.50
-2108.68 -2051.50
-2102.34 -2051.50
-2197.32 -2051.50
-2207.60 -2051.50
-2099.45 -2051.50
-2056.43 -2051.50
-2051.57 -2051.57
-2067.09 -2051.57
-2075.97 -2051.57
-2056.51 -2051.57
-2060.01 -2051.57
-2058.54 -2051.57
-2109.94 -2051.57
-2100.87 -2051.57
-2057.14 -2051.57
-2057.43 -2051.57
-2119.07 -2051.57
-2063.99 -2051.57
-2093.03 -2051.57
-2057.15 -2051.57
-2057.94 -2051.57
-2064.55 -2051.57
-2057.43 -2051.57
-2090.73 -2051.57
-2057.98 -2051.57
-2113.57 -2051.57
-2111.94 -2051.57
-2061.07 -2051.57
-2114.38 -2051.57
-2169.61 -2051.57
-2093.01 -2051.57
-2066.50 -2051.57
-2058.45 -2051.57
-2057.20 -2051.57
-2057.95 -2051.57
-2057.23 -2051.57
-2110.80 -2051.57
-2063.78 -2051.57
-2092.59 -2051.57
-2101.68 -2051.57
-2110.23 -2051.57
-2094.52 -2051.57
-2091.39 -2051.57
-2112.39 -2051.57
-2057.19 -2051.57
-2060.21 -2051.57
-2058.03 -2051.57
-2067.08 -2051.57
-2060.22 -2051.57
-2090.78 -2051.57
-2102.11 -2051.57
-2103.10 -2051.57
-2057.23 -2051.57
-2058.91 -2051.57
-2103.89 -2051.57
-2103.54 -2051.57
-2057.30 -2051.57
-2120.19 -2051.57
-2059.03 -2051.57
-2102.07 -2051.57
-2058.05 -2051.57
-2116.73 -2051.57
-2063.77 -2051.57
-2113.91 -2051.57
-2111.92 -2051.57
-2057.12 -2051.57
-2051.66 -2051.66
-2095.05 -2051.66
-2063.96 -2051.66
-2057.16 -2051.66
-2106.83 -2051.66
-2110.78 -2051.66
-2102.67 -2051.66
-2113.57 -2051.66
-2057.22 -2051.66
-2060.07 -2051.66
-2063.70 -2051.66
-2057.12 -2051.66
-2138.93 -2051.66
-2146.93 -2051.66
-2057.69 -2051.66
-2057.27 -2051.66
-2112.24 -2051.66
-2057.97 -2051.66
-2119.75 -2051.66
-2112.07 -2051.66
-2104.24 -2051.66
-2056.87 -2051.66
-2073.44 -2051.66
-2066.29 -2051.66
-2119.52 -2051.66
-2059.30 -2051.66
-2057.20 -2051.66
-2094.58 -2051.66
-2058.78 -2051.66
-2060.19 -2051.66
-2108.37 -2051.66
-2060.28 -2051.66
-2069.04 -2051.66
-2143.08 -2051.66
-2103.31 -2051.66
-2103.19 -2051.66
-2057.22 -2051.66
-2109.88 -2051.66
-2060.21 -2051.66
-2118.49 -2051.66
-2057.12 -2051.66
-2106.10 -2051.66
-2060.01 -2051.66
-2058.51 -2051.66
-2117.26 -2051.66
-2061.77 -2051.66
-2104.16 -2051.66
-2057.30 -2051.66
-2113.62 -2051.66
-2058.92 -2051.66
-2110.54 -2051.66
-2111.36 -2051.66
-2100.33 -2051.66
-2108.73 -2051.66
-2076.24 -2051.66
-2067.55 -2051.66
-2101.53 -2051.66
-2058.61 -2051.66
-2058.94 -2051.66
-2115.42 -2051.66
-2057.69 -2051.66
-2059.03 -2051.66
-2058.01 -2051.66
-2058.35 -2051.66
-2104.57 -2051.66
-2098.49 -2051.66
-2110.89 -2051.66
-2109.94 -2051.66
-2059.99 -2051.66
-2094.52 -2051.66
-2116.86 -2051.66
-2111.97 -2051.66
-3830.59 -2051.66
-3888.57 -2051.66
-3821.84 -3821.84
-3830.00 -3821.84
-3855.65 -3821.84
-3926.33 -3821.84
-3873.56 -3821.84
-3802.72 -3802.72
-3829.97 -3802.72
-3837.50 -3802.72
-3823.01 -3802.72
-3819.11 -3802.72
-3801.10 -3801.10
-3798.43 -3798.43
-3698.44 -3698.44
-3603.01 -3603.01
-3597.26 -3597.26
-3596.28 -3596.28
-3586.29 -3586.29
-3515.71 -3515.71
-3498.91 -3498.91
-3571.47 -3498.91
-3516.11 -3498.91
-3489.51 -3489.51
-3423.49 -3423.49
-3415.19 -3415.19
-3402.89 -3402.89
-3456.32 -3402.89
-3420.03 -3402.89
-3417.88 -3402.89
-3362.89 -3362.89
-3397.04 -3362.89
-3418.13 -3362.89
-3322.60 -3322.60
-3266.75 -3266.75
-3308.66 -3266.75
-3209.50 -3209.50
-3194.96 -3194.96
-3137.60 -3137.60
-3085.54 -3085.54
-2987.45 -2987.45
-2937.14 -2937.14
-2966.42 -2937.14
-2906.95 -2906.95
-2800.15 -2800.15
-2937.19 -2800.15
-3017.21 -2800.15
-2903.03 -2800.15
-2737.50 -2737.50
-2557.81 -2557.81
-2663.54 -2557.81
-2663.51 -2557.81
-2649.13 -2557.81
-2399.68 -2399.68
-2307.94 -2307.94
-2309.53 -2307.94
-2347.00 -2307.94
-2374.58 -2307.94
-2336.90 -2307.94
-2199.16 -2199.16
-2211.12 -2199.16
-2343.06 -2199.16
-2065.10 -2065.10
-2113.36 -2065.10
-2063.47 -2063.47
-2094.53 -2063.47
-2057.84 -2057.84
-2058.94 -2058.94
-2112.74 -2058.94
-2058.86 -2058.86
-2057.23 -2057.23
-2103.99 -2057.23
-2061.56 -2057.23
-2122.47 -2057.23
-2057.27 -2057.27
-2096.24 -2057.27
-2059.67 -2057.27
-2101.40 -2057.27
-2128.06 -2057.27
-2110.25 -2057.27
-2111.98 -2057.27
-2061.51 -2057.27
-2100.40 -2057.27
-2064.61 -2057.27
-2112.86 -2057.27
-2074.11 -2057.27
-2123.83 -2057.27
-2063.77 -2057.27
-2111.18 -2057.27
-2103.59 -2057.27
-2099.03 -2057.27
-2056.48 -2056.48
-2051.58 -2051.58
-2103.51 -2051.58
-2056.54 -2051.58
-2197.30 -2051.58
-2057.14 -2051.58
-2115.83 -2051.58
-2104.19 -2051.58
-2103.89 -2051.58
-2102.56 -2051.58
-2114.99 -2051.58
-2058.29 -2051.58
-2059.57 -2051.58
-2058.31 -2051.58
-2056.47 -2051.58
-2057.21 -2051.58
-2060.18 -2051.58
-2106.13 -2051.58
-2057.29 -2051.58
-2114.93 -2051.58
-2056.57 -2051.58
-2058.98 -2051.58
-2100.66 -2051.58
-2101.34 -2051.58
-2056.76 -2051.58
-2115.68 -2051.58
-2115.12 -2051.58
-2138.60 -2051.58
-2104.70 -2051.58
-2100.56 -2051.58
-2060.19 -2051.58
-2056.54 -2051.58
-2064.65 -2051.58
-2109.90 -2051.58
-2057.30 -2051.58
-2057.18 -2051.58
-2125.30 -2051.58
-2116.72 -2051.58
-2085.68 -2051.58
-2059.00 -2051.58
-2057.14 -2051.58
-2051.60 -2051.60
-2138.67 -2051.60
-2113.49 -2051.60
-2110.60 -2051.60
-2110.94 -2051.60
-2103.54 -2051.60
-2102.82 -2051.60
-2109.86 -2051.60
-2057.19 -2051.60
-2135.87 -2051.60
-2067.34 -2051.60
-2057.61 -2051.60
-2110.14 -2051.60
-2057.79 -2051.60
-2060.16 -2051.60
-2057.31 -2051.60
-2100.77 -2051.60
-2098.47 -2051.60
-2092.24 -2051.60
-2116.91 -2051.60
-2059.85 -2051.60
-2090.62 -2051.60
-2115.05 -2051.60
-2059.09 -2051.60
-2108.68 -2051.60
-2062.94 -2051.60
-2057.72 -2051.60
-2121.20 -2051.60
-2058.27 -2051.60
-2060.20 -2051.60
-2119.85 -2051.60
-2051.59 -2051.59
-2056.60 -2051.59
-2064.17 -2051.59
-2090.56 -2051.59
-2106.21 -2051.59
-2057.16 -2051.59
-2111.93 -2051.59
-2056.52 -2051.59
-2058.49 -2051.59
-2065.12 -2051.59
-2083.76 -2051.59
-2111.77 -2051.59
-2058.47 -2051.59
-2057.44 -2051.59
-2057.26 -2051.59
-2066.07 -2051.59
-2076.03 -2051.59
-2113.46 -2051.59
-2058.83 -2051.59
-2115.79 -2051.59
-2058.17 -2051.59
-2058.42 -2051.59
-2065.95 -2051.59
-2063.63 -2051.59
-2136.68 -2051.59
-2060.84 -2051.59
-2103.48 -2051.59
-2129.23 -2051.59
-2061.51 -2051.59
-2144.56 -2051.59
-2096.54 -2051.59
-2057.25 -2051.59
-2093.05 -2051.59
-2103.82 -2051.59
-2057.22 -2051.59
-2138.68 -2051.59
-2063.79 -2051.59
-2088.82 -2051.59
-2060.17 -2051.59
-2106.11 -2051.59
-2339.75 -2051.59
-2113.94 -2051.59
-2126.88 -2051.59
-2120.18 -2051.59
-2128.64 -2051.59
-2057.94 -2051.59
-2057.19 -2051.59
-2060.19 -2051.59
-2164.78 -2051.59
-2061.95 -2051.59
-2147.38 -2051.59
-2058.90 -2051.59
-2106.12 -2051.59
-2060.90 -2051.59
-2061.36 -2051.59
-2111.23 -2051.59
-2114.07 -2051.59
-2058.46 -2051.59
-2058.05 -2051.59
-2119.70 -2051.59
-2058.91 -2051.59
-2113.47 -2051.59
-2119.32 -2051.59
-2060.17 -2051.59
-2106.90 -2051.59
-2115.66 -2051.59
-2103.54 -2051.59
-2128.33 -2051.59
-2064.58 -2051.59
-2103.71 -2051.59
-2129.00 -2051.59
-2101.51 -2051.59
-2117.27 -2051.59
-2065.43 -2051.59
-2061.82 -2051.59
-2136.27 -2051.59
-2059.34 -2051.59
-2057.94 -2051.59
-2095.10 -2051.59
-2059.79 -2051.59
-2103.30 -2051.59
-2112.24 -2051.59
-2065.44 -2051.59
-2057.12 -2051.59
-2057.42 -2051.59
-2060.18 -2051.59
-2111.57 -2051.59
-2094.77 -2051.59
-2108.84 -2051.59
-2139.22 -2051.59
-2110.95 -2051.59
-2138.80 -2051.59
-2059.54 -2051.59
-2056.67 -2051.59
-2057.85 -2051.59
-2060.77 -2051.59
-2056.37 -2051.59
-2111.69 -2051.59
-2057.35 -2051.59
-2107.60 -2051.59
-2116.02 -2051.59
-2060.99 -2051.59
-2057.84 -2051.59
-2100.26 -2051.59
-2122.56 -2051.59
-2112.53 -2051.59
-2112.15 -2051.59
-2057.16 -2051.59
-2090.58 -2051.59
-2051.57 -2051.57
-2103.45 -2051.57
-2058.22 -2051.57
-2057.33 -2051.57
-2118.47 -2051.57
-2114.90 -2051.57
-2060.96 -2051.57
-2062.07 -2051.57
-2108.75 -2051.57
-2093.13 -2051.57
-2117.70 -2051.57
-2114.44 -2051.57
-2059.32 -2051.57
-2103.28 -2051.57
-2101.57 -2051.57
-2057.25 -2051.57
-2073.23 -2051.57
-2102.49 -2051.57
-2090.80 -2051.57
-2103.01 -2051.57
-2197.44 -2051.57
-2120.01 -2051.57
-2100.78 -2051.57
-2111.65 -2051.57
-2091.20 -2051.57
-2118.63 -2051.57
-2051.50 -2051.50
-2094.71 -2051.50
-2116.42 -2051.50
-2069.01 -2051.50
-2057.73 -2051.50
-2092.86 -2051.50
-2092.81 -2051.50
-2066.10 -2051.50
-2065.23 -2051.50
-2128.54 -2051.50
-2113.45 -2051.50
-2094.71 -2051.50
-2057.22 -2051.50
-2114.30 -2051.50
-2117.59 -2051.50
-2089.88 -2051.50
-2057.33 -2051.50
-2100.35 -2051.50
-2109.10 -2051.50
-2058.09 -2051.50
-2059.00 -2051.50
-2058.42 -2051.50
-2118.09 -2051.50
-2059.24 -2051.50
-2051.49 -2051.49
-2061.92 -2051.49
-2058.29 -2051.49
-2117.15 -2051.49
-2094.06 -2051.49
-2059.10 -2051.49
-2113.83 -2051.49
-2064.10 -2051.49
-2100.50 -2051.49
-2113.73 -2051.49
-2115.16 -2051.49
-2051.61 -2051.61
-2066.39 -2051.61
-2057.34 -2051.61
-2060.14 -2051.61
-2118.27 -2051.61
-2090.87 -2051.61
-2112.74 -2051.61
-2107.18 -2051.61
-2111.87 -2051.61
-2103.40 -2051.61
-2090.13 -2051.61
-2059.72 -2051.61
-2057.13 -2051.61
-2057.23 -2051.61
-2056.31 -2051.61
-2073.51 -2051.61
-2111.80 -2051.61
-2076.15 -2051.61
-2142.30 -2051.61
-2093.97 -2051.61
-2061.84 -2051.61
-2066.27 -2051.61
-2058.47 -2051.61
-2095.14 -2051.61
-2058.25 -2051.61
-2057.59 -2051.61
-2058.73 -2051.61
-2060.13 -2051.61
-2109.81 -2051.61
-2118.10 -2051.61
-2058.12 -2051.61
-2115.57 -2051.61
-2051.58 -2051.58
-2112.60 -2051.58
-2057.19 -2051.58
-2103.98 -2051.58
-2103.93 -2051.58
-2139.07 -2051.58
-2056.89 -2051.58
-2057.72 -2051.58
-2051.60 -2051.60
-2057.88 -2051.60
-2060.19 -2051.60
-2064.55 -2051.60
-2088.74 -2051.60
-2106.63 -2051.60
-2057.20 -2051.60
-2114.57 -2051.60
-2100.88 -2051.60
-2083.51 -2051.60
-2117.97 -2051.60
-2118.19 -2051.60
-2059.79 -2051.60
-2117.48 -2051.60
-2094.56 -2051.60
-2057.18 -2051.60
-2057.98 -2051.60
-2059.85 -2051.60
-2100.69 -2051.60
-2109.11 -2051.60
-2060.18 -2051.60
-2057.96 -2051.60
-2106.16 -2051.60
-2057.76 -2051.60
-2109.81 -2051.60
-2060.19 -2051.60
-2064.50 -2051.60
-2117.36 -2051.60
-2063.99 -2051.60
-2063.10 -2051.60
-2090.80 -2051.60
-2127.78 -2051.60
-2130.44 -2051.60
-2134.11 -2051.60
-2116.60 -2051.60
-2127.78 -2051.60
-2102.01 -2051.60
-2090.39 -2051.60
-2113.81 -2051.60
-2119.90 -2051.60
-2057.85 -2051.60
-2115.69 -2051.60
-2057.15 -2051.60
-3876.96 -2051.60
-3786.43 -3786.43
-3710.44 -3710.44
-3762.17 -3710.44
-3761.24 -3710.44
-3671.63 -3671.63
-3652.00 -3652.00
-3664.86 -3652.00
-3696.66 -3652.00
-3562.93 -3562.93
-3499.63 -3499.63
-3489.41 -3489.41
-3494.71 -3489.41
-3495.22 -3489.41
-3514.05 -3489.41
-3446.95 -3446.95
-3416.56 -3416.56
-3404.24 -3404.24
-3418.16 -3404.24
-3476.77 -3404.24
-3410.06 -3404.24
-3400.80 -3400.80
-3361.09 -3361.09
-3444.54 -3361.09
-3396.00 -3361.09
-3404.99 -3361.09
-3347.20 -3347.20
-3306.35 -3306.35
-3310.19 -3306.35
-3374.21 -3306.35
-3264.78 -3264.78
-3340.33 -3264.78
-3255.42 -3255.42
-3264.21 -3255.42
-3296.13 -3255.42
-3273.61 -3255.42
-3216.28 -3216.28
-2944.34 -2944.34
-3034.19 -2944.34
-2949.33 -2944.34
-2860.99 -2860.99
-2826.42 -2826.42
-2939.21 -2826.42
-2958.92 -2826.42
-2934.09 -2826.42
-2797.71 -2797.71
-2912.78 -2797.71
-2612.13 -2612.13
-2426.21 -2426.21
-2603.84 -2426.21
-2343.59 -2343.59
-2233.14 -2233.14
-2342.44 -2233.14
-2135.85 -2135.85
-2160.83 -2135.85
-2119.53 -2119.53
-2327.98 -2119.53
-2102.41 -2102.41
-2118.38 -2102.41
-2131.73 -2102.41
-2057.90 -2057.90
-2061.61 -2057.90
-2065.99 -2057.90
-2057.45 -2057.45
-2115.09 -2057.45
-2057.78 -2057.78
-2094.58 -2057.78
-2141.10 -2057.78
-2060.17 -2057.78
-2090.87 -2057.78
-2056.36 -2056.36
-2092.76 -2056.36
-2159.47 -2056.36
-2057.19 -2057.19
-2091.39 -2057.19
-2094.72 -2057.19
-2057.13 -2057.13
-2058.25 -2057.13
-2129.30 -2057.13
-2113.35 -2057.13
-2059.61 -2057.13
-2147.10 -2057.13
-2094.98 -2057.13
-2119.81 -2057.13
-2099.14 -2057.13
-2057.44 -2057.13
-2108.12 -2057.13
-2111.22 -2057.13
-2112.57 -2057.13
-2057.14 -2057.14
-2059.02 -2057.14
-2067.32 -2057.14
-2060.64 -2057.14
-2057.69 -2057.69
-2088.64 -2057.69
-2112.07 -2057.69
-2094.73 -2057.69
-2060.98 -2057.69
-2067.05 -2057.69
-2118.20 -2057.69
-2102.00 -2057.69
-2056.32 -2056.32
-2122.69 -2056.32
-2057.26 -2056.32
-2100.52 -2056.32
-2165.38 -2056.32
-2120.32 -2056.32
-2123.35 -2056.32
-2123.08 -2056.32
-2059.87 -2056.32
-2143.80 -2056.32
-2058.00 -2056.32
-2057.41 -2057.41
-2105.58 -2057.41
-2060.56 -2057.41
-2058.92 -2057.41
-2073.39 -2057.41
-2113.95 -2057.41
-2059.22 -2057.41
-2056.63 -2056.63
-2064.56 -2056.63
-2101.52 -2056.63
-2060.39 -2056.63
-2060.39 -2056.63
-2103.65 -2056.63
-2111.95 -2056.63
-2117.32 -2056.63
-2058.39 -2058.39
-2060.67 -2058.39
-2057.30 -2057.30
-2111.86 -2057.30
-2111.13 -2057.30
-2060.18 -2057.30
-2105.53 -2057.30
-2057.21 -2057.21
-2100.09 -2057.21
-2068.75 -2057.21
-2094.10 -2057.21
-2103.44 -2057.21
-2069.12 -2057.21
-2106.06 -2057.21
-2129.14 -2057.21
-2065.45 -2057.21
-2072.94 -2057.21
-2061.07 -2057.21
-2063.72 -2057.21
-2060.42 -2057.21
-2085.11 -2057.21
-2103.22 -2057.21
-2060.98 -2057.21
-2116.80 -2057.21
-2111.23 -2057.21
-2106.62 -2057.21
-2051.64 -2051.64
-2118.34 -2051.64
-2114.03 -2051.64
-2111.11 -2051.64
-2090.78 -2051.64
-2100.61 -2051.64
-2059.46 -2051.64
-2060.19 -2051.64
-2090.33 -2051.64
-2102.23 -2051.64
-2113.49 -2051.64
-2057.15 -2051.64
-2063.12 -2051.64
-2060.17 -2051.64
-2060.01 -2051.64
-2118.81 -2051.64
-2101.04 -2051.64
-2113.07 -2051.64
-2108.76 -2051.64
-2128.86 -2051.64
-2063.92 -2051.64
-2060.17 -2051.64
-2139.59 -2051.64
-2059.24 -2051.64
-2056.54 -2051.64
-2128.00 -2051.64
-2056.28 -2051.64
-2073.45 -2051.64
-2061.39 -2051.64
-2217.21 -2051.64
-2059.23 -2051.64
-2112.59 -2051.64
-2105.72 -2051.64
-2148.88 -2051.64
-2057.19 -2051.64
-2112.47 -2051.64
-2112.38 -2051.64
-2092.24 -2051.64
-2117.89 -2051.64
-2101.51 -2051.64
-2058.04 -2051.64
-2163.67 -2051.64
-2103.58 -2051.64
-2118.88 -2051.64
-2115.50 -2051.64
-2119.32 -2051.64
-2076.04 -2051.64
-2086.08 -2051.64
-2057.26 -2051.64
-2132.57 -2051.64
-2104.04 -2051.64
-2057.43 -2051.64
-2089.76 -2051.64
-2056.76 -2051.64
-2137.58 -2051.64
-2109.32 -2051.64
-2090.32 -2051.64
-2117.25 -2051.64
-2120.24 -2051.64
-2136.86 -2051.64
-2115.16 -2051.64
-2113.86 -2051.64
-2128.03 -2051.64
-2057.13 -2051.64
-2141.53 -2051.64
-2181.17 -2051.64
-2138.78 -2051.64
-2058.30 -2051.64
-2059.21 -2051.64
-2092.10 -2051.64
-2139.26 -2051.64
-2057.95 -2051.64
-2058.28 -2051.64
-2103.59 -2051.64
-2058.26 -2051.64
-2061.63 -2051.64
-2175.11 -2051.64
-2067.39 -2051.64
-2051.60 -2051.60
-2064.22 -2051.60
-2090.88 -2051.60
-2063.55 -2051.60
-2095.07 -2051.60
-2059.79 -2051.60
-2109.62 -2051.60
-2103.65 -2051.60
-2110.88 -2051.60
-2103.50 -2051.60
-2107.67 -2051.60
-2127.85 -2051.60
-2066.34 -2051.60
-2103.57 -2051.60
-2123.60 -2051.60
-2058.32 -2051.60
-2085.68 -2051.60
-2057.15 -2051.60
-2092.99 -2051.60
-2231.42 -2051.60
-2058.58 -2051.60
-2103.78 -2051.60
-2069.05 -2051.60
-2119.38 -2051.60
-2115.76 -2051.60
-2115.98 -2051.60
-2059.09 -2051.60
-2112.05 -2051.60
-2056.77 -2051.60
-2056.47 -2051.60
-2116.30 -2051.60
-2112.49 -2051.60
-2060.17 -2051.60
-2093.88 -2051.60
-2060.73 -2051.60
-2076.14 -2051.60
-2115.05 -2051.60
-2062.08 -2051.60
-2088.95 -2051.60
-2117.91 -2051.60
-2105.71 -2051.60
-2103.30 -2051.60
-2114.32 -2051.60
-2092.39 -2051.60
-2068.82 -2051.60
-2137.40 -2051.60
-2065.88 -2051.60
-2092.30 -2051.60
-2103.64 -2051.60
-2106.48 -2051.60
-2057.24 -2051.60
-2091.26 -2051.60
-2056.33 -2051.60
-2059.36 -2051.60
-2111.00 -2051.60
-2058.37 -2051.60
-2115.47 -2051.60
-2063.70 -2051.60
-2067.09 -2051.60
-2103.64 -2051.60
-2111.57 -2051.60
-2060.11 -2051.60
-2103.32 -2051.60
-2061.24 -2051.60
-2114.27 -2051.60
-2112.91 -2051.60
-2061.22 -2051.60
-2103.61 -2051.60
-2060.56 -2051.60
-2064.84 -2051.60
-2061.46 -2051.60
-2061.75 -2051.60
-2113.86 -2051.60
-2101.52 -2051.60
-2102.94 -2051.60
-2105.93 -2051.60
-2118.78 -2051.60
-2056.67 -2051.60
-2067.42 -2051.60
-2063.00 -2051.60
-2117.80 -2051.60
-2123.77 -2051.60
-2139.11 -2051.60
-2102.12 -2051.60
-2073.36 -2051.60
-2231.50 -2051.60
-2056.77 -2051.60
-2092.29 -2051.60
-2104.39 -2051.60
-2095.01 -2051.60
-2090.10 -2051.60
-2115.51 -2051.60
-2117.47 -2051.60
-2058.56 -2051.60
-2065.21 -2051.60
-2057.37 -2051.60
-2112.79 -2051.60
-2111.10 -2051.60
-2093.02 -2051.60
-2141.85 -2051.60
-2059.57 -2051.60
-2057.21 -2051.60
-2089.40 -2051.60
-2139.10 -2051.60
-2102.83 -2051.60
-2080.49 -2051.60
-2059.56 -2051.60
-2207.66 -2051.60
-2120.61 -2051.60
-2090.65 -2051.60
-2090.81 -2051.60
-2063.82 -2051.60
-2119.54 -2051.60
-2060.00 -2051.60
-2115.82 -2051.60
-2145.26 -2051.60
-2115.10 -2051.60
-2117.33 -2051.60
-2063.25 -2051.60
-2107.66 -2051.60
-2059.32 -2051.60
-2111.49 -2051.60
-2058.74 -2051.60
-2111.84 -2051.60
-2097.60 -2051.60
-2103.46 -2051.60
-2100.60 -2051.60
-2061.77 -2051.60
-2092.24 -2051.60
-2120.19 -2051.60
-2092.39 -2051.60
-2064.80 -2051.60
-2103.35 -2051.60
-2159.11 -2051.60
-2116.85 -2051.60
-2103.88 -2051.60
-2103.87 -2051.60
-2130.87 -2051.60
-2074.30 -2051.60
-2057.26 -2051.60
-2100.70 -2051.60
-2165.53 -2051.60
-2067.42 -2051.60
-2091.46 -2051.60
-2119.26 -2051.60
-2147.62 -2051.60
-2057.28 -2051.60
-2113.59 -2051.60
-2111.78 -2051.60
-2058.14 -2051.60
-2059.90 -2051.60
-2057.75 -2051.60
-2158.78 -2051.60
-2061.06 -2051.60
-2059.81 -2051.60
-2100.44 -2051.60
-2130.07 -2051.60
-2059.90 -2051.60
-2106.09 -2051.60
-2075.96 -2051.60
-2057.16 -2051.60
-2094.87 -2051.60
-2057.90 -2051.60
-2120.01 -2051.60
-2138.91 -2051.60
-2129.32 -2051.60
-2125.16 -2051.60
-2103.18 -2051.60
-2058.35 -2051.60
-2067.31 -2051.60
-2065.89 -2051.60
-2051.48 -2051.48
-2109.50 -2051.48
-2057.93 -2051.48
-2127.73 -2051.48
-2109.92 -2051.48
-2112.34 -2051.48
-2213.69 -2051.48
-2058.95 -2051.48
-2117.29 -2051.48
-2119.46 -2051.48
-2117.39 -2051.48
-2098.41 -2051.48
-2122.57 -2051.48
-2090.82 -2051.48
-3753.56 -3753.56
-3789.49 -3753.56
-3780.45 -3753.56
-3685.02 -3685.02
-3627.43 -3627.43
-3592.55 -3592.55
-3603.74 -3592.55
-3616.73 -3592.55
-3651.89 -3592.55
-3487.20 -3487.20
-3514.18 -3487.20
-3397.69 -3397.69
-3402.85 -3397.69
-3420.13 -3397.69
-3406.34 -3397.69
-3416.22 -3397.69
-3286.95 -3286.95
-3339.58 -3286.95
-3269.29 -3269.29
-3304.62 -3269.29
-3307.98 -3269.29
-3205.47 -3205.47
-3266.55 -3205.47
-3191.32 -3191.32
-3196.09 -3191.32
-3187.32 -3187.32
-3254.89 -3187.32
-3092.01 -3092.01
-3082.83 -3082.83
-3047.99 -3047.99
-3000.27 -3000.27
-2968.17 -2968.17
-2870.13 -2870.13
-2804.53 -2804.53
-2707.35 -2707.35
-2663.44 -2663.44
-2721.56 -2663.44
-2790.53 -2663.44
-2744.66 -2663.44
-2676.08 -2663.44
-2607.41 -2607.41
-2772.76 -2607.41
-2495.99 -2495.99
-2416.91 -2416.91
-2432.00 -2416.91
-2392.92 -2392.92
-2208.69 -2208.69
-2218.41 -2208.69
-2338.92 -2208.69
-2192.51 -2192.51
-2329.23 -2192.51
-2178.35 -2178.35
-2158.42 -2158.42
-2058.07 -2058.07
-2058.33 -2058.33
-2173.67 -2058.33
-2147.62 -2058.33
-2063.88 -2058.33
-2057.13 -2057.13
-2060.61 -2057.13
-2061.76 -2057.13
-2060.20 -2057.13
-2102.89 -2057.13
-2101.39 -2057.13
-2057.92 -2057.13
-2056.87 -2056.87
-2058.40 -2058.40
-2138.69 -2058.40
-2119.76 -2058.40
-2124.62 -2058.40
-2112.01 -2058.40
-2060.02 -2058.40
-2095.04 -2058.40
-2060.60 -2058.40
-2058.97 -2058.97
-2138.25 -2058.97
-2111.14 -2058.97
-2092.84 -2058.97
-2142.08 -2058.97
-2124.05 -2058.97
-2104.25 -2058.97
-2116.08 -2058.97
-2059.19 -2059.19
-2216.93 -2059.19
-2108.73 -2059.19
-2057.16 -2057.16
-2118.70 -2057.16
-2090.75 -2057.16
-2115.33 -2057.16
-2113.80 -2057.16
-2115.61 -2057.16
-2116.87 -2057.16
-2114.28 -2057.16
-2113.63 -2057.16
-2061.20 -2057.16
-2086.04 -2057.16
-2059.29 -2057.16
-2059.10 -2057.16
-2060.21 -2057.16
-2064.94 -2057.16
-2060.10 -2057.16
-2103.41 -2057.16
-2062.05 -2057.16
-2094.73 -2057.16
-2060.09 -2057.16
-2076.12 -2057.16
-2094.80 -2057.16
-2058.20 -2058.20
-2059.87 -2058.20
-2100.65 -2058.20
-2057.77 -2057.77
-2083.31 -2057.77
-2100.88 -2057.77
-2059.43 -2057.77
-2057.14 -2057.14
-2147.19 -2057.14
-2060.18 -2060.18
-2092.29 -2060.18
-2138.79 -2060.18
-2109.90 -2060.18
-2105.91 -2060.18
-2067.37 -2060.18
-2100.66 -2060.18
-2069.01 -2060.18
-2058.76 -2058.76
-2090.41 -2058.76
-2080.63 -2058.76
-2059.05 -2059.05
-2059.57 -2059.57
-2106.01 -2059.57
-2121.25 -2059.57
-2118.61 -2059.57
-2114.12 -2059.57
-2060.53 -2060.53
-2060.22 -2060.22
-2067.26 -2060.22
-2103.64 -2060.22
-2051.67 -2051.67
-2059.59 -2051.67
-2094.72 -2051.67
-2115.01 -2051.67
-2063.09 -2051.67
-2100.79 -2051.67
-2095.83 -2051.67
-2125.41 -2051.67
-2057.61 -2051.67
-2060.96 -2051.67
-2060.01 -2051.67
-2060.05 -2051.67
-2141.91 -2051.67
-2058.96 -2051.67
-2114.12 -2051.67
-2059.30 -2051.67
-2106.97 -2051.67
-2058.21 -2051.67
-2060.03 -2051.67
-2061.85 -2051.67
-2060.63 -2051.67
-2103.64 -2051.67
-2057.17 -2051.67
-2057.16 -2051.67
-2057.22 -2051.67
-2139.27 -2051.67
-2067.06 -2051.67
-2059.21 -2051.67
-2061.68 -2051.67
-2059.23 -2051.67
-2207.59 -2051.67
-2127.81 -2051.67
-2058.20 -2051.67
-2064.68 -2051.67
-2139.11 -2051.67
-2066.38 -2051.67
-2117.14 -2051.67
-2060.00 -2051.67
-2057.43 -2051.67
-2113.05 -2051.67
-2129.51 -2051.67
-2127.04 -2051.67
-2060.16 -2051.67
-2207.58 -2051.67
-2060.20 -2051.67
-2058.38 -2051.67
-2100.72 -2051.67
-2058.13 -2051.67
-2118.21 -2051.67
-2057.25 -2051.67
-2060.19 -2051.67
-2057.34 -2051.67
-2112.37 -2051.67
-2091.64 -2051.67
-2109.95 -2051.67
-2112.53 -2051.67
-2112.17 -2051.67
-2059.49 -2051.67
-2112.88 -2051.67
-2058.23 -2051.67
-2060.20 -2051.67
-2105.71 -2051.67
-2057.34 -2051.67
-2130.24 -2051.67
-2057.75 -2051.67
-2057.71 -2051.67
-2138.87 -2051.67
-2063.67 -2051.67
-2059.22 -2051.67
-2109.92 -2051.67
-2092.96 -2051.67
-2109.82 -2051.67
-2060.16 -2051.67
-2090.39 -2051.67
-2114.00 -2051.67
-2092.22 -2051.67
-2063.71 -2051.67
-2056.45 -2051.67
-2059.32 -2051.67
-2103.64 -2051.67
-2056.27 -2051.67
-2113.29 -2051.67
-2107.99 -2051.67
-2092.39 -2051.67
-2061.57 -2051.67
-2109.08 -2051.67
-2080.51 -2051.67
-2103.96 -2051.67
-2103.87 -2051.67
-2073.25 -2051.67
-2057.22 -2051.67
-2121.37 -2051.67
-2059.08 -2051.67
-2105.83 -2051.67
-2112.35 -2051.67
-2059.69 -2051.67
-2242.59 -2051.67
-2058.98 -2051.67
-2057.21 -2051.67
-2066.85 -2051.67
-2068.75 -2051.67
-2058.49 -2051.67
-2078.95 -2051.67
-2103.33 -2051.67
-2057.75 -2051.67
-2112.23 -2051.67
-2102.56 -2051.67
-2058.17 -2051.67
-2090.85 -2051.67
-2103.88 -2051.67
-2117.94 -2051.67
-2117.29 -2051.67
-2123.09 -2051.67
-2146.82 -2051.67
-2059.21 -2051.67
-2057.13 -2051.67
-2110.41 -2051.67
-2065.20 -2051.67
-2057.17 -2051.67
-2113.55 -2051.67
-2113.94 -2051.67
-2154.30 -2051.67
-2103.66 -2051.67
-2061.09 -2051.67
-2103.90 -2051.67
-2100.14 -2051.67
-2060.45 -2051.67
-2100.85 -2051.67
-2105.89 -2051.67
-2065.00 -2051.67
-2109.17 -2051.67
-2057.85 -2051.67
-2102.29 -2051.67
-2057.97 -2051.67
-2058.88 -2051.67
-2073.33 -2051.67
-2100.70 -2051.67
-2057.34 -2051.67
-2115.82 -2051.67
-2073.38 -2051.67
-2056.40 -2051.67
-2092.96 -2051.67
-2117.24 -2051.67
-2115.56 -2051.67
-2112.38 -2051.67
-2121.22 -2051.67
-2103.69 -2051.67
-2120.95 -2051.67
-2059.44 -2051.67
-2119.14 -2051.67
-2057.16 -2051.67
-2068.79 -2051.67
-2117.78 -2051.67
-2061.45 -2051.67
-2121.26 -2051.67
-2058.19 -2051.67
-2122.68 -2051.67
-2057.41 -2051.67
-2058.14 -2051.67
-2057.42 -2051.67
-2197.43 -2051.67
-2110.88 -2051.67
-2115.28 -2051.67
-2057.77 -2051.67
-2090.73 -2051.67
-2114.93 -2051.67
-2085.13 -2051.67
-2103.79 -2051.67
-2060.18 -2051.67
-2128.27 -2051.67
-2057.35 -2051.67
-2057.17 -2051.67
-2113.92 -2051.67
-2057.61 -2051.67
-2131.69 -2051.67
-2066.92 -2051.67
-2137.16 -2051.67
-2051.47 -2051.47
-2058.43 -2051.47
-2118.74 -2051.47
-2092.33 -2051.47
-2065.13 -2051.47
-2056.37 -2051.47
-2058.87 -2051.47
-2131.47 -2051.47
-2104.20 -2051.47
-2056.86 -2051.47
-2060.02 -2051.47
-2109.69 -2051.47
-2057.74 -2051.47
-2104.02 -2051.47
-2088.78 -2051.47
-2057.16 -2051.47
-2111.94 -2051.47
-2119.69 -2051.47
-2101.84 -2051.47
-2141.39 -2051.47
-2139.14 -2051.47
-2051.52 -2051.52
-2059.29 -2051.52
-2147.65 -2051.52
-2103.50 -2051.52
-2121.01 -2051.52
-2059.21 -2051.52
-2051.51 -2051.51
-2138.78 -2051.51
-2102.89 -2051.51
-2057.71 -2051.51
-2115.07 -2051.51
-2124.04 -2051.51
-2103.82 -2051.51
-2106.44 -2051.51
-2115.48 -2051.51
-2114.58 -2051.51
-2090.42 -2051.51
-2090.35 -2051.51
-2146.49 -2051.51
-2138.12 -2051.51
-2051.65 -2051.51
-2083.78 -2051.51
-2101.53 -2051.51
-2103.74 -2051.51
-2110.82 -2051.51
-2085.46 -2051.51
-2062.96 -2051.51
-2057.71 -2051.51
-2064.61 -2051.51
-2059.13 -2051.51
-2102.99 -2051.51
-2098.64 -2051.51
-2056.55 -2051.51
-2067.51 -2051.51
-2114.89 -2051.51
-2057.18 -2051.51
-2057.16 -2051.51
-2102.37 -2051.51
-2059.22 -2051.51
-2089.97 -2051.51
-2057.35 -2051.51
-2108.81 -2051.51
-2103.58 -2051.51
-2061.54 -2051.51
-2131.93 -2051.51
-2061.64 -2051.51
-2132.90 -2051.51
-2085.90 -2051.51
-2075.94 -2051.51
-2119.76 -2051.51
-2060.19 -2051.51
-2058.14 -2051.51
-2094.56 -2051.51
-2060.80 -2051.51
-2056.78 -2051.51
-2104.25 -2051.51
-2059.03 -2051.51
-2138.76 -2051.51
-2163.37 -2051.51
-2231.42 -2051.51
-2058.76 -2051.51
-2116.02 -2051.51
-2067.49 -2051.51
-2107.88 -2051.51
-2111.55 -2051.51
-2059.49 -2051.51
-2093.41 -2051.51
-2058.57 -2051.51
-2110.89 -2051.51
-2056.96 -2051.51
-2110.74 -2051.51
-2058.96 -2051.51
-2057.81 -2051.51
-2225.61 -2051.51
-2061.77 -2051.51
-2060.17 -2051.51
-2118.79 -2051.51
-2073.25 -2051.51
-2117.31 -2051.51
-2100.52 -2051.51
-2110.92 -2051.51
-3754.26 -3754.26
-3767.07 -3754.26
-3700.03 -3700.03
-3698.94 -3698.94
-3703.21 -3698.94
-3651.05 -3651.05
-3644.98 -3644.98
-3595.86 -3595.86
-3638.59 -3595.86
-3628.10 -3595.86
-3597.23 -3597.23
-3554.13 -3554.13
-3606.90 -3554.13
-3458.83 -3458.83
-3431.78 -3431.78
-3473.51 -3431.78
-3416.01 -3416.01
-3509.61 -3416.01
-3431.88 -3416.01
-3418.98 -3416.01
-3361.64 -3361.64
-3269.59 -3269.59
-3308.66 -3269.59
-3403.68 -3269.59
-3251.83 -3251.83
-3047.96 -3047.96
-2966.89 -2966.89
-2941.37 -2941.37
-2945.34 -2941.37
-2969.06 -2941.37
-2702.54 -2702.54
-2913.99 -2702.54
-2919.95 -2702.54
-2791.22 -2702.54
-2681.26 -2681.26
-2612.04 -2612.04
-2444.39 -2444.39
-2474.90 -2444.39
-2336.76 -2336.76
-2354.71 -2336.76
-2280.46 -2280.46
-2308.16 -2280.46
-2160.05 -2160.05
-2140.12 -2140.12
-2181.42 -2140.12
-2196.11 -2140.12
-2057.61 -2057.61
-2063.17 -2057.61
-2117.73 -2057.61
-2139.10 -2057.61
-2058.38 -2058.38
-2100.42 -2058.38
-2106.81 -2058.38
-2059.04 -2059.04
-2058.85 -2058.85
-2057.97 -2057.97
-2057.16 -2057.16
-2057.19 -2057.19
-2112.74 -2057.19
-2148.70 -2057.19
-2057.21 -2057.21
-2060.38 -2057.21
-2059.05 -2057.21
-2063.58 -2057.21
-2060.11 -2057.21
-2060.61 -2057.21
-2066.27 -2057.21
-2125.12 -2057.21
-2089.38 -2057.21
-2057.82 -2057.21
-2105.76 -2057.21
-2057.73 -2057.73
-2092.55 -2057.73
-2057.97 -2057.97
-2100.34 -2057.97
-2057.44 -2057.44
-2058.49 -2057.44
-2117.54 -2057.44
-2083.79 -2057.44
-2118.38 -2057.44
-2123.21 -2057.44
-2139.17 -2057.44
-2058.80 -2058.80
-2112.04 -2058.80
-2057.77 -2057.77
-2058.02 -2058.02
-2124.05 -2058.02
-2059.53 -2058.02
-2057.95 -2057.95
-2059.53 -2057.95
-2118.46 -2057.95
-2147.54 -2057.95
-2057.60 -2057.60
-2095.09 -2057.60
-2063.93 -2057.60
-2058.13 -2057.60
-2197.34 -2057.60
-2056.82 -2056.82
-2101.01 -2056.82
-2139.26 -2056.82
-2155.55 -2056.82
-2103.29 -2056.82
-2058.32 -2056.82
-2105.61 -2056.82
-2112.79 -2056.82
-2138.85 -2056.82
-2103.39 -2056.82
-2060.63 -2056.82
-2129.89 -2056.82
-2058.87 -2056.82
-2088.65 -2056.82
-2210.16 -2056.82
-2116.91 -2056.82
-2117.37 -2056.82
-2058.78 -2056.82
-2113.63 -2056.82
-2059.30 -2059.30
-2059.22 -2059.22
-2107.36 -2059.22
-2059.34 -2059.34
-2065.81 -2059.34
-2051.48 -2051.48
-2100.12 -2051.48
-2101.59 -2051.48
-2064.79 -2051.48
-2113.17 -2051.48
-2120.75 -2051.48
-2060.17 -2051.48
-2092.36 -2051.48
-2063.52 -2051.48
-2058.56 -2051.48
-2113.56 -2051.48
-2060.17 -2051.48
-2059.35 -2051.48
-2093.00 -2051.48
-2197.30 -2051.48
-2058.89 -2051.48
-2071.45 -2051.48
-2060.18 -2051.48
-2051.58 -2051.58
-2060.15 -2051.58
-2059.08 -2051.58
-2103.91 -2051.58
-2111.17 -2051.58
-2065.26 -2051.58
-2063.50 -2051.58
-2110.22 -2051.58
-2113.78 -2051.58
-2114.19 -2051.58
-2076.15 -2051.58
-2095.05 -2051.58
-2112.29 -2051.58
-2138.92 -2051.58
-2063.00 -2051.58
-2142.30 -2051.58
-2059.33 -2051.58
-2115.96 -2051.58
-2115.25 -2051.58
-2058.08 -2051.58
-2090.70 -2051.58
-2115.11 -2051.58
-2058.30 -2051.58
-2103.63 -2051.58
-2058.33 -2051.58
-2060.23 -2051.58
-2090.18 -2051.58
-2138.85 -2051.58
-2139.15 -2051.58
-2169.36 -2051.58
-2060.19 -2051.58
-2059.14 -2051.58
-2066.81 -2051.58
-2065.90 -2051.58
-2060.10 -2051.58
-2057.93 -2051.58
-2058.94 -2051.58
-2060.19 -2051.58
-2057.22 -2051.58
-2059.80 -2051.58
-2059.31 -2051.58
-2065.94 -2051.58
-2060.19 -2051.58
-2058.16 -2051.58
-2089.40 -2051.58
-2059.34 -2051.58
-2063.65 -2051.58
-2058.95 -2051.58
-2108.67 -2051.58
-2114.08 -2051.58
-2103.82 -2051.58
-2146.94 -2051.58
-2057.21 -2051.58
-2113.69 -2051.58
-2231.43 -2051.58
-2060.09 -2051.58
-2059.58 -2051.58
-2112.28 -2051.58
-2065.90 -2051.58
-2108.68 -2051.58
-2060.20 -2051.58
-2059.28 -2051.58
-2106.94 -2051.58
-2073.39 -2051.58
-2060.23 -2051.58
-2056.64 -2051.58
-2077.50 -2051.58
-2114.63 -2051.58
-2057.32 -2051.58
-2057.25 -2051.58
-2092.73 -2051.58
-2059.52 -2051.58
-2060.19 -2051.58
-2114.86 -2051.58
-2058.39 -2051.58
-2061.65 -2051.58
-2103.49 -2051.58
-2057.61 -2051.58
-2094.68 -2051.58
-2103.60 -2051.58
-2058.39 -2051.58
-2100.78 -2051.58
-2114.78 -2051.58
-2115.50 -2051.58
-2112.25 -2051.58
-2092.68 -2051.58
-2063.67 -2051.58
-2118.36 -2051.58
-2123.98 -2051.58
-2103.76 -2051.58
-2105.70 -2051.58
-2057.99 -2051.58
-2063.63 -2051.58
-2051.50 -2051.50
-2058.84 -2051.50
-2102.79 -2051.50
-2073.44 -2051.50
-2058.10 -2051.50
-2064.02 -2051.50
-2060.17 -2051.50
-2118.83 -2051.50
-2058.21 -2051.50
-2059.53 -2051.50
-2101.01 -2051.50
-2112.09 -2051.50
-2106.50 -2051.50
-2057.28 -2051.50
-2062.96 -2051.50
-2114.87 -2051.50
-2057.17 -2051.50
-2099.07 -2051.50
-2068.83 -2051.50
-2110.11 -2051.50
-2115.29 -2051.50
-2057.37 -2051.50
-2063.93 -2051.50
-2064.24 -2051.50
-2061.39 -2051.50
-2063.54 -2051.50
-2101.49 -2051.50
-2094.73 -2051.50
-2060.42 -2051.50
-2057.77 -2051.50
-2114.11 -2051.50
-2112.02 -2051.50
-2060.19 -2051.50
-2101.03 -2051.50
-2073.66 -2051.50
-2056.89 -2051.50
-2107.89 -2051.50
-2109.82 -2051.50
-2060.11 -2051.50
-2114.44 -2051.50
-2207.59 -2051.50
-2117.20 -2051.50
-2063.96 -2051.50
-2056.68 -2051.50
-2057.22 -2051.50
-2073.85 -2051.50
-2059.29 -2051.50
-2197.32 -2051.50
-2117.20 -2051.50
-2058.62 -2051.50
-2058.07 -2051.50
-2056.29 -2051.50
-2059.28 -2051.50
-2058.21 -2051.50
-2057.18 -2051.50
-2060.37 -2051.50
-2057.98 -2051.50
-2064.59 -2051.50
-2119.97 -2051.50
-2068.77 -2051.50
-2100.70 -2051.50
-2064.11 -2051.50
-2118.25 -2051.50
-2058.95 -2051.50
-2117.39 -2051.50
-2090.43 -2051.50
-2126.95 -2051.50
-2103.10 -2051.50
-2080.54 -2051.50
-2065.58 -2051.50
-2057.22 -2051.50
-2057.00 -2051.50
-2109.98 -2051.50
-2111.30 -2051.50
-2100.55 -2051.50
-2103.75 -2051.50
-2051.52 -2051.52
-2093.20 -2051.52
-2058.11 -2051.52
-2062.93 -2051.52
-2058.93 -2051.52
-2059.93 -2051.52
-2103.18 -2051.52
-2063.28 -2051.52
-2056.49 -2051.52
-2102.69 -2051.52
-2058.82 -2051.52
-2103.97 -2051.52
-2057.60 -2051.52
-2061.32 -2051.52
-2073.85 -2051.52
-2124.38 -2051.52
-2115.42 -2051.52
-2063.84 -2051.52
-2069.03 -2051.52
-2118.71 -2051.52
-2103.76 -2051.52
-2069.16 -2051.52
-2100.60 -2051.52
-2090.61 -2051.52
-2057.21 -2051.52
-2060.17 -2051.52
-2112.50 -2051.52
-2059.36 -2051.52
-2060.09 -2051.52
-2059.36 -2051.52
-2057.14 -2051.52
-2197.31 -2051.52
-2114.71 -2051.52
-2092.87 -2051.52
-2102.11 -2051.52
-2065.55 -2051.52
-2090.83 -2051.52
-2142.01 -2051.52
-2103.07 -2051.52
-2051.50 -2051.50
-2073.02 -2051.50
-2114.75 -2051.50
-2094.75 -2051.50
-2074.01 -2051.50
-2057.18 -2051.50
-2057.87 -2051.50
-2117.35 -2051.50
-2060.21 -2051.50
-2058.57 -2051.50
-2110.94 -2051.50
-2100.55 -2051.50
-2058.94 -2051.50
-2060.39 -2051.50
-2065.13 -2051.50
-2059.21 -2051.50
-2118.31 -2051.50
-2060.21 -2051.50
-2110.73 -2051.50
-2104.21 -2051.50
-2059.20 -2051.50
-2117.13 -2051.50
-2111.44 -2051.50
-2102.01 -2051.50
-2057.85 -2051.50
-2067.25 -2051.50
-2063.80 -2051.50
-2057.26 -2051.50
-2059.62 -2051.50
-2074.34 -2051.50
-2126.69 -2051.50
-2058.36 -2051.50
-2056.79 -2051.50
-2132.91 -2051.50
-2118.73 -2051.50
-2132.91 -2051.50
-2060.53 -2051.50
-2120.04 -2051.50
-2057.72 -2051.50
-2057.27 -2051.50
-2116.06 -2051.50
-2095.06 -2051.50
-2058.37 -2051.50
-2112.94 -2051.50
-2102.73 -2051.50
-2057.74 -2051.50
-2108.22 -2051.50
-2060.17 -2051.50
-2108.75 -2051.50
-2063.67 -2051.50
-2058.94 -2051.50
-2101.51 -2051.50
-2057.19 -2051.50
-2110.18 -2051.50
-2090.41 -2051.50
-2060.01 -2051.50
-2058.96 -2051.50
-2057.73 -2051.50
-2105.13 -2051.50
-2114.60 -2051.50
-2057.89 -2051.50
-2090.82 -2051.50
-2062.04 -2051.50
-2060.65 -2051.50
-2117.23 -2051.50
-2231.50 -2051.50
-2058.20 -2051.50
-2091.61 -2051.50
-2058.49 -2051.50
-3886.47 -2051.50
-3781.34 -3781.34
-3799.32 -3781.34
-3733.24 -3733.24
-3679.97 -3679.97
-3692.44 -3679.97
-3683.07 -3679.97
-3707.52 -3679.97
-3793.23 -3679.97
-3795.66 -3679.97
-3592.29 -3592.29
-3614.94 -3592.29
-3648.62 -3592.29
-3571.45 -3571.45
-3592.51 -3571.45
-3591.43 -3571.45
-3551.60 -3551.60
-3394.67 -3394.67
-3385.25 -3385.25
-3373.15 -3373.15
-3307.15 -3307.15
-3302.04 -3302.04
-3284.65 -3284.65
-3361.29 -3284.65
-3309.05 -3284.65
-3330.38 -3284.65
-3339.08 -3284.65
-3374.02 -3284.65
-3350.98 -3284.65
-3242.90 -3242.90
-3132.87 -3132.87
-2960.10 -2960.10
-2945.91 -2945.91
-2889.80 -2889.80
-2797.35 -2797.35
-2968.22 -2797.35
-2665.86 -2665.86
-2652.15 -2652.15
-2738.81 -2652.15
-2596.67 -2596.67
-2473.20 -2473.20
-2417.18 -2417.18
-2317.59 -2317.59
-2330.80 -2317.59
-2216.53 -2216.53
-2139.67 -2139.67
-2057.30 -2057.30
-2112.69 -2057.30
-2110.60 -2057.30
-2057.31 -2057.31
-2058.93 -2058.93
-2110.11 -2058.93
-2102.73 -2058.93
-2060.20 -2058.93
-2063.00 -2058.93
-2158.48 -2058.93
-2223.32 -2058.93
-2092.86 -2058.93
-2058.41 -2058.41
-2058.15 -2058.15
-2058.48 -2058.48
-2116.81 -2058.48
-2113.48 -2058.48
-2057.15 -2057.15
-2122.60 -2057.15
-2091.35 -2057.15
-2115.84 -2057.15
-2092.38 -2057.15
-2113.12 -2057.15
-2059.56 -2057.15
-2114.46 -2057.15
-2063.64 -2057.15
-2058.06 -2058.06
-2058.99 -2058.06
-2060.11 -2058.06
-2057.24 -2057.24
-2116.63 -2057.24
-2089.32 -2057.24
-2119.66 -2057.24
-2117.39 -2057.24
-2139.03 -2057.24
-2057.14 -2057.14
-2058.87 -2057.14
-2109.74 -2057.14
-2057.75 -2057.75
-2057.44 -2057.44
-2058.21 -2058.21
-2117.54 -2058.21
-2114.77 -2058.21
-2076.14 -2058.21
-2058.00 -2058.00
-2057.43 -2057.43
-2058.01 -2058.01
-2111.16 -2058.01
-2119.89 -2058.01
-2080.50 -2058.01
-2103.17 -2058.01
-2112.25 -2058.01
-2101.93 -2058.01
-2057.14 -2057.14
-2060.01 -2057.14
-2095.25 -2057.14
-2056.76 -2056.76
-2063.16 -2056.76
-2056.80 -2056.80
-2119.61 -2056.80
-2066.37 -2056.80
-2156.91 -2056.80
-2066.42 -2056.80
-2112.95 -2056.80
-2059.13 -2056.80
-2058.41 -2058.41
-2197.41 -2058.41
-2139.21 -2058.41
-2057.28 -2057.28
-2061.22 -2057.28
-2117.31 -2057.28
-2113.37 -2057.28
-2065.04 -2057.28
-2057.17 -2057.17
-2058.30 -2058.30
-2130.50 -2058.30
-2057.20 -2057.20
-2142.00 -2057.20
-2051.65 -2051.65
-2063.55 -2051.65
-2077.62 -2051.65
-2129.18 -2051.65
-2058.42 -2051.65
-2141.93 -2051.65
-2057.43 -2051.65
-2139.09 -2051.65
-2057.30 -2051.65
-2057.35 -2051.65
-2100.74 -2051.65
-2112.95 -2051.65
-2072.91 -2051.65
-2106.50 -2051.65
-2135.64 -2051.65
-2073.86 -2051.65
-2108.95 -2051.65
-2110.05 -2051.65
-2057.24 -2051.65
-2126.12 -2051.65
-2109.83 -2051.65
-2138.77 -2051.65
-2197.35 -2051.65
-2058.46 -2051.65
-2114.93 -2051.65
-2056.65 -2051.65
-2149.82 -2051.65
-2197.39 -2051.65
-2096.07 -2051.65
-2057.89 -2051.65
-2115.43 -2051.65
-2056.71 -2051.65
-2113.71 -2051.65
-2101.04 -2051.65
-2058.26 -2051.65
-2075.96 -2051.65
-2112.22 -2051.65
-2102.78 -2051.65
-2104.03 -2051.65
-2057.16 -2051.65
-2090.51 -2051.65
-2114.28 -2051.65
-2058.23 -2051.65
-2058.24 -2051.65
-2061.79 -2051.65
-2115.97 -2051.65
-2060.42 -2051.65
-2192.20 -2051.65
-2063.53 -2051.65
-2069.19 -2051.65
-2167.21 -2051.65
-2057.19 -2051.65
-2109.86 -2051.65
-2113.44 -2051.65
-2058.12 -2051.65
-2197.32 -2051.65
-2060.87 -2051.65
-2102.99 -2051.65
-2108.25 -2051.65
-2059.34 -2051.65
-2080.48 -2051.65
-2056.80 -2051.65
-2051.50 -2051.50
-2163.14 -2051.50
-2065.43 -2051.50
-2065.28 -2051.50
-2066.21 -2051.50
-2057.13 -2051.50
-2057.82 -2051.50
-2106.60 -2051.50
-2060.01 -2051.50
-2112.12 -2051.50
-2104.17 -2051.50
-2061.51 -2051.50
-2061.78 -2051.50
-2111.50 -2051.50
-2132.78 -2051.50
-2111.10 -2051.50
-2143.81 -2051.50
-2094.83 -2051.50
-2114.82 -2051.50
-2112.58 -2051.50
-2066.53 -2051.50
-2064.55 -2051.50
-2103.80 -2051.50
-2108.03 -2051.50
-2057.99 -2051.50
-2059.23 -2051.50
-2060.00 -2051.50
-2103.85 -2051.50
-2057.87 -2051.50
-2113.53 -2051.50
-2059.48 -2051.50
-2084.95 -2051.50
-2115.01 -2051.50
-2057.25 -2051.50
-2097.51 -2051.50
-2057.73 -2051.50
-2051.59 -2051.59
-2111.21 -2051.59
-2110.02 -2051.59
-2057.89 -2051.59
-2057.81 -2051.59
-2088.84 -2051.59
-2086.08 -2051.59
-2061.43 -2051.59
-2057.78 -2051.59
-2057.84 -2051.59
-2112.10 -2051.59
-2057.37 -2051.59
-2058.00 -2051.59
-2126.79 -2051.59
-2101.52 -2051.59
-2051.53 -2051.53
-2059.32 -2051.53
-2058.95 -2051.53
-2051.61 -2051.53
-2092.84 -2051.53
-2058.10 -2051.53
-2114.97 -2051.53
-2207.65 -2051.53
-2068.83 -2051.53
-2059.90 -2051.53
-2103.59 -2051.53
-2060.38 -2051.53
-2056.25 -2051.53
-2066.63 -2051.53
-2059.82 -2051.53
-2113.32 -2051.53
-2057.36 -2051.53
-2089.31 -2051.53
-2058.32 -2051.53
-2067.02 -2051.53
-2118.24 -2051.53
-2058.09 -2051.53
-2127.33 -2051.53
-2059.65 -2051.53
-2108.76 -2051.53
-2066.35 -2051.53
-2106.70 -2051.53
-2140.11 -2051.53
-2051.50 -2051.50
-2120.14 -2051.50
-2059.59 -2051.50
-2110.01 -2051.50
-2057.43 -2051.50
-2112.33 -2051.50
-2111.49 -2051.50
-2161.35 -2051.50
-2057.88 -2051.50
-2059.37 -2051.50
-2061.20 -2051.50
-2065.06 -2051.50
-2057.19 -2051.50
-2058.41 -2051.50
-2057.36 -2051.50
-2114.73 -2051.50
-2102.87 -2051.50
-2209.53 -2051.50
-2051.54 -2051.54
-2093.09 -2051.54
-2116.77 -2051.54
-2061.61 -2051.54
-2090.91 -2051.54
-2091.58 -2051.54
-2051.50 -2051.50
-2057.81 -2051.50
-2061.88 -2051.50
-2057.89 -2051.50
-2065.04 -2051.50
-2129.18 -2051.50
-2060.24 -2051.50
-2056.76 -2051.50
-2103.62 -2051.50
-2115.26 -2051.50
-2120.72 -2051.50
-2101.53 -2051.50
-2058.84 -2051.50
-2119.28 -2051.50
-2073.38 -2051.50
-2109.76 -2051.50
-2056.42 -2051.50
-2116.98 -2051.50
-2134.10 -2051.50
-2112.58 -2051.50
-2094.70 -2051.50
-2092.95 -2051.50
-2112.56 -2051.50
-2060.19 -2051.50
-2062.08 -2051.50
-2067.12 -2051.50
-2060.47 -2051.50
-2059.59 -2051.50
-2061.29 -2051.50
-2056.33 -2051.50
-2069.13 -2051.50
-2085.62 -2051.50
-2128.03 -2051.50
-2106.59 -2051.50
-2100.62 -2051.50
-2057.31 -2051.50
-2057.18 -2051.50
-2059.61 -2051.50
-2057.18 -2051.50
-2063.65 -2051.50
-2094.55 -2051.50
-2103.34 -2051.50
-2115.94 -2051.50
-2077.64 -2051.50
-2065.06 -2051.50
-2109.49 -2051.50
-2057.21 -2051.50
-2103.34 -2051.50
-2114.18 -2051.50
-2102.91 -2051.50
-2093.43 -2051.50
-2056.36 -2051.50
-2064.59 -2051.50
-2058.33 -2051.50
-2061.30 -2051.50
-2115.43 -2051.50
-2103.39 -2051.50
-2061.96 -2051.50
-2060.17 -2051.50
-2059.04 -2051.50
-2123.33 -2051.50
-2110.95 -2051.50
-2126.70 -2051.50
-2117.18 -2051.50
-2110.84 -2051.50
-2112.50 -2051.50
-2059.11 -2051.50
-2088.93 -2051.50
-2059.16 -2051.50
-2147.48 -2051.50
-2138.99 -2051.50
-2109.28 -2051.50
-2106.99 -2051.50
-2057.76 -2051.50
-2060.19 -2051.50
-2068.95 -2051.50
-2094.07 -2051.50
-2103.15 -2051.50
-2124.35 -2051.50
-2112.83 -2051.50
-2060.17 -2051.50
-2165.64 -2051.50
-2109.83 -2051.50
-2059.73 -2051.50
-2100.54 -2051.50
-2113.86 -2051.50
-2059.13 -2051.50
-2060.09 -2051.50
-2058.77 -2051.50
-2101.57 -2051.50
-2114.63 -2051.50
-2094.54 -2051.50
-2113.91 -2051.50
-2060.33 -2051.50
-2058.97 -2051.50
-2090.67 -2051.50
-2073.56 -2051.50
-2066.66 -2051.50
-2058.14 -2051.50
-2094.82 -2051.50
-2094.69 -2051.50
-2060.22 -2051.50
-2059.38 -2051.50
-2100.55 -2051.50
-2107.81 -2051.50
-2057.31 -2051.50
-2060.20 -2051.50
-2057.96 -2051.50
-2059.43 -2051.50
-2058.39 -2051.50
-2138.40 -2051.50
-2115.38 -2051.50
-2110.90 -2051.50
-2104.40 -2051.50
-2059.94 -2051.50
-2063.66 -2051.50
-2076.16 -2051.50
-2060.09 -2051.50
-2061.36 -2051.50
-2061.66 -2051.50
-2115.78 -2051.50
-2114.89 -2051.50
-2092.83 -2051.50
-2057.22 -2051.50
-2059.54 -2051.50
-2051.65 -2051.65
-2088.81 -2051.65
-3896.39 -2051.65
-3793.07 -3793.07
-3811.91 -3793.07
-3896.62 -3793.07
-3817.40 -3793.07
-3733.36 -3733.36
-3731.10 -3731.10
-3759.48 -3731.10
-3737.63 -3731.10
-3664.22 -3664.22
-3601.40 -3601.40
-3591.27 -3591.27
-3600.87 -3591.27
-3646.57 -3591.27
-3440.66 -3440.66
-3494.50 -3440.66
-3494.01 -3440.66
-3486.43 -3440.66
-3585.68 -3440.66
-3477.75 -3440.66
-3453.65 -3440.66
-3488.62 -3440.66
-3385.26 -3385.26
-3423.69 -3385.26
-3492.40 -3385.26
-3469.09 -3385.26
-3399.83 -3385.26
-3396.77 -3385.26
-3249.25 -3249.25
-3337.58 -3249.25
-3400.99 -3249.25
-3216.48 -3216.48
-3190.40 -3190.40
-3301.69 -3190.40
-3194.03 -3190.40
-3254.57 -3190.40
-3125.80 -3125.80
-3112.67 -3112.67
-3015.04 -3015.04
-3167.10 -3015.04
-2971.73 -2971.73
-3041.26 -2971.73
-2972.81 -2971.73
-3004.46 -2971.73
-2948.47 -2948.47
-2941.50 -2941.50
-3039.23 -2941.50
-2961.95 -2941.50
-2965.70 -2941.50
-2972.03 -2941.50
-2972.56 -2941.50
-3056.19 -2941.50
-3033.32 -2941.50
-2869.94 -2869.94
-2790.51 -2790.51
-2805.28 -2790.51
-2899.86 -2790.51
-2726.96 -2726.96
-2727.13 -2727.13
-2639.90 -2639.90
-2660.14 -2639.90
-2889.75 -2639.90
-2698.46 -2639.90
-2558.83 -2558.83
-2790.44 -2558.83
-2356.31 -2356.31
-2401.31 -2356.31
-2478.10 -2356.31
-2435.25 -2356.31
-2266.06 -2266.06
-2328.14 -2266.06
-2091.62 -2091.62
-2057.16 -2057.16
-2128.60 -2057.16
-2231.43 -2057.16
-2092.87 -2057.16
-2106.26 -2057.16
-2090.42 -2057.16
-2223.49 -2057.16
-2103.62 -2057.16
-2106.08 -2057.16
-2120.33 -2057.16
-2068.79 -2057.16
-2056.41 -2056.41
-2058.41 -2056.41
-2112.54 -2056.41
-2115.93 -2056.41
-2155.38 -2056.41
-2059.77 -2056.41
-2059.19 -2056.41
-2140.42 -2056.41
-2059.97 -2056.41
-2108.78 -2056.41
-2113.32 -2056.41
-2103.86 -2056.41
-2108.38 -2056.41
-2111.36 -2056.41
-2113.23 -2056.41
-2064.56 -2056.41
-2114.45 -2056.41
-2120.43 -2056.41
-2057.76 -2056.41
-2107.60 -2056.41
-2114.12 -2056.41
-2114.10 -2056.41
-2108.62 -2056.41
-2102.49 -2056.41
-2116.60 -2056.41
-2060.26 -2056.41
-2100.43 -2056.41
-2106.22 -2056.41
-2126.73 -2056.41
-2066.08 -2056.41
-2057.71 -2057.71
-2103.57 -2057.71
-2115.99 -2057.71
-2057.18 -2057.18
-2057.33 -2057.33
-2138.00 -2057.33
-2057.77 -2057.33
-2100.97 -2057.33
-2057.81 -2057.81
-2067.06 -2057.81
-2057.21 -2057.21
-2138.91 -2057.21
-2216.93 -2057.21
-2110.85 -2057.21
-2103.76 -2057.21
-2063.40 -2057.21
-2099.07 -2057.21
-2063.78 -2057.21
-2090.50 -2057.21
-2060.56 -2057.21
-2106.21 -2057.21
-2102.79 -2057.21
-2059.12 -2059.12
-2067.15 -2059.12
-2065.23 -2059.12
-2094.64 -2059.12
-2059.55 -2059.55
-2126.38 -2059.55
-2115.50 -2059.55
-2110.37 -2059.55
-2121.25 -2059.55
-2112.14 -2059.55
-2057.62 -2057.62
-2094.69 -2057.62
-2064.96 -2057.62
-2167.83 -2057.62
-2094.24 -2057.62
-2060.19 -2060.19
-2058.39 -2058.39
-2090.44 -2058.39
-2058.49 -2058.49
-2057.26 -2057.26
-2102.88 -2057.26
-2057.43 -2057.43
-2106.39 -2057.43
-2058.76 -2058.76
-2057.30 -2057.30
-2075.99 -2057.30
-2088.96 -2057.30
-2059.56 -2057.30
-2057.96 -2057.30
-2103.66 -2057.30
-2056.27 -2056.27
-2103.50 -2056.27
-2056.25 -2056.25
-2125.13 -2056.25
-2121.31 -2056.25
-2126.75 -2056.25
-2085.07 -2056.25
-2210.69 -2056.25
-2059.26 -2056.25
-2051.59 -2051.59
-2057.28 -2051.59
-2113.39 -2051.59
-2064.17 -2051.59
-2116.22 -2051.59
-2092.73 -2051.59
-2063.89 -2051.59
-2060.19 -2051.59
-2058.61 -2051.59
-2060.19 -2051.59
-2077.55 -2051.59
-2059.75 -2051.59
-2090.78 -2051.59
-2130.13 -2051.59
-2100.54 -2051.59
-2057.80 -2051.59
-2110.79 -2051.59
-2099.04 -2051.59
-2111.24 -2051.59
-2108.42 -2051.59
-2114.40 -2051.59
-2117.71 -2051.59
-2057.36 -2051.59
-2061.57 -2051.59
-2127.88 -2051.59
-2060.18 -2051.59
-2064.09 -2051.59
-2057.88 -2051.59
-2058.02 -2051.59
-2066.43 -2051.59
-2120.97 -2051.59
-2063.26 -2051.59
-2090.63 -2051.59
-2076.00 -2051.59
-2057.81 -2051.59
-2103.21 -2051.59
-2063.53 -2051.59
-2058.10 -2051.59
-2086.62 -2051.59
-2058.41 -2051.59
-2121.32 -2051.59
-2061.75 -2051.59
-2109.08 -2051.59
-2094.80 -2051.59
-2197.37 -2051.59
-2116.91 -2051.59
-2119.91 -2051.59
-2094.07 -2051.59
-2057.97 -2051.59
-2057.80 -2051.59
-2057.23 -2051.59
-2115.21 -2051.59
-2146.77 -2051.59
-2116.06 -2051.59
-2110.20 -2051.59
-2116.44 -2051.59
-2106.99 -2051.59
-2061.23 -2051.59
-2094.11 -2051.59
-2064.02 -2051.59
-2083.81 -2051.59
-2115.73 -2051.59
-2089.92 -2051.59
-2102.94 -2051.59
-2092.85 -2051.59
-2108.72 -2051.59
-2103.33 -2051.59
-2059.60 -2051.59
-2059.84 -2051.59
-2118.99 -2051.59
-2107.65 -2051.59
-2180.65 -2051.59
-2103.39 -2051.59
-2058.34 -2051.59
-2056.63 -2051.59
-2056.33 -2051.59
-2112.53 -2051.59
-2057.21 -2051.59
-2063.86 -2051.59
-2058.73 -2051.59
-2057.94 -2051.59
-2059.00 -2051.59
-2105.69 -2051.59
-2120.69 -2051.59
-2118.03 -2051.59
-2058.85 -2051.59
-2093.43 -2051.59
-2115.50 -2051.59
-2057.16 -2051.59
-2058.35 -2051.59
-2116.76 -2051.59
-2051.58 -2051.58
-2121.25 -2051.58
-2100.03 -2051.58
-2102.96 -2051.58
-2057.83 -2051.58
-2106.21 -2051.58
-2060.67 -2051.58
-2124.27 -2051.58
-2057.25 -2051.58
-2072.48 -2051.58
-2076.18 -2051.58
-2063.96 -2051.58
-2090.83 -2051.58
-2058.18 -2051.58
-2058.41 -2051.58
-2057.29 -2051.58
-2110.52 -2051.58
-2057.25 -2051.58
-2167.30 -2051.58
-2102.88 -2051.58
-2114.05 -2051.58
-2090.62 -2051.58
-2102.73 -2051.58
-2057.43 -2051.58
-2138.84 -2051.58
-2090.34 -2051.58
-2106.11 -2051.58
-2057.35 -2051.58
-2064.49 -2051.58
-2114.79 -2051.58
-2060.10 -2051.58
-2117.26 -2051.58
-2115.31 -2051.58
-2096.58 -2051.58
-2101.53 -2051.58
-2059.78 -2051.58
-2115.15 -2051.58
-2057.14 -2051.58
-2060.23 -2051.58
-2115.13 -2051.58
-2094.62 -2051.58
-2063.88 -2051.58
-2057.93 -2051.58
-2059.01 -2051.58
-2057.95 -2051.58
-2060.54 -2051.58
-2056.86 -2051.58
-2115.09 -2051.58
-2057.16 -2051.58
-2060.33 -2051.58
-2065.06 -2051.58
-2051.58 -2051.58
-2117.28 -2051.58
-2064.51 -2051.58
-2066.64 -2051.58
-2090.56 -2051.58
-2118.38 -2051.58
-2111.33 -2051.58
-2090.88 -2051.58
-2057.42 -2051.58
-2068.84 -2051.58
-2059.73 -2051.58
-2051.50 -2051.50
-2067.48 -2051.50
-2059.73 -2051.50
-2060.11 -2051.50
-2058.89 -2051.50
-2069.09 -2051.50
-2118.21 -2051.50
-2064.51 -2051.50
-2058.04 -2051.50
-2058.48 -2051.50
-2094.71 -2051.50
-2061.89 -2051.50
-2108.79 -2051.50
-2057.19 -2051.50
-2111.45 -2051.50
-2106.45 -2051.50
-2197.36 -2051.50
-2094.79 -2051.50
-2058.18 -2051.50
-2091.38 -2051.50
-2110.93 -2051.50
-2059.31 -2051.50
-2113.22 -2051.50
-2057.80 -2051.50
-2101.62 -2051.50
-2280.28 -2051.50
-2095.23 -2051.50
-2066.21 -2051.50
-2058.87 -2051.50
-2057.72 -2051.50
-2092.50 -2051.50
-2111.16 -2051.50
-2085.13 -2051.50
-2057.14 -2051.50
-2102.10 -2051.50
-2113.07 -2051.50
-2066.37 -2051.50
-2092.31 -2051.50
-2058.41 -2051.50
-2060.18 -2051.50
-2058.37 -2051.50
-2056.68 -2051.50
-2136.13 -2051.50
-2112.35 -2051.50
-2058.39 -2051.50
-2058.48 -2051.50
-2063.87 -2051.50
-2118.80 -2051.50
-2064.10 -2051.50
-2091.33 -2051.50
-2094.51 -2051.50
-2183.33 -2051.50
-2090.93 -2051.50
-2115.84 -2051.50
-2142.66 -2051.50
-2115.51 -2051.50
-2057.24 -2051.50
-2100.67 -2051.50
-2058.71 -2051.50
-2065.84 -2051.50
-2177.12 -2051.50
-2138.77 -2051.50
-2057.27 -2051.50
-2231.50 -2051.50
-2065.56 -2051.50
-2057.36 -2051.50
-2083.71 -2051.50
-2116.70 -2051.50
-2165.88 -2051.50
-2058.86 -2051.50
-2111.16 -2051.50
-2057.77 -2051.50
-2118.22 -2051.50
-2106.84 -2051.50
-2102.38 -2051.50
-2113.47 -2051.50
-2090.82 -2051.50
-2056.77 -2051.50
-2106.64 -2051.50
-2130.04 -2051.50
-2118.80 -2051.50
-2128.33 -2051.50
-2059.18 -2051.50
-2080.48 -2051.50
-2120.30 -2051.50
-2057.35 -2051.50
-2101.70 -2051.50
-2058.14 -2051.50
-2073.35 -2051.50
-3836.01 -2051.50
-3791.34 -3791.34
-3704.89 -3704.89
-3721.91 -3704.89
-3670.89 -3670.89
-3631.09 -3631.09
-3694.81 -3631.09
-3618.78 -3618.78
-3585.92 -3585.92
-3535.73 -3535.73
-3597.40 -3535.73
-3530.21 -3530.21
-3461.34 -3461.34
-3494.07 -3461.34
-3599.47 -3461.34
-3411.63 -3411.63
-3434.27 -3411.63
-3516.10 -3411.63
-3331.69 -3331.69
-3299.24 -3299.24
-3299.57 -3299.57
-3209.87 -3209.87
-3194.39 -3194.39
-3186.26 -3186.26
-3202.59 -3186.26
-3223.25 -3186.26
-3090.52 -3090.52
-3009.27 -3009.27
-2970.32 -2970.32
-3020.68 -2970.32
-3193.96 -2970.32
-3000.40 -2970.32
-3031.27 -2970.32
-3014.46 -2970.32
-3049.60 -2970.32
-2948.14 -2948.14
-3017.44 -2948.14
-2945.40 -2945.40
-2905.54 -2905.54
-2885.85 -2885.85
-2859.19 -2859.19
-2762.94 -2762.94
-2798.58 -2762.94
-2794.53 -2762.94
-2916.74 -2762.94
-2896.78 -2762.94
-2874.59 -2762.94
-2888.90 -2762.94
-2507.95 -2507.95
-2358.55 -2358.55
-2403.30 -2358.55
-2356.69 -2356.69
-2307.68 -2307.68
-2352.96 -2307.68
-2154.66 -2154.66
-2164.87 -2154.66
-2142.52 -2142.52
-2136.54 -2136.54
-2093.31 -2093.31
-2115.13 -2093.31
-2116.84 -2093.31
-2057.24 -2057.24
-2088.78 -2057.24
-2089.95 -2057.24
-2057.26 -2057.26
-2114.74 -2057.26
-2113.62 -2057.26
-2057.95 -2057.95
-2103.52 -2057.95
-2057.24 -2057.24
-2057.59 -2057.59
-2102.07 -2057.59
-2103.17 -2057.59
-2094.70 -2057.59
-2061.79 -2057.59
-2106.62 -2057.59
-2059.38 -2057.59
-2057.27 -2057.27
-2059.12 -2059.12
-2060.17 -2059.12
-2113.88 -2059.12
-2094.79 -2059.12
-2057.33 -2057.33
-2058.20 -2058.20
-2129.06 -2058.20
-2110.47 -2058.20
-2113.91 -2058.20
-2051.47 -2051.47
-2060.23 -2051.47
-2059.60 -2051.47
-2103.15 -2051.47
-2113.50 -2051.47
-2056.40 -2051.47
-2060.36 -2051.47
-2113.08 -2051.47
-2155.76 -2051.47
-2060.01 -2051.47
-2102.20 -2051.47
-2111.36 -2051.47
-2103.46 -2051.47
-2060.43 -2051.47
-2094.89 -2051.47
-2059.98 -2051.47
-2141.28 -2051.47
-2111.98 -2051.47
-2138.80 -2051.47
-2058.00 -2051.47
-2113.01 -2051.47
-2072.93 -2051.47
-2063.62 -2051.47
-2057.44 -2051.47
-2231.47 -2051.47
-2073.24 -2051.47
-2061.05 -2051.47
-2069.13 -2051.47
-2115.39 -2051.47
-2088.76 -2051.47
-2073.25 -2051.47
-2067.06 -2051.47
-2143.20 -2051.47
-2090.34 -2051.47
-2057.88 -2051.47
-2118.39 -2051.47
-2059.04 -2051.47
-2120.16 -2051.47
-2057.36 -2051.47
-2115.95 -2051.47
-2109.83 -2051.47
-2112.42 -2051.47
-2096.26 -2051.47
-2058.50 -2051.47
-2112.38 -2051.47
-2057.31 -2051.47
-2059.15 -2051.47
-2111.10 -2051.47
-2117.58 -2051.47
-2058.19 -2051.47
-2111.49 -2051.47
-2103.63 -2051.47
-2066.24 -2051.47
-2104.03 -2051.47
-2107.77 -2051.47
-2059.76 -2051.47
-2051.49 -2051.49
-2089.95 -2051.49
-2059.51 -2051.49
-2058.49 -2051.49
-2059.38 -2051.49
-2056.81 -2051.49
-2207.63 -2051.49
-2057.62 -2051.49
-2122.25 -2051.49
-2120.24 -2051.49
-2060.56 -2051.49
-2112.14 -2051.49
-2057.34 -2051.49
-2063.11 -2051.49
-2057.23 -2051.49
-2064.84 -2051.49
-2139.27 -2051.49
-2090.74 -2051.49
-2060.19 -2051.49
-2090.53 -2051.49
-2063.41 -2051.49
-2059.25 -2051.49
-2063.61 -2051.49
-2113.48 -2051.49
-2092.82 -2051.49
-2104.14 -2051.49
-2057.36 -2051.49
-2056.25 -2051.49
-2117.20 -2051.49
-2058.25 -2051.49
-2121.17 -2051.49
-2060.19 -2051.49
-2112.57 -2051.49
-2057.58 -2051.49
-2090.15 -2051.49
-2115.00 -2051.49
-2068.75 -2051.49
-2057.80 -2051.49
-2112.99 -2051.49
-2061.01 -2051.49
-2092.83 -2051.49
-2057.73 -2051.49
-2092.76 -2051.49
-2063.88 -2051.49
-2139.23 -2051.49
-2057.26 -2051.49
-2073.54 -2051.49
-2100.54 -2051.49
-2065.04 -2051.49
-2066.72 -2051.49
-2111.46 -2051.49
-2090.93 -2051.49
-2197.38 -2051.49
-2056.58 -2051.49
-2060.42 -2051.49
-2110.22 -2051.49
-2063.82 -2051.49
-2057.75 -2051.49
-2057.20 -2051.49
-2100.38 -2051.49
-2058.20 -2051.49
-2114.90 -2051.49
-2072.49 -2051.49
-2060.10 -2051.49
-2065.45 -2051.49
-2058.87 -2051.49
-2102.83 -2051.49
-2057.68 -2051.49
-2111.94 -2051.49
-2073.62 -2051.49
-2109.84 -2051.49
-2091.41 -2051.49
-2058.38 -2051.49
-2129.03 -2051.49
-2061.55 -2051.49
-2057.24 -2051.49
-2063.45 -2051.49
-2115.03 -2051.49
-2195.95 -2051.49
-2060.38 -2051.49
-2147.73 -2051.49
-2060.17 -2051.49
-2060.19 -2051.49
-2103.66 -2051.49
-2091.53 -2051.49
-2090.65 -2051.49
-2103.87 -2051.49
-2116.19 -2051.49
-2147.37 -2051.49
-2111.58 -2051.49
-2065.14 -2051.49
-2090.88 -2051.49
-2210.10 -2051.49
-2111.86 -2051.49
-2115.34 -2051.49
-2119.31 -2051.49
-2057.87 -2051.49
-2069.10 -2051.49
-2057.16 -2051.49
-2146.75 -2051.49
-2117.23 -2051.49
-2060.19 -2051.49
-2056.38 -2051.49
-2059.01 -2051.49
-2056.66 -2051.49
-2128.93 -2051.49
-2060.49 -2051.49
-2056.86 -2051.49
-2065.29 -2051.49
-2142.02 -2051.49
-2063.64 -2051.49
-2057.26 -2051.49
-2056.75 -2051.49
-2058.19 -2051.49
-2110.96 -2051.49
-2063.09 -2051.49
-2119.81 -2051.49
-2059.44 -2051.49
-2089.86 -2051.49
-2093.23 -2051.49
-2140.48 -2051.49
-2061.83 -2051.49
-2058.14 -2051.49
-2063.98 -2051.49
-2104.40 -2051.49
-2073.68 -2051.49
-2156.72 -2051.49
-2056.69 -2051.49
-2114.94 -2051.49
-2099.55 -2051.49
-2058.62 -2051.49
-2069.03 -2051.49
-2130.86 -2051.49
-2065.10 -2051.49
-2077.58 -2051.49
-2111.15 -2051.49
-2119.51 -2051.49
-2059.73 -2051.49
-2115.90 -2051.49
-2119.88 -2051.49
-2090.33 -2051.49
-2057.32 -2051.49
-2057.95 -2051.49
-2112.30 -2051.49
-2067.43 -2051.49
-2091.38 -2051.49
-2051.49 -2051.49
-2059.10 -2051.49
-2061.25 -2051.49
-2056.27 -2051.49
-2064.91 -2051.49
-2060.21 -2051.49
-2105.65 -2051.49
-2060.21 -2051.49
-2112.01 -2051.49
-2115.80 -2051.49
-2062.08 -2051.49
-2092.33 -2051.49
-2062.08 -2051.49
-2110.58 -2051.49
-2095.98 -2051.49
-2057.14 -2051.49
-2059.33 -2051.49
-2128.04 -2051.49
-2103.23 -2051.49
-2089.97 -2051.49
-2058.31 -2051.49
-2057.94 -2051.49
-2058.13 -2051.49
-2105.11 -2051.49
-2126.58 -2051.49
-2059.04 -2051.49
-2061.82 -2051.49
-2057.37 -2051.49
-2090.45 -2051.49
-2139.26 -2051.49
-2128.01 -2051.49
-2057.80 -2051.49
-2059.21 -2051.49
-2051.59 -2051.59
-2058.23 -2051.59
-2058.55 -2051.59
-2059.12 -2051.59
-2090.83 -2051.59
-2100.36 -2051.59
-2111.01 -2051.59
-2056.37 -2051.59
-2056.57 -2051.59
-2057.23 -2051.59
-2113.37 -2051.59
-2119.95 -2051.59
-2058.40 -2051.59
-2057.83 -2051.59
-2129.20 -2051.59
-2060.09 -2051.59
-2060.10 -2051.59
-2137.67 -2051.59
-2116.64 -2051.59
-2060.19 -2051.59
-2093.21 -2051.59
-2059.30 -2051.59
-2103.37 -2051.59
-2138.92 -2051.59
-2197.31 -2051.59
-2058.15 -2051.59
-2105.49 -2051.59
-2120.01 -2051.59
-2059.10 -2051.59
-2117.96 -2051.59
-2056.37 -2051.59
-2060.01 -2051.59
-2112.59 -2051.59
-2063.35 -2051.59
-2060.18 -2051.59
-2111.30 -2051.59
-2057.31 -2051.59
-2090.82 -2051.59
-2063.81 -2051.59
-2094.81 -2051.59
-2130.14 -2051.59
-2101.30 -2051.59
-2114.96 -2051.59
-2103.51 -2051.59
-2057.35 -2051.59
-2060.19 -2051.59
-2108.98 -2051.59
-2120.18 -2051.59
-2099.06 -2051.59
-2058.33 -2051.59
-2057.35 -2051.59
-2139.25 -2051.59
-2115.20 -2051.59
-2096.49 -2051.59
-2057.18 -2051.59
-2102.85 -2051.59
-2060.77 -2051.59
-2121.40 -2051.59
-2105.70 -2051.59
-2059.97 -2051.59
-2058.95 -2051.59
-2059.84 -2051.59
-2057.62 -2051.59
-2159.38 -2051.59
-2112.20 -2051.59
-2061.82 -2051.59
-2103.59 -2051.59
-2064.78 -2051.59
-2100.75 -2051.59
-2141.77 -2051.59
-2104.17 -2051.59
-2113.98 -2051.59
-2131.51 -2051.59
-2057.74 -2051.59
-2057.81 -2051.59
-2092.69 -2051.59
-2103.11 -2051.59
-2062.07 -2051.59
-2066.53 -2051.59
-2100.33 -2051.59
-2091.45 -2051.59
-2106.70 -2051.59
-2075.96 -2051.59
-2066.35 -2051.59
-2120.13 -2051.59
-2058.79 -2051.59
-2107.63 -2051.59
-2115.00 -2051.59
-2058.70 -2051.59
-2058.19 -2051.59
-2057.18 -2051.59
-2101.51 -2051.59
-2111.26 -2051.59
-2059.43 -2051.59
-3785.25 -3785.25
-3833.16 -3785.25
-3754.61 -3754.61
-3754.73 -3754.73
-3765.80 -3754.73
-3792.46 -3754.73
-3733.03 -3733.03
-3747.32 -3733.03
-3778.77 -3733.03
-3756.96 -3733.03
-3784.99 -3733.03
-3755.78 -3733.03
-3758.77 -3733.03
-3756.62 -3733.03
-3783.13 -3733.03
-3731.10 -3731.10
-3693.28 -3693.28
-3747.22 -3693.28
-3671.46 -3671.46
-3596.80 -3596.80
-3679.58 -3596.80
-3597.30 -3596.80
-3661.36 -3596.80
-3637.46 -3596.80
-3601.15 -3596.80
-3580.65 -3580.65
-3544.63 -3544.63
-3502.91 -3502.91
-3494.99 -3494.99
-3554.28 -3494.99
-3508.90 -3494.99
-3408.67 -3408.67
-3416.61 -3408.67
-3252.74 -3252.74
-3361.46 -3252.74
-3247.70 -3247.70
-3201.46 -3201.46
-3357.97 -3201.46
-3195.23 -3195.23
-3186.08 -3186.08
-3187.78 -3186.08
-3260.30 -3186.08
-3123.08 -3123.08
-3056.40 -3056.40
-3148.31 -3056.40
-3076.97 -3056.40
-2941.68 -2941.68
-3208.13 -2941.68
-2994.97 -2941.68
-2967.75 -2941.68
-2887.67 -2887.67
-2797.11 -2797.11
-2988.66 -2797.11
-2875.44 -2797.11
-2944.62 -2797.11
-2911.86 -2797.11
-2799.44 -2797.11
-2938.06 -2797.11
-2974.76 -2797.11
-2808.18 -2797.11
-2731.08 -2731.08
-2810.74 -2731.08
-2634.77 -2634.77
-2744.33 -2634.77
-2662.70 -2634.77
-2626.04 -2626.04
-2514.62 -2514.62
-2346.90 -2346.90
-2231.16 -2231.16
-2119.06 -2119.06
-2122.06 -2119.06
-2214.83 -2119.06
-2149.57 -2119.06
-2118.65 -2118.65
-2115.40 -2115.40
-2111.90 -2111.90
-2114.74 -2111.90
-2113.22 -2111.90
-2179.24 -2111.90
-2271.25 -2111.90
-2112.18 -2112.18
-2112.42 -2112.42
-2051.60 -2051.60
-2059.16 -2051.60
-2109.99 -2051.60
-2112.24 -2051.60
-2058.59 -2051.60
-2058.99 -2051.60
-2057.16 -2051.60
-2057.19 -2051.60
-2051.59 -2051.59
-2125.41 -2051.59
-2109.83 -2051.59
-2103.29 -2051.59
-2176.59 -2051.59
-2057.20 -2051.59
-2128.01 -2051.59
-2103.81 -2051.59
-2059.51 -2051.59
-2058.36 -2051.59
-2100.61 -2051.59
-2063.94 -2051.59
-2057.80 -2051.59
-2090.81 -2051.59
-2115.12 -2051.59
-2051.62 -2051.62
-2090.39 -2051.62
-2058.95 -2051.62
-2060.85 -2051.62
-2142.07 -2051.62
-2138.81 -2051.62
-2057.16 -2051.62
-2115.74 -2051.62
-2115.33 -2051.62
-2061.44 -2051.62
-2062.07 -2051.62
-2128.84 -2051.62
-2103.29 -2051.62
-2058.00 -2051.62
-2113.32 -2051.62
-2100.51 -2051.62
-2058.30 -2051.62
-2106.08 -2051.62
-2113.95 -2051.62
-2060.75 -2051.62
-2051.64 -2051.64
-2105.58 -2051.64
-2113.68 -2051.64
-2110.12 -2051.64
-2059.53 -2051.64
-2111.08 -2051.64
-2062.94 -2051.64
-2118.38 -2051.64
-2117.47 -2051.64
-2126.46 -2051.64
-2103.44 -2051.64
-2060.11 -2051.64
-2111.24 -2051.64
-2103.60 -2051.64
-2063.84 -2051.64
-2057.23 -2051.64
-2058.39 -2051.64
-2058.91 -2051.64
-2057.26 -2051.64
-2086.22 -2051.64
-2089.50 -2051.64
-2115.81 -2051.64
-2051.63 -2051.63
-2102.81 -2051.63
-2126.25 -2051.63
-2057.24 -2051.63
-2102.73 -2051.63
-2100.44 -2051.63
-2102.56 -2051.63
-2115.35 -2051.63
-2060.29 -2051.63
-2093.20 -2051.63
-2063.69 -2051.63
-2135.01 -2051.63
-2059.13 -2051.63
-2103.60 -2051.63
-2115.38 -2051.63
-2103.49 -2051.63
-2060.52 -2051.63
-2056.77 -2051.63
-2066.66 -2051.63
-2058.73 -2051.63
-2106.40 -2051.63
-2057.16 -2051.63
-2057.98 -2051.63
-2088.65 -2051.63
-2162.83 -2051.63
-2060.10 -2051.63
-2060.72 -2051.63
-2067.11 -2051.63
-2113.62 -2051.63
-2059.00 -2051.63
-2062.98 -2051.63
-2116.06 -2051.63
-2058.73 -2051.63
-2112.01 -2051.63
-2100.39 -2051.63
-2060.21 -2051.63
-2060.00 -2051.63
-2115.82 -2051.63
-2110.65 -2051.63
-2112.33 -2051.63
-2117.19 -2051.63
-2099.77 -2051.63
-2065.23 -2051.63
-2059.20 -2051.63
-2057.78 -2051.63
-2078.98 -2051.63
-2058.94 -2051.63
-2089.45 -2051.63
-2138.81 -2051.63
-2114.27 -2051.63
-2094.54 -2051.63
-2057.22 -2051.63
-2060.17 -2051.63
-2103.41 -2051.63
-2059.16 -2051.63
-2057.27 -2051.63
-2096.15 -2051.63
-2124.34 -2051.63
-2103.26 -2051.63
-2113.69 -2051.63
-2112.97 -2051.63
-2090.11 -2051.63
-2125.21 -2051.63
-2073.05 -2051.63
-2060.46 -2051.63
-2059.38 -2051.63
-2095.20 -2051.63
-2057.25 -2051.63
-2072.44 -2051.63
-2063.92 -2051.63
-2112.73 -2051.63
-2100.96 -2051.63
-2051.53 -2051.53
-2120.20 -2051.53
-2154.59 -2051.53
-2061.28 -2051.53
-2113.56 -2051.53
-2115.90 -2051.53
-2057.13 -2051.53
-2117.45 -2051.53
-2056.40 -2051.53
-2105.46 -2051.53
-2059.44 -2051.53
-2073.39 -2051.53
-2101.54 -2051.53
-2113.25 -2051.53
-2114.27 -2051.53
-2106.53 -2051.53
-2112.14 -2051.53
-2058.76 -2051.53
-2060.99 -2051.53
-2073.55 -2051.53
-2095.22 -2051.53
-2112.43 -2051.53
-2103.67 -2051.53
-2059.26 -2051.53
-2115.50 -2051.53
-2057.80 -2051.53
-2063.94 -2051.53
-2101.57 -2051.53
-2057.18 -2051.53
-2072.41 -2051.53
-2060.13 -2051.53
-2063.20 -2051.53
-2096.07 -2051.53
-2090.57 -2051.53
-2067.47 -2051.53
-2117.26 -2051.53
-2065.27 -2051.53
-2057.33 -2051.53
-2057.19 -2051.53
-2063.54 -2051.53
-2103.60 -2051.53
-2128.88 -2051.53
-2106.72 -2051.53
-2112.69 -2051.53
-2113.25 -2051.53
-2063.67 -2051.53
-2112.84 -2051.53
-2057.31 -2051.53
-2129.08 -2051.53
-2073.54 -2051.53
-2060.03 -2051.53
-2060.00 -2051.53
-2147.64 -2051.53
-2138.85 -2051.53
-2057.28 -2051.53
-2051.58 -2051.58
-2059.42 -2051.58
-2109.15 -2051.58
-2138.98 -2051.58
-2105.70 -2051.58
-2092.93 -2051.58
-2118.14 -2051.58
-2057.77 -2051.58
-2100.79 -2051.58
-2051.53 -2051.53
-2077.39 -2051.53
-2057.24 -2051.53
-2059.61 -2051.53
-2113.32 -2051.53
-2089.41 -2051.53
-2231.68 -2051.53
-2057.98 -2051.53
-2057.12 -2051.53
-2061.99 -2051.53
-2060.84 -2051.53
-2058.19 -2051.53
-2197.33 -2051.53
-2100.10 -2051.53
-2058.08 -2051.53
-2057.99 -2051.53
-2061.56 -2051.53
-2103.51 -2051.53
-2057.18 -2051.53
-2060.17 -2051.53
-2061.53 -2051.53
-2196.70 -2051.53
-2111.96 -2051.53
-2057.15 -2051.53
-2060.15 -2051.53
-2057.96 -2051.53
-2059.04 -2051.53
-2105.59 -2051.53
-2126.59 -2051.53
-2077.38 -2051.53
-2141.95 -2051.53
-2109.18 -2051.53
-2056.71 -2051.53
-2128.86 -2051.53
-2095.02 -2051.53
-2065.16 -2051.53
-2057.15 -2051.53
-2058.07 -2051.53
-2127.87 -2051.53
-2114.95 -2051.53
-2208.94 -2051.53
-2059.05 -2051.53
-2090.58 -2051.53
-2117.40 -2051.53
-2115.05 -2051.53
-2057.94 -2051.53
-2066.27 -2051.53
-2117.38 -2051.53
-2128.04 -2051.53
-2138.38 -2051.53
-2060.99 -2051.53
-2100.56 -2051.53
-2056.42 -2051.53
-2058.49 -2051.53
-2136.61 -2051.53
-2058.45 -2051.53
-2159.77 -2051.53
-2119.76 -2051.53
-2073.84 -2051.53
-2210.00 -2051.53
-2057.60 -2051.53
-2127.79 -2051.53
-2103.46 -2051.53
-2061.39 -2051.53
-2080.66 -2051.53
-2060.55 -2051.53
-2197.35 -2051.53
-2100.40 -2051.53
-2118.31 -2051.53
-2118.07 -2051.53
-2141.08 -2051.53
-2139.20 -2051.53
-2128.48 -2051.53
-2100.29 -2051.53
-2065.25 -2051.53
-2099.47 -2051.53
-2210.32 -2051.53
-2115.80 -2051.53
-2059.08 -2051.53
-2167.96 -2051.53
-2128.24 -2051.53
-2060.11 -2051.53
-2058.99 -2051.53
-2109.95 -2051.53
-2114.60 -2051.53
-2057.30 -2051.53
-2119.55 -2051.53
-2059.83 -2051.53
-2116.10 -2051.53
-2058.92 -2051.53
-2094.99 -2051.53
-2092.39 -2051.53
-2076.17 -2051.53
-2059.52 -2051.53
-2092.28 -2051.53
-2103.51 -2051.53
-2051.51 -2051.51
-2115.01 -2051.51
-2107.70 -2051.51
-2088.81 -2051.51
-2112.49 -2051.51
-2065.56 -2051.51
-2059.81 -2051.51
-2061.30 -2051.51
-2118.26 -2051.51
-2114.24 -2051.51
-2093.09 -2051.51
-2094.76 -2051.51
-2104.03 -2051.51
-2060.09 -2051.51
-2057.87 -2051.51
-2061.52 -2051.51
-2103.61 -2051.51
-2073.72 -2051.51
-2109.93 -2051.51
-2109.04 -2051.51
-2106.13 -2051.51
-2056.76 -2051.51
-2111.89 -2051.51
-2138.84 -2051.51
-2080.68 -2051.51
-2059.45 -2051.51
-2057.30 -2051.51
-2057.30 -2051.51
-2057.31 -2051.51
-2129.08 -2051.51
-2059.35 -2051.51
-2197.36 -2051.51
-2103.51 -2051.51
-2163.90 -2051.51
-2056.86 -2051.51
-2112.67 -2051.51
-2063.51 -2051.51
-3785.67 -3785.67
-3830.75 -3785.67
-3806.81 -3785.67
-3745.96 -3745.96
-3659.53 -3659.53
-3738.53 -3659.53
-3599.44 -3599.44
-3657.91 -3599.44
-3698.34 -3599.44
-3605.05 -3599.44
-3535.58 -3535.58
-3620.31 -3535.58
-3514.78 -3514.78
-3566.54 -3514.78
-3584.98 -3514.78
-3469.07 -3469.07
-3422.92 -3422.92
-3309.20 -3309.20
-3419.02 -3309.20
-3260.27 -3260.27
-3241.66 -3241.66
-3206.68 -3206.68
-3193.21 -3193.21
-3205.32 -3193.21
-3211.66 -3193.21
-3107.71 -3107.71
-3082.96 -3082.96
-3057.72 -3057.72
-2945.14 -2945.14
-2939.66 -2939.66
-3045.96 -2939.66
-2967.91 -2939.66
-3006.50 -2939.66
-2886.75 -2886.75
-2748.76 -2748.76
-2953.49 -2748.76
-2693.24 -2693.24
-2839.41 -2693.24
-2939.76 -2693.24
-2639.40 -2639.40
-2635.68 -2635.68
-2444.16 -2444.16
-2389.06 -2389.06
-2343.11 -2343.11
-2444.04 -2343.11
-2361.23 -2343.11
-2416.73 -2343.11
-2420.14 -2343.11
-2464.17 -2343.11
-2506.56 -2343.11
-2269.98 -2269.98
-2282.32 -2269.98
-2163.26 -2163.26
-2192.99 -2163.26
-2100.69 -2100.69
-2100.40 -2100.40
-2090.37 -2090.37
-2101.59 -2090.37
-2058.00 -2058.00
-2058.25 -2058.25
-2058.45 -2058.45
-2060.11 -2060.11
-2102.65 -2060.11
-2057.37 -2057.37
-2063.79 -2057.37
-2092.31 -2057.37
-2061.86 -2057.37
-2057.37 -2057.37
-2088.93 -2057.37
-2112.54 -2057.37
-2060.74 -2057.37
-2090.09 -2057.37
-2056.28 -2056.28
-2100.54 -2056.28
-2058.61 -2056.28
-2101.59 -2056.28
-2107.75 -2056.28
-2058.04 -2056.28
-2118.98 -2056.28
-2117.38 -2056.28
-2051.62 -2051.62
-2102.89 -2051.62
-2061.61 -2051.62
-2138.00 -2051.62
-2051.67 -2051.67
-2110.14 -2051.67
-2059.54 -2051.67
-2058.46 -2051.67
-2118.66 -2051.67
-2058.47 -2051.67
-2114.86 -2051.67
-2134.61 -2051.67
-2060.17 -2051.67
-2059.67 -2051.67
-2069.06 -2051.67
-2092.28 -2051.67
-2057.19 -2051.67
-2059.60 -2051.67
-2111.86 -2051.67
-2117.67 -2051.67
-2103.30 -2051.67
-2064.47 -2051.67
-2056.51 -2051.67
-2102.38 -2051.67
-2090.85 -2051.67
-2109.83 -2051.67
-2064.85 -2051.67
-2069.14 -2051.67
-2051.59 -2051.59
-2088.66 -2051.59
-2068.88 -2051.59
-2065.21 -2051.59
-2116.43 -2051.59
-2105.87 -2051.59
-2058.93 -2051.59
-2057.37 -2051.59
-2207.62 -2051.59
-2102.80 -2051.59
-2051.66 -2051.66
-2099.08 -2051.66
-2115.37 -2051.66
-2060.13 -2051.66
-2122.91 -2051.66
-2063.77 -2051.66
-2122.04 -2051.66
-2100.60 -2051.66
-2138.83 -2051.66
-2135.41 -2051.66
-2129.09 -2051.66
-2063.96 -2051.66
-2115.12 -2051.66
-2112.81 -2051.66
-2085.11 -2051.66
-2095.24 -2051.66
-2115.25 -2051.66
-2120.67 -2051.66
-2106.49 -2051.66
-2057.14 -2051.66
-2074.04 -2051.66
-2056.25 -2051.66
-2207.60 -2051.66
-2197.32 -2051.66
-2058.83 -2051.66
-2057.23 -2051.66
-2114.34 -2051.66
-2056.51 -2051.66
-2067.34 -2051.66
-2073.43 -2051.66
-2058.26 -2051.66
-2102.99 -2051.66
-2111.30 -2051.66
-2064.52 -2051.66
-2090.82 -2051.66
-2113.95 -2051.66
-2056.37 -2051.66
-2117.98 -2051.66
-2112.54 -2051.66
-2094.53 -2051.66
-2089.70 -2051.66
-2060.99 -2051.66
-2100.67 -2051.66
-2136.69 -2051.66
-2064.09 -2051.66
-2103.92 -2051.66
-2058.20 -2051.66
-2098.54 -2051.66
-2075.97 -2051.66
-2115.01 -2051.66
-2057.32 -2051.66
-2057.68 -2051.66
-2114.07 -2051.66
-2110.37 -2051.66
-2059.44 -2051.66
-2090.15 -2051.66
-2111.95 -2051.66
-2066.80 -2051.66
-2058.49 -2051.66
-2059.13 -2051.66
-2119.91 -2051.66
-2057.42 -2051.66
-2065.38 -2051.66
-2102.55 -2051.66
-2058.90 -2051.66
-2111.26 -2051.66
-2057.23 -2051.66
-2106.96 -2051.66
-2107.56 -2051.66
-2060.20 -2051.66
-2057.17 -2051.66
-2073.49 -2051.66
-2114.43 -2051.66
-2061.39 -2051.66
-2084.95 -2051.66
-2101.88 -2051.66
-2058.30 -2051.66
-2194.99 -2051.66
-2100.88 -2051.66
-2058.72 -2051.66
-2051.54 -2051.54
-2069.05 -2051.54
-2095.17 -2051.54
-2057.74 -2051.54
-2111.16 -2051.54
-2060.02 -2051.54
-2117.06 -2051.54
-2110.31 -2051.54
-2148.12 -2051.54
-2090.40 -2051.54
-2115.05 -2051.54
-2058.42 -2051.54
-2100.69 -2051.54
-2108.27 -2051.54
-2083.71 -2051.54
-2057.14 -2051.54
-2077.53 -2051.54
-2056.69 -2051.54
-2057.97 -2051.54
-2103.44 -2051.54
-2059.10 -2051.54
-2057.30 -2051.54
-2057.70 -2051.54
-2115.36 -2051.54
-2197.31 -2051.54
-2060.71 -2051.54
-2117.44 -2051.54
-2089.77 -2051.54
-2060.27 -2051.54
-2129.60 -2051.54
-2078.94 -2051.54
-2115.73 -2051.54
-2206.29 -2051.54
-2103.06 -2051.54
-2138.05 -2051.54
-2057.33 -2051.54
-2060.91 -2051.54
-2073.82 -2051.54
-2083.74 -2051.54
-2102.06 -2051.54
-2059.18 -2051.54
-2074.09 -2051.54
-2057.26 -2051.54
-2105.63 -2051.54
-2058.51 -2051.54
-2143.75 -2051.54
-2115.17 -2051.54
-2056.58 -2051.54
-2114.45 -2051.54
-2104.23 -2051.54
-2078.97 -2051.54
-2057.19 -2051.54
-2060.01 -2051.54
-2058.23 -2051.54
-2057.30 -2051.54
-2096.08 -2051.54
-2216.96 -2051.54
-2107.00 -2051.54
-2102.53 -2051.54
-2092.35 -2051.54
-2100.51 -2051.54
-2058.15 -2051.54
-2058.13 -2051.54
-2061.09 -2051.54
-2210.32 -2051.54
-2051.66 -2051.66
-2102.55 -2051.66
-2057.62 -2051.66
-2107.36 -2051.66
-2105.68 -2051.66
-2122.40 -2051.66
-2056.45 -2051.66
-2103.00 -2051.66
-2107.67 -2051.66
-2060.22 -2051.66
-2118.70 -2051.66
-2156.99 -2051.66
-2117.53 -2051.66
-2197.35 -2051.66
-2100.93 -2051.66
-2063.76 -2051.66
-2120.04 -2051.66
-2111.91 -2051.66
-2104.02 -2051.66
-2126.68 -2051.66
-2057.15 -2051.66
-2114.87 -2051.66
-2114.60 -2051.66
-2059.93 -2051.66
-2061.37 -2051.66
-2138.85 -2051.66
-2114.64 -2051.66
-2103.31 -2051.66
-2141.94 -2051.66
-2067.40 -2051.66
-2056.61 -2051.66
-2057.23 -2051.66
-2216.95 -2051.66
-2077.37 -2051.66
-2104.25 -2051.66
-2063.08 -2051.66
-2120.67 -2051.66
-2101.44 -2051.66
-2057.26 -2051.66
-2086.09 -2051.66
-2066.84 -2051.66
-2060.02 -2051.66
-2060.53 -2051.66
-2120.16 -2051.66
-2061.59 -2051.66
-2216.77 -2051.66
-2112.94 -2051.66
-2091.15 -2051.66
-2056.70 -2051.66
-2113.81 -2051.66
-2077.29 -2051.66
-2057.89 -2051.66
-2057.15 -2051.66
-2093.98 -2051.66
-2051.50 -2051.50
-2118.68 -2051.50
-2051.51 -2051.51
-2089.94 -2051.51
-2056.51 -2051.51
-2108.78 -2051.51
-2140.50 -2051.51
-2067.35 -2051.51
-2061.59 -2051.51
-2066.92 -2051.51
-2061.21 -2051.51
-2107.00 -2051.51
-2057.14 -2051.51
-2062.05 -2051.51
-2118.11 -2051.51
-2060.82 -2051.51
-2115.41 -2051.51
-2061.44 -2051.51
-2113.37 -2051.51
-2110.99 -2051.51
-2130.02 -2051.51
-2156.16 -2051.51
-2065.58 -2051.51
-2124.41 -2051.51
-2115.35 -2051.51
-2231.44 -2051.51
-2051.51 -2051.51
-2061.10 -2051.51
-2058.18 -2051.51
-2117.96 -2051.51
-2057.15 -2051.51
-2058.79 -2051.51
-2057.94 -2051.51
-2059.46 -2051.51
-2057.15 -2051.51
-2059.96 -2051.51
-2057.25 -2051.51
-2058.86 -2051.51
-2116.94 -2051.51
-2059.61 -2051.51
-2057.43 -2051.51
-2103.60 -2051.51
-2111.36 -2051.51
-2118.71 -2051.51
-2057.42 -2051.51
-2117.46 -2051.51
-2120.11 -2051.51
-2063.53 -2051.51
-2058.47 -2051.51
-2090.56 -2051.51
-2231.43 -2051.51
-2066.21 -2051.51
-2056.55 -2051.51
-2057.80 -2051.51
-2114.97 -2051.51
-2106.43 -2051.51
-2090.22 -2051.51
-2064.75 -2051.51
-2059.60 -2051.51
-2057.74 -2051.51
-2056.46 -2051.51
-2117.15 -2051.51
-2112.04 -2051.51
-2067.37 -2051.51
-2115.15 -2051.51
-2102.00 -2051.51
-2112.61 -2051.51
-2117.05 -2051.51
-2090.77 -2051.51
-2112.70 -2051.51
-2060.10 -2051.51
-2094.68 -2051.51
-2102.41 -2051.51
-2059.24 -2051.51
-2063.82 -2051.51
-2058.11 -2051.51
-2058.11 -2051.51
-2057.71 -2051.51
-2111.31 -2051.51
-2104.02 -2051.51
-2058.47 -2051.51
-2115.56 -2051.51
-2118.18 -2051.51
-2057.25 -2051.51
-2117.55 -2051.51
-2058.37 -2051.51
-2058.18 -2051.51
-2197.39 -2051.51
-2090.98 -2051.51
-2111.48 -2051.51
-2103.64 -2051.51
-2063.74 -2051.51
-2071.45 -2051.51
-2068.90 -2051.51
-2056.41 -2051.51
-2058.45 -2051.51
-2090.62 -2051.51
-2100.56 -2051.51
-2058.14 -2051.51
-3820.94 -3820.94
-3966.73 -3820.94
-3789.99 -3789.99
-3757.12 -3757.12
