-10000.00 -10000.00
-981.61 -10000.00
-966.95 -10000.00
-982.15 -10000.00
-971.19 -10000.00
-972.77 -10000.00
-948.99 -948.99
-957.94 -948.99
-952.44 -948.99
-932.88 -932.88
-926.87 -926.87
-924.30 -924.30
-902.06 -902.06
-899.87 -899.87
-877.55 -877.55
-898.71 -877.55
-848.92 -848.92
-842.58 -842.58
-840.64 -840.64
-838.06 -838.06
-822.61 -822.61
-809.71 -809.71
-803.12 -803.12
-803.34 -803.12
-779.02 -779.02
-802.13 -779.02
-805.12 -779.02
-789.51 -779.02
-813.54 -779.02
-791.31 -779.02
-764.50 -764.50
-765.10 -765.10
-791.93 -765.10
-774.97 -765.10
-753.38 -753.38
-739.94 -739.94
-767.80 -739.94
-709.40 -709.40
-696.58 -696.58
-700.31 -696.58
-742.62 -696.58
-741.04 -696.58
-694.16 -694.16
-695.78 -694.16
-697.38 -694.16
-683.43 -683.43
-691.07 -683.43
-728.75 -683.43
-670.21 -670.21
-708.11 -670.21
-657.80 -657.80
-612.06 -612.06
-646.39 -612.06
-604.38 -604.38
-587.91 -587.91
-557.83 -557.83
-595.20 -557.83
-560.06 -557.83
-540.23 -540.23
-532.58 -532.58
-530.11 -530.11
-544.78 -530.11
-530.86 -530.86
-532.75 -530.86
-519.29 -519.29
-527.65 -519.29
-533.08 -519.29
-533.95 -519.29
-526.40 -519.29
-519.12 -519.12
-519.83 -519.83
-519.36 -519.36
-520.55 -520.55
-531.50 -520.55
-531.30 -520.55
-531.33 -520.55
-530.76 -520.55
-519.39 -519.39
-517.69 -517.69
-532.81 -517.69
-533.40 -517.69
-541.83 -517.69
-519.68 -517.69
-535.81 -517.69
-519.11 -517.69
-539.69 -517.69
-520.79 -517.69
-519.25 -517.69
-530.58 -517.69
-533.04 -517.69
-540.86 -517.69
-535.87 -517.69
-529.52 -517.69
-519.45 -517.69
-532.58 -517.69
-519.46 -517.69
-519.44 -519.44
-535.97 -519.44
-527.55 -519.44
-518.96 -518.96
-533.19 -518.96
-519.86 -519.86
-530.08 -519.86
-519.46 -519.46
-523.88 -519.46
-537.21 -519.46
-520.08 -520.08
-519.53 -519.53
-519.87 -519.87
-519.43 -519.43
-532.38 -519.43
-530.81 -519.43
-519.12 -519.12
-534.07 -519.12
-520.14 -520.14
-519.23 -519.23
-536.27 -519.23
-519.68 -519.23
-535.26 -519.23
-554.47 -519.23
-520.02 -519.23
-527.75 -519.23
-519.55 -519.55
-539.64 -519.55
-521.04 -519.55
-519.23 -519.23
-534.91 -519.23
-530.27 -519.23
-530.84 -519.23
-542.13 -519.23
-533.68 -519.23
-519.88 -519.23
-527.73 -519.23
-539.82 -519.23
-519.60 -519.23
-531.81 -519.23
-519.40 -519.40
-530.77 -519.40
-533.02 -519.40
-517.69 -517.69
-519.70 -517.69
-528.15 -517.69
-530.85 -517.69
-519.94 -517.69
-519.30 -517.69
-519.95 -517.69
-533.39 -517.69
-533.07 -517.69
-527.78 -517.69
-530.83 -517.69
-519.59 -517.69
-520.77 -517.69
-530.06 -517.69
-541.34 -517.69
-519.62 -517.69
-519.13 -517.69
-519.36 -517.69
-519.27 -517.69
-537.29 -517.69
-529.03 -517.69
-519.13 -517.69
-528.01 -517.69
-530.03 -517.69
-521.39 -517.69
-532.69 -517.69
-519.87 -517.69
-519.61 -517.69
-544.76 -517.69
-520.99 -517.69
-517.69 -517.69
-532.13 -517.69
-533.74 -517.69
-520.76 -517.69
-520.66 -517.69
-522.06 -517.69
-532.97 -517.69
-530.82 -517.69
-519.15 -517.69
-533.66 -517.69
-521.64 -517.69
-528.07 -517.69
-518.87 -518.87
-532.36 -518.87
-520.30 -520.30
-519.98 -519.98
-536.53 -519.98
-520.15 -520.15
-539.09 -520.15
-519.28 -519.28
-527.97 -519.28
-532.83 -519.28
-519.57 -519.28
-529.98 -519.28
-517.69 -517.69
-533.75 -517.69
-533.33 -517.69
-521.56 -517.69
-533.73 -517.69
-533.77 -517.69
-519.40 -517.69
-540.97 -517.69
-517.70 -517.70
-538.27 -517.70
-533.05 -517.70
-530.78 -517.70
-519.25 -517.70
-533.69 -517.70
-532.12 -517.70
-533.70 -517.70
-521.48 -517.70
-519.14 -519.14
-532.70 -519.14
-519.59 -519.59
-520.73 -519.59
-530.54 -519.59
-519.26 -519.26
-519.29 -519.29
-539.72 -519.29
-519.35 -519.35
-522.12 -519.35
-519.87 -519.35
-530.29 -519.35
-530.75 -519.35
-522.04 -519.35
-539.69 -519.35
-530.05 -519.35
-534.63 -519.35
-533.25 -519.35
-533.65 -519.35
-530.90 -519.35
-532.72 -519.35
-533.70 -519.35
-519.12 -519.12
-531.36 -519.12
-519.57 -519.12
-519.42 -519.42
-554.47 -519.42
-519.32 -519.32
-519.29 -519.29
-520.62 -519.29
-517.66 -517.66
-532.61 -517.66
-532.36 -517.66
-554.49 -517.66
-526.18 -517.66
-533.42 -517.66
-530.72 -517.66
-541.95 -517.66
-520.61 -517.66
-523.21 -517.66
-532.38 -517.66
-547.76 -517.66
-521.71 -517.66
-520.73 -517.66
-517.68 -517.68
-519.76 -517.68
-546.45 -517.68
-533.64 -517.68
-532.97 -517.68
-519.13 -517.68
-532.12 -517.68
-539.39 -517.68
-521.09 -517.68
-519.65 -517.68
-519.86 -517.68
-531.62 -517.68
-529.05 -517.68
-527.59 -517.68
-519.55 -519.55
-519.09 -519.09
-528.42 -519.09
-521.39 -519.09
-546.04 -519.09
-532.99 -519.09
-530.04 -519.09
-519.26 -519.26
-519.83 -519.83
-531.85 -519.83
-519.93 -519.93
-519.09 -519.09
-533.67 -519.09
-521.04 -521.04
-521.28 -521.28
-527.23 -521.28
-519.38 -519.38
-520.95 -519.38
-523.20 -519.38
-532.19 -519.38
-517.69 -517.69
-531.29 -517.69
-519.83 -517.69
-532.87 -517.69
-536.04 -517.69
-519.84 -517.69
-530.67 -517.69
-519.39 -517.69
-519.35 -519.35
-519.24 -519.24
-519.46 -519.46
-535.17 -519.46
-527.91 -519.46
-530.58 -519.46
-519.10 -519.10
-530.14 -519.10
-529.29 -519.10
-521.43 -519.10
-518.90 -518.90
-519.33 -519.33
-524.22 -519.33
-530.30 -519.33
-544.39 -519.33
-521.30 -519.33
-520.69 -519.33
-530.82 -519.33
-530.97 -519.33
-519.51 -519.51
-524.98 -519.51
-532.91 -519.51
-530.44 -519.51
-519.41 -519.41
-519.12 -519.12
-529.89 -519.12
-519.58 -519.12
-519.12 -519.12
-519.23 -519.23
-554.46 -519.23
-536.49 -519.23
-529.69 -519.23
-530.68 -519.23
-530.13 -519.23
-531.31 -519.23
-519.43 -519.43
-532.06 -519.43
-533.71 -519.43
-519.94 -519.43
-537.21 -519.43
-539.78 -519.43
-533.24 -519.43
-527.55 -519.43
-519.99 -519.43
-519.24 -519.24
-519.13 -519.13
-540.97 -519.13
-530.06 -519.13
-519.91 -519.91
-527.96 -519.91
-526.14 -519.91
-542.60 -519.91
-531.31 -519.91
-536.09 -519.91
-544.96 -519.91
-519.84 -519.84
-534.57 -519.84
-534.32 -519.84
-534.94 -519.84
-520.56 -520.56
-530.69 -520.56
-519.14 -519.14
-534.54 -519.14
-533.36 -519.14
-519.43 -519.43
-531.81 -519.43
-520.18 -519.43
-527.32 -519.43
-534.09 -519.43
-542.78 -519.43
-526.35 -519.43
-534.82 -519.43
-517.69 -517.69
-528.04 -517.69
-526.29 -517.69
-533.25 -517.69
-519.95 -517.69
-523.89 -517.69
-521.03 -517.69
-530.75 -517.69
-540.84 -517.69
-532.81 -517.69
-520.64 -517.69
-520.18 -517.69
-527.40 -517.69
-517.67 -517.67
-528.85 -517.67
-519.40 -519.40
-531.75 -519.40
-522.94 -519.40
-520.12 -519.40
-519.63 -519.63
-517.67 -517.67
-533.18 -517.67
-519.26 -517.67
-527.49 -517.67
-531.40 -517.67
-530.99 -517.67
-519.90 -517.67
-522.94 -517.67
-537.10 -517.67
-533.16 -517.67
-532.17 -517.67
-533.56 -517.67
-519.57 -517.67
-521.45 -517.67
-531.99 -517.67
-527.58 -517.67
-528.93 -517.67
-533.65 -517.67
-529.66 -517.67
-519.30 -517.67
-520.30 -517.67
-530.53 -517.67
-526.15 -517.67
-520.31 -517.67
-533.62 -517.67
-535.27 -517.67
-530.07 -517.67
-519.85 -517.67
-527.57 -517.67
-519.67 -517.67
-953.99 -953.99
-961.02 -953.99
-962.55 -953.99
-941.43 -941.43
-930.49 -930.49
-927.18 -927.18
-920.84 -920.84
-910.46 -910.46
-922.75 -910.46
-942.22 -910.46
-899.56 -899.56
-883.27 -883.27
-856.94 -856.94
-835.90 -835.90
-829.45 -829.45
-848.00 -829.45
-834.98 -829.45
-822.12 -822.12
-805.76 -805.76
-794.90 -794.90
-815.47 -794.90
-812.41 -794.90
-798.81 -794.90
-775.33 -775.33
-767.78 -767.78
-777.22 -767.78
-731.89 -731.89
-743.99 -731.89
-705.74 -705.74
-696.59 -696.59
-692.16 -692.16
-732.33 -692.16
-689.97 -689.97
-663.39 -663.39
-638.60 -638.60
-609.64 -609.64
-632.86 -609.64
-622.79 -609.64
-607.67 -607.67
-591.90 -591.90
-591.34 -591.34
-563.42 -563.42
-578.08 -563.42
-573.11 -563.42
-619.75 -563.42
-548.37 -548.37
-556.75 -548.37
-530.02 -530.02
-545.32 -530.02
-533.64 -530.02
-530.53 -530.53
-519.58 -519.58
-533.26 -519.58
-518.88 -518.88
-532.79 -518.88
-519.80 -519.80
-530.74 -519.80
-519.11 -519.11
-519.57 -519.11
-521.18 -519.11
-519.15 -519.15
-520.74 -519.15
-528.71 -519.15
-539.69 -519.15
-533.68 -519.15
-524.24 -519.15
-519.69 -519.15
-532.83 -519.15
-536.93 -519.15
-532.93 -519.15
-524.26 -519.15
-530.51 -519.15
-535.10 -519.15
-519.41 -519.41
-533.08 -519.41
-539.78 -519.41
-519.10 -519.10
-527.09 -519.10
-530.86 -519.10
-520.56 -519.10
-519.91 -519.91
-533.01 -519.91
-524.18 -519.91
-540.48 -519.91
-561.90 -519.91
-521.51 -519.91
-519.84 -519.84
-519.69 -519.69
-520.57 -520.57
-539.72 -520.57
-518.91 -518.91
-531.68 -518.91
-519.04 -519.04
-536.69 -519.04
-519.89 -519.89
-528.58 -519.89
-533.63 -519.89
-520.26 -520.26
-520.13 -520.13
-557.42 -520.13
-532.23 -520.13
-519.10 -519.10
-519.25 -519.10
-518.98 -518.98
-519.56 -519.56
-520.05 -519.56
-519.05 -519.05
-519.36 -519.36
-523.90 -519.36
-539.70 -519.36
-519.37 -519.37
-539.80 -519.37
-533.77 -519.37
-519.11 -519.11
-529.89 -519.11
-519.42 -519.42
-531.82 -519.42
-520.23 -520.23
-519.49 -519.49
-518.98 -518.98
-519.14 -519.14
-519.87 -519.14
-520.03 -520.03
-532.21 -520.03
-519.49 -519.49
-528.89 -519.49
-519.81 -519.81
-523.21 -519.81
-518.89 -518.89
-519.63 -518.89
-519.79 -518.89
-519.11 -518.89
-532.72 -518.89
-532.91 -518.89
-531.54 -518.89
-530.69 -518.89
-528.69 -518.89
-533.16 -518.89
-519.27 -518.89
-534.97 -518.89
-519.10 -519.10
-563.08 -519.10
-528.90 -519.10
-535.63 -519.10
-530.88 -519.10
-539.78 -519.10
-533.27 -519.10
-517.71 -517.71
-530.14 -517.71
-527.73 -517.71
-539.95 -517.71
-519.09 -517.71
-520.74 -517.71
-532.10 -517.71
-519.42 -519.42
-528.69 -519.42
-517.69 -517.69
-530.74 -517.69
-520.78 -517.69
-519.16 -517.69
-520.73 -517.69
-532.49 -517.69
-530.84 -517.69
-519.74 -517.69
-532.70 -517.69
-534.33 -517.69
-537.19 -517.69
-521.69 -517.69
-533.68 -517.69
-519.40 -517.69
-519.62 -517.69
-528.52 -517.69
-532.71 -517.69
-532.33 -517.69
-519.45 -517.69
-533.68 -517.69
-519.23 -517.69
-517.71 -517.71
-533.12 -517.71
-527.12 -517.71
-519.94 -517.71
-519.28 -517.71
-532.94 -517.71
-545.76 -517.71
-527.66 -517.71
-518.92 -518.92
-519.87 -519.87
-528.54 -519.87
-519.25 -519.25
-528.03 -519.25
-521.63 -519.25
-541.84 -519.25
-518.97 -518.97
-519.03 -519.03
-532.23 -519.03
-519.28 -519.03
-519.12 -519.12
-519.39 -519.39
-534.71 -519.39
-519.11 -519.11
-519.33 -519.33
-521.09 -521.09
-532.58 -521.09
-521.19 -521.19
-537.35 -521.19
-519.26 -519.26
-523.08 -519.26
-519.34 -519.34
-527.22 -519.34
-532.24 -519.34
-531.40 -519.34
-519.14 -519.14
-530.79 -519.14
-518.93 -518.93
-530.79 -518.93
-532.88 -518.93
-519.10 -519.10
-519.61 -519.10
-523.07 -519.10
-519.61 -519.10
-519.86 -519.86
-519.96 -519.96
-537.64 -519.96
-520.96 -519.96
-519.89 -519.89
-530.81 -519.89
-521.21 -519.89
-520.07 -520.07
-548.84 -520.07
-527.94 -520.07
-534.15 -520.07
-530.29 -520.07
-529.97 -520.07
-519.60 -519.60
-531.60 -519.60
-519.71 -519.71
-533.79 -519.71
-518.92 -518.92
-519.84 -519.84
-531.56 -519.84
-533.90 -519.84
-519.61 -519.61
-532.23 -519.61
-540.16 -519.61
-535.39 -519.61
-527.32 -519.61
-519.09 -519.09
-521.53 -519.09
-520.70 -520.70
-522.12 -520.70
-520.72 -520.72
-521.73 -520.72
-534.52 -520.72
-519.88 -519.88
-532.86 -519.88
-531.22 -519.88
-521.47 -519.88
-520.13 -520.13
-519.58 -519.58
-523.11 -523.11
-519.11 -519.11
-520.97 -519.11
-530.59 -519.11
-519.25 -519.25
-534.55 -519.25
-519.13 -519.13
-528.52 -519.13
-533.69 -519.13
-517.66 -517.66
-519.11 -519.11
-543.07 -519.11
-518.99 -518.99
-520.57 -520.57
-521.65 -521.65
-532.63 -521.65
-540.42 -521.65
-522.70 -522.70
-519.62 -519.62
-518.95 -518.95
-520.27 -518.95
-519.17 -519.17
-519.21 -519.17
-533.00 -519.17
-521.50 -519.17
-528.71 -519.17
-527.06 -519.17
-520.75 -519.17
-531.56 -519.17
-519.45 -519.17
-539.78 -519.17
-528.10 -519.17
-532.56 -519.17
-519.53 -519.17
-541.93 -519.17
-519.55 -519.17
-519.80 -519.80
-519.20 -519.20
-519.58 -519.20
-517.69 -517.69
-520.84 -517.69
-519.80 -517.69
-530.84 -517.69
-520.99 -517.69
-533.72 -517.69
-519.90 -517.69
-530.43 -517.69
-532.71 -517.69
-523.86 -517.69
-535.99 -517.69
-533.66 -517.69
-521.20 -517.69
-535.79 -517.69
-554.47 -517.69
-532.66 -517.69
-519.36 -517.69
-523.89 -517.69
-519.09 -517.69
-533.25 -517.69
-519.14 -519.14
-533.78 -519.14
-517.67 -517.67
-520.57 -517.67
-530.76 -517.67
-534.71 -517.67
-533.94 -517.67
-533.05 -517.67
-539.87 -517.67
-519.41 -517.67
-521.63 -517.67
-532.95 -517.67
-534.45 -517.67
-520.58 -520.58
-521.17 -520.58
-533.94 -520.58
-520.03 -520.03
-534.31 -520.03
-540.30 -520.03
-531.32 -520.03
-522.04 -520.03
-533.88 -520.03
-519.21 -519.21
-519.17 -519.17
-519.53 -519.53
-519.69 -519.69
-534.90 -519.69
-533.79 -519.69
-519.63 -519.63
-531.56 -519.63
-530.44 -519.63
-534.91 -519.63
-519.41 -519.41
-520.78 -519.41
-520.22 -519.41
-521.00 -519.41
-530.85 -519.41
-532.56 -519.41
-519.86 -519.86
-519.82 -519.82
-527.53 -519.82
-531.59 -519.82
-521.08 -519.82
-528.57 -519.82
-519.87 -519.87
-530.74 -519.87
-529.54 -519.87
-531.08 -519.87
-531.03 -519.87
-517.69 -517.69
-529.93 -517.69
-523.27 -517.69
-530.92 -517.69
-530.88 -517.69
-519.76 -517.69
-519.36 -517.69
-536.39 -517.69
-534.53 -517.69
-519.36 -519.36
-519.30 -519.30
-559.70 -519.30
-530.79 -519.30
-532.92 -519.30
-529.56 -519.30
-520.81 -519.30
-519.65 -519.30
-534.28 -519.30
-528.53 -519.30
-530.93 -519.30
-530.04 -519.30
-530.54 -519.30
-519.28 -519.28
-520.65 -519.28
-521.45 -519.28
-530.95 -519.28
-534.63 -519.28
-518.97 -518.97
-532.10 -518.97
-573.11 -518.97
-519.53 -519.53
-518.93 -518.93
-527.56 -518.93
-529.31 -518.93
-533.10 -518.93
-533.87 -518.93
-533.73 -518.93
-519.94 -518.93
-519.53 -518.93
-531.47 -518.93
-519.11 -519.11
-519.20 -519.20
-533.13 -519.20
-539.20 -519.20
-528.16 -519.20
-519.84 -519.20
-520.79 -519.20
-537.33 -519.20
-528.72 -519.20
-960.27 -960.27
-972.51 -960.27
-972.71 -960.27
-960.76 -960.27
-971.21 -960.27
-977.40 -960.27
-947.36 -947.36
-941.71 -941.71
-962.94 -941.71
-942.18 -942.18
-948.46 -942.18
-945.57 -942.18
-938.82 -938.82
-926.31 -926.31
-910.64 -910.64
-945.94 -910.64
-910.94 -910.94
-906.03 -906.03
-923.20 -906.03
-912.09 -906.03
-942.50 -906.03
-905.89 -905.89
-906.58 -905.89
-908.79 -905.89
-906.47 -906.47
-907.08 -907.08
-896.85 -896.85
-915.00 -896.85
-919.35 -896.85
-907.38 -896.85
-886.84 -886.84
-901.56 -886.84
-880.04 -880.04
-896.33 -880.04
-875.97 -875.97
-859.36 -859.36
-884.82 -859.36
-839.56 -839.56
-818.33 -818.33
-816.53 -816.53
-785.30 -785.30
-802.70 -785.30
-807.70 -785.30
-794.61 -785.30
-773.94 -773.94
-768.37 -768.37
-796.88 -768.37
-755.88 -755.88
-774.81 -755.88
-791.53 -755.88
-766.72 -755.88
-760.70 -755.88
-739.76 -739.76
-713.07 -713.07
-704.83 -704.83
-741.85 -704.83
-656.18 -656.18
-673.75 -656.18
-675.17 -656.18
-608.88 -608.88
-631.38 -608.88
-624.33 -608.88
-593.67 -593.67
-607.36 -593.67
-620.35 -593.67
-628.15 -593.67
-573.15 -573.15
-549.39 -549.39
-592.30 -549.39
-558.76 -549.39
-542.21 -542.21
-553.27 -542.21
-555.33 -542.21
-540.11 -540.11
-583.81 -540.11
-534.99 -534.99
-551.85 -534.99
-531.45 -531.45
-551.63 -531.45
-537.39 -531.45
-559.38 -531.45
-519.66 -519.66
-539.70 -519.66
-563.08 -519.66
-517.68 -517.68
-519.86 -517.68
-529.78 -517.68
-522.09 -517.68
-535.24 -517.68
-540.56 -517.68
-519.41 -517.68
-520.78 -517.68
-519.55 -517.68
-519.09 -517.68
-520.71 -517.68
-519.68 -517.68
-519.15 -517.68
-533.67 -517.68
-532.94 -517.68
-519.12 -519.12
-530.79 -519.12
-537.26 -519.12
-519.12 -519.12
-522.71 -519.12
-519.34 -519.34
-534.45 -519.34
-527.72 -519.34
-536.02 -519.34
-531.99 -519.34
-519.55 -519.55
-519.10 -519.10
-521.62 -519.10
-521.52 -519.10
-519.83 -519.10
-536.83 -519.10
-519.62 -519.10
-529.90 -519.10
-526.12 -519.10
-533.32 -519.10
-531.38 -519.10
-519.38 -519.38
-519.63 -519.63
-532.55 -519.63
-521.63 -519.63
-519.35 -519.35
-541.60 -519.35
-534.31 -519.35
-531.35 -519.35
-518.98 -518.98
-548.37 -518.98
-519.86 -519.86
-530.03 -519.86
-519.49 -519.49
-533.22 -519.49
-520.25 -519.49
-534.54 -519.49
-519.25 -519.25
-519.16 -519.16
-533.18 -519.16
-536.52 -519.16
-518.94 -518.94
-540.66 -518.94
-519.46 -519.46
-520.34 -519.46
-519.64 -519.64
-532.90 -519.64
-530.79 -519.64
-527.00 -519.64
-533.03 -519.64
-523.33 -519.64
-517.67 -517.67
-533.52 -517.67
-520.80 -517.67
-519.32 -517.67
-531.69 -517.67
-532.99 -517.67
-536.83 -517.67
-518.90 -517.67
-523.19 -517.67
-557.64 -517.67
-533.64 -517.67
-519.43 -517.67
-522.09 -517.67
-519.70 -519.70
-532.01 -519.70
-519.90 -519.90
-528.37 -519.90
-521.02 -519.90
-519.09 -519.09
-519.10 -519.10
-519.88 -519.10
-519.41 -519.10
-518.93 -518.93
-519.45 -518.93
-519.80 -518.93
-534.19 -518.93
-523.17 -518.93
-523.16 -518.93
-519.51 -519.51
-519.40 -519.40
-533.74 -519.40
-520.71 -519.40
-536.61 -519.40
-519.10 -519.10
-520.30 -519.10
-539.71 -519.10
-519.39 -519.39
-517.66 -517.66
-523.08 -517.66
-519.66 -519.66
-519.28 -519.28
-521.57 -519.28
-519.12 -519.12
-520.57 -519.12
-519.16 -519.16
-519.09 -519.09
-525.80 -519.09
-519.15 -519.15
-531.30 -519.15
-527.38 -519.15
-521.35 -519.15
-520.78 -520.78
-532.71 -520.78
-533.62 -520.78
-519.31 -519.31
-518.89 -518.89
-549.48 -518.89
-533.90 -518.89
-533.74 -518.89
-533.54 -518.89
-533.08 -518.89
-541.79 -518.89
-538.67 -518.89
-528.67 -518.89
-533.71 -518.89
-519.54 -519.54
-519.24 -519.24
-522.06 -519.24
-520.72 -519.24
-518.92 -518.92
-518.95 -518.95
-519.86 -518.95
-519.41 -519.41
-532.09 -519.41
-522.96 -519.41
-557.62 -519.41
-519.24 -519.24
-532.47 -519.24
-527.66 -519.24
-537.45 -519.24
-530.24 -519.24
-522.13 -519.24
-533.19 -519.24
-519.30 -519.30
-529.65 -519.30
-530.82 -519.30
-521.74 -519.30
-538.00 -519.30
-519.71 -519.71
-519.30 -519.30
-530.77 -519.30
-534.87 -519.30
-519.17 -519.17
-519.56 -519.56
-519.11 -519.11
-537.28 -519.11
-537.68 -519.11
-533.07 -519.11
-519.72 -519.11
-518.90 -518.90
-530.92 -518.90
-518.95 -518.95
-532.41 -518.95
-530.68 -518.95
-519.09 -519.09
-519.24 -519.24
-532.82 -519.24
-519.10 -519.10
-534.22 -519.10
-567.22 -519.10
-528.89 -519.10
-536.97 -519.10
-519.09 -519.09
-554.47 -519.09
-539.06 -519.09
-541.87 -519.09
-519.50 -519.09
-527.36 -519.09
-520.87 -519.09
-540.26 -519.09
-522.09 -519.09
-528.84 -519.09
-535.97 -519.09
-535.65 -519.09
-529.96 -519.09
-519.51 -519.51
-541.04 -519.51
-532.89 -519.51
-519.78 -519.78
-533.29 -519.78
-519.24 -519.24
-530.84 -519.24
-533.17 -519.24
-519.41 -519.41
-522.10 -519.41
-530.33 -519.41
-537.26 -519.41
-534.58 -519.41
-536.73 -519.41
-531.92 -519.41
-530.03 -519.41
-530.89 -519.41
-532.19 -519.41
-520.04 -520.04
-533.97 -520.04
-539.27 -520.04
-520.31 -520.31
-543.81 -520.31
-530.80 -520.31
-532.59 -520.31
-536.20 -520.31
-530.92 -520.31
-542.80 -520.31
-536.93 -520.31
-519.11 -519.11
-519.37 -519.37
-517.68 -517.68
-523.25 -517.68
-536.49 -517.68
-519.82 -517.68
-519.87 -519.87
-517.70 -517.70
-530.82 -517.70
-529.02 -517.70
-527.62 -517.70
-527.31 -517.70
-519.42 -517.70
-524.99 -517.70
-527.32 -517.70
-532.75 -517.70
-519.84 -517.70
-534.14 -517.70
-521.07 -517.70
-557.07 -517.70
-533.86 -517.70
-532.70 -517.70
-521.46 -517.70
-520.13 -517.70
-519.11 -517.70
-524.22 -517.70
-519.82 -517.70
-527.58 -517.70
-517.69 -517.69
-530.08 -517.69
-517.69 -517.69
-532.64 -517.69
-519.31 -519.31
-519.78 -519.78
-530.05 -519.78
-520.57 -519.78
-530.77 -519.78
-530.26 -519.78
-531.79 -519.78
-519.49 -519.49
-532.36 -519.49
-530.87 -519.49
-537.15 -519.49
-527.57 -519.49
-533.63 -519.49
-519.21 -519.21
-534.93 -519.21
-519.11 -519.11
-542.08 -519.11
-527.12 -519.11
-518.94 -518.94
-527.53 -518.94
-527.00 -518.94
-519.29 -519.29
-520.25 -519.29
-534.88 -519.29
-519.09 -519.09
-533.33 -519.09
-533.01 -519.09
-527.41 -519.09
-519.32 -519.32
-530.82 -519.32
-519.25 -519.25
-533.12 -519.25
-530.44 -519.25
-532.26 -519.25
-539.78 -519.25
-535.28 -519.25
-523.27 -519.25
-519.60 -519.60
-527.85 -519.60
-540.46 -519.60
-519.84 -519.84
-534.56 -519.84
-531.33 -519.84
-519.24 -519.24
-530.77 -519.24
-519.70 -519.24
-520.68 -519.24
-519.35 -519.35
-519.12 -519.12
-519.40 -519.40
-519.23 -519.23
-519.96 -519.23
-520.26 -519.23
-530.50 -519.23
-519.92 -519.23
-532.50 -519.23
-520.00 -519.23
-519.45 -519.45
-519.25 -519.25
-536.89 -519.25
-519.14 -519.14
-530.93 -519.14
-531.40 -519.14
-533.78 -519.14
-519.84 -519.84
-519.86 -519.86
-540.63 -519.86
-519.12 -519.12
-519.09 -519.09
-530.78 -519.09
-530.07 -519.09
-530.83 -519.09
-519.12 -519.12
-519.27 -519.27
-520.71 -519.27
-519.10 -519.10
-517.67 -517.67
-538.11 -517.67
-534.35 -517.67
-530.93 -517.67
-977.04 -517.67
-933.92 -933.92
-930.04 -930.04
-926.74 -926.74
-943.22 -926.74
-924.68 -924.68
-907.59 -907.59
-881.03 -881.03
-849.91 -849.91
-856.96 -849.91
-849.88 -849.88
-861.26 -849.88
-841.06 -841.06
-835.08 -835.08
-835.67 -835.08
-877.25 -835.08
-818.44 -818.44
-826.04 -818.44
-841.99 -818.44
-813.98 -813.98
-802.87 -802.87
-802.97 -802.97
-809.69 -802.97
-806.38 -802.97
-786.72 -786.72
-777.23 -777.23
-760.69 -760.69
-767.44 -760.69
-740.37 -740.37
-747.57 -740.37
-712.99 -712.99
-704.38 -704.38
-743.86 -704.38
-673.97 -673.97
-629.04 -629.04
-670.28 -629.04
-593.02 -593.02
-537.69 -537.69
-534.06 -534.06
-529.99 -529.99
-533.42 -529.99
-519.37 -519.37
-519.69 -519.37
-519.66 -519.66
-530.88 -519.66
-532.72 -519.66
-520.23 -519.66
-520.01 -520.01
-519.43 -519.43
-526.10 -519.43
-519.11 -519.11
-531.44 -519.11
-534.18 -519.11
-537.14 -519.11
-529.54 -519.11
-539.79 -519.11
-533.31 -519.11
-532.57 -519.11
-536.32 -519.11
-528.67 -519.11
-519.52 -519.11
-534.66 -519.11
-534.46 -519.11
-524.98 -519.11
-535.69 -519.11
-535.17 -519.11
-518.87 -518.87
-540.03 -518.87
-526.52 -518.87
-519.91 -518.87
-530.91 -518.87
-519.86 -519.86
-530.84 -519.86
-533.04 -519.86
-531.72 -519.86
-532.69 -519.86
-532.57 -519.86
-563.09 -519.86
-539.85 -519.86
-519.26 -519.26
-527.51 -519.26
-519.09 -519.09
-521.22 -519.09
-536.07 -519.09
-531.65 -519.09
-519.53 -519.53
-534.49 -519.53
-533.15 -519.53
-517.67 -517.67
-519.10 -517.67
-534.63 -517.67
-531.83 -517.67
-519.26 -517.67
-541.80 -517.67
-519.10 -519.10
-528.94 -519.10
-519.09 -519.09
-530.57 -519.09
-538.13 -519.09
-531.58 -519.09
-540.43 -519.09
-519.11 -519.11
-533.70 -519.11
-532.98 -519.11
-519.10 -519.10
-535.00 -519.10
-554.48 -519.10
-521.63 -519.10
-530.68 -519.10
-534.50 -519.10
-519.10 -519.10
-533.29 -519.10
-520.20 -519.10
-536.23 -519.10
-519.84 -519.10
-519.76 -519.76
-535.26 -519.76
-534.21 -519.76
-519.11 -519.11
-532.08 -519.11
-530.02 -519.11
-536.98 -519.11
-519.84 -519.84
-521.65 -519.84
-519.43 -519.43
-531.36 -519.43
-533.10 -519.43
-530.81 -519.43
-532.92 -519.43
-518.89 -518.89
-520.11 -518.89
-530.28 -518.89
-533.41 -518.89
-534.53 -518.89
-528.58 -518.89
-519.65 -518.89
-537.24 -518.89
-530.71 -518.89
-519.23 -519.23
-535.79 -519.23
-519.09 -519.09
-536.58 -519.09
-530.43 -519.09
-536.19 -519.09
-530.61 -519.09
-520.94 -519.09
-519.12 -519.12
-519.21 -519.21
-519.86 -519.21
-519.10 -519.10
-527.32 -519.10
-531.67 -519.10
-519.65 -519.10
-529.91 -519.10
-519.51 -519.51
-523.31 -519.51
-533.95 -519.51
-522.03 -519.51
-519.11 -519.11
-535.57 -519.11
-519.64 -519.64
-519.43 -519.43
-518.91 -518.91
-520.19 -518.91
-530.64 -518.91
-529.37 -518.91
-519.25 -519.25
-532.80 -519.25
-534.97 -519.25
-521.06 -519.25
-519.29 -519.29
-527.51 -519.29
-522.12 -519.29
-519.57 -519.57
-519.86 -519.86
-533.71 -519.86
-523.27 -519.86
-532.52 -519.86
-519.24 -519.24
-521.01 -519.24
-534.99 -519.24
-547.40 -519.24
-539.73 -519.24
-519.54 -519.54
-523.16 -519.54
-518.90 -518.90
-519.43 -519.43
-530.12 -519.43
-533.29 -519.43
-519.73 -519.43
-533.65 -519.43
-533.02 -519.43
-517.67 -517.67
-519.17 -519.17
-534.53 -519.17
-532.18 -519.17
-519.53 -519.53
-563.25 -519.53
-522.07 -519.53
-530.70 -519.53
-535.20 -519.53
-536.64 -519.53
-519.75 -519.75
-532.11 -519.75
-533.06 -519.75
-532.42 -519.75
-523.28 -519.75
-527.36 -519.75
-520.75 -520.75
-519.10 -519.10
-523.20 -519.10
-533.80 -519.10
-517.68 -517.68
-527.61 -517.68
-533.88 -517.68
-532.18 -517.68
-530.03 -517.68
-534.96 -517.68
-518.90 -517.68
-528.38 -517.68
-534.33 -517.68
-519.61 -517.68
-533.56 -517.68
-519.31 -517.68
-519.24 -517.68
-530.54 -517.68
-532.77 -517.68
-540.53 -517.68
-519.55 -517.68
-519.23 -517.68
-540.55 -517.68
-519.38 -517.68
-519.51 -517.68
-519.12 -517.68
-519.71 -517.68
-519.43 -517.68
-520.30 -517.68
-519.00 -519.00
-521.51 -519.00
-519.30 -519.30
-520.69 -519.30
-532.94 -519.30
-521.21 -519.30
-535.22 -519.30
-523.32 -519.30
-527.52 -519.30
-531.30 -519.30
-532.76 -519.30
-519.43 -519.43
-523.17 -519.43
-519.28 -519.28
-533.90 -519.28
-520.80 -519.28
-529.67 -519.28
-519.86 -519.28
-530.39 -519.28
-532.91 -519.28
-530.93 -519.28
-519.88 -519.28
-519.54 -519.54
-520.56 -519.54
-519.41 -519.41
-540.15 -519.41
-531.32 -519.41
-541.72 -519.41
-536.11 -519.41
-530.85 -519.41
-523.15 -519.41
-519.69 -519.41
-530.09 -519.41
-520.08 -519.41
-530.98 -519.41
-538.98 -519.41
-519.10 -519.10
-521.31 -519.10
-530.68 -519.10
-532.56 -519.10
-519.09 -519.09
-519.68 -519.68
-534.89 -519.68
-534.40 -519.68
-527.78 -519.68
-532.60 -519.68
-524.98 -519.68
-530.82 -519.68
-533.28 -519.68
-518.97 -518.97
-519.24 -519.24
-534.28 -519.24
-530.29 -519.24
-530.13 -519.24
-519.24 -519.24
-520.13 -519.24
-519.28 -519.28
-527.06 -519.28
-530.97 -519.28
-534.62 -519.28
-533.46 -519.28
-519.92 -519.92
-557.36 -519.92
-530.70 -519.92
-527.54 -519.92
-519.09 -519.09
-535.84 -519.09
-523.26 -519.09
-531.25 -519.09
-534.57 -519.09
-519.86 -519.09
-519.38 -519.09
-519.11 -519.11
-519.15 -519.15
-533.49 -519.15
-536.76 -519.15
-530.85 -519.15
-520.56 -520.56
-532.13 -520.56
-520.34 -520.34
-519.84 -519.84
-536.27 -519.84
-519.09 -519.09
-520.22 -520.22
-519.60 -519.60
-523.83 -519.60
-526.17 -519.60
-519.86 -519.86
-530.47 -519.86
-518.93 -518.93
-527.96 -518.93
-520.85 -518.93
-519.87 -518.93
-519.33 -518.93
-533.64 -518.93
-519.28 -518.93
-530.17 -518.93
-536.53 -518.93
-520.09 -518.93
-533.33 -518.93
-529.98 -518.93
-530.07 -518.93
-535.27 -518.93
-532.37 -518.93
-519.30 -519.30
-530.88 -519.30
-537.30 -519.30
-519.56 -519.30
-527.37 -519.30
-526.11 -519.30
-527.39 -519.30
-519.68 -519.68
-534.89 -519.68
-527.56 -519.68
-533.06 -519.68
-519.30 -519.30
-534.57 -519.30
-519.09 -519.09
-533.73 -519.09
-530.31 -519.09
-523.08 -519.09
-519.45 -519.09
-519.09 -519.09
-530.03 -519.09
-519.61 -519.09
-521.52 -519.09
-517.67 -517.67
-533.45 -517.67
-519.23 -517.67
-548.95 -517.67
-539.47 -517.67
-520.75 -517.67
-529.65 -517.67
-519.84 -517.67
-527.26 -517.67
-519.91 -517.67
-533.55 -517.67
-518.90 -517.67
-519.83 -517.67
-527.94 -517.67
-519.14 -517.67
-519.10 -517.67
-519.25 -517.67
-526.12 -517.67
-535.83 -517.67
-528.55 -517.67
-544.24 -517.67
-519.25 -517.67
-533.72 -517.67
-532.68 -517.67
-517.69 -517.69
-519.87 -517.69
-519.57 -517.69
-532.47 -517.69
-532.74 -517.69
-519.27 -519.27
-529.78 -519.27
-519.04 -519.04
-521.73 -519.04
-519.65 -519.65
-532.51 -519.65
-553.47 -519.65
-534.30 -519.65
-519.41 -519.41
-532.97 -519.41
-521.46 -519.41
-531.30 -519.41
-521.07 -519.41
-519.13 -519.13
-536.23 -519.13
-519.17 -519.17
-521.32 -521.32
-520.77 -520.77
-519.77 -519.77
-519.16 -519.16
-517.66 -517.66
-521.32 -517.66
-520.70 -517.66
-532.36 -517.66
-960.86 -960.86
-947.79 -947.79
-942.37 -942.37
-945.85 -942.37
-964.36 -942.37
-937.90 -937.90
-946.11 -937.90
-955.92 -937.90
-932.00 -932.00
-941.58 -932.00
-948.43 -932.00
-938.07 -932.00
-951.74 -932.00
-927.88 -927.88
-923.23 -923.23
-924.07 -923.23
-912.32 -912.32
-910.42 -910.42
-932.22 -910.42
-908.73 -908.73
-905.76 -905.76
-894.51 -894.51
-899.58 -894.51
-880.28 -880.28
-899.42 -880.28
-879.42 -879.42
-906.92 -879.42
-881.14 -879.42
-895.75 -879.42
-886.72 -879.42
-896.90 -879.42
-878.77 -878.77
-866.74 -866.74
-847.54 -847.54
-873.54 -847.54
-849.93 -847.54
-818.59 -818.59
-819.35 -818.59
-802.90 -802.90
-797.75 -797.75
-819.06 -797.75
-778.84 -778.84
-773.11 -773.11
-737.98 -737.98
-716.13 -716.13
-700.77 -700.77
-666.48 -666.48
-658.11 -658.11
-629.82 -629.82
-659.92 -629.82
-626.58 -626.58
-601.64 -601.64
-594.30 -594.30
-605.58 -594.30
-595.02 -595.02
-619.71 -595.02
-607.67 -595.02
-597.83 -595.02
-608.34 -595.02
-591.50 -591.50
-591.04 -591.04
-591.05 -591.05
-594.40 -591.05
-590.18 -590.18
-597.93 -590.18
-618.74 -590.18
-591.27 -590.18
-616.29 -590.18
-592.83 -590.18
-617.98 -590.18
-621.90 -590.18
-643.55 -590.18
-553.77 -553.77
-610.35 -553.77
-583.24 -553.77
-530.45 -530.45
-529.97 -529.97
-533.18 -529.97
-534.51 -529.97
-519.61 -519.61
-519.41 -519.41
-528.05 -519.41
-529.68 -519.41
-519.86 -519.86
-519.38 -519.38
-518.86 -518.86
-523.31 -518.86
-519.02 -519.02
-530.89 -519.02
-519.09 -519.09
-533.88 -519.09
-519.86 -519.86
-519.87 -519.87
-532.78 -519.87
-519.21 -519.21
-537.12 -519.21
-530.74 -519.21
-519.28 -519.28
-519.61 -519.28
-523.32 -519.28
-530.82 -519.28
-519.00 -519.00
-539.69 -519.00
-520.59 -520.59
-532.59 -520.59
-528.38 -520.59
-520.56 -520.56
-532.46 -520.56
-539.04 -520.56
-519.92 -519.92
-519.82 -519.82
-533.56 -519.82
-539.37 -519.82
-519.38 -519.38
-519.95 -519.95
-520.81 -520.81
-519.39 -519.39
-528.01 -519.39
-530.23 -519.39
-533.84 -519.39
-532.39 -519.39
-518.87 -518.87
-521.35 -518.87
-521.71 -518.87
-533.75 -518.87
-539.93 -518.87
-520.59 -518.87
-530.13 -518.87
-533.26 -518.87
-527.99 -518.87
-519.35 -519.35
-520.21 -519.35
-520.05 -520.05
-519.64 -519.64
-540.45 -519.64
-523.33 -519.64
-519.53 -519.53
-527.57 -519.53
-519.28 -519.28
-519.55 -519.55
-532.23 -519.55
-520.18 -520.18
-517.70 -517.70
-530.10 -517.70
-540.95 -517.70
-539.71 -517.70
-544.47 -517.70
-519.29 -517.70
-542.79 -517.70
-526.12 -517.70
-532.49 -517.70
-530.98 -517.70
-539.89 -517.70
-519.15 -517.70
-527.37 -517.70
-533.55 -517.70
-519.66 -517.70
-520.06 -517.70
-538.48 -517.70
-532.17 -517.70
-519.02 -517.70
-524.61 -517.70
-548.32 -517.70
-530.04 -517.70
-533.41 -517.70
-534.30 -517.70
-518.90 -517.70
-523.87 -517.70
-532.61 -517.70
-520.16 -517.70
-534.27 -517.70
-519.58 -519.58
-519.13 -519.13
-533.12 -519.13
-534.66 -519.13
-519.31 -519.31
-530.84 -519.31
-532.03 -519.31
-519.10 -519.10
-519.94 -519.10
-519.58 -519.58
-520.82 -519.58
-541.93 -519.58
-530.51 -519.58
-537.50 -519.58
-519.41 -519.41
-531.06 -519.41
-519.55 -519.55
-519.29 -519.29
-534.65 -519.29
-528.27 -519.29
-530.13 -519.29
-522.70 -519.29
-519.58 -519.29
-519.91 -519.91
-519.61 -519.61
-530.78 -519.61
-532.83 -519.61
-519.84 -519.84
-533.00 -519.84
-523.29 -519.84
-534.19 -519.84
-532.13 -519.84
-519.11 -519.11
-519.88 -519.11
-519.64 -519.64
-519.12 -519.12
-519.51 -519.51
-533.72 -519.51
-534.53 -519.51
-523.22 -519.51
-531.51 -519.51
-519.26 -519.26
-535.04 -519.26
-519.81 -519.81
-519.11 -519.11
-533.68 -519.11
-518.90 -518.90
-554.47 -518.90
-518.92 -518.92
-537.21 -518.92
-530.79 -518.92
-531.91 -518.92
-531.39 -518.92
-522.70 -518.92
-532.15 -518.92
-537.86 -518.92
-519.10 -519.10
-524.18 -519.10
-533.80 -519.10
-534.24 -519.10
-523.32 -519.10
-534.30 -519.10
-532.52 -519.10
-535.10 -519.10
-527.40 -519.10
-540.55 -519.10
-525.02 -519.10
-530.54 -519.10
-536.03 -519.10
-530.78 -519.10
-519.13 -519.13
-532.93 -519.13
-520.75 -519.13
-533.53 -519.13
-533.25 -519.13
-540.28 -519.13
-532.43 -519.13
-519.12 -519.12
-541.28 -519.12
-519.93 -519.12
-519.68 -519.12
-521.51 -519.12
-526.30 -519.12
-528.68 -519.12
-532.26 -519.12
-519.17 -519.17
-521.59 -519.17
-517.70 -517.70
-519.86 -517.70
-519.17 -517.70
-528.71 -517.70
-519.11 -519.11
-525.02 -519.11
-534.72 -519.11
-534.99 -519.11
-534.34 -519.11
-526.36 -519.11
-532.35 -519.11
-517.66 -517.66
-536.03 -517.66
-519.77 -517.66
-527.73 -517.66
-534.51 -517.66
-519.58 -517.66
-527.33 -517.66
-539.72 -517.66
-539.75 -517.66
-530.10 -517.66
-537.24 -517.66
-520.04 -517.66
-520.96 -517.66
-529.58 -517.66
-521.07 -517.66
-534.47 -517.66
-531.31 -517.66
-531.43 -517.66
-519.10 -519.10
-528.90 -519.10
-519.86 -519.10
-519.24 -519.24
-521.70 -519.24
-519.84 -519.84
-531.35 -519.84
-519.10 -519.10
-523.28 -519.10
-519.21 -519.21
-530.24 -519.21
-519.67 -519.67
-517.67 -517.67
-521.62 -517.67
-519.55 -517.67
-522.07 -517.67
-520.56 -517.67
-539.89 -517.67
-534.19 -517.67
-559.42 -517.67
-529.99 -517.67
-531.67 -517.67
-557.06 -517.67
-530.48 -517.67
-533.73 -517.67
-519.12 -517.67
-519.09 -517.67
-519.24 -517.67
-519.50 -517.67
-519.28 -517.67
-528.16 -517.67
-533.27 -517.67
-528.58 -517.67
-540.45 -517.67
-519.34 -517.67
-521.10 -517.67
-530.86 -517.67
-527.12 -517.67
-519.58 -517.67
-527.11 -517.67
-518.86 -517.67
-519.58 -517.67
-519.10 -519.10
-530.41 -519.10
-539.69 -519.10
-520.84 -520.84
-520.32 -520.32
-519.96 -519.96
-554.30 -519.96
-532.30 -519.96
-520.80 -519.96
-519.95 -519.95
-519.64 -519.64
-520.62 -519.64
-521.10 -519.64
-533.34 -519.64
-540.95 -519.64
-527.12 -519.64
-519.54 -519.54
-519.81 -519.54
-520.19 -520.19
-527.12 -520.19
-519.12 -519.12
-519.85 -519.12
-530.13 -519.12
-519.49 -519.12
-520.03 -519.12
-520.13 -520.13
-532.71 -520.13
-519.55 -519.55
-519.12 -519.12
-519.25 -519.25
-519.78 -519.25
-519.51 -519.51
-527.85 -519.51
-521.18 -519.51
-532.74 -519.51
-527.11 -519.51
-520.78 -520.78
-521.30 -520.78
-519.12 -519.12
-519.32 -519.32
-530.48 -519.32
-522.05 -519.32
-532.24 -519.32
-533.43 -519.32
-554.46 -519.32
-519.79 -519.79
-519.12 -519.12
-527.37 -519.12
-519.68 -519.68
-523.85 -519.68
-541.60 -519.68
-519.45 -519.45
-519.12 -519.12
-528.71 -519.12
-519.41 -519.41
-530.48 -519.41
-535.12 -519.41
-520.14 -519.41
-519.10 -519.10
-519.86 -519.10
-519.84 -519.84
-519.05 -519.05
-519.21 -519.05
-533.72 -519.05
-519.84 -519.84
-530.05 -519.84
-527.89 -519.84
-535.28 -519.84
-517.67 -517.67
-519.86 -517.67
-528.52 -517.67
-519.39 -517.67
-535.00 -517.67
-534.34 -517.67
-520.02 -517.67
-530.08 -517.67
-519.13 -517.67
-544.15 -517.67
-531.80 -517.67
-519.32 -517.67
-534.91 -517.67
-517.70 -517.70
-527.59 -517.70
-530.29 -517.70
-525.72 -517.70
-528.36 -517.70
-527.74 -517.70
-983.77 -517.70
-954.27 -954.27
-938.72 -938.72
-948.03 -938.72
-956.07 -938.72
-924.26 -924.26
-887.67 -887.67
-865.23 -865.23
-884.10 -865.23
-859.11 -859.11
-870.99 -859.11
-858.55 -858.55
-847.04 -847.04
-848.62 -848.62
-862.66 -848.62
-834.11 -834.11
-828.46 -828.46
-774.27 -774.27
-750.51 -750.51
-751.17 -751.17
-726.12 -726.12
-693.62 -693.62
-696.98 -693.62
-695.82 -693.62
-669.28 -669.28
-664.89 -664.89
-668.72 -664.89
-697.99 -664.89
-696.20 -664.89
-668.86 -664.89
-632.94 -632.94
-661.03 -632.94
-633.56 -632.94
-614.78 -614.78
-672.61 -614.78
-646.88 -614.78
-638.61 -614.78
-632.47 -614.78
-595.10 -595.10
-601.66 -595.10
-589.47 -589.47
-589.66 -589.47
-553.20 -553.20
-588.13 -553.20
-589.55 -553.20
-582.22 -553.20
-587.69 -553.20
-551.77 -551.77
-544.33 -544.33
-571.62 -544.33
-594.42 -544.33
-578.66 -544.33
-552.22 -544.33
-533.89 -533.89
-529.66 -529.66
-547.16 -529.66
-533.65 -529.66
-533.74 -529.66
-534.71 -529.66
-534.53 -529.66
-521.60 -521.60
-527.95 -521.60
-519.59 -519.59
-531.21 -519.59
-521.21 -519.59
-519.15 -519.15
-519.49 -519.49
-520.27 -519.49
-519.33 -519.33
-531.31 -519.33
-519.28 -519.28
-530.03 -519.28
-530.63 -519.28
-541.92 -519.28
-527.49 -519.28
-526.11 -519.28
-530.51 -519.28
-537.08 -519.28
-527.58 -519.28
-519.97 -519.28
-520.95 -520.95
-530.99 -520.95
-536.10 -520.95
-519.65 -519.65
-540.45 -519.65
-530.82 -519.65
-530.05 -519.65
-519.42 -519.42
-518.98 -518.98
-527.42 -518.98
-521.65 -518.98
-519.46 -519.46
-519.60 -519.60
-530.12 -519.60
-539.69 -519.60
-519.28 -519.28
-537.10 -519.28
-519.09 -519.09
-527.37 -519.09
-528.03 -519.09
-523.06 -519.09
-544.36 -519.09
-523.14 -519.09
-533.08 -519.09
-520.87 -519.09
-519.40 -519.09
-519.56 -519.09
-520.66 -520.66
-519.09 -519.09
-519.15 -519.15
-519.30 -519.30
-520.30 -520.30
-519.88 -519.88
-535.14 -519.88
-519.80 -519.80
-529.97 -519.80
-522.95 -519.80
-519.68 -519.68
-521.05 -519.68
-520.23 -519.68
-523.22 -519.68
-536.57 -519.68
-519.38 -519.38
-520.16 -520.16
-520.27 -520.27
-531.31 -520.27
-527.57 -520.27
-534.99 -520.27
-525.81 -520.27
-533.34 -520.27
-534.86 -520.27
-557.16 -520.27
-541.76 -520.27
-541.77 -520.27
-532.76 -520.27
-521.56 -520.27
-536.92 -520.27
-546.95 -520.27
-521.02 -521.02
-530.58 -521.02
-555.27 -521.02
-531.58 -521.02
-520.73 -520.73
-520.31 -520.31
-520.27 -520.27
-533.05 -520.27
-539.68 -520.27
-545.73 -520.27
-527.96 -520.27
-530.66 -520.27
-519.56 -519.56
-519.78 -519.78
-530.88 -519.78
-519.41 -519.41
-519.87 -519.41
-519.55 -519.55
-519.78 -519.78
-519.69 -519.69
-527.78 -519.69
-521.21 -519.69
-519.53 -519.53
-520.79 -519.53
-519.24 -519.24
-530.16 -519.24
-522.07 -519.24
-519.98 -519.98
-529.82 -519.98
-531.90 -519.98
-535.59 -519.98
-530.87 -519.98
-532.80 -519.98
-541.73 -519.98
-519.81 -519.81
-519.83 -519.83
-530.10 -519.83
-521.59 -519.83
-534.59 -519.83
-519.06 -519.06
-534.27 -519.06
-519.23 -519.23
-520.07 -519.23
-519.52 -519.52
-519.86 -519.86
-532.94 -519.86
-539.60 -519.86
-519.32 -519.32
-532.00 -519.32
-519.67 -519.32
-523.10 -519.32
-519.59 -519.59
-520.57 -519.59
-536.97 -519.59
-532.10 -519.59
-533.40 -519.59
-545.14 -519.59
-519.29 -519.29
-519.24 -519.24
-520.11 -520.11
-519.95 -519.95
-531.42 -519.95
-533.23 -519.95
-536.93 -519.95
-542.04 -519.95
-533.66 -519.95
-530.75 -519.95
-519.84 -519.84
-519.13 -519.13
-520.63 -519.13
-527.42 -519.13
-531.66 -519.13
-533.43 -519.13
-534.23 -519.13
-523.90 -519.13
-519.29 -519.29
-534.36 -519.29
-520.01 -520.01
-530.46 -520.01
-527.62 -520.01
-524.25 -520.01
-533.96 -520.01
-519.26 -519.26
-519.45 -519.45
-532.44 -519.45
-530.70 -519.45
-539.70 -519.45
-519.32 -519.32
-519.15 -519.15
-522.95 -519.15
-529.95 -519.15
-519.31 -519.15
-527.81 -519.15
-554.48 -519.15
-534.02 -519.15
-535.97 -519.15
-542.02 -519.15
-519.25 -519.25
-534.16 -519.25
-530.79 -519.25
-519.52 -519.52
-517.67 -517.67
-519.36 -517.67
-531.48 -517.67
-519.26 -519.26
-530.06 -519.26
-528.67 -519.26
-537.13 -519.26
-535.37 -519.26
-519.33 -519.33
-527.09 -519.33
-520.73 -520.73
-519.69 -519.69
-521.31 -519.69
-528.52 -519.69
-530.76 -519.69
-519.86 -519.86
-542.14 -519.86
-530.53 -519.86
-549.29 -519.86
-528.58 -519.86
-537.32 -519.86
-533.37 -519.86
-522.09 -519.86
-519.60 -519.60
-539.71 -519.60
-532.19 -519.60
-532.97 -519.60
-520.14 -520.14
-519.52 -519.52
-530.30 -519.52
-536.84 -519.52
-535.20 -519.52
-540.84 -519.52
-519.90 -519.90
-519.36 -519.36
-519.87 -519.36
-519.60 -519.60
-530.17 -519.60
-532.93 -519.60
-530.95 -519.60
-527.44 -519.60
-533.67 -519.60
-520.70 -519.60
-520.16 -520.16
-519.28 -519.28
-519.38 -519.38
-520.85 -519.38
-520.12 -520.12
-528.02 -520.12
-539.61 -520.12
-519.67 -519.67
-519.24 -519.24
-520.27 -519.24
-534.52 -519.24
-519.09 -519.09
-530.63 -519.09
-518.90 -518.90
-534.33 -518.90
-519.29 -518.90
-531.87 -518.90
-521.48 -518.90
-530.00 -518.90
-519.63 -519.63
-533.19 -519.63
-519.14 -519.14
-519.24 -519.24
-522.95 -519.24
-536.62 -519.24
-519.59 -519.59
-519.04 -519.04
-520.68 -520.68
-547.22 -520.68
-533.67 -520.68
-519.24 -519.24
-519.34 -519.34
-538.32 -519.34
-519.23 -519.23
-532.12 -519.23
-536.12 -519.23
-521.64 -521.64
-519.14 -519.14
-536.27 -519.14
-532.73 -519.14
-539.69 -519.14
-531.52 -519.14
-533.69 -519.14
-530.74 -519.14
-539.13 -519.14
-519.20 -519.20
-530.64 -519.20
-519.03 -519.03
-519.09 -519.09
-519.27 -519.09
-523.15 -519.09
-532.59 -519.09
-517.70 -517.70
-539.69 -517.70
-519.29 -517.70
-519.61 -517.70
-533.55 -517.70
-519.10 -517.70
-532.62 -517.70
-531.15 -517.70
-531.85 -517.70
-530.85 -517.70
-530.50 -517.70
-530.57 -517.70
-519.14 -519.14
-535.00 -519.14
-525.01 -519.14
-563.09 -519.14
-520.87 -520.87
-528.46 -520.87
-534.65 -520.87
-519.10 -519.10
-520.30 -519.10
-519.86 -519.86
-519.33 -519.33
-519.27 -519.27
-518.98 -518.98
-535.30 -518.98
-519.13 -519.13
-540.43 -519.13
-527.51 -519.13
-519.14 -519.14
-533.79 -519.14
-519.41 -519.41
-519.12 -519.12
-523.13 -519.12
-525.02 -519.12
-539.07 -519.12
-533.83 -519.12
-519.84 -519.84
-541.88 -519.84
-518.97 -518.97
-530.69 -518.97
-519.38 -519.38
-533.56 -519.38
-519.83 -519.38
-533.68 -519.38
-533.48 -519.38
-544.98 -519.38
-559.37 -519.38
-535.63 -519.38
-522.13 -519.38
-537.05 -519.38
-519.53 -519.53
-525.81 -519.53
-521.16 -521.16
-531.30 -521.16
-519.84 -519.84
-521.71 -519.84
-521.28 -519.84
-519.60 -519.60
-535.92 -519.60
-519.31 -519.31
-519.99 -519.99
-520.29 -519.99
-528.38 -519.99
-536.42 -519.99
-542.41 -519.99
-519.67 -519.67
-519.36 -519.36
-523.20 -519.36
-530.44 -519.36
-519.84 -519.36
-519.10 -519.10
-521.65 -519.10
-532.90 -519.10
-523.43 -519.10
-532.64 -519.10
-530.85 -519.10
-523.91 -519.10
-530.29 -519.10
-519.84 -519.10
-519.84 -519.10
-531.45 -519.10
-966.36 -966.36
-967.91 -966.36
-950.02 -950.02
-979.23 -950.02
-947.56 -947.56
-966.71 -947.56
-947.32 -947.32
-957.58 -947.32
-958.65 -947.32
-933.57 -933.57
-943.15 -933.57
-910.26 -910.26
-899.56 -899.56
-899.84 -899.84
-899.50 -899.50
-907.32 -899.50
-885.48 -885.48
-897.10 -885.48
-899.03 -885.48
-871.63 -871.63
-887.03 -871.63
-870.71 -870.71
-882.70 -870.71
-832.23 -832.23
-817.86 -817.86
-816.00 -816.00
-822.69 -816.00
-829.44 -816.00
-812.37 -812.37
-823.06 -812.37
-797.67 -797.67
-785.41 -785.41
-768.96 -768.96
-755.20 -755.20
-795.05 -755.20
-809.18 -755.20
-738.55 -738.55
-762.49 -738.55
-699.69 -699.69
-683.00 -683.00
-691.65 -683.00
-662.06 -662.06
-617.60 -617.60
-643.45 -617.60
-603.80 -603.80
-590.06 -590.06
-582.11 -582.11
-595.03 -582.11
-558.26 -558.26
-533.43 -533.43
-519.40 -519.40
-533.73 -519.40
-537.13 -519.40
-519.26 -519.26
-534.19 -519.26
-519.12 -519.12
-532.36 -519.12
-531.68 -519.12
-519.91 -519.12
-522.12 -519.12
-520.27 -519.12
-519.84 -519.84
-531.76 -519.84
-530.70 -519.84
-522.09 -519.84
-519.89 -519.89
-519.51 -519.51
-519.67 -519.67
-533.69 -519.67
-534.35 -519.67
-533.71 -519.67
-517.67 -517.67
-531.60 -517.67
-531.54 -517.67
-527.58 -517.67
-519.12 -517.67
-523.14 -517.67
-533.75 -517.67
-535.56 -517.67
-534.14 -517.67
-519.33 -519.33
-539.77 -519.33
-531.32 -519.33
-519.51 -519.51
-519.33 -519.33
-533.39 -519.33
-519.36 -519.36
-520.89 -520.89
-532.90 -520.89
-520.21 -520.21
-523.17 -520.21
-528.26 -520.21
-544.18 -520.21
-531.30 -520.21
-519.94 -519.94
-532.90 -519.94
-530.09 -519.94
-519.57 -519.57
-519.90 -519.90
-521.21 -519.90
-519.57 -519.57
-531.29 -519.57
-533.73 -519.57
-535.01 -519.57
-519.86 -519.57
-531.02 -519.57
-531.43 -519.57
-519.32 -519.32
-519.63 -519.63
-521.11 -519.63
-530.33 -519.63
-532.53 -519.63
-519.34 -519.34
-521.62 -519.34
-531.73 -519.34
-525.70 -519.34
-517.71 -517.71
-537.07 -517.71
-519.92 -517.71
-530.29 -517.71
-533.11 -517.71
-519.76 -517.71
-521.56 -517.71
-539.43 -517.71
-532.36 -517.71
-537.61 -517.71
-523.91 -517.71
-533.96 -517.71
-528.58 -517.71
-519.41 -517.71
-533.91 -517.71
-537.27 -517.71
-519.09 -519.09
-537.19 -519.09
-539.80 -519.09
-533.36 -519.09
-532.25 -519.09
-536.00 -519.09
-539.69 -519.09
-518.89 -518.89
-530.55 -518.89
-519.87 -518.89
-554.88 -518.89
-534.71 -518.89
-528.54 -518.89
-519.09 -519.09
-537.03 -519.09
-531.84 -519.09
-547.79 -519.09
-546.21 -519.09
-526.17 -519.09
-533.53 -519.09
-522.95 -519.09
-519.87 -519.87
-532.49 -519.87
-520.20 -520.20
-540.58 -520.20
-529.86 -520.20
-519.00 -519.00
-529.04 -519.00
-518.91 -518.91
-518.88 -518.88
-532.66 -518.88
-526.35 -518.88
-517.69 -517.69
-532.77 -517.69
-523.43 -517.69
-531.02 -517.69
-539.81 -517.69
-531.43 -517.69
-532.11 -517.69
-533.91 -517.69
-537.27 -517.69
-537.10 -517.69
-528.01 -517.69
-519.10 -517.69
-519.21 -519.21
-533.33 -519.21
-519.30 -519.30
-519.13 -519.13
-530.15 -519.13
-532.19 -519.13
-519.14 -519.14
-533.15 -519.14
-533.44 -519.14
-537.11 -519.14
-520.07 -520.07
-519.12 -519.12
-539.66 -519.12
-530.16 -519.12
-519.13 -519.13
-533.55 -519.13
-528.67 -519.13
-530.75 -519.13
-528.67 -519.13
-530.10 -519.13
-527.58 -519.13
-539.79 -519.13
-533.09 -519.13
-530.86 -519.13
-539.69 -519.13
-531.37 -519.13
-539.03 -519.13
-519.56 -519.13
-530.92 -519.13
-519.75 -519.13
-521.43 -519.13
-533.40 -519.13
-533.12 -519.13
-530.88 -519.13
-533.06 -519.13
-523.43 -519.13
-535.52 -519.13
-530.64 -519.13
-530.67 -519.13
-527.58 -519.13
-519.16 -519.16
-519.62 -519.62
-521.39 -519.62
-517.71 -517.71
-519.71 -517.71
-519.67 -517.71
-526.15 -517.71
-527.35 -517.71
-534.26 -517.71
-519.34 -517.71
-532.98 -517.71
-517.70 -517.70
-519.23 -517.70
-530.98 -517.70
-533.09 -517.70
-517.67 -517.67
-527.98 -517.67
-528.51 -517.67
-519.55 -519.55
-519.24 -519.24
-517.70 -517.70
-532.43 -517.70
-531.97 -517.70
-519.37 -517.70
-519.67 -517.70
-522.05 -517.70
-531.60 -517.70
-521.28 -517.70
-517.70 -517.70
-519.35 -517.70
-519.65 -517.70
-530.96 -517.70
-527.38 -517.70
-539.72 -517.70
-563.08 -517.70
-519.61 -517.70
-527.71 -517.70
-533.10 -517.70
-519.10 -517.70
-523.19 -517.70
-533.71 -517.70
-530.61 -517.70
-519.86 -517.70
-539.67 -517.70
-533.69 -517.70
-519.66 -517.70
-520.58 -517.70
-530.93 -517.70
-530.74 -517.70
-519.28 -517.70
-532.40 -517.70
-520.80 -517.70
-540.14 -517.70
-521.54 -517.70
-537.15 -517.70
-520.96 -517.70
-519.16 -517.70
-537.24 -517.70
-519.86 -517.70
-519.12 -517.70
-521.47 -517.70
-519.62 -517.70
-518.88 -517.70
-539.67 -517.70
-527.03 -517.70
-519.10 -519.10
-533.28 -519.10
-533.08 -519.10
-519.41 -519.41
-532.82 -519.41
-528.92 -519.41
-520.80 -519.41
-532.55 -519.41
-540.28 -519.41
-521.74 -519.41
-568.73 -519.41
-535.27 -519.41
-535.65 -519.41
-536.50 -519.41
-530.65 -519.41
-533.01 -519.41
-526.53 -519.41
-534.09 -519.41
-519.81 -519.81
-533.72 -519.81
-533.05 -519.81
-538.30 -519.81
-528.37 -519.81
-540.55 -519.81
-519.29 -519.29
-533.43 -519.29
-525.82 -519.29
-557.68 -519.29
-540.90 -519.29
-527.97 -519.29
-534.53 -519.29
-520.31 -519.29
-531.52 -519.29
-519.87 -519.87
-520.98 -519.87
-523.19 -519.87
-569.20 -519.87
-531.05 -519.87
-519.14 -519.14
-519.84 -519.14
-536.04 -519.14
-519.09 -519.09
-534.65 -519.09
-527.36 -519.09
-535.28 -519.09
-521.51 -519.09
-534.02 -519.09
-523.12 -519.09
-539.79 -519.09
-519.09 -519.09
-530.76 -519.09
-530.86 -519.09
-539.62 -519.09
-534.65 -519.09
-519.24 -519.09
-530.80 -519.09
-523.35 -519.09
-530.57 -519.09
-523.20 -519.09
-527.61 -519.09
-519.31 -519.09
-533.68 -519.09
-533.95 -519.09
-528.00 -519.09
-540.66 -519.09
-519.63 -519.09
-527.50 -519.09
-519.98 -519.98
-519.09 -519.09
-525.82 -519.09
-523.87 -519.09
-520.02 -520.02
-533.14 -520.02
-549.14 -520.02
-518.98 -518.98
-531.41 -518.98
-538.09 -518.98
-534.64 -518.98
-530.62 -518.98
-531.45 -518.98
-534.33 -518.98
-530.81 -518.98
-519.93 -518.98
-519.59 -519.59
-525.01 -519.59
-520.23 -519.59
-537.14 -519.59
-519.37 -519.37
-532.02 -519.37
-519.87 -519.37
-530.96 -519.37
-530.84 -519.37
-519.31 -519.31
-521.71 -519.31
-519.11 -519.11
-520.74 -519.11
-520.84 -520.84
-554.47 -520.84
-522.10 -520.84
-528.68 -520.84
-519.26 -519.26
-520.22 -519.26
-519.71 -519.71
-519.64 -519.64
-533.79 -519.64
-534.30 -519.64
-519.26 -519.26
-519.66 -519.66
-557.36 -519.66
-546.81 -519.66
-519.38 -519.38
-547.25 -519.38
-532.52 -519.38
-530.14 -519.38
-519.10 -519.10
-520.72 -519.10
-528.12 -519.10
-521.02 -519.10
-519.35 -519.35
-532.36 -519.35
-518.88 -518.88
-519.13 -519.13
-528.56 -519.13
-519.95 -519.13
-519.80 -519.80
-519.55 -519.55
-536.61 -519.55
-531.56 -519.55
-519.28 -519.28
-540.46 -519.28
-529.53 -519.28
-521.20 -519.28
-522.10 -519.28
-533.86 -519.28
-530.29 -519.28
-948.56 -948.56
-966.68 -948.56
-963.95 -948.56
-972.82 -948.56
-962.32 -948.56
-926.25 -926.25
-906.32 -906.32
-911.90 -906.32
-909.60 -906.32
-908.83 -906.32
-910.48 -906.32
-904.72 -904.72
-875.62 -875.62
-858.64 -858.64
-882.14 -858.64
-865.20 -858.64
-854.71 -854.71
-858.68 -854.71
-835.60 -835.60
-825.89 -825.89
-847.98 -825.89
-802.94 -802.94
-800.95 -800.95
-769.43 -769.43
-756.43 -756.43
-791.17 -756.43
-776.66 -756.43
-740.60 -740.60
-750.78 -740.60
-710.61 -710.61
-695.71 -695.71
-699.89 -695.71
-722.02 -695.71
-681.35 -681.35
-651.41 -651.41
-673.43 -651.41
-638.95 -638.95
-667.73 -638.95
-607.55 -607.55
-588.61 -588.61
-545.66 -545.66
-563.14 -545.66
-583.60 -545.66
-552.90 -545.66
-530.23 -530.23
-519.16 -519.16
-521.57 -519.16
-519.66 -519.16
-520.12 -519.16
-520.88 -519.16
-532.65 -519.16
-517.68 -517.68
-528.11 -517.68
-523.88 -517.68
-532.48 -517.68
-519.69 -517.68
-519.36 -517.68
-519.86 -519.86
-537.30 -519.86
-539.50 -519.86
-533.93 -519.86
-519.76 -519.76
-533.32 -519.76
-520.28 -520.28
-542.48 -520.28
-532.83 -520.28
-519.55 -519.55
-520.60 -519.55
-517.67 -517.67
-519.16 -517.67
-519.62 -517.67
-533.09 -517.67
-518.89 -518.89
-539.69 -518.89
-534.99 -518.89
-532.35 -518.89
-531.84 -518.89
-517.70 -517.70
-532.17 -517.70
-529.77 -517.70
-521.32 -517.70
-520.56 -517.70
-535.04 -517.70
-519.84 -517.70
-519.09 -517.70
-530.85 -517.70
-533.73 -517.70
-533.05 -517.70
-519.48 -517.70
-519.70 -517.70
-520.79 -517.70
-518.87 -517.70
-530.48 -517.70
-538.49 -517.70
-519.59 -517.70
-536.93 -517.70
-519.62 -517.70
-533.99 -517.70
-519.61 -517.70
-530.38 -517.70
-520.73 -517.70
-519.14 -517.70
-519.86 -517.70
-554.48 -517.70
-563.09 -517.70
-521.02 -517.70
-533.65 -517.70
-529.94 -517.70
-519.20 -517.70
-519.86 -517.70
-533.76 -517.70
-532.46 -517.70
-527.37 -517.70
-532.31 -517.70
-519.74 -517.70
-521.21 -517.70
-518.87 -518.87
-535.58 -518.87
-530.86 -518.87
-519.11 -519.11
-523.07 -519.11
-519.28 -519.28
-521.05 -519.28
-519.54 -519.54
-519.40 -519.40
-523.04 -519.40
-534.27 -519.40
-532.77 -519.40
-530.74 -519.40
-520.06 -519.40
-527.21 -519.40
-533.17 -519.40
-527.22 -519.40
-519.12 -519.12
-530.30 -519.12
-520.93 -519.12
-532.64 -519.12
-539.70 -519.12
-533.13 -519.12
-520.24 -520.24
-519.09 -519.09
-519.68 -519.68
-520.73 -519.68
-530.43 -519.68
-519.52 -519.52
-537.26 -519.52
-530.04 -519.52
-519.49 -519.49
-519.99 -519.99
-521.59 -519.99
-518.94 -518.94
-527.38 -518.94
-533.07 -518.94
-530.89 -518.94
-532.57 -518.94
-519.95 -518.94
-530.00 -518.94
-522.94 -518.94
-519.33 -518.94
-519.26 -519.26
-517.67 -517.67
-521.05 -517.67
-519.10 -519.10
-536.93 -519.10
-518.91 -518.91
-523.30 -518.91
-519.84 -518.91
-533.29 -518.91
-532.66 -518.91
-528.57 -518.91
-519.29 -518.91
-527.59 -518.91
-519.27 -519.27
-532.13 -519.27
-519.06 -519.06
-517.69 -517.69
-528.56 -517.69
-530.98 -517.69
-530.76 -517.69
-519.61 -517.69
-519.13 -517.69
-525.02 -517.69
-534.13 -517.69
-519.43 -517.69
-533.87 -517.69
-519.10 -517.69
-520.24 -517.69
-557.36 -517.69
-519.28 -519.28
-519.42 -519.42
-519.10 -519.10
-540.48 -519.10
-521.08 -519.10
-530.09 -519.10
-519.28 -519.28
-520.98 -519.28
-530.75 -519.28
-530.90 -519.28
-535.17 -519.28
-523.18 -519.28
-533.68 -519.28
-517.68 -517.68
-526.10 -517.68
-530.67 -517.68
-519.49 -517.68
-517.66 -517.66
-532.43 -517.66
-519.90 -517.66
-520.05 -517.66
-519.41 -517.66
-519.54 -517.66
-533.46 -517.66
-535.30 -517.66
-519.89 -517.66
-527.59 -517.66
-519.14 -517.66
-526.16 -517.66
-534.07 -517.66
-520.96 -517.66
-541.89 -517.66
-518.96 -517.66
-525.73 -517.66
-527.61 -517.66
-529.51 -517.66
-539.53 -517.66
-531.84 -517.66
-519.57 -517.66
-533.53 -517.66
-519.36 -517.66
-519.29 -517.66
-519.10 -517.66
-533.00 -517.66
-519.10 -519.10
-533.80 -519.10
-533.53 -519.10
-534.35 -519.10
-527.08 -519.10
-519.62 -519.10
-532.67 -519.10
-522.93 -519.10
-532.93 -519.10
-519.86 -519.86
-519.51 -519.51
-519.10 -519.10
-530.79 -519.10
-519.39 -519.10
-534.53 -519.10
-518.88 -518.88
-519.52 -518.88
-530.80 -518.88
-519.66 -518.88
-519.79 -519.79
-520.57 -519.79
-532.96 -519.79
-519.31 -519.31
-519.21 -519.21
-525.81 -519.21
-530.21 -519.21
-533.02 -519.21
-519.84 -519.84
-531.63 -519.84
-519.86 -519.86
-528.88 -519.86
-522.11 -519.86
-530.06 -519.86
-519.24 -519.24
-528.10 -519.24
-523.27 -519.24
-533.30 -519.24
-519.92 -519.92
-534.95 -519.92
-534.88 -519.92
-521.17 -519.92
-519.11 -519.11
-528.51 -519.11
-519.09 -519.09
-530.07 -519.09
-530.75 -519.09
-519.15 -519.15
-535.01 -519.15
-519.33 -519.15
-519.61 -519.61
-530.71 -519.61
-519.70 -519.61
-522.03 -519.61
-519.49 -519.49
-572.34 -519.49
-535.04 -519.49
-529.52 -519.49
-554.47 -519.49
-530.88 -519.49
-533.30 -519.49
-520.33 -520.33
-536.40 -520.33
-532.21 -520.33
-519.87 -519.87
-520.79 -519.87
-520.85 -519.87
-519.62 -519.62
-517.70 -517.70
-519.09 -517.70
-519.10 -517.70
-519.30 -519.30
-519.35 -519.35
-528.70 -519.35
-528.27 -519.35
-519.68 -519.68
-518.87 -518.87
-528.08 -518.87
-532.64 -518.87
-531.96 -518.87
-519.23 -519.23
-519.77 -519.77
-522.07 -522.07
-528.58 -522.07
-519.78 -519.78
-520.16 -520.16
-532.14 -520.16
-543.65 -520.16
-535.96 -520.16
-533.90 -520.16
-528.85 -520.16
-532.20 -520.16
-519.90 -519.90
-519.84 -519.84
-537.56 -519.84
-530.76 -519.84
-530.92 -519.84
-519.11 -519.11
-554.48 -519.11
-522.06 -519.11
-527.32 -519.11
-533.25 -519.11
-534.16 -519.11
-520.69 -519.11
-519.88 -519.88
-519.10 -519.10
-534.22 -519.10
-541.70 -519.10
-520.65 -519.10
-528.89 -519.10
-517.69 -517.69
-529.58 -517.69
-536.61 -517.69
-534.65 -517.69
-519.70 -517.69
-519.40 -517.69
-519.53 -517.69
-519.44 -517.69
-559.42 -517.69
-520.18 -517.69
-539.32 -517.69
-519.57 -517.69
-521.06 -517.69
-523.15 -517.69
-520.10 -517.69
-522.08 -517.69
-519.59 -517.69
-520.60 -517.69
-536.97 -517.69
-520.83 -517.69
-534.26 -517.69
-518.92 -517.69
-519.31 -517.69
-531.20 -517.69
-530.55 -517.69
-519.13 -517.69
-535.52 -517.69
-539.77 -517.69
-520.05 -520.05
-521.20 -521.20
-521.06 -521.06
-532.89 -521.06
-551.62 -521.06
-523.19 -521.06
-530.82 -521.06
-532.94 -521.06
-538.27 -521.06
-528.42 -521.06
-519.21 -519.21
-520.57 -520.57
-564.41 -520.57
-519.56 -519.56
-520.22 -520.22
-528.66 -520.22
-519.24 -519.24
-529.98 -519.24
-519.10 -519.10
-523.36 -519.10
-534.05 -519.10
-533.19 -519.10
-519.87 -519.10
-519.13 -519.13
-533.75 -519.13
-532.50 -519.13
-519.21 -519.21
-519.10 -519.10
-539.07 -519.10
-519.95 -519.95
-554.46 -519.95
-527.41 -519.95
-541.93 -519.95
-535.58 -519.95
-519.17 -519.17
-520.70 -519.17
-532.52 -519.17
-532.01 -519.17
-537.07 -519.17
-521.02 -519.17
-519.48 -519.48
-530.44 -519.48
-519.29 -519.29
-528.38 -519.29
-527.78 -519.29
-523.88 -519.29
-528.03 -519.29
-981.53 -519.29
-962.82 -962.82
-952.59 -952.59
-943.22 -943.22
-944.95 -943.22
-944.39 -943.22
-933.65 -933.65
-938.07 -933.65
-924.41 -924.41
-910.92 -910.92
-906.54 -906.54
-889.89 -889.89
-875.64 -875.64
-865.37 -865.37
-859.17 -859.17
-857.81 -857.81
-804.18 -804.18
-834.93 -804.18
-851.50 -804.18
-805.81 -804.18
-810.21 -804.18
-777.96 -777.96
-819.90 -777.96
-835.28 -777.96
-766.84 -766.84
-775.29 -766.84
-803.47 -766.84
-767.34 -767.34
-751.25 -751.25
-695.06 -695.06
-672.82 -672.82
-626.46 -626.46
-587.96 -587.96
-614.16 -587.96
-582.26 -582.26
-595.81 -582.26
-592.74 -582.26
-559.72 -559.72
-534.14 -534.14
-529.99 -529.99
-519.84 -519.84
-517.69 -517.69
-546.52 -517.69
-530.74 -517.69
-519.09 -517.69
-530.62 -517.69
-529.98 -517.69
-519.31 -519.31
-520.97 -520.97
-532.79 -520.97
-527.08 -520.97
-521.40 -521.40
-546.29 -521.40
-544.34 -521.40
-523.07 -521.40
-519.74 -519.74
-521.34 -519.74
-535.82 -519.74
-519.94 -519.94
-521.54 -519.94
-519.35 -519.35
-519.52 -519.52
-519.13 -519.13
-532.87 -519.13
-533.90 -519.13
-519.69 -519.69
-531.33 -519.69
-532.57 -519.69
-527.08 -519.69
-531.46 -519.69
-532.63 -519.69
-519.33 -519.33
-519.16 -519.16
-529.88 -519.16
-545.54 -519.16
-530.46 -519.16
-530.72 -519.16
-530.77 -519.16
-519.09 -519.09
-530.09 -519.09
-519.15 -519.15
-521.40 -519.15
-533.28 -519.15
-527.74 -519.15
-528.39 -519.15
-519.17 -519.17
-534.98 -519.17
-530.52 -519.17
-530.88 -519.17
-519.41 -519.41
-533.09 -519.41
-539.22 -519.41
-519.14 -519.14
-533.19 -519.14
-531.84 -519.14
-533.36 -519.14
-520.62 -519.14
-519.26 -519.26
-528.56 -519.26
-533.71 -519.26
-519.52 -519.52
-528.57 -519.52
-530.61 -519.52
-522.10 -519.52
-519.11 -519.11
-527.71 -519.11
-527.61 -519.11
-519.74 -519.74
-519.09 -519.09
-533.63 -519.09
-532.98 -519.09
-518.98 -518.98
-528.84 -518.98
-529.64 -518.98
-530.60 -518.98
-535.00 -518.98
-520.26 -520.26
-532.87 -520.26
-522.03 -520.26
-544.71 -520.26
-523.07 -520.26
-532.45 -520.26
-523.37 -520.26
-535.69 -520.26
-534.53 -520.26
-527.11 -520.26
-519.32 -519.32
-528.72 -519.32
-520.04 -519.32
-520.65 -519.32
-544.54 -519.32
-536.69 -519.32
-532.17 -519.32
-530.66 -519.32
-533.44 -519.32
-520.31 -519.32
-520.23 -519.32
-519.35 -519.35
-519.55 -519.55
-530.00 -519.55
-537.64 -519.55
-519.10 -519.10
-532.23 -519.10
-519.29 -519.10
-533.37 -519.10
-533.40 -519.10
-525.00 -519.10
-530.71 -519.10
-532.99 -519.10
-519.28 -519.10
-530.84 -519.10
-531.44 -519.10
-520.06 -519.10
-533.42 -519.10
-534.88 -519.10
-532.24 -519.10
-534.40 -519.10
-519.13 -519.13
-519.61 -519.13
-534.06 -519.13
-543.90 -519.13
-519.30 -519.13
-519.40 -519.40
-530.56 -519.40
-517.66 -517.66
-533.74 -517.66
-532.90 -517.66
-519.23 -517.66
-519.60 -519.60
-536.97 -519.60
-530.84 -519.60
-519.11 -519.11
-517.69 -517.69
-531.99 -517.69
-520.23 -517.69
-519.53 -517.69
-557.39 -517.69
-533.61 -517.69
-519.11 -517.69
-519.23 -517.69
-530.70 -517.69
-517.68 -517.68
-519.09 -517.68
-526.38 -517.68
-519.11 -519.11
-528.71 -519.11
-519.84 -519.84
-527.58 -519.84
-530.73 -519.84
-519.09 -519.09
-528.64 -519.09
-530.24 -519.09
-531.40 -519.09
-533.43 -519.09
-519.45 -519.09
-519.11 -519.11
-526.35 -519.11
-532.72 -519.11
-529.67 -519.11
-528.91 -519.11
-530.86 -519.11
-520.99 -519.11
-520.30 -519.11
-533.14 -519.11
-563.07 -519.11
-533.66 -519.11
-534.82 -519.11
-519.13 -519.13
-531.63 -519.13
-528.46 -519.13
-530.50 -519.13
-519.24 -519.24
-528.66 -519.24
-527.84 -519.24
-527.72 -519.24
-540.46 -519.24
-520.25 -519.24
-532.64 -519.24
-533.60 -519.24
-519.14 -519.14
-523.18 -519.14
-519.40 -519.40
-527.61 -519.40
-519.04 -519.04
-533.50 -519.04
-554.48 -519.04
-533.73 -519.04
-519.43 -519.04
-519.10 -519.10
-532.17 -519.10
-520.66 -520.66
-518.88 -518.88
-533.71 -518.88
-519.38 -519.38
-546.02 -519.38
-534.35 -519.38
-532.51 -519.38
-517.69 -517.69
-519.95 -517.69
-532.89 -517.69
-532.27 -517.69
-539.88 -517.69
-527.49 -517.69
-552.83 -517.69
-534.67 -517.69
-531.79 -517.69
-533.61 -517.69
-519.34 -517.69
-519.29 -517.69
-539.81 -517.69
-519.86 -517.69
-519.26 -517.69
-532.87 -517.69
-519.34 -519.34
-530.74 -519.34
-519.55 -519.55
-519.14 -519.14
-533.38 -519.14
-532.12 -519.14
-519.43 -519.14
-532.73 -519.14
-545.78 -519.14
-519.14 -519.14
-523.43 -519.14
-535.52 -519.14
-530.70 -519.14
-532.78 -519.14
-519.71 -519.14
-562.19 -519.14
-531.28 -519.14
-528.67 -519.14
-519.41 -519.14
-519.87 -519.87
-520.22 -520.22
-520.78 -520.22
-531.70 -520.22
-519.64 -519.64
-519.10 -519.10
-526.17 -519.10
-533.05 -519.10
-519.25 -519.25
-519.39 -519.39
-530.60 -519.39
-528.39 -519.39
-533.67 -519.39
-530.83 -519.39
-539.75 -519.39
-530.43 -519.39
-519.85 -519.85
-523.44 -519.85
-535.22 -519.85
-559.41 -519.85
-519.46 -519.46
-533.41 -519.46
-532.44 -519.46
-520.13 -519.46
-532.35 -519.46
-530.77 -519.46
-531.78 -519.46
-533.86 -519.46
-519.86 -519.46
-519.13 -519.13
-545.17 -519.13
-519.21 -519.21
-519.86 -519.21
-528.66 -519.21
-540.03 -519.21
-519.49 -519.49
-528.92 -519.49
-519.06 -519.06
-529.91 -519.06
-520.61 -520.61
-531.54 -520.61
-522.12 -522.12
-557.65 -522.12
-536.07 -522.12
-545.50 -522.12
-525.82 -522.12
-519.89 -519.89
-535.98 -519.89
-523.15 -519.89
-519.21 -519.21
-530.29 -519.21
-519.84 -519.21
-519.38 -519.38
-520.27 -520.27
-524.31 -520.27
-520.05 -520.05
-519.11 -519.11
-536.22 -519.11
-536.66 -519.11
-524.26 -519.11
-533.18 -519.11
-533.02 -519.11
-533.71 -519.11
-534.97 -519.11
-526.39 -519.11
-533.24 -519.11
-536.93 -519.11
-521.11 -519.11
-519.10 -519.10
-565.85 -519.10
-530.38 -519.10
-526.12 -519.10
-530.73 -519.10
-519.29 -519.29
-533.17 -519.29
-527.61 -519.29
-537.47 -519.29
-527.46 -519.29
-530.73 -519.29
-519.11 -519.11
-534.13 -519.11
-527.49 -519.11
-519.84 -519.11
-533.59 -519.11
-519.51 -519.51
-519.86 -519.86
-530.74 -519.86
-519.09 -519.09
-520.27 -519.09
-531.83 -519.09
-535.13 -519.09
-528.13 -519.09
-519.84 -519.84
-519.77 -519.77
-519.10 -519.10
-528.46 -519.10
-530.16 -519.10
-534.53 -519.10
-530.55 -519.10
-517.69 -517.69
-535.26 -517.69
-537.09 -517.69
-519.81 -519.81
-532.97 -519.81
-533.63 -519.81
-528.58 -519.81
-529.03 -519.81
-519.40 -519.40
-523.05 -519.40
-543.80 -519.40
-520.82 -519.40
-527.50 -519.40
-536.86 -519.40
-519.67 -519.67
-519.27 -519.27
-519.27 -519.27
-540.53 -519.27
-519.20 -519.20
-530.83 -519.20
-527.57 -519.20
-540.86 -519.20
-532.73 -519.20
-519.00 -519.00
-548.01 -519.00
-518.96 -518.96
-530.10 -518.96
-521.65 -518.96
-530.88 -518.96
-519.84 -518.96
-533.66 -518.96
-519.10 -519.10
-533.68 -519.10
-533.07 -519.10
-547.71 -519.10
-533.46 -519.10
-519.56 -519.56
-519.44 -519.44
-519.15 -519.15
-517.66 -517.66
-531.46 -517.66
-529.99 -517.66
-519.17 -519.17
-519.86 -519.86
-517.69 -517.69
-983.87 -517.69
-950.29 -950.29
-957.20 -950.29
-956.67 -950.29
-950.23 -950.23
-955.42 -950.23
-941.93 -941.93
-962.97 -941.93
-943.51 -941.93
-951.61 -941.93
-922.64 -922.64
-934.44 -922.64
-905.43 -905.43
-883.64 -883.64
-883.24 -883.24
-899.84 -883.24
-899.87 -883.24
-894.10 -883.24
-860.43 -860.43
-875.43 -860.43
-889.45 -860.43
-871.59 -860.43
-835.63 -835.63
-862.08 -835.63
-834.28 -834.28
-876.07 -834.28
-858.82 -834.28
-839.98 -834.28
-806.06 -806.06
-785.37 -785.37
-791.60 -785.37
-799.16 -785.37
-765.34 -765.34
-768.00 -765.34
-768.73 -765.34
-795.88 -765.34
-803.12 -765.34
-748.04 -748.04
-774.95 -748.04
-724.12 -724.12
-741.10 -724.12
-743.27 -724.12
-711.11 -711.11
-694.22 -694.22
-684.62 -684.62
-703.89 -684.62
-697.26 -684.62
-670.04 -670.04
-679.78 -670.04
-632.17 -632.17
-681.53 -632.17
-624.39 -624.39
-670.69 -624.39
-582.57 -582.57
-555.58 -555.58
-578.59 -555.58
-584.15 -555.58
-533.40 -533.40
-534.23 -533.40
-540.54 -533.40
-536.93 -533.40
-539.73 -533.40
-554.48 -533.40
-530.32 -530.32
-554.48 -530.32
-518.95 -518.95
-519.14 -519.14
-535.88 -519.14
-530.89 -519.14
-520.95 -519.14
-519.96 -519.96
-534.88 -519.96
-533.78 -519.96
-536.07 -519.96
-519.10 -519.10
-527.53 -519.10
-520.78 -519.10
-520.79 -520.79
-534.73 -520.79
-535.92 -520.79
-532.39 -520.79
-518.89 -518.89
-554.49 -518.89
-535.00 -518.89
-533.48 -518.89
-530.56 -518.89
-527.34 -518.89
-533.89 -518.89
-528.51 -518.89
-519.54 -518.89
-519.20 -519.20
-531.12 -519.20
-531.73 -519.20
-533.93 -519.20
-530.44 -519.20
-533.46 -519.20
-531.58 -519.20
-533.24 -519.20
-519.37 -519.37
-518.95 -518.95
-525.01 -518.95
-519.10 -519.10
-528.55 -519.10
-519.70 -519.70
-519.16 -519.16
-519.14 -519.14
-524.26 -519.14
-539.69 -519.14
-534.97 -519.14
-519.85 -519.14
-519.69 -519.69
-519.28 -519.28
-521.62 -519.28
-521.62 -519.28
-530.48 -519.28
-519.70 -519.70
-530.10 -519.70
-519.71 -519.71
-535.28 -519.71
-531.85 -519.71
-529.95 -519.71
-534.86 -519.71
-519.95 -519.95
-557.69 -519.95
-528.52 -519.95
-531.44 -519.95
-523.12 -519.95
-519.87 -519.87
-544.78 -519.87
-521.50 -521.50
-533.20 -521.50
-524.26 -521.50
-531.42 -521.50
-520.94 -520.94
-521.15 -521.15
-519.91 -519.91
-531.36 -519.91
-533.11 -519.91
-524.18 -519.91
-533.39 -519.91
-533.68 -519.91
-519.11 -519.11
-532.46 -519.11
-535.50 -519.11
-519.29 -519.29
-557.61 -519.29
-519.43 -519.43
-519.68 -519.68
-519.06 -519.06
-519.90 -519.06
-519.10 -519.10
-520.96 -519.10
-530.09 -519.10
-543.67 -519.10
-523.13 -519.10
-519.65 -519.10
-519.84 -519.10
-523.14 -519.10
-530.30 -519.10
-523.18 -519.10
-528.00 -519.10
-519.36 -519.10
-532.62 -519.10
-536.87 -519.10
-532.42 -519.10
-534.64 -519.10
-534.24 -519.10
-519.21 -519.21
-519.86 -519.86
-519.65 -519.65
-537.09 -519.65
-534.54 -519.65
-519.09 -519.09
-519.27 -519.27
-539.47 -519.27
-532.94 -519.27
-533.77 -519.27
-543.11 -519.27
-530.65 -519.27
-532.21 -519.27
-519.11 -519.11
-519.42 -519.11
-536.73 -519.11
-519.62 -519.62
-527.53 -519.62
-520.99 -520.99
-522.12 -520.99
-526.11 -520.99
-532.52 -520.99
-519.38 -519.38
-534.51 -519.38
-535.29 -519.38
-530.23 -519.38
-528.85 -519.38
-533.21 -519.38
-519.05 -519.05
-537.04 -519.05
-519.17 -519.17
-535.14 -519.17
-519.12 -519.12
-534.49 -519.12
-529.51 -519.12
-519.09 -519.09
-533.32 -519.09
-520.76 -519.09
-535.27 -519.09
-519.13 -519.13
-521.57 -519.13
-534.22 -519.13
-533.90 -519.13
-530.91 -519.13
-527.52 -519.13
-533.10 -519.13
-535.14 -519.13
-531.84 -519.13
-530.57 -519.13
-519.10 -519.10
-519.59 -519.59
-521.66 -519.59
-520.26 -520.26
-539.34 -520.26
-538.28 -520.26
-523.36 -520.26
-519.20 -519.20
-527.48 -519.20
-519.31 -519.31
-532.98 -519.31
-519.86 -519.31
-534.50 -519.31
-530.74 -519.31
-519.86 -519.31
-533.04 -519.31
-535.09 -519.31
-533.28 -519.31
-532.89 -519.31
-519.46 -519.31
-520.98 -519.31
-532.67 -519.31
-536.99 -519.31
-519.58 -519.58
-533.51 -519.58
-534.23 -519.58
-531.01 -519.58
-537.05 -519.58
-531.93 -519.58
-519.13 -519.13
-533.53 -519.13
-523.91 -519.13
-528.52 -519.13
-519.30 -519.30
-541.74 -519.30
-521.61 -519.30
-519.10 -519.10
-519.84 -519.10
-519.27 -519.10
-519.28 -519.28
-532.68 -519.28
-519.26 -519.26
-519.31 -519.31
-530.60 -519.31
-519.59 -519.59
-530.66 -519.59
-535.08 -519.59
-541.65 -519.59
-527.37 -519.59
-533.06 -519.59
-532.87 -519.59
-520.32 -520.32
-519.90 -519.90
-519.24 -519.24
-539.71 -519.24
-519.17 -519.17
-528.08 -519.17
-543.23 -519.17
-519.12 -519.12
-528.91 -519.12
-520.57 -519.12
-519.84 -519.12
-519.30 -519.30
-519.09 -519.09
-519.28 -519.28
-530.77 -519.28
-527.48 -519.28
-520.27 -519.28
-533.59 -519.28
-519.26 -519.26
-520.94 -519.26
-519.84 -519.84
-518.87 -518.87
-534.35 -518.87
-519.84 -518.87
-532.60 -518.87
-534.95 -518.87
-539.62 -518.87
-519.57 -518.87
-535.38 -518.87
-519.17 -519.17
-539.95 -519.17
-530.08 -519.17
-527.48 -519.17
-519.86 -519.17
-523.08 -519.17
-519.10 -519.10
-530.54 -519.10
-518.90 -518.90
-519.29 -519.29
-520.12 -520.12
-519.33 -519.33
-518.93 -518.93
-537.46 -518.93
-527.59 -518.93
-519.09 -519.09
-519.25 -519.25
-520.74 -519.25
-539.12 -519.25
-519.38 -519.38
-521.85 -519.38
-530.31 -519.38
-534.74 -519.38
-532.53 -519.38
-522.03 -519.38
-530.89 -519.38
-519.60 -519.60
-530.29 -519.60
-530.82 -519.60
-530.70 -519.60
-519.87 -519.60
-519.25 -519.25
-519.68 -519.68
-520.14 -519.68
-521.31 -519.68
-533.91 -519.68
-520.80 -519.68
-527.34 -519.68
-519.12 -519.12
-530.90 -519.12
-521.39 -521.39
-533.02 -521.39
-533.90 -521.39
-531.78 -521.39
-519.71 -519.71
-519.29 -519.29
-532.40 -519.29
-519.54 -519.54
-519.28 -519.28
-520.09 -519.28
-519.30 -519.30
-519.53 -519.53
-519.86 -519.53
-517.66 -517.66
-519.14 -517.66
-519.61 -519.61
-521.13 -519.61
-519.74 -519.74
-523.08 -519.74
-554.47 -519.74
-519.95 -519.74
-528.84 -519.74
-531.54 -519.74
-528.55 -519.74
-519.42 -519.42
-519.09 -519.09
-534.03 -519.09
-527.51 -519.09
-519.84 -519.09
-533.54 -519.09
-520.11 -519.09
-530.16 -519.09
-532.19 -519.09
-532.56 -519.09
-519.94 -519.09
-534.68 -519.09
-527.47 -519.09
-532.80 -519.09
-519.89 -519.09
-539.69 -519.09
-520.14 -520.14
-533.90 -520.14
-531.08 -520.14
-526.35 -520.14
-523.21 -520.14
-531.35 -520.14
-554.47 -520.14
-532.38 -520.14
-532.23 -520.14
-520.73 -520.14
-519.15 -519.15
-519.12 -519.12
-527.61 -519.12
-527.49 -519.12
-520.00 -519.12
-532.81 -519.12
-519.30 -519.30
-519.11 -519.11
-533.00 -519.11
-530.84 -519.11
-519.35 -519.35
-530.54 -519.35
-531.80 -519.35
-519.29 -519.29
-522.13 -519.29
-546.97 -519.29
-530.56 -519.29
-518.96 -518.96
-535.27 -518.96
-533.72 -518.96
-519.10 -519.10
-531.81 -519.10
-535.02 -519.10
-535.19 -519.10
-527.37 -519.10
-519.13 -519.13
-531.12 -519.13
-518.91 -518.91
-519.86 -518.91
-519.70 -519.70
-968.40 -519.70
-972.57 -519.70
-937.27 -937.27
-920.49 -920.49
