-10000.00 -10000.00
-1013.58 -10000.00
-993.95 -993.95
-1003.66 -993.95
-993.86 -993.86
-977.82 -977.82
-989.02 -977.82
-950.61 -950.61
-961.01 -950.61
-950.45 -950.45
-925.03 -925.03
-904.97 -904.97
-920.25 -904.97
-908.86 -904.97
-900.65 -900.65
-913.93 -900.65
-870.07 -870.07
-844.51 -844.51
-834.52 -834.52
-813.06 -813.06
-795.39 -795.39
-804.92 -795.39
-845.61 -795.39
-784.33 -784.33
-787.71 -784.33
-809.96 -784.33
-792.00 -784.33
-794.32 -784.33
-814.08 -784.33
-778.18 -778.18
-787.66 -778.18
-779.41 -778.18
-739.18 -739.18
-731.17 -731.17
-778.17 -731.17
-757.35 -731.17
-726.80 -726.80
-779.28 -726.80
-722.37 -722.37
-714.79 -714.79
-707.05 -707.05
-730.44 -707.05
-714.59 -707.05
-744.58 -707.05
-694.57 -694.57
-688.13 -688.13
-659.35 -659.35
-658.31 -658.31
-671.24 -658.31
-704.73 -658.31
-663.07 -658.31
-635.37 -635.37
-645.18 -635.37
-645.72 -635.37
-624.41 -624.41
-581.86 -581.86
-563.16 -563.16
-560.55 -560.55
-560.38 -560.38
-605.69 -560.38
-561.55 -561.55
-564.88 -561.55
-570.21 -561.55
-559.79 -559.79
-585.25 -559.79
-556.94 -556.94
-551.47 -551.47
-558.88 -551.47
-558.76 -551.47
-563.08 -551.47
-558.10 -551.47
-544.62 -544.62
-553.16 -544.62
-544.76 -544.76
-544.55 -544.55
-560.26 -544.55
-545.35 -544.55
-565.44 -544.55
-566.78 -544.55
-546.29 -544.55
-559.57 -544.55
-545.14 -544.55
-546.71 -544.55
-546.27 -544.55
-545.55 -544.55
-544.58 -544.58
-545.16 -544.58
-563.57 -544.58
-544.60 -544.60
-557.54 -544.60
-558.72 -544.60
-553.60 -544.60
-576.55 -544.60
-566.17 -544.60
-554.32 -544.60
-544.85 -544.85
-556.65 -544.85
-545.15 -545.15
-559.73 -545.15
-559.35 -545.15
-563.36 -545.15
-545.61 -545.61
-546.50 -546.50
-559.59 -546.50
-563.58 -546.50
-560.08 -546.50
-563.29 -546.50
-558.84 -546.50
-559.09 -546.50
-556.90 -546.50
-544.80 -544.80
-559.62 -544.80
-545.19 -544.80
-559.56 -544.80
-544.82 -544.82
-548.75 -544.82
-546.36 -544.82
-556.67 -544.82
-543.06 -543.06
-545.43 -543.06
-553.25 -543.06
-556.66 -543.06
-553.87 -543.06
-544.87 -543.06
-545.35 -543.06
-559.85 -543.06
-581.66 -543.06
-544.34 -543.06
-548.79 -543.06
-557.49 -543.06
-556.57 -543.06
-553.82 -543.06
-544.66 -543.06
-560.70 -543.06
-553.34 -543.06
-546.23 -543.06
-544.99 -543.06
-559.65 -543.06
-559.16 -543.06
-578.84 -543.06
-556.71 -543.06
-545.13 -543.06
-554.48 -543.06
-553.40 -543.06
-544.60 -543.06
-554.89 -543.06
-544.55 -543.06
-560.65 -543.06
-553.39 -543.06
-553.42 -543.06
-559.23 -543.06
-545.21 -545.21
-563.15 -545.21
-562.11 -545.21
-559.02 -545.21
-543.05 -543.05
-556.63 -543.05
-545.34 -543.05
-548.56 -543.05
-554.02 -543.05
-557.87 -543.05
-558.89 -543.05
-544.72 -543.05
-556.41 -543.05
-545.05 -543.05
-545.01 -543.05
-560.72 -543.05
-545.75 -543.05
-560.06 -543.05
-544.45 -543.05
-558.88 -543.05
-545.26 -543.05
-553.34 -543.05
-553.91 -543.05
-544.33 -544.33
-561.52 -544.33
-556.94 -544.33
-560.02 -544.33
-556.24 -544.33
-563.21 -544.33
-545.51 -544.33
-548.89 -544.33
-546.38 -544.33
-564.34 -544.33
-560.55 -544.33
-547.01 -544.33
-547.29 -547.29
-560.08 -547.29
-544.89 -544.89
-546.53 -544.89
-590.68 -544.89
-565.78 -544.89
-555.98 -544.89
-553.26 -544.89
-545.16 -545.16
-544.54 -544.54
-545.32 -545.32
-544.73 -544.73
-557.51 -544.73
-545.41 -545.41
-545.13 -545.13
-544.66 -544.66
-556.89 -544.66
-559.12 -544.66
-557.53 -544.66
-556.62 -544.66
-545.10 -544.66
-553.37 -544.66
-558.30 -544.66
-546.30 -544.66
-545.00 -544.66
-543.07 -543.07
-554.51 -543.07
-545.18 -543.07
-553.16 -543.07
-545.76 -543.07
-559.95 -543.07
-581.65 -543.07
-544.55 -544.55
-544.54 -544.54
-544.81 -544.54
-547.68 -544.54
-545.07 -545.07
-546.95 -546.95
-544.97 -544.97
-545.67 -545.67
-548.69 -545.67
-553.29 -545.67
-558.37 -545.67
-549.91 -545.67
-547.43 -545.67
-544.74 -544.74
-548.89 -544.74
-547.72 -544.74
-546.08 -544.74
-544.56 -544.56
-550.77 -544.56
-544.86 -544.56
-556.92 -544.56
-546.08 -544.56
-544.58 -544.58
-545.07 -545.07
-559.86 -545.07
-544.55 -544.55
-559.09 -544.55
-560.40 -544.55
-565.35 -544.55
-546.15 -544.55
-545.18 -544.55
-554.36 -544.55
-544.81 -544.81
-544.37 -544.37
-559.49 -544.37
-546.37 -544.37
-566.14 -544.37
-545.36 -544.37
-556.90 -544.37
-558.74 -544.37
-545.46 -544.37
-559.57 -544.37
-545.27 -545.27
-545.75 -545.75
-544.79 -544.79
-547.22 -544.79
-545.04 -545.04
-544.60 -544.60
-548.85 -544.60
-550.74 -544.60
-548.88 -544.60
-558.45 -544.60
-547.26 -544.60
-545.57 -545.57
-557.41 -545.57
-544.70 -544.70
-544.42 -544.42
-545.47 -545.47
-545.32 -545.32
-559.19 -545.32
-544.93 -544.93
-563.30 -544.93
-561.03 -544.93
-545.32 -545.32
-560.49 -545.32
-544.86 -544.86
-553.85 -544.86
-557.76 -544.86
-545.03 -545.03
-545.38 -545.03
-556.78 -545.03
-544.56 -544.56
-559.39 -544.56
-544.56 -544.56
-544.58 -544.58
-556.74 -544.58
-544.44 -544.44
-559.38 -544.44
-555.60 -544.44
-553.40 -544.44
-561.12 -544.44
-566.13 -544.44
-555.95 -544.44
-545.35 -544.44
-560.66 -544.44
-560.70 -544.44
-562.24 -544.44
-546.08 -544.44
-544.50 -544.44
-556.41 -544.44
-558.57 -544.44
-557.94 -544.44
-563.31 -544.44
-545.35 -544.44
-561.96 -544.44
-544.40 -544.40
-545.34 -545.34
-552.16 -545.34
-555.22 -545.34
-561.17 -545.34
-544.85 -544.85
-544.56 -544.56
-557.43 -544.56
-558.44 -544.56
-544.31 -544.31
-554.45 -544.31
-559.85 -544.31
-546.14 -546.14
-544.66 -544.66
-544.74 -544.74
-556.57 -544.74
-547.10 -544.74
-544.82 -544.74
-562.86 -544.74
-544.75 -544.75
-554.28 -544.75
-561.73 -544.75
-558.49 -544.75
-550.77 -544.75
-561.51 -544.75
-566.27 -544.75
-560.41 -544.75
-563.37 -544.75
-556.76 -544.75
-554.51 -544.75
-553.73 -544.75
-544.66 -544.66
-546.32 -544.66
-544.55 -544.55
-553.41 -544.55
-550.74 -544.55
-559.44 -544.55
-586.84 -544.55
-557.72 -544.55
-556.56 -544.55
-558.36 -544.55
-543.07 -543.07
-555.63 -543.07
-544.75 -543.07
-559.61 -543.07
-566.16 -543.07
-545.18 -545.18
-545.19 -545.19
-544.70 -544.70
-559.94 -544.70
-545.17 -545.17
-559.82 -545.17
-556.90 -545.17
-545.03 -545.03
-544.71 -544.71
-547.65 -544.71
-578.42 -544.71
-558.08 -544.71
-544.54 -544.54
-545.18 -544.54
-544.35 -544.35
-556.93 -544.35
-560.62 -544.35
-544.36 -544.36
-561.23 -544.36
-544.54 -544.54
-544.57 -544.57
-559.25 -544.57
-546.32 -544.57
-557.36 -544.57
-558.52 -544.57
-544.59 -544.59
-547.07 -544.59
-546.26 -544.59
-543.04 -543.04
-547.73 -543.04
-546.18 -543.04
-560.23 -543.04
-556.30 -543.04
-544.58 -543.04
-556.44 -543.04
-559.80 -543.04
-559.05 -543.04
-553.70 -543.04
-554.42 -543.04
-554.63 -543.04
-545.56 -543.04
-556.44 -543.04
-544.54 -543.04
-559.11 -543.04
-554.48 -543.04
-545.03 -545.03
-544.70 -544.70
-553.25 -544.70
-560.72 -544.70
-544.54 -544.54
-546.27 -546.27
-565.81 -546.27
-551.95 -546.27
-548.96 -546.27
-546.33 -546.33
-563.49 -546.33
-547.05 -546.33
-553.92 -546.33
-554.48 -546.33
-979.12 -979.12
-989.68 -979.12
-1000.97 -979.12
-968.92 -968.92
-970.14 -968.92
-967.80 -967.80
-950.18 -950.18
-956.03 -950.18
-967.04 -950.18
-915.12 -915.12
-922.13 -915.12
-892.11 -892.11
-882.23 -882.23
-904.68 -882.23
-849.04 -849.04
-825.36 -825.36
-830.24 -825.36
-827.96 -825.36
-844.59 -825.36
-823.06 -823.06
-780.41 -780.41
-796.97 -780.41
-780.55 -780.55
-783.52 -780.55
-764.47 -764.47
-717.60 -717.60
-712.40 -712.40
-739.96 -712.40
-688.49 -688.49
-683.99 -683.99
-677.78 -677.78
-708.36 -677.78
-676.11 -676.11
-687.60 -676.11
-661.31 -661.31
-667.20 -661.31
-637.67 -637.67
-660.44 -637.67
-657.35 -637.67
-618.05 -618.05
-616.59 -616.59
-576.18 -576.18
-584.31 -576.18
-622.23 -576.18
-574.88 -574.88
-565.65 -565.65
-578.20 -565.65
-562.49 -562.49
-570.24 -562.49
-585.16 -562.49
-555.47 -555.47
-559.53 -555.47
-553.54 -553.54
-562.95 -553.54
-570.25 -553.54
-556.89 -553.54
-559.04 -553.54
-561.31 -553.54
-584.97 -553.54
-556.80 -553.54
-566.24 -553.54
-568.97 -553.54
-559.44 -553.54
-559.41 -553.54
-559.32 -553.54
-562.18 -553.54
-544.33 -544.33
-544.55 -544.55
-548.84 -544.55
-546.25 -546.25
-545.51 -545.51
-559.43 -545.51
-556.87 -545.51
-559.85 -545.51
-544.91 -544.91
-558.20 -544.91
-561.50 -544.91
-545.67 -545.67
-557.52 -545.67
-548.73 -545.67
-559.22 -545.67
-544.54 -544.54
-558.79 -544.54
-553.88 -544.54
-545.74 -544.54
-546.62 -546.62
-558.33 -546.62
-557.34 -546.62
-545.82 -545.82
-559.08 -545.82
-572.89 -545.82
-553.35 -545.82
-546.50 -546.50
-553.98 -546.50
-544.55 -544.55
-545.12 -545.12
-546.76 -545.12
-546.17 -545.12
-545.15 -545.15
-566.17 -545.15
-545.25 -545.25
-549.00 -545.25
-561.03 -545.25
-553.44 -545.25
-545.55 -545.25
-557.43 -545.25
-545.38 -545.38
-544.87 -544.87
-545.01 -545.01
-556.76 -545.01
-545.36 -545.36
-556.85 -545.36
-545.61 -545.61
-575.62 -545.61
-549.51 -545.61
-547.27 -545.61
-559.05 -545.61
-547.18 -545.61
-584.69 -545.61
-566.93 -545.61
-545.35 -545.35
-560.49 -545.35
-544.58 -544.58
-544.82 -544.82
-559.17 -544.82
-544.62 -544.62
-559.18 -544.62
-584.37 -544.62
-552.84 -544.62
-553.29 -544.62
-544.66 -544.66
-543.07 -543.07
-563.59 -543.07
-544.41 -543.07
-556.86 -543.07
-558.27 -543.07
-560.46 -543.07
-560.03 -543.07
-558.14 -543.07
-590.67 -543.07
-544.89 -543.07
-545.34 -545.34
-546.38 -545.34
-545.17 -545.17
-563.51 -545.17
-556.81 -545.17
-564.38 -545.17
-546.33 -545.17
-547.14 -545.17
-544.38 -544.38
-543.07 -543.07
-544.66 -543.07
-558.48 -543.07
-559.59 -543.07
-545.12 -543.07
-564.67 -543.07
-545.01 -545.01
-568.42 -545.01
-544.58 -544.58
-544.87 -544.87
-568.11 -544.87
-545.84 -544.87
-545.32 -544.87
-544.84 -544.84
-553.18 -544.84
-545.19 -545.19
-558.86 -545.19
-559.49 -545.19
-544.55 -544.55
-546.17 -544.55
-558.73 -544.55
-559.91 -544.55
-560.00 -544.55
-545.02 -545.02
-584.36 -545.02
-584.69 -545.02
-554.96 -545.02
-559.45 -545.02
-544.59 -544.59
-560.61 -544.59
-556.78 -544.59
-560.39 -544.59
-545.34 -544.59
-545.34 -545.34
-544.76 -544.76
-544.56 -544.56
-558.87 -544.56
-566.16 -544.56
-559.82 -544.56
-546.13 -546.13
-554.43 -546.13
-554.43 -546.13
-549.88 -546.13
-561.17 -546.13
-567.12 -546.13
-560.81 -546.13
-554.30 -546.13
-560.07 -546.13
-545.30 -545.30
-554.57 -545.30
-546.77 -545.30
-558.86 -545.30
-545.40 -545.40
-543.06 -543.06
-560.44 -543.06
-544.83 -543.06
-544.88 -543.06
-544.59 -543.06
-553.24 -543.06
-558.57 -543.06
-546.66 -543.06
-557.58 -543.06
-544.76 -544.76
-548.32 -544.76
-544.79 -544.79
-561.02 -544.79
-544.57 -544.57
-565.86 -544.57
-556.81 -544.57
-557.62 -544.57
-544.56 -544.56
-544.99 -544.99
-552.19 -544.99
-547.17 -547.17
-561.34 -547.17
-557.34 -547.17
-560.16 -547.17
-546.76 -546.76
-562.06 -546.76
-547.62 -547.62
-544.76 -544.76
-543.04 -543.04
-548.90 -543.04
-556.90 -543.04
-560.04 -543.04
-545.32 -543.04
-545.32 -543.04
-558.82 -543.04
-573.60 -543.04
-545.29 -543.04
-544.79 -543.04
-544.88 -543.04
-544.42 -543.04
-544.84 -543.04
-545.10 -543.04
-556.65 -543.04
-563.57 -543.04
-560.57 -543.04
-558.73 -543.04
-544.56 -543.04
-545.38 -543.04
-558.16 -543.04
-560.16 -543.04
-546.25 -543.04
-544.85 -543.04
-544.59 -543.04
-546.32 -543.04
-557.74 -543.04
-561.37 -543.04
-544.54 -543.04
-544.54 -543.04
-578.85 -543.04
-543.04 -543.04
-556.64 -543.04
-568.27 -543.04
-547.64 -543.04
-544.75 -544.75
-544.55 -544.55
-548.89 -544.55
-556.82 -544.55
-544.95 -544.55
-544.58 -544.58
-557.88 -544.58
-547.20 -544.58
-546.38 -544.58
-545.01 -545.01
-558.83 -545.01
-557.33 -545.01
-556.91 -545.01
-544.87 -544.87
-556.66 -544.87
-554.48 -544.87
-547.06 -544.87
-558.16 -544.87
-556.45 -544.87
-545.04 -545.04
-556.72 -545.04
-559.86 -545.04
-554.44 -545.04
-545.50 -545.50
-544.66 -544.66
-544.70 -544.70
-561.50 -544.70
-560.11 -544.70
-575.52 -544.70
-544.34 -544.34
-545.29 -544.34
-546.29 -546.29
-544.56 -544.56
-545.02 -544.56
-544.61 -544.61
-545.66 -544.61
-543.06 -543.06
-559.99 -543.06
-545.08 -543.06
-553.16 -543.06
-585.06 -543.06
-555.95 -543.06
-584.94 -543.06
-544.57 -543.06
-544.55 -543.06
-559.94 -543.06
-580.18 -543.06
-543.04 -543.04
-556.83 -543.04
-560.47 -543.04
-560.64 -543.04
-545.35 -545.35
-544.70 -544.70
-545.62 -544.70
-557.02 -544.70
-558.92 -544.70
-556.52 -544.70
-556.03 -544.70
-544.77 -544.77
-544.81 -544.81
-566.24 -544.81
-546.50 -544.81
-544.98 -544.81
-548.91 -544.81
-543.04 -543.04
-545.32 -543.04
-559.06 -543.04
-544.73 -543.04
-544.35 -544.35
-544.91 -544.91
-560.45 -544.91
-561.13 -544.91
-543.08 -543.08
-570.56 -543.08
-544.38 -544.38
-566.13 -544.38
-563.39 -544.38
-560.82 -544.38
-565.97 -544.38
-561.91 -544.38
-544.71 -544.71
-544.50 -544.50
-548.84 -544.50
-544.76 -544.76
-544.89 -544.89
-545.35 -545.35
-544.89 -544.89
-548.83 -544.89
-577.26 -544.89
-544.78 -544.78
-560.35 -544.78
-545.30 -545.30
-554.02 -545.30
-546.52 -546.52
-556.47 -546.52
-544.90 -544.90
-562.79 -544.90
-558.73 -544.90
-557.29 -544.90
-544.82 -544.82
-543.08 -543.08
-559.86 -543.08
-544.90 -543.08
-545.34 -543.08
-544.60 -543.08
-545.31 -543.08
-556.90 -543.08
-556.24 -543.08
-553.28 -543.08
-557.48 -543.08
-544.88 -543.08
-556.82 -543.08
-544.69 -543.08
-556.69 -543.08
-587.74 -543.08
-560.05 -543.08
-560.49 -543.08
-563.16 -543.08
-553.45 -543.08
-581.66 -543.08
-559.96 -543.08
-544.56 -544.56
-545.33 -545.33
-544.71 -544.71
-581.65 -544.71
-544.81 -544.71
-547.14 -544.71
-549.92 -544.71
-559.83 -544.71
-560.03 -544.71
-544.89 -544.89
-557.86 -544.89
-559.44 -544.89
-559.83 -544.89
-559.76 -544.89
-544.60 -544.60
-544.78 -544.78
-544.57 -544.57
-544.93 -544.93
-558.88 -544.93
-544.58 -544.58
-581.65 -544.58
-544.54 -544.54
-560.50 -544.54
-552.87 -544.54
-544.70 -544.70
-555.50 -544.70
-544.85 -544.85
-558.18 -544.85
-545.45 -545.45
-1020.88 -545.45
-1001.81 -1001.81
-993.82 -993.82
-993.78 -993.78
-991.92 -991.92
-988.44 -988.44
-967.92 -967.92
-951.75 -951.75
-957.26 -951.75
-969.25 -951.75
-928.15 -928.15
-951.03 -928.15
-927.38 -927.38
-906.13 -906.13
-940.41 -906.13
-864.84 -864.84
-845.88 -845.88
-863.43 -845.88
-841.98 -841.98
-826.75 -826.75
-843.28 -826.75
-818.37 -818.37
-798.00 -798.00
-814.19 -798.00
-842.36 -798.00
-769.92 -769.92
-817.08 -769.92
-741.52 -741.52
-689.90 -689.90
-708.48 -689.90
-703.37 -689.90
-690.28 -690.28
-670.11 -670.11
-641.13 -641.13
-678.96 -641.13
-706.15 -641.13
-652.12 -641.13
-683.40 -641.13
-661.29 -641.13
-651.90 -641.13
-678.39 -641.13
-687.48 -641.13
-623.44 -623.44
-643.67 -623.44
-620.61 -620.61
-603.54 -603.54
-624.72 -603.54
-619.77 -603.54
-612.59 -603.54
-605.67 -603.54
-600.74 -600.74
-616.66 -600.74
-618.20 -600.74
-621.78 -600.74
-579.91 -579.91
-578.75 -578.75
-591.84 -578.75
-584.94 -578.75
-620.45 -578.75
-590.54 -578.75
-568.84 -568.84
-559.46 -559.46
-553.22 -553.22
-622.65 -553.22
-560.03 -553.22
-561.56 -553.22
-555.50 -553.22
-605.51 -553.22
-559.66 -553.22
-560.86 -553.22
-556.61 -553.22
-560.84 -553.22
-556.87 -553.22
-560.76 -553.22
-555.83 -553.22
-544.76 -544.76
-560.57 -544.76
-545.09 -545.09
-544.55 -544.55
-545.09 -545.09
-556.72 -545.09
-556.72 -545.09
-561.09 -545.09
-544.83 -544.83
-544.74 -544.74
-548.59 -544.74
-544.88 -544.88
-546.53 -544.88
-558.72 -544.88
-588.48 -544.88
-556.83 -544.88
-556.36 -544.88
-553.16 -544.88
-545.18 -545.18
-546.24 -545.18
-566.95 -545.18
-545.54 -545.54
-547.00 -545.54
-544.57 -544.57
-544.69 -544.69
-546.25 -544.69
-545.01 -544.69
-567.08 -544.69
-544.79 -544.79
-544.74 -544.74
-544.54 -544.54
-544.75 -544.75
-556.73 -544.75
-556.91 -544.75
-550.77 -544.75
-546.83 -544.75
-556.47 -544.75
-548.87 -544.75
-545.42 -545.42
-548.94 -545.42
-556.36 -545.42
-554.77 -545.42
-571.21 -545.42
-543.05 -543.05
-544.58 -543.05
-556.10 -543.05
-566.26 -543.05
-556.45 -543.05
-556.46 -543.05
-563.79 -543.05
-544.30 -543.05
-558.10 -543.05
-554.32 -543.05
-554.56 -543.05
-544.59 -543.05
-556.84 -543.05
-547.21 -543.05
-559.81 -543.05
-561.96 -543.05
-544.72 -543.05
-545.76 -543.05
-545.00 -545.00
-544.77 -544.77
-545.67 -545.67
-553.22 -545.67
-559.32 -545.67
-562.74 -545.67
-545.25 -545.25
-544.54 -544.54
-560.69 -544.54
-559.31 -544.54
-566.01 -544.54
-560.55 -544.54
-560.47 -544.54
-563.61 -544.54
-559.58 -544.54
-544.87 -544.87
-545.66 -544.87
-559.20 -544.87
-548.97 -544.87
-558.71 -544.87
-558.45 -544.87
-547.70 -544.87
-584.95 -544.87
-545.08 -544.87
-558.66 -544.87
-544.58 -544.58
-544.75 -544.75
-546.77 -544.75
-562.53 -544.75
-584.39 -544.75
-544.75 -544.75
-544.42 -544.42
-558.42 -544.42
-559.91 -544.42
-563.38 -544.42
-558.55 -544.42
-558.55 -544.42
-556.25 -544.42
-544.79 -544.79
-545.04 -545.04
-567.89 -545.04
-546.21 -546.21
-544.57 -544.57
-559.98 -544.57
-545.40 -545.40
-560.01 -545.40
-545.34 -545.34
-546.16 -546.16
-544.58 -544.58
-565.91 -544.58
-557.33 -544.58
-546.72 -544.58
-545.30 -545.30
-548.73 -545.30
-555.93 -545.30
-557.47 -545.30
-554.62 -545.30
-544.82 -544.82
-544.58 -544.58
-564.26 -544.58
-544.55 -544.55
-555.87 -544.55
-543.05 -543.05
-549.95 -543.05
-556.79 -543.05
-549.09 -543.05
-544.70 -543.05
-552.15 -543.05
-558.65 -543.05
-556.14 -543.05
-560.73 -543.05
-559.84 -543.05
-548.74 -543.05
-543.05 -543.05
-544.60 -543.05
-587.48 -543.05
-566.18 -543.05
-552.23 -543.05
-558.26 -543.05
-546.91 -543.05
-563.80 -543.05
-544.70 -543.05
-561.86 -543.05
-546.95 -543.05
-546.52 -543.05
-553.34 -543.05
-544.97 -543.05
-545.05 -543.05
-561.51 -543.05
-544.91 -543.05
-566.24 -543.05
-562.67 -543.05
-544.77 -544.77
-544.78 -544.78
-544.59 -544.59
-557.66 -544.59
-558.69 -544.59
-544.85 -544.59
-545.20 -544.59
-563.85 -544.59
-544.57 -544.57
-545.41 -544.57
-556.94 -544.57
-544.81 -544.81
-559.17 -544.81
-555.76 -544.81
-546.89 -544.81
-546.22 -544.81
-544.71 -544.71
-545.01 -545.01
-560.30 -545.01
-559.38 -545.01
-556.24 -545.01
-575.26 -545.01
-554.50 -545.01
-556.91 -545.01
-544.53 -544.53
-570.69 -544.53
-558.84 -544.53
-545.35 -544.53
-544.89 -544.53
-554.56 -544.53
-562.05 -544.53
-581.67 -544.53
-557.83 -544.53
-559.42 -544.53
-545.65 -544.53
-553.21 -544.53
-544.58 -544.58
-544.80 -544.80
-545.81 -544.80
-553.21 -544.80
-544.42 -544.42
-545.84 -544.42
-559.56 -544.42
-557.53 -544.42
-545.02 -545.02
-544.54 -544.54
-544.57 -544.57
-562.51 -544.57
-560.98 -544.57
-544.55 -544.55
-563.24 -544.55
-561.52 -544.55
-556.77 -544.55
-560.08 -544.55
-555.59 -544.55
-556.89 -544.55
-544.58 -544.58
-553.10 -544.58
-556.76 -544.58
-544.87 -544.87
-545.08 -545.08
-568.30 -545.08
-544.77 -544.77
-559.85 -544.77
-545.20 -545.20
-566.17 -545.20
-544.57 -544.57
-581.65 -544.57
-544.59 -544.59
-557.35 -544.59
-559.33 -544.59
-547.15 -547.15
-560.78 -547.15
-584.99 -547.15
-590.78 -547.15
-544.47 -544.47
-558.26 -544.47
-558.34 -544.47
-556.81 -544.47
-544.85 -544.85
-544.83 -544.83
-544.31 -544.31
-545.02 -545.02
-559.53 -545.02
-556.85 -545.02
-547.29 -545.02
-544.66 -544.66
-581.66 -544.66
-556.81 -544.66
-545.35 -544.66
-545.16 -545.16
-544.55 -544.55
-544.59 -544.55
-545.42 -544.55
-556.54 -544.55
-544.87 -544.87
-559.57 -544.87
-554.62 -544.87
-566.18 -544.87
-554.48 -544.87
-556.06 -544.87
-559.24 -544.87
-545.35 -544.87
-547.72 -544.87
-557.62 -544.87
-553.35 -544.87
-545.35 -545.35
-558.09 -545.35
-545.33 -545.33
-545.32 -545.32
-545.04 -545.04
-556.81 -545.04
-559.96 -545.04
-554.05 -545.04
-559.32 -545.04
-567.57 -545.04
-545.06 -545.06
-561.34 -545.06
-548.82 -545.06
-554.32 -545.06
-545.32 -545.32
-560.04 -545.32
-544.92 -544.92
-560.69 -544.92
-558.20 -544.92
-556.88 -544.92
-545.07 -545.07
-553.44 -545.07
-546.87 -546.87
-558.56 -546.87
-578.57 -546.87
-561.23 -546.87
-557.54 -546.87
-547.65 -546.87
-544.62 -544.62
-544.83 -544.83
-558.31 -544.83
-546.58 -544.83
-553.66 -544.83
-544.91 -544.91
-556.79 -544.91
-554.16 -544.91
-559.53 -544.91
-553.47 -544.91
-552.96 -544.91
-546.56 -546.56
-545.36 -545.36
-553.17 -545.36
-545.06 -545.06
-559.94 -545.06
-558.82 -545.06
-563.41 -545.06
-566.15 -545.06
-545.34 -545.34
-544.55 -544.55
-564.34 -544.55
-544.90 -544.90
-546.71 -544.90
-562.28 -544.90
-548.57 -544.90
-544.76 -544.76
-557.53 -544.76
-544.56 -544.56
-546.08 -544.56
-581.66 -544.56
-545.12 -544.56
-543.07 -543.07
-553.80 -543.07
-553.80 -543.07
-549.87 -543.07
-558.80 -543.07
-545.08 -543.07
-546.49 -543.07
-559.42 -543.07
-544.66 -543.07
-559.81 -543.07
-559.24 -543.07
-556.88 -543.07
-568.36 -543.07
-556.80 -543.07
-559.65 -543.07
-557.53 -543.07
-557.65 -543.07
-556.09 -543.07
-560.27 -543.07
-544.82 -543.07
-557.02 -543.07
-553.34 -543.07
-1026.26 -543.07
-989.07 -989.07
-981.03 -981.03
-961.98 -961.98
-967.58 -961.98
-952.13 -952.13
-940.31 -940.31
-954.43 -940.31
-940.61 -940.31
-947.22 -940.31
-935.14 -935.14
-946.18 -935.14
-938.09 -935.14
-927.31 -927.31
-924.87 -924.87
-923.23 -923.23
-912.75 -912.75
-918.29 -912.75
-918.26 -912.75
-926.25 -912.75
-898.07 -898.07
-904.51 -898.07
-860.21 -860.21
-858.40 -858.40
-851.55 -851.55
-888.98 -851.55
-869.93 -851.55
-856.77 -851.55
-834.44 -834.44
-846.84 -834.44
-833.80 -833.80
-846.57 -833.80
-831.15 -831.15
-796.03 -796.03
-822.32 -796.03
-805.89 -796.03
-817.47 -796.03
-765.81 -765.81
-706.13 -706.13
-687.40 -687.40
-639.46 -639.46
-662.50 -639.46
-621.95 -621.95
-637.01 -621.95
-624.36 -621.95
-576.41 -576.41
-637.94 -576.41
-581.15 -576.41
-556.87 -556.87
-545.01 -545.01
-559.46 -545.01
-545.01 -545.01
-552.95 -545.01
-556.73 -545.01
-557.04 -545.01
-559.23 -545.01
-545.13 -545.13
-584.38 -545.13
-544.35 -544.35
-544.92 -544.35
-544.70 -544.70
-567.17 -544.70
-545.15 -545.15
-556.42 -545.15
-559.84 -545.15
-578.80 -545.15
-553.40 -545.15
-548.60 -545.15
-552.20 -545.15
-544.55 -544.55
-546.26 -544.55
-550.72 -544.55
-544.80 -544.80
-556.95 -544.80
-561.22 -544.80
-558.67 -544.80
-544.56 -544.56
-553.55 -544.56
-562.31 -544.56
-545.00 -545.00
-558.68 -545.00
-556.11 -545.00
-544.54 -544.54
-559.12 -544.54
-545.08 -545.08
-563.04 -545.08
-544.56 -544.56
-556.81 -544.56
-546.30 -544.56
-545.60 -545.60
-544.68 -544.68
-555.62 -544.68
-544.33 -544.33
-556.23 -544.33
-556.81 -544.33
-559.95 -544.33
-544.37 -544.37
-556.52 -544.37
-544.56 -544.56
-558.78 -544.56
-544.88 -544.88
-553.58 -544.88
-556.52 -544.88
-556.10 -544.88
-546.50 -544.88
-568.30 -544.88
-556.76 -544.88
-544.30 -544.30
-544.89 -544.30
-544.32 -544.32
-566.18 -544.32
-554.47 -544.32
-545.14 -545.14
-560.22 -545.14
-556.54 -545.14
-545.72 -545.14
-559.91 -545.14
-560.87 -545.14
-545.14 -545.14
-544.87 -544.87
-559.92 -544.87
-553.94 -544.87
-544.48 -544.48
-560.14 -544.48
-566.60 -544.48
-556.92 -544.48
-559.18 -544.48
-560.76 -544.48
-545.13 -545.13
-544.57 -544.57
-544.86 -544.86
-556.30 -544.86
-558.29 -544.86
-558.32 -544.86
-544.79 -544.79
-563.57 -544.79
-560.77 -544.79
-545.75 -544.79
-545.22 -544.79
-543.07 -543.07
-557.82 -543.07
-560.43 -543.07
-545.18 -545.18
-549.87 -545.18
-544.98 -544.98
-545.16 -545.16
-544.43 -544.43
-566.15 -544.43
-557.54 -544.43
-557.71 -544.43
-545.69 -545.69
-556.00 -545.69
-545.10 -545.10
-558.74 -545.10
-545.48 -545.48
-558.52 -545.48
-545.01 -545.01
-544.83 -544.83
-544.54 -544.54
-545.05 -544.54
-545.35 -545.35
-556.51 -545.35
-558.22 -545.35
-544.65 -544.65
-551.58 -544.65
-553.37 -544.65
-546.34 -544.65
-547.06 -544.65
-544.31 -544.31
-557.09 -544.31
-544.55 -544.31
-565.73 -544.31
-547.25 -544.31
-559.38 -544.31
-556.91 -544.31
-560.54 -544.31
-559.72 -544.31
-581.65 -544.31
-560.75 -544.31
-546.20 -544.31
-566.28 -544.31
-558.19 -544.31
-558.84 -544.31
-559.17 -544.31
-555.63 -544.31
-544.88 -544.88
-559.85 -544.88
-545.01 -545.01
-548.87 -545.01
-562.31 -545.01
-571.37 -545.01
-545.16 -545.16
-545.10 -545.10
-545.35 -545.35
-557.48 -545.35
-556.93 -545.35
-544.70 -544.70
-558.76 -544.70
-543.07 -543.07
-558.87 -543.07
-557.45 -543.07
-545.17 -545.17
-549.08 -545.17
-556.75 -545.17
-545.34 -545.34
-546.07 -545.34
-554.57 -545.34
-545.18 -545.18
-544.58 -544.58
-556.91 -544.58
-555.64 -544.58
-558.53 -544.58
-545.36 -544.58
-563.83 -544.58
-559.48 -544.58
-551.93 -544.58
-558.90 -544.58
-545.04 -545.04
-544.88 -544.88
-563.51 -544.88
-560.40 -544.88
-544.58 -544.58
-553.16 -544.58
-552.90 -544.58
-547.64 -544.58
-544.72 -544.72
-556.11 -544.72
-554.02 -544.72
-544.54 -544.54
-544.54 -544.54
-558.46 -544.54
-560.43 -544.54
-556.40 -544.54
-559.04 -544.54
-564.41 -544.54
-544.71 -544.71
-557.36 -544.71
-553.28 -544.71
-563.66 -544.71
-545.01 -545.01
-559.63 -545.01
-544.55 -544.55
-554.04 -544.55
-557.43 -544.55
-562.21 -544.55
-557.99 -544.55
-559.22 -544.55
-544.75 -544.75
-544.58 -544.58
-558.51 -544.58
-566.19 -544.58
-590.67 -544.58
-545.32 -544.58
-555.99 -544.58
-565.39 -544.58
-544.36 -544.36
-546.30 -544.36
-556.76 -544.36
-556.62 -544.36
-555.62 -544.36
-581.65 -544.36
-553.60 -544.36
-544.79 -544.79
-545.09 -545.09
-548.71 -545.09
-556.82 -545.09
-553.87 -545.09
-544.41 -544.41
-544.89 -544.89
-545.34 -545.34
-545.39 -545.39
-545.47 -545.47
-544.58 -544.58
-551.48 -544.58
-557.94 -544.58
-545.00 -545.00
-554.62 -545.00
-543.05 -543.05
-560.46 -543.05
-548.93 -543.05
-546.30 -543.05
-557.69 -543.05
-545.14 -543.05
-556.58 -543.05
-553.08 -543.05
-559.75 -543.05
-556.61 -543.05
-552.09 -543.05
-553.98 -543.05
-560.74 -543.05
-558.89 -543.05
-545.32 -543.05
-544.76 -544.76
-559.89 -544.76
-553.42 -544.76
-546.34 -544.76
-559.95 -544.76
-559.48 -544.76
-544.57 -544.57
-559.89 -544.57
-545.06 -544.57
-544.85 -544.85
-556.75 -544.85
-555.93 -544.85
-573.42 -544.85
-545.35 -544.85
-561.23 -544.85
-546.50 -544.85
-556.90 -544.85
-558.49 -544.85
-544.70 -544.70
-556.72 -544.70
-563.23 -544.70
-544.71 -544.71
-546.84 -544.71
-556.30 -544.71
-554.63 -544.71
-554.43 -544.71
-563.96 -544.71
-544.55 -544.55
-547.21 -544.55
-556.94 -544.55
-557.48 -544.55
-544.81 -544.55
-545.09 -545.09
-546.26 -545.09
-559.11 -545.09
-559.26 -545.09
-544.53 -544.53
-545.43 -545.43
-548.92 -545.43
-558.45 -545.43
-561.77 -545.43
-546.13 -546.13
-545.10 -545.10
-547.65 -545.10
-554.59 -545.10
-557.11 -545.10
-561.43 -545.10
-566.29 -545.10
-544.55 -544.55
-545.07 -545.07
-545.62 -545.62
-544.55 -544.55
-558.96 -544.55
-554.49 -544.55
-545.04 -544.55
-544.36 -544.36
-559.57 -544.36
-553.41 -544.36
-560.32 -544.36
-557.00 -544.36
-544.75 -544.36
-544.85 -544.36
-545.34 -545.34
-554.63 -545.34
-558.64 -545.34
-561.86 -545.34
-558.47 -545.34
-545.38 -545.38
-544.85 -544.85
-563.21 -544.85
-545.00 -545.00
-554.49 -545.00
-558.58 -545.00
-560.82 -545.00
-545.51 -545.00
-544.88 -544.88
-545.16 -545.16
-559.22 -545.16
-557.89 -545.16
-553.95 -545.16
-559.90 -545.16
-545.23 -545.23
-545.56 -545.56
-568.29 -545.56
-565.91 -545.56
-558.79 -545.56
-557.57 -545.56
-554.41 -545.56
-557.72 -545.56
-545.29 -545.29
-545.44 -545.44
-551.91 -545.44
-556.57 -545.44
-547.28 -545.44
-547.06 -545.44
-553.72 -545.44
-552.21 -545.44
-545.28 -545.28
-545.00 -545.00
-556.92 -545.00
-544.66 -544.66
-547.73 -544.66
-544.58 -544.58
-556.04 -544.58
-556.77 -544.58
-559.94 -544.58
-544.86 -544.86
-545.73 -545.73
-559.42 -545.73
-560.27 -545.73
-557.49 -545.73
-576.20 -545.73
-554.59 -545.73
-544.66 -544.66
-553.35 -544.66
-557.60 -544.66
-553.45 -544.66
-547.25 -544.66
-545.15 -544.66
-555.89 -544.66
-556.44 -544.66
-558.69 -544.66
-545.20 -545.20
-560.87 -545.20
-978.51 -978.51
-950.70 -950.70
-947.35 -947.35
-951.59 -947.35
-954.09 -947.35
-958.04 -947.35
-907.13 -907.13
-905.31 -905.31
-899.43 -899.43
-896.17 -896.17
-918.98 -896.17
-907.46 -896.17
-918.57 -896.17
-899.18 -899.18
-897.00 -897.00
-903.60 -897.00
-905.88 -897.00
-905.86 -897.00
-915.05 -897.00
-899.64 -897.00
-858.44 -858.44
-844.95 -844.95
-876.24 -844.95
-814.67 -814.67
-844.63 -814.67
-804.17 -804.17
-806.83 -804.17
-781.31 -781.31
-779.04 -779.04
-787.37 -779.04
-790.70 -779.04
-777.37 -777.37
-744.89 -744.89
-729.42 -729.42
-732.61 -729.42
-719.61 -719.61
-755.19 -719.61
-727.52 -719.61
-731.21 -719.61
-703.36 -703.36
-722.72 -703.36
-706.68 -706.68
-691.39 -691.39
-676.31 -676.31
-642.88 -642.88
-703.39 -642.88
-659.36 -642.88
-678.82 -642.88
-631.39 -631.39
-647.28 -631.39
-621.78 -621.78
-623.96 -621.78
-578.43 -578.43
-610.75 -578.43
-566.91 -566.91
-559.44 -559.44
-559.90 -559.90
-560.28 -559.90
-560.46 -559.90
-544.56 -544.56
-557.42 -544.56
-556.87 -544.56
-562.05 -544.56
-560.08 -544.56
-553.73 -544.56
-547.05 -544.56
-560.45 -544.56
-553.91 -544.56
-546.13 -544.56
-556.63 -544.56
-558.65 -544.56
-546.53 -544.56
-581.66 -544.56
-556.95 -544.56
-558.21 -544.56
-545.35 -545.35
-560.80 -545.35
-558.57 -545.35
-545.13 -545.13
-544.80 -544.80
-545.32 -544.80
-550.75 -544.80
-553.86 -544.80
-556.92 -544.80
-553.84 -544.80
-562.10 -544.80
-544.70 -544.70
-544.30 -544.30
-544.65 -544.65
-544.80 -544.80
-546.18 -544.80
-544.56 -544.56
-544.66 -544.56
-556.06 -544.56
-544.77 -544.56
-562.53 -544.56
-548.73 -544.56
-545.77 -544.56
-544.29 -544.29
-558.67 -544.29
-558.19 -544.29
-545.83 -544.29
-556.91 -544.29
-544.56 -544.56
-553.99 -544.56
-545.83 -544.56
-546.41 -544.56
-559.95 -544.56
-549.90 -544.56
-554.05 -544.56
-545.03 -544.56
-544.74 -544.74
-553.42 -544.74
-544.54 -544.54
-553.41 -544.54
-544.82 -544.54
-544.85 -544.85
-546.12 -546.12
-559.57 -546.12
-545.16 -545.16
-553.34 -545.16
-545.42 -545.16
-544.35 -544.35
-543.07 -543.07
-544.61 -544.61
-559.18 -544.61
-548.74 -544.61
-545.16 -545.16
-556.16 -545.16
-558.48 -545.16
-559.07 -545.16
-553.89 -545.16
-556.23 -545.16
-545.26 -545.26
-545.32 -545.32
-545.48 -545.48
-546.86 -546.86
-545.82 -545.82
-546.68 -546.68
-544.84 -544.84
-544.58 -544.58
-544.76 -544.58
-571.62 -544.58
-558.55 -544.58
-547.63 -544.58
-544.81 -544.81
-547.65 -544.81
-566.51 -544.81
-558.93 -544.81
-559.13 -544.81
-547.70 -547.70
-544.74 -544.74
-590.67 -544.74
-563.57 -544.74
-544.69 -544.69
-545.09 -544.69
-554.58 -544.69
-556.74 -544.69
-549.58 -544.69
-553.82 -544.69
-556.95 -544.69
-556.11 -544.69
-555.99 -544.69
-551.94 -544.69
-547.65 -544.69
-562.92 -544.69
-590.69 -544.69
-557.55 -544.69
-556.07 -544.69
-545.31 -544.69
-558.55 -544.69
-560.76 -544.69
-558.73 -544.69
-544.75 -544.75
-544.80 -544.80
-545.05 -545.05
-560.84 -545.05
-545.16 -545.16
-544.55 -544.55
-548.59 -544.55
-559.85 -544.55
-548.56 -544.55
-558.05 -544.55
-553.44 -544.55
-543.07 -543.07
-546.40 -543.07
-546.54 -543.07
-544.54 -543.07
-545.70 -543.07
-554.01 -543.07
-559.80 -543.07
-546.33 -543.07
-545.69 -543.07
-559.06 -543.07
-558.48 -543.07
-557.82 -543.07
-544.58 -543.07
-560.07 -543.07
-545.07 -543.07
-545.00 -545.00
-545.37 -545.37
-558.44 -545.37
-561.55 -545.37
-544.76 -544.76
-559.21 -544.76
-544.95 -544.95
-545.82 -545.82
-562.24 -545.82
-570.42 -545.82
-545.35 -545.35
-554.03 -545.35
-566.24 -545.35
-560.04 -545.35
-546.25 -545.35
-544.85 -544.85
-560.51 -544.85
-557.78 -544.85
-545.18 -545.18
-544.84 -544.84
-543.08 -543.08
-556.71 -543.08
-558.89 -543.08
-558.52 -543.08
-544.71 -543.08
-557.47 -543.08
-543.05 -543.05
-558.80 -543.05
-545.21 -543.05
-559.82 -543.05
-551.48 -543.05
-549.58 -543.05
-545.22 -545.22
-558.51 -545.22
-544.58 -544.58
-544.96 -544.58
-559.99 -544.58
-547.62 -544.58
-546.71 -544.58
-551.96 -544.58
-545.18 -545.18
-561.79 -545.18
-561.51 -545.18
-553.22 -545.18
-547.00 -545.18
-559.04 -545.18
-566.40 -545.18
-556.53 -545.18
-556.82 -545.18
-545.24 -545.18
-545.23 -545.23
-560.44 -545.23
-553.90 -545.23
-557.36 -545.23
-548.93 -545.23
-544.73 -544.73
-544.57 -544.57
-548.33 -544.57
-559.91 -544.57
-553.89 -544.57
-545.55 -545.55
-554.03 -545.55
-544.81 -544.81
-544.82 -544.82
-560.77 -544.82
-559.22 -544.82
-553.87 -544.82
-556.42 -544.82
-560.14 -544.82
-566.16 -544.82
-545.12 -545.12
-556.92 -545.12
-544.56 -544.56
-558.75 -544.56
-544.80 -544.80
-546.49 -544.80
-553.30 -544.80
-556.35 -544.80
-556.81 -544.80
-555.77 -544.80
-566.68 -544.80
-546.56 -546.56
-557.46 -546.56
-577.46 -546.56
-546.59 -546.59
-544.65 -544.65
-558.86 -544.65
-557.88 -544.65
-545.39 -544.65
-545.09 -545.09
-551.57 -545.09
-544.72 -544.72
-545.33 -544.72
-566.26 -544.72
-559.43 -544.72
-558.15 -544.72
-566.17 -544.72
-546.28 -544.72
-545.45 -544.72
-543.04 -543.04
-558.07 -543.04
-560.46 -543.04
-544.59 -543.04
-560.22 -543.04
-559.19 -543.04
-560.84 -543.04
-560.75 -543.04
-546.95 -543.04
-544.54 -543.04
-565.00 -543.04
-544.32 -543.04
-559.30 -543.04
-554.82 -543.04
-560.47 -543.04
-545.00 -543.04
-544.47 -543.04
-545.34 -543.04
-566.18 -543.04
-544.57 -543.04
-544.54 -543.04
-559.67 -543.04
-548.60 -543.04
-566.14 -543.04
-557.92 -543.04
-544.89 -543.04
-557.48 -543.04
-566.50 -543.04
-544.70 -543.04
-544.57 -543.04
-558.73 -543.04
-544.86 -544.86
-553.41 -544.86
-546.63 -544.86
-545.06 -545.06
-559.57 -545.06
-546.53 -546.53
-546.48 -546.48
-544.86 -544.86
-581.66 -544.86
-544.58 -544.58
-562.00 -544.58
-561.23 -544.58
-544.53 -544.53
-554.15 -544.53
-548.57 -544.53
-549.09 -544.53
-554.48 -544.53
-546.59 -544.53
-560.47 -544.53
-570.58 -544.53
-558.48 -544.53
-544.82 -544.82
-547.67 -544.82
-568.49 -544.82
-557.85 -544.82
-566.49 -544.82
-546.26 -546.26
-553.46 -546.26
-562.25 -546.26
-559.06 -546.26
-548.89 -546.26
-544.98 -544.98
-544.59 -544.59
-560.85 -544.59
-546.33 -544.59
-561.37 -544.59
-556.73 -544.59
-570.13 -544.59
-547.14 -544.59
-545.34 -544.59
-546.61 -544.59
-546.20 -544.59
-549.89 -544.59
-544.86 -544.86
-562.54 -544.86
-544.66 -544.66
-555.23 -544.66
-544.79 -544.79
-548.82 -544.79
-553.23 -544.79
-555.89 -544.79
-545.34 -545.34
-553.85 -545.34
-558.05 -545.34
-544.54 -544.54
-544.77 -544.77
-553.86 -544.77
-546.85 -544.77
-566.12 -544.77
-545.60 -545.60
-559.58 -545.60
-545.58 -545.58
-548.82 -545.58
-552.08 -545.58
-545.10 -545.10
-544.86 -544.86
-544.69 -544.69
-575.56 -544.69
-544.54 -544.54
-545.10 -545.10
-545.77 -545.10
-545.65 -545.10
-560.11 -545.10
-547.11 -545.10
-560.13 -545.10
-556.75 -545.10
-556.87 -545.10
-544.46 -544.46
-558.75 -544.46
-550.73 -544.46
-550.76 -544.46
-545.35 -545.35
-545.30 -545.30
-556.89 -545.30
-546.13 -545.30
-554.64 -545.30
-555.88 -545.30
-1017.71 -545.30
-1012.29 -1012.29
-1008.42 -1008.42
-1008.78 -1008.42
-1003.61 -1003.61
-1018.87 -1003.61
-1005.00 -1003.61
-1029.16 -1003.61
-988.11 -988.11
-989.05 -988.11
-988.30 -988.30
-998.04 -988.30
-982.29 -982.29
-991.35 -982.29
-1007.24 -982.29
-989.34 -982.29
-991.04 -982.29
-976.19 -976.19
-1005.92 -976.19
-963.96 -963.96
-968.80 -963.96
-950.65 -950.65
-967.87 -950.65
-950.04 -950.04
-941.55 -941.55
-957.72 -941.55
-906.44 -906.44
-919.90 -906.44
-952.45 -906.44
-898.92 -898.92
-913.89 -898.92
-899.11 -899.11
-878.40 -878.40
-901.05 -878.40
-879.12 -879.12
-900.75 -879.12
-905.57 -879.12
-907.97 -879.12
-876.78 -876.78
-869.76 -869.76
-892.55 -869.76
-843.00 -843.00
-865.90 -843.00
-849.10 -843.00
-811.95 -811.95
-830.73 -811.95
-804.66 -804.66
-803.21 -803.21
-830.64 -803.21
-812.65 -803.21
-806.80 -803.21
-795.47 -795.47
-849.30 -795.47
-784.01 -784.01
-747.35 -747.35
-741.97 -741.97
-729.49 -729.49
-726.18 -726.18
-728.61 -726.18
-712.87 -712.87
-724.10 -712.87
-702.42 -702.42
-661.77 -661.77
-618.57 -618.57
-624.35 -618.57
-633.83 -618.57
-662.27 -618.57
-583.77 -583.77
-603.85 -583.77
-619.08 -583.77
-564.61 -564.61
-579.16 -564.61
-585.01 -564.61
-555.86 -555.86
-567.53 -555.86
-557.10 -557.10
-545.18 -545.18
-545.60 -545.60
-549.51 -545.60
-558.97 -545.60
-546.60 -546.60
-547.69 -546.60
-557.12 -546.60
-559.19 -546.60
-549.57 -546.60
-545.72 -545.72
-560.46 -545.72
-544.59 -544.59
-543.08 -543.08
-546.14 -543.08
-544.75 -543.08
-544.96 -543.08
-545.25 -543.08
-545.34 -545.34
-556.93 -545.34
-559.87 -545.34
-554.78 -545.34
-556.56 -545.34
-561.10 -545.34
-545.32 -545.32
-546.62 -545.32
-561.25 -545.32
-545.05 -545.05
-553.87 -545.05
-556.77 -545.05
-558.86 -545.05
-544.37 -544.37
-559.15 -544.37
-544.74 -544.74
-556.62 -544.74
-553.42 -544.74
-559.41 -544.74
-560.46 -544.74
-561.56 -544.74
-544.55 -544.55
-543.08 -543.08
-545.01 -543.08
-554.49 -543.08
-545.21 -543.08
-562.18 -543.08
-552.86 -543.08
-556.67 -543.08
-544.70 -543.08
-545.83 -543.08
-544.73 -544.73
-566.16 -544.73
-544.97 -544.97
-553.60 -544.97
-544.38 -544.38
-546.51 -544.38
-546.35 -546.35
-565.72 -546.35
-545.47 -545.47
-562.32 -545.47
-546.36 -545.47
-544.70 -544.70
-544.55 -544.55
-544.59 -544.59
-563.40 -544.59
-555.77 -544.59
-557.78 -544.59
-560.57 -544.59
-553.47 -544.59
-559.02 -544.59
-553.47 -544.59
-556.03 -544.59
-559.81 -544.59
-556.86 -544.59
-545.67 -544.59
-546.28 -544.59
-548.88 -544.59
-558.47 -544.59
-559.13 -544.59
-558.46 -544.59
-544.97 -544.59
-545.11 -544.59
-543.07 -543.07
-547.08 -543.07
-545.71 -543.07
-556.04 -543.07
-560.30 -543.07
-554.11 -543.07
-545.01 -545.01
-566.23 -545.01
-566.22 -545.01
-553.84 -545.01
-544.53 -544.53
-545.35 -544.53
-556.72 -544.53
-545.35 -544.53
-556.64 -544.53
-550.74 -544.53
-561.18 -544.53
-552.91 -544.53
-559.48 -544.53
-565.81 -544.53
-566.16 -544.53
-560.50 -544.53
-547.00 -544.53
-544.69 -544.69
-558.30 -544.69
-546.12 -544.69
-556.29 -544.69
-544.54 -544.54
-553.94 -544.54
-553.84 -544.54
-544.66 -544.66
-544.54 -544.54
-544.57 -544.54
-550.71 -544.54
-558.49 -544.54
-547.17 -544.54
-570.64 -544.54
-545.30 -545.30
-544.57 -544.57
-544.71 -544.71
-547.18 -544.71
-546.91 -544.71
-544.59 -544.59
-545.40 -544.59
-581.64 -544.59
-545.64 -544.59
-545.79 -545.79
-581.64 -545.79
-544.70 -544.70
-556.81 -544.70
-553.97 -544.70
-545.34 -545.34
-545.04 -545.04
-556.90 -545.04
-553.23 -545.04
-544.82 -544.82
-545.07 -545.07
-561.01 -545.07
-544.53 -544.53
-544.54 -544.54
-558.22 -544.54
-547.13 -544.54
-547.20 -544.54
-556.14 -544.54
-561.44 -544.54
-559.76 -544.54
-544.56 -544.56
-544.55 -544.55
-559.17 -544.55
-546.11 -544.55
-544.47 -544.47
-560.56 -544.47
-553.85 -544.47
-563.84 -544.47
-544.76 -544.47
-546.11 -544.47
-544.70 -544.70
-584.38 -544.70
-566.31 -544.70
-546.29 -544.70
-559.10 -544.70
-554.97 -544.70
-543.07 -543.07
-544.55 -544.55
-549.53 -544.55
-556.08 -544.55
-566.23 -544.55
-545.68 -545.68
-546.32 -546.32
-546.42 -546.42
-545.17 -545.17
-549.55 -545.17
-558.52 -545.17
-545.32 -545.32
-544.91 -544.91
-565.60 -544.91
-559.83 -544.91
-544.87 -544.87
-544.65 -544.65
-545.50 -544.65
-566.96 -544.65
-558.35 -544.65
-545.55 -544.65
-559.45 -544.65
-561.16 -544.65
-544.59 -544.59
-547.23 -544.59
-557.60 -544.59
-553.47 -544.59
-548.58 -544.59
-557.81 -544.59
-554.26 -544.59
-544.74 -544.74
-558.06 -544.74
-545.79 -545.79
-568.26 -545.79
-556.06 -545.79
-543.08 -543.08
-556.45 -543.08
-544.90 -543.08
-547.15 -543.08
-551.59 -543.08
-558.82 -543.08
-547.30 -543.08
-556.92 -543.08
-560.47 -543.08
-557.40 -543.08
-545.06 -543.08
-545.16 -543.08
-557.90 -543.08
-544.54 -543.08
-554.27 -543.08
-559.80 -543.08
-561.77 -543.08
-557.84 -543.08
-543.08 -543.08
-561.59 -543.08
-545.04 -543.08
-559.21 -543.08
-563.62 -543.08
-563.57 -543.08
-555.25 -543.08
-557.02 -543.08
-560.07 -543.08
-557.70 -543.08
-557.38 -543.08
-546.33 -543.08
-565.50 -543.08
-554.16 -543.08
-549.55 -543.08
-544.66 -543.08
-559.74 -543.08
-574.42 -543.08
-545.39 -543.08
-545.05 -543.08
-556.63 -543.08
-544.56 -543.08
-544.76 -543.08
-557.54 -543.08
-559.94 -543.08
-559.91 -543.08
-545.34 -543.08
-559.24 -543.08
-558.75 -543.08
-559.82 -543.08
-544.39 -543.08
-553.26 -543.08
-560.49 -543.08
-557.47 -543.08
-544.40 -543.08
-545.13 -543.08
-547.21 -543.08
-556.78 -543.08
-560.27 -543.08
-568.07 -543.08
-546.07 -543.08
-556.28 -543.08
-544.66 -544.66
-560.45 -544.66
-556.99 -544.66
-572.68 -544.66
-560.45 -544.66
-547.09 -544.66
-554.63 -544.66
-561.53 -544.66
-544.74 -544.74
-549.57 -544.74
-560.94 -544.74
-544.68 -544.68
-545.34 -545.34
-564.53 -545.34
-544.70 -544.70
-544.70 -544.70
-545.32 -545.32
-556.11 -545.32
-560.78 -545.32
-546.53 -546.53
-568.44 -546.53
-577.51 -546.53
-546.27 -546.27
-544.30 -544.30
-545.36 -544.30
-544.33 -544.33
-562.88 -544.33
-545.11 -544.33
-544.69 -544.69
-545.57 -545.57
-563.55 -545.57
-556.79 -545.57
-553.19 -545.57
-545.32 -545.32
-550.72 -545.32
-556.58 -545.32
-547.71 -545.32
-558.92 -545.32
-559.82 -545.32
-561.52 -545.32
-547.25 -547.25
-562.32 -547.25
-565.96 -547.25
-546.30 -546.30
-547.71 -546.30
-544.71 -544.71
-544.66 -544.66
-544.84 -544.84
-559.66 -544.84
-544.55 -544.55
-559.55 -544.55
-545.17 -544.55
-561.12 -544.55
-569.71 -544.55
-557.35 -544.55
-546.30 -546.30
-558.71 -546.30
-577.46 -546.30
-545.32 -545.32
-559.50 -545.32
-556.67 -545.32
-559.43 -545.32
-559.19 -545.32
-560.45 -545.32
-543.09 -543.09
-559.76 -543.09
-556.81 -543.09
-545.67 -543.09
-556.03 -543.09
-553.24 -543.09
-544.68 -543.09
-566.14 -543.09
-545.72 -543.09
-544.45 -544.45
-559.87 -544.45
-544.38 -544.38
-545.32 -545.32
-547.65 -545.32
-546.26 -545.32
-544.57 -544.57
-544.58 -544.58
-566.28 -544.58
-544.93 -544.58
-1021.07 -544.58
-996.42 -996.42
-991.02 -991.02
-991.37 -991.37
-994.78 -991.37
-970.06 -970.06
-954.23 -954.23
-941.59 -941.59
-967.90 -941.59
-940.87 -940.87
-927.72 -927.72
-911.60 -911.60
-900.57 -900.57
-910.92 -900.57
-891.85 -891.85
-875.21 -875.21
-899.40 -875.21
-896.42 -875.21
-883.90 -875.21
-861.55 -861.55
-858.53 -858.53
-853.53 -853.53
-861.67 -853.53
-858.12 -853.53
-811.99 -811.99
-856.04 -811.99
-806.51 -806.51
-810.58 -806.51
-809.72 -806.51
-745.27 -745.27
-718.40 -718.40
-730.47 -718.40
-716.10 -716.10
-705.84 -705.84
-677.56 -677.56
-679.36 -677.56
-705.42 -677.56
-690.41 -677.56
-663.92 -663.92
-639.25 -639.25
-666.43 -639.25
-667.46 -639.25
-647.46 -639.25
-581.64 -581.64
-661.06 -581.64
-570.70 -570.70
-578.95 -570.70
-555.59 -555.59
-546.33 -546.33
-543.04 -543.04
-558.77 -543.04
-559.92 -543.04
-564.30 -543.04
-544.56 -544.56
-546.26 -546.26
-556.89 -546.26
-545.45 -545.45
-556.83 -545.45
-547.65 -545.45
-546.64 -545.45
-563.69 -545.45
-560.07 -545.45
-556.04 -545.45
-559.18 -545.45
-557.53 -545.45
-557.41 -545.45
-546.68 -546.68
-545.35 -545.35
-544.54 -544.54
-544.69 -544.69
-544.56 -544.56
-545.81 -545.81
-561.51 -545.81
-556.09 -545.81
-544.58 -544.58
-556.83 -544.58
-544.54 -544.54
-545.61 -545.61
-545.30 -545.30
-558.86 -545.30
-553.94 -545.30
-557.87 -545.30
-545.31 -545.31
-546.66 -545.31
-550.73 -545.31
-545.43 -545.43
-546.22 -546.22
-544.57 -544.57
-557.34 -544.57
-544.58 -544.58
-559.87 -544.58
-563.33 -544.58
-554.00 -544.58
-545.83 -545.83
-548.76 -545.83
-558.27 -545.83
-546.59 -546.59
-545.85 -545.85
-557.92 -545.85
-560.01 -545.85
-551.93 -545.85
-546.51 -545.85
-561.15 -545.85
-545.69 -545.69
-558.71 -545.69
-544.66 -544.66
-544.61 -544.61
-545.38 -545.38
-557.83 -545.38
-545.29 -545.29
-556.78 -545.29
-557.98 -545.29
-567.19 -545.29
-545.33 -545.33
-560.78 -545.33
-545.34 -545.34
-545.35 -545.35
-563.19 -545.35
-547.25 -545.35
-546.53 -545.35
-560.47 -545.35
-545.29 -545.29
-544.66 -544.66
-545.16 -545.16
-559.22 -545.16
-554.46 -545.16
-544.84 -544.84
-545.67 -544.84
-568.60 -544.84
-544.70 -544.70
-556.42 -544.70
-544.43 -544.43
-543.06 -543.06
-559.83 -543.06
-553.43 -543.06
-553.26 -543.06
-546.12 -543.06
-559.98 -543.06
-556.53 -543.06
-566.28 -543.06
-546.52 -543.06
-544.77 -544.77
-544.83 -544.83
-545.82 -545.82
-544.88 -544.88
-559.79 -544.88
-560.87 -544.88
-558.99 -544.88
-552.87 -544.88
-543.07 -543.07
-544.71 -543.07
-544.70 -543.07
-554.85 -543.07
-556.82 -543.07
-544.59 -544.59
-558.46 -544.59
-556.73 -544.59
-559.96 -544.59
-590.69 -544.59
-544.89 -544.89
-544.54 -544.54
-544.69 -544.69
-545.44 -544.69
-544.36 -544.36
-544.59 -544.59
-545.35 -545.35
-556.57 -545.35
-544.81 -544.81
-584.38 -544.81
-581.67 -544.81
-554.42 -544.81
-544.54 -544.54
-558.26 -544.54
-553.87 -544.54
-553.46 -544.54
-560.44 -544.54
-553.67 -544.54
-545.54 -544.54
-547.61 -544.54
-553.40 -544.54
-560.76 -544.54
-556.44 -544.54
-548.86 -544.54
-581.24 -544.54
-551.59 -544.54
-556.15 -544.54
-554.07 -544.54
-545.32 -544.54
-546.42 -544.54
-558.26 -544.54
-544.53 -544.53
-557.84 -544.53
-557.75 -544.53
-548.80 -544.53
-558.53 -544.53
-545.13 -544.53
-556.83 -544.53
-558.59 -544.53
-556.16 -544.53
-546.22 -544.53
-544.95 -544.95
-544.71 -544.71
-553.39 -544.71
-570.40 -544.71
-554.45 -544.71
-545.02 -545.02
-546.75 -546.75
-544.54 -544.54
-544.54 -544.54
-563.96 -544.54
-565.24 -544.54
-546.70 -544.54
-557.92 -544.54
-562.89 -544.54
-557.56 -544.54
-546.26 -544.54
-556.88 -544.54
-544.41 -544.41
-545.02 -545.02
-556.73 -545.02
-544.89 -544.89
-563.43 -544.89
-545.06 -545.06
-564.63 -545.06
-558.59 -545.06
-544.62 -544.62
-558.51 -544.62
-545.46 -544.62
-544.70 -544.70
-557.34 -544.70
-544.70 -544.70
-544.82 -544.82
-544.74 -544.74
-544.40 -544.40
-544.81 -544.81
-545.24 -545.24
-544.66 -544.66
-566.17 -544.66
-544.96 -544.96
-545.13 -545.13
-556.30 -545.13
-544.59 -544.59
-545.18 -544.59
-557.38 -544.59
-558.52 -544.59
-545.34 -544.59
-546.28 -544.59
-559.50 -544.59
-554.32 -544.59
-546.25 -544.59
-545.13 -545.13
-554.60 -545.13
-565.82 -545.13
-559.73 -545.13
-581.66 -545.13
-562.95 -545.13
-546.64 -545.13
-560.44 -545.13
-545.33 -545.33
-581.65 -545.33
-545.85 -545.85
-547.62 -545.85
-559.10 -545.85
-558.21 -545.85
-553.17 -545.85
-544.83 -544.83
-544.60 -544.60
-559.79 -544.60
-567.09 -544.60
-544.29 -544.29
-544.79 -544.79
-544.85 -544.85
-546.53 -544.85
-559.41 -544.85
-557.71 -544.85
-543.08 -543.08
-559.45 -543.08
-544.70 -543.08
-559.93 -543.08
-556.85 -543.08
-554.16 -543.08
-544.73 -543.08
-560.35 -543.08
-545.10 -543.08
-545.47 -543.08
-559.43 -543.08
-544.87 -543.08
-544.70 -543.08
-560.05 -543.08
-562.02 -543.08
-559.84 -543.08
-545.37 -543.08
-559.85 -543.08
-545.30 -543.08
-566.31 -543.08
-554.03 -543.08
-559.25 -543.08
-584.97 -543.08
-558.82 -543.08
-566.28 -543.08
-545.16 -543.08
-544.76 -543.08
-563.00 -543.08
-545.72 -543.08
-545.12 -543.08
-547.26 -543.08
-547.12 -543.08
-554.96 -543.08
-544.66 -543.08
-557.91 -543.08
-559.60 -543.08
-546.51 -543.08
-553.38 -543.08
-563.41 -543.08
-543.04 -543.04
-544.55 -543.04
-553.79 -543.04
-566.50 -543.04
-553.39 -543.04
-546.15 -543.04
-545.30 -543.04
-556.90 -543.04
-545.16 -545.16
-566.81 -545.16
-547.16 -547.16
-558.34 -547.16
-546.58 -546.58
-544.66 -544.66
-546.46 -544.66
-560.25 -544.66
-558.90 -544.66
-546.98 -544.66
-556.72 -544.66
-544.59 -544.59
-545.32 -544.59
-545.05 -545.05
-544.84 -544.84
-554.65 -544.84
-560.71 -544.84
-553.46 -544.84
-566.18 -544.84
-557.53 -544.84
-544.58 -544.58
-545.47 -545.47
-560.30 -545.47
-546.11 -546.11
-544.66 -544.66
-544.57 -544.57
-545.20 -545.20
-547.03 -545.20
-558.48 -545.20
-574.57 -545.20
-556.70 -545.20
-544.72 -544.72
-544.85 -544.85
-544.87 -544.87
-558.24 -544.87
-561.50 -544.87
-553.39 -544.87
-562.31 -544.87
-561.41 -544.87
-566.93 -544.87
-546.68 -544.87
-545.31 -544.87
-544.58 -544.58
-545.05 -544.58
-546.23 -544.58
-556.91 -544.58
-544.99 -544.99
-544.59 -544.59
-563.54 -544.59
-559.84 -544.59
-556.86 -544.59
-549.54 -544.59
-544.76 -544.76
-544.69 -544.69
-544.31 -544.31
-557.83 -544.31
-546.31 -544.31
-559.85 -544.31
-566.69 -544.31
-544.66 -544.66
-544.57 -544.57
-559.83 -544.57
-557.63 -544.57
-558.51 -544.57
-558.84 -544.57
-545.36 -544.57
-559.12 -544.57
-546.34 -544.57
-544.53 -544.53
-547.65 -544.53
-556.82 -544.53
-545.39 -544.53
-559.92 -544.53
-544.59 -544.59
-558.88 -544.59
-558.08 -544.59
-545.35 -544.59
-545.33 -545.33
-557.44 -545.33
-552.93 -545.33
-545.32 -545.32
-544.83 -544.83
-557.56 -544.83
-559.98 -544.83
-545.15 -545.15
-553.09 -545.15
-558.66 -545.15
-559.78 -545.15
-546.57 -546.57
-585.00 -546.57
-561.47 -546.57
-563.59 -546.57
-558.82 -546.57
-548.84 -546.57
-1014.22 -546.57
-1014.48 -546.57
-996.09 -996.09
-1003.79 -996.09
-999.14 -996.09
-989.02 -989.02
-996.01 -989.02
-1011.22 -989.02
-1018.39 -989.02
-962.28 -962.28
-989.05 -962.28
-953.20 -953.20
-954.50 -954.50
-951.32 -951.32
-951.82 -951.82
-940.60 -940.60
-943.17 -940.60
-913.45 -913.45
-916.67 -913.45
-930.61 -913.45
-916.88 -913.45
-909.12 -909.12
-921.24 -909.12
-911.32 -909.12
-908.68 -908.68
-911.71 -908.68
-912.20 -908.68
-933.35 -908.68
-948.85 -908.68
-904.45 -904.45
-886.66 -886.66
-860.79 -860.79
-876.95 -860.79
-862.46 -860.79
-881.60 -860.79
-871.97 -860.79
-874.18 -860.79
-845.03 -845.03
-863.23 -845.03
-841.52 -841.52
-865.81 -841.52
-859.95 -841.52
-891.67 -841.52
-812.12 -812.12
-809.92 -809.92
-814.89 -809.92
-796.10 -796.10
-819.70 -796.10
-833.07 -796.10
-817.56 -796.10
-767.41 -767.41
-778.27 -767.41
-791.00 -767.41
-765.12 -765.12
-801.53 -765.12
-726.58 -726.58
-777.50 -726.58
-717.35 -717.35
-690.89 -690.89
-663.69 -663.69
-705.21 -663.69
-691.23 -663.69
-678.08 -663.69
-641.25 -641.25
-653.55 -641.25
-650.32 -641.25
-683.48 -641.25
-689.67 -641.25
-662.75 -641.25
-662.25 -641.25
-656.41 -641.25
-645.30 -641.25
-645.03 -641.25
-676.32 -641.25
-620.52 -620.52
-573.21 -573.21
-584.72 -573.21
-610.04 -573.21
-570.91 -570.91
-560.74 -560.74
-550.72 -550.72
-544.59 -544.59
-558.73 -544.59
-559.97 -544.59
-546.49 -544.59
-545.30 -545.30
-556.84 -545.30
-557.55 -545.30
-553.71 -545.30
-553.36 -545.30
-544.56 -544.56
-546.27 -544.56
-545.14 -545.14
-548.69 -545.14
-546.29 -546.29
-558.61 -546.29
-552.21 -546.29
-551.96 -546.29
-561.95 -546.29
-545.83 -545.83
-544.81 -544.81
-553.23 -544.81
-545.19 -544.81
-556.99 -544.81
-545.25 -544.81
-559.55 -544.81
-559.10 -544.81
-545.19 -545.19
-544.59 -544.59
-586.84 -544.59
-544.57 -544.57
-557.87 -544.57
-546.36 -546.36
-548.92 -546.36
-544.82 -544.82
-554.46 -544.82
-556.85 -544.82
-553.44 -544.82
-556.14 -544.82
-554.61 -544.82
-544.93 -544.93
-544.90 -544.90
-561.23 -544.90
-556.90 -544.90
-568.39 -544.90
-548.95 -544.90
-564.94 -544.90
-581.66 -544.90
-544.70 -544.70
-548.80 -544.70
-556.30 -544.70
-561.33 -544.70
-560.04 -544.70
-544.92 -544.70
-560.02 -544.70
-544.58 -544.58
-554.37 -544.58
-553.50 -544.58
-544.56 -544.56
-556.74 -544.56
-566.79 -544.56
-553.43 -544.56
-554.00 -544.56
-560.79 -544.56
-547.70 -544.56
-545.43 -544.56
-544.54 -544.54
-544.55 -544.55
-544.57 -544.57
-545.09 -545.09
-545.00 -545.00
-544.81 -544.81
-544.88 -544.88
-559.42 -544.88
-544.37 -544.37
-553.61 -544.37
-545.35 -544.37
-559.19 -544.37
-586.83 -544.37
-562.92 -544.37
-559.21 -544.37
-619.14 -544.37
-544.66 -544.37
-556.30 -544.37
-563.98 -544.37
-545.13 -544.37
-555.93 -544.37
-557.00 -544.37
-546.65 -544.37
-584.96 -544.37
-581.67 -544.37
-544.98 -544.98
-545.18 -545.18
-548.86 -545.18
-546.28 -545.18
-544.58 -544.58
-558.27 -544.58
-545.34 -545.34
-545.26 -545.26
-558.61 -545.26
-544.58 -544.58
-546.58 -544.58
-545.07 -544.58
-558.14 -544.58
-547.07 -547.07
-560.08 -547.07
-545.49 -545.49
-581.66 -545.49
-554.48 -545.49
-559.98 -545.49
-545.34 -545.34
-544.70 -544.70
-548.81 -544.70
-543.07 -543.07
-545.00 -545.00
-545.76 -545.76
-545.34 -545.34
-559.95 -545.34
-559.15 -545.34
-545.81 -545.81
-553.48 -545.81
-545.22 -545.22
-553.43 -545.22
-545.04 -545.04
-561.53 -545.04
-545.30 -545.30
-545.36 -545.36
-553.33 -545.36
-560.90 -545.36
-554.81 -545.36
-544.80 -544.80
-546.73 -544.80
-545.10 -544.80
-590.68 -544.80
-556.25 -544.80
-552.93 -544.80
-544.82 -544.82
-544.58 -544.58
-546.31 -544.58
-562.45 -544.58
-544.74 -544.74
-557.38 -544.74
-560.05 -544.74
-559.84 -544.74
-585.01 -544.74
-556.76 -544.74
-562.91 -544.74
-553.71 -544.74
-556.81 -544.74
-546.09 -546.09
-557.62 -546.09
-563.39 -546.09
-559.05 -546.09
-561.13 -546.09
-548.81 -546.09
-565.46 -546.09
-558.58 -546.09
-557.34 -546.09
-549.58 -546.09
-545.44 -545.44
-545.47 -545.47
-545.34 -545.34
-553.33 -545.34
-552.20 -545.34
-545.35 -545.35
-556.88 -545.35
-547.28 -545.35
-545.85 -545.85
-544.56 -544.56
-545.10 -545.10
-560.26 -545.10
-561.80 -545.10
-544.74 -544.74
-557.43 -544.74
-563.38 -544.74
-566.15 -544.74
-558.26 -544.74
-561.25 -544.74
-544.69 -544.69
-558.05 -544.69
-544.76 -544.76
-559.10 -544.76
-568.43 -544.76
-546.64 -544.76
-544.36 -544.36
-558.84 -544.36
-559.30 -544.36
-545.07 -544.36
-560.67 -544.36
-549.08 -544.36
-544.77 -544.77
-549.90 -544.77
-545.82 -544.77
-544.80 -544.80
-546.76 -544.80
-559.94 -544.80
-551.57 -544.80
-556.45 -544.80
-547.63 -544.80
-559.91 -544.80
-559.37 -544.80
-545.00 -545.00
-559.12 -545.00
-561.51 -545.00
-545.08 -545.08
-584.95 -545.08
-545.16 -545.16
-552.84 -545.16
-545.02 -545.02
-553.48 -545.02
-553.75 -545.02
-553.05 -545.02
-545.24 -545.24
-581.65 -545.24
-545.09 -545.09
-560.46 -545.09
-544.70 -544.70
-560.40 -544.70
-544.54 -544.54
-544.85 -544.85
-556.67 -544.85
-556.86 -544.85
-544.87 -544.87
-545.40 -545.40
-551.90 -545.40
-544.87 -544.87
-544.44 -544.44
-545.19 -545.19
-547.08 -545.19
-563.17 -545.19
-544.72 -544.72
-563.39 -544.72
-556.86 -544.72
-544.53 -544.53
-553.84 -544.53
-546.42 -544.53
-545.30 -544.53
-544.70 -544.70
-545.18 -544.70
-560.43 -544.70
-562.44 -544.70
-543.04 -543.04
-544.73 -543.04
-548.85 -543.04
-544.53 -543.04
-556.58 -543.04
-544.69 -543.04
-548.56 -543.04
-558.87 -543.04
-544.59 -543.04
-544.95 -543.04
-543.07 -543.07
-546.56 -543.07
-544.71 -543.07
-556.65 -543.07
-546.34 -543.07
-545.00 -543.07
-554.15 -543.07
-556.10 -543.07
-560.22 -543.07
-553.70 -543.07
-556.28 -543.07
-559.22 -543.07
-555.59 -543.07
-558.50 -543.07
-546.42 -543.07
-545.09 -543.07
-545.16 -543.07
-560.66 -543.07
-559.42 -543.07
-545.32 -545.32
-543.04 -543.04
-553.83 -543.04
-575.26 -543.04
-544.53 -543.04
-548.84 -543.04
-545.54 -543.04
-559.21 -543.04
-561.33 -543.04
-554.15 -543.04
-557.66 -543.04
-556.79 -543.04
-558.90 -543.04
-544.54 -543.04
-556.29 -543.04
-544.74 -543.04
-556.75 -543.04
-546.25 -543.04
-546.17 -543.04
-556.06 -543.04
-544.53 -543.04
-559.22 -543.04
-556.03 -543.04
-546.23 -543.04
-557.89 -543.04
-545.34 -543.04
-561.07 -543.04
-544.69 -543.04
-545.68 -543.04
-558.70 -543.04
-557.43 -543.04
-544.54 -544.54
-558.87 -544.54
-545.32 -544.54
-553.22 -544.54
-543.07 -543.07
-544.76 -543.07
-544.54 -543.07
-556.57 -543.07
-553.36 -543.07
-546.84 -543.07
-556.29 -543.07
-568.44 -543.07
-561.12 -543.07
-556.94 -543.07
-560.83 -543.07
-555.46 -543.07
-550.75 -543.07
-544.55 -543.07
-556.75 -543.07
-557.38 -543.07
-561.52 -543.07
-563.53 -543.07
-554.48 -543.07
-565.57 -543.07
-556.06 -543.07
-545.54 -543.07
-559.78 -543.07
-563.49 -543.07
-544.88 -543.07
-548.84 -543.07
-566.28 -543.07
-544.35 -543.07
-545.07 -543.07
-556.74 -543.07
-556.99 -543.07
-1001.49 -1001.49
-1008.58 -1001.49
-1000.98 -1000.98
-975.74 -975.74
-979.86 -975.74
-984.52 -975.74
-990.19 -975.74
-959.95 -959.95
-971.90 -959.95
-969.59 -959.95
-954.65 -954.65
-952.88 -952.88
-940.12 -940.12
-942.96 -940.12
-940.49 -940.49
-911.93 -911.93
-901.85 -901.85
-909.19 -901.85
-912.68 -901.85
-901.21 -901.21
-874.71 -874.71
-923.30 -874.71
-874.76 -874.76
-845.71 -845.71
-810.02 -810.02
-813.86 -810.02
-792.84 -792.84
-790.89 -790.89
-830.75 -790.89
-779.91 -779.91
-767.30 -767.30
-712.25 -712.25
-702.71 -702.71
-692.27 -692.27
-703.03 -692.27
-660.28 -660.28
-641.41 -641.41
-620.57 -620.57
-615.34 -615.34
-618.54 -615.34
-603.95 -603.95
-610.77 -603.95
-575.00 -575.00
-611.95 -575.00
-584.16 -575.00
-560.33 -560.33
-564.92 -560.33
-559.32 -559.32
-562.07 -559.32
-557.75 -557.75
-563.56 -557.75
-556.77 -556.77
-615.33 -556.77
-560.46 -560.46
-571.36 -560.46
-545.31 -545.31
-544.89 -544.89
-586.79 -544.89
-545.77 -545.77
-544.70 -544.70
-554.28 -544.70
-545.11 -545.11
-559.85 -545.11
-559.87 -545.11
-545.00 -545.00
-563.42 -545.00
-558.61 -545.00
-544.73 -544.73
-554.55 -544.73
-544.83 -544.83
-545.19 -545.19
-544.70 -544.70
-554.62 -544.70
-555.53 -544.70
-554.58 -544.70
-554.32 -544.70
-545.39 -545.39
-557.07 -545.39
-554.00 -545.39
-557.64 -545.39
-553.83 -545.39
-559.37 -545.39
-554.62 -545.39
-546.38 -545.39
-543.08 -543.08
-544.66 -543.08
-544.44 -543.08
-545.51 -543.08
-544.96 -543.08
-568.42 -543.08
-544.57 -543.08
-549.51 -543.08
-566.23 -543.08
-546.37 -543.08
-544.66 -543.08
-552.33 -543.08
-557.46 -543.08
-557.63 -543.08
-545.49 -543.08
-573.29 -543.08
-545.07 -543.08
-566.17 -543.08
-546.16 -543.08
-547.70 -543.08
-560.84 -543.08
-560.68 -543.08
-545.32 -543.08
-559.39 -543.08
-560.28 -543.08
-545.09 -543.08
-544.75 -544.75
-548.80 -544.75
-561.83 -544.75
-544.79 -544.79
-546.29 -546.29
-558.52 -546.29
-549.95 -546.29
-561.94 -546.29
-559.14 -546.29
-546.35 -546.35
-561.54 -546.35
-560.77 -546.35
-544.53 -544.53
-544.37 -544.37
-544.78 -544.78
-545.68 -545.68
-544.83 -544.83
-545.72 -545.72
-556.85 -545.72
-553.05 -545.72
-546.86 -546.86
-559.85 -546.86
-546.85 -546.85
-558.77 -546.85
-584.50 -546.85
-557.00 -546.85
-544.56 -544.56
-561.96 -544.56
-553.35 -544.56
-544.57 -544.57
-547.43 -544.57
-546.42 -544.57
-544.61 -544.61
-559.42 -544.61
-577.43 -544.61
-546.58 -544.61
-544.37 -544.37
-544.77 -544.77
-571.46 -544.77
-566.17 -544.77
-547.31 -544.77
-562.21 -544.77
-552.16 -544.77
-545.65 -544.77
-559.05 -544.77
-546.65 -544.77
-551.96 -544.77
-546.99 -544.77
-559.89 -544.77
-557.40 -544.77
-568.31 -544.77
-565.56 -544.77
-545.35 -545.35
-558.74 -545.35
-544.66 -544.66
-563.46 -544.66
-545.55 -544.66
-546.16 -544.66
-544.55 -544.55
-545.30 -544.55
-545.39 -544.55
-544.83 -544.83
-553.05 -544.83
-558.76 -544.83
-556.69 -544.83
-553.35 -544.83
-556.54 -544.83
-553.49 -544.83
-546.59 -544.83
-561.09 -544.83
-560.72 -544.83
-553.59 -544.83
-556.30 -544.83
-544.56 -544.56
-544.55 -544.55
-544.53 -544.53
-546.63 -544.53
-546.24 -544.53
-544.80 -544.53
-545.26 -544.53
-556.64 -544.53
-544.55 -544.55
-546.37 -544.55
-561.19 -544.55
-546.61 -544.55
-545.10 -545.10
-544.54 -544.54
-556.82 -544.54
-556.29 -544.54
-559.45 -544.54
-548.90 -544.54
-546.86 -544.54
-559.25 -544.54
-544.79 -544.79
-559.07 -544.79
-544.56 -544.56
-570.49 -544.56
-556.41 -544.56
-557.61 -544.56
-544.54 -544.54
-545.52 -544.54
-544.54 -544.54
-569.69 -544.54
-584.10 -544.54
-544.73 -544.73
-558.86 -544.73
-545.44 -545.44
-553.28 -545.44
-546.38 -546.38
-545.17 -545.17
-555.93 -545.17
-544.45 -544.45
-559.75 -544.45
-555.24 -544.45
-547.43 -544.45
-558.74 -544.45
-555.96 -544.45
-544.99 -544.99
-556.89 -544.99
-565.00 -544.99
-544.56 -544.56
-546.34 -544.56
-544.76 -544.76
-545.34 -545.34
-544.69 -544.69
-553.23 -544.69
-546.20 -544.69
-556.85 -544.69
-556.70 -544.69
-544.72 -544.72
-544.35 -544.35
-543.06 -543.06
-544.55 -543.06
-544.58 -544.58
-557.72 -544.58
-567.30 -544.58
-584.73 -544.58
-559.76 -544.58
-552.88 -544.58
-559.96 -544.58
-561.11 -544.58
-545.34 -544.58
-560.57 -544.58
-544.81 -544.81
-545.43 -545.43
-554.42 -545.43
-545.13 -545.13
-547.68 -545.13
-560.06 -545.13
-559.88 -545.13
-545.46 -545.13
-554.06 -545.13
-544.72 -544.72
-556.89 -544.72
-556.30 -544.72
-545.61 -544.72
-558.28 -544.72
-545.33 -545.33
-544.32 -544.32
-558.51 -544.32
-562.51 -544.32
-544.89 -544.32
-556.49 -544.32
-545.16 -545.16
-559.89 -545.16
-544.54 -544.54
-548.58 -544.54
-544.78 -544.54
-545.43 -545.43
-545.32 -545.32
-543.08 -543.08
-545.22 -545.22
-545.43 -545.43
-558.90 -545.43
-543.06 -543.06
-559.21 -543.06
-547.31 -543.06
-547.21 -543.06
-558.76 -543.06
-560.20 -543.06
-545.03 -543.06
-547.61 -543.06
-544.99 -544.99
-544.69 -544.69
-561.89 -544.69
-544.73 -544.73
-553.06 -544.73
-544.78 -544.78
-559.45 -544.78
-556.94 -544.78
-553.40 -544.78
-559.12 -544.78
-544.53 -544.53
-557.68 -544.53
-553.99 -544.53
-545.48 -544.53
-544.58 -544.58
-560.14 -544.58
-557.07 -544.58
-544.54 -544.54
-561.21 -544.54
-553.24 -544.54
-556.03 -544.54
-556.75 -544.54
-544.83 -544.83
-544.55 -544.55
-556.00 -544.55
-554.02 -544.55
-556.46 -544.55
-558.21 -544.55
-558.21 -544.55
-560.63 -544.55
-563.60 -544.55
-544.53 -544.53
-577.58 -544.53
-546.55 -544.53
-553.33 -544.53
-544.85 -544.85
-545.34 -545.34
-544.33 -544.33
-557.40 -544.33
-544.55 -544.55
-545.43 -544.55
-544.57 -544.57
-560.18 -544.57
-561.15 -544.57
-544.71 -544.71
-561.23 -544.71
-545.00 -545.00
-558.76 -545.00
-544.54 -544.54
-559.91 -544.54
-558.78 -544.54
-544.80 -544.54
-554.49 -544.54
-547.30 -544.54
-544.56 -544.56
-545.36 -545.36
-544.46 -544.46
-544.84 -544.84
-545.34 -544.84
-544.90 -544.90
-558.20 -544.90
-544.57 -544.57
-579.39 -544.57
-545.54 -544.57
-554.06 -544.57
-556.02 -544.57
-545.43 -545.43
-543.07 -543.07
-545.30 -543.07
-559.42 -543.07
-556.49 -543.07
-559.88 -543.07
-599.96 -543.07
-559.24 -543.07
-548.32 -543.07
-558.61 -543.07
-555.98 -543.07
-556.29 -543.07
-545.44 -543.07
-563.86 -543.07
-553.37 -543.07
-545.26 -543.07
-562.08 -543.07
-559.04 -543.07
-561.17 -543.07
-552.86 -543.07
-565.23 -543.07
-544.72 -544.72
-544.41 -544.41
-545.30 -545.30
-544.86 -544.86
-544.61 -544.61
-545.43 -544.61
-567.29 -544.61
-544.72 -544.61
-555.86 -544.61
-545.49 -544.61
-545.41 -544.61
-545.35 -544.61
-545.32 -544.61
-545.77 -545.77
-544.71 -544.71
-556.80 -544.71
-560.02 -544.71
-543.04 -543.04
-544.54 -543.04
-545.47 -543.04
-556.81 -543.04
-544.89 -544.89
-557.69 -544.89
-560.37 -544.89
-545.37 -545.37
-559.92 -545.37
-544.85 -544.85
-545.34 -544.85
-559.07 -544.85
-558.75 -544.85
-559.52 -544.85
-560.05 -544.85
-546.97 -544.85
-544.53 -544.53
-559.48 -544.53
-566.31 -544.53
-544.69 -544.69
-1014.13 -544.69
-1030.55 -544.69
-1011.54 -1011.54
-1005.19 -1005.19
-1018.79 -1005.19
-992.42 -992.42
-1000.84 -992.42
-990.53 -990.53
-973.50 -973.50
-952.17 -952.17
-947.49 -947.49
-970.20 -947.49
-950.86 -947.49
-926.74 -926.74
-926.50 -926.50
-928.23 -928.23
-938.58 -928.23
-943.91 -928.23
-912.39 -912.39
-918.19 -912.39
-940.27 -912.39
-905.22 -905.22
-926.47 -905.22
-899.18 -899.18
-918.61 -899.18
-900.73 -900.73
-908.58 -900.73
-892.91 -892.91
-912.07 -892.91
-861.71 -861.71
-869.40 -861.71
-859.42 -859.42
-841.53 -841.53
-882.45 -841.53
-848.40 -841.53
-841.52 -841.52
-827.12 -827.12
-817.09 -817.09
-844.31 -817.09
-841.91 -817.09
-818.21 -817.09
-816.77 -816.77
-828.25 -816.77
-833.16 -816.77
-793.68 -793.68
-776.12 -776.12
-764.06 -764.06
-783.92 -764.06
-748.13 -748.13
-731.14 -731.14
-729.23 -729.23
-764.81 -729.23
-724.50 -724.50
-690.62 -690.62
-714.38 -690.62
-707.18 -690.62
-660.51 -660.51
-627.56 -627.56
-632.04 -627.56
-669.81 -627.56
-610.58 -610.58
-575.53 -575.53
-573.37 -573.37
-556.29 -556.29
-546.54 -546.54
-547.31 -547.31
-578.99 -547.31
-544.74 -544.74
-544.88 -544.88
-557.72 -544.88
-584.95 -544.88
-547.70 -544.88
-556.90 -544.88
-562.77 -544.88
-545.32 -545.32
-544.30 -544.30
-553.17 -544.30
-544.69 -544.69
-558.89 -544.69
-549.09 -544.69
-544.74 -544.69
-544.59 -544.59
-544.67 -544.67
-556.78 -544.67
-560.54 -544.67
-544.84 -544.84
-562.88 -544.84
-558.66 -544.84
-545.28 -545.28
-544.37 -544.37
-559.50 -544.37
-556.80 -544.37
-545.19 -545.19
-558.20 -545.19
-544.71 -544.71
-559.08 -544.71
-559.17 -544.71
-559.96 -544.71
-544.76 -544.76
-553.40 -544.76
-561.24 -544.76
-553.46 -544.76
-543.08 -543.08
-561.42 -543.08
-544.58 -543.08
-545.41 -543.08
-557.93 -543.08
-557.65 -543.08
-550.72 -543.08
-559.78 -543.08
-558.62 -543.08
-545.01 -545.01
-557.84 -545.01
-545.68 -545.01
-544.85 -544.85
-544.89 -544.89
-543.09 -543.09
-546.32 -543.09
-561.25 -543.09
-556.72 -543.09
-553.34 -543.09
-559.90 -543.09
-553.47 -543.09
-555.76 -543.09
-563.68 -543.09
-544.78 -543.09
-556.94 -543.09
-555.98 -543.09
-547.62 -543.09
-553.21 -543.09
-545.13 -543.09
-555.92 -543.09
-609.99 -543.09
-556.06 -543.09
-556.87 -543.09
-558.77 -543.09
-544.56 -544.56
-553.43 -544.56
-549.51 -544.56
-545.21 -544.56
-553.18 -544.56
-544.66 -544.66
-556.62 -544.66
-546.15 -544.66
-557.45 -544.66
-545.30 -545.30
-544.57 -544.57
-544.59 -544.59
-545.09 -545.09
-558.59 -545.09
-561.92 -545.09
-562.77 -545.09
-545.34 -545.09
-553.40 -545.09
-560.96 -545.09
-561.37 -545.09
-559.77 -545.09
-564.65 -545.09
-546.32 -545.09
-548.76 -545.09
-559.43 -545.09
-544.66 -544.66
-572.05 -544.66
-545.06 -544.66
-546.48 -546.48
-562.70 -546.48
-568.40 -546.48
-568.44 -546.48
-558.96 -546.48
-546.16 -546.16
-545.00 -545.00
-561.07 -545.00
-553.60 -545.00
-556.99 -545.00
-560.04 -545.00
-560.82 -545.00
-545.32 -545.32
-545.00 -545.00
-555.64 -545.00
-544.57 -544.57
-544.55 -544.55
-544.81 -544.55
-556.55 -544.55
-559.18 -544.55
-559.56 -544.55
-561.20 -544.55
-544.57 -544.57
-554.31 -544.57
-556.51 -544.57
-581.64 -544.57
-559.02 -544.57
-560.14 -544.57
-544.54 -544.54
-544.72 -544.72
-556.34 -544.72
-545.30 -544.72
-553.96 -544.72
-547.63 -544.72
-544.96 -544.96
-545.81 -544.96
-547.73 -544.96
-555.86 -544.96
-556.50 -544.96
-560.30 -544.96
-544.57 -544.57
-554.48 -544.57
-590.67 -544.57
-559.95 -544.57
-544.74 -544.74
-566.14 -544.74
-544.87 -544.87
-565.76 -544.87
-545.38 -545.38
-546.52 -546.52
-559.66 -546.52
-561.50 -546.52
-545.26 -545.26
-545.35 -545.35
-556.80 -545.35
-545.34 -545.34
-560.04 -545.34
-543.05 -543.05
-544.79 -543.05
-559.24 -543.05
-573.27 -543.05
-581.65 -543.05
-561.26 -543.05
-561.18 -543.05
-549.58 -543.05
-544.60 -543.05
-544.53 -544.53
-558.86 -544.53
-544.48 -544.48
-543.09 -543.09
-556.30 -543.09
-544.77 -544.77
-546.35 -544.77
-545.37 -544.77
-553.38 -544.77
-558.80 -544.77
-545.16 -545.16
-556.46 -545.16
-558.75 -545.16
-544.75 -544.75
-548.91 -544.75
-561.76 -544.75
-556.15 -544.75
-545.34 -544.75
-543.05 -543.05
-565.92 -543.05
-566.33 -543.05
-545.32 -543.05
-544.77 -543.05
-547.19 -543.05
-565.74 -543.05
-544.57 -543.05
-544.58 -544.58
-544.71 -544.71
-545.04 -544.71
-557.49 -544.71
-555.62 -544.71
-544.75 -544.75
-544.56 -544.56
-544.71 -544.56
-566.15 -544.56
-551.60 -544.56
-544.89 -544.89
-544.60 -544.60
-565.60 -544.60
-556.88 -544.60
-545.08 -545.08
-544.66 -544.66
-559.51 -544.66
-545.27 -544.66
-560.02 -544.66
-556.77 -544.66
-547.43 -544.66
-560.77 -544.66
-544.47 -544.47
-544.97 -544.97
-544.59 -544.59
-566.35 -544.59
-543.04 -543.04
-553.22 -543.04
-556.76 -543.04
-559.92 -543.04
-554.60 -543.04
-544.56 -544.56
-558.45 -544.56
-556.29 -544.56
-550.33 -544.56
-548.89 -544.56
-569.59 -544.56
-553.25 -544.56
-553.87 -544.56
-544.30 -544.30
-556.43 -544.30
-548.98 -544.30
-553.43 -544.30
-545.72 -544.30
-558.86 -544.30
-544.66 -544.66
-544.74 -544.74
-553.37 -544.74
-544.54 -544.54
-558.21 -544.54
-556.01 -544.54
-560.07 -544.54
-544.55 -544.55
-546.10 -544.55
-559.55 -544.55
-544.57 -544.57
-546.32 -544.57
-554.48 -544.57
-554.51 -544.57
-560.68 -544.57
-544.79 -544.79
-554.48 -544.79
-543.09 -543.09
-559.42 -543.09
-556.57 -543.09
-546.88 -543.09
-545.41 -543.09
-544.56 -543.09
-556.91 -543.09
-544.68 -543.09
-559.44 -543.09
-560.01 -543.09
-557.38 -543.09
-545.34 -543.09
-544.48 -543.09
-545.32 -543.09
-543.06 -543.06
-544.54 -544.54
-559.10 -544.54
-577.23 -544.54
-547.66 -544.54
-559.62 -544.54
-557.59 -544.54
-544.73 -544.73
-581.65 -544.73
-545.32 -545.32
-548.92 -545.32
-544.93 -544.93
-545.02 -545.02
-546.59 -545.02
-557.21 -545.02
-544.66 -544.66
-553.20 -544.66
-544.56 -544.56
-556.72 -544.56
-546.42 -544.56
-545.08 -544.56
-544.76 -544.76
-566.50 -544.76
-553.85 -544.76
-546.97 -544.76
-559.00 -544.76
-545.52 -544.76
-558.92 -544.76
-546.56 -544.76
-544.72 -544.72
-544.69 -544.69
-545.69 -545.69
-546.95 -545.69
-556.88 -545.69
-549.50 -545.69
-548.89 -545.69
-556.82 -545.69
-545.30 -545.30
-545.35 -545.35
-560.03 -545.35
-559.34 -545.35
-560.02 -545.35
-546.09 -546.09
-544.62 -544.62
-556.99 -544.62
-546.11 -544.62
-545.34 -545.34
-559.22 -545.34
-544.38 -544.38
-547.29 -544.38
-563.48 -544.38
-555.87 -544.38
-572.35 -544.38
-556.07 -544.38
-560.93 -544.38
-553.40 -544.38
-546.60 -544.38
-544.87 -544.38
-561.05 -544.38
-544.83 -544.38
-556.50 -544.38
-559.78 -544.38
-545.34 -545.34
-560.30 -545.34
-552.91 -545.34
-554.08 -545.34
-558.96 -545.34
-546.10 -546.10
-545.32 -545.32
-556.68 -545.32
-544.88 -544.88
-560.00 -544.88
-556.83 -544.88
-544.55 -544.55
-546.15 -544.55
-544.99 -544.99
-544.70 -544.70
-544.57 -544.57
-554.52 -544.57
-564.68 -544.57
-563.60 -544.57
-558.28 -544.57
-557.68 -544.57
-553.46 -544.57
-1020.41 -544.57
-1034.58 -544.57
-1026.89 -544.57
-1020.55 -544.57
