-10000.00 -10000.00
-1183.52 -1183.52
-1158.03 -1158.03
-1136.91 -1136.91
-1149.22 -1136.91
-1132.63 -1132.63
-1147.32 -1132.63
-1106.33 -1106.33
-1140.70 -1106.33
-1115.54 -1106.33
-1120.89 -1106.33
-1109.41 -1106.33
-1112.62 -1106.33
-1097.38 -1097.38
-1110.56 -1097.38
-1070.53 -1070.53
-1100.87 -1070.53
-1042.07 -1042.07
-1017.43 -1017.43
-1054.80 -1017.43
-1031.16 -1017.43
-1047.78 -1017.43
-1052.64 -1017.43
-1025.13 -1017.43
-1056.16 -1017.43
-1024.62 -1017.43
-977.73 -977.73
-965.85 -965.85
-949.72 -949.72
-935.19 -935.19
-933.88 -933.88
-925.79 -925.79
-931.56 -925.79
-913.74 -913.74
-913.42 -913.42
-914.66 -913.42
-876.64 -876.64
-855.54 -855.54
-824.70 -824.70
-832.29 -824.70
-777.65 -777.65
-745.58 -745.58
-725.72 -725.72
-687.08 -687.08
-700.15 -687.08
-666.48 -666.48
-656.96 -656.96
-656.47 -656.47
-663.80 -656.47
-648.58 -648.58
-692.54 -648.58
-694.02 -648.58
-672.83 -648.58
-679.30 -648.58
-652.91 -648.58
-638.28 -638.28
-638.44 -638.44
-639.73 -638.44
-638.65 -638.65
-657.79 -638.65
-639.16 -639.16
-639.37 -639.37
-639.00 -639.00
-638.61 -638.61
-658.65 -638.61
-652.87 -638.61
-658.83 -638.61
-639.11 -639.11
-638.96 -638.96
-638.47 -638.47
-654.46 -638.47
-678.78 -638.47
-654.74 -638.47
-659.29 -638.47
-639.35 -638.47
-638.83 -638.83
-676.91 -638.83
-652.00 -638.83
-681.93 -638.83
-654.72 -638.83
-638.47 -638.47
-638.37 -638.37
-651.90 -638.37
-653.21 -638.37
-638.44 -638.44
-663.86 -638.44
-650.22 -638.44
-652.91 -638.44
-638.43 -638.43
-639.37 -638.43
-639.10 -638.43
-654.46 -638.43
-639.34 -638.43
-638.46 -638.46
-658.86 -638.46
-639.19 -638.46
-655.16 -638.46
-657.32 -638.46
-677.06 -638.46
-638.92 -638.92
-651.80 -638.92
-643.15 -638.92
-636.67 -636.67
-677.82 -636.67
-638.98 -636.67
-652.82 -636.67
-685.12 -636.67
-654.08 -636.67
-652.02 -636.67
-639.14 -636.67
-639.75 -639.75
-638.64 -638.64
-638.56 -638.56
-651.91 -638.56
-641.63 -641.63
-653.06 -641.63
-640.37 -640.37
-638.49 -638.49
-638.64 -638.64
-638.44 -638.44
-657.99 -638.44
-643.42 -638.44
-657.43 -638.44
-639.04 -639.04
-656.05 -639.04
-638.72 -638.72
-660.42 -638.72
-649.49 -638.72
-638.67 -638.67
-666.18 -638.67
-656.40 -638.67
-639.34 -639.34
-653.29 -639.34
-638.85 -638.85
-656.67 -638.85
-652.82 -638.85
-639.16 -638.85
-655.32 -638.85
-654.11 -638.85
-639.00 -639.00
-658.02 -639.00
-640.26 -639.00
-638.43 -638.43
-640.47 -638.43
-648.73 -638.43
-643.49 -638.43
-638.67 -638.67
-639.14 -638.67
-667.36 -638.67
-642.05 -638.67
-649.54 -638.67
-652.21 -638.67
-653.74 -638.67
-655.11 -638.67
-638.85 -638.85
-638.75 -638.75
-663.13 -638.75
-652.86 -638.75
-636.68 -636.68
-638.99 -638.99
-656.51 -638.99
-639.29 -639.29
-656.50 -639.29
-641.52 -639.29
-639.45 -639.45
-647.10 -639.45
-655.43 -639.45
-636.72 -636.72
-638.28 -636.72
-655.90 -636.72
-638.22 -636.72
-654.68 -636.72
-638.74 -636.72
-639.50 -636.72
-638.49 -638.49
-639.01 -639.01
-655.52 -639.01
-652.84 -639.01
-655.74 -639.01
-656.96 -639.01
-681.94 -639.01
-639.37 -639.37
-638.76 -638.76
-646.58 -638.76
-652.90 -638.76
-638.61 -638.61
-652.44 -638.61
-655.86 -638.61
-649.05 -638.61
-638.43 -638.43
-639.29 -639.29
-639.15 -639.15
-657.96 -639.15
-654.34 -639.15
-655.61 -639.15
-661.15 -639.15
-663.80 -639.15
-648.86 -639.15
-638.67 -638.67
-652.97 -638.67
-654.08 -638.67
-659.46 -638.67
-639.03 -639.03
-636.71 -636.71
-655.81 -636.71
-656.47 -636.71
-653.00 -636.71
-670.07 -636.71
-638.79 -636.71
-638.60 -636.71
-639.57 -636.71
-655.62 -636.71
-638.88 -636.71
-651.74 -636.71
-639.37 -636.71
-647.10 -636.71
-638.75 -636.71
-656.49 -636.71
-655.89 -636.71
-639.04 -636.71
-663.74 -636.71
-640.24 -636.71
-638.89 -636.71
-653.42 -636.71
-656.35 -636.71
-648.77 -636.71
-652.97 -636.71
-638.45 -636.71
-638.70 -638.70
-639.59 -638.70
-648.81 -638.70
-639.37 -639.37
-653.15 -639.37
-663.27 -639.37
-638.83 -638.83
-651.98 -638.83
-649.69 -638.83
-653.04 -638.83
-641.00 -638.83
-654.82 -638.83
-640.30 -638.83
-657.05 -638.83
-638.42 -638.42
-641.28 -638.42
-656.44 -638.42
-638.44 -638.44
-664.71 -638.44
-638.66 -638.66
-642.16 -638.66
-642.05 -638.66
-657.13 -638.66
-654.97 -638.66
-638.27 -638.27
-638.91 -638.91
-649.02 -638.91
-639.87 -639.87
-636.72 -636.72
-655.15 -636.72
-638.63 -636.72
-650.28 -636.72
-638.81 -636.72
-656.43 -636.72
-652.58 -636.72
-653.18 -636.72
-639.24 -636.72
-648.88 -636.72
-654.82 -636.72
-652.78 -636.72
-638.60 -636.72
-639.20 -636.72
-638.62 -636.72
-639.34 -636.72
-638.76 -636.72
-659.77 -636.72
-655.67 -636.72
-659.55 -636.72
-654.79 -636.72
-638.76 -636.72
-685.13 -636.72
-638.61 -636.72
-639.05 -636.72
-640.94 -636.72
-639.78 -636.72
-656.10 -636.72
-656.46 -636.72
-656.51 -636.72
-639.32 -636.72
-639.24 -636.72
-656.51 -636.72
-638.51 -636.72
-638.81 -636.72
-639.50 -636.72
-652.72 -636.72
-651.96 -636.72
-655.66 -636.72
-650.41 -636.72
-640.52 -636.72
-638.14 -638.14
-639.35 -638.14
-638.47 -638.47
-638.47 -638.47
-638.48 -638.48
-638.69 -638.69
-663.77 -638.69
-655.64 -638.69
-648.73 -638.69
-638.64 -638.64
-649.88 -638.64
-657.19 -638.64
-638.43 -638.43
-648.42 -638.43
-652.84 -638.43
-657.22 -638.43
-638.45 -638.45
-643.38 -638.45
-657.03 -638.45
-656.39 -638.45
-639.71 -638.45
-651.90 -638.45
-638.57 -638.57
-652.82 -638.57
-684.53 -638.57
-640.31 -638.57
-640.41 -638.57
-639.62 -638.57
-669.41 -638.57
-660.47 -638.57
-655.76 -638.57
-659.01 -638.57
-654.26 -638.57
-638.88 -638.57
-640.71 -638.57
-645.69 -638.57
-640.81 -638.57
-638.59 -638.59
-651.73 -638.59
-638.72 -638.72
-639.24 -638.72
-639.36 -639.36
-653.76 -639.36
-638.68 -638.68
-649.43 -638.68
-651.99 -638.68
-682.73 -638.68
-640.24 -638.68
-656.11 -638.68
-639.37 -639.37
-655.78 -639.37
-650.08 -639.37
-638.86 -638.86
-638.62 -638.62
-653.77 -638.62
-652.88 -638.62
-638.47 -638.47
-654.58 -638.47
-654.75 -638.47
-648.84 -638.47
-651.92 -638.47
-654.80 -638.47
-663.78 -638.47
-636.67 -636.67
-646.67 -636.67
-653.52 -636.67
-638.66 -636.67
-651.60 -636.67
-655.30 -636.67
-639.43 -636.67
-639.54 -636.67
-639.04 -636.67
-638.62 -636.67
-649.50 -636.67
-638.44 -636.67
-652.70 -636.67
-681.96 -636.67
-640.57 -636.67
-639.38 -639.38
-652.43 -639.38
-639.19 -639.19
-648.29 -639.19
-639.31 -639.31
-657.15 -639.31
-649.55 -639.31
-638.44 -638.44
-638.95 -638.44
-638.72 -638.44
-650.19 -638.44
-639.34 -638.44
-663.44 -638.44
-648.86 -638.44
-643.47 -638.44
-641.55 -638.44
-660.80 -638.44
-655.29 -638.44
-654.07 -638.44
-688.02 -638.44
-654.45 -638.44
-638.49 -638.49
-664.00 -638.49
-653.03 -638.49
-639.36 -639.36
-648.76 -639.36
-655.39 -639.36
-642.13 -639.36
-638.70 -638.70
-655.18 -638.70
-656.90 -638.70
-643.64 -638.70
-643.45 -638.70
-638.47 -638.47
-667.09 -638.47
-667.28 -638.47
-638.74 -638.47
-641.82 -638.47
-638.66 -638.66
-638.83 -638.83
-639.36 -639.36
-638.46 -638.46
-638.49 -638.49
-1168.78 -1168.78
-1158.24 -1158.24
-1158.63 -1158.24
-1177.07 -1158.24
-1153.40 -1153.40
-1175.37 -1153.40
-1158.16 -1153.40
-1180.18 -1153.40
-1143.93 -1143.93
-1136.62 -1136.62
-1161.80 -1136.62
-1165.67 -1136.62
-1128.80 -1128.80
-1113.75 -1113.75
-1122.49 -1113.75
-1095.07 -1095.07
-1056.74 -1056.74
-1080.04 -1056.74
-1045.23 -1045.23
-1026.10 -1026.10
-1040.43 -1026.10
-1062.90 -1026.10
-1035.84 -1026.10
-1054.59 -1026.10
-1001.14 -1001.14
-995.21 -995.21
-1016.54 -995.21
-945.83 -945.83
-969.33 -945.83
-991.72 -945.83
-990.83 -945.83
-929.61 -929.61
-988.92 -929.61
-965.43 -929.61
-987.59 -929.61
-913.52 -913.52
-972.92 -913.52
-853.64 -853.64
-827.23 -827.23
-880.89 -827.23
-837.70 -827.23
-825.12 -825.12
-830.94 -825.12
-810.71 -810.71
-830.18 -810.71
-827.83 -810.71
-821.64 -810.71
-830.90 -810.71
-821.62 -810.71
-768.89 -768.89
-810.61 -768.89
-752.89 -752.89
-824.68 -752.89
-763.30 -752.89
-733.77 -733.77
-748.88 -733.77
-683.07 -683.07
-727.85 -683.07
-687.96 -683.07
-659.88 -659.88
-654.75 -654.75
-656.91 -656.91
-658.69 -658.69
-657.51 -657.51
-649.15 -649.15
-656.03 -649.15
-654.02 -649.15
-652.51 -649.15
-664.08 -649.15
-652.83 -649.15
-660.18 -649.15
-728.72 -649.15
-666.37 -649.15
-656.96 -649.15
-655.71 -649.15
-638.78 -638.78
-663.89 -638.78
-656.97 -638.78
-656.05 -638.78
-639.55 -638.78
-656.51 -638.78
-639.06 -639.06
-656.31 -639.06
-653.84 -639.06
-638.99 -638.99
-639.08 -639.08
-638.45 -638.45
-638.56 -638.56
-636.70 -636.70
-648.96 -636.70
-657.06 -636.70
-638.80 -636.70
-640.72 -636.70
-638.30 -636.70
-653.03 -636.70
-639.40 -639.40
-638.48 -638.48
-685.76 -638.48
-640.46 -638.48
-682.75 -638.48
-639.59 -639.59
-647.11 -639.59
-639.32 -639.32
-652.38 -639.32
-639.27 -639.27
-652.56 -639.27
-655.42 -639.27
-639.50 -639.50
-639.37 -639.37
-638.59 -638.59
-653.75 -638.59
-639.46 -638.59
-640.71 -638.59
-638.15 -638.15
-638.95 -638.95
-649.16 -638.95
-638.82 -638.82
-655.14 -638.82
-643.33 -638.82
-638.45 -638.45
-638.46 -638.46
-638.49 -638.49
-638.97 -638.49
-643.19 -638.49
-658.63 -638.49
-652.18 -638.49
-685.12 -638.49
-638.44 -638.44
-681.95 -638.44
-640.92 -638.44
-648.88 -638.44
-639.85 -638.44
-639.73 -639.73
-638.57 -638.57
-647.21 -638.57
-639.35 -638.57
-638.82 -638.57
-665.31 -638.57
-640.53 -638.57
-656.07 -638.57
-639.50 -638.57
-638.64 -638.64
-638.46 -638.46
-639.73 -638.46
-638.86 -638.86
-649.04 -638.86
-657.03 -638.86
-655.87 -638.86
-638.81 -638.81
-656.01 -638.81
-642.05 -638.81
-654.72 -638.81
-656.03 -638.81
-654.78 -638.81
-643.32 -638.81
-638.15 -638.15
-638.77 -638.77
-638.61 -638.61
-653.47 -638.61
-640.28 -638.61
-652.85 -638.61
-655.03 -638.61
-655.64 -638.61
-638.44 -638.44
-639.06 -638.44
-660.82 -638.44
-638.42 -638.42
-639.57 -638.42
-660.76 -638.42
-652.93 -638.42
-652.60 -638.42
-647.09 -638.42
-651.94 -638.42
-677.03 -638.42
-636.72 -636.72
-638.43 -636.72
-647.09 -636.72
-649.64 -636.72
-658.01 -636.72
-658.21 -636.72
-639.34 -636.72
-638.45 -636.72
-638.67 -636.72
-639.47 -636.72
-662.55 -636.72
-641.44 -636.72
-638.34 -636.72
-657.75 -636.72
-655.51 -636.72
-656.48 -636.72
-652.83 -636.72
-639.55 -636.72
-639.37 -636.72
-638.44 -636.72
-638.42 -636.72
-639.18 -636.72
-660.83 -636.72
-638.36 -636.72
-636.71 -636.71
-639.18 -636.71
-666.51 -636.71
-639.82 -636.71
-652.88 -636.71
-639.04 -636.71
-639.52 -636.71
-649.13 -636.71
-638.25 -638.25
-654.63 -638.25
-664.98 -638.25
-655.58 -638.25
-654.02 -638.25
-650.23 -638.25
-639.36 -638.25
-664.32 -638.25
-643.37 -638.25
-656.36 -638.25
-648.69 -638.25
-656.69 -638.25
-638.87 -638.25
-638.59 -638.25
-638.37 -638.37
-650.13 -638.37
-671.34 -638.37
-651.82 -638.37
-649.33 -638.37
-670.79 -638.37
-638.64 -638.64
-660.41 -638.64
-639.34 -639.34
-653.65 -639.34
-643.61 -639.34
-654.86 -639.34
-653.54 -639.34
-648.55 -639.34
-648.75 -639.34
-660.55 -639.34
-657.86 -639.34
-638.99 -638.99
-657.25 -638.99
-649.40 -638.99
-636.69 -636.69
-639.03 -636.69
-656.43 -636.69
-639.34 -639.34
-673.22 -639.34
-639.24 -639.24
-654.79 -639.24
-638.47 -638.47
-639.51 -638.47
-639.14 -639.14
-648.92 -639.14
-639.09 -639.09
-638.22 -638.22
-663.73 -638.22
-658.33 -638.22
-642.10 -638.22
-655.30 -638.22
-640.76 -640.76
-666.97 -640.76
-641.15 -641.15
-681.95 -641.15
-659.33 -641.15
-639.16 -639.16
-638.99 -638.99
-639.89 -638.99
-639.01 -639.01
-638.43 -638.43
-654.55 -638.43
-638.47 -638.47
-656.16 -638.47
-638.49 -638.49
-639.37 -638.49
-638.43 -638.43
-639.34 -638.43
-656.68 -638.43
-641.45 -638.43
-638.14 -638.14
-640.45 -638.14
-638.27 -638.27
-651.98 -638.27
-643.49 -638.27
-652.57 -638.27
-638.26 -638.26
-657.40 -638.26
-638.17 -638.17
-639.37 -638.17
-638.62 -638.17
-639.27 -639.27
-651.97 -639.27
-657.41 -639.27
-648.83 -639.27
-654.52 -639.27
-666.51 -639.27
-656.32 -639.27
-653.65 -639.27
-641.41 -639.27
-642.03 -639.27
-656.54 -639.27
-685.12 -639.27
-648.83 -639.27
-648.62 -639.27
-648.16 -639.27
-660.24 -639.27
-649.21 -639.27
-655.05 -639.27
-639.23 -639.23
-654.55 -639.23
-655.63 -639.23
-638.28 -638.28
-665.00 -638.28
-639.62 -638.28
-663.36 -638.28
-638.66 -638.28
-638.43 -638.43
-652.92 -638.43
-639.53 -638.43
-655.11 -638.43
-675.09 -638.43
-650.25 -638.43
-654.74 -638.43
-649.94 -638.43
-655.61 -638.43
-658.88 -638.43
-664.96 -638.43
-639.75 -638.43
-692.56 -638.43
-672.00 -638.43
-652.32 -638.43
-660.93 -638.43
-685.80 -638.43
-650.97 -638.43
-643.47 -638.43
-638.46 -638.46
-638.49 -638.49
-638.47 -638.47
-636.67 -636.67
-638.74 -638.74
-663.80 -638.74
-643.17 -638.74
-640.53 -638.74
-655.66 -638.74
-648.42 -638.74
-643.62 -638.74
-648.44 -638.74
-660.62 -638.74
-656.06 -638.74
-638.94 -638.94
-658.32 -638.94
-639.36 -639.36
-643.17 -639.36
-666.50 -639.36
-638.63 -638.63
-666.10 -638.63
-638.60 -638.60
-658.01 -638.60
-640.49 -638.60
-654.89 -638.60
-640.47 -640.47
-672.66 -640.47
-638.79 -638.79
-639.37 -639.37
-650.21 -639.37
-643.52 -639.37
-655.30 -639.37
-639.73 -639.73
-654.79 -639.73
-639.44 -639.44
-639.36 -639.36
-661.18 -639.36
-638.70 -638.70
-655.33 -638.70
-638.61 -638.61
-638.99 -638.99
-639.82 -639.82
-672.46 -639.82
-664.68 -639.82
-640.53 -639.82
-663.47 -639.82
-649.04 -639.82
-657.93 -639.82
-648.89 -639.82
-640.22 -639.82
-641.33 -639.82
-638.62 -638.62
-639.34 -639.34
-656.66 -639.34
-658.20 -639.34
-639.24 -639.24
-638.49 -638.49
-638.44 -638.44
-653.62 -638.44
-653.51 -638.44
-638.61 -638.61
-663.79 -638.61
-638.34 -638.34
-639.16 -638.34
-652.76 -638.34
-656.62 -638.34
-652.35 -638.34
-643.15 -638.34
-653.48 -638.34
-666.34 -638.34
-639.19 -638.34
-639.47 -639.47
-665.60 -639.47
-657.63 -639.47
-638.47 -638.47
-650.17 -638.47
-655.92 -638.47
-639.28 -638.47
-638.60 -638.47
-638.43 -638.43
-669.83 -638.43
-663.75 -638.43
-639.80 -638.43
-638.49 -638.49
-1207.23 -638.49
-1156.10 -1156.10
-1136.60 -1136.60
-1139.14 -1136.60
-1137.44 -1136.60
-1113.83 -1113.83
-1119.07 -1113.83
-1028.03 -1028.03
-1041.51 -1028.03
-1022.42 -1022.42
-1027.12 -1022.42
-1026.96 -1022.42
-1056.00 -1022.42
-1019.20 -1019.20
-1074.25 -1019.20
-1036.35 -1019.20
-1003.43 -1003.43
-1020.12 -1003.43
-1013.12 -1003.43
-997.68 -997.68
-1042.49 -997.68
-987.01 -987.01
-935.66 -935.66
-954.18 -935.66
-950.02 -935.66
-933.32 -933.32
-927.63 -927.63
-912.76 -912.76
-928.62 -912.76
-914.87 -912.76
-933.41 -912.76
-896.39 -896.39
-855.50 -855.50
-849.86 -849.86
-839.88 -839.88
-830.75 -830.75
-850.72 -830.75
-857.19 -830.75
-854.54 -830.75
-827.01 -827.01
-772.72 -772.72
-818.20 -772.72
-818.84 -772.72
-786.89 -772.72
-743.55 -743.55
-726.06 -726.06
-693.52 -693.52
-722.28 -693.52
-656.24 -656.24
-639.40 -639.40
-641.29 -641.29
-652.68 -641.29
-656.47 -641.29
-639.10 -639.10
-652.83 -639.10
-666.16 -639.10
-638.42 -638.42
-638.88 -638.88
-639.38 -639.38
-655.88 -639.38
-639.09 -639.09
-639.04 -639.04
-638.68 -638.68
-643.45 -638.68
-640.41 -638.68
-681.96 -638.68
-639.07 -638.68
-639.59 -638.68
-638.65 -638.65
-639.77 -638.65
-638.57 -638.57
-638.70 -638.70
-638.49 -638.49
-639.36 -638.49
-638.22 -638.22
-655.91 -638.22
-656.50 -638.22
-656.64 -638.22
-638.57 -638.22
-663.76 -638.22
-654.75 -638.22
-656.44 -638.22
-692.53 -638.22
-639.04 -638.22
-643.43 -638.22
-654.87 -638.22
-663.80 -638.22
-655.47 -638.22
-638.98 -638.98
-685.87 -638.98
-642.10 -638.98
-654.58 -638.98
-638.17 -638.17
-638.23 -638.23
-639.14 -639.14
-656.46 -639.14
-639.37 -639.37
-654.82 -639.37
-649.33 -639.37
-656.36 -639.37
-664.98 -639.37
-681.95 -639.37
-652.65 -639.37
-636.68 -636.68
-653.86 -636.68
-652.75 -636.68
-639.18 -636.68
-652.46 -636.68
-638.76 -636.68
-666.33 -636.68
-639.60 -636.68
-636.67 -636.67
-636.71 -636.71
-656.72 -636.71
-657.76 -636.71
-652.60 -636.71
-660.74 -636.71
-658.63 -636.71
-638.66 -636.71
-641.32 -636.71
-638.48 -636.71
-648.73 -636.71
-638.21 -636.71
-648.85 -636.71
-655.12 -636.71
-638.92 -638.92
-685.93 -638.92
-640.77 -640.77
-638.60 -638.60
-663.49 -638.60
-657.18 -638.60
-655.53 -638.60
-652.52 -638.60
-652.87 -638.60
-652.86 -638.60
-656.42 -638.60
-641.04 -638.60
-654.98 -638.60
-639.52 -638.60
-658.32 -638.60
-638.60 -638.60
-639.17 -638.60
-648.84 -638.60
-638.48 -638.48
-641.47 -638.48
-638.46 -638.46
-638.82 -638.82
-639.81 -638.82
-656.35 -638.82
-638.49 -638.49
-655.48 -638.49
-640.28 -638.49
-638.42 -638.42
-666.36 -638.42
-638.65 -638.65
-638.63 -638.63
-654.96 -638.63
-640.59 -638.63
-657.82 -638.63
-652.68 -638.63
-653.04 -638.63
-657.37 -638.63
-638.48 -638.48
-649.49 -638.48
-658.30 -638.48
-655.53 -638.48
-638.83 -638.83
-661.89 -638.83
-638.46 -638.46
-638.21 -638.21
-652.88 -638.21
-639.19 -638.21
-638.70 -638.70
-658.21 -638.70
-638.97 -638.97
-648.81 -638.97
-638.87 -638.87
-660.43 -638.87
-649.32 -638.87
-639.04 -639.04
-652.92 -639.04
-642.09 -639.04
-666.99 -639.04
-638.48 -638.48
-638.44 -638.44
-655.12 -638.44
-648.25 -638.44
-654.90 -638.44
-653.89 -638.44
-641.31 -641.31
-641.42 -641.42
-654.62 -641.42
-639.90 -639.90
-638.61 -638.61
-649.70 -638.61
-641.62 -638.61
-652.86 -638.61
-638.46 -638.46
-663.81 -638.46
-653.57 -638.46
-649.36 -638.46
-638.46 -638.46
-650.06 -638.46
-654.70 -638.46
-670.59 -638.46
-665.72 -638.46
-639.22 -639.22
-638.66 -638.66
-656.06 -638.66
-660.71 -638.66
-638.95 -638.95
-638.60 -638.60
-639.13 -638.60
-660.78 -638.60
-640.36 -638.60
-638.79 -638.79
-643.44 -638.79
-640.32 -638.79
-639.16 -638.79
-655.54 -638.79
-639.03 -639.03
-650.46 -639.03
-640.37 -639.03
-657.31 -639.03
-655.98 -639.03
-660.52 -639.03
-640.70 -639.03
-653.48 -639.03
-638.43 -638.43
-639.58 -639.58
-639.58 -639.58
-636.66 -636.66
-652.35 -636.66
-652.02 -636.66
-656.46 -636.66
-638.37 -636.66
-640.27 -636.66
-638.91 -636.66
-639.34 -636.66
-646.58 -636.66
-660.75 -636.66
-649.51 -636.66
-656.96 -636.66
-650.23 -636.66
-639.59 -636.66
-638.76 -636.66
-651.89 -636.66
-656.95 -636.66
-639.56 -636.66
-655.54 -636.66
-638.26 -638.26
-681.93 -638.26
-655.47 -638.26
-655.84 -638.26
-638.46 -638.46
-657.98 -638.46
-638.47 -638.47
-663.10 -638.47
-640.42 -638.47
-652.96 -638.47
-649.44 -638.47
-656.51 -638.47
-639.02 -638.47
-663.66 -638.47
-638.44 -638.44
-645.71 -638.44
-653.83 -638.44
-638.42 -638.42
-656.44 -638.42
-639.22 -638.42
-638.49 -638.49
-658.34 -638.49
-659.50 -638.49
-659.39 -638.49
-638.45 -638.45
-645.69 -638.45
-638.65 -638.65
-639.36 -639.36
-641.25 -641.25
-641.29 -641.29
-644.27 -641.29
-638.61 -638.61
-638.43 -638.43
-642.08 -638.43
-651.92 -638.43
-640.44 -638.43
-638.44 -638.44
-638.45 -638.45
-655.22 -638.45
-653.50 -638.45
-638.84 -638.45
-638.64 -638.45
-638.67 -638.67
-656.42 -638.67
-639.38 -639.38
-654.23 -639.38
-640.40 -639.38
-657.20 -639.38
-656.61 -639.38
-663.80 -639.38
-639.07 -639.07
-657.87 -639.07
-639.14 -639.14
-654.09 -639.14
-638.46 -638.46
-639.05 -638.46
-639.08 -639.08
-638.70 -638.70
-638.76 -638.76
-656.67 -638.76
-657.08 -638.76
-654.87 -638.76
-638.65 -638.65
-653.02 -638.65
-639.37 -639.37
-641.29 -639.37
-638.70 -638.70
-652.89 -638.70
-638.49 -638.49
-660.76 -638.49
-660.41 -638.49
-654.81 -638.49
-661.04 -638.49
-639.83 -639.83
-638.79 -638.79
-639.17 -638.79
-652.36 -638.79
-639.37 -638.79
-648.60 -638.79
-663.06 -638.79
-659.99 -638.79
-654.01 -638.79
-651.74 -638.79
-648.86 -638.79
-653.20 -638.79
-655.23 -638.79
-640.74 -638.79
-655.08 -638.79
-653.64 -638.79
-666.51 -638.79
-652.88 -638.79
-645.69 -638.79
-650.09 -638.79
-659.28 -638.79
-651.77 -638.79
-656.46 -638.79
-663.77 -638.79
-638.46 -638.46
-650.02 -638.46
-655.67 -638.46
-644.68 -638.46
-648.59 -638.46
-640.48 -638.46
-674.61 -638.46
-638.51 -638.51
-638.60 -638.60
-653.43 -638.60
-638.47 -638.47
-653.67 -638.47
-648.86 -638.47
-638.42 -638.42
-640.87 -638.42
-657.52 -638.42
-638.51 -638.51
-638.71 -638.51
-638.47 -638.47
-657.04 -638.47
-638.33 -638.33
-655.39 -638.33
-639.37 -638.33
-641.29 -638.33
-639.37 -639.37
-649.39 -639.37
-638.81 -638.81
-638.67 -638.67
-639.17 -639.17
-657.57 -639.17
-664.03 -639.17
-657.58 -639.17
-638.66 -638.66
-647.41 -638.66
-638.73 -638.73
-638.80 -638.80
-648.89 -638.80
-655.70 -638.80
-650.09 -638.80
-639.37 -639.37
-638.75 -638.75
-652.02 -638.75
-653.47 -638.75
-638.48 -638.48
-653.03 -638.48
-638.79 -638.79
-656.41 -638.79
-639.36 -639.36
-638.92 -638.92
-638.77 -638.77
-660.79 -638.77
-638.97 -638.97
-655.86 -638.97
-639.34 -638.97
-688.02 -638.97
-638.56 -638.56
-648.81 -638.56
-641.47 -638.56
-655.35 -638.56
-652.81 -638.56
-638.78 -638.78
-638.56 -638.56
-638.99 -638.99
-638.63 -638.63
-653.68 -638.63
-642.07 -638.63
-648.88 -638.63
-656.23 -638.63
-638.32 -638.32
-1167.60 -1167.60
-1168.22 -1167.60
-1165.43 -1165.43
-1146.49 -1146.49
-1158.28 -1146.49
-1134.93 -1134.93
-1113.87 -1113.87
-1117.44 -1113.87
-1099.53 -1099.53
-1069.16 -1069.16
-1056.36 -1056.36
-1064.43 -1056.36
-1020.36 -1020.36
-978.31 -978.31
-946.43 -946.43
-952.17 -946.43
-953.81 -946.43
-939.72 -939.72
-923.21 -923.21
-914.81 -914.81
-912.84 -912.84
-919.69 -912.84
-918.62 -912.84
-898.33 -898.33
-914.01 -898.33
-943.39 -898.33
-862.39 -862.39
-912.43 -862.39
-920.89 -862.39
-827.23 -827.23
-865.10 -827.23
-768.12 -768.12
-777.29 -768.12
-818.19 -768.12
-778.67 -768.12
-827.43 -768.12
-715.29 -715.29
-663.86 -663.86
-656.42 -656.42
-653.09 -653.09
-638.34 -638.34
-652.51 -638.34
-638.96 -638.34
-656.03 -638.34
-657.20 -638.34
-652.90 -638.34
-638.32 -638.32
-638.96 -638.32
-656.37 -638.32
-639.59 -639.59
-640.73 -640.73
-652.89 -640.73
-654.98 -640.73
-644.32 -640.73
-648.77 -640.73
-655.39 -640.73
-655.18 -640.73
-658.46 -640.73
-654.68 -640.73
-640.38 -640.38
-638.72 -638.72
-652.96 -638.72
-638.81 -638.81
-654.26 -638.81
-638.98 -638.98
-639.08 -639.08
-639.60 -639.08
-643.34 -639.08
-638.69 -638.69
-655.45 -638.69
-639.16 -639.16
-652.91 -639.16
-638.61 -638.61
-639.63 -639.63
-639.31 -639.31
-638.32 -638.32
-653.53 -638.32
-654.43 -638.32
-652.40 -638.32
-638.19 -638.19
-652.93 -638.19
-653.09 -638.19
-648.76 -638.19
-656.50 -638.19
-658.75 -638.19
-656.51 -638.19
-642.07 -638.19
-656.06 -638.19
-641.47 -638.19
-692.53 -638.19
-639.13 -638.19
-650.08 -638.19
-653.19 -638.19
-656.64 -638.19
-659.50 -638.19
-657.25 -638.19
-652.82 -638.19
-652.76 -638.19
-652.53 -638.19
-638.43 -638.43
-643.48 -638.43
-656.59 -638.43
-654.81 -638.43
-640.80 -638.43
-665.70 -638.43
-643.45 -638.43
-639.82 -638.43
-642.12 -638.43
-663.93 -638.43
-656.62 -638.43
-638.72 -638.72
-648.80 -638.72
-656.13 -638.72
-639.26 -638.72
-650.09 -638.72
-656.88 -638.72
-638.78 -638.78
-656.81 -638.78
-656.59 -638.78
-643.37 -638.78
-638.51 -638.51
-660.33 -638.51
-636.68 -636.68
-656.42 -636.68
-655.08 -636.68
-638.91 -636.68
-638.84 -636.68
-639.96 -636.68
-655.28 -636.68
-656.40 -636.68
-652.74 -636.68
-651.91 -636.68
-656.41 -636.68
-639.35 -636.68
-653.05 -636.68
-639.36 -639.36
-659.94 -639.36
-638.48 -638.48
-681.94 -638.48
-664.70 -638.48
-656.69 -638.48
-650.97 -638.48
-648.61 -638.48
-668.43 -638.48
-638.49 -638.49
-656.65 -638.49
-648.75 -638.49
-652.16 -638.49
-640.72 -638.49
-657.04 -638.49
-655.83 -638.49
-652.81 -638.49
-639.09 -638.49
-639.34 -639.34
-640.88 -640.88
-638.74 -638.74
-636.68 -636.68
-653.64 -636.68
-638.22 -636.68
-638.60 -636.68
-636.67 -636.67
-654.89 -636.67
-639.04 -636.67
-639.14 -636.67
-650.08 -636.67
-639.87 -636.67
-660.71 -636.67
-652.16 -636.67
-639.46 -636.67
-639.11 -636.67
-657.57 -636.67
-653.19 -636.67
-639.00 -636.67
-640.34 -636.67
-638.30 -636.67
-653.49 -636.67
-638.47 -636.67
-652.48 -636.67
-639.89 -636.67
-645.72 -636.67
-648.89 -636.67
-654.41 -636.67
-652.03 -636.67
-652.76 -636.67
-645.73 -636.67
-638.98 -636.67
-638.96 -636.67
-638.56 -636.67
-651.25 -636.67
-656.01 -636.67
-638.66 -636.67
-685.98 -636.67
-641.04 -636.67
-657.98 -636.67
-652.80 -636.67
-638.43 -636.67
-648.79 -636.67
-638.80 -636.67
-638.75 -636.67
-664.29 -636.67
-655.09 -636.67
-651.93 -636.67
-652.85 -636.67
-649.20 -636.67
-681.93 -636.67
-654.75 -636.67
-639.36 -636.67
-639.19 -636.67
-638.57 -638.57
-639.14 -638.57
-648.87 -638.57
-638.76 -638.76
-652.74 -638.76
-656.46 -638.76
-655.55 -638.76
-639.02 -639.02
-653.92 -639.02
-654.06 -639.02
-650.09 -639.02
-653.06 -639.02
-649.31 -639.02
-638.88 -638.88
-647.26 -638.88
-675.58 -638.88
-650.49 -638.88
-671.84 -638.88
-639.37 -639.37
-658.87 -639.37
-640.80 -640.80
-638.96 -638.96
-638.67 -638.67
-638.61 -638.61
-638.42 -638.42
-652.78 -638.42
-638.44 -638.44
-640.61 -638.44
-639.37 -639.37
-652.96 -639.37
-640.56 -639.37
-656.68 -639.37
-638.45 -638.45
-638.81 -638.81
-653.23 -638.81
-656.41 -638.81
-656.42 -638.81
-659.52 -638.81
-649.52 -638.81
-638.68 -638.68
-639.82 -638.68
-657.59 -638.68
-639.08 -639.08
-660.52 -639.08
-663.77 -639.08
-638.45 -638.45
-639.21 -638.45
-652.74 -638.45
-639.13 -638.45
-656.60 -638.45
-654.01 -638.45
-649.56 -638.45
-657.58 -638.45
-639.02 -638.45
-648.82 -638.45
-638.72 -638.45
-638.49 -638.49
-670.16 -638.49
-663.76 -638.49
-640.80 -638.49
-639.06 -639.06
-670.08 -639.06
-654.88 -639.06
-638.42 -638.42
-656.31 -638.42
-655.76 -638.42
-639.35 -638.42
-652.47 -638.42
-651.91 -638.42
-643.31 -638.42
-654.69 -638.42
-639.10 -639.10
-656.03 -639.10
-639.96 -639.10
-653.01 -639.10
-638.75 -638.75
-638.84 -638.84
-660.62 -638.84
-638.45 -638.45
-639.09 -639.09
-638.94 -638.94
-661.24 -638.94
-652.54 -638.94
-652.70 -638.94
-656.48 -638.94
-648.26 -638.94
-640.53 -638.94
-662.77 -638.94
-638.62 -638.62
-640.28 -638.62
-639.18 -639.18
-657.19 -639.18
-638.79 -638.79
-664.19 -638.79
-638.65 -638.65
-651.92 -638.65
-638.56 -638.56
-656.67 -638.56
-647.10 -638.56
-639.93 -638.56
-657.88 -638.56
-639.63 -638.56
-644.25 -638.56
-638.77 -638.77
-652.86 -638.77
-639.01 -638.77
-685.12 -638.77
-666.25 -638.77
-636.67 -636.67
-639.04 -636.67
-655.28 -636.67
-656.29 -636.67
-652.98 -636.67
-638.47 -636.67
-638.82 -636.67
-652.61 -636.67
-653.02 -636.67
-643.49 -636.67
-638.47 -636.67
-640.90 -636.67
-639.08 -636.67
-656.70 -636.67
-648.25 -636.67
-639.36 -636.67
-652.87 -636.67
-641.40 -636.67
-655.68 -636.67
-640.48 -636.67
-663.46 -636.67
-653.90 -636.67
-651.99 -636.67
-657.35 -636.67
-650.63 -636.67
-654.77 -636.67
-658.22 -636.67
-655.66 -636.67
-638.80 -638.80
-658.75 -638.80
-648.24 -638.80
-638.72 -638.72
-648.61 -638.72
-641.19 -638.72
-650.16 -638.72
-639.11 -638.72
-651.44 -638.72
-640.51 -640.51
-659.21 -640.51
-638.42 -638.42
-652.21 -638.42
-652.64 -638.42
-636.69 -636.69
-644.31 -636.69
-655.24 -636.69
-652.03 -636.69
-653.88 -636.69
-653.77 -636.69
-655.86 -636.69
-651.82 -636.69
-652.89 -636.69
-657.87 -636.69
-649.45 -636.69
-639.04 -636.69
-648.87 -636.69
-650.02 -636.69
-638.99 -636.69
-639.33 -636.69
-663.72 -636.69
-642.10 -636.69
-653.46 -636.69
-656.83 -636.69
-654.00 -636.69
-639.03 -636.69
-641.03 -636.69
-651.04 -636.69
-638.73 -636.69
-653.60 -636.69
-639.37 -636.69
-659.43 -636.69
-639.34 -636.69
-638.74 -636.69
-657.09 -636.69
-660.26 -636.69
-662.28 -636.69
-656.39 -636.69
-663.87 -636.69
-638.84 -638.84
-651.46 -638.84
-654.77 -638.84
-657.02 -638.84
-656.52 -638.84
-640.92 -638.84
-638.46 -638.46
-639.14 -638.46
-643.32 -638.46
-658.44 -638.46
-638.65 -638.65
-648.86 -638.65
-650.08 -638.65
-653.50 -638.65
-636.70 -636.70
-688.01 -636.70
-649.50 -636.70
-655.88 -636.70
-652.71 -636.70
-639.57 -636.70
-646.70 -636.70
-641.42 -636.70
-639.36 -639.36
-1192.48 -639.36
-1170.74 -1170.74
-1163.03 -1163.03
-1177.25 -1163.03
-1176.84 -1163.03
-1165.03 -1165.03
-1183.27 -1165.03
-1177.96 -1165.03
-1168.81 -1165.03
-1149.42 -1149.42
-1142.51 -1142.51
-1140.72 -1140.72
-1120.19 -1120.19
-1136.66 -1120.19
-1118.56 -1118.56
-1088.99 -1088.99
-1092.97 -1088.99
-1112.70 -1088.99
-1057.85 -1057.85
-1028.44 -1028.44
-1009.81 -1009.81
-1009.33 -1009.33
-994.68 -994.68
-1012.64 -994.68
-1036.54 -994.68
-1013.17 -994.68
-1018.26 -994.68
-973.62 -973.62
-953.91 -953.91
-967.51 -953.91
-944.93 -944.93
-927.78 -927.78
-942.32 -927.78
-916.59 -916.59
-870.20 -870.20
-899.16 -870.20
-846.26 -846.26
-838.21 -838.21
-846.98 -838.21
-823.79 -823.79
-831.23 -823.79
-835.72 -823.79
-831.02 -823.79
-827.44 -823.79
-879.32 -823.79
-774.93 -774.93
-752.77 -752.77
-774.35 -752.77
-749.61 -749.61
-724.65 -724.65
-737.51 -724.65
-715.75 -715.75
-676.15 -676.15
-703.29 -676.15
-728.82 -676.15
-686.28 -676.15
-656.36 -656.36
-652.84 -652.84
-648.67 -648.67
-653.88 -648.67
-674.13 -648.67
-636.72 -636.72
-656.85 -636.72
-654.01 -636.72
-652.82 -636.72
-652.86 -636.72
-652.96 -636.72
-639.04 -636.72
-656.38 -636.72
-660.75 -636.72
-658.12 -636.72
-661.00 -636.72
-653.52 -636.72
-644.69 -636.72
-638.42 -636.72
-666.35 -636.72
-654.52 -636.72
-639.29 -636.72
-639.44 -636.72
-651.98 -636.72
-652.76 -636.72
-656.46 -636.72
-664.17 -636.72
-636.67 -636.67
-654.43 -636.67
-656.17 -636.67
-642.11 -636.67
-636.70 -636.70
-681.96 -636.70
-648.65 -636.70
-638.48 -636.70
-638.57 -638.57
-641.18 -638.57
-658.02 -638.57
-660.81 -638.57
-654.80 -638.57
-657.36 -638.57
-639.36 -638.57
-639.37 -639.37
-638.65 -638.65
-663.23 -638.65
-638.62 -638.62
-657.20 -638.62
-641.17 -638.62
-638.28 -638.28
-681.95 -638.28
-652.52 -638.28
-654.02 -638.28
-644.33 -638.28
-638.33 -638.33
-656.45 -638.33
-651.40 -638.33
-639.04 -638.33
-636.67 -636.67
-648.75 -636.67
-652.98 -636.67
-638.69 -636.67
-639.41 -636.67
-656.37 -636.67
-664.05 -636.67
-654.04 -636.67
-648.78 -636.67
-638.45 -636.67
-650.09 -636.67
-654.78 -636.67
-656.26 -636.67
-640.54 -636.67
-652.86 -636.67
-640.93 -636.67
-657.85 -636.67
-636.72 -636.72
-638.74 -638.74
-652.20 -638.74
-650.25 -638.74
-639.54 -638.74
-639.59 -638.74
-652.96 -638.74
-648.87 -638.74
-638.44 -638.44
-661.27 -638.44
-639.40 -639.40
-655.48 -639.40
-654.87 -639.40
-644.35 -639.40
-654.52 -639.40
-650.13 -639.40
-638.84 -638.84
-654.97 -638.84
-654.43 -638.84
-639.03 -639.03
-648.74 -639.03
-643.30 -639.03
-647.13 -639.03
-639.53 -639.53
-638.83 -638.83
-640.45 -638.83
-638.19 -638.19
-654.80 -638.19
-666.35 -638.19
-638.83 -638.19
-657.62 -638.19
-658.76 -638.19
-653.74 -638.19
-638.56 -638.56
-638.19 -638.19
-659.58 -638.19
-652.77 -638.19
-652.63 -638.19
-655.68 -638.19
-643.50 -638.19
-668.83 -638.19
-656.93 -638.19
-638.76 -638.19
-645.19 -638.19
-655.77 -638.19
-638.43 -638.43
-655.56 -638.43
-643.42 -638.43
-662.80 -638.43
-654.47 -638.43
-654.53 -638.43
-636.67 -636.67
-655.10 -636.67
-657.05 -636.67
-658.81 -636.67
-654.43 -636.67
-639.42 -636.67
-660.42 -636.67
-638.43 -638.43
-638.68 -638.68
-640.28 -638.68
-639.12 -639.12
-652.79 -639.12
-653.78 -639.12
-638.70 -638.70
-654.79 -638.70
-641.26 -638.70
-657.93 -638.70
-657.46 -638.70
-639.34 -639.34
-636.66 -636.66
-636.71 -636.71
-639.08 -639.08
-645.67 -639.08
-648.71 -639.08
-638.47 -638.47
-650.95 -638.47
-656.36 -638.47
-639.96 -638.47
-638.96 -638.96
-648.74 -638.96
-656.29 -638.96
-656.20 -638.96
-644.29 -638.96
-657.88 -638.96
-639.28 -639.28
-666.42 -639.28
-666.37 -639.28
-654.87 -639.28
-655.42 -639.28
-666.99 -639.28
-638.92 -638.92
-653.57 -638.92
-656.76 -638.92
-664.73 -638.92
-654.63 -638.92
-636.67 -636.67
-638.88 -636.67
-653.56 -636.67
-638.71 -636.67
-654.76 -636.67
-657.50 -636.67
-638.80 -636.67
-640.49 -636.67
-638.94 -636.67
-638.61 -638.61
-661.27 -638.61
-639.00 -638.61
-656.37 -638.61
-640.78 -638.61
-660.74 -638.61
-669.74 -638.61
-643.17 -638.61
-638.47 -638.47
-641.26 -638.47
-639.63 -638.47
-655.25 -638.47
-639.36 -639.36
-656.03 -639.36
-640.57 -639.36
-641.57 -641.57
-638.85 -638.85
-639.66 -638.85
-652.20 -638.85
-648.83 -638.85
-638.46 -638.46
-647.05 -638.46
-650.42 -638.46
-681.96 -638.46
-652.51 -638.46
-638.82 -638.82
-655.18 -638.82
-638.44 -638.44
-657.39 -638.44
-688.02 -638.44
-652.16 -638.44
-652.14 -638.44
-638.71 -638.71
-638.98 -638.98
-649.36 -638.98
-638.64 -638.64
-639.04 -638.64
-656.58 -638.64
-651.86 -638.64
-639.38 -638.64
-652.71 -638.64
-636.71 -636.71
-640.29 -636.71
-654.84 -636.71
-638.79 -636.71
-652.72 -636.71
-641.28 -636.71
-656.34 -636.71
-642.08 -636.71
-640.86 -636.71
-657.14 -636.71
-659.32 -636.71
-656.30 -636.71
-654.75 -636.71
-653.66 -636.71
-650.22 -636.71
-657.11 -636.71
-655.85 -636.71
-639.05 -636.71
-639.37 -636.71
-639.52 -636.71
-651.05 -636.71
-654.74 -636.71
-639.39 -636.71
-652.83 -636.71
-639.04 -639.04
-639.21 -639.21
-639.34 -639.34
-638.46 -638.46
-653.81 -638.46
-648.90 -638.46
-649.39 -638.46
-641.28 -638.46
-652.61 -638.46
-663.73 -638.46
-638.47 -638.47
-663.90 -638.47
-657.15 -638.47
-638.81 -638.81
-639.08 -639.08
-655.73 -639.08
-660.78 -639.08
-658.36 -639.08
-659.45 -639.08
-650.20 -639.08
-652.50 -639.08
-656.43 -639.08
-681.92 -639.08
-638.24 -638.24
-639.39 -638.24
-657.95 -638.24
-652.97 -638.24
-651.57 -638.24
-651.82 -638.24
-655.89 -638.24
-638.27 -638.27
-652.81 -638.27
-638.76 -638.76
-657.05 -638.76
-655.27 -638.76
-639.93 -639.93
-657.86 -639.93
-641.38 -641.38
-659.21 -641.38
-638.78 -638.78
-653.69 -638.78
-639.14 -639.14
-653.91 -639.14
-649.42 -639.14
-669.14 -639.14
-638.49 -638.49
-656.56 -638.49
-655.87 -638.49
-639.30 -638.49
-652.67 -638.49
-656.89 -638.49
-638.81 -638.49
-658.31 -638.49
-640.72 -638.49
-638.84 -638.84
-663.78 -638.84
-638.45 -638.45
-639.04 -639.04
-657.33 -639.04
-650.08 -639.04
-656.69 -639.04
-639.79 -639.04
-652.89 -639.04
-655.60 -639.04
-640.91 -639.04
-663.87 -639.04
-638.88 -638.88
-645.69 -638.88
-675.02 -638.88
-657.81 -638.88
-649.31 -638.88
-648.81 -638.88
-660.46 -638.88
-639.36 -639.36
-652.44 -639.36
-656.61 -639.36
-655.09 -639.36
-638.69 -638.69
-638.56 -638.56
-659.11 -638.56
-659.57 -638.56
-660.70 -638.56
-636.71 -636.71
-657.17 -636.71
-647.39 -636.71
-638.66 -636.71
-638.77 -636.71
-638.56 -636.71
-652.19 -636.71
-651.80 -636.71
-639.69 -636.71
-649.54 -636.71
-639.02 -636.71
-657.37 -636.71
-639.27 -636.71
-638.48 -636.71
-638.46 -636.71
-666.33 -636.71
-642.16 -636.71
-657.45 -636.71
-655.68 -636.71
-639.37 -636.71
-641.12 -636.71
-656.56 -636.71
-652.82 -636.71
-639.03 -639.03
-656.88 -639.03
-643.53 -639.03
-641.52 -639.03
-638.77 -638.77
-657.07 -638.77
-639.31 -638.77
-638.60 -638.60
-679.11 -638.60
-639.34 -639.34
-638.42 -638.42
-1196.92 -638.42
-1184.35 -638.42
-1206.63 -638.42
-1183.49 -1183.49
-1220.11 -1183.49
-1196.59 -1183.49
-1193.74 -1183.49
-1202.88 -1183.49
-1207.21 -1183.49
-1170.20 -1170.20
-1158.25 -1158.25
-1153.40 -1153.40
-1150.54 -1150.54
-1162.18 -1150.54
-1167.50 -1150.54
-1163.18 -1150.54
-1149.58 -1149.58
-1154.21 -1149.58
-1145.32 -1145.32
-1139.31 -1139.31
-1158.08 -1139.31
-1167.09 -1139.31
-1139.43 -1139.43
-1148.04 -1139.43
-1132.41 -1132.41
-1135.50 -1132.41
-1121.90 -1121.90
-1115.04 -1115.04
-1116.03 -1115.04
-1114.97 -1114.97
-1136.80 -1114.97
-1099.51 -1099.51
-1114.71 -1099.51
-1071.14 -1071.14
-1060.34 -1060.34
-1072.71 -1060.34
-1076.75 -1060.34
-1068.85 -1060.34
-1046.24 -1046.24
-1016.07 -1016.07
-1023.93 -1016.07
-993.81 -993.81
-1015.58 -993.81
-1010.50 -993.81
-988.48 -988.48
-961.46 -961.46
-942.27 -942.27
-911.78 -911.78
-948.72 -911.78
-916.25 -911.78
-943.03 -911.78
-881.11 -881.11
-858.58 -858.58
-892.32 -858.58
-873.01 -858.58
-845.08 -845.08
-829.13 -829.13
-822.25 -822.25
-832.96 -822.25
-806.70 -806.70
-813.12 -806.70
-767.92 -767.92
-781.43 -767.92
-806.33 -767.92
-729.62 -729.62
-733.38 -729.62
-754.56 -729.62
-739.54 -729.62
-715.47 -715.47
-681.88 -681.88
-654.12 -654.12
-663.02 -654.12
-657.04 -654.12
-686.83 -654.12
-660.14 -654.12
-648.63 -648.63
-652.91 -648.63
-664.91 -648.63
-666.68 -648.63
-653.66 -648.63
-638.46 -638.46
-651.97 -638.46
-638.44 -638.44
-656.47 -638.44
-656.59 -638.44
-672.74 -638.44
-655.47 -638.44
-638.74 -638.74
-657.52 -638.74
-663.74 -638.74
-650.25 -638.74
-664.17 -638.74
-648.86 -638.74
-650.57 -638.74
-654.83 -638.74
-638.44 -638.44
-656.70 -638.44
-654.00 -638.44
-640.54 -638.44
-657.94 -638.44
-638.82 -638.44
-638.48 -638.48
-653.49 -638.48
-658.56 -638.48
-636.68 -636.68
-640.70 -636.68
-638.63 -636.68
-652.88 -636.68
-643.49 -636.68
-652.85 -636.68
-649.39 -636.68
-654.80 -636.68
-663.66 -636.68
-652.43 -636.68
-638.92 -636.68
-638.87 -636.68
-652.79 -636.68
-636.71 -636.71
-639.52 -636.71
-677.36 -636.71
-659.97 -636.71
-652.00 -636.71
-638.85 -636.71
-652.80 -636.71
-655.64 -636.71
-658.24 -636.71
-638.31 -638.31
-656.62 -638.31
-652.43 -638.31
-638.44 -638.44
-639.33 -638.44
-638.67 -638.67
-639.31 -638.67
-639.56 -638.67
-643.47 -638.67
-652.82 -638.67
-639.71 -639.71
-655.54 -639.71
-655.04 -639.71
-654.01 -639.71
-654.52 -639.71
-678.67 -639.71
-653.68 -639.71
-639.01 -639.01
-639.35 -639.35
-638.62 -638.62
-638.99 -638.99
-642.16 -638.99
-639.02 -639.02
-655.61 -639.02
-662.32 -639.02
-656.51 -639.02
-652.37 -639.02
-638.45 -638.45
-659.27 -638.45
-638.49 -638.49
-640.87 -640.87
-668.72 -640.87
-640.81 -640.81
-641.44 -640.81
-652.88 -640.81
-641.04 -641.04
-662.83 -641.04
-638.77 -638.77
-652.59 -638.77
-638.60 -638.60
-646.66 -638.60
-638.51 -638.51
-639.19 -639.19
-638.95 -638.95
-639.15 -639.15
-655.20 -639.15
-649.05 -639.15
-658.08 -639.15
-652.71 -639.15
-655.85 -639.15
-638.79 -638.79
-638.61 -638.61
-652.92 -638.61
-654.68 -638.61
-655.10 -638.61
-656.86 -638.61
-651.97 -638.61
-639.11 -639.11
-648.81 -639.11
-651.95 -639.11
-639.34 -639.11
-638.43 -638.43
-654.09 -638.43
-657.07 -638.43
-639.86 -639.86
-659.32 -639.86
-654.71 -639.86
-639.58 -639.58
-638.29 -638.29
-656.41 -638.29
-638.44 -638.44
-656.04 -638.44
-638.84 -638.84
-652.15 -638.84
-649.94 -638.84
-638.43 -638.43
-657.03 -638.43
-640.81 -638.43
-640.37 -640.37
-639.01 -639.01
-650.40 -639.01
-639.11 -639.11
-639.06 -639.06
-656.51 -639.06
-681.94 -639.06
-648.81 -639.06
-653.59 -639.06
-663.90 -639.06
-638.31 -638.31
-657.45 -638.31
-639.51 -638.31
-654.13 -638.31
-638.42 -638.42
-652.71 -638.42
-663.58 -638.42
-654.67 -638.42
-638.47 -638.47
-648.90 -638.47
-656.58 -638.47
-662.60 -638.47
-656.48 -638.47
-644.78 -638.47
-660.36 -638.47
-639.60 -638.47
-656.65 -638.47
-654.77 -638.47
-639.12 -638.47
-655.59 -638.47
-639.47 -638.47
-643.47 -638.47
-648.92 -638.47
-638.48 -638.48
-639.79 -638.48
-649.58 -638.48
-640.69 -638.48
-656.04 -638.48
-657.98 -638.48
-638.57 -638.57
-655.46 -638.57
-638.67 -638.67
-638.66 -638.66
-649.54 -638.66
-638.99 -638.99
-657.38 -638.99
-656.37 -638.99
-652.63 -638.99
-650.26 -638.99
-639.36 -638.99
-656.62 -638.99
-663.73 -638.99
-652.88 -638.99
-638.48 -638.48
-638.20 -638.20
-666.27 -638.20
-657.46 -638.20
-685.13 -638.20
-651.91 -638.20
-678.23 -638.20
-641.43 -638.20
-652.49 -638.20
-638.82 -638.82
-656.65 -638.82
-653.21 -638.82
-648.86 -638.82
-638.67 -638.67
-651.28 -638.67
-638.60 -638.60
-639.37 -638.60
-652.93 -638.60
-640.77 -638.60
-655.99 -638.60
-653.74 -638.60
-659.59 -638.60
-638.32 -638.32
-641.43 -638.32
-651.46 -638.32
-639.33 -639.33
-653.71 -639.33
-638.63 -638.63
-652.85 -638.63
-652.69 -638.63
-647.06 -638.63
-638.42 -638.42
-639.32 -638.42
-655.17 -638.42
-640.59 -638.42
-639.10 -639.10
-653.87 -639.10
-653.04 -639.10
-639.15 -639.15
-652.57 -639.15
-640.52 -640.52
-639.73 -639.73
-659.55 -639.73
-688.02 -639.73
-655.31 -639.73
-638.44 -638.44
-652.87 -638.44
-656.60 -638.44
-666.02 -638.44
-653.48 -638.44
-657.86 -638.44
-638.73 -638.73
-638.77 -638.77
-656.62 -638.77
-639.31 -638.77
-654.66 -638.77
-638.57 -638.57
-638.81 -638.57
-663.76 -638.57
-670.60 -638.57
-643.54 -638.57
-664.14 -638.57
-639.37 -639.37
-650.26 -639.37
-640.94 -639.37
-649.50 -639.37
-657.41 -639.37
-657.90 -639.37
-638.68 -638.68
-659.19 -638.68
-654.38 -638.68
-688.02 -638.68
-652.94 -638.68
-646.67 -638.68
-657.28 -638.68
-655.34 -638.68
-652.36 -638.68
-654.58 -638.68
-650.20 -638.68
-638.33 -638.33
-657.21 -638.33
-639.60 -638.33
-649.68 -638.33
-663.75 -638.33
-643.57 -638.33
-638.75 -638.33
-638.31 -638.31
-641.66 -638.31
-660.29 -638.31
-636.69 -636.69
-638.92 -636.69
-644.32 -636.69
-655.71 -636.69
-656.38 -636.69
-638.46 -636.69
-653.31 -636.69
-652.38 -636.69
-636.67 -636.67
-656.41 -636.67
-638.45 -636.67
-649.33 -636.67
-681.94 -636.67
-639.37 -636.67
-654.09 -636.67
-648.85 -636.67
-652.92 -636.67
-639.78 -636.67
-639.36 -636.67
-651.96 -636.67
-657.18 -636.67
-638.45 -636.67
-655.41 -636.67
-638.75 -636.67
-657.13 -636.67
-639.14 -636.67
-663.87 -636.67
-638.47 -636.67
-638.26 -636.67
-652.99 -636.67
-656.81 -636.67
-638.94 -636.67
-652.62 -636.67
-638.94 -636.67
-654.88 -636.67
-640.33 -636.67
-638.64 -636.67
-636.71 -636.71
-640.86 -636.71
-650.16 -636.71
-652.75 -636.71
-649.54 -636.71
-641.20 -636.71
-652.78 -636.71
-638.42 -636.71
-646.57 -636.71
-652.03 -636.71
-638.49 -636.71
-638.42 -636.71
-638.48 -636.71
-639.12 -636.71
-655.54 -636.71
-639.01 -636.71
-636.67 -636.67
-645.72 -636.67
-639.48 -636.67
-675.22 -636.67
-655.82 -636.67
-655.54 -636.67
-638.43 -636.67
-663.65 -636.67
-640.73 -636.67
-651.81 -636.67
-638.48 -636.67
-658.44 -636.67
-639.79 -636.67
-655.55 -636.67
-652.21 -636.67
-649.42 -636.67
-650.09 -636.67
-1170.03 -1170.03
-1171.57 -1170.03
-1136.62 -1136.62
-1149.40 -1136.62
-1146.98 -1136.62
-1145.91 -1136.62
-1121.68 -1121.68
-1117.05 -1117.05
-1114.70 -1114.70
-1112.99 -1112.99
-1075.40 -1075.40
-1097.29 -1075.40
-1085.77 -1075.40
-1087.37 -1075.40
-1062.45 -1062.45
-1074.35 -1062.45
-1080.77 -1062.45
-1036.32 -1036.32
-1014.96 -1014.96
-1016.38 -1014.96
-1065.16 -1014.96
-1019.93 -1014.96
-997.71 -997.71
-999.65 -997.71
-996.32 -996.32
-995.10 -995.10
-1042.57 -995.10
-950.35 -950.35
-935.24 -935.24
-971.46 -935.24
-912.43 -912.43
-855.81 -855.81
-925.79 -855.81
-812.42 -812.42
-801.80 -801.80
-822.55 -801.80
-810.99 -801.80
-779.04 -779.04
-827.78 -779.04
-730.02 -730.02
-726.68 -726.68
-764.12 -726.68
-762.83 -726.68
-769.27 -726.68
-750.33 -726.68
-692.91 -692.91
-680.10 -680.10
-683.10 -680.10
-711.39 -680.10
-688.35 -680.10
-677.53 -677.53
-656.12 -656.12
-652.13 -652.13
-638.72 -638.72
-681.93 -638.72
-661.42 -638.72
-668.38 -638.72
-638.95 -638.95
-639.37 -639.37
-638.70 -638.70
-638.21 -638.21
-656.93 -638.21
-638.66 -638.66
-656.28 -638.66
-640.39 -638.66
-640.93 -638.66
-648.91 -638.66
-638.96 -638.96
-638.63 -638.63
-639.28 -638.63
-651.99 -638.63
-658.71 -638.63
-685.88 -638.63
-652.03 -638.63
-641.59 -638.63
-657.45 -638.63
-653.48 -638.63
-639.35 -638.63
-641.42 -641.42
-663.61 -641.42
-639.11 -639.11
-655.71 -639.11
-669.07 -639.11
-654.80 -639.11
-650.43 -639.11
-638.75 -638.75
-638.81 -638.81
-639.28 -638.81
-651.87 -638.81
-648.87 -638.81
-640.29 -640.29
-650.46 -640.29
-657.41 -640.29
-639.38 -639.38
-657.26 -639.38
-651.86 -639.38
-655.89 -639.38
-657.02 -639.38
-638.81 -638.81
-646.55 -638.81
-655.99 -638.81
-681.92 -638.81
-640.76 -640.76
-655.93 -640.76
-638.45 -638.45
-638.67 -638.67
-655.83 -638.67
-654.37 -638.67
-638.69 -638.69
-656.07 -638.69
-636.68 -636.68
-654.44 -636.68
-639.29 -636.68
-643.35 -636.68
-639.40 -636.68
-669.38 -636.68
-639.01 -636.68
-640.46 -636.68
-638.48 -636.68
-654.59 -636.68
-636.71 -636.71
-652.82 -636.71
-663.95 -636.71
-651.94 -636.71
-663.76 -636.71
-641.36 -636.71
-651.79 -636.71
-649.04 -636.71
-668.53 -636.71
-639.37 -636.71
-638.38 -636.71
-639.34 -636.71
-639.14 -636.71
-652.81 -636.71
-640.83 -636.71
-656.36 -636.71
-656.43 -636.71
-640.96 -636.71
-660.44 -636.71
-648.78 -636.71
-653.73 -636.71
-648.69 -636.71
-638.63 -636.71
-639.12 -636.71
-657.08 -636.71
-654.86 -636.71
-652.75 -636.71
-639.77 -636.71
-692.53 -636.71
-653.71 -636.71
-655.84 -636.71
-636.72 -636.72
-651.42 -636.72
-655.53 -636.72
-649.56 -636.72
-683.07 -636.72
-638.57 -636.72
-653.03 -636.72
-652.93 -636.72
-639.37 -636.72
-636.71 -636.71
-652.86 -636.71
-641.53 -636.71
-657.90 -636.71
-656.54 -636.71
-648.88 -636.71
-654.00 -636.71
-652.92 -636.71
-648.87 -636.71
-640.93 -636.71
-653.55 -636.71
-638.44 -636.71
-638.79 -636.71
-656.40 -636.71
-652.90 -636.71
-644.35 -636.71
-648.79 -636.71
-638.44 -636.71
-639.09 -639.09
-652.94 -639.09
-654.47 -639.09
-655.96 -639.09
-643.15 -639.09
-655.07 -639.09
-653.15 -639.09
-657.62 -639.09
-654.89 -639.09
-668.87 -639.09
-652.24 -639.09
-656.16 -639.09
-655.97 -639.09
-652.94 -639.09
-663.73 -639.09
-639.78 -639.78
-659.69 -639.78
-644.73 -639.78
-648.87 -639.78
-654.20 -639.78
-656.39 -639.78
-736.36 -639.78
-658.68 -639.78
-638.44 -638.44
-652.02 -638.44
-655.23 -638.44
-655.60 -638.44
-641.18 -638.44
-654.10 -638.44
-657.14 -638.44
-651.97 -638.44
-638.70 -638.44
-656.90 -638.44
-674.95 -638.44
-640.44 -638.44
-653.74 -638.44
-638.43 -638.43
-640.72 -638.43
-652.76 -638.43
-652.87 -638.43
-645.73 -638.43
-655.83 -638.43
-656.95 -638.43
-664.24 -638.43
-639.45 -638.43
-638.66 -638.43
-638.78 -638.43
-638.80 -638.80
-655.84 -638.80
-652.77 -638.80
-636.66 -636.66
-643.48 -636.66
-638.37 -636.66
-652.57 -636.66
-667.18 -636.66
-656.88 -636.66
-656.67 -636.66
-638.23 -638.23
-651.75 -638.23
-638.77 -638.77
-664.97 -638.77
-643.50 -638.77
-653.85 -638.77
-666.52 -638.77
-638.69 -638.69
-665.44 -638.69
-681.94 -638.69
-657.44 -638.69
-639.00 -639.00
-681.93 -639.00
-639.00 -639.00
-638.65 -638.65
-639.00 -639.00
-648.78 -639.00
-652.91 -639.00
-652.71 -639.00
-648.57 -639.00
-638.42 -638.42
-639.30 -638.42
-638.96 -638.96
-638.83 -638.83
-642.04 -638.83
-643.39 -638.83
-638.44 -638.44
-640.97 -638.44
-638.45 -638.45
-639.16 -638.45
-636.70 -636.70
-638.82 -638.82
-652.93 -638.82
-641.37 -638.82
-640.94 -638.82
-641.02 -641.02
-663.79 -641.02
-647.07 -641.02
-660.55 -641.02
-643.47 -641.02
-639.08 -639.08
-653.88 -639.08
-642.09 -639.08
-638.63 -638.63
-662.92 -638.63
-656.65 -638.63
-655.06 -638.63
-655.29 -638.63
-652.01 -638.63
-647.05 -638.63
-647.36 -638.63
-638.51 -638.51
-655.45 -638.51
-669.86 -638.51
-638.73 -638.73
-638.47 -638.47
-648.91 -638.47
-656.60 -638.47
-653.91 -638.47
-638.91 -638.47
-654.42 -638.47
-660.42 -638.47
-636.70 -636.70
-650.16 -636.70
-658.05 -636.70
-657.52 -636.70
-640.92 -636.70
-669.87 -636.70
-638.77 -636.70
-638.30 -636.70
-655.58 -636.70
-653.37 -636.70
-663.89 -636.70
-638.57 -638.57
-654.14 -638.57
-640.87 -638.57
-655.29 -638.57
-639.37 -638.57
-638.76 -638.76
-649.37 -638.76
-685.12 -638.76
-653.54 -638.76
-656.81 -638.76
-657.97 -638.76
-639.31 -638.76
-639.12 -639.12
-639.35 -639.35
-655.80 -639.35
-639.39 -639.39
-668.55 -639.39
-647.14 -639.39
-665.74 -639.39
-655.24 -639.39
-655.44 -639.39
-669.24 -639.39
-648.75 -639.39
-641.04 -639.39
-650.27 -639.39
-639.75 -639.39
-654.89 -639.39
-638.96 -638.96
-639.42 -639.42
-639.68 -639.68
-638.96 -638.96
-655.87 -638.96
-655.05 -638.96
-653.72 -638.96
-639.11 -639.11
-642.07 -639.11
-653.78 -639.11
-644.30 -639.11
-656.17 -639.11
-639.70 -639.70
-639.50 -639.50
-638.60 -638.60
-647.09 -638.60
-642.07 -638.60
-654.02 -638.60
-638.94 -638.94
-639.03 -639.03
-652.74 -639.03
-651.25 -639.03
-656.63 -639.03
-681.92 -639.03
-652.04 -639.03
-638.49 -638.49
-638.86 -638.49
-674.51 -638.49
-653.54 -638.49
-658.18 -638.49
-658.34 -638.49
-685.82 -638.49
-639.15 -639.15
-654.79 -639.15
-663.79 -639.15
-652.80 -639.15
-638.51 -638.51
-649.88 -638.51
-644.71 -638.51
-672.84 -638.51
-660.75 -638.51
-639.41 -639.41
-639.18 -639.18
-668.34 -639.18
-639.39 -639.39
-652.20 -639.39
-685.13 -639.39
-671.84 -639.39
-673.14 -639.39
-639.64 -639.39
-685.53 -639.39
-654.90 -639.39
-681.94 -639.39
-638.81 -638.81
-652.02 -638.81
-638.47 -638.47
-653.45 -638.47
-649.05 -638.47
-641.48 -638.47
-655.92 -638.47
-638.88 -638.88
-640.29 -638.88
-680.99 -638.88
-667.18 -638.88
-670.97 -638.88
-639.83 -638.88
-655.95 -638.88
-654.99 -638.88
-658.71 -638.88
-652.20 -638.88
-660.98 -638.88
-638.80 -638.80
-668.46 -638.80
-648.83 -638.80
-654.69 -638.80
-638.67 -638.67
-652.65 -638.67
-660.52 -638.67
-664.55 -638.67
-638.45 -638.45
-656.48 -638.45
-1162.11 -638.45
-1196.36 -638.45
-1196.35 -638.45
-1202.24 -638.45
-1208.23 -638.45
-1187.11 -638.45
-1184.92 -638.45
-1174.51 -638.45
-1186.88 -638.45
-1160.88 -638.45
-1179.21 -638.45
-1196.58 -638.45
-1211.09 -638.45
-1176.71 -638.45
-1185.18 -638.45
-1208.22 -638.45
-1174.24 -638.45
-1184.49 -638.45
-1185.88 -638.45
-1206.41 -638.45
-1198.79 -638.45
-1202.10 -638.45
-1174.60 -638.45
-1185.73 -638.45
-1189.15 -638.45
-1215.39 -638.45
-1188.91 -638.45
-1189.28 -638.45
-1181.40 -638.45
-1210.36 -638.45
-1202.73 -638.45
-1210.28 -638.45
-1196.91 -638.45
-1191.51 -638.45
-1177.84 -638.45
-1168.07 -638.45
-1209.63 -638.45
-1166.09 -638.45
-1169.40 -638.45
-1198.62 -638.45
-1183.31 -638.45
-1208.99 -638.45
-1184.96 -638.45
-1188.84 -638.45
-1171.77 -638.45
-1204.73 -638.45
-1181.57 -638.45
-1207.07 -638.45
-1158.30 -638.45
-1191.27 -638.45
-1196.41 -638.45
-1182.33 -638.45
-1188.84 -638.45
-1164.96 -638.45
-1177.40 -638.45
-1183.56 -638.45
-1182.01 -638.45
-1184.56 -638.45
-1207.39 -638.45
-1201.09 -638.45
-1181.09 -638.45
-1158.03 -638.45
-1182.19 -638.45
-1173.84 -638.45
-1169.06 -638.45
-1188.90 -638.45
-1216.36 -638.45
-1185.64 -638.45
-1184.80 -638.45
-1192.48 -638.45
-1217.75 -638.45
-1207.30 -638.45
-1181.31 -638.45
-1168.24 -638.45
-1173.83 -638.45
-1216.95 -638.45
-1172.98 -638.45
-1188.64 -638.45
-1196.31 -638.45
-1204.35 -638.45
-1182.17 -638.45
-1162.54 -638.45
-1208.97 -638.45
-1179.94 -638.45
-1186.13 -638.45
-1196.09 -638.45
-1209.61 -638.45
-1136.77 -638.45
-1174.79 -638.45
-1176.14 -638.45
-1210.67 -638.45
-1176.17 -638.45
-1162.42 -638.45
-1209.22 -638.45
-1195.53 -638.45
-1177.92 -638.45
-1173.96 -638.45
-1202.23 -638.45
-1167.12 -638.45
-1184.66 -638.45
-1167.27 -638.45
-1179.50 -638.45
-1207.07 -638.45
-1202.94 -638.45
-1210.82 -638.45
-1176.08 -638.45
-1182.33 -638.45
-1193.85 -638.45
-1165.75 -638.45
-1192.31 -638.45
-1180.83 -638.45
-1237.85 -638.45
-1201.91 -638.45
-1217.66 -638.45
-1183.63 -638.45
-1196.74 -638.45
-1206.38 -638.45
-1210.29 -638.45
-1214.65 -638.45
-1209.95 -638.45
-1161.99 -638.45
-1201.25 -638.45
-1158.76 -638.45
-1204.11 -638.45
-1193.77 -638.45
-1195.54 -638.45
-1185.22 -638.45
-1182.09 -638.45
-1206.39 -638.45
-1208.86 -638.45
-1165.24 -638.45
-1170.83 -638.45
-1171.31 -638.45
-1162.44 -638.45
-1209.48 -638.45
-1162.23 -638.45
-1211.60 -638.45
-1153.98 -638.45
-1209.51 -638.45
-1209.09 -638.45
-1183.66 -638.45
-1176.37 -638.45
-1185.47 -638.45
-1167.70 -638.45
-1189.64 -638.45
-1190.85 -638.45
-1212.25 -638.45
-1210.66 -638.45
-1185.67 -638.45
-1253.55 -638.45
-1189.02 -638.45
-1180.96 -638.45
-1165.20 -638.45
-1178.30 -638.45
-1180.31 -638.45
-1209.28 -638.45
-1174.80 -638.45
-1189.01 -638.45
-1193.57 -638.45
-1174.11 -638.45
-1189.24 -638.45
-1208.97 -638.45
-1190.40 -638.45
-1210.16 -638.45
-1184.62 -638.45
-1186.43 -638.45
-1180.33 -638.45
-1179.59 -638.45
-1202.99 -638.45
-1191.20 -638.45
-1192.35 -638.45
-1196.69 -638.45
-1168.86 -638.45
-1196.72 -638.45
-1185.96 -638.45
-1183.76 -638.45
-1177.82 -638.45
-1179.64 -638.45
-1213.14 -638.45
-1180.42 -638.45
-1186.16 -638.45
-1203.00 -638.45
-1186.31 -638.45
-1208.56 -638.45
-1204.41 -638.45
-1203.99 -638.45
-1176.95 -638.45
-1209.27 -638.45
-1206.98 -638.45
-1216.49 -638.45
-1169.25 -638.45
-1213.22 -638.45
-1188.85 -638.45
-1176.52 -638.45
-1196.59 -638.45
-1191.26 -638.45
-1184.75 -638.45
-1221.65 -638.45
-1192.35 -638.45
-1153.56 -638.45
-1166.02 -638.45
-1203.75 -638.45
-1176.08 -638.45
-1186.41 -638.45
-1189.10 -638.45
-1181.66 -638.45
-1159.95 -638.45
-1147.75 -638.45
-1196.99 -638.45
-1180.32 -638.45
-1201.51 -638.45
-1185.05 -638.45
-1186.20 -638.45
-1184.65 -638.45
-1196.21 -638.45
-1179.02 -638.45
-1181.45 -638.45
-1178.82 -638.45
-1209.40 -638.45
-1210.43 -638.45
-1186.42 -638.45
-1183.30 -638.45
-1186.66 -638.45
-1196.40 -638.45
-1187.03 -638.45
-1186.29 -638.45
-1201.63 -638.45
-1210.21 -638.45
-1174.05 -638.45
-1174.92 -638.45
-1220.53 -638.45
-1150.36 -638.45
-1181.13 -638.45
-1191.16 -638.45
-1186.21 -638.45
-1182.09 -638.45
-1190.40 -638.45
-1175.70 -638.45
-1209.15 -638.45
-1201.55 -638.45
-1207.71 -638.45
-1210.13 -638.45
-1204.52 -638.45
-1182.47 -638.45
-1185.33 -638.45
-1201.97 -638.45
-1183.90 -638.45
-1162.35 -638.45
-1186.40 -638.45
-1186.72 -638.45
-1184.31 -638.45
-1166.29 -638.45
-1202.84 -638.45
-1210.46 -638.45
-1180.62 -638.45
-1185.44 -638.45
-1185.40 -638.45
-1171.04 -638.45
-1222.26 -638.45
-1183.19 -638.45
-1185.78 -638.45
-1185.83 -638.45
-1187.22 -638.45
-1178.28 -638.45
-1177.19 -638.45
-1198.46 -638.45
-1177.03 -638.45
-1190.30 -638.45
-1202.16 -638.45
-1196.50 -638.45
-1185.68 -638.45
-1202.79 -638.45
-1204.85 -638.45
-1191.01 -638.45
-1214.89 -638.45
-1193.55 -638.45
-1175.51 -638.45
-1193.46 -638.45
-1165.48 -638.45
-1210.05 -638.45
-1191.21 -638.45
-1209.62 -638.45
-1186.81 -638.45
-1185.11 -638.45
-1206.45 -638.45
-1171.87 -638.45
-1196.43 -638.45
-1169.78 -638.45
-1171.79 -638.45
-1188.49 -638.45
-1189.15 -638.45
-1202.85 -638.45
-1208.70 -638.45
-1196.34 -638.45
-1165.13 -638.45
-1196.49 -638.45
-1196.72 -638.45
-1184.92 -638.45
-1174.62 -638.45
-1169.78 -638.45
-1206.35 -638.45
-1210.42 -638.45
-1208.17 -638.45
-1186.41 -638.45
-1186.62 -638.45
-1155.50 -638.45
-1201.05 -638.45
-1163.49 -638.45
-1182.80 -638.45
-1207.88 -638.45
-1158.62 -638.45
-1158.43 -638.45
-1210.20 -638.45
-1175.15 -638.45
-1162.53 -638.45
-1181.65 -638.45
-1196.97 -638.45
-1204.35 -638.45
-1165.05 -638.45
-1181.55 -638.45
-1171.50 -638.45
-1206.23 -638.45
-1196.55 -638.45
-1154.16 -638.45
-1210.28 -638.45
-1171.63 -638.45
-1168.12 -638.45
-1185.63 -638.45
-1173.94 -638.45
-1209.31 -638.45
-1206.38 -638.45
-1187.22 -638.45
-1188.60 -638.45
-1181.29 -638.45
-1183.00 -638.45
-1206.70 -638.45
-1217.21 -638.45
-1203.88 -638.45
-1178.51 -638.45
-1220.24 -638.45
-1189.31 -638.45
-1196.68 -638.45
-1185.75 -638.45
-1185.85 -638.45
-1158.88 -638.45
-1208.71 -638.45
-1173.72 -638.45
-1177.32 -638.45
-1188.84 -638.45
-1219.06 -638.45
-1206.68 -638.45
-1181.59 -638.45
-1210.55 -638.45
-1186.37 -638.45
-1179.96 -638.45
-1190.45 -638.45
-1170.17 -638.45
-1183.12 -638.45
-1169.04 -638.45
-1191.37 -638.45
-1209.76 -638.45
-1206.41 -638.45
-1174.30 -638.45
-1183.03 -638.45
-1203.00 -638.45
-1206.15 -638.45
-1187.26 -638.45
-1207.08 -638.45
-1209.23 -638.45
-1191.09 -638.45
-1204.62 -638.45
-1212.75 -638.45
-1190.56 -638.45
-1198.38 -638.45
-1163.32 -638.45
-1187.27 -638.45
-1179.06 -638.45
-1182.85 -638.45
-1177.44 -638.45
-1193.75 -638.45
-1186.34 -638.45
-1206.33 -638.45
-1160.02 -638.45
-1165.62 -638.45
-1221.92 -638.45
-1177.53 -638.45
-1165.67 -638.45
-1214.10 -638.45
-1207.98 -638.45
-1193.83 -638.45
-1174.61 -638.45
-1228.55 -638.45
-1198.95 -638.45
-1186.37 -638.45
-1187.02 -638.45
-1165.89 -638.45
-1204.28 -638.45
-1212.92 -638.45
-1190.50 -638.45
-1215.01 -638.45
-1194.53 -638.45
-1219.29 -638.45
-1185.88 -638.45
-1177.78 -638.45
-1165.65 -638.45
-1185.79 -638.45
-1231.64 -638.45
-1206.65 -638.45
-1185.42 -638.45
-1183.62 -638.45
-1196.05 -638.45
-1204.51 -638.45
-1169.69 -638.45
-1184.06 -638.45
-1198.64 -638.45
-1196.71 -638.45
-1210.46 -638.45
-1186.56 -638.45
-1188.83 -638.45
-1177.58 -1177.58
-1159.01 -1159.01
-1126.82 -1126.82
-1118.84 -1118.84
-1147.87 -1118.84
-1134.75 -1118.84
-1116.47 -1116.47
-1067.76 -1067.76
-1111.38 -1067.76
-1078.96 -1067.76
-1054.37 -1054.37
-1059.81 -1054.37
-1032.85 -1032.85
-1039.49 -1032.85
-1020.60 -1020.60
-1036.29 -1020.60
-1013.96 -1013.96
-1019.54 -1013.96
-1007.48 -1007.48
-996.73 -996.73
-988.84 -988.84
-1014.44 -988.84
-1015.81 -988.84
-974.02 -974.02
-918.63 -918.63
-922.88 -918.63
-961.12 -918.63
-885.99 -885.99
-908.39 -885.99
-853.04 -853.04
-854.91 -853.04
-806.81 -806.81
-810.64 -806.81
-767.84 -767.84
-827.75 -767.84
-742.27 -742.27
-839.55 -742.27
-747.95 -742.27
-745.76 -742.27
-741.30 -741.30
-795.23 -741.30
-717.47 -717.47
-744.39 -717.47
-740.09 -717.47
-731.20 -717.47
-738.38 -717.47
-749.73 -717.47
-753.24 -717.47
-729.48 -717.47
-768.09 -717.47
-718.03 -718.03
-731.57 -718.03
-708.23 -708.23
-743.84 -708.23
-728.34 -708.23
-676.28 -676.28
-656.32 -656.32
-655.58 -655.58
-638.75 -638.75
-638.47 -638.47
-638.43 -638.43
-638.43 -638.43
-681.94 -638.43
-641.53 -638.43
-639.11 -639.11
-641.37 -639.11
-638.45 -638.45
-657.74 -638.45
-638.26 -638.26
-641.24 -638.26
-652.93 -638.26
-638.31 -638.31
-652.98 -638.31
-638.47 -638.47
-655.49 -638.47
-655.07 -638.47
-647.36 -638.47
-656.50 -638.47
-654.59 -638.47
-641.01 -638.47
-652.59 -638.47
-681.95 -638.47
-639.34 -638.47
-639.47 -639.47
-653.09 -639.47
-639.36 -639.36
-652.64 -639.36
-656.52 -639.36
-641.43 -639.36
-638.59 -638.59
-671.60 -638.59
-655.09 -638.59
-659.26 -638.59
-640.32 -638.59
-657.56 -638.59
-655.02 -638.59
-639.37 -639.37
-655.08 -639.37
-638.73 -638.73
-656.17 -638.73
-639.53 -639.53
-656.73 -639.53
-643.76 -639.53
-649.89 -639.53
-641.38 -639.53
-638.62 -638.62
-652.52 -638.62
-669.68 -638.62
-651.79 -638.62
-649.88 -638.62
-638.49 -638.49
-655.86 -638.49
-652.86 -638.49
-654.87 -638.49
-652.20 -638.49
-639.74 -639.74
-638.29 -638.29
-638.45 -638.45
-638.24 -638.24
-660.74 -638.24
-652.37 -638.24
-651.56 -638.24
-638.64 -638.64
-639.07 -639.07
-640.97 -639.07
-657.96 -639.07
-648.88 -639.07
-639.37 -639.37
-638.45 -638.45
-654.57 -638.45
-657.45 -638.45
-655.44 -638.45
-636.72 -636.72
-652.20 -636.72
-639.09 -636.72
-655.28 -636.72
-656.24 -636.72
-663.59 -636.72
-639.05 -636.72
-654.94 -636.72
-653.49 -636.72
-644.72 -636.72
-658.00 -636.72
-646.67 -636.72
-638.42 -636.72
-652.93 -636.72
-640.61 -636.72
-638.75 -636.72
-639.59 -636.72
-653.82 -636.72
-638.70 -636.72
-656.44 -636.72
-639.24 -636.72
-681.94 -636.72
-636.67 -636.67
-668.98 -636.67
-656.44 -636.67
-692.52 -636.67
-638.76 -636.67
-650.18 -636.67
-652.94 -636.67
-652.83 -636.67
-638.20 -638.20
-636.67 -636.67
-639.27 -636.67
-639.64 -636.67
-647.05 -636.67
-655.43 -636.67
-666.34 -636.67
-648.83 -636.67
-639.78 -636.67
-638.57 -636.67
-650.56 -636.67
-652.87 -636.67
-656.41 -636.67
-638.96 -636.67
-639.14 -636.67
-654.02 -636.67
-638.85 -636.67
-651.82 -636.67
-638.61 -636.67
-657.21 -636.67
-652.02 -636.67
-638.78 -636.67
-638.83 -636.67
-640.83 -636.67
-654.77 -636.67
-640.32 -636.67
-656.39 -636.67
-638.47 -636.67
-638.44 -636.67
-639.06 -636.67
-641.39 -636.67
-638.84 -636.67
-653.73 -636.67
-639.57 -636.67
-638.44 -636.67
-656.17 -636.67
-652.82 -636.67
-662.96 -636.67
-656.95 -636.67
-638.60 -638.60
-638.47 -638.47
-639.61 -638.47
-654.45 -638.47
-652.34 -638.47
-639.81 -638.47
-648.71 -638.47
-655.61 -638.47
-692.52 -638.47
-657.98 -638.47
-636.70 -636.70
-657.36 -636.70
-681.93 -636.70
-651.94 -636.70
-652.93 -636.70
-639.38 -636.70
-639.55 -636.70
-640.54 -636.70
-641.67 -636.70
-638.76 -636.70
-657.07 -636.70
-636.67 -636.67
-638.86 -636.67
-640.96 -636.67
-665.88 -636.67
-652.92 -636.67
-656.60 -636.67
-656.63 -636.67
-672.67 -636.67
-652.53 -636.67
-639.69 -636.67
-652.67 -636.67
-636.67 -636.67
-648.83 -636.67
-638.20 -636.67
-639.06 -636.67
-652.25 -636.67
-640.22 -636.67
-638.65 -636.67
-688.01 -636.67
-658.30 -636.67
-638.93 -636.67
-652.92 -636.67
-652.85 -636.67
-638.33 -636.67
-639.17 -636.67
-657.39 -636.67
-638.81 -636.67
-638.43 -638.43
-645.69 -638.43
-638.45 -638.45
-643.39 -638.45
-652.04 -638.45
-652.89 -638.45
-638.45 -638.45
-639.16 -639.16
-639.36 -639.36
-639.37 -639.37
-685.12 -639.37
-652.63 -639.37
-638.63 -638.63
-638.48 -638.48
-639.03 -639.03
-654.31 -639.03
-638.72 -638.72
-655.57 -638.72
-652.91 -638.72
-656.00 -638.72
-638.45 -638.45
-639.12 -638.45
-639.40 -639.40
-648.90 -639.40
-638.79 -638.79
-655.85 -638.79
-638.52 -638.52
-658.02 -638.52
-638.98 -638.52
-663.77 -638.52
-665.93 -638.52
-638.62 -638.62
-650.27 -638.62
-638.19 -638.19
-655.32 -638.19
-651.73 -638.19
-639.28 -638.19
-652.43 -638.19
-638.44 -638.44
-657.42 -638.44
-640.97 -638.44
-638.76 -638.76
-638.22 -638.22
-639.31 -638.22
-656.43 -638.22
-638.63 -638.63
-661.12 -638.63
-652.92 -638.63
-638.61 -638.61
-639.34 -639.34
-643.15 -639.34
-664.73 -639.34
-639.09 -639.09
-638.88 -638.88
-664.66 -638.88
-639.76 -638.88
-640.24 -640.24
-638.45 -638.45
-638.82 -638.82
-653.05 -638.82
-640.55 -638.82
-651.88 -638.82
-653.78 -638.82
-638.44 -638.44
-654.83 -638.44
-639.02 -639.02
-650.21 -639.02
-655.95 -639.02
-646.55 -639.02
-639.17 -639.17
-636.68 -636.68
-638.63 -636.68
-638.84 -636.68
-677.45 -636.68
-652.22 -636.68
-639.31 -636.68
-663.77 -636.68
-638.44 -636.68
-665.05 -636.68
-639.67 -636.68
-656.38 -636.68
-656.27 -636.68
-639.88 -636.68
-656.48 -636.68
-644.68 -636.68
-638.65 -636.68
-639.63 -636.68
-663.77 -636.68
-638.46 -636.68
-650.03 -636.68
-648.74 -636.68
-638.76 -636.68
-656.35 -636.68
-656.49 -636.68
-655.68 -636.68
-638.48 -638.48
-640.99 -640.99
-657.04 -640.99
-643.50 -640.99
-663.78 -640.99
-653.74 -640.99
-653.30 -640.99
-657.36 -640.99
-661.19 -640.99
-643.63 -640.99
-638.94 -638.94
-652.68 -638.94
-655.05 -638.94
-639.71 -638.94
-656.19 -638.94
-638.33 -638.33
-638.44 -638.44
-638.81 -638.81
-640.34 -638.81
-639.01 -639.01
-639.76 -639.76
-639.39 -639.39
-643.17 -639.39
-654.62 -639.39
-648.81 -639.39
-642.07 -639.39
-655.20 -639.39
-638.97 -638.97
-656.04 -638.97
-640.48 -638.97
-654.40 -638.97
-638.22 -638.22
-638.68 -638.22
-641.49 -638.22
-664.29 -638.22
-655.13 -638.22
-656.58 -638.22
-639.32 -638.22
-654.54 -638.22
-650.05 -638.22
-652.78 -638.22
-670.40 -638.22
-656.47 -638.22
-643.16 -638.22
-681.93 -638.22
-638.51 -638.22
-652.19 -638.22
-640.73 -638.22
-639.35 -638.22
-652.87 -638.22
-678.61 -638.22
-639.36 -638.22
-643.47 -638.22
-638.22 -638.22
-655.86 -638.22
-656.63 -638.22
-650.12 -638.22
-638.75 -638.75
-648.80 -638.75
-640.40 -638.75
-639.88 -639.88
-638.61 -638.61
-639.37 -639.37
-647.04 -639.37
-655.11 -639.37
-654.05 -639.37
-639.68 -639.68
-641.31 -639.68
-650.17 -639.68
-1158.20 -1158.20
-1180.97 -1158.20
-1163.12 -1158.20
-1162.23 -1158.20
-1136.46 -1136.46
-1144.81 -1136.46
-1137.05 -1136.46
-1179.19 -1136.46
-1100.38 -1100.38
-1118.96 -1100.38
-1155.15 -1100.38
-1101.62 -1100.38
-1110.57 -1100.38
-1116.45 -1100.38
-1085.74 -1085.74
-1069.14 -1069.14
-1056.06 -1056.06
-1023.26 -1023.26
-1054.51 -1023.26
-1018.19 -1018.19
-1028.51 -1018.19
-1012.30 -1012.30
-1028.07 -1012.30
-1019.48 -1012.30
-1025.77 -1012.30
-1004.64 -1004.64
-990.61 -990.61
-961.59 -961.59
-922.01 -922.01
-941.55 -922.01
-919.09 -919.09
-944.39 -919.09
-936.39 -919.09
-913.00 -913.00
-912.16 -912.16
-926.87 -912.16
-865.54 -865.54
-902.82 -865.54
-839.21 -839.21
-807.92 -807.92
-785.78 -785.78
-742.67 -742.67
-767.75 -742.67
-667.06 -667.06
-653.02 -653.02
-649.32 -649.32
-653.02 -649.32
-652.70 -649.32
-649.36 -649.36
-648.75 -648.75
-651.04 -648.75
-639.01 -639.01
-653.02 -639.01
-639.83 -639.01
-645.67 -639.01
-639.80 -639.80
-653.47 -639.80
-656.52 -639.80
-638.65 -638.65
-636.67 -636.67
-639.03 -636.67
-643.75 -636.67
-663.86 -636.67
-647.14 -636.67
-638.34 -636.67
-651.99 -636.67
-657.65 -636.67
-654.99 -636.67
-652.03 -636.67
-692.53 -636.67
-638.99 -638.99
-640.41 -640.41
-653.72 -640.41
-638.80 -638.80
-654.30 -638.80
-655.12 -638.80
-656.55 -638.80
-653.82 -638.80
-638.99 -638.99
-652.76 -638.99
-638.46 -638.46
-639.84 -638.46
-652.37 -638.46
-675.11 -638.46
-681.94 -638.46
-638.67 -638.67
-644.69 -638.67
-642.11 -638.67
-639.14 -638.67
-652.83 -638.67
-643.37 -638.67
-667.85 -638.67
-655.13 -638.67
-652.78 -638.67
-638.51 -638.51
-656.94 -638.51
-653.14 -638.51
-652.61 -638.51
-638.59 -638.51
-650.26 -638.51
-662.95 -638.51
-653.00 -638.51
-642.06 -638.51
-654.80 -638.51
-655.86 -638.51
-639.37 -638.51
-656.50 -638.51
-640.51 -638.51
-654.98 -638.51
-640.59 -640.59
-639.38 -639.38
-657.55 -639.38
-655.69 -639.38
-640.88 -639.38
-638.92 -638.92
-649.28 -638.92
-638.74 -638.74
-639.31 -639.31
-654.11 -639.31
-636.70 -636.70
-657.96 -636.70
-656.00 -636.70
-639.16 -636.70
-639.12 -636.70
-654.29 -636.70
-638.64 -636.70
-656.41 -636.70
-657.75 -636.70
-681.93 -636.70
-650.67 -636.70
-654.01 -636.70
-638.51 -636.70
-638.47 -636.70
-638.67 -636.70
-639.63 -636.70
-652.70 -636.70
-640.43 -636.70
-669.39 -636.70
-638.48 -636.70
-661.05 -636.70
-650.47 -636.70
-638.96 -638.96
-650.19 -638.96
-638.64 -638.64
-639.10 -639.10
-639.14 -639.14
-643.63 -639.14
-638.46 -638.46
-650.23 -638.46
-652.52 -638.46
-652.91 -638.46
-666.25 -638.46
-656.03 -638.46
-666.35 -638.46
-639.16 -639.16
-649.57 -639.16
-656.29 -639.16
-655.61 -639.16
-640.70 -639.16
-641.19 -639.16
-656.29 -639.16
-655.62 -639.16
-655.52 -639.16
-639.31 -639.31
-652.87 -639.31
-639.85 -639.31
-640.22 -640.22
-639.25 -639.25
-639.46 -639.25
-638.72 -638.72
-656.59 -638.72
-652.94 -638.72
-639.17 -639.17
-687.96 -639.17
-652.00 -639.17
-639.36 -639.17
-638.91 -638.91
-657.17 -638.91
-639.19 -639.19
-638.99 -638.99
-648.72 -638.99
-639.36 -639.36
-655.29 -639.36
-650.50 -639.36
-651.95 -639.36
-648.92 -639.36
-656.33 -639.36
-638.42 -638.42
-638.98 -638.98
-638.45 -638.45
-638.66 -638.66
-652.46 -638.66
-653.61 -638.66
-692.52 -638.66
-652.62 -638.66
-638.45 -638.45
-651.88 -638.45
-663.80 -638.45
-663.66 -638.45
-640.37 -638.45
-654.71 -638.45
-649.87 -638.45
-639.40 -639.40
-666.52 -639.40
-666.28 -639.40
-640.71 -639.40
-638.82 -638.82
-655.17 -638.82
-655.69 -638.82
-660.03 -638.82
-639.36 -638.82
-660.41 -638.82
-656.37 -638.82
-641.59 -638.82
-649.36 -638.82
-638.42 -638.42
-663.76 -638.42
-651.84 -638.42
-647.36 -638.42
-639.10 -638.42
-640.45 -638.42
-639.09 -638.42
-639.87 -639.87
-653.90 -639.87
-636.66 -636.66
-639.36 -636.66
-638.42 -636.66
-659.02 -636.66
-639.37 -636.66
-652.71 -636.66
-638.67 -636.66
-656.95 -636.66
-655.86 -636.66
-640.96 -636.66
-638.96 -636.66
-638.59 -638.59
-639.37 -638.59
-656.63 -638.59
-650.08 -638.59
-638.57 -638.57
-642.15 -638.57
-653.01 -638.57
-638.45 -638.45
-639.31 -639.31
-657.41 -639.31
-638.61 -638.61
-652.75 -638.61
-638.73 -638.73
-652.48 -638.73
-652.85 -638.73
-657.89 -638.73
-653.98 -638.73
-639.82 -638.73
-648.76 -638.73
-640.47 -638.73
-656.61 -638.73
-638.44 -638.44
-638.82 -638.82
-641.35 -638.82
-638.56 -638.56
-638.44 -638.44
-643.46 -638.44
-656.68 -638.44
-643.49 -638.44
-639.34 -638.44
-657.64 -638.44
-655.72 -638.44
-660.42 -638.44
-638.65 -638.65
-638.67 -638.67
-655.54 -638.67
-654.14 -638.67
-639.40 -638.67
-655.88 -638.67
-638.42 -638.42
-643.55 -638.42
-639.83 -638.42
-648.87 -638.42
-685.87 -638.42
-655.39 -638.42
-652.21 -638.42
-652.55 -638.42
-639.81 -638.42
-639.15 -639.15
-638.44 -638.44
-638.49 -638.49
-639.60 -638.49
-639.37 -638.49
-664.77 -638.49
-639.35 -638.49
-649.02 -638.49
-651.32 -638.49
-652.97 -638.49
-659.90 -638.49
-656.13 -638.49
-640.28 -640.28
-641.23 -641.23
-639.62 -639.62
-652.85 -639.62
-639.37 -639.37
-655.86 -639.37
-638.45 -638.45
-638.70 -638.70
-639.36 -639.36
-638.74 -638.74
-659.52 -638.74
-656.38 -638.74
-663.77 -638.74
-652.51 -638.74
-663.33 -638.74
-639.54 -638.74
-638.67 -638.67
-660.24 -638.67
-656.17 -638.67
-657.41 -638.67
-638.62 -638.62
-639.36 -638.62
-639.19 -639.19
-638.59 -638.59
-638.85 -638.85
-639.82 -638.85
-652.76 -638.85
-652.23 -638.85
-639.11 -639.11
-638.99 -638.99
-649.62 -638.99
-648.80 -638.99
-655.63 -638.99
-657.63 -638.99
-652.81 -638.99
-638.44 -638.44
-640.33 -638.44
-657.52 -638.44
-657.04 -638.44
-640.59 -638.44
-638.80 -638.44
-638.44 -638.44
-652.83 -638.44
-650.04 -638.44
-638.46 -638.46
-638.18 -638.18
-648.60 -638.18
-638.77 -638.18
-640.25 -638.18
-655.22 -638.18
-640.43 -638.18
-648.23 -638.18
-638.80 -638.80
-670.98 -638.80
-638.81 -638.81
-639.44 -639.44
-638.36 -638.36
-655.27 -638.36
-652.03 -638.36
-639.04 -639.04
-648.80 -639.04
-660.60 -639.04
-653.14 -639.04
-653.88 -639.04
-652.44 -639.04
-639.06 -639.06
-639.45 -639.06
-642.14 -639.06
-655.54 -639.06
-638.14 -638.14
-639.43 -638.14
-640.62 -638.14
-657.43 -638.14
-654.27 -638.14
-663.87 -638.14
-640.48 -638.14
-639.41 -638.14
-648.88 -638.14
-655.83 -638.14
-638.56 -638.56
-639.89 -638.56
-654.13 -638.56
-648.83 -638.56
-639.15 -639.15
-657.15 -639.15
-651.97 -639.15
-638.60 -638.60
-649.69 -638.60
-651.79 -638.60
-662.92 -638.60
-655.26 -638.60
-656.48 -638.60
-652.92 -638.60
-638.47 -638.47
-651.91 -638.47
-666.48 -638.47
-640.91 -638.47
-646.57 -638.47
-639.50 -639.50
-639.05 -639.05
-652.93 -639.05
-656.21 -639.05
-655.12 -639.05
-657.31 -639.05
-652.59 -639.05
-663.06 -639.05
-650.08 -639.05
-657.43 -639.05
-638.96 -638.96
-638.46 -638.46
-638.70 -638.70
-640.46 -640.46
-648.86 -640.46
-638.31 -638.31
-638.49 -638.31
-715.75 -638.31
-647.10 -638.31
-640.73 -638.31
-651.85 -638.31
-639.16 -638.31
-659.82 -638.31
-1181.86 -1181.86
-1165.18 -1165.18
-1168.49 -1165.18
-1163.36 -1163.36
