-10000.00 -10000.00
-3233.62 -10000.00
-3259.80 -10000.00
-3199.36 -3199.36
-3054.12 -3054.12
-3148.12 -3054.12
-3148.81 -3054.12
-3083.06 -3054.12
-2989.79 -2989.79
-3069.57 -2989.79
-3039.21 -2989.79
-3006.14 -2989.79
-3019.33 -2989.79
-2989.19 -2989.19
-2956.18 -2956.18
-3014.65 -2956.18
-3018.71 -2956.18
-2958.37 -2956.18
-2965.84 -2956.18
-2975.12 -2956.18
-2895.89 -2895.89
-2868.54 -2868.54
-2937.06 -2868.54
-2893.55 -2868.54
-2926.57 -2868.54
-2831.16 -2831.16
-2894.89 -2831.16
-2905.88 -2831.16
-2803.78 -2803.78
-2835.53 -2803.78
-2888.73 -2803.78
-2807.95 -2803.78
-2791.16 -2791.16
-2845.88 -2791.16
-2706.51 -2706.51
-2558.31 -2558.31
-2605.91 -2558.31
-2668.04 -2558.31
-2539.08 -2539.08
-2561.70 -2539.08
-2447.55 -2447.55
-2326.35 -2326.35
-2250.30 -2250.30
-2325.08 -2250.30
-2193.71 -2193.71
-2258.38 -2193.71
-2138.88 -2138.88
-2254.18 -2138.88
-2137.24 -2137.24
-2163.51 -2137.24
-2240.81 -2137.24
-1991.90 -1991.90
-1908.26 -1908.26
-2025.59 -1908.26
-1994.31 -1908.26
-1946.11 -1908.26
-1826.33 -1826.33
-1757.84 -1757.84
-1736.87 -1736.87
-1775.19 -1736.87
-1784.77 -1736.87
-1744.12 -1736.87
-1736.10 -1736.10
-1772.32 -1736.10
-1741.37 -1736.10
-1774.72 -1736.10
-1745.75 -1736.10
-1735.73 -1735.73
-1765.62 -1735.73
-1741.86 -1735.73
-1735.94 -1735.94
-1774.37 -1735.94
-1744.12 -1735.94
-1783.16 -1735.94
-1738.07 -1735.94
-1737.52 -1735.94
-1736.86 -1736.86
-1774.91 -1736.86
-1738.03 -1736.86
-1783.60 -1736.86
-1780.97 -1736.86
-1736.74 -1736.74
-1735.90 -1735.90
-1736.66 -1735.90
-1774.69 -1735.90
-1787.44 -1735.90
-1796.43 -1735.90
-1772.72 -1735.90
-1739.47 -1735.90
-1736.70 -1735.90
-1783.09 -1735.90
-1755.56 -1735.90
-1781.70 -1735.90
-1736.70 -1736.70
-1786.10 -1736.70
-1735.86 -1735.86
-1739.12 -1739.12
-1742.19 -1739.12
-1736.52 -1736.52
-1804.61 -1736.52
-1795.36 -1736.52
-1735.51 -1735.51
-1784.76 -1735.51
-1735.56 -1735.56
-1787.89 -1735.56
-1736.60 -1736.60
-1786.15 -1736.60
-1804.80 -1736.60
-1735.79 -1735.79
-1774.86 -1735.79
-1774.98 -1735.79
-1737.21 -1737.21
-1739.46 -1737.21
-1738.32 -1738.32
-1766.89 -1738.32
-1795.58 -1738.32
-1780.76 -1738.32
-1742.33 -1738.32
-1778.34 -1738.32
-1767.26 -1738.32
-1765.61 -1738.32
-1779.51 -1738.32
-1780.77 -1738.32
-1735.03 -1735.03
-1736.83 -1735.03
-1738.67 -1735.03
-1772.31 -1735.03
-1788.96 -1735.03
-1739.61 -1735.03
-1755.55 -1735.03
-1776.75 -1735.03
-1777.36 -1735.03
-1741.24 -1735.03
-1782.60 -1735.03
-1822.22 -1735.03
-1780.46 -1735.03
-1771.90 -1735.03
-1736.22 -1735.03
-1774.86 -1735.03
-1738.23 -1735.03
-1772.62 -1735.03
-1736.12 -1735.03
-1735.35 -1735.35
-1737.42 -1735.35
-1796.97 -1735.35
-1799.90 -1735.35
-1784.78 -1735.35
-1807.29 -1735.35
-1774.94 -1735.35
-1784.63 -1735.35
-1735.85 -1735.85
-1811.68 -1735.85
-1741.14 -1735.85
-1738.05 -1735.85
-1736.55 -1736.55
-1741.09 -1736.55
-1731.04 -1731.04
-1782.72 -1731.04
-1736.48 -1731.04
-1777.60 -1731.04
-1788.31 -1731.04
-1864.97 -1731.04
-1772.50 -1731.04
-1777.22 -1731.04
-1783.93 -1731.04
-1787.34 -1731.04
-1737.30 -1731.04
-1788.75 -1731.04
-1771.94 -1731.04
-1741.47 -1731.04
-1784.81 -1731.04
-1735.80 -1731.04
-1739.43 -1731.04
-1772.00 -1731.04
-1792.56 -1731.04
-1775.07 -1731.04
-1788.78 -1731.04
-1731.05 -1731.05
-1736.57 -1731.05
-1788.85 -1731.05
-1736.50 -1731.05
-1781.81 -1731.05
-1738.20 -1731.05
-1785.30 -1731.05
-1783.18 -1731.05
-1736.50 -1731.05
-1773.17 -1731.05
-1735.86 -1731.05
-1739.57 -1731.05
-1778.37 -1731.05
-1765.42 -1731.05
-1818.91 -1731.05
-1765.92 -1731.05
-1739.63 -1731.05
-1738.32 -1731.05
-1764.09 -1731.05
-1773.89 -1731.05
-1737.71 -1731.05
-1777.54 -1731.05
-1804.92 -1731.05
-1769.88 -1731.05
-1739.47 -1731.05
-1738.58 -1731.05
-1780.66 -1731.05
-1737.22 -1731.05
-1742.71 -1731.05
-1731.05 -1731.05
-1737.28 -1731.05
-1774.24 -1731.05
-1735.79 -1731.05
-1777.43 -1731.05
-1783.92 -1731.05
-1738.29 -1731.05
-1780.68 -1731.05
-1735.22 -1731.05
-1736.55 -1731.05
-1738.13 -1731.05
-1768.70 -1731.05
-1737.17 -1731.05
-1784.36 -1731.05
-1789.83 -1731.05
-1762.38 -1731.05
-1741.54 -1731.05
-1738.29 -1731.05
-1773.21 -1731.05
-1784.13 -1731.05
-1737.41 -1731.05
-1766.75 -1731.05
-1735.86 -1731.05
-1786.68 -1731.05
-1776.96 -1731.05
-1774.82 -1731.05
-1735.73 -1731.05
-1792.49 -1731.05
-1804.71 -1731.05
-1738.41 -1731.05
-1738.29 -1731.05
-1789.64 -1731.05
-1742.32 -1731.05
-1786.74 -1731.05
-1736.73 -1731.05
-1778.14 -1731.05
-1781.90 -1731.05
-1738.21 -1731.05
-1735.75 -1731.05
-1735.88 -1731.05
-1736.93 -1731.05
-1736.88 -1731.05
-1735.51 -1731.05
-1783.07 -1731.05
-1737.02 -1731.05
-1774.58 -1731.05
-1735.71 -1731.05
-1771.01 -1731.05
-1795.86 -1731.05
-1749.78 -1731.05
-1771.06 -1731.05
-1784.47 -1731.05
-1737.58 -1731.05
-1767.66 -1731.05
-1749.56 -1731.05
-1769.81 -1731.05
-1774.88 -1731.05
-1795.81 -1731.05
-1730.96 -1730.96
-1782.05 -1730.96
-1738.22 -1730.96
-1737.28 -1730.96
-1803.73 -1730.96
-1768.33 -1730.96
-1775.10 -1730.96
-1766.35 -1730.96
-1738.22 -1730.96
-1736.52 -1730.96
-1742.55 -1730.96
-1796.03 -1730.96
-1735.79 -1730.96
-1738.14 -1730.96
-1737.57 -1730.96
-1772.48 -1730.96
-1739.62 -1730.96
-1737.25 -1730.96
-1735.33 -1730.96
-1789.34 -1730.96
-1741.46 -1730.96
-1781.11 -1730.96
-1784.23 -1730.96
-1805.28 -1730.96
-1811.39 -1730.96
-1768.67 -1730.96
-1740.74 -1730.96
-1735.77 -1730.96
-1774.45 -1730.96
-1785.23 -1730.96
-1736.75 -1730.96
-1778.19 -1730.96
-1772.71 -1730.96
-1771.53 -1730.96
-1788.86 -1730.96
-1767.88 -1730.96
-1774.81 -1730.96
-1750.24 -1730.96
-1787.51 -1730.96
-1775.79 -1730.96
-1772.42 -1730.96
-1734.99 -1730.96
-1743.48 -1730.96
-1763.31 -1730.96
-1739.84 -1730.96
-1736.33 -1730.96
-1807.18 -1730.96
-1793.03 -1730.96
-1738.32 -1730.96
-1784.22 -1730.96
-1736.49 -1730.96
-1737.84 -1730.96
-1736.86 -1730.96
-1767.56 -1730.96
-1736.66 -1730.96
-1782.27 -1730.96
-1735.21 -1730.96
-1735.34 -1730.96
-1737.48 -1730.96
-1779.85 -1730.96
-1736.35 -1730.96
-1784.66 -1730.96
-1765.58 -1730.96
-1789.92 -1730.96
-1779.46 -1730.96
-1741.34 -1730.96
-1736.86 -1730.96
-1787.20 -1730.96
-1775.07 -1730.96
-1781.83 -1730.96
-1774.91 -1730.96
-1779.29 -1730.96
-1780.89 -1730.96
-1730.94 -1730.94
-1737.63 -1730.94
-1736.33 -1730.94
-1774.66 -1730.94
-1775.29 -1730.94
-1738.35 -1730.94
-1783.18 -1730.94
-1793.01 -1730.94
-1742.29 -1730.94
-1738.63 -1730.94
-1735.75 -1730.94
-1773.16 -1730.94
-1736.10 -1730.94
-1796.47 -1730.94
-1778.35 -1730.94
-1735.80 -1730.94
-1739.43 -1730.94
-1735.88 -1730.94
-1737.35 -1730.94
-1735.88 -1730.94
-1788.61 -1730.94
-1737.18 -1730.94
-1738.30 -1730.94
-1784.55 -1730.94
-1749.83 -1730.94
-1735.76 -1730.94
-1738.45 -1730.94
-1796.01 -1730.94
-1782.98 -1730.94
-1870.40 -1730.94
-1735.79 -1730.94
-1854.02 -1730.94
-1795.35 -1730.94
-1743.41 -1730.94
-1737.49 -1730.94
-1737.92 -1730.94
-1784.63 -1730.94
-1778.10 -1730.94
-1783.37 -1730.94
-1784.81 -1730.94
-1736.52 -1730.94
-1735.75 -1730.94
-1749.42 -1730.94
-1739.21 -1730.94
-1776.75 -1730.94
-1737.25 -1730.94
-1738.13 -1730.94
-1804.53 -1730.94
-1783.69 -1730.94
-1773.86 -1730.94
-1737.67 -1730.94
-1742.16 -1730.94
-1774.73 -1730.94
-1786.28 -1730.94
-1774.55 -1730.94
-1742.53 -1730.94
-1736.73 -1730.94
-1772.31 -1730.94
-1783.19 -1730.94
-1736.50 -1730.94
-1793.18 -1730.94
-1740.62 -1730.94
-1735.78 -1730.94
-1783.02 -1730.94
-1766.20 -1730.94
-1738.06 -1730.94
-1737.53 -1730.94
-1777.46 -1730.94
-1773.08 -1730.94
-1735.23 -1730.94
-1735.94 -1730.94
-1739.04 -1730.94
-1784.34 -1730.94
-1882.75 -1730.94
-1735.16 -1730.94
-1780.21 -1730.94
-1776.70 -1730.94
-1784.40 -1730.94
-1736.25 -1730.94
-1741.33 -1730.94
-1786.05 -1730.94
-3151.62 -3151.62
-3079.16 -3079.16
-3143.27 -3079.16
-3051.70 -3051.70
-3009.50 -3009.50
-2971.26 -2971.26
-2884.45 -2884.45
-2854.34 -2854.34
-2884.32 -2854.34
-2791.34 -2791.34
-2687.17 -2687.17
-2691.63 -2687.17
-2498.34 -2498.34
-2483.71 -2483.71
-2437.88 -2437.88
-2367.75 -2367.75
-2356.78 -2356.78
-2477.29 -2356.78
-2337.60 -2337.60
-2392.62 -2337.60
-2408.31 -2337.60
-2252.49 -2252.49
-2254.70 -2252.49
-2307.92 -2252.49
-2328.28 -2252.49
-2384.70 -2252.49
-2139.91 -2139.91
-2254.34 -2139.91
-1979.24 -1979.24
-1872.51 -1872.51
-1842.95 -1842.95
-1828.48 -1828.48
-1812.53 -1812.53
-1784.78 -1784.78
-1791.60 -1784.78
-1780.85 -1780.85
-1781.53 -1781.53
-1778.69 -1778.69
-1821.87 -1778.69
-1782.31 -1778.69
-1767.54 -1767.54
-1774.55 -1767.54
-1774.16 -1767.54
-1845.25 -1767.54
-1749.17 -1749.17
-1786.71 -1749.17
-1791.04 -1749.17
-1741.46 -1741.46
-1740.86 -1740.86
-1775.05 -1740.86
-1784.62 -1740.86
-1738.46 -1738.46
-1780.47 -1738.46
-1774.53 -1738.46
-1767.04 -1738.46
-1781.80 -1738.46
-1742.16 -1738.46
-1765.77 -1738.46
-1737.21 -1737.21
-1796.69 -1737.21
-1785.56 -1737.21
-1736.72 -1736.72
-1829.41 -1736.72
-1739.83 -1736.72
-1783.38 -1736.72
-1741.89 -1736.72
-1792.45 -1736.72
-1740.65 -1736.72
-1731.06 -1731.06
-1804.89 -1731.06
-1765.37 -1731.06
-1790.68 -1731.06
-1735.20 -1731.06
-1735.77 -1731.06
-1737.32 -1731.06
-1772.49 -1731.06
-1777.52 -1731.06
-1735.77 -1731.06
-1737.52 -1731.06
-1736.28 -1731.06
-1773.85 -1731.06
-1785.15 -1731.06
-1738.68 -1731.06
-1738.28 -1731.06
-1764.61 -1731.06
-1755.43 -1731.06
-1741.44 -1731.06
-1744.31 -1731.06
-1749.28 -1731.06
-1793.02 -1731.06
-1737.31 -1731.06
-1735.74 -1731.06
-1772.40 -1731.06
-1765.34 -1731.06
-1766.77 -1731.06
-1737.95 -1731.06
-1738.32 -1731.06
-1814.40 -1731.06
-1782.96 -1731.06
-1737.17 -1731.06
-1794.30 -1731.06
-1736.21 -1731.06
-1779.69 -1731.06
-1736.78 -1731.06
-1789.80 -1731.06
-1775.05 -1731.06
-1775.00 -1731.06
-1737.65 -1731.06
-1738.99 -1731.06
-1743.88 -1731.06
-1772.39 -1731.06
-1767.39 -1731.06
-1780.45 -1731.06
-1737.99 -1731.06
-1741.35 -1731.06
-1744.48 -1731.06
-1749.03 -1731.06
-1735.77 -1731.06
-1784.40 -1731.06
-1736.40 -1731.06
-1782.45 -1731.06
-1775.47 -1731.06
-1736.44 -1731.06
-1735.13 -1731.06
-1735.87 -1731.06
-1763.79 -1731.06
-1736.37 -1731.06
-1735.75 -1731.06
-1846.25 -1731.06
-1850.40 -1731.06
-1735.77 -1731.06
-1736.33 -1731.06
-1738.03 -1731.06
-1775.10 -1731.06
-1736.77 -1731.06
-1820.01 -1731.06
-1735.73 -1731.06
-1735.78 -1731.06
-1764.20 -1731.06
-1769.76 -1731.06
-1772.47 -1731.06
-1853.98 -1731.06
-1773.87 -1731.06
-1807.51 -1731.06
-1762.38 -1731.06
-1739.20 -1731.06
-1796.23 -1731.06
-1735.55 -1731.06
-1786.47 -1731.06
-1736.24 -1731.06
-1757.96 -1731.06
-1767.71 -1731.06
-1783.44 -1731.06
-1854.05 -1731.06
-1737.21 -1731.06
-1791.46 -1731.06
-1739.27 -1731.06
-1741.40 -1731.06
-1774.33 -1731.06
-1735.76 -1731.06
-1749.27 -1731.06
-1743.79 -1731.06
-1808.85 -1731.06
-1776.59 -1731.06
-1778.10 -1731.06
-1737.59 -1731.06
-1738.27 -1731.06
-1739.59 -1731.06
-1778.82 -1731.06
-1736.22 -1731.06
-1735.79 -1731.06
-1764.05 -1731.06
-1882.81 -1731.06
-1735.74 -1731.06
-1768.70 -1731.06
-1774.25 -1731.06
-1735.81 -1731.06
-1775.39 -1731.06
-1748.61 -1731.06
-1792.36 -1731.06
-1775.05 -1731.06
-1775.08 -1731.06
-1787.25 -1731.06
-1735.32 -1731.06
-1738.32 -1731.06
-1742.32 -1731.06
-1781.85 -1731.06
-1780.27 -1731.06
-1788.61 -1731.06
-1787.68 -1731.06
-1774.52 -1731.06
-1795.04 -1731.06
-1784.80 -1731.06
-1745.61 -1731.06
-1784.89 -1731.06
-1741.59 -1731.06
-1787.06 -1731.06
-1738.21 -1731.06
-1781.96 -1731.06
-1735.79 -1731.06
-1783.22 -1731.06
-1735.82 -1731.06
-1783.09 -1731.06
-1736.22 -1731.06
-1801.88 -1731.06
-1772.65 -1731.06
-1736.35 -1731.06
-1738.29 -1731.06
-1738.21 -1731.06
-1735.88 -1731.06
-1736.10 -1731.06
-1735.85 -1731.06
-1762.28 -1731.06
-1802.65 -1731.06
-1736.38 -1731.06
-1780.58 -1731.06
-1784.55 -1731.06
-1776.68 -1731.06
-1774.88 -1731.06
-1796.39 -1731.06
-1738.58 -1731.06
-1775.98 -1731.06
-1768.29 -1731.06
-1784.43 -1731.06
-1737.35 -1731.06
-1737.76 -1731.06
-1735.17 -1731.06
-1735.72 -1731.06
-1767.43 -1731.06
-1785.24 -1731.06
-1781.99 -1731.06
-1778.22 -1731.06
-1735.39 -1731.06
-1743.39 -1731.06
-1751.76 -1731.06
-1767.54 -1731.06
-1731.07 -1731.07
-1742.44 -1731.07
-1772.61 -1731.07
-1862.70 -1731.07
-1736.42 -1731.07
-1774.38 -1731.07
-1735.87 -1731.07
-1735.02 -1731.07
-1766.72 -1731.07
-1739.50 -1731.07
-1730.99 -1730.99
-1772.41 -1730.99
-1790.06 -1730.99
-1735.44 -1730.99
-1736.23 -1730.99
-1780.57 -1730.99
-1784.43 -1730.99
-1736.23 -1730.99
-1736.21 -1730.99
-1743.05 -1730.99
-1739.69 -1730.99
-1764.24 -1730.99
-1772.09 -1730.99
-1782.55 -1730.99
-1784.65 -1730.99
-1735.86 -1730.99
-1786.04 -1730.99
-1739.62 -1730.99
-1789.33 -1730.99
-1762.52 -1730.99
-1735.78 -1730.99
-1765.03 -1730.99
-1774.87 -1730.99
-1735.85 -1730.99
-1784.61 -1730.99
-1765.13 -1730.99
-1774.54 -1730.99
-1772.68 -1730.99
-1738.60 -1730.99
-1786.70 -1730.99
-1774.39 -1730.99
-1738.90 -1730.99
-1785.88 -1730.99
-1771.00 -1730.99
-1783.33 -1730.99
-1772.45 -1730.99
-1784.90 -1730.99
-1781.35 -1730.99
-1736.48 -1730.99
-1736.21 -1730.99
-1820.84 -1730.99
-1737.64 -1730.99
-1784.51 -1730.99
-1773.19 -1730.99
-1737.52 -1730.99
-1737.22 -1730.99
-1780.99 -1730.99
-1772.38 -1730.99
-1783.43 -1730.99
-1814.94 -1730.99
-1735.90 -1730.99
-1735.95 -1730.99
-1737.98 -1730.99
-1735.75 -1730.99
-1804.99 -1730.99
-1804.99 -1730.99
-1804.70 -1730.99
-1785.95 -1730.99
-1774.79 -1730.99
-1740.72 -1730.99
-1738.68 -1730.99
-1736.21 -1730.99
-1767.53 -1730.99
-1738.16 -1730.99
-1871.06 -1730.99
-1796.06 -1730.99
-1738.80 -1730.99
-1737.51 -1730.99
-1737.77 -1730.99
-1776.70 -1730.99
-1784.50 -1730.99
-1782.85 -1730.99
-1785.64 -1730.99
-1736.25 -1730.99
-1742.20 -1730.99
-1735.70 -1730.99
-1764.20 -1730.99
-1736.57 -1730.99
-1784.58 -1730.99
-1735.82 -1730.99
-1780.90 -1730.99
-1736.68 -1730.99
-1737.09 -1730.99
-1730.97 -1730.97
-1784.54 -1730.97
-1739.11 -1730.97
-1774.90 -1730.97
-1736.78 -1730.97
-1738.30 -1730.97
-1785.09 -1730.97
-1742.12 -1730.97
-1780.74 -1730.97
-1784.31 -1730.97
-1782.45 -1730.97
-1735.20 -1730.97
-1765.37 -1730.97
-1731.01 -1731.01
-1772.63 -1731.01
-1764.02 -1731.01
-1735.26 -1731.01
-1788.06 -1731.01
-1738.41 -1731.01
-1778.34 -1731.01
-1735.78 -1731.01
-1739.02 -1731.01
-1741.23 -1731.01
-1741.35 -1731.01
-1773.65 -1731.01
-1792.41 -1731.01
-1736.64 -1731.01
-1784.59 -1731.01
-1781.99 -1731.01
-1796.74 -1731.01
-1735.27 -1731.01
-1828.16 -1731.01
-1737.87 -1731.01
-1782.30 -1731.01
-1765.81 -1731.01
-1782.23 -1731.01
-1738.32 -1731.01
-1770.62 -1731.01
-1793.57 -1731.01
-1784.55 -1731.01
-1737.08 -1731.01
-1766.33 -1731.01
-1749.40 -1731.01
-1735.39 -1731.01
-1870.55 -1731.01
-1749.84 -1731.01
-1735.75 -1731.01
-1737.66 -1731.01
-1787.61 -1731.01
-1736.21 -1731.01
-1738.10 -1731.01
-1767.34 -1731.01
-1851.51 -1731.01
-1741.12 -1731.01
-1801.55 -1731.01
-1772.21 -1731.01
-1779.25 -1731.01
-1735.85 -1731.01
-1736.58 -1731.01
-1735.13 -1731.01
-1785.04 -1731.01
-1730.94 -1730.94
-1764.57 -1730.94
-1862.70 -1730.94
-1735.73 -1730.94
-1735.86 -1730.94
-1762.33 -1730.94
-1804.73 -1730.94
-1783.56 -1730.94
-1784.70 -1730.94
-1737.97 -1730.94
-1774.30 -1730.94
-1735.73 -1730.94
-1791.17 -1730.94
-1780.65 -1730.94
-1764.10 -1730.94
-1743.78 -1730.94
-1738.75 -1730.94
-1742.10 -1730.94
-1735.80 -1730.94
-1781.89 -1730.94
-1743.66 -1730.94
-1735.83 -1730.94
-1774.84 -1730.94
-1738.85 -1730.94
-1741.09 -1730.94
-1773.70 -1730.94
-3184.05 -3184.05
-3244.20 -3184.05
-3207.02 -3184.05
-3148.74 -3148.74
-3137.50 -3137.50
-3115.74 -3115.74
-3080.65 -3080.65
-3008.08 -3008.08
-3060.96 -3008.08
-2998.78 -2998.78
-2941.13 -2941.13
-2949.24 -2941.13
-2935.53 -2935.53
-2936.92 -2936.92
-2934.25 -2934.25
-2869.05 -2869.05
-2794.09 -2794.09
-2866.35 -2794.09
-2877.93 -2794.09
-2816.52 -2794.09
-2751.48 -2751.48
-2768.27 -2751.48
-2747.72 -2747.72
-2701.02 -2701.02
-2792.65 -2701.02
-2719.23 -2701.02
-2730.27 -2701.02
-2682.42 -2682.42
-2562.14 -2562.14
-2469.14 -2469.14
-2521.57 -2469.14
-2477.58 -2469.14
-2483.82 -2469.14
-2250.73 -2250.73
-2296.88 -2250.73
-2367.17 -2250.73
-2355.80 -2250.73
-2256.80 -2250.73
-2136.97 -2136.97
-2137.92 -2136.97
-2162.58 -2136.97
-2241.76 -2136.97
-2254.56 -2136.97
-2136.00 -2136.00
-2085.51 -2085.51
-2112.72 -2085.51
-2047.67 -2047.67
-2162.81 -2047.67
-2007.38 -2007.38
-1948.05 -1948.05
-1978.67 -1948.05
-1946.06 -1946.06
-1983.38 -1946.06
-1782.66 -1782.66
-1785.06 -1782.66
-1735.41 -1735.41
-1738.21 -1735.41
-1765.29 -1735.41
-1735.00 -1735.00
-1736.27 -1735.00
-1734.96 -1734.96
-1735.70 -1734.96
-1737.53 -1734.96
-1767.30 -1734.96
-1785.81 -1734.96
-1751.78 -1734.96
-1737.98 -1737.98
-1735.46 -1735.46
-1735.86 -1735.46
-1780.50 -1735.46
-1738.09 -1735.46
-1833.90 -1735.46
-1737.89 -1735.46
-1782.51 -1735.46
-1774.98 -1735.46
-1804.65 -1735.46
-1737.23 -1735.46
-1779.81 -1735.46
-1773.17 -1735.46
-1775.27 -1735.46
-1793.15 -1735.46
-1735.75 -1735.75
-1779.67 -1735.75
-1882.77 -1735.75
-1735.17 -1735.17
-1783.63 -1735.17
-1783.19 -1735.17
-1782.41 -1735.17
-1739.12 -1735.17
-1737.22 -1735.17
-1804.71 -1735.17
-1780.35 -1735.17
-1735.73 -1735.73
-1786.60 -1735.73
-1796.93 -1735.73
-1774.83 -1735.73
-1735.75 -1735.75
-1737.22 -1735.75
-1736.41 -1736.41
-1738.15 -1736.41
-1739.50 -1736.41
-1773.91 -1736.41
-1738.32 -1736.41
-1763.99 -1736.41
-1781.43 -1736.41
-1735.15 -1735.15
-1737.13 -1735.15
-1736.89 -1735.15
-1774.21 -1735.15
-1778.33 -1735.15
-1767.29 -1735.15
-1763.91 -1735.15
-1775.22 -1735.15
-1735.14 -1735.14
-1739.66 -1735.14
-1784.53 -1735.14
-1764.44 -1735.14
-1786.29 -1735.14
-1784.74 -1735.14
-1787.28 -1735.14
-1764.85 -1735.14
-1772.36 -1735.14
-1785.76 -1735.14
-1774.84 -1735.14
-1751.84 -1735.14
-1731.04 -1731.04
-1774.58 -1731.04
-1781.17 -1731.04
-1738.21 -1731.04
-1784.26 -1731.04
-1796.46 -1731.04
-1742.03 -1731.04
-1737.14 -1731.04
-1736.91 -1731.04
-1735.78 -1731.04
-1764.12 -1731.04
-1738.64 -1731.04
-1735.38 -1731.04
-1736.39 -1731.04
-1772.56 -1731.04
-1742.16 -1731.04
-1777.88 -1731.04
-1737.64 -1731.04
-1772.53 -1731.04
-1792.54 -1731.04
-1771.83 -1731.04
-1786.32 -1731.04
-1738.02 -1731.04
-1736.12 -1731.04
-1779.24 -1731.04
-1778.31 -1731.04
-1737.35 -1731.04
-1736.70 -1731.04
-1784.17 -1731.04
-1764.51 -1731.04
-1741.67 -1731.04
-1774.93 -1731.04
-1736.11 -1731.04
-1736.79 -1731.04
-1735.87 -1731.04
-1735.84 -1731.04
-1932.50 -1731.04
-1743.91 -1731.04
-1735.96 -1731.04
-1744.93 -1731.04
-1744.25 -1731.04
-1777.32 -1731.04
-1737.25 -1731.04
-1735.71 -1731.04
-1730.94 -1730.94
-1741.46 -1730.94
-1738.28 -1730.94
-1765.23 -1730.94
-1739.62 -1730.94
-1784.33 -1730.94
-1782.62 -1730.94
-1782.25 -1730.94
-1738.27 -1730.94
-1764.12 -1730.94
-1783.18 -1730.94
-1767.44 -1730.94
-1782.20 -1730.94
-1795.16 -1730.94
-1736.85 -1730.94
-1730.94 -1730.94
-1738.80 -1730.94
-1792.80 -1730.94
-1731.03 -1731.03
-1786.07 -1731.03
-1743.10 -1731.03
-1736.46 -1731.03
-1731.05 -1731.05
-1766.37 -1731.05
-1755.43 -1731.05
-1741.27 -1731.05
-1813.97 -1731.05
-1774.56 -1731.05
-1764.03 -1731.05
-1776.19 -1731.05
-1811.71 -1731.05
-1731.06 -1731.06
-1736.23 -1731.06
-1736.53 -1731.06
-1773.06 -1731.06
-1784.24 -1731.06
-1789.75 -1731.06
-1764.14 -1731.06
-1780.21 -1731.06
-1774.85 -1731.06
-1737.24 -1731.06
-1772.21 -1731.06
-1737.90 -1731.06
-1735.50 -1731.06
-1749.48 -1731.06
-1765.58 -1731.06
-1734.97 -1731.06
-1745.62 -1731.06
-1782.10 -1731.06
-1735.87 -1731.06
-1735.75 -1731.06
-1738.30 -1731.06
-1737.62 -1731.06
-1774.58 -1731.06
-1782.65 -1731.06
-1781.37 -1731.06
-1743.52 -1731.06
-1787.77 -1731.06
-1738.40 -1731.06
-1736.12 -1731.06
-1738.22 -1731.06
-1774.54 -1731.06
-1736.38 -1731.06
-1735.16 -1731.06
-1882.81 -1731.06
-1797.42 -1731.06
-1755.45 -1731.06
-1735.85 -1731.06
-1745.63 -1731.06
-1767.90 -1731.06
-1785.14 -1731.06
-1788.10 -1731.06
-1735.15 -1731.06
-1774.66 -1731.06
-1738.14 -1731.06
-1775.07 -1731.06
-1764.07 -1731.06
-1780.87 -1731.06
-1737.21 -1731.06
-1786.70 -1731.06
-1740.94 -1731.06
-1782.25 -1731.06
-1823.05 -1731.06
-1736.53 -1731.06
-1774.78 -1731.06
-1771.59 -1731.06
-1780.27 -1731.06
-1786.39 -1731.06
-1736.54 -1731.06
-1780.49 -1731.06
-1736.83 -1731.06
-1738.56 -1731.06
-1735.75 -1731.06
-1738.92 -1731.06
-1735.05 -1731.06
-1742.61 -1731.06
-1804.56 -1731.06
-1767.42 -1731.06
-1755.42 -1731.06
-1804.85 -1731.06
-1779.22 -1731.06
-1763.95 -1731.06
-1736.19 -1731.06
-1790.16 -1731.06
-1741.25 -1731.06
-1772.60 -1731.06
-1782.94 -1731.06
-1779.93 -1731.06
-1804.72 -1731.06
-1766.73 -1731.06
-1736.10 -1731.06
-1827.64 -1731.06
-1776.63 -1731.06
-1737.21 -1731.06
-1784.68 -1731.06
-1738.34 -1731.06
-1737.50 -1731.06
-1735.77 -1731.06
-1755.41 -1731.06
-1739.13 -1731.06
-1763.96 -1731.06
-1781.83 -1731.06
-1785.06 -1731.06
-1807.26 -1731.06
-1736.79 -1731.06
-1776.84 -1731.06
-1737.26 -1731.06
-1736.24 -1731.06
-1772.98 -1731.06
-1736.84 -1731.06
-1738.27 -1731.06
-1764.57 -1731.06
-1772.01 -1731.06
-1736.59 -1731.06
-1781.36 -1731.06
-1780.13 -1731.06
-1788.91 -1731.06
-1735.71 -1731.06
-1737.35 -1731.06
-1773.73 -1731.06
-1778.23 -1731.06
-1804.73 -1731.06
-1771.45 -1731.06
-1736.82 -1731.06
-1737.16 -1731.06
-1737.92 -1731.06
-1762.24 -1731.06
-1738.94 -1731.06
-1787.35 -1731.06
-1803.17 -1731.06
-1735.28 -1731.06
-1735.76 -1731.06
-1773.89 -1731.06
-1736.41 -1731.06
-1737.19 -1731.06
-1736.09 -1731.06
-1788.92 -1731.06
-1801.93 -1731.06
-1789.77 -1731.06
-1862.71 -1731.06
-1743.64 -1731.06
-1736.79 -1736.79
-1738.09 -1736.79
-1741.06 -1736.79
-1758.16 -1736.79
-1792.17 -1736.79
-1767.89 -1736.79
-1737.63 -1737.63
-1785.52 -1737.63
-1762.28 -1737.63
-1730.97 -1730.97
-1738.88 -1730.97
-1804.77 -1730.97
-1736.11 -1730.97
-1736.53 -1730.97
-1777.15 -1730.97
-1774.99 -1730.97
-1785.34 -1730.97
-1763.84 -1730.97
-1763.02 -1730.97
-1777.62 -1730.97
-1735.71 -1730.97
-1768.57 -1730.97
-1737.17 -1730.97
-1784.87 -1730.97
-1736.31 -1730.97
-1807.03 -1730.97
-1787.63 -1730.97
-1796.54 -1730.97
-1735.73 -1730.97
-1777.47 -1730.97
-1782.54 -1730.97
-1737.33 -1730.97
-1736.28 -1730.97
-1735.01 -1730.97
-1735.73 -1730.97
-1774.65 -1730.97
-1796.40 -1730.97
-1787.37 -1730.97
-1774.27 -1730.97
-1735.72 -1730.97
-1736.63 -1730.97
-1736.38 -1730.97
-1736.97 -1730.97
-1773.02 -1730.97
-1738.31 -1730.97
-1736.32 -1730.97
-1796.54 -1730.97
-1738.27 -1730.97
-1765.86 -1730.97
-1735.73 -1730.97
-1742.12 -1730.97
-1780.61 -1730.97
-1735.85 -1730.97
-1779.30 -1730.97
-1736.23 -1730.97
-1736.76 -1730.97
-1772.48 -1730.97
-1738.95 -1730.97
-1780.07 -1730.97
-1772.68 -1730.97
-1734.98 -1730.97
-1740.67 -1730.97
-1782.55 -1730.97
-1772.14 -1730.97
-1735.89 -1730.97
-1735.42 -1730.97
-1739.46 -1730.97
-1772.45 -1730.97
-1736.09 -1730.97
-1741.06 -1730.97
-1730.98 -1730.98
-1777.36 -1730.98
-1744.14 -1730.98
-1783.01 -1730.98
-1738.75 -1730.98
-1774.54 -1730.98
-1786.56 -1730.98
-1781.55 -1730.98
-1853.98 -1730.98
-1805.93 -1730.98
-1774.01 -1730.98
-1784.87 -1730.98
-1743.71 -1730.98
-1759.17 -1730.98
-1735.47 -1730.98
-1737.19 -1730.98
-3153.74 -3153.74
-3168.10 -3153.74
-3117.06 -3117.06
-3103.08 -3103.08
-3041.51 -3041.51
-3070.79 -3041.51
-3075.32 -3041.51
-2997.54 -2997.54
-2927.90 -2927.90
-2904.16 -2904.16
-2871.07 -2871.07
-2781.39 -2781.39
-2864.77 -2781.39
-2688.02 -2688.02
-2773.11 -2688.02
-2680.74 -2680.74
-2550.03 -2550.03
-2481.95 -2481.95
-2335.34 -2335.34
-2356.26 -2335.34
-2331.49 -2331.49
-2254.33 -2254.33
-2223.69 -2223.69
-2205.22 -2205.22
-2042.99 -2042.99
-1971.76 -1971.76
-2038.13 -1971.76
-1966.34 -1966.34
-2106.85 -1966.34
-2020.62 -1966.34
-1982.62 -1966.34
-1993.74 -1966.34
-1866.16 -1866.16
-1838.12 -1838.12
-1764.60 -1764.60
-1776.86 -1764.60
-1786.06 -1764.60
-1785.38 -1764.60
-1784.92 -1764.60
-1736.58 -1736.58
-1782.34 -1736.58
-1781.93 -1736.58
-1738.27 -1736.58
-1743.70 -1736.58
-1772.58 -1736.58
-1780.17 -1736.58
-1736.94 -1736.58
-1764.20 -1736.58
-1736.17 -1736.17
-1731.03 -1731.03
-1783.27 -1731.03
-1784.63 -1731.03
-1778.41 -1731.03
-1748.98 -1731.03
-1785.23 -1731.03
-1739.31 -1731.03
-1737.55 -1731.03
-1781.78 -1731.03
-1781.54 -1731.03
-1844.59 -1731.03
-1775.23 -1731.03
-1738.68 -1731.03
-1775.23 -1731.03
-1741.34 -1731.03
-1788.72 -1731.03
-1739.15 -1731.03
-1784.54 -1731.03
-1741.64 -1731.03
-1735.73 -1731.03
-1795.39 -1731.03
-1744.15 -1731.03
-1885.41 -1731.03
-1793.07 -1731.03
-1774.67 -1731.03
-1782.40 -1731.03
-1767.64 -1731.03
-1738.03 -1731.03
-1814.88 -1731.03
-1780.46 -1731.03
-1782.06 -1731.03
-1735.54 -1731.03
-1774.31 -1731.03
-1736.34 -1731.03
-1774.97 -1731.03
-1736.72 -1731.03
-1786.95 -1731.03
-1824.02 -1731.03
-1781.36 -1731.03
-1844.20 -1731.03
-1736.20 -1731.03
-1782.57 -1731.03
-1786.69 -1731.03
-1743.11 -1731.03
-1781.31 -1731.03
-1738.28 -1731.03
-1783.34 -1731.03
-1772.27 -1731.03
-1736.76 -1731.03
-1740.62 -1731.03
-1771.47 -1731.03
-1745.75 -1731.03
-1737.73 -1731.03
-1784.70 -1731.03
-1772.66 -1731.03
-1773.66 -1731.03
-1735.75 -1731.03
-1781.88 -1731.03
-1804.71 -1731.03
-1737.21 -1731.03
-1810.79 -1731.03
-1789.00 -1731.03
-1784.18 -1731.03
-1743.44 -1731.03
-1799.12 -1731.03
-1792.21 -1731.03
-1736.36 -1731.03
-1736.27 -1731.03
-1736.44 -1731.03
-1783.20 -1731.03
-1857.04 -1731.03
-1736.56 -1731.03
-1803.38 -1731.03
-1735.80 -1731.03
-1749.44 -1731.03
-1744.03 -1731.03
-1736.78 -1731.03
-1763.97 -1731.03
-1738.57 -1731.03
-1741.56 -1731.03
-1741.24 -1731.03
-1763.78 -1731.03
-1730.97 -1730.97
-1783.35 -1730.97
-1773.69 -1730.97
-1738.14 -1730.97
-1793.80 -1730.97
-1736.38 -1730.97
-1777.81 -1730.97
-1865.21 -1730.97
-1735.73 -1730.97
-1775.42 -1730.97
-1764.01 -1730.97
-1738.28 -1730.97
-1764.58 -1730.97
-1735.83 -1730.97
-1780.23 -1730.97
-1783.92 -1730.97
-1784.51 -1730.97
-1781.32 -1730.97
-1784.95 -1730.97
-1738.72 -1730.97
-1787.46 -1730.97
-1739.78 -1730.97
-1737.63 -1730.97
-1775.00 -1730.97
-1778.71 -1730.97
-1784.54 -1730.97
-1787.24 -1730.97
-1762.31 -1730.97
-1730.98 -1730.98
-1736.84 -1730.98
-1787.70 -1730.98
-1786.81 -1730.98
-1763.47 -1730.98
-1736.10 -1730.98
-1738.20 -1730.98
-1764.28 -1730.98
-1772.57 -1730.98
-1862.70 -1730.98
-1730.99 -1730.99
-1774.58 -1730.99
-1788.07 -1730.99
-1735.79 -1730.99
-1777.04 -1730.99
-1784.90 -1730.99
-1783.75 -1730.99
-1741.42 -1730.99
-1764.76 -1730.99
-1792.55 -1730.99
-1755.51 -1730.99
-1741.26 -1730.99
-1784.72 -1730.99
-1770.64 -1730.99
-1781.93 -1730.99
-1735.86 -1730.99
-1736.52 -1730.99
-1795.68 -1730.99
-1782.06 -1730.99
-1784.72 -1730.99
-1740.83 -1730.99
-1760.00 -1730.99
-1786.48 -1730.99
-1781.02 -1730.99
-1787.51 -1730.99
-1784.35 -1730.99
-1804.59 -1730.99
-1786.71 -1730.99
-1751.58 -1730.99
-1736.20 -1730.99
-1765.83 -1730.99
-1774.76 -1730.99
-1772.43 -1730.99
-1737.18 -1730.99
-1854.01 -1730.99
-1774.31 -1730.99
-1764.08 -1730.99
-1854.03 -1730.99
-1748.62 -1730.99
-1773.64 -1730.99
-1735.76 -1730.99
-1804.88 -1730.99
-1737.55 -1730.99
-1734.99 -1730.99
-1811.41 -1730.99
-1777.32 -1730.99
-1764.18 -1730.99
-1774.57 -1730.99
-1731.02 -1731.02
-1772.42 -1731.02
-1772.33 -1731.02
-1767.04 -1731.02
-1735.28 -1731.02
-1781.03 -1731.02
-1774.53 -1731.02
-1772.08 -1731.02
-1735.75 -1731.02
-1798.73 -1731.02
-1735.90 -1731.02
-1771.06 -1731.02
-1784.82 -1731.02
-1741.29 -1731.02
-1782.37 -1731.02
-1736.96 -1731.02
-1737.32 -1731.02
-1836.92 -1731.02
-1764.91 -1731.02
-1763.78 -1731.02
-1788.54 -1731.02
-1775.39 -1731.02
-1736.76 -1731.02
-1796.04 -1731.02
-1735.74 -1731.02
-1788.80 -1731.02
-1807.31 -1731.02
-1735.89 -1731.02
-1764.31 -1731.02
-1736.25 -1731.02
-1776.99 -1731.02
-1806.53 -1731.02
-1737.64 -1731.02
-1793.14 -1731.02
-1737.48 -1731.02
-1763.99 -1731.02
-1790.03 -1731.02
-1735.87 -1731.02
-1735.90 -1731.02
-1737.82 -1731.02
-1735.97 -1731.02
-1773.30 -1731.02
-1795.11 -1731.02
-1764.02 -1731.02
-1779.25 -1731.02
-1777.93 -1731.02
-1785.79 -1731.02
-1763.84 -1731.02
-1736.38 -1731.02
-1773.16 -1731.02
-1778.24 -1731.02
-1737.59 -1731.02
-1767.36 -1731.02
-1730.98 -1730.98
-1745.61 -1730.98
-1737.11 -1730.98
-1752.72 -1730.98
-1737.65 -1730.98
-1737.18 -1730.98
-1797.09 -1730.98
-1789.31 -1730.98
-1804.69 -1730.98
-1749.27 -1730.98
-1738.53 -1730.98
-1781.91 -1730.98
-1793.92 -1730.98
-1783.38 -1730.98
-1772.73 -1730.98
-1783.38 -1730.98
-1829.52 -1730.98
-1735.75 -1730.98
-1741.49 -1730.98
-1775.04 -1730.98
-1781.44 -1730.98
-1782.57 -1730.98
-1784.25 -1730.98
-1780.10 -1730.98
-1853.98 -1730.98
-1739.66 -1730.98
-1763.75 -1730.98
-1804.62 -1730.98
-1773.65 -1730.98
-1735.51 -1730.98
-1773.55 -1730.98
-1788.25 -1730.98
-1737.16 -1730.98
-1783.28 -1730.98
-1767.64 -1730.98
-1737.13 -1730.98
-1799.53 -1730.98
-1737.28 -1730.98
-1767.21 -1730.98
-1789.79 -1730.98
-1730.94 -1730.94
-1736.87 -1730.94
-1738.55 -1730.94
-1775.25 -1730.94
-1801.87 -1730.94
-1777.92 -1730.94
-1741.20 -1730.94
-1773.25 -1730.94
-1795.60 -1730.94
-1740.71 -1730.94
-1736.67 -1730.94
-1775.42 -1730.94
-1731.08 -1731.08
-1776.76 -1731.08
-1779.10 -1731.08
-1781.27 -1731.08
-1781.48 -1731.08
-1736.32 -1731.08
-1795.54 -1731.08
-1738.29 -1731.08
-1736.44 -1731.08
-1736.09 -1731.08
-1783.77 -1731.08
-1736.58 -1731.08
-1736.49 -1731.08
-1783.19 -1731.08
-1811.63 -1731.08
-1738.29 -1731.08
-1737.65 -1731.08
-1738.27 -1731.08
-1774.10 -1731.08
-1738.37 -1731.08
-1744.50 -1731.08
-1736.76 -1731.08
-1784.40 -1731.08
-1740.96 -1731.08
-1786.11 -1731.08
-1738.27 -1731.08
-1788.63 -1731.08
-1782.81 -1731.08
-1740.69 -1731.08
-1811.77 -1731.08
-1743.18 -1731.08
-1775.07 -1731.08
-1737.57 -1731.08
-1809.79 -1731.08
-1737.94 -1731.08
-1763.41 -1731.08
-1735.73 -1731.08
-1737.90 -1731.08
-1774.75 -1731.08
-1775.04 -1731.08
-1736.39 -1731.08
-1735.00 -1731.08
-1740.69 -1731.08
-1784.42 -1731.08
-1788.96 -1731.08
-1737.54 -1731.08
-1735.71 -1731.08
-1774.65 -1731.08
-1735.88 -1731.08
-1736.74 -1731.08
-1777.15 -1731.08
-1854.03 -1731.08
-1735.73 -1731.08
-1778.69 -1731.08
-1795.51 -1731.08
-1739.72 -1731.08
-1740.73 -1731.08
-1736.28 -1731.08
-1738.23 -1731.08
-1773.85 -1731.08
-1776.88 -1731.08
-1735.86 -1731.08
-1788.28 -1731.08
-1787.98 -1731.08
-1730.96 -1730.96
-1782.43 -1730.96
-1780.84 -1730.96
-1763.98 -1730.96
-1735.74 -1730.96
-1749.66 -1730.96
-1737.82 -1730.96
-1764.98 -1730.96
-1805.25 -1730.96
-1762.36 -1730.96
-1764.16 -1730.96
-1738.34 -1730.96
-1774.93 -1730.96
-1782.14 -1730.96
-1785.44 -1730.96
-1736.61 -1730.96
-1735.80 -1730.96
-1796.24 -1730.96
-1792.17 -1730.96
-1735.71 -1730.96
-1804.83 -1730.96
-1785.21 -1730.96
-1767.51 -1730.96
-1738.29 -1730.96
-1773.73 -1730.96
-1777.86 -1730.96
-1759.30 -1730.96
-1787.47 -1730.96
-1775.81 -1730.96
-1731.05 -1731.05
-3200.62 -3200.62
-3209.10 -3200.62
-3205.67 -3200.62
-3212.99 -3200.62
-3198.66 -3198.66
-3097.79 -3097.79
-3103.57 -3097.79
-3091.52 -3091.52
-3135.80 -3091.52
-3148.39 -3091.52
-3148.41 -3091.52
-3029.64 -3029.64
-3043.88 -3029.64
-3107.57 -3029.64
-2912.65 -2912.65
-2891.53 -2891.53
-2885.10 -2885.10
-2971.00 -2885.10
-2919.23 -2885.10
-2909.70 -2885.10
-2870.30 -2870.30
-2826.62 -2826.62
-2874.06 -2826.62
-2874.66 -2826.62
-2896.38 -2826.62
-2874.05 -2826.62
-2716.15 -2716.15
-2774.84 -2716.15
-2726.74 -2716.15
-2704.42 -2704.42
-2791.33 -2704.42
-2847.18 -2704.42
-2613.17 -2613.17
-2605.16 -2605.16
-2621.48 -2605.16
-2682.20 -2605.16
-2563.97 -2563.97
-2571.99 -2563.97
-2479.19 -2479.19
-2524.47 -2479.19
-2351.98 -2351.98
-2439.94 -2351.98
-2335.02 -2335.02
-2254.33 -2254.33
-2425.75 -2254.33
-2204.79 -2204.79
-2205.31 -2204.79
-2136.93 -2136.93
-2162.11 -2136.93
-2190.54 -2136.93
-2136.31 -2136.31
-2125.94 -2125.94
-2107.12 -2107.12
-2215.62 -2107.12
-2082.04 -2082.04
-2038.66 -2038.66
-2071.19 -2038.66
-1991.37 -1991.37
-1944.85 -1944.85
-1978.69 -1944.85
-1974.67 -1944.85
-2006.97 -1944.85
-1843.24 -1843.24
-1948.19 -1843.24
-1857.58 -1843.24
-1865.94 -1843.24
-1941.84 -1843.24
-1838.66 -1838.66
-1979.61 -1838.66
-1782.60 -1782.60
-1804.94 -1782.60
-1780.42 -1780.42
-1764.59 -1764.59
-1788.90 -1764.59
-1786.71 -1764.59
-1784.01 -1764.59
-1780.09 -1764.59
-1739.13 -1739.13
-1740.75 -1739.13
-1774.63 -1739.13
-1762.42 -1739.13
-1808.31 -1739.13
-1735.90 -1735.90
-1736.24 -1736.24
-1743.82 -1736.24
-1805.42 -1736.24
-1775.95 -1736.24
-1777.25 -1736.24
-1782.67 -1736.24
-1741.56 -1736.24
-1737.06 -1737.06
-1778.42 -1737.06
-1735.75 -1735.75
-1743.70 -1735.75
-1735.74 -1735.74
-1736.71 -1736.71
-1772.24 -1736.71
-1738.21 -1736.71
-1795.06 -1736.71
-1783.30 -1736.71
-1784.21 -1736.71
-1737.35 -1737.35
-1775.24 -1737.35
-1738.20 -1737.35
-1736.33 -1736.33
-1788.90 -1736.33
-1787.94 -1736.33
-1779.22 -1736.33
-1737.74 -1737.74
-1767.44 -1737.74
-1783.37 -1737.74
-1794.86 -1737.74
-1751.79 -1737.74
-1787.55 -1737.74
-1785.23 -1737.74
-1786.65 -1737.74
-1735.90 -1735.90
-1730.93 -1730.93
-1782.82 -1730.93
-1773.28 -1730.93
-1737.28 -1730.93
-1736.32 -1730.93
-1737.52 -1730.93
-1774.97 -1730.93
-1773.15 -1730.93
-1788.92 -1730.93
-1740.69 -1730.93
-1764.72 -1730.93
-1762.36 -1730.93
-1738.21 -1730.93
-1778.18 -1730.93
-1738.04 -1730.93
-1744.16 -1730.93
-1735.79 -1730.93
-1780.19 -1730.93
-1736.10 -1730.93
-1737.26 -1730.93
-1731.01 -1731.01
-1792.61 -1731.01
-1784.29 -1731.01
-1784.39 -1731.01
-1738.27 -1731.01
-1804.95 -1731.01
-1765.41 -1731.01
-1804.64 -1731.01
-1735.95 -1731.01
-1735.73 -1731.01
-1737.97 -1731.01
-1736.89 -1731.01
-1807.46 -1731.01
-1767.26 -1731.01
-1741.92 -1731.01
-1782.36 -1731.01
-1806.86 -1731.01
-1736.79 -1731.01
-1784.31 -1731.01
-1739.13 -1731.01
-1781.95 -1731.01
-1773.81 -1731.01
-1796.74 -1731.01
-1784.13 -1731.01
-1737.57 -1731.01
-1779.01 -1731.01
-1738.30 -1731.01
-1735.82 -1731.01
-1772.40 -1731.01
-1774.57 -1731.01
-1775.25 -1731.01
-1762.45 -1731.01
-1784.32 -1731.01
-1749.52 -1731.01
-1737.73 -1731.01
-1803.65 -1731.01
-1773.20 -1731.01
-1735.77 -1731.01
-1780.22 -1731.01
-1784.13 -1731.01
-1737.85 -1731.01
-1765.79 -1731.01
-1731.03 -1731.03
-1768.74 -1731.03
-1804.58 -1731.03
-1767.53 -1731.03
-1742.02 -1731.03
-1738.31 -1731.03
-1788.71 -1731.03
-1740.66 -1731.03
-1771.07 -1731.03
-1777.30 -1731.03
-1788.37 -1731.03
-1772.56 -1731.03
-1749.26 -1731.03
-1781.36 -1731.03
-1738.31 -1731.03
-1740.68 -1731.03
-1736.22 -1731.03
-1767.94 -1731.03
-1782.03 -1731.03
-1736.80 -1731.03
-1737.76 -1731.03
-1739.43 -1731.03
-1735.78 -1731.03
-1780.48 -1731.03
-1737.03 -1731.03
-1774.13 -1731.03
-1784.28 -1731.03
-1742.84 -1731.03
-1778.31 -1731.03
-1736.48 -1731.03
-1767.92 -1731.03
-1777.28 -1731.03
-1788.80 -1731.03
-1738.31 -1731.03
-1731.06 -1731.06
-1735.15 -1731.06
-1763.72 -1731.06
-1735.28 -1731.06
-1783.36 -1731.06
-1783.22 -1731.06
-1780.27 -1731.06
-1735.79 -1731.06
-1790.78 -1731.06
-1781.19 -1731.06
-1737.31 -1731.06
-1772.70 -1731.06
-1735.77 -1731.06
-1759.32 -1731.06
-1737.77 -1731.06
-1737.74 -1731.06
-1738.95 -1731.06
-1780.73 -1731.06
-1772.54 -1731.06
-1735.70 -1731.06
-1743.83 -1731.06
-1811.55 -1731.06
-1772.44 -1731.06
-1738.21 -1731.06
-1736.66 -1731.06
-1735.73 -1731.06
-1779.50 -1731.06
-1782.45 -1731.06
-1767.30 -1731.06
-1785.17 -1731.06
-1739.83 -1731.06
-1774.88 -1731.06
-1736.41 -1731.06
-1735.87 -1731.06
-1780.26 -1731.06
-1735.80 -1731.06
-1773.89 -1731.06
-1783.96 -1731.06
-1807.22 -1731.06
-1738.28 -1731.06
-1789.82 -1731.06
-1801.26 -1731.06
-1767.77 -1731.06
-1775.00 -1731.06
-1782.35 -1731.06
-1774.97 -1731.06
-1764.58 -1731.06
-1735.60 -1731.06
-1797.02 -1731.06
-1762.84 -1731.06
-1736.23 -1731.06
-1735.56 -1731.06
-1737.96 -1731.06
-1737.17 -1731.06
-1784.69 -1731.06
-1738.00 -1731.06
-1741.69 -1731.06
-1738.40 -1731.06
-1744.27 -1731.06
-1738.33 -1731.06
-1854.08 -1731.06
-1742.34 -1731.06
-1777.14 -1731.06
-1807.32 -1731.06
-1782.22 -1731.06
-1767.54 -1731.06
-1735.57 -1731.06
-1731.03 -1731.03
-1785.15 -1731.03
-1774.04 -1731.03
-1771.96 -1731.03
-1787.48 -1731.03
-1736.27 -1731.03
-1735.86 -1731.03
-1738.76 -1731.03
-1764.08 -1731.03
-1736.40 -1731.03
-1735.85 -1731.03
-1772.62 -1731.03
-1736.78 -1731.03
-1737.16 -1731.03
-1774.23 -1731.03
-1788.39 -1731.03
-1787.36 -1731.03
-1788.90 -1731.03
-1762.90 -1731.03
-1735.81 -1731.03
-1765.43 -1731.03
-1805.00 -1731.03
-1777.39 -1731.03
-1737.07 -1731.03
-1744.36 -1731.03
-1767.36 -1731.03
-1775.48 -1731.03
-1735.78 -1731.03
-1736.84 -1731.03
-1764.01 -1731.03
-1735.72 -1731.03
-1762.40 -1731.03
-1796.46 -1731.03
-1738.81 -1731.03
-1772.41 -1731.03
-1785.14 -1731.03
-1804.61 -1731.03
-1736.80 -1731.03
-1741.92 -1731.03
-1737.71 -1731.03
-1772.61 -1731.03
-1736.88 -1731.03
-1772.62 -1731.03
-1763.97 -1731.03
-1737.51 -1731.03
-1786.57 -1731.03
-1738.27 -1731.03
-1738.21 -1731.03
-1749.52 -1731.03
-1736.26 -1731.03
-1736.82 -1731.03
-1738.44 -1731.03
-1781.10 -1731.03
-1749.52 -1731.03
-1760.23 -1731.03
-1735.38 -1731.03
-1784.11 -1731.03
-1774.57 -1731.03
-1759.80 -1731.03
-1730.96 -1730.96
-1738.07 -1730.96
-1786.03 -1730.96
-1854.07 -1730.96
-1736.32 -1730.96
-1774.23 -1730.96
-1784.65 -1730.96
-1736.22 -1730.96
-1820.65 -1730.96
-1744.41 -1730.96
-1779.21 -1730.96
-1787.23 -1730.96
-1779.28 -1730.96
-1739.83 -1730.96
-1772.19 -1730.96
-1735.24 -1730.96
-1735.82 -1730.96
-1773.66 -1730.96
-1738.44 -1730.96
-1780.51 -1730.96
-1736.21 -1730.96
-1735.82 -1730.96
-1780.26 -1730.96
-1784.90 -1730.96
-1774.08 -1730.96
-1786.40 -1730.96
-1786.42 -1730.96
-1804.69 -1730.96
-1736.41 -1730.96
-1736.46 -1730.96
-1742.34 -1730.96
-1779.98 -1730.96
-1781.98 -1730.96
-1749.62 -1730.96
-1738.28 -1730.96
-1778.34 -1730.96
-1853.98 -1730.96
-1735.79 -1730.96
-1785.13 -1730.96
-1805.12 -1730.96
-1737.72 -1730.96
-1742.25 -1730.96
-1773.89 -1730.96
-1773.04 -1730.96
-1782.43 -1730.96
-1794.57 -1730.96
-1736.48 -1730.96
-1738.32 -1730.96
-1736.28 -1730.96
-1737.63 -1730.96
-1784.76 -1730.96
-1786.14 -1730.96
-1736.55 -1730.96
-1780.16 -1730.96
-1735.80 -1730.96
-1736.54 -1730.96
-1836.87 -1730.96
-1751.60 -1730.96
-1738.27 -1730.96
-1788.96 -1730.96
-1766.31 -1730.96
-1781.56 -1730.96
-1767.71 -1730.96
-1764.07 -1730.96
-1783.56 -1730.96
-1738.38 -1730.96
-1738.48 -1730.96
-1737.84 -1730.96
-1803.71 -1730.96
-1796.60 -1730.96
-1853.98 -1730.96
-1862.71 -1730.96
-1738.87 -1730.96
-1738.22 -1730.96
-1767.41 -1730.96
-1832.55 -1730.96
-1741.33 -1730.96
-3189.79 -3189.79
-3175.30 -3175.30
-3197.48 -3175.30
-3109.83 -3109.83
-3136.77 -3109.83
-3070.78 -3070.78
-3029.78 -3029.78
-3090.64 -3029.78
-3093.06 -3029.78
-3025.40 -3025.40
-3032.71 -3025.40
-2983.48 -2983.48
-2946.49 -2946.49
-3000.96 -2946.49
-2917.43 -2917.43
-2939.15 -2917.43
-2997.53 -2917.43
-2998.56 -2917.43
-2938.30 -2917.43
-2906.68 -2906.68
-2903.34 -2903.34
-2907.91 -2903.34
-2942.72 -2903.34
-2870.87 -2870.87
-2876.06 -2870.87
-2833.26 -2833.26
-2869.99 -2833.26
-2938.50 -2833.26
-2881.83 -2833.26
-2871.85 -2833.26
-2832.70 -2832.70
-2802.79 -2802.79
-2833.72 -2802.79
-2738.67 -2738.67
-2765.00 -2738.67
-2720.19 -2720.19
-2704.57 -2704.57
-2692.14 -2692.14
-2707.47 -2692.14
-2773.24 -2692.14
-2645.25 -2645.25
-2635.29 -2635.29
-2756.66 -2635.29
-2685.57 -2635.29
-2688.66 -2635.29
-2719.97 -2635.29
-2688.37 -2635.29
-2635.62 -2635.29
-2685.47 -2635.29
-2570.64 -2570.64
-2503.31 -2503.31
-2599.18 -2503.31
-2537.38 -2503.31
-2484.19 -2484.19
-2451.92 -2451.92
-2501.11 -2451.92
-2384.58 -2384.58
-2445.67 -2384.58
-2329.59 -2329.59
-2257.29 -2257.29
-2257.12 -2257.12
-2086.85 -2086.85
-2092.37 -2086.85
-2050.20 -2050.20
-2054.96 -2050.20
-2069.55 -2050.20
-2051.95 -2050.20
-2046.49 -2046.49
-2036.11 -2036.11
-1994.02 -1994.02
-1976.36 -1976.36
-1952.44 -1952.44
-1977.93 -1952.44
-1805.79 -1805.79
-1885.00 -1805.79
-1786.02 -1786.02
-1764.14 -1764.14
-1784.61 -1764.14
-1735.79 -1735.79
-1784.78 -1735.79
-1755.54 -1735.79
-1776.69 -1735.79
-1804.58 -1735.79
-1736.47 -1735.79
-1737.28 -1735.79
-1767.87 -1735.79
-1783.60 -1735.79
-1775.00 -1735.79
-1740.98 -1735.79
-1796.91 -1735.79
-1739.13 -1735.79
-1781.47 -1735.79
-1735.77 -1735.77
-1770.69 -1735.77
-1773.65 -1735.77
-1804.60 -1735.77
-1759.26 -1735.77
-1806.65 -1735.77
-1796.49 -1735.77
-1782.23 -1735.77
-1780.10 -1735.77
-1776.97 -1735.77
-1738.88 -1735.77
-1735.90 -1735.90
-1736.22 -1736.22
-1738.29 -1736.22
-1763.90 -1736.22
-1736.52 -1736.52
-1780.38 -1736.52
-1804.87 -1736.52
-1788.67 -1736.52
-1738.29 -1738.29
-1795.08 -1738.29
-1784.40 -1738.29
-1774.88 -1738.29
-1776.86 -1738.29
-1784.63 -1738.29
-1775.03 -1738.29
-1737.43 -1737.43
-1736.63 -1736.63
-1737.94 -1736.63
-1772.10 -1736.63
-1773.67 -1736.63
-1737.41 -1736.63
-1738.30 -1736.63
-1783.70 -1736.63
-1786.03 -1736.63
-1787.93 -1736.63
-1791.36 -1736.63
-1782.17 -1736.63
-1735.70 -1735.70
-1784.48 -1735.70
-1776.67 -1735.70
-1738.27 -1735.70
-1742.29 -1735.70
-1736.30 -1736.30
-1788.80 -1736.30
-1767.93 -1736.30
-1737.35 -1737.35
-1736.91 -1736.91
-1735.08 -1735.08
-1796.12 -1735.08
-1788.62 -1735.08
-1736.89 -1736.89
-1735.78 -1735.78
-1736.89 -1735.78
-1767.38 -1735.78
-1783.87 -1735.78
-1735.75 -1735.75
-1775.42 -1735.75
-1782.45 -1735.75
-1737.31 -1735.75
-1796.42 -1735.75
-1742.13 -1735.75
-1774.12 -1735.75
-1745.81 -1735.75
-1772.65 -1735.75
-1783.78 -1735.75
-1736.87 -1735.75
-1785.45 -1735.75
-1780.13 -1735.75
-1749.13 -1735.75
-1749.98 -1735.75
-1731.05 -1731.05
-1735.83 -1731.05
-1774.99 -1731.05
-1745.63 -1731.05
-1783.04 -1731.05
-1735.78 -1731.05
-1737.39 -1731.05
-1737.26 -1731.05
-1749.89 -1731.05
-1778.44 -1731.05
-1780.26 -1731.05
-1787.32 -1731.05
-1772.29 -1731.05
-1804.70 -1731.05
-1781.32 -1731.05
-1780.07 -1731.05
-1735.19 -1731.05
-1781.94 -1731.05
-1744.04 -1731.05
-1784.87 -1731.05
-1739.11 -1731.05
-1738.28 -1731.05
-1749.07 -1731.05
-1749.44 -1731.05
-1736.57 -1731.05
-1789.36 -1731.05
-1735.73 -1731.05
-1735.57 -1731.05
-1784.11 -1731.05
-1804.90 -1731.05
-1819.36 -1731.05
-1775.22 -1731.05
-1736.54 -1731.05
-1735.75 -1731.05
-1779.76 -1731.05
-1804.64 -1731.05
-1793.82 -1731.05
-1736.41 -1731.05
-1864.68 -1731.05
-1738.03 -1731.05
-1775.12 -1731.05
-1737.50 -1731.05
-1738.47 -1731.05
-1781.84 -1731.05
-1784.83 -1731.05
-1844.86 -1731.05
-1773.59 -1731.05
-1760.15 -1731.05
-1735.82 -1731.05
-1775.29 -1731.05
-1783.02 -1731.05
-1779.45 -1731.05
-1735.81 -1731.05
-1735.14 -1735.14
-1774.12 -1735.14
-1781.08 -1735.14
-1882.79 -1735.14
-1760.55 -1735.14
-1763.23 -1735.14
-1790.54 -1735.14
-1735.72 -1735.72
-1735.56 -1735.56
-1784.73 -1735.56
-1730.97 -1730.97
-1773.87 -1730.97
-1795.78 -1730.97
-1804.89 -1730.97
-1795.53 -1730.97
-1738.56 -1730.97
-1735.41 -1730.97
-1735.96 -1730.97
-1737.35 -1730.97
-1777.77 -1730.97
-1779.48 -1730.97
-1767.78 -1730.97
-1792.25 -1730.97
-1737.25 -1730.97
-1759.62 -1730.97
-1759.34 -1730.97
-1737.99 -1730.97
-1789.67 -1730.97
-1783.17 -1730.97
-1774.83 -1730.97
-1737.19 -1730.97
-1741.31 -1730.97
-1735.87 -1730.97
-1738.65 -1730.97
-1738.21 -1730.97
-1786.03 -1730.97
-1737.68 -1730.97
-1792.13 -1730.97
-1737.49 -1730.97
-1735.89 -1730.97
-1781.52 -1730.97
-1736.66 -1730.97
-1775.27 -1730.97
-1736.55 -1730.97
-1797.74 -1730.97
-1764.16 -1730.97
-1780.69 -1730.97
-1780.99 -1730.97
-1774.93 -1730.97
-1740.80 -1730.97
-1738.27 -1730.97
-1759.31 -1730.97
-1736.53 -1730.97
-1782.06 -1730.97
-1736.50 -1730.97
-1737.75 -1730.97
-1783.62 -1730.97
-1767.29 -1730.97
-1736.57 -1730.97
-1737.66 -1730.97
-1780.43 -1730.97
-1785.24 -1730.97
-1783.09 -1730.97
-1735.96 -1730.97
-1767.74 -1730.97
-1738.47 -1730.97
-1879.45 -1730.97
-1804.61 -1730.97
-1737.89 -1730.97
-1764.27 -1730.97
-1735.75 -1730.97
-1747.79 -1730.97
-1757.83 -1730.97
-1738.27 -1730.97
-1776.88 -1730.97
-1737.16 -1730.97
-1780.57 -1730.97
-1780.98 -1730.97
-1792.17 -1730.97
-1744.54 -1730.97
-1731.04 -1731.04
-1749.09 -1731.04
-1737.74 -1731.04
-1736.19 -1731.04
-1784.34 -1731.04
-1785.25 -1731.04
-1786.58 -1731.04
-1735.75 -1731.04
-1735.28 -1731.04
-1780.90 -1731.04
-1783.31 -1731.04
-1795.54 -1731.04
-1774.53 -1731.04
-1786.38 -1731.04
-1763.32 -1731.04
-1735.08 -1731.04
-1739.76 -1731.04
-1802.48 -1731.04
-1783.44 -1731.04
-1742.48 -1731.04
-1736.37 -1731.04
-1739.28 -1731.04
-1739.66 -1731.04
-1813.12 -1731.04
-1735.74 -1731.04
-1770.66 -1731.04
-1802.15 -1731.04
-1794.01 -1731.04
-1737.37 -1731.04
-1735.77 -1731.04
-1783.64 -1731.04
-1775.42 -1731.04
-1735.80 -1731.04
-1738.07 -1731.04
-1764.01 -1731.04
-1787.97 -1731.04
-1737.35 -1731.04
-1742.78 -1731.04
-1778.17 -1731.04
-1735.84 -1731.04
-1774.70 -1731.04
-1738.12 -1731.04
-1736.66 -1731.04
-1774.95 -1731.04
-1773.68 -1731.04
-1736.65 -1731.04
-1767.45 -1731.04
-1735.89 -1731.04
-1786.34 -1731.04
-1735.25 -1731.04
-1759.97 -1731.04
-1766.91 -1731.04
-1767.29 -1731.04
-1751.62 -1731.04
-1763.55 -1731.04
-1788.10 -1731.04
-1759.30 -1731.04
-1737.90 -1731.04
-1737.17 -1731.04
-1737.19 -1731.04
-1735.78 -1731.04
-1735.79 -1731.04
-1782.07 -1731.04
-1737.61 -1731.04
-1781.98 -1731.04
-1775.22 -1731.04
-1739.05 -1731.04
-1736.53 -1731.04
-1735.85 -1731.04
-1784.63 -1731.04
-1735.85 -1731.04
-1735.84 -1731.04
-1782.56 -1731.04
-1738.57 -1731.04
-1774.04 -1731.04
-1735.95 -1731.04
-1780.59 -1731.04
-1784.67 -1731.04
-1773.61 -1731.04
-1774.89 -1731.04
-1785.19 -1731.04
-1735.84 -1731.04
-1789.01 -1731.04
-1785.91 -1731.04
-1772.54 -1731.04
-1738.50 -1731.04
-1780.09 -1731.04
-1775.45 -1731.04
-1738.43 -1731.04
-1783.77 -1731.04
-1737.12 -1731.04
-1759.18 -1731.04
-1768.74 -1731.04
-1781.25 -1731.04
-1735.31 -1731.04
-1775.07 -1731.04
-1784.79 -1731.04
-1736.50 -1731.04
-1779.50 -1731.04
-1737.58 -1731.04
-1772.24 -1731.04
-1738.27 -1731.04
-1745.85 -1731.04
-1784.60 -1731.04
-1793.02 -1731.04
-1740.82 -1731.04
-1764.09 -1731.04
-1736.09 -1731.04
-1782.80 -1731.04
-1763.28 -1731.04
-1773.65 -1731.04
-1740.83 -1731.04
-1735.70 -1731.04
-1788.74 -1731.04
-1765.83 -1731.04
-1770.77 -1731.04
-1774.96 -1731.04
-1773.80 -1731.04
-1759.74 -1731.04
-1841.42 -1731.04
-3268.96 -1731.04
-3244.08 -1731.04
-3287.91 -1731.04
-3181.18 -3181.18
-3180.41 -3180.41
-3280.73 -3180.41
-3196.42 -3180.41
-3116.50 -3116.50
-3143.94 -3116.50
-3039.02 -3039.02
-3031.83 -3031.83
-3006.52 -3006.52
-2958.08 -2958.08
-2938.68 -2938.68
-2954.83 -2938.68
-2996.76 -2938.68
-2954.87 -2938.68
-2873.02 -2873.02
-2893.69 -2873.02
-2872.09 -2872.09
-2782.47 -2782.47
-2864.69 -2782.47
-2793.30 -2782.47
-2871.02 -2782.47
-2785.61 -2782.47
-2717.62 -2717.62
-2734.33 -2717.62
-2786.93 -2717.62
-2693.36 -2693.36
-2730.48 -2693.36
-2598.44 -2598.44
-2510.62 -2510.62
-2591.84 -2510.62
-2488.16 -2488.16
-2489.06 -2488.16
-2587.53 -2488.16
-2384.03 -2384.03
-2449.23 -2384.03
-2357.72 -2357.72
-2326.63 -2326.63
-2391.15 -2326.63
-2265.11 -2265.11
-2510.71 -2265.11
-2327.57 -2265.11
-2283.67 -2265.11
-2241.34 -2241.34
-2239.87 -2239.87
-2200.50 -2200.50
-2209.82 -2200.50
-2113.07 -2113.07
-2077.54 -2077.54
-2094.80 -2077.54
-2028.01 -2028.01
-2004.55 -2004.55
-1884.81 -1884.81
-1846.13 -1846.13
-1787.03 -1787.03
-1864.01 -1787.03
-1782.60 -1782.60
-1786.67 -1782.60
-1870.58 -1782.60
-1774.16 -1774.16
-1784.52 -1774.16
-1807.31 -1774.16
-1832.96 -1774.16
-1849.65 -1774.16
-1783.63 -1774.16
-1780.16 -1774.16
-1788.75 -1774.16
-1763.61 -1763.61
-1786.25 -1763.61
-1735.81 -1735.81
-1736.20 -1736.20
-1763.96 -1736.20
-1738.23 -1736.20
-1738.17 -1736.20
-1784.15 -1736.20
-1809.36 -1736.20
-1797.22 -1736.20
-1783.75 -1736.20
-1742.27 -1736.20
-1785.28 -1736.20
-1779.29 -1736.20
-1736.84 -1736.20
-1735.85 -1735.85
-1776.53 -1735.85
-1776.68 -1735.85
-1785.40 -1735.85
-1753.01 -1735.85
-1742.53 -1735.85
-1811.38 -1735.85
-1813.68 -1735.85
-1737.37 -1735.85
-1782.19 -1735.85
-1771.46 -1735.85
-1735.33 -1735.33
-1735.95 -1735.95
-1736.10 -1736.10
-1792.18 -1736.10
-1784.83 -1736.10
-1741.16 -1736.10
-1736.08 -1736.08
-1804.68 -1736.08
-1783.30 -1736.08
-1737.58 -1736.08
-1736.50 -1736.08
-1783.17 -1736.08
-1736.62 -1736.08
-1735.77 -1735.77
-1764.12 -1735.77
-1749.52 -1735.77
-1786.35 -1735.77
-1745.63 -1735.77
-1764.12 -1735.77
-1762.91 -1735.77
-1772.56 -1735.77
-1804.48 -1735.77
-1730.99 -1730.99
-1774.70 -1730.99
-1774.78 -1730.99
-1736.51 -1730.99
-1741.93 -1730.99
-1789.69 -1730.99
-1788.40 -1730.99
-1787.33 -1730.99
-1741.97 -1730.99
-1738.95 -1730.99
-1783.22 -1730.99
-1738.50 -1730.99
-1772.58 -1730.99
-1788.77 -1730.99
-1762.52 -1730.99
-1804.99 -1730.99
-1738.93 -1730.99
-1817.94 -1730.99
-1738.21 -1730.99
-1737.38 -1730.99
-1772.60 -1730.99
-1737.68 -1730.99
-1787.55 -1730.99
-1738.22 -1730.99
-1738.08 -1730.99
-1773.93 -1730.99
-1786.48 -1730.99
-1743.35 -1730.99
-1765.81 -1730.99
-1737.69 -1730.99
-1773.17 -1730.99
-1772.24 -1730.99
-1807.09 -1730.99
-1804.96 -1730.99
-1774.82 -1730.99
-1742.53 -1730.99
-1762.53 -1730.99
-1789.27 -1730.99
-1864.96 -1730.99
-1736.34 -1730.99
-1735.94 -1730.99
-1797.71 -1730.99
-1737.31 -1730.99
-1737.99 -1730.99
-1741.58 -1730.99
-1777.69 -1730.99
-1774.54 -1730.99
-1738.14 -1730.99
-1784.85 -1730.99
-1736.85 -1730.99
-1773.39 -1730.99
-1737.63 -1730.99
-1737.44 -1730.99
-1786.25 -1730.99
-1787.58 -1730.99
-1752.76 -1730.99
-1795.29 -1730.99
-1775.18 -1730.99
-1736.37 -1730.99
-1739.57 -1730.99
-1739.43 -1730.99
-1804.85 -1730.99
-1772.36 -1730.99
-1737.74 -1730.99
-1790.71 -1730.99
-1737.49 -1730.99
-1780.24 -1730.99
-1799.37 -1730.99
-1764.39 -1730.99
-1774.74 -1730.99
-1740.76 -1730.99
-1735.86 -1730.99
-1763.53 -1730.99
-1782.45 -1730.99
-1735.28 -1730.99
-1763.97 -1730.99
-1782.99 -1730.99
-1735.81 -1730.99
-1785.22 -1730.99
-1736.66 -1730.99
-1735.71 -1730.99
-1738.27 -1730.99
-1784.87 -1730.99
-1782.40 -1730.99
-1735.82 -1730.99
-1738.30 -1730.99
-1787.69 -1730.99
-1736.73 -1730.99
-1854.07 -1730.99
-1739.36 -1730.99
-1787.54 -1730.99
-1741.45 -1730.99
-1744.10 -1730.99
-1854.03 -1730.99
-1736.50 -1730.99
-1741.45 -1730.99
-1807.50 -1730.99
-1737.70 -1730.99
-1782.18 -1730.99
-1735.86 -1730.99
-1738.32 -1730.99
-1742.71 -1730.99
-1772.07 -1730.99
-1742.62 -1730.99
-1768.51 -1730.99
-1774.63 -1730.99
-1735.71 -1730.99
-1786.60 -1730.99
-1775.13 -1730.99
-1778.57 -1730.99
-1783.00 -1730.99
-1785.20 -1730.99
-1738.46 -1730.99
-1736.48 -1730.99
-1786.40 -1730.99
-1776.80 -1730.99
-1777.94 -1730.99
-1797.18 -1730.99
-1735.89 -1730.99
-1737.38 -1730.99
-1772.64 -1730.99
-1739.50 -1730.99
-1773.58 -1730.99
-1736.23 -1730.99
-1772.48 -1730.99
-1765.49 -1730.99
-1736.08 -1730.99
-1742.61 -1730.99
-1737.40 -1730.99
-1735.77 -1730.99
-1735.89 -1730.99
-1774.41 -1730.99
-1736.41 -1730.99
-1862.69 -1730.99
-1770.02 -1730.99
-1736.96 -1730.99
-1737.21 -1730.99
-1772.32 -1730.99
-1735.50 -1730.99
-1786.69 -1730.99
-1863.70 -1730.99
-1774.37 -1730.99
-1766.73 -1730.99
-1752.73 -1730.99
-1738.13 -1730.99
-1763.36 -1730.99
-1764.25 -1730.99
-1763.97 -1730.99
-1743.09 -1730.99
-1773.58 -1730.99
-1735.73 -1730.99
-1764.56 -1730.99
-1780.38 -1730.99
-1737.29 -1730.99
-1749.45 -1730.99
-1776.91 -1730.99
-1772.06 -1730.99
-1736.67 -1730.99
-1737.32 -1730.99
-1738.27 -1730.99
-1791.02 -1730.99
-1737.02 -1730.99
-1823.07 -1730.99
-1737.56 -1730.99
-1776.75 -1730.99
-1737.52 -1730.99
-1787.96 -1730.99
-1764.18 -1730.99
-1744.94 -1730.99
-1774.64 -1730.99
-1739.61 -1730.99
-1804.95 -1730.99
-1744.34 -1730.99
-1787.56 -1730.99
-1736.38 -1730.99
-1740.93 -1730.99
-1755.58 -1730.99
-1788.76 -1730.99
-1783.59 -1730.99
-1735.80 -1730.99
-1735.14 -1730.99
-1781.18 -1730.99
-1739.18 -1730.99
-1735.72 -1730.99
-1730.93 -1730.93
-1804.13 -1730.93
-1735.90 -1730.93
-1735.71 -1730.93
-1768.48 -1730.93
-1765.15 -1730.93
-1736.77 -1730.93
-1784.85 -1730.93
-1739.70 -1730.93
-1775.02 -1730.93
-1735.77 -1730.93
-1776.87 -1730.93
-1744.05 -1730.93
-1738.97 -1730.93
-1736.78 -1730.93
-1786.48 -1730.93
-1735.85 -1730.93
-1804.60 -1730.93
-1763.95 -1730.93
-1735.75 -1730.93
-1765.50 -1730.93
-1785.04 -1730.93
-1784.29 -1730.93
-1799.82 -1730.93
-1738.26 -1730.93
-1735.88 -1730.93
-1765.60 -1730.93
-1736.38 -1730.93
-1783.69 -1730.93
-1737.33 -1730.93
-1772.32 -1730.93
-1731.07 -1731.07
-1783.15 -1731.07
-1784.51 -1731.07
-1785.17 -1731.07
-1730.93 -1730.93
-1777.75 -1730.93
-1739.42 -1730.93
-1775.05 -1730.93
-1736.24 -1730.93
-1741.98 -1730.93
-1735.71 -1730.93
-1749.04 -1730.93
-1786.69 -1730.93
-1745.61 -1730.93
-1775.15 -1730.93
-1738.32 -1730.93
-1736.53 -1730.93
-1736.41 -1730.93
-1786.52 -1730.93
-1738.21 -1730.93
-1737.36 -1730.93
-1735.45 -1730.93
-1774.19 -1730.93
-1802.82 -1730.93
-1751.76 -1730.93
-1779.59 -1730.93
-1735.78 -1730.93
-1777.76 -1730.93
-1738.20 -1730.93
-1864.87 -1730.93
-1741.45 -1730.93
-1784.41 -1730.93
-1783.14 -1730.93
-1740.97 -1730.93
-1802.41 -1730.93
-1784.58 -1730.93
-1738.16 -1730.93
-1774.31 -1730.93
-1780.39 -1730.93
-1780.10 -1730.93
-1741.65 -1730.93
-1773.65 -1730.93
-1736.86 -1730.93
-1767.49 -1730.93
-1766.85 -1730.93
-1783.64 -1730.93
-1735.81 -1730.93
-1737.86 -1730.93
-1792.41 -1730.93
-1737.07 -1730.93
-1777.47 -1730.93
-1862.70 -1730.93
-1736.80 -1730.93
-1838.54 -1730.93
-1749.88 -1730.93
-1764.94 -1730.93
-1784.49 -1730.93
-1781.95 -1730.93
-1738.21 -1730.93
-1738.29 -1730.93
-1736.76 -1730.93
-1777.48 -1730.93
-1774.87 -1730.93
-1738.27 -1730.93
-1775.11 -1730.93
-1788.74 -1730.93
-1787.33 -1730.93
-1744.93 -1730.93
-1736.53 -1730.93
-1783.75 -1730.93
-1736.39 -1730.93
-1764.95 -1730.93
-1773.73 -1730.93
-1737.06 -1730.93
-1774.90 -1730.93
-1738.22 -1730.93
-1800.96 -1730.93
-1759.34 -1730.93
-1787.48 -1730.93
-1784.76 -1730.93
-1749.33 -1730.93
-1751.58 -1730.93
-1776.64 -1730.93
-1775.30 -1730.93
-3231.70 -1730.93
-3179.90 -3179.90
-3237.99 -3179.90
-3202.89 -3179.90
-3148.45 -3148.45
-3148.94 -3148.94
-3182.14 -3148.94
-3066.00 -3066.00
-2954.68 -2954.68
-2859.04 -2859.04
-2745.66 -2745.66
-2714.49 -2714.49
-2830.65 -2714.49
-2716.76 -2714.49
-2571.36 -2571.36
-2487.49 -2487.49
-2477.93 -2477.93
-2328.23 -2328.23
-2214.33 -2214.33
-2063.41 -2063.41
-1990.30 -1990.30
-2039.72 -1990.30
-2042.69 -1990.30
-1976.60 -1976.60
-2055.11 -1976.60
-1994.21 -1976.60
-1989.13 -1976.60
-1966.29 -1966.29
-1882.92 -1882.92
-1977.14 -1882.92
-1834.49 -1834.49
-1967.20 -1834.49
-1850.35 -1834.49
-1976.31 -1834.49
-1828.11 -1828.11
-1738.31 -1738.31
-1738.66 -1738.66
-1792.19 -1738.66
-1774.53 -1738.66
-1778.01 -1738.66
-1736.21 -1736.21
-1735.35 -1735.35
-1788.55 -1735.35
-1773.59 -1735.35
-1784.63 -1735.35
-1738.29 -1735.35
-1737.10 -1735.35
-1798.55 -1735.35
-1786.43 -1735.35
-1736.38 -1736.38
-1784.42 -1736.38
-1737.39 -1737.39
-1735.42 -1735.42
-1765.07 -1735.42
-1749.22 -1735.42
-1773.16 -1735.42
-1783.15 -1735.42
-1738.29 -1735.42
-1788.98 -1735.42
-1738.22 -1735.42
-1736.19 -1735.42
-1740.88 -1735.42
-1738.10 -1735.42
-1782.65 -1735.42
-1741.32 -1735.42
-1776.22 -1735.42
-1735.10 -1735.10
-1782.09 -1735.10
-1737.39 -1735.10
-1735.85 -1735.85
-1739.02 -1735.85
-1767.32 -1735.85
-1774.85 -1735.85
-1772.47 -1735.85
-1774.94 -1735.85
-1787.54 -1735.85
-1738.29 -1735.85
-1792.36 -1735.85
-1736.79 -1736.79
-1780.03 -1736.79
-1779.50 -1736.79
-1737.17 -1736.79
-1779.63 -1736.79
-1742.17 -1736.79
-1741.67 -1736.79
-1789.79 -1736.79
-1762.36 -1736.79
-1794.52 -1736.79
-1736.37 -1736.37
-1738.52 -1736.37
-1765.75 -1736.37
-1735.79 -1735.79
-1743.94 -1735.79
-1736.23 -1736.23
-1737.16 -1736.23
-1735.70 -1735.70
-1772.64 -1735.70
-1755.56 -1735.70
-1752.97 -1735.70
-1738.55 -1735.70
-1749.49 -1735.70
-1738.13 -1735.70
-1731.09 -1731.09
-1784.50 -1731.09
-1736.79 -1731.09
-1784.05 -1731.09
-1778.97 -1731.09
-1737.77 -1731.09
-1774.07 -1731.09
-1765.31 -1731.09
-1736.09 -1731.09
-1774.03 -1731.09
-1735.75 -1731.09
-1765.27 -1731.09
-1735.70 -1731.09
-1774.68 -1731.09
-1735.71 -1731.09
-1790.48 -1731.09
-1784.66 -1731.09
-1736.33 -1731.09
-1758.19 -1731.09
-1737.60 -1731.09
-1783.02 -1731.09
-1765.96 -1731.09
-1787.51 -1731.09
-1772.66 -1731.09
-1802.72 -1731.09
-1736.52 -1731.09
-1781.30 -1731.09
-1737.58 -1731.09
-1736.59 -1731.09
-1781.98 -1731.09
-1742.04 -1731.09
-1765.11 -1731.09
-1767.02 -1731.09
-1772.35 -1731.09
-1737.53 -1731.09
-1785.11 -1731.09
-1785.20 -1731.09
-1735.87 -1731.09
-1735.89 -1731.09
-1784.71 -1731.09
-1760.02 -1731.09
-1804.80 -1731.09
-1854.02 -1731.09
-1774.76 -1731.09
-1771.93 -1731.09
-1738.21 -1731.09
-1741.57 -1731.09
-1775.00 -1731.09
-1770.55 -1731.09
-1737.45 -1731.09
-1737.70 -1731.09
-1739.47 -1731.09
-1776.63 -1731.09
-1788.71 -1731.09
-1812.08 -1731.09
-1781.24 -1731.09
-1786.49 -1731.09
-1774.49 -1731.09
-1788.93 -1731.09
-1735.78 -1731.09
-1776.88 -1731.09
-1737.82 -1731.09
-1738.34 -1731.09
-1741.97 -1731.09
-1787.36 -1731.09
-1787.31 -1731.09
-1741.27 -1731.09
-1738.56 -1731.09
-1775.73 -1731.09
-1738.27 -1731.09
-1765.39 -1731.09
-1783.55 -1731.09
-1787.62 -1731.09
-1737.66 -1731.09
-1782.48 -1731.09
-1854.01 -1731.09
-1784.98 -1731.09
-1774.65 -1731.09
-1774.85 -1731.09
-1793.51 -1731.09
-1735.85 -1731.09
-1739.24 -1731.09
-1737.39 -1731.09
-1735.81 -1731.09
-1737.10 -1731.09
-1736.33 -1731.09
-1737.13 -1731.09
-1738.27 -1731.09
-1767.38 -1731.09
-1767.25 -1731.09
-1736.75 -1731.09
-1777.48 -1731.09
-1737.13 -1731.09
-1738.58 -1731.09
-1802.29 -1731.09
-1741.59 -1731.09
-1781.34 -1731.09
-1755.43 -1731.09
-1730.95 -1730.95
-1784.97 -1730.95
-1736.39 -1730.95
-1780.94 -1730.95
-1741.59 -1730.95
-1807.26 -1730.95
-1775.09 -1730.95
-1767.68 -1730.95
-1775.75 -1730.95
-1792.21 -1730.95
-1781.29 -1730.95
-1830.09 -1730.95
-1774.78 -1730.95
-1775.11 -1730.95
-1763.41 -1730.95
-1735.86 -1730.95
-1783.57 -1730.95
-1739.16 -1730.95
-1768.56 -1730.95
-1745.60 -1730.95
-1737.38 -1730.95
-1777.38 -1730.95
-1820.48 -1730.95
-1783.18 -1730.95
-1742.52 -1730.95
-1775.02 -1730.95
-1767.84 -1730.95
-1774.30 -1730.95
-1737.18 -1730.95
-1737.65 -1730.95
-1783.43 -1730.95
-1764.17 -1730.95
-1786.35 -1730.95
-1774.83 -1730.95
-1740.63 -1730.95
-1766.82 -1730.95
-1773.60 -1730.95
-1780.01 -1730.95
-1783.86 -1730.95
-1804.69 -1730.95
-1786.97 -1730.95
-1777.45 -1730.95
-1735.48 -1730.95
-1765.23 -1730.95
-1775.17 -1730.95
-1738.27 -1730.95
-1735.76 -1730.95
-1765.62 -1730.95
-1759.97 -1730.95
-1738.16 -1730.95
-1735.81 -1730.95
-1807.06 -1730.95
-1742.16 -1730.95
-1783.16 -1730.95
-1780.95 -1730.95
-1735.86 -1730.95
-1738.29 -1730.95
-1737.29 -1730.95
-1789.65 -1730.95
-1804.56 -1730.95
-1825.66 -1730.95
-1731.03 -1731.03
-1780.95 -1731.03
-1771.15 -1731.03
-1763.83 -1731.03
-1765.65 -1731.03
-1738.01 -1731.03
-1737.03 -1731.03
-1782.46 -1731.03
-1740.96 -1731.03
-1786.45 -1731.03
-1796.01 -1731.03
-1786.39 -1731.03
-1735.05 -1735.05
-1773.17 -1735.05
-1731.02 -1731.02
-1767.70 -1731.02
-1738.36 -1731.02
-1787.34 -1731.02
-1731.03 -1731.03
-1781.69 -1731.03
-1775.84 -1731.03
-1738.64 -1731.03
-1738.31 -1731.03
-1808.72 -1731.03
-1799.82 -1731.03
-1792.16 -1731.03
-1730.96 -1730.96
-1787.30 -1730.96
-1774.03 -1730.96
-1743.23 -1730.96
-1785.20 -1730.96
-1735.78 -1730.96
-1758.13 -1730.96
-1766.82 -1730.96
-1774.80 -1730.96
-1804.71 -1730.96
-1780.42 -1730.96
-1847.02 -1730.96
-1779.29 -1730.96
-1782.42 -1730.96
-1743.10 -1730.96
-1735.85 -1730.96
-1807.16 -1730.96
-1742.25 -1730.96
-1737.25 -1730.96
-1736.52 -1730.96
-1774.84 -1730.96
-1796.57 -1730.96
-1737.23 -1730.96
-1735.23 -1730.96
-1782.92 -1730.96
-1731.09 -1731.09
-1736.64 -1731.09
-1736.42 -1731.09
-1737.84 -1731.09
-1738.30 -1731.09
-1776.74 -1731.09
-1736.59 -1731.09
-1749.96 -1731.09
-1743.61 -1731.09
-1773.43 -1731.09
-1764.03 -1731.09
-1784.44 -1731.09
-1741.39 -1731.09
-1735.21 -1731.09
-1803.64 -1731.09
-1773.54 -1731.09
-1742.55 -1731.09
-1774.65 -1731.09
-1739.72 -1731.09
-1782.42 -1731.09
-1831.50 -1731.09
-1862.71 -1731.09
-1736.79 -1731.09
-1785.23 -1731.09
-1781.07 -1731.09
-1777.48 -1731.09
-1804.64 -1731.09
-1765.43 -1731.09
-1739.23 -1731.09
-1738.58 -1731.09
-1738.99 -1731.09
-1738.28 -1731.09
-1773.88 -1731.09
-1736.81 -1731.09
-1764.07 -1731.09
-1738.29 -1731.09
-1735.83 -1731.09
-1799.37 -1731.09
-1776.50 -1731.09
-1775.42 -1731.09
-1738.63 -1731.09
-1773.73 -1731.09
-1737.17 -1731.09
-1804.67 -1731.09
-1777.16 -1731.09
-1735.01 -1731.09
-1731.04 -1731.04
-1776.67 -1731.04
-1737.26 -1731.04
-1742.10 -1731.04
-1786.57 -1731.04
-1738.27 -1731.04
-1772.74 -1731.04
-1736.33 -1731.04
-1763.91 -1731.04
-1796.61 -1731.04
-1802.42 -1731.04
-1772.02 -1731.04
-1778.86 -1731.04
-1771.81 -1731.04
-1777.06 -1731.04
-1809.28 -1731.04
-1765.36 -1731.04
-1802.47 -1731.04
-1737.52 -1731.04
-1742.68 -1731.04
-1774.96 -1731.04
-1735.87 -1731.04
-1767.76 -1731.04
-1794.57 -1731.04
-1764.06 -1731.04
-1792.54 -1731.04
-1783.18 -1731.04
-1755.41 -1731.04
-1739.13 -1731.04
-1775.00 -1731.04
-1748.58 -1731.04
-1791.38 -1731.04
-1736.73 -1731.04
-1804.66 -1731.04
-1760.14 -1731.04
-1741.47 -1731.04
-1796.60 -1731.04
-1783.70 -1731.04
-1743.67 -1731.04
-1736.87 -1731.04
-1736.48 -1731.04
-1736.12 -1731.04
-1784.38 -1731.04
-1772.74 -1731.04
-1786.54 -1731.04
-1765.75 -1731.04
-1774.56 -1731.04
-1735.85 -1731.04
-1781.09 -1731.04
-1771.03 -1731.04
-1739.50 -1731.04
-1822.98 -1731.04
-1751.75 -1731.04
-1736.10 -1731.04
-1747.79 -1731.04
-1774.39 -1731.04
-1744.10 -1731.04
-1737.48 -1731.04
-3230.95 -1731.04
-3185.63 -3185.63
-3233.28 -3185.63
-3163.25 -3163.25
-3174.07 -3163.25
-3219.78 -3163.25
-3232.78 -3163.25
-3150.92 -3150.92
-3200.05 -3150.92
-3068.64 -3068.64
-3034.12 -3034.12
-2980.91 -2980.91
-2981.03 -2981.03
-2958.85 -2958.85
-3030.69 -2958.85
-2947.28 -2947.28
-2930.18 -2930.18
-2885.26 -2885.26
-2826.73 -2826.73
-2872.00 -2826.73
-2833.12 -2826.73
-2769.76 -2769.76
-2746.76 -2746.76
-2786.54 -2746.76
-2738.56 -2738.56
-2924.71 -2738.56
-2614.22 -2614.22
-2568.18 -2568.18
-2579.89 -2568.18
-2639.68 -2568.18
-2536.46 -2536.46
-2549.87 -2536.46
-2568.68 -2536.46
-2589.70 -2536.46
-2521.33 -2521.33
-2659.48 -2521.33
-2563.03 -2521.33
-2639.85 -2521.33
-2587.64 -2521.33
-2486.90 -2486.90
-2516.97 -2486.90
-2522.20 -2486.90
-2489.82 -2489.82
-2435.42 -2435.42
-2366.12 -2366.12
-2508.21 -2366.12
-2381.32 -2366.12
-2294.10 -2294.10
-2478.41 -2294.10
-2441.92 -2294.10
-2367.21 -2294.10
-2322.45 -2294.10
-2322.23 -2294.10
-2483.12 -2294.10
-2240.53 -2240.53
-2225.15 -2225.15
-2250.41 -2225.15
-2016.49 -2016.49
-1977.95 -1977.95
-1979.24 -1979.24
-1824.83 -1824.83
-1836.80 -1824.83
-1857.12 -1824.83
-1827.44 -1824.83
-1856.84 -1824.83
-1932.52 -1824.83
-1925.49 -1824.83
-1786.06 -1786.06
-1820.85 -1786.06
-1774.83 -1774.83
-1766.78 -1766.78
-1776.30 -1766.78
-1779.53 -1766.78
-1735.71 -1735.71
-1731.03 -1731.03
-1782.42 -1731.03
-1740.77 -1731.03
-1781.15 -1731.03
-1805.82 -1731.03
-1784.82 -1731.03
-1767.54 -1731.03
-1735.74 -1731.03
-1785.28 -1731.03
-1737.06 -1731.03
-1743.50 -1731.03
-1776.81 -1731.03
-1781.07 -1731.03
-1775.47 -1731.03
-1737.20 -1731.03
-1738.29 -1731.03
-1773.94 -1731.03
-1784.66 -1731.03
-1783.04 -1731.03
-1763.91 -1731.03
-1771.81 -1731.03
-1784.26 -1731.03
-1782.66 -1731.03
-1735.77 -1731.03
-1737.03 -1731.03
-1738.27 -1731.03
-1854.01 -1731.03
-1735.73 -1731.03
-1730.99 -1730.99
-1882.83 -1730.99
-1735.72 -1730.99
-1777.49 -1730.99
-1736.52 -1730.99
-1744.44 -1730.99
-1775.18 -1730.99
-1737.24 -1730.99
-1776.51 -1730.99
-1742.17 -1730.99
-1792.78 -1730.99
-1737.71 -1730.99
-1767.73 -1730.99
-1774.85 -1730.99
-1784.78 -1730.99
-1786.49 -1730.99
-1735.71 -1730.99
-1820.31 -1730.99
-1736.55 -1730.99
-1737.36 -1730.99
-1775.44 -1730.99
-1812.13 -1730.99
-1784.98 -1730.99
-1735.75 -1730.99
-1730.95 -1730.95
-1735.70 -1730.95
-1784.05 -1730.95
-1782.64 -1730.95
-1735.85 -1730.95
-1736.83 -1730.95
-1763.97 -1730.95
-1777.35 -1730.95
-1736.26 -1730.95
-1776.67 -1730.95
-1735.81 -1730.95
-1736.39 -1730.95
-1737.26 -1730.95
-1763.85 -1730.95
-1736.26 -1730.95
-1741.91 -1730.95
-1735.77 -1730.95
-1758.16 -1730.95
-1737.34 -1730.95
-1781.23 -1730.95
-1736.23 -1730.95
-1735.77 -1730.95
-1735.74 -1730.95
-1735.85 -1730.95
-1743.16 -1730.95
-1782.18 -1730.95
-1795.19 -1730.95
-1735.78 -1730.95
-1784.82 -1730.95
-1807.40 -1730.95
-1777.19 -1730.95
-1785.23 -1730.95
-1749.01 -1730.95
-1737.48 -1730.95
-1782.36 -1730.95
-1774.12 -1730.95
-1777.49 -1730.95
-1780.15 -1730.95
-1736.33 -1730.95
-1784.42 -1730.95
-1737.56 -1730.95
-1767.25 -1730.95
-1765.54 -1730.95
-1735.75 -1730.95
-1784.84 -1730.95
-1783.65 -1730.95
-1738.32 -1730.95
-1780.37 -1730.95
-1775.03 -1730.95
-1774.38 -1730.95
-1735.95 -1730.95
-1781.65 -1730.95
-1783.18 -1730.95
-1744.53 -1730.95
-1735.42 -1730.95
-1765.33 -1730.95
-1784.44 -1730.95
-1730.95 -1730.95
-1778.12 -1730.95
-1735.25 -1730.95
-1735.77 -1730.95
-1736.36 -1730.95
-1777.36 -1730.95
-1775.13 -1730.95
-1783.14 -1730.95
-1774.26 -1730.95
-1784.42 -1730.95
-1774.32 -1730.95
-1763.95 -1730.95
-1783.61 -1730.95
-1734.96 -1730.95
-1737.81 -1730.95
-1735.85 -1730.95
-1754.12 -1730.95
-1762.89 -1730.95
-1737.42 -1730.95
-1806.20 -1730.95
-1737.35 -1730.95
-1800.45 -1730.95
-1738.33 -1730.95
-1782.22 -1730.95
-1739.53 -1730.95
-1772.06 -1730.95
-1737.55 -1730.95
-1783.18 -1730.95
-1745.61 -1730.95
-1807.98 -1730.95
-1745.79 -1730.95
-1764.14 -1730.95
-1787.45 -1730.95
-1772.74 -1730.95
-1735.16 -1730.95
-1735.77 -1730.95
-1741.21 -1730.95
-1735.10 -1730.95
-1737.33 -1730.95
-1738.96 -1730.95
-1738.21 -1730.95
-1767.48 -1730.95
-1765.48 -1730.95
-1803.87 -1730.95
-1764.20 -1730.95
-1736.37 -1730.95
-1777.54 -1730.95
-1737.42 -1730.95
-1763.53 -1730.95
-1764.19 -1730.95
-1784.22 -1730.95
-1777.49 -1730.95
-1786.50 -1730.95
-1735.82 -1730.95
-1738.27 -1730.95
-1736.38 -1730.95
-1876.25 -1730.95
-1735.74 -1730.95
-1798.98 -1730.95
-1764.61 -1730.95
-1784.89 -1730.95
-1787.36 -1730.95
-1775.16 -1730.95
-1781.55 -1730.95
-1740.78 -1730.95
-1882.80 -1730.95
-1736.52 -1730.95
-1777.72 -1730.95
-1773.62 -1730.95
-1742.12 -1730.95
-1766.01 -1730.95
-1738.21 -1730.95
-1745.77 -1730.95
-1774.54 -1730.95
-1776.67 -1730.95
-1735.84 -1730.95
-1792.88 -1730.95
-1773.60 -1730.95
-1788.93 -1730.95
-1765.39 -1730.95
-1763.97 -1730.95
-1742.70 -1730.95
-1737.42 -1730.95
-1763.31 -1730.95
-1795.64 -1730.95
-1774.96 -1730.95
-1783.25 -1730.95
-1735.21 -1730.95
-1745.67 -1730.95
-1781.13 -1730.95
-1774.46 -1730.95
-1736.57 -1730.95
-1744.93 -1730.95
-1755.46 -1730.95
-1736.80 -1730.95
-1739.66 -1730.95
-1737.42 -1730.95
-1739.84 -1730.95
-1762.14 -1730.95
-1796.06 -1730.95
-1777.32 -1730.95
-1736.24 -1730.95
-1789.92 -1730.95
-1780.55 -1730.95
-1737.25 -1730.95
-1742.28 -1730.95
-1735.71 -1730.95
-1736.38 -1730.95
-1784.60 -1730.95
-1774.86 -1730.95
-1735.73 -1730.95
-1735.71 -1730.95
-1787.73 -1730.95
-1774.65 -1730.95
-1736.78 -1730.95
-1741.98 -1730.95
-1795.99 -1730.95
-1772.56 -1730.95
-1736.44 -1730.95
-1819.03 -1730.95
-1735.72 -1730.95
-1882.77 -1730.95
-1735.75 -1730.95
-1734.97 -1730.95
-1764.25 -1730.95
-1804.81 -1730.95
-1760.02 -1730.95
-1737.35 -1730.95
-1775.30 -1730.95
-1749.52 -1730.95
-1736.11 -1730.95
-1736.24 -1730.95
-1784.59 -1730.95
-1775.09 -1730.95
-1737.63 -1730.95
-1736.47 -1730.95
-1775.04 -1730.95
-1736.46 -1730.95
-1774.92 -1730.95
-1763.62 -1730.95
-1782.07 -1730.95
-1829.19 -1730.95
-1751.80 -1730.95
-1762.38 -1730.95
-1741.40 -1730.95
-1735.73 -1730.95
-1782.80 -1730.95
-1768.34 -1730.95
-1741.22 -1730.95
-1780.03 -1730.95
-1735.38 -1730.95
-1779.83 -1730.95
-1762.26 -1730.95
-1782.09 -1730.95
-1787.09 -1730.95
-1772.56 -1730.95
-1764.03 -1730.95
-1750.00 -1730.95
-1736.61 -1730.95
-1736.72 -1730.95
-1738.98 -1730.95
-1736.63 -1730.95
-1784.52 -1730.95
-1817.50 -1730.95
-1821.85 -1730.95
-1780.69 -1730.95
-1738.13 -1730.95
-1777.61 -1730.95
-1743.17 -1730.95
-1737.09 -1730.95
-1768.43 -1730.95
-1775.74 -1730.95
-1737.46 -1730.95
-1735.75 -1730.95
-1783.18 -1730.95
-1779.92 -1730.95
-1782.45 -1730.95
-1758.17 -1730.95
-1736.51 -1730.95
-1782.49 -1730.95
-1739.64 -1730.95
-1735.32 -1730.95
-1745.52 -1730.95
-1775.25 -1730.95
-1765.36 -1730.95
-1738.29 -1730.95
-1737.85 -1730.95
-1780.60 -1730.95
-1778.63 -1730.95
-1735.73 -1730.95
-1753.01 -1730.95
-1804.79 -1730.95
-1738.28 -1730.95
-1792.13 -1730.95
-1776.60 -1730.95
-1812.27 -1730.95
-1877.33 -1730.95
-1736.22 -1730.95
-1736.58 -1730.95
-1774.91 -1730.95
-1804.78 -1730.95
-1774.71 -1730.95
-1774.92 -1730.95
-1774.65 -1730.95
-1735.14 -1730.95
-1736.39 -1730.95
-1741.62 -1730.95
-1781.09 -1730.95
-1786.31 -1730.95
-1801.60 -1730.95
-1792.36 -1730.95
-1738.15 -1730.95
-1773.16 -1730.95
-1735.86 -1730.95
-1796.38 -1730.95
-1739.30 -1730.95
-1735.82 -1730.95
-1736.18 -1730.95
-1793.00 -1730.95
-1778.87 -1730.95
-1730.96 -1730.96
-1804.99 -1730.96
-1774.72 -1730.96
-1739.58 -1730.96
-1783.52 -1730.96
-1736.45 -1730.96
-1773.31 -1730.96
-1736.57 -1730.96
-1781.34 -1730.96
-1772.39 -1730.96
-1735.16 -1730.96
-1774.98 -1730.96
-1735.07 -1730.96
-3232.11 -1730.96
-3192.53 -3192.53
-3233.26 -3192.53
-3224.34 -3192.53
-3207.43 -3192.53
-3201.65 -3192.53
-3233.56 -3192.53
-3231.85 -3192.53
-3218.95 -3192.53
-3167.93 -3167.93
-3137.50 -3137.50
-3180.68 -3137.50
-3191.16 -3137.50
-3148.90 -3137.50
-3146.98 -3137.50
-3254.02 -3137.50
-3199.09 -3137.50
-3207.15 -3137.50
-3148.38 -3137.50
-3167.70 -3137.50
-3067.07 -3067.07
-3051.36 -3051.36
-3048.47 -3048.47
-3063.70 -3048.47
-2964.96 -2964.96
-3038.85 -2964.96
-3008.20 -2964.96
-2845.67 -2845.67
-2917.16 -2845.67
-2781.22 -2781.22
-2834.70 -2781.22
-2599.06 -2599.06
-2643.87 -2599.06
-2683.22 -2599.06
-2589.64 -2589.64
-2642.39 -2589.64
-2647.50 -2589.64
-2693.45 -2589.64
-2540.39 -2540.39
-2368.79 -2368.79
-2393.98 -2368.79
-2241.60 -2241.60
-2253.99 -2241.60
-2162.89 -2162.89
-2028.91 -2028.91
-2055.90 -2028.91
-2310.95 -2028.91
-2018.87 -2018.87
-2023.55 -2018.87
-1990.32 -1990.32
-1972.32 -1972.32
-2124.20 -1972.32
-1944.55 -1944.55
-1924.90 -1924.90
-1976.94 -1924.90
-1913.73 -1913.73
-1973.58 -1913.73
-1967.18 -1913.73
-2006.77 -1913.73
-1782.03 -1782.03
-1794.82 -1782.03
-1855.12 -1782.03
-1771.47 -1771.47
-1777.97 -1771.47
-1772.35 -1772.35
-1786.96 -1772.35
-1738.14 -1738.14
-1767.82 -1738.14
-1782.79 -1738.14
-1780.57 -1738.14
-1735.90 -1735.90
-1779.22 -1735.90
-1741.51 -1735.90
-1742.59 -1735.90
-1805.98 -1735.90
-1862.71 -1735.90
-1735.73 -1735.73
-1780.08 -1735.73
-1783.27 -1735.73
-1788.24 -1735.73
-1736.36 -1735.73
-1737.24 -1735.73
-1749.57 -1735.73
-1736.55 -1735.73
-1738.35 -1735.73
-1804.67 -1735.73
-1735.90 -1735.90
-1784.22 -1735.90
-1774.52 -1735.90
-1785.11 -1735.90
-1773.82 -1735.90
-1827.42 -1735.90
-1773.97 -1735.90
-1749.47 -1735.90
-1737.82 -1735.90
-1811.63 -1735.90
-1774.02 -1735.90
-1775.14 -1735.90
-1772.52 -1735.90
-1739.20 -1735.90
-1737.65 -1735.90
-1771.93 -1735.90
-1789.79 -1735.90
-1735.86 -1735.86
-1736.42 -1736.42
-1737.62 -1736.42
-1781.48 -1736.42
-1736.45 -1736.45
-1775.18 -1736.45
-1737.28 -1736.45
-1738.20 -1736.45
-1736.53 -1736.53
-1820.71 -1736.53
-1778.33 -1736.53
-1786.46 -1736.53
-1772.70 -1736.53
-1767.77 -1736.53
-1787.86 -1736.53
-1785.82 -1736.53
-1785.31 -1736.53
-1736.70 -1736.70
-1785.09 -1736.70
-1786.44 -1736.70
-1735.71 -1735.71
-1737.26 -1735.71
-1778.33 -1735.71
-1785.95 -1735.71
-1862.66 -1735.71
-1740.87 -1735.71
-1798.76 -1735.71
-1740.68 -1735.71
-1787.81 -1735.71
-1736.84 -1735.71
-1741.53 -1735.71
-1782.35 -1735.71
-1783.26 -1735.71
-1742.75 -1735.71
-1782.24 -1735.71
-1735.85 -1735.85
-1737.39 -1737.39
-1736.57 -1736.57
-1771.08 -1736.57
-1785.24 -1736.57
-1736.38 -1736.38
-1739.75 -1736.38
-1735.75 -1735.75
-1735.84 -1735.84
-1738.19 -1735.84
-1743.39 -1735.84
-1789.54 -1735.84
-1737.77 -1735.84
-1735.45 -1735.45
-1744.21 -1735.45
-1783.16 -1735.45
-1782.18 -1735.45
-1737.24 -1735.45
-1774.88 -1735.45
-1736.65 -1735.45
-1735.73 -1735.45
-1731.07 -1731.07
-1738.95 -1731.07
-1784.25 -1731.07
-1786.53 -1731.07
-1736.23 -1731.07
-1770.61 -1731.07
-1770.70 -1731.07
-1795.00 -1731.07
-1779.97 -1731.07
-1763.24 -1731.07
-1779.49 -1731.07
-1739.04 -1731.07
-1765.32 -1731.07
-1765.05 -1731.07
-1737.55 -1731.07
-1737.62 -1731.07
-1735.79 -1731.07
-1775.48 -1731.07
-1788.39 -1731.07
-1736.84 -1731.07
-1764.52 -1731.07
-1743.96 -1731.07
-1796.07 -1731.07
-1787.83 -1731.07
-1738.27 -1731.07
-1762.87 -1731.07
-1779.50 -1731.07
-1762.38 -1731.07
-1749.82 -1731.07
-1738.36 -1731.07
-1736.33 -1731.07
-1785.86 -1731.07
-1774.78 -1731.07
-1796.59 -1731.07
-1882.82 -1731.07
-1774.67 -1731.07
-1749.39 -1731.07
-1772.96 -1731.07
-1785.08 -1731.07
-1796.59 -1731.07
-1736.28 -1731.07
-1736.11 -1731.07
-1759.21 -1731.07
-1738.89 -1731.07
-1772.55 -1731.07
-1788.23 -1731.07
-1774.83 -1731.07
-1763.79 -1731.07
-1735.09 -1731.07
-1737.65 -1731.07
-1787.49 -1731.07
-1777.71 -1731.07
-1737.20 -1731.07
-1762.35 -1731.07
-1741.06 -1731.07
-1776.50 -1731.07
-1783.53 -1731.07
-1775.30 -1731.07
-1774.62 -1731.07
-1737.12 -1731.07
-1737.85 -1731.07
-1743.68 -1731.07
-1745.78 -1731.07
-1737.70 -1731.07
-1745.77 -1731.07
-1777.12 -1731.07
-1737.03 -1731.07
-1791.59 -1731.07
-1744.49 -1731.07
-1774.62 -1731.07
-1774.71 -1731.07
-1787.73 -1731.07
-1745.70 -1731.07
-1781.05 -1731.07
-1771.46 -1731.07
-1828.52 -1731.07
-1767.24 -1731.07
-1736.28 -1731.07
-1772.55 -1731.07
-1736.80 -1731.07
-1737.63 -1731.07
-1790.64 -1731.07
-1737.24 -1731.07
-1735.79 -1731.07
-1775.25 -1731.07
-1737.73 -1731.07
-1737.83 -1731.07
-1784.79 -1731.07
-1781.74 -1731.07
-1775.26 -1731.07
-1738.74 -1731.07
-1755.57 -1731.07
-1738.40 -1731.07
-1783.71 -1731.07
-1783.59 -1731.07
-1737.15 -1731.07
-1736.54 -1731.07
-1784.01 -1731.07
-1771.97 -1731.07
-1779.26 -1731.07
-1737.86 -1731.07
-1736.71 -1731.07
-1778.97 -1731.07
-1751.84 -1731.07
-1784.63 -1731.07
-1774.18 -1731.07
-1735.74 -1731.07
-1736.22 -1731.07
-1784.21 -1731.07
-1752.98 -1731.07
-1854.05 -1731.07
-1736.40 -1731.07
-1738.29 -1731.07
-1845.33 -1731.07
-1736.76 -1731.07
-1779.59 -1731.07
-1787.89 -1731.07
-1745.53 -1731.07
-1779.22 -1731.07
-1772.52 -1731.07
-1738.95 -1731.07
-1774.00 -1731.07
-1794.31 -1731.07
-1782.78 -1731.07
-1740.65 -1731.07
-1736.26 -1731.07
-1738.83 -1731.07
-1781.11 -1731.07
-1736.27 -1731.07
-1805.00 -1731.07
-1795.24 -1731.07
-1737.24 -1731.07
-1748.96 -1731.07
-1736.81 -1731.07
-1735.48 -1731.07
-1778.20 -1731.07
-1780.90 -1731.07
-1800.62 -1731.07
-1777.74 -1731.07
-1865.54 -1731.07
-1735.77 -1731.07
-1786.58 -1731.07
-1773.90 -1731.07
-1737.93 -1731.07
-1736.80 -1731.07
-1741.12 -1731.07
-1870.40 -1731.07
-1738.27 -1731.07
-1782.07 -1731.07
-1775.29 -1731.07
-1735.89 -1731.07
-1738.31 -1731.07
-1775.05 -1731.07
-1755.44 -1731.07
-1772.51 -1731.07
-1764.16 -1731.07
-1774.41 -1731.07
-1738.83 -1731.07
-1736.42 -1731.07
-1795.53 -1731.07
-1778.31 -1731.07
-1781.35 -1731.07
-1736.56 -1731.07
-1735.78 -1731.07
-1779.51 -1731.07
-1767.65 -1731.07
-1731.04 -1731.04
-1738.57 -1731.04
-1786.46 -1731.04
-1736.25 -1731.04
-1763.54 -1731.04
-1786.46 -1731.04
-1741.55 -1731.04
-1763.58 -1731.04
-1737.31 -1731.04
-1760.14 -1731.04
-1738.21 -1731.04
-1779.65 -1731.04
-1797.12 -1731.04
-1735.87 -1731.04
-1743.87 -1731.04
-1734.96 -1731.04
-1737.46 -1731.04
-1737.81 -1731.04
-1767.43 -1731.04
-1820.21 -1731.04
-1804.60 -1731.04
-1772.75 -1731.04
-1786.56 -1731.04
-1780.49 -1731.04
-1770.03 -1731.04
-1796.58 -1731.04
-1772.59 -1731.04
-1749.84 -1731.04
-1740.68 -1731.04
-1735.85 -1731.04
-1739.54 -1731.04
-1775.43 -1731.04
-1804.61 -1731.04
-1743.40 -1731.04
-1738.18 -1731.04
-1795.36 -1731.04
-1738.14 -1731.04
-1745.62 -1731.04
-1736.10 -1731.04
-1735.87 -1731.04
-1796.61 -1731.04
-1886.54 -1731.04
-1740.96 -1731.04
-1738.30 -1731.04
-1786.39 -1731.04
-1782.62 -1731.04
-1771.51 -1731.04
-1795.45 -1731.04
-1730.96 -1730.96
-1738.30 -1730.96
-1781.08 -1730.96
-1780.95 -1730.96
-1775.19 -1730.96
-1782.38 -1730.96
-1763.29 -1730.96
-1774.97 -1730.96
-1784.52 -1730.96
-1782.02 -1730.96
-1741.18 -1730.96
-1787.22 -1730.96
-1781.87 -1730.96
-1784.42 -1730.96
-1804.73 -1730.96
-1788.00 -1730.96
-1786.73 -1730.96
-1738.23 -1730.96
-1777.08 -1730.96
-1741.95 -1730.96
-1737.17 -1730.96
-1739.47 -1730.96
-1776.94 -1730.96
-1796.38 -1730.96
-1773.58 -1730.96
-1781.85 -1730.96
-1739.64 -1730.96
-1779.30 -1730.96
-1772.72 -1730.96
-1738.13 -1730.96
-1787.36 -1730.96
-1738.27 -1730.96
-1762.89 -1730.96
-1735.20 -1730.96
-1784.95 -1730.96
-1738.27 -1730.96
-1744.22 -1730.96
-1784.52 -1730.96
-1781.43 -1730.96
-1740.94 -1730.96
-1745.86 -1730.96
-1736.87 -1730.96
-1738.36 -1730.96
-3252.87 -1730.96
-3223.96 -3223.96
-3233.99 -3223.96
-3270.84 -3223.96
