-10000.00 -10000.00
-2796.14 -10000.00
-2795.44 -10000.00
-2754.52 -2754.52
-2790.58 -2754.52
-2741.67 -2741.67
-2735.51 -2735.51
-2807.18 -2735.51
-2741.14 -2735.51
-2661.64 -2661.64
-2648.92 -2648.92
-2655.85 -2648.92
-2573.40 -2573.40
-2564.49 -2564.49
-2556.23 -2556.23
-2549.56 -2549.56
-2493.44 -2493.44
-2459.30 -2459.30
-2484.78 -2459.30
-2516.93 -2459.30
-2485.31 -2459.30
-2483.17 -2459.30
-2461.66 -2459.30
-2484.02 -2459.30
-2454.10 -2454.10
-2492.86 -2454.10
-2347.76 -2347.76
-2262.56 -2262.56
-2328.12 -2262.56
-2230.49 -2230.49
-2107.05 -2107.05
-2226.30 -2107.05
-2034.89 -2034.89
-1989.04 -1989.04
-2084.51 -1989.04
-2125.41 -1989.04
-1901.88 -1901.88
-1803.77 -1803.77
-1760.19 -1760.19
-1916.68 -1760.19
-1804.94 -1760.19
-1713.05 -1713.05
-1700.02 -1700.02
-1762.98 -1700.02
-1713.15 -1700.02
-1700.39 -1700.02
-1552.11 -1552.11
-1559.04 -1552.11
-1599.42 -1552.11
-1575.28 -1552.11
-1582.86 -1552.11
-1502.68 -1502.68
-1567.24 -1502.68
-1503.36 -1503.36
-1503.37 -1503.37
-1628.36 -1503.37
-1504.69 -1503.37
-1535.25 -1503.37
-1501.18 -1501.18
-1560.69 -1501.18
-1501.16 -1501.16
-1543.38 -1501.16
-1502.83 -1502.83
-1545.79 -1502.83
-1501.73 -1501.73
-1538.80 -1501.73
-1545.96 -1501.73
-1501.75 -1501.75
-1563.24 -1501.75
-1538.70 -1501.75
-1505.38 -1501.75
-1501.61 -1501.61
-1541.50 -1501.61
-1534.76 -1501.61
-1502.04 -1502.04
-1543.68 -1502.04
-1532.06 -1502.04
-1540.95 -1502.04
-1543.68 -1502.04
-1538.91 -1502.04
-1506.50 -1502.04
-1497.11 -1497.11
-1500.73 -1497.11
-1503.41 -1497.11
-1538.25 -1497.11
-1530.65 -1497.11
-1504.04 -1497.11
-1503.76 -1497.11
-1540.23 -1497.11
-1525.70 -1497.11
-1506.66 -1497.11
-1502.76 -1497.11
-1505.45 -1497.11
-1503.37 -1497.11
-1525.45 -1497.11
-1525.46 -1497.11
-1603.47 -1497.11
-1605.76 -1497.11
-1503.39 -1497.11
-1541.18 -1497.11
-1503.92 -1497.11
-1501.19 -1497.11
-1533.55 -1497.11
-1502.51 -1497.11
-1545.71 -1497.11
-1501.19 -1497.11
-1543.37 -1497.11
-1542.92 -1497.11
-1540.89 -1497.11
-1538.76 -1497.11
-1503.70 -1497.11
-1502.78 -1497.11
-1501.25 -1497.11
-1497.11 -1497.11
-1552.67 -1497.11
-1543.29 -1497.11
-1502.69 -1497.11
-1560.86 -1497.11
-1536.86 -1497.11
-1501.51 -1497.11
-1541.57 -1497.11
-1560.82 -1497.11
-1502.44 -1497.11
-1506.34 -1497.11
-1500.82 -1497.11
-1534.55 -1497.11
-1561.91 -1497.11
-1501.98 -1497.11
-1533.14 -1497.11
-1507.03 -1497.11
-1542.11 -1497.11
-1539.00 -1497.11
-1541.63 -1497.11
-1538.76 -1497.11
-1501.74 -1497.11
-1534.53 -1497.11
-1501.60 -1497.11
-1544.97 -1497.11
-1502.42 -1497.11
-1533.92 -1497.11
-1501.77 -1497.11
-1525.11 -1497.11
-1501.20 -1497.11
-1537.80 -1497.11
-1505.84 -1497.11
-1506.06 -1497.11
-1501.70 -1497.11
-1559.58 -1497.11
-1535.08 -1497.11
-1537.07 -1497.11
-1520.38 -1497.11
-1541.62 -1497.11
-1500.69 -1497.11
-1549.90 -1497.11
-1502.53 -1497.11
-1543.36 -1497.11
-1525.56 -1497.11
-1501.21 -1497.11
-1508.07 -1497.11
-1513.01 -1497.11
-1501.17 -1497.11
-1501.50 -1497.11
-1500.69 -1497.11
-1603.52 -1497.11
-1501.19 -1497.11
-1560.11 -1497.11
-1502.93 -1497.11
-1504.41 -1497.11
-1501.64 -1497.11
-1502.41 -1497.11
-1534.34 -1497.11
-1501.88 -1497.11
-1540.65 -1497.11
-1502.74 -1497.11
-1537.92 -1497.11
-1504.42 -1497.11
-1502.11 -1497.11
-1538.18 -1497.11
-1509.78 -1497.11
-1502.65 -1497.11
-1502.16 -1497.11
-1538.05 -1497.11
-1552.87 -1497.11
-1538.43 -1497.11
-1528.13 -1497.11
-1500.52 -1497.11
-1502.02 -1497.11
-1505.90 -1497.11
-1546.84 -1497.11
-1538.09 -1497.11
-1501.36 -1497.11
-1503.78 -1497.11
-1535.12 -1497.11
-1505.41 -1497.11
-1542.55 -1497.11
-1532.77 -1497.11
-1502.52 -1497.11
-1497.06 -1497.06
-1528.02 -1497.06
-1516.11 -1497.06
-1541.56 -1497.06
-1502.07 -1497.06
-1542.59 -1497.06
-1542.18 -1497.06
-1539.94 -1497.06
-1546.92 -1497.06
-1502.54 -1497.06
-1501.22 -1497.06
-1538.01 -1497.06
-1525.68 -1497.06
-1502.44 -1497.06
-1547.74 -1497.06
-1535.22 -1497.06
-1501.37 -1497.06
-1501.80 -1497.06
-1525.65 -1497.06
-1503.91 -1497.06
-1507.29 -1497.06
-1534.85 -1497.06
-1512.71 -1497.06
-1538.25 -1497.06
-1501.26 -1497.06
-1501.69 -1497.06
-1525.60 -1497.06
-1501.26 -1497.06
-1628.35 -1497.06
-1541.89 -1497.06
-1535.26 -1497.06
-1501.28 -1497.06
-1547.28 -1497.06
-1543.75 -1497.06
-1500.87 -1497.06
-1500.93 -1497.06
-1506.56 -1497.06
-1565.81 -1497.06
-1540.91 -1497.06
-1542.63 -1497.06
-1537.81 -1497.06
-1612.88 -1497.06
-1543.70 -1497.06
-1512.59 -1497.06
-1536.90 -1497.06
-1502.24 -1497.06
-1543.68 -1497.06
-1592.63 -1497.06
-1539.49 -1497.06
-1509.78 -1497.06
-1555.92 -1497.06
-1503.39 -1497.06
-1502.21 -1497.06
-1508.04 -1497.06
-1500.89 -1497.06
-1502.55 -1497.06
-1525.68 -1497.06
-1534.81 -1497.06
-1503.86 -1497.06
-1547.55 -1497.06
-1558.97 -1497.06
-1546.34 -1497.06
-1537.06 -1497.06
-1515.93 -1497.06
-1502.43 -1497.06
-1502.39 -1497.06
-1560.89 -1497.06
-1501.55 -1497.06
-1546.67 -1497.06
-1518.25 -1497.06
-1534.81 -1497.06
-1501.51 -1497.06
-1536.57 -1497.06
-1501.19 -1497.06
-1543.94 -1497.06
-1504.73 -1497.06
-1535.74 -1497.06
-1536.64 -1497.06
-1532.03 -1497.06
-1541.80 -1497.06
-1501.24 -1497.06
-1501.93 -1497.06
-1610.96 -1497.06
-1582.80 -1497.06
-1500.65 -1497.06
-1545.93 -1497.06
-1501.97 -1497.06
-1534.74 -1497.06
-1560.32 -1497.06
-1534.59 -1497.06
-1507.93 -1497.06
-1543.52 -1497.06
-1524.67 -1497.06
-1545.27 -1497.06
-1501.25 -1497.06
-1534.47 -1497.06
-1526.83 -1497.06
-1539.58 -1497.06
-1503.55 -1497.06
-1525.66 -1497.06
-1542.05 -1497.06
-1526.77 -1497.06
-1603.46 -1497.06
-1502.67 -1497.06
-1497.02 -1497.02
-1504.25 -1497.02
-1525.79 -1497.02
-1505.86 -1497.02
-1503.09 -1497.02
-1502.59 -1497.02
-1503.47 -1497.02
-1545.24 -1497.02
-1501.48 -1497.02
-1532.64 -1497.02
-1508.33 -1497.02
-1547.03 -1497.02
-1501.92 -1497.02
-1501.26 -1497.02
-1543.32 -1497.02
-1502.57 -1497.02
-1501.24 -1497.02
-1546.96 -1497.02
-1503.37 -1497.02
-1544.40 -1497.02
-1506.18 -1497.02
-1508.79 -1497.02
-1503.37 -1497.02
-1545.16 -1497.02
-1505.99 -1497.02
-1507.06 -1497.02
-1525.65 -1497.02
-1501.74 -1497.02
-1501.27 -1497.02
-1505.58 -1497.02
-1501.28 -1497.02
-1502.79 -1497.02
-1560.50 -1497.02
-1538.77 -1497.02
-1525.78 -1497.02
-1546.00 -1497.02
-1527.23 -1497.02
-1539.01 -1497.02
-1513.04 -1497.02
-1501.19 -1497.02
-1501.23 -1497.02
-1501.28 -1497.02
-1546.14 -1497.02
-1503.37 -1497.02
-1500.92 -1497.02
-1542.34 -1497.02
-1501.21 -1497.02
-1501.21 -1497.02
-1501.19 -1497.02
-1543.20 -1497.02
-1502.66 -1497.02
-1543.11 -1497.02
-1525.68 -1497.02
-1497.04 -1497.04
-1503.68 -1497.04
-1501.16 -1497.04
-1503.31 -1497.04
-1513.23 -1497.04
-1536.76 -1497.04
-1502.08 -1497.04
-1504.16 -1497.04
-1501.30 -1497.04
-1536.67 -1497.04
-1544.67 -1497.04
-1603.48 -1497.04
-1540.56 -1497.04
-1534.75 -1497.04
-1532.80 -1497.04
-1544.79 -1497.04
-1502.43 -1497.04
-1535.06 -1497.04
-1560.73 -1497.04
-1503.86 -1497.04
-1543.85 -1497.04
-1529.51 -1497.04
-1516.02 -1497.04
-1527.34 -1497.04
-1502.79 -1497.04
-1534.84 -1497.04
-1502.24 -1497.04
-1497.05 -1497.05
-1501.69 -1497.05
-1545.10 -1497.05
-1503.18 -1497.05
-1501.88 -1497.05
-1535.70 -1497.05
-1501.71 -1497.05
-1503.85 -1497.05
-1502.61 -1497.05
-1513.02 -1497.05
-1502.78 -1497.05
-1521.46 -1497.05
-1546.92 -1497.05
-1505.99 -1497.05
-1503.40 -1497.05
-1542.13 -1497.05
-1508.80 -1497.05
-1502.07 -1497.05
-1539.53 -1497.05
-1535.28 -1497.05
-1546.02 -1497.05
-1507.06 -1497.05
-1528.58 -1497.05
-1544.12 -1497.05
-1502.62 -1497.05
-1501.55 -1497.05
-1501.77 -1497.05
-1507.78 -1497.05
-1546.46 -1497.05
-1541.08 -1497.05
-1547.91 -1497.05
-1525.42 -1497.05
-1528.79 -1497.05
-1502.15 -1497.05
-1617.65 -1497.05
-1501.67 -1497.05
-1503.32 -1497.05
-2795.95 -1497.05
-2750.96 -2750.96
-2723.68 -2723.68
-2663.52 -2663.52
-2654.85 -2654.85
-2615.46 -2615.46
-2556.76 -2556.76
-2591.66 -2556.76
-2556.59 -2556.59
-2478.63 -2478.63
-2452.82 -2452.82
-2496.38 -2452.82
-2487.58 -2452.82
-2483.33 -2452.82
-2515.73 -2452.82
-2492.68 -2452.82
-2479.38 -2452.82
-2423.47 -2423.47
-2461.13 -2423.47
-2413.29 -2413.29
-2483.37 -2413.29
-2485.68 -2413.29
-2413.87 -2413.87
-2408.15 -2408.15
-2396.00 -2396.00
-2387.75 -2387.75
-2283.35 -2283.35
-2232.65 -2232.65
-2234.76 -2232.65
-2151.31 -2151.31
-2111.55 -2111.55
-2132.72 -2111.55
-2083.52 -2083.52
-2115.00 -2083.52
-2163.09 -2083.52
-1971.41 -1971.41
-1937.98 -1937.98
-2011.04 -1937.98
-1884.79 -1884.79
-1955.11 -1884.79
-1768.64 -1768.64
-1714.65 -1714.65
-1611.35 -1611.35
-1614.69 -1611.35
-1708.96 -1611.35
-1792.31 -1611.35
-1611.04 -1611.04
-1593.54 -1593.54
-1545.58 -1545.58
-1574.17 -1545.58
-1502.35 -1502.35
-1535.32 -1502.35
-1528.51 -1502.35
-1501.58 -1501.58
-1501.23 -1501.23
-1497.14 -1497.14
-1532.69 -1497.14
-1502.74 -1497.14
-1501.85 -1497.14
-1539.92 -1497.14
-1536.69 -1497.14
-1553.11 -1497.14
-1543.05 -1497.14
-1543.17 -1497.14
-1501.74 -1497.14
-1542.07 -1497.14
-1540.06 -1497.14
-1506.57 -1497.14
-1532.63 -1497.14
-1525.42 -1497.14
-1525.44 -1497.14
-1561.09 -1497.14
-1537.36 -1497.14
-1533.15 -1497.14
-1506.78 -1497.14
-1535.02 -1497.14
-1503.25 -1497.14
-1506.94 -1497.14
-1501.92 -1497.14
-1534.23 -1497.14
-1506.94 -1497.14
-1540.52 -1497.14
-1503.57 -1497.14
-1541.21 -1497.14
-1509.14 -1497.14
-1545.38 -1497.14
-1603.44 -1497.14
-1506.60 -1497.14
-1502.02 -1497.14
-1501.19 -1497.14
-1500.92 -1497.14
-1533.91 -1497.14
-1501.86 -1497.14
-1540.62 -1497.14
-1506.92 -1497.14
-1532.99 -1497.14
-1533.64 -1497.14
-1500.60 -1497.14
-1502.52 -1497.14
-1542.31 -1497.14
-1541.85 -1497.14
-1503.25 -1497.14
-1534.95 -1497.14
-1497.15 -1497.15
-1540.39 -1497.15
-1538.70 -1497.15
-1501.27 -1497.15
-1502.45 -1497.15
-1507.19 -1497.15
-1544.58 -1497.15
-1536.42 -1497.15
-1534.54 -1497.15
-1509.88 -1497.15
-1560.73 -1497.15
-1533.11 -1497.15
-1502.78 -1497.15
-1611.92 -1497.15
-1500.67 -1497.15
-1560.78 -1497.15
-1696.49 -1497.15
-1501.21 -1497.15
-1503.34 -1497.15
-1525.44 -1497.15
-1508.17 -1497.15
-1533.15 -1497.15
-1501.98 -1497.15
-1505.80 -1497.15
-1524.11 -1497.15
-1504.44 -1497.15
-1503.59 -1497.15
-1501.77 -1497.15
-1501.00 -1497.15
-1501.20 -1497.15
-1497.02 -1497.02
-1501.61 -1497.02
-1538.83 -1497.02
-1525.44 -1497.02
-1543.73 -1497.02
-1502.00 -1497.02
-1501.16 -1497.02
-1560.80 -1497.02
-1497.10 -1497.10
-1502.53 -1497.10
-1528.91 -1497.10
-1603.45 -1497.10
-1549.33 -1497.10
-1535.25 -1497.10
-1540.38 -1497.10
-1518.21 -1497.10
-1508.12 -1497.10
-1502.83 -1497.10
-1503.81 -1497.10
-1528.68 -1497.10
-1501.73 -1497.10
-1538.84 -1497.10
-1502.06 -1497.10
-1539.56 -1497.10
-1533.94 -1497.10
-1502.15 -1497.10
-1557.18 -1497.10
-1542.56 -1497.10
-1505.91 -1497.10
-1500.69 -1497.10
-1534.20 -1497.10
-1512.36 -1497.10
-1549.60 -1497.10
-1527.97 -1497.10
-1503.56 -1497.10
-1617.65 -1497.10
-1560.73 -1497.10
-1503.41 -1497.10
-1501.01 -1497.10
-1544.84 -1497.10
-1506.92 -1497.10
-1525.65 -1497.10
-1497.15 -1497.15
-1544.18 -1497.15
-1534.68 -1497.15
-1542.52 -1497.15
-1501.00 -1497.15
-1501.19 -1497.15
-1518.21 -1497.15
-1501.21 -1497.15
-1547.90 -1497.15
-1501.68 -1497.15
-1526.85 -1497.15
-1503.36 -1497.15
-1526.83 -1497.15
-1550.14 -1497.15
-1541.13 -1497.15
-1566.86 -1497.15
-1609.93 -1497.15
-1503.46 -1497.15
-1540.39 -1497.15
-1534.03 -1497.15
-1545.74 -1497.15
-1500.57 -1497.15
-1505.61 -1497.15
-1550.14 -1497.15
-1503.37 -1497.15
-1503.71 -1497.15
-1500.82 -1497.15
-1501.17 -1497.15
-1529.71 -1497.15
-1547.18 -1497.15
-1537.52 -1497.15
-1524.94 -1497.15
-1562.37 -1497.15
-1541.72 -1497.15
-1505.50 -1497.15
-1542.25 -1497.15
-1534.87 -1497.15
-1502.60 -1497.15
-1537.36 -1497.15
-1546.49 -1497.15
-1541.69 -1497.15
-1504.21 -1497.15
-1534.24 -1497.15
-1504.34 -1497.15
-1503.38 -1497.15
-1502.11 -1497.15
-1534.88 -1497.15
-1503.23 -1497.15
-1501.49 -1497.15
-1501.55 -1497.15
-1538.84 -1497.15
-1501.27 -1497.15
-1501.65 -1497.15
-1537.86 -1497.15
-1541.35 -1497.15
-1541.12 -1497.15
-1564.70 -1497.15
-1540.83 -1497.15
-1553.43 -1497.15
-1501.27 -1497.15
-1543.28 -1497.15
-1501.93 -1497.15
-1582.60 -1497.15
-1504.28 -1497.15
-1501.60 -1497.15
-1542.11 -1497.15
-1546.19 -1497.15
-1539.57 -1497.15
-1526.75 -1497.15
-1502.83 -1497.15
-1501.25 -1497.15
-1501.19 -1497.15
-1527.63 -1497.15
-1497.02 -1497.02
-1507.21 -1497.02
-1541.44 -1497.02
-1553.16 -1497.02
-1504.42 -1497.02
-1535.16 -1497.02
-1524.22 -1497.02
-1502.19 -1497.02
-1532.95 -1497.02
-1502.11 -1497.02
-1528.90 -1497.02
-1552.75 -1497.02
-1525.41 -1497.02
-1497.10 -1497.10
-1553.12 -1497.10
-1527.15 -1497.10
-1534.43 -1497.10
-1534.29 -1497.10
-1543.43 -1497.10
-1529.56 -1497.10
-1513.09 -1497.10
-1501.65 -1497.10
-1502.03 -1497.10
-1530.83 -1497.10
-1542.07 -1497.10
-1509.68 -1497.10
-1542.08 -1497.10
-1533.05 -1497.10
-1534.73 -1497.10
-1610.94 -1497.10
-1504.72 -1497.10
-1542.10 -1497.10
-1524.16 -1497.10
-1501.73 -1497.10
-1501.68 -1497.10
-1501.27 -1497.10
-1543.36 -1497.10
-1534.43 -1497.10
-1501.24 -1497.10
-1501.58 -1497.10
-1581.01 -1497.10
-1541.09 -1497.10
-1560.67 -1497.10
-1501.17 -1497.10
-1506.53 -1497.10
-1543.19 -1497.10
-1502.48 -1497.10
-1584.36 -1497.10
-1497.16 -1497.16
-1502.68 -1497.16
-1543.41 -1497.16
-1518.20 -1497.16
-1503.32 -1497.16
-1554.43 -1497.16
-1532.81 -1497.16
-1525.46 -1497.16
-1509.82 -1497.16
-1532.67 -1497.16
-1506.19 -1497.16
-1512.74 -1497.16
-1539.75 -1497.16
-1497.10 -1497.10
-1503.78 -1497.10
-1503.39 -1497.10
-1526.87 -1497.10
-1503.25 -1497.10
-1503.53 -1497.10
-1534.14 -1497.10
-1527.08 -1497.10
-1603.47 -1497.10
-1501.77 -1497.10
-1543.92 -1497.10
-1506.57 -1497.10
-1524.99 -1497.10
-1545.07 -1497.10
-1525.78 -1497.10
-1501.31 -1497.10
-1503.37 -1497.10
-1504.42 -1497.10
-1537.26 -1497.10
-1497.09 -1497.09
-1512.66 -1497.09
-1549.02 -1497.09
-1528.96 -1497.09
-1550.60 -1497.09
-1526.76 -1497.09
-1527.04 -1497.09
-1501.94 -1497.09
-1560.82 -1497.09
-1524.71 -1497.09
-1603.49 -1497.09
-1504.49 -1497.09
-1501.81 -1497.09
-1533.01 -1497.09
-1501.17 -1497.09
-1503.37 -1497.09
-1508.16 -1497.09
-1547.95 -1497.09
-1501.67 -1497.09
-1534.87 -1497.09
-1541.94 -1497.09
-1535.24 -1497.09
-1515.01 -1497.09
-1535.00 -1497.09
-1502.45 -1497.09
-1559.10 -1497.09
-1543.73 -1497.09
-1542.31 -1497.09
-1533.95 -1497.09
-1497.10 -1497.10
-1525.55 -1497.10
-1525.37 -1497.10
-1509.82 -1497.10
-1545.30 -1497.10
-1501.72 -1497.10
-1501.49 -1497.10
-1555.89 -1497.10
-1542.28 -1497.10
-1501.22 -1497.10
-1497.04 -1497.04
-1501.21 -1497.04
-1547.88 -1497.04
-1505.54 -1497.04
-1539.57 -1497.04
-1546.10 -1497.04
-1503.38 -1497.04
-1528.94 -1497.04
-1503.64 -1497.04
-1567.21 -1497.04
-1503.40 -1497.04
-1501.49 -1497.04
-1503.24 -1497.04
-1554.75 -1497.04
-1532.77 -1497.04
-1543.94 -1497.04
-1503.17 -1497.04
-1501.29 -1497.04
-1503.37 -1497.04
-1525.72 -1497.04
-1501.17 -1497.04
-1501.23 -1497.04
-1508.43 -1497.04
-1501.21 -1497.04
-1545.91 -1497.04
-1526.15 -1497.04
-1515.02 -1497.04
-1628.37 -1497.04
-1504.12 -1497.04
-1503.39 -1497.04
-1502.98 -1497.04
-1515.95 -1497.04
-1535.33 -1497.04
-1541.34 -1497.04
-1537.15 -1497.04
-1547.19 -1497.04
-1528.78 -1497.04
-1501.75 -1497.04
-1534.83 -1497.04
-1500.75 -1497.04
-1548.08 -1497.04
-1536.75 -1497.04
-1502.93 -1497.04
-1540.59 -1497.04
-1501.96 -1497.04
-1525.67 -1497.04
-1543.57 -1497.04
-1526.94 -1497.04
-1544.95 -1497.04
-2776.24 -2776.24
-2768.91 -2768.91
-2762.74 -2762.74
-2739.70 -2739.70
-2782.60 -2739.70
-2722.83 -2722.83
-2671.13 -2671.13
-2700.55 -2671.13
-2698.96 -2671.13
-2682.65 -2671.13
-2718.44 -2671.13
-2662.27 -2662.27
-2651.33 -2651.33
-2598.65 -2598.65
-2622.03 -2598.65
-2565.23 -2565.23
-2511.96 -2511.96
-2480.38 -2480.38
-2424.69 -2424.69
-2345.67 -2345.67
-2287.91 -2287.91
-2243.58 -2243.58
-2224.67 -2224.67
-2088.30 -2088.30
-2017.71 -2017.71
-1901.70 -1901.70
-1944.50 -1901.70
-1936.71 -1901.70
-1709.64 -1709.64
-1711.96 -1709.64
-1705.59 -1705.59
-1720.84 -1705.59
-1700.79 -1700.79
-1761.78 -1700.79
-1553.97 -1553.97
-1535.65 -1535.65
-1534.79 -1534.79
-1557.12 -1534.79
-1528.61 -1528.61
-1552.25 -1528.61
-1503.91 -1503.91
-1504.42 -1503.91
-1540.43 -1503.91
-1503.20 -1503.20
-1617.65 -1503.20
-1504.06 -1503.20
-1508.04 -1503.20
-1544.30 -1503.20
-1653.49 -1503.20
-1515.07 -1503.20
-1526.15 -1503.20
-1503.25 -1503.25
-1580.12 -1503.25
-1560.01 -1503.25
-1545.20 -1503.25
-1500.84 -1500.84
-1505.64 -1500.84
-1621.00 -1500.84
-1559.77 -1500.84
-1528.98 -1500.84
-1501.21 -1500.84
-1502.98 -1500.84
-1507.97 -1500.84
-1560.72 -1500.84
-1505.93 -1500.84
-1543.68 -1500.84
-1503.41 -1500.84
-1575.57 -1500.84
-1501.19 -1500.84
-1526.04 -1500.84
-1544.82 -1500.84
-1527.01 -1500.84
-1541.53 -1500.84
-1603.45 -1500.84
-1560.83 -1500.84
-1501.62 -1501.62
-1547.21 -1501.62
-1545.08 -1501.62
-1541.06 -1501.62
-1560.06 -1501.62
-1513.06 -1501.62
-1505.80 -1501.62
-1504.51 -1501.62
-1536.60 -1501.62
-1537.30 -1501.62
-1501.17 -1501.17
-1545.61 -1501.17
-1566.93 -1501.17
-1501.24 -1501.17
-1532.66 -1501.17
-1501.94 -1501.17
-1549.53 -1501.17
-1538.90 -1501.17
-1581.62 -1501.17
-1540.35 -1501.17
-1628.38 -1501.17
-1502.64 -1502.64
-1560.16 -1502.64
-1560.72 -1502.64
-1502.46 -1502.46
-1501.23 -1501.23
-1540.18 -1501.23
-1515.01 -1501.23
-1562.76 -1501.23
-1535.18 -1501.23
-1540.65 -1501.23
-1503.15 -1501.23
-1535.45 -1501.23
-1501.70 -1501.23
-1540.62 -1501.23
-1537.89 -1501.23
-1508.63 -1501.23
-1536.60 -1501.23
-1501.95 -1501.23
-1501.98 -1501.98
-1526.12 -1501.98
-1533.53 -1501.98
-1503.02 -1501.98
-1502.15 -1502.15
-1535.06 -1502.15
-1539.44 -1502.15
-1513.11 -1502.15
-1501.14 -1501.14
-1503.52 -1501.14
-1545.93 -1501.14
-1541.34 -1501.14
-1525.03 -1501.14
-1506.51 -1501.14
-1506.58 -1501.14
-1534.43 -1501.14
-1504.51 -1501.14
-1504.33 -1501.14
-1537.95 -1501.14
-1525.54 -1501.14
-1501.19 -1501.19
-1543.72 -1501.19
-1545.94 -1501.19
-1504.57 -1501.19
-1563.19 -1501.19
-1503.31 -1501.19
-1502.56 -1501.19
-1503.29 -1501.19
-1508.10 -1501.19
-1561.20 -1501.19
-1527.63 -1501.19
-1502.64 -1501.19
-1501.48 -1501.19
-1502.29 -1502.29
-1534.75 -1502.29
-1521.55 -1502.29
-1501.51 -1501.51
-1501.59 -1501.51
-1544.21 -1501.51
-1500.74 -1500.74
-1534.61 -1500.74
-1534.81 -1500.74
-1544.31 -1500.74
-1502.87 -1502.87
-1533.56 -1502.87
-1534.20 -1502.87
-1534.31 -1502.87
-1501.06 -1501.06
-1503.39 -1501.06
-1544.53 -1501.06
-1545.15 -1501.06
-1536.12 -1501.06
-1501.58 -1501.06
-1548.13 -1501.06
-1534.33 -1501.06
-1502.87 -1501.06
-1531.38 -1501.06
-1502.00 -1501.06
-1525.21 -1501.06
-1539.34 -1501.06
-1537.50 -1501.06
-1501.59 -1501.06
-1566.89 -1501.06
-1502.64 -1501.06
-1625.10 -1501.06
-1567.00 -1501.06
-1558.72 -1501.06
-1586.68 -1501.06
-1497.05 -1497.05
-1535.22 -1497.05
-1534.16 -1497.05
-1501.16 -1497.05
-1541.56 -1497.05
-1534.88 -1497.05
-1550.22 -1497.05
-1501.32 -1497.05
-1543.92 -1497.05
-1501.16 -1497.05
-1500.89 -1497.05
-1540.30 -1497.05
-1545.81 -1497.05
-1541.61 -1497.05
-1501.70 -1497.05
-1506.53 -1497.05
-1540.30 -1497.05
-1502.32 -1497.05
-1502.11 -1497.05
-1532.71 -1497.05
-1502.16 -1497.05
-1526.64 -1497.05
-1503.15 -1497.05
-1541.14 -1497.05
-1539.87 -1497.05
-1501.31 -1497.05
-1539.66 -1497.05
-1541.21 -1497.05
-1528.39 -1497.05
-1544.63 -1497.05
-1503.36 -1497.05
-1586.72 -1497.05
-1501.16 -1497.05
-1505.90 -1497.05
-1513.25 -1497.05
-1501.02 -1497.05
-1505.96 -1497.05
-1543.95 -1497.05
-1503.05 -1497.05
-1540.36 -1497.05
-1503.11 -1497.05
-1501.76 -1497.05
-1534.37 -1497.05
-1534.10 -1497.05
-1529.48 -1497.05
-1501.32 -1497.05
-1501.14 -1497.05
-1541.18 -1497.05
-1604.07 -1497.05
-1545.33 -1497.05
-1501.25 -1497.05
-1534.51 -1497.05
-1541.25 -1497.05
-1545.71 -1497.05
-1500.49 -1497.05
-1549.11 -1497.05
-1606.01 -1497.05
-1546.03 -1497.05
-1528.97 -1497.05
-1546.29 -1497.05
-1526.45 -1497.05
-1543.86 -1497.05
-1548.68 -1497.05
-1552.88 -1497.05
-1539.59 -1497.05
-1553.70 -1497.05
-1552.03 -1497.05
-1542.84 -1497.05
-1545.38 -1497.05
-1500.80 -1500.80
-1553.68 -1500.80
-1501.98 -1500.80
-1504.25 -1500.80
-1543.26 -1500.80
-1551.72 -1500.80
-1505.47 -1500.80
-1503.36 -1500.80
-1552.52 -1500.80
-1547.52 -1500.80
-1536.89 -1500.80
-1542.57 -1500.80
-1542.56 -1500.80
-1540.84 -1500.80
-1501.72 -1500.80
-1525.59 -1500.80
-1526.87 -1500.80
-1525.28 -1500.80
-1540.39 -1500.80
-1539.86 -1500.80
-1541.71 -1500.80
-1501.18 -1500.80
-1502.45 -1500.80
-1503.96 -1500.80
-1545.80 -1500.80
-1513.24 -1500.80
-1535.49 -1500.80
-1543.28 -1500.80
-1567.26 -1500.80
-1543.62 -1500.80
-1501.20 -1501.20
-1532.42 -1501.20
-1544.16 -1501.20
-1501.70 -1501.70
-1560.94 -1501.70
-1552.83 -1501.70
-1534.41 -1501.70
-1545.52 -1501.70
-1504.43 -1501.70
-1549.32 -1501.70
-1526.88 -1501.70
-1587.06 -1501.70
-1502.07 -1502.07
-1539.69 -1502.07
-1512.98 -1502.07
-1556.79 -1502.07
-1540.10 -1502.07
-1501.80 -1501.80
-1558.80 -1501.80
-1501.28 -1501.28
-1509.93 -1501.28
-1528.01 -1501.28
-1534.62 -1501.28
-1503.33 -1501.28
-1506.36 -1501.28
-1501.72 -1501.72
-1540.44 -1501.72
-1521.47 -1501.72
-1543.65 -1501.72
-1525.54 -1501.72
-1546.10 -1501.72
-1501.75 -1501.75
-1625.76 -1501.75
-1550.11 -1501.75
-1542.07 -1501.75
-1541.23 -1501.75
-1543.75 -1501.75
-1561.07 -1501.75
-1501.20 -1501.20
-1533.37 -1501.20
-1543.66 -1501.20
-1508.73 -1501.20
-1541.52 -1501.20
-1534.06 -1501.20
-1502.92 -1501.20
-1536.77 -1501.20
-1526.60 -1501.20
-1594.69 -1501.20
-1524.26 -1501.20
-1528.61 -1501.20
-1502.46 -1501.20
-1567.55 -1501.20
-1537.27 -1501.20
-1513.25 -1501.20
-1504.50 -1501.20
-1536.85 -1501.20
-1595.89 -1501.20
-1547.13 -1501.20
-1542.60 -1501.20
-1541.60 -1501.20
-1503.34 -1501.20
-1526.98 -1501.20
-1502.01 -1501.20
-1537.97 -1501.20
-1501.65 -1501.20
-1543.32 -1501.20
-1524.94 -1501.20
-1546.26 -1501.20
-1502.41 -1501.20
-1502.10 -1502.10
-1525.48 -1502.10
-1502.88 -1502.10
-1502.56 -1502.56
-1506.13 -1502.56
-1546.61 -1502.56
-1497.14 -1497.14
-1525.55 -1497.14
-1538.41 -1497.14
-1503.94 -1497.14
-1549.72 -1497.14
-1539.73 -1497.14
-1513.10 -1497.14
-1534.83 -1497.14
-1501.27 -1497.14
-1534.90 -1497.14
-1503.33 -1497.14
-1560.78 -1497.14
-1535.56 -1497.14
-1539.28 -1497.14
-1547.04 -1497.14
-1506.10 -1497.14
-1506.03 -1497.14
-1526.88 -1497.14
-1501.28 -1497.14
-1536.88 -1497.14
-1497.16 -1497.16
-1505.76 -1497.16
-1553.47 -1497.16
-1501.93 -1497.16
-1507.56 -1497.16
-1535.01 -1497.16
-1511.60 -1497.16
-1544.92 -1497.16
-1502.41 -1497.16
-1501.17 -1497.16
-1560.76 -1497.16
-1537.14 -1497.16
-1553.63 -1497.16
-1533.01 -1497.16
-1552.53 -1497.16
-1543.94 -1497.16
-1542.38 -1497.16
-1539.05 -1497.16
-1502.23 -1497.16
-1541.58 -1497.16
-1501.64 -1497.16
-1569.11 -1497.16
-1544.09 -1497.16
-1593.48 -1497.16
-1501.17 -1497.16
-1545.00 -1497.16
-1502.66 -1497.16
-1525.97 -1497.16
-1501.87 -1497.16
-1502.66 -1497.16
-1567.91 -1497.16
-1540.58 -1497.16
-1502.10 -1497.16
-1542.07 -1497.16
-1545.96 -1497.16
-1541.63 -1497.16
-1509.77 -1497.16
-1502.37 -1497.16
-1505.92 -1497.16
-1512.58 -1497.16
-2784.06 -2784.06
-2813.69 -2784.06
-2828.11 -2784.06
-2790.24 -2784.06
-2775.45 -2775.45
-2777.64 -2775.45
-2787.91 -2775.45
-2734.90 -2734.90
-2766.43 -2734.90
-2689.59 -2689.59
-2685.45 -2685.45
-2668.62 -2668.62
-2573.22 -2573.22
-2497.50 -2497.50
-2482.49 -2482.49
-2479.09 -2479.09
-2471.71 -2471.71
-2532.21 -2471.71
-2451.69 -2451.69
-2504.12 -2451.69
-2421.91 -2421.91
-2344.30 -2344.30
-2359.91 -2344.30
-2283.71 -2283.71
-2326.37 -2283.71
-2328.76 -2283.71
-2186.13 -2186.13
-2161.77 -2161.77
-2148.13 -2148.13
-2146.00 -2146.00
-2299.52 -2146.00
-2151.55 -2146.00
-2114.81 -2114.81
-2185.95 -2114.81
-2111.09 -2111.09
-2232.45 -2111.09
-2148.75 -2111.09
-2107.51 -2107.51
-2098.35 -2098.35
-2010.92 -2010.92
-1986.83 -1986.83
-1963.90 -1963.90
-1982.12 -1963.90
-1938.65 -1938.65
-1850.78 -1850.78
-1897.13 -1850.78
-1838.20 -1838.20
-1699.72 -1699.72
-1564.52 -1564.52
-1578.17 -1564.52
-1557.23 -1557.23
-1525.72 -1525.72
-1538.62 -1525.72
-1544.16 -1525.72
-1549.57 -1525.72
-1533.94 -1525.72
-1501.58 -1501.58
-1544.59 -1501.58
-1540.64 -1501.58
-1501.17 -1501.17
-1501.63 -1501.17
-1547.94 -1501.17
-1534.57 -1501.17
-1501.89 -1501.89
-1502.02 -1502.02
-1503.22 -1502.02
-1535.30 -1502.02
-1512.99 -1502.02
-1560.32 -1502.02
-1544.96 -1502.02
-1541.33 -1502.02
-1503.67 -1502.02
-1503.18 -1502.02
-1529.55 -1502.02
-1501.17 -1501.17
-1543.40 -1501.17
-1504.68 -1501.17
-1534.38 -1501.17
-1503.02 -1501.17
-1501.14 -1501.14
-1541.62 -1501.14
-1533.54 -1501.14
-1635.18 -1501.14
-1537.83 -1501.14
-1535.51 -1501.14
-1560.93 -1501.14
-1535.10 -1501.14
-1502.46 -1501.14
-1503.08 -1501.14
-1501.16 -1501.16
-1535.17 -1501.16
-1533.13 -1501.16
-1502.86 -1502.86
-1501.94 -1501.94
-1544.16 -1501.94
-1504.32 -1501.94
-1551.55 -1501.94
-1525.46 -1501.94
-1557.34 -1501.94
-1603.51 -1501.94
-1534.11 -1501.94
-1552.68 -1501.94
-1502.88 -1502.88
-1552.83 -1502.88
-1533.18 -1502.88
-1549.98 -1502.88
-1501.55 -1501.55
-1532.10 -1501.55
-1535.24 -1501.55
-1532.52 -1501.55
-1526.14 -1501.55
-1560.84 -1501.55
-1497.06 -1497.06
-1502.68 -1497.06
-1504.59 -1497.06
-1535.02 -1497.06
-1560.76 -1497.06
-1506.58 -1497.06
-1547.16 -1497.06
-1502.60 -1497.06
-1503.63 -1497.06
-1502.10 -1497.06
-1500.82 -1497.06
-1534.14 -1497.06
-1574.93 -1497.06
-1521.54 -1497.06
-1501.37 -1497.06
-1544.08 -1497.06
-1502.77 -1497.06
-1542.63 -1497.06
-1501.71 -1497.06
-1500.52 -1497.06
-1502.93 -1497.06
-1520.25 -1497.06
-1533.17 -1497.06
-1587.38 -1497.06
-1535.14 -1497.06
-1501.98 -1497.06
-1501.49 -1497.06
-1503.39 -1497.06
-1537.00 -1497.06
-1533.12 -1497.06
-1518.32 -1497.06
-1582.85 -1497.06
-1539.59 -1497.06
-1513.69 -1497.06
-1518.19 -1497.06
-1501.83 -1497.06
-1508.47 -1497.06
-1501.31 -1497.06
-1501.33 -1497.06
-1547.26 -1497.06
-1512.84 -1497.06
-1576.08 -1497.06
-1507.83 -1497.06
-1539.84 -1497.06
-1543.19 -1497.06
-1502.74 -1497.06
-1532.80 -1497.06
-1550.91 -1497.06
-1545.00 -1497.06
-1503.59 -1497.06
-1553.72 -1497.06
-1541.57 -1497.06
-1497.05 -1497.05
-1532.94 -1497.05
-1507.10 -1497.05
-1534.92 -1497.05
-1503.81 -1497.05
-1534.22 -1497.05
-1532.58 -1497.05
-1529.47 -1497.05
-1533.13 -1497.05
-1504.17 -1497.05
-1501.60 -1497.05
-1525.10 -1497.05
-1541.31 -1497.05
-1560.75 -1497.05
-1540.71 -1497.05
-1536.81 -1497.05
-1535.12 -1497.05
-1526.86 -1497.05
-1501.79 -1497.05
-1505.50 -1497.05
-1501.27 -1497.05
-1541.64 -1497.05
-1556.22 -1497.05
-1501.21 -1497.05
-1503.37 -1497.05
-1539.66 -1497.05
-1541.23 -1497.05
-1537.26 -1497.05
-1564.91 -1497.05
-1540.34 -1497.05
-1503.32 -1497.05
-1500.60 -1497.05
-1502.49 -1497.05
-1507.58 -1497.05
-1501.38 -1497.05
-1535.18 -1497.05
-1525.58 -1497.05
-1503.38 -1497.05
-1539.83 -1497.05
-1535.02 -1497.05
-1501.26 -1497.05
-1512.93 -1497.05
-1545.02 -1497.05
-1542.07 -1497.05
-1501.31 -1497.05
-1541.07 -1497.05
-1505.39 -1497.05
-1501.55 -1497.05
-1501.62 -1497.05
-1582.63 -1497.05
-1520.64 -1497.05
-1536.53 -1497.05
-1547.76 -1497.05
-1524.11 -1497.05
-1504.60 -1497.05
-1503.25 -1497.05
-1503.48 -1497.05
-1503.26 -1497.05
-1526.83 -1497.05
-1532.25 -1497.05
-1501.71 -1497.05
-1501.67 -1497.05
-1525.72 -1497.05
-1540.70 -1497.05
-1552.61 -1497.05
-1545.75 -1497.05
-1501.19 -1497.05
-1503.39 -1497.05
-1500.54 -1497.05
-1502.73 -1497.05
-1566.66 -1497.05
-1501.19 -1497.05
-1506.11 -1497.05
-1532.76 -1497.05
-1503.37 -1497.05
-1529.96 -1497.05
-1543.54 -1497.05
-1545.06 -1497.05
-1532.98 -1497.05
-1534.39 -1497.05
-1561.79 -1497.05
-1513.13 -1497.05
-1506.10 -1497.05
-1533.40 -1497.05
-1546.95 -1497.05
-1533.55 -1497.05
-1501.16 -1497.05
-1580.43 -1497.05
-1505.48 -1497.05
-1533.08 -1497.05
-1528.87 -1497.05
-1505.48 -1497.05
-1518.29 -1497.05
-1501.28 -1497.05
-1501.31 -1497.05
-1529.93 -1497.05
-1543.42 -1497.05
-1540.30 -1497.05
-1542.10 -1497.05
-1501.65 -1497.05
-1502.35 -1497.05
-1501.24 -1497.05
-1525.61 -1497.05
-1500.66 -1497.05
-1502.09 -1497.05
-1532.26 -1497.05
-1547.53 -1497.05
-1501.19 -1497.05
-1550.60 -1497.05
-1502.10 -1497.05
-1512.87 -1497.05
-1560.42 -1497.05
-1513.09 -1497.05
-1525.12 -1497.05
-1541.56 -1497.05
-1501.30 -1497.05
-1500.66 -1497.05
-1533.55 -1497.05
-1502.61 -1497.05
-1546.07 -1497.05
-1560.89 -1497.05
-1534.88 -1497.05
-1503.37 -1497.05
-1504.44 -1497.05
-1560.90 -1497.05
-1504.59 -1497.05
-1534.92 -1497.05
-1525.24 -1497.05
-1542.11 -1497.05
-1515.04 -1497.05
-1540.18 -1497.05
-1500.57 -1497.05
-1501.89 -1497.05
-1503.31 -1497.05
-1541.63 -1497.05
-1509.70 -1497.05
-1503.37 -1497.05
-1505.44 -1497.05
-1541.91 -1497.05
-1504.35 -1497.05
-1544.09 -1497.05
-1581.98 -1497.05
-1563.57 -1497.05
-1529.73 -1497.05
-1527.21 -1497.05
-1502.70 -1497.05
-1552.71 -1497.05
-1547.14 -1497.05
-1610.93 -1497.05
-1546.89 -1497.05
-1502.23 -1497.05
-1504.78 -1497.05
-1543.37 -1497.05
-1503.17 -1497.05
-1524.62 -1497.05
-1502.56 -1497.05
-1543.11 -1497.05
-1505.70 -1497.05
-1534.00 -1497.05
-1534.07 -1497.05
-1502.98 -1497.05
-1539.58 -1497.05
-1546.25 -1497.05
-1547.27 -1497.05
-1541.65 -1497.05
-1508.63 -1497.05
-1538.80 -1497.05
-1502.09 -1497.05
-1518.24 -1497.05
-1503.78 -1497.05
-1508.78 -1497.05
-1525.71 -1497.05
-1545.00 -1497.05
-1517.08 -1497.05
-1538.84 -1497.05
-1550.76 -1497.05
-1538.48 -1497.05
-1549.97 -1497.05
-1513.69 -1497.05
-1603.48 -1497.05
-1501.60 -1497.05
-1502.86 -1497.05
-1544.09 -1497.05
-1503.37 -1497.05
-1550.71 -1497.05
-1501.30 -1497.05
-1501.77 -1497.05
-1502.71 -1497.05
-1501.36 -1497.05
-1532.49 -1497.05
-1547.19 -1497.05
-1501.19 -1497.05
-1501.31 -1497.05
-1526.88 -1497.05
-1502.77 -1497.05
-1501.89 -1497.05
-1501.96 -1497.05
-1501.00 -1497.05
-1583.42 -1497.05
-1550.29 -1497.05
-1543.06 -1497.05
-1532.81 -1497.05
-1509.80 -1497.05
-1568.61 -1497.05
-1539.70 -1497.05
-1534.95 -1497.05
-1515.88 -1497.05
-1538.78 -1497.05
-1502.86 -1497.05
-1548.44 -1497.05
-1502.08 -1497.05
-1501.20 -1497.05
-1539.12 -1497.05
-1502.49 -1497.05
-1534.44 -1497.05
-1536.75 -1497.05
-1525.51 -1497.05
-1502.60 -1497.05
-1542.80 -1497.05
-1506.31 -1497.05
-1504.56 -1497.05
-1502.54 -1497.05
-1540.15 -1497.05
-1508.23 -1497.05
-1501.77 -1497.05
-1532.81 -1497.05
-1553.70 -1497.05
-1501.19 -1497.05
-1526.83 -1497.05
-1532.07 -1497.05
-1509.78 -1497.05
-1501.81 -1497.05
-1555.58 -1497.05
-1530.83 -1497.05
-1501.29 -1497.05
-1596.93 -1497.05
-1528.52 -1497.05
-1557.64 -1497.05
-1525.67 -1497.05
-1539.41 -1497.05
-1503.31 -1497.05
-1564.03 -1497.05
-1534.95 -1497.05
-1539.54 -1497.05
-1506.55 -1497.05
-1521.53 -1497.05
-1507.62 -1497.05
-1509.94 -1497.05
-1535.51 -1497.05
-1501.26 -1497.05
-1557.81 -1497.05
-1538.22 -1497.05
-2814.80 -1497.05
-2789.98 -2789.98
-2765.18 -2765.18
-2844.18 -2765.18
-2731.99 -2731.99
-2698.19 -2698.19
-2686.39 -2686.39
-2682.39 -2682.39
-2620.13 -2620.13
-2647.35 -2620.13
-2593.27 -2593.27
-2597.36 -2593.27
-2593.84 -2593.84
-2634.51 -2593.84
-2611.37 -2593.84
-2628.81 -2593.84
-2625.22 -2593.84
-2668.24 -2593.84
-2555.07 -2555.07
-2552.25 -2552.25
-2599.84 -2552.25
-2564.17 -2552.25
-2533.24 -2533.24
-2483.84 -2483.84
-2486.51 -2483.84
-2445.25 -2445.25
-2493.23 -2445.25
-2416.56 -2416.56
-2387.10 -2387.10
-2484.61 -2387.10
-2304.55 -2304.55
-2321.86 -2304.55
-2299.69 -2299.69
-2168.29 -2168.29
-2134.69 -2134.69
-2185.96 -2134.69
-2047.74 -2047.74
-2109.70 -2047.74
-2016.68 -2016.68
-2028.14 -2016.68
-2082.54 -2016.68
-2143.51 -2016.68
-2074.90 -2016.68
-2038.64 -2016.68
-2011.92 -2011.92
-2012.97 -2011.92
-1964.60 -1964.60
-1940.54 -1940.54
-1940.78 -1940.54
-1896.99 -1896.99
-1833.87 -1833.87
-1772.94 -1772.94
-1693.92 -1693.92
-1600.38 -1600.38
-1740.38 -1600.38
-1763.73 -1600.38
-1614.70 -1600.38
-1610.14 -1600.38
-1558.90 -1558.90
-1542.30 -1542.30
-1530.85 -1530.85
-1558.16 -1530.85
-1613.13 -1530.85
-1534.72 -1530.85
-1501.24 -1501.24
-1521.98 -1501.24
-1529.38 -1501.24
-1505.93 -1501.24
-1504.58 -1501.24
-1526.78 -1501.24
-1501.31 -1501.31
-1617.79 -1501.31
-1497.10 -1497.10
-1540.49 -1497.10
-1617.65 -1497.10
-1543.34 -1497.10
-1502.94 -1497.10
-1501.95 -1497.10
-1501.93 -1497.10
-1524.98 -1497.10
-1502.74 -1497.10
-1506.00 -1497.10
-1501.65 -1497.10
-1501.25 -1497.10
-1540.65 -1497.10
-1501.61 -1497.10
-1543.25 -1497.10
-1546.20 -1497.10
-1588.69 -1497.10
-1531.67 -1497.10
-1524.35 -1497.10
-1502.62 -1497.10
-1501.20 -1497.10
-1503.34 -1497.10
-1502.83 -1497.10
-1502.09 -1497.10
-1527.02 -1497.10
-1541.31 -1497.10
-1502.05 -1497.10
-1532.99 -1497.10
-1542.58 -1497.10
-1505.66 -1497.10
-1533.06 -1497.10
-1583.29 -1497.10
-1501.27 -1497.10
-1501.98 -1497.10
-1552.87 -1497.10
-1611.00 -1497.10
-1535.09 -1497.10
-1500.81 -1497.10
-1501.61 -1497.10
-1535.50 -1497.10
-1500.80 -1497.10
-1534.35 -1497.10
-1591.03 -1497.10
-1539.95 -1497.10
-1502.03 -1497.10
-1540.50 -1497.10
-1513.05 -1497.10
-1501.70 -1497.10
-1502.37 -1497.10
-1528.08 -1497.10
-1535.36 -1497.10
-1539.85 -1497.10
-1501.93 -1497.10
-1508.59 -1497.10
-1538.99 -1497.10
-1534.31 -1497.10
-1501.30 -1497.10
-1536.58 -1497.10
-1535.32 -1497.10
-1533.86 -1497.10
-1525.20 -1497.10
-1543.36 -1497.10
-1548.04 -1497.10
-1507.59 -1497.10
-1541.03 -1497.10
-1505.90 -1497.10
-1514.90 -1497.10
-1532.71 -1497.10
-1539.41 -1497.10
-1568.01 -1497.10
-1547.58 -1497.10
-1543.52 -1497.10
-1500.97 -1497.10
-1610.99 -1497.10
-1539.64 -1497.10
-1501.75 -1497.10
-1501.20 -1497.10
-1533.53 -1497.10
-1501.49 -1497.10
-1502.51 -1497.10
-1540.57 -1497.10
-1497.05 -1497.05
-1524.66 -1497.05
-1507.96 -1497.05
-1502.37 -1497.05
-1501.02 -1497.05
-1502.08 -1497.05
-1545.06 -1497.05
-1547.19 -1497.05
-1543.54 -1497.05
-1541.14 -1497.05
-1503.33 -1497.05
-1502.49 -1497.05
-1497.06 -1497.06
-1501.27 -1497.06
-1539.85 -1497.06
-1612.52 -1497.06
-1500.87 -1497.06
-1506.72 -1497.06
-1518.32 -1497.06
-1612.56 -1497.06
-1502.32 -1497.06
-1501.73 -1497.06
-1501.16 -1497.06
-1503.64 -1497.06
-1544.09 -1497.06
-1501.75 -1497.06
-1501.19 -1497.06
-1501.21 -1497.06
-1545.31 -1497.06
-1503.82 -1497.06
-1546.74 -1497.06
-1543.50 -1497.06
-1507.79 -1497.06
-1539.86 -1497.06
-1501.79 -1497.06
-1503.37 -1497.06
-1503.66 -1497.06
-1547.53 -1497.06
-1539.23 -1497.06
-1538.44 -1497.06
-1501.28 -1497.06
-1537.82 -1497.06
-1514.91 -1497.06
-1503.37 -1497.06
-1527.09 -1497.06
-1534.48 -1497.06
-1532.55 -1497.06
-1501.15 -1497.06
-1501.32 -1497.06
-1560.78 -1497.06
-1512.35 -1497.06
-1501.16 -1497.06
-1503.39 -1497.06
-1501.68 -1497.06
-1545.01 -1497.06
-1529.35 -1497.06
-1543.30 -1497.06
-1506.11 -1497.06
-1538.80 -1497.06
-1502.53 -1497.06
-1535.17 -1497.06
-1564.29 -1497.06
-1540.43 -1497.06
-1560.28 -1497.06
-1572.95 -1497.06
-1543.21 -1497.06
-1545.21 -1497.06
-1544.00 -1497.06
-1504.03 -1497.06
-1503.42 -1497.06
-1559.99 -1497.06
-1503.25 -1497.06
-1502.99 -1497.06
-1532.88 -1497.06
-1506.66 -1497.06
-1512.96 -1497.06
-1534.90 -1497.06
-1527.05 -1497.06
-1503.36 -1497.06
-1561.81 -1497.06
-1543.51 -1497.06
-1502.65 -1497.06
-1560.83 -1497.06
-1541.56 -1497.06
-1527.28 -1497.06
-1518.25 -1497.06
-1541.16 -1497.06
-1525.15 -1497.06
-1550.81 -1497.06
-1501.16 -1497.06
-1603.44 -1497.06
-1501.93 -1497.06
-1501.97 -1497.06
-1503.02 -1497.06
-1503.37 -1497.06
-1501.22 -1497.06
-1564.75 -1497.06
-1526.99 -1497.06
-1533.11 -1497.06
-1553.14 -1497.06
-1508.05 -1497.06
-1533.12 -1497.06
-1503.37 -1497.06
-1550.39 -1497.06
-1503.43 -1497.06
-1502.51 -1497.06
-1503.39 -1497.06
-1501.25 -1497.06
-1502.46 -1497.06
-1528.71 -1497.06
-1503.37 -1497.06
-1525.67 -1497.06
-1542.23 -1497.06
-1534.92 -1497.06
-1518.23 -1497.06
-1533.95 -1497.06
-1502.54 -1497.06
-1525.48 -1497.06
-1610.99 -1497.06
-1536.60 -1497.06
-1501.19 -1497.06
-1504.19 -1497.06
-1531.30 -1497.06
-1532.62 -1497.06
-1535.16 -1497.06
-1505.64 -1497.06
-1503.40 -1497.06
-1502.21 -1497.06
-1536.61 -1497.06
-1524.92 -1497.06
-1526.47 -1497.06
-1553.92 -1497.06
-1501.17 -1497.06
-1544.71 -1497.06
-1539.75 -1497.06
-1535.06 -1497.06
-1561.06 -1497.06
-1501.17 -1497.06
-1543.41 -1497.06
-1562.36 -1497.06
-1544.30 -1497.06
-1537.77 -1497.06
-1544.17 -1497.06
-1501.17 -1497.06
-1503.78 -1497.06
-1543.66 -1497.06
-1533.03 -1497.06
-1538.04 -1497.06
-1502.09 -1497.06
-1501.19 -1497.06
-1503.16 -1497.06
-1501.22 -1497.06
-1501.97 -1497.06
-1525.62 -1497.06
-1534.64 -1497.06
-1526.95 -1497.06
-1541.07 -1497.06
-1540.57 -1497.06
-1547.45 -1497.06
-1534.47 -1497.06
-1532.89 -1497.06
-1501.16 -1497.06
-1502.54 -1497.06
-1501.29 -1497.06
-1504.57 -1497.06
-1563.08 -1497.06
-1561.06 -1497.06
-1501.05 -1497.06
-1543.48 -1497.06
-1547.53 -1497.06
-1501.16 -1497.06
-1502.48 -1497.06
-1497.05 -1497.05
-1505.39 -1497.05
-1507.64 -1497.05
-1560.78 -1497.05
-1501.31 -1497.05
-1514.95 -1497.05
-1536.83 -1497.05
-1532.66 -1497.05
-1537.30 -1497.05
-1603.46 -1497.05
-1542.02 -1497.05
-1501.19 -1497.05
-1497.16 -1497.16
-1560.65 -1497.16
-1541.86 -1497.16
-1568.34 -1497.16
-1541.05 -1497.16
-1552.59 -1497.16
-1503.38 -1497.16
-1501.37 -1497.16
-1501.36 -1497.16
-1502.24 -1497.16
-1542.28 -1497.16
-1539.50 -1497.16
-1535.46 -1497.16
-1544.54 -1497.16
-1546.18 -1497.16
-1535.29 -1497.16
-1508.07 -1497.16
-1542.23 -1497.16
-1501.21 -1501.21
-1501.19 -1501.19
-1502.41 -1501.19
-1534.76 -1501.19
-1587.29 -1501.19
-1503.67 -1501.19
-1500.65 -1500.65
-1533.16 -1500.65
-1545.83 -1500.65
-1543.80 -1500.65
-1542.55 -1500.65
-1500.74 -1500.74
-1532.39 -1500.74
-1505.61 -1500.74
-1542.16 -1500.74
-1503.38 -1500.74
-1547.12 -1500.74
-1532.98 -1500.74
-1517.12 -1500.74
-1502.32 -1500.74
-1502.71 -1500.74
-1531.76 -1500.74
-1563.90 -1500.74
-1541.50 -1500.74
-1577.71 -1500.74
-1526.75 -1500.74
-1542.08 -1500.74
-1529.51 -1500.74
-1501.57 -1501.57
-1537.09 -1501.57
-1504.52 -1501.57
-1539.88 -1501.57
-1514.86 -1501.57
-1561.08 -1501.57
-1502.17 -1502.17
-1545.00 -1502.17
-1502.46 -1502.46
-1501.23 -1501.23
-1500.54 -1500.54
-1502.88 -1500.54
-1533.16 -1500.54
-1575.49 -1500.54
-1528.90 -1500.54
-1544.67 -1500.54
-1501.65 -1500.54
-1538.64 -1500.54
-1520.26 -1500.54
-1535.10 -1500.54
-1542.25 -1500.54
-1502.01 -1500.54
-1534.28 -1500.54
-1603.47 -1500.54
-1501.24 -1501.24
-1505.96 -1501.24
-1543.54 -1501.24
-1525.42 -1501.24
-1544.10 -1501.24
-1531.74 -1501.24
-1560.23 -1501.24
-1501.85 -1501.24
-1542.24 -1501.24
-2789.34 -2789.34
-2826.85 -2789.34
-2742.76 -2742.76
-2723.37 -2723.37
-2743.01 -2723.37
-2746.04 -2723.37
-2705.18 -2705.18
-2746.92 -2705.18
-2732.71 -2705.18
-2715.18 -2705.18
-2671.31 -2671.31
-2673.14 -2671.31
-2602.07 -2602.07
-2668.27 -2602.07
-2623.60 -2602.07
-2593.12 -2593.12
-2502.40 -2502.40
-2548.50 -2502.40
-2494.20 -2494.20
-2541.44 -2494.20
-2518.53 -2494.20
-2484.95 -2484.95
-2494.63 -2484.95
-2446.04 -2446.04
-2482.96 -2446.04
-2480.95 -2446.04
-2482.88 -2446.04
-2493.49 -2446.04
-2416.97 -2416.97
-2321.28 -2321.28
-2377.59 -2321.28
-2399.79 -2321.28
-2298.44 -2298.44
-2254.14 -2254.14
-2168.38 -2168.38
-2143.93 -2143.93
-2210.78 -2143.93
-2094.06 -2094.06
-2071.73 -2071.73
-2054.77 -2054.77
-2217.56 -2054.77
-2108.55 -2054.77
-1981.76 -1981.76
-2028.07 -1981.76
-1918.50 -1918.50
-1946.07 -1918.50
-1938.55 -1918.50
-1938.44 -1918.50
-1948.91 -1918.50
-1887.41 -1887.41
-1861.15 -1861.15
-1802.73 -1802.73
-1764.02 -1764.02
-1884.20 -1764.02
-1736.39 -1736.39
-1819.12 -1736.39
-1895.19 -1736.39
-1751.07 -1736.39
-1708.98 -1708.98
-1610.56 -1610.56
-1706.11 -1610.56
-1679.88 -1610.56
-1709.10 -1610.56
-1548.46 -1548.46
-1558.63 -1548.46
-1687.91 -1548.46
-1664.40 -1548.46
-1594.43 -1548.46
-1565.93 -1548.46
-1556.50 -1548.46
-1556.66 -1548.46
-1535.06 -1535.06
-1560.75 -1535.06
-1575.29 -1535.06
-1665.43 -1535.06
-1584.02 -1535.06
-1502.43 -1502.43
-1504.06 -1502.43
-1504.27 -1502.43
-1542.56 -1502.43
-1501.66 -1501.66
-1503.76 -1501.66
-1612.99 -1501.66
-1552.48 -1501.66
-1543.89 -1501.66
-1503.25 -1501.66
-1503.73 -1501.66
-1507.03 -1501.66
-1503.77 -1501.66
-1506.86 -1501.66
-1521.66 -1501.66
-1539.01 -1501.66
-1501.94 -1501.66
-1566.88 -1501.66
-1506.53 -1501.66
-1505.91 -1501.66
-1505.62 -1501.66
-1536.95 -1501.66
-1502.42 -1501.66
-1537.28 -1501.66
-1502.05 -1502.05
-1540.21 -1502.05
-1532.87 -1502.05
-1527.20 -1502.05
-1538.72 -1502.05
-1502.56 -1502.05
-1500.88 -1500.88
-1507.69 -1500.88
-1553.29 -1500.88
-1559.69 -1500.88
-1500.94 -1500.94
-1541.13 -1500.94
-1513.05 -1500.94
-1509.92 -1500.94
-1532.37 -1500.94
-1503.62 -1500.94
-1536.70 -1500.94
-1503.30 -1500.94
-1534.49 -1500.94
-1501.64 -1501.64
-1525.69 -1501.64
-1534.42 -1501.64
-1505.89 -1501.64
-1503.37 -1501.64
-1511.60 -1501.64
-1544.12 -1501.64
-1532.71 -1501.64
-1502.29 -1501.64
-1532.58 -1501.64
-1540.53 -1501.64
-1543.86 -1501.64
-1610.99 -1501.64
-1503.99 -1501.64
-1502.80 -1501.64
-1503.05 -1501.64
-1535.54 -1501.64
-1509.81 -1501.64
-1541.18 -1501.64
-1548.96 -1501.64
-1542.89 -1501.64
-1506.66 -1501.64
-1525.82 -1501.64
-1503.34 -1501.64
-1532.82 -1501.64
-1501.27 -1501.27
-1502.92 -1501.27
-1502.02 -1502.02
-1509.64 -1502.02
-1515.91 -1502.02
-1533.90 -1502.02
-1502.42 -1502.42
-1558.42 -1502.42
-1501.23 -1501.23
-1535.77 -1501.23
-1538.50 -1501.23
-1503.83 -1501.23
-1501.62 -1501.23
-1502.87 -1502.87
-1503.97 -1503.97
-1501.15 -1501.15
-1541.19 -1501.15
-1501.76 -1501.76
-1503.69 -1501.76
-1506.54 -1501.76
-1527.44 -1501.76
-1553.64 -1501.76
-1506.56 -1501.76
-1504.02 -1504.02
-1542.62 -1504.02
-1501.21 -1501.21
-1507.83 -1501.21
-1526.11 -1501.21
-1533.95 -1501.21
-1512.86 -1501.21
-1560.80 -1501.21
-1534.11 -1501.21
-1502.24 -1501.21
-1564.51 -1501.21
-1535.08 -1501.21
-1552.86 -1501.21
-1505.88 -1501.21
-1501.92 -1501.21
-1526.92 -1501.21
-1503.44 -1501.21
-1509.94 -1501.21
-1504.56 -1501.21
-1501.75 -1501.21
-1501.22 -1501.22
-1525.56 -1501.22
-1535.25 -1501.22
-1562.99 -1501.22
-1534.10 -1501.22
-1549.26 -1501.22
-1547.72 -1501.22
-1568.88 -1501.22
-1505.86 -1501.22
-1560.25 -1501.22
-1502.38 -1501.22
-1538.00 -1501.22
-1522.25 -1501.22
-1503.37 -1503.37
-1549.71 -1503.37
-1503.15 -1503.15
-1536.69 -1503.15
-1505.48 -1503.15
-1502.70 -1502.70
-1628.32 -1502.70
-1505.52 -1502.70
-1525.57 -1502.70
-1565.73 -1502.70
-1535.83 -1502.70
-1547.90 -1502.70
-1542.86 -1502.70
-1512.36 -1502.70
-1532.95 -1502.70
-1502.06 -1502.06
-1543.65 -1502.06
-1525.11 -1502.06
-1506.01 -1502.06
-1506.54 -1502.06
-1573.02 -1502.06
-1542.27 -1502.06
-1503.45 -1502.06
-1506.77 -1502.06
-1541.23 -1502.06
-1504.33 -1502.06
-1507.51 -1502.06
-1561.94 -1502.06
-1539.95 -1502.06
-1501.77 -1501.77
-1628.39 -1501.77
-1501.69 -1501.69
-1532.83 -1501.69
-1603.48 -1501.69
-1500.62 -1500.62
-1540.35 -1500.62
-1528.12 -1500.62
-1502.42 -1500.62
-1541.95 -1500.62
-1503.33 -1500.62
-1497.09 -1497.09
-1550.24 -1497.09
-1553.24 -1497.09
-1535.37 -1497.09
-1538.49 -1497.09
-1543.68 -1497.09
-1503.32 -1497.09
-1540.76 -1497.09
-1501.31 -1497.09
-1502.01 -1497.09
-1517.09 -1497.09
-1568.98 -1497.09
-1536.55 -1497.09
-1512.84 -1497.09
-1504.73 -1497.09
-1535.02 -1497.09
-1503.31 -1497.09
-1501.73 -1497.09
-1501.51 -1497.09
-1505.67 -1497.09
-1535.00 -1497.09
-1500.78 -1497.09
-1501.21 -1497.09
-1533.39 -1497.09
-1543.77 -1497.09
-1504.58 -1497.09
-1587.39 -1497.09
-1501.69 -1497.09
-1501.71 -1497.09
-1502.01 -1497.09
-1532.93 -1497.09
-1518.26 -1497.09
-1503.70 -1497.09
-1544.83 -1497.09
-1503.40 -1497.09
-1501.22 -1497.09
-1508.63 -1497.09
-1533.16 -1497.09
-1512.93 -1497.09
-1538.02 -1497.09
-1533.80 -1497.09
-1502.13 -1497.09
-1506.29 -1497.09
-1574.98 -1497.09
-1501.99 -1497.09
-1541.34 -1497.09
-1501.38 -1497.09
-1534.59 -1497.09
-1541.29 -1497.09
-1500.53 -1497.09
-1544.52 -1497.09
-1533.40 -1497.09
-1504.22 -1497.09
-1501.84 -1497.09
-1501.16 -1497.09
-1502.79 -1497.09
-1525.02 -1497.09
-1534.66 -1497.09
-1539.55 -1497.09
-1522.06 -1497.09
-1501.27 -1497.09
-1518.19 -1497.09
-1567.07 -1497.09
-1581.41 -1497.09
-1497.03 -1497.03
-1506.59 -1497.03
-1501.17 -1497.03
-1502.76 -1497.03
-1540.65 -1497.03
-1537.54 -1497.03
-1561.19 -1497.03
-1543.65 -1497.03
-1503.40 -1497.03
-1508.76 -1497.03
-1538.82 -1497.03
-1547.11 -1497.03
-1533.98 -1497.03
-1537.52 -1497.03
-1505.80 -1497.03
-1539.51 -1497.03
-1558.60 -1497.03
-1539.61 -1497.03
-1501.38 -1497.03
-1533.54 -1497.03
-1507.79 -1497.03
-1545.18 -1497.03
-1539.67 -1497.03
-1543.31 -1497.03
-1502.79 -1497.03
-1527.32 -1497.03
-1508.35 -1497.03
-1544.22 -1497.03
-1612.56 -1497.03
-1502.72 -1497.03
-1504.46 -1497.03
-1501.81 -1497.03
-1502.72 -1497.03
-1534.37 -1497.03
-1502.19 -1497.03
-1541.91 -1497.03
-1504.58 -1497.03
-1500.76 -1497.03
-1505.91 -1497.03
-1524.17 -1497.03
-1536.62 -1497.03
-1541.60 -1497.03
-1502.55 -1497.03
-1553.68 -1497.03
-1533.06 -1497.03
-1526.16 -1497.03
-1535.33 -1497.03
-1503.34 -1497.03
-1503.08 -1497.03
-1501.28 -1497.03
-1502.74 -1497.03
-1550.02 -1497.03
-1529.39 -1497.03
-1501.95 -1497.03
-1507.84 -1497.03
-1503.50 -1497.03
-1513.19 -1497.03
-1509.79 -1497.03
-1501.23 -1497.03
-1501.65 -1497.03
-1504.70 -1497.03
-1540.53 -1497.03
-1497.13 -1497.13
-1533.12 -1497.13
-1505.58 -1497.13
-1497.07 -1497.07
-1541.62 -1497.07
-1500.90 -1497.07
-1501.21 -1497.07
-1546.59 -1497.07
-1501.18 -1497.07
-1559.05 -1497.07
-1544.36 -1497.07
-1534.31 -1497.07
-1506.22 -1497.07
-1501.87 -1497.07
-1540.27 -1497.07
-1554.32 -1497.07
-1501.29 -1497.07
-1574.26 -1497.07
-1503.48 -1497.07
-1501.28 -1497.07
-1545.86 -1497.07
-1501.98 -1497.07
-1544.55 -1497.07
-1532.78 -1497.07
-1528.91 -1497.07
-1500.53 -1497.07
-1501.67 -1497.07
-1533.49 -1497.07
-1513.19 -1497.07
-1550.14 -1497.07
-1542.26 -1497.07
-1501.81 -1497.07
-1535.09 -1497.07
-1502.32 -1497.07
-1546.54 -1497.07
-1503.25 -1497.07
-1501.22 -1497.07
-1532.72 -1497.07
-1502.94 -1497.07
-1560.81 -1497.07
-1501.27 -1497.07
-1508.34 -1497.07
-1502.47 -1497.07
-1552.90 -1497.07
-1500.61 -1497.07
-1535.31 -1497.07
-1526.77 -1497.07
-1501.24 -1497.07
-1553.14 -1497.07
-1501.75 -1497.07
-2725.29 -2725.29
-2723.01 -2723.01
-2701.00 -2701.00
-2621.37 -2621.37
-2605.94 -2605.94
-2624.89 -2605.94
-2618.83 -2605.94
-2616.25 -2605.94
-2570.64 -2570.64
-2558.50 -2558.50
-2556.10 -2556.10
-2533.91 -2533.91
-2551.09 -2533.91
-2569.44 -2533.91
-2455.07 -2455.07
-2422.93 -2422.93
-2397.19 -2397.19
-2470.38 -2397.19
-2363.88 -2363.88
-2436.46 -2363.88
-2224.57 -2224.57
-2218.75 -2218.75
-2212.32 -2212.32
-2259.88 -2212.32
-2331.65 -2212.32
-2255.03 -2212.32
-2212.52 -2212.32
-2143.64 -2143.64
-2130.48 -2130.48
-2015.63 -2015.63
-2012.63 -2012.63
-2061.37 -2012.63
-2103.91 -2012.63
-2041.15 -2012.63
-2010.25 -2010.25
-2097.57 -2010.25
-1763.53 -1763.53
-1814.43 -1763.53
-1769.75 -1763.53
-1732.81 -1732.81
-1711.30 -1711.30
-1794.62 -1711.30
-1716.16 -1711.30
-1581.26 -1581.26
-1542.72 -1542.72
-1543.06 -1543.06
-1538.78 -1538.78
-1542.54 -1538.78
-1538.80 -1538.80
-1501.48 -1501.48
-1567.14 -1501.48
-1518.24 -1501.48
-1501.19 -1501.19
-1553.70 -1501.19
-1533.00 -1501.19
-1540.68 -1501.19
-1528.88 -1501.19
-1526.49 -1501.19
-1503.36 -1501.19
-1504.49 -1501.19
-1524.99 -1501.19
-1506.34 -1501.19
-1501.31 -1501.31
-1501.51 -1501.31
-1542.58 -1501.31
-1543.69 -1501.31
-1502.97 -1501.31
-1541.87 -1501.31
-1526.87 -1501.31
-1500.63 -1500.63
-1500.53 -1500.53
-1528.73 -1500.53
-1501.25 -1500.53
-1543.69 -1500.53
-1528.58 -1500.53
-1545.73 -1500.53
-1540.86 -1500.53
-1501.20 -1501.20
-1534.87 -1501.20
-1560.83 -1501.20
-1537.35 -1501.20
-1502.04 -1502.04
-1536.62 -1502.04
-1522.27 -1502.04
-1506.57 -1502.04
-1505.52 -1502.04
-1503.62 -1502.04
-1541.22 -1502.04
-1502.77 -1502.04
-1573.36 -1502.04
-1539.31 -1502.04
-1503.78 -1503.78
-1540.13 -1503.78
-1504.48 -1504.48
-1503.85 -1503.85
-1528.95 -1503.85
-1550.01 -1503.85
-1508.12 -1503.85
-1501.23 -1501.23
-1611.89 -1501.23
-1544.15 -1501.23
-1503.84 -1501.23
-1603.52 -1501.23
-1534.43 -1501.23
-1544.84 -1501.23
-1536.73 -1501.23
-1503.38 -1501.23
-1503.32 -1501.23
-1501.64 -1501.64
-1586.79 -1501.64
-1503.26 -1503.26
-1502.58 -1502.58
-1533.55 -1502.58
-1538.50 -1502.58
-1540.63 -1502.58
-1545.12 -1502.58
-1539.84 -1502.58
-1534.23 -1502.58
-1505.95 -1502.58
-1501.31 -1501.31
-1552.98 -1501.31
-1501.31 -1501.31
-1501.28 -1501.28
-1506.36 -1501.28
-1535.35 -1501.28
-1539.03 -1501.28
-1501.26 -1501.26
-1594.13 -1501.26
-1501.95 -1501.95
-1515.08 -1501.95
-1503.79 -1501.95
-1504.31 -1501.95
-1541.79 -1501.95
-1540.36 -1501.95
-1502.16 -1502.16
-1506.16 -1502.16
-1567.00 -1502.16
-1535.11 -1502.16
-1535.11 -1502.16
-1547.69 -1502.16
-1534.23 -1502.16
-1531.28 -1502.16
-1520.53 -1502.16
-1502.56 -1502.56
-1497.12 -1497.12
-1500.66 -1497.12
-1534.18 -1497.12
-1527.19 -1497.12
-1533.59 -1497.12
-1546.00 -1497.12
-1545.28 -1497.12
-1502.55 -1497.12
-1512.81 -1497.12
-1532.96 -1497.12
-1534.58 -1497.12
-1553.64 -1497.12
-1540.79 -1497.12
-1543.43 -1497.12
-1543.46 -1497.12
-1553.55 -1497.12
-1502.19 -1497.12
-1529.51 -1497.12
-1503.43 -1497.12
-1544.28 -1497.12
-1501.24 -1497.12
-1538.42 -1497.12
-1501.68 -1497.12
-1501.50 -1497.12
-1527.50 -1497.12
-1501.72 -1497.12
-1503.37 -1497.12
-1544.89 -1497.12
-1593.81 -1497.12
-1513.09 -1497.12
-1524.10 -1497.12
-1536.58 -1497.12
-1513.49 -1497.12
-1533.09 -1497.12
-1503.71 -1497.12
-1535.03 -1497.12
-1500.72 -1497.12
-1503.39 -1497.12
-1503.57 -1497.12
-1506.25 -1497.12
-1535.23 -1497.12
-1497.09 -1497.09
-1538.83 -1497.09
-1536.41 -1497.09
-1541.71 -1497.09
-1545.77 -1497.09
-1544.10 -1497.09
-1541.93 -1497.09
-1564.71 -1497.09
-1543.27 -1497.09
-1502.82 -1497.09
-1539.84 -1497.09
-1505.51 -1497.09
-1534.92 -1497.09
-1591.66 -1497.09
-1537.87 -1497.09
-1545.40 -1497.09
-1525.52 -1497.09
-1501.17 -1497.09
-1503.32 -1497.09
-1501.29 -1497.09
-1535.17 -1497.09
-1603.46 -1497.09
-1501.24 -1497.09
-1525.26 -1497.09
-1501.31 -1497.09
-1503.32 -1497.09
-1541.14 -1497.09
-1603.51 -1497.09
-1526.37 -1497.09
-1505.91 -1497.09
-1517.06 -1497.09
-1501.97 -1497.09
-1500.69 -1497.09
-1502.06 -1497.09
-1522.66 -1497.09
-1501.20 -1497.09
-1508.58 -1497.09
-1541.15 -1497.09
-1500.84 -1497.09
-1503.11 -1497.09
-1537.98 -1497.09
-1544.94 -1497.09
-1506.91 -1497.09
-1500.84 -1497.09
-1503.52 -1497.09
-1541.54 -1497.09
-1543.48 -1497.09
-1543.87 -1497.09
-1561.06 -1497.09
-1520.33 -1497.09
-1540.42 -1497.09
-1540.27 -1497.09
-1508.15 -1497.09
-1502.25 -1497.09
-1543.46 -1497.09
-1505.52 -1497.09
-1501.95 -1497.09
-1628.34 -1497.09
-1501.70 -1497.09
-1547.92 -1497.09
-1529.89 -1497.09
-1518.33 -1497.09
-1503.05 -1497.09
-1507.14 -1497.09
-1536.81 -1497.09
-1501.68 -1497.09
-1501.71 -1497.09
-1537.01 -1497.09
-1502.59 -1497.09
-1525.73 -1497.09
-1502.01 -1497.09
-1500.72 -1497.09
-1537.16 -1497.09
-1526.12 -1497.09
-1501.25 -1497.09
-1533.54 -1497.09
-1527.19 -1497.09
-1501.27 -1497.09
-1540.35 -1497.09
-1548.18 -1497.09
-1501.76 -1497.09
-1525.23 -1497.09
-1554.35 -1497.09
-1501.69 -1497.09
-1503.40 -1497.09
-1501.57 -1497.09
-1501.25 -1501.25
-1503.31 -1501.25
-1503.08 -1501.25
-1502.70 -1501.25
-1502.74 -1501.25
-1503.25 -1501.25
-1503.40 -1501.25
-1509.80 -1501.25
-1546.06 -1501.25
-1504.60 -1501.25
-1501.86 -1501.25
-1503.39 -1501.25
-1497.04 -1497.04
-1547.27 -1497.04
-1504.30 -1497.04
-1532.60 -1497.04
-1528.59 -1497.04
-1504.04 -1497.04
-1535.03 -1497.04
-1503.71 -1497.04
-1502.47 -1497.04
-1497.16 -1497.16
-1543.18 -1497.16
-1497.15 -1497.15
-1502.54 -1497.15
-1537.98 -1497.15
-1526.88 -1497.15
-1504.67 -1497.15
-1501.95 -1497.15
-1549.24 -1497.15
-1527.03 -1497.15
-1502.67 -1497.15
-1545.83 -1497.15
-1526.79 -1497.15
-1560.92 -1497.15
-1527.99 -1497.15
-1501.18 -1497.15
-1506.56 -1497.15
-1501.73 -1497.15
-1543.38 -1497.15
-1540.34 -1497.15
-1501.58 -1497.15
-1501.78 -1497.15
-1506.77 -1497.15
-1501.49 -1497.15
-1501.23 -1497.15
-1585.88 -1497.15
-1501.23 -1497.15
-1542.20 -1497.15
-1501.97 -1497.15
-1558.69 -1497.15
-1539.57 -1497.15
-1501.62 -1497.15
-1547.17 -1497.15
-1558.79 -1497.15
-1501.29 -1497.15
-1534.90 -1497.15
-1533.59 -1497.15
-1500.50 -1497.15
-1502.54 -1497.15
-1535.29 -1497.15
-1508.79 -1497.15
-1560.78 -1497.15
-1543.77 -1497.15
-1541.07 -1497.15
-1512.86 -1497.15
-1528.47 -1497.15
-1527.01 -1497.15
-1543.37 -1497.15
-1549.55 -1497.15
-1542.67 -1497.15
-1502.51 -1497.15
-1538.10 -1497.15
-1603.47 -1497.15
-1502.82 -1497.15
-1537.87 -1497.15
-1543.92 -1497.15
-1501.87 -1497.15
-1529.95 -1497.15
-1501.50 -1497.15
-1534.65 -1497.15
-1501.20 -1497.15
-1502.43 -1497.15
-1502.82 -1497.15
-1503.25 -1497.15
-1501.27 -1497.15
-1603.44 -1497.15
-1535.23 -1497.15
-1537.24 -1497.15
-1545.72 -1497.15
-1501.96 -1497.15
-1501.16 -1497.15
-1501.24 -1497.15
-1540.20 -1497.15
-1542.60 -1497.15
-1513.55 -1497.15
-1551.45 -1497.15
-1505.63 -1497.15
-1501.24 -1497.15
-1542.56 -1497.15
-1507.63 -1497.15
-1503.96 -1497.15
-1504.41 -1497.15
-1503.21 -1497.15
-1538.77 -1497.15
-1512.31 -1497.15
-1525.43 -1497.15
-1513.23 -1497.15
-1534.87 -1497.15
-1576.30 -1497.15
-1542.42 -1497.15
-1560.22 -1497.15
-1541.64 -1497.15
-1506.91 -1497.15
-1553.93 -1497.15
-1525.52 -1497.15
-1502.29 -1497.15
-1566.57 -1497.15
-1533.57 -1497.15
-1628.37 -1497.15
-1509.64 -1497.15
-1502.84 -1497.15
-1503.38 -1497.15
-1502.67 -1497.15
-1552.68 -1497.15
-1524.71 -1497.15
-1500.83 -1497.15
-1555.40 -1497.15
-1502.73 -1497.15
-1544.69 -1497.15
-1535.50 -1497.15
-1503.49 -1497.15
-1501.86 -1497.15
-1502.02 -1497.15
-1539.02 -1497.15
-1505.61 -1497.15
-1513.21 -1497.15
-1547.78 -1497.15
-1501.99 -1497.15
-1502.43 -1497.15
-1508.52 -1497.15
-1539.71 -1497.15
-1524.63 -1497.15
-1497.11 -1497.11
-1502.06 -1497.11
-2789.42 -2789.42
-2828.30 -2789.42
-2806.11 -2789.42
-2732.94 -2732.94
-2744.79 -2732.94
-2637.00 -2637.00
-2639.36 -2637.00
-2600.19 -2600.19
-2599.42 -2599.42
-2546.44 -2546.44
-2416.84 -2416.84
-2436.05 -2416.84
-2379.37 -2379.37
-2478.95 -2379.37
-2416.06 -2379.37
-2319.28 -2319.28
-2195.65 -2195.65
-2142.41 -2142.41
-2012.51 -2012.51
-2082.73 -2012.51
-2106.25 -2012.51
-1979.16 -1979.16
-2009.79 -1979.16
-2043.06 -1979.16
-1910.59 -1910.59
-1956.54 -1910.59
-1955.64 -1910.59
-1945.36 -1910.59
-1944.70 -1910.59
-1821.85 -1821.85
-1795.56 -1795.56
-1824.65 -1795.56
-1818.37 -1795.56
-1765.49 -1765.49
-1850.31 -1765.49
-1737.37 -1737.37
-1681.96 -1681.96
-1749.72 -1681.96
-1694.71 -1681.96
-1705.38 -1681.96
-1612.26 -1612.26
-1594.75 -1594.75
-1538.35 -1538.35
-1563.53 -1538.35
-1594.46 -1538.35
-1543.54 -1538.35
-1540.45 -1538.35
-1542.88 -1538.35
-1534.51 -1534.51
-1657.42 -1534.51
-1504.10 -1504.10
-1550.71 -1504.10
-1525.73 -1504.10
-1563.19 -1504.10
-1506.87 -1504.10
-1595.96 -1504.10
-1501.20 -1501.20
-1544.61 -1501.20
-1535.57 -1501.20
-1501.48 -1501.48
-1603.47 -1501.48
-1527.97 -1501.48
-1503.51 -1501.48
-1514.94 -1501.48
-1501.24 -1501.24
-1497.11 -1497.11
-1538.41 -1497.11
-1509.71 -1497.11
-1539.81 -1497.11
-1547.17 -1497.11
-1539.80 -1497.11
-1501.60 -1497.11
-1535.10 -1497.11
-1595.78 -1497.11
-1560.66 -1497.11
-1543.35 -1497.11
-1628.36 -1497.11
-1497.15 -1497.15
-1534.98 -1497.15
-1501.16 -1497.15
-1560.81 -1497.15
-1501.28 -1497.15
-1535.34 -1497.15
-1539.88 -1497.15
-1505.39 -1497.15
-1541.48 -1497.15
-1503.56 -1497.15
-1506.13 -1497.15
-1534.92 -1497.15
-1534.67 -1497.15
-1532.89 -1497.15
-1561.74 -1497.15
-1549.12 -1497.15
-1501.56 -1497.15
-1528.96 -1497.15
-1502.37 -1497.15
-1547.15 -1497.15
-1545.33 -1497.15
-1541.21 -1497.15
-1560.88 -1497.15
-1502.72 -1497.15
-1545.42 -1497.15
-1536.60 -1497.15
-1541.64 -1497.15
-1497.02 -1497.02
-1563.84 -1497.02
-1502.73 -1497.02
-1544.00 -1497.02
-1504.27 -1497.02
-1545.08 -1497.02
-1544.95 -1497.02
-1540.58 -1497.02
-1550.11 -1497.02
-1503.65 -1497.02
-1502.96 -1497.02
-1543.37 -1497.02
-1538.55 -1497.02
-1536.40 -1497.02
-1543.77 -1497.02
-1501.73 -1497.02
-1543.28 -1497.02
-1534.58 -1497.02
-1503.28 -1497.02
-1501.61 -1497.02
-1540.36 -1497.02
-1501.31 -1497.02
-1549.88 -1497.02
-1501.19 -1497.02
-1501.18 -1497.02
-1501.18 -1497.02
-1549.12 -1497.02
-1525.00 -1497.02
-1543.25 -1497.02
-1502.42 -1497.02
-1544.63 -1497.02
-1535.28 -1497.02
-1611.96 -1497.02
-1501.51 -1497.02
-1540.87 -1497.02
-1526.17 -1497.02
-1536.14 -1497.02
-1501.23 -1497.02
-1503.41 -1497.02
-1507.17 -1497.02
-1537.91 -1497.02
-1527.19 -1497.02
-1531.40 -1497.02
-1501.24 -1497.02
-1533.90 -1497.02
-1509.95 -1497.02
-1560.76 -1497.02
-1561.09 -1497.02
-1539.95 -1497.02
-1532.84 -1497.02
-1545.22 -1497.02
-1503.37 -1497.02
-1540.82 -1497.02
-1561.81 -1497.02
-1548.92 -1497.02
-1501.20 -1497.02
-1541.39 -1497.02
-1507.21 -1497.02
-1503.09 -1497.02
-1603.44 -1497.02
-1535.14 -1497.02
-1541.58 -1497.02
-1502.20 -1497.02
-1509.88 -1497.02
-1502.50 -1497.02
-1532.68 -1497.02
-1525.82 -1497.02
-1508.20 -1497.02
-1550.72 -1497.02
-1543.88 -1497.02
-1503.41 -1497.02
-1539.87 -1497.02
-1501.78 -1497.02
-1539.06 -1497.02
-1541.13 -1497.02
-1566.76 -1497.02
-1533.59 -1497.02
-1500.76 -1497.02
-1501.55 -1497.02
-1501.22 -1497.02
-1547.26 -1497.02
-1512.31 -1497.02
-1544.31 -1497.02
-1501.38 -1497.02
-1503.26 -1497.02
-1501.16 -1497.02
-1501.88 -1497.02
-1542.20 -1497.02
-1500.78 -1497.02
-1502.22 -1497.02
-1501.50 -1497.02
-1503.45 -1497.02
-1497.07 -1497.07
-1506.27 -1497.07
-1545.03 -1497.07
-1534.74 -1497.07
-1501.89 -1497.07
-1500.54 -1497.07
-1542.56 -1497.07
-1508.06 -1497.07
-1501.50 -1497.07
-1602.07 -1497.07
-1526.72 -1497.07
-1526.13 -1497.07
-1575.31 -1497.07
-1533.90 -1497.07
-1501.60 -1497.07
-1506.56 -1497.07
-1505.51 -1497.07
-1507.03 -1497.07
-1502.09 -1497.07
-1543.95 -1497.07
-1501.01 -1497.07
-1505.87 -1497.07
-1501.59 -1497.07
-1501.19 -1497.07
-1525.62 -1497.07
-1501.27 -1497.07
-1522.18 -1497.07
-1544.08 -1497.07
-1501.63 -1497.07
-1501.26 -1497.07
-1533.07 -1497.07
-1501.83 -1497.07
-1529.51 -1497.07
-1506.58 -1497.07
-1565.36 -1497.07
-1541.10 -1497.07
-1564.99 -1497.07
-1542.44 -1497.07
-1502.05 -1497.07
-1537.11 -1497.07
-1501.69 -1497.07
-1541.39 -1497.07
-1501.93 -1497.07
-1502.36 -1497.07
-1553.86 -1497.07
-1509.77 -1497.07
-1497.05 -1497.05
-1507.04 -1497.05
-1506.60 -1497.05
-1500.72 -1497.05
-1504.44 -1497.05
-1528.76 -1497.05
-1501.15 -1497.05
-1501.18 -1497.05
-1497.11 -1497.11
-1539.38 -1497.11
-1502.28 -1497.11
-1501.16 -1497.11
-1534.35 -1497.11
-1501.86 -1497.11
-1502.02 -1497.11
-1546.01 -1497.11
-1543.48 -1497.11
-1501.71 -1497.11
-1502.06 -1497.11
-1534.74 -1497.11
-1541.08 -1497.11
-1548.72 -1497.11
-1543.30 -1497.11
-1567.81 -1497.11
-1508.15 -1497.11
-1501.88 -1497.11
-1501.16 -1497.11
-1502.02 -1497.11
-1535.04 -1497.11
-1520.42 -1497.11
-1501.48 -1497.11
-1501.28 -1497.11
-1543.93 -1497.11
-1497.11 -1497.11
-1601.33 -1497.11
-1538.48 -1497.11
-1503.40 -1497.11
-1543.90 -1497.11
-1529.95 -1497.11
-1539.96 -1497.11
-1538.40 -1497.11
-1501.16 -1497.11
-1502.04 -1497.11
-1549.54 -1497.11
-1505.89 -1497.11
-1503.38 -1497.11
-1531.39 -1497.11
-1509.95 -1497.11
-1503.33 -1497.11
-1503.05 -1497.11
-1504.01 -1497.11
-1537.29 -1497.11
-1507.08 -1497.11
-1560.39 -1497.11
-1603.48 -1497.11
-1501.67 -1497.11
-1543.81 -1497.11
-1549.95 -1497.11
-1550.05 -1497.11
-1533.97 -1497.11
-1497.07 -1497.07
-1534.90 -1497.07
-1507.86 -1497.07
-1543.20 -1497.07
-1540.21 -1497.07
-1543.21 -1497.07
-1503.78 -1497.07
-1534.01 -1497.07
-1501.26 -1497.07
-1515.87 -1497.07
-1532.06 -1497.07
-1501.91 -1497.07
-1543.00 -1497.07
-1502.81 -1497.07
-1502.52 -1497.07
-1566.92 -1497.07
-1541.45 -1497.07
-1560.82 -1497.07
-1526.97 -1497.07
-1534.72 -1497.07
-1505.39 -1497.07
-1509.72 -1497.07
-1507.56 -1497.07
-1539.66 -1497.07
-1542.08 -1497.07
-1545.04 -1497.07
-1546.20 -1497.07
-1512.26 -1497.07
-1532.96 -1497.07
-1543.35 -1497.07
-1540.61 -1497.07
-1610.96 -1497.07
-1522.31 -1497.07
-1503.27 -1497.07
-1501.74 -1497.07
-1544.57 -1497.07
-1540.23 -1497.07
-1560.69 -1497.07
-1537.52 -1497.07
-1501.27 -1497.07
-1517.12 -1497.07
-1502.38 -1497.07
-1530.62 -1497.07
-1550.87 -1497.07
-1525.74 -1497.07
-1502.12 -1497.07
-1503.37 -1497.07
-1564.19 -1497.07
-1503.62 -1497.07
-1502.56 -1497.07
-1506.29 -1497.07
-1504.62 -1497.07
-1501.81 -1497.07
-1528.02 -1497.07
-1506.49 -1497.07
-1513.12 -1497.07
-1528.66 -1497.07
-1501.21 -1497.07
-1553.82 -1497.07
-1543.48 -1497.07
-1503.31 -1497.07
-1503.38 -1497.07
-1513.24 -1497.07
-1503.25 -1497.07
-1506.00 -1497.07
-1500.66 -1497.07
-1539.59 -1497.07
-1505.88 -1497.07
-1502.49 -1497.07
-1538.93 -1497.07
-1525.68 -1497.07
-1502.62 -1497.07
-1501.86 -1497.07
-1539.92 -1497.07
-1500.50 -1497.07
-1535.14 -1497.07
-1501.18 -1497.07
-1525.12 -1497.07
-1539.72 -1497.07
-1501.28 -1497.07
-1503.44 -1497.07
-1502.00 -1497.07
-1575.69 -1497.07
-1542.52 -1497.07
-1529.66 -1497.07
-1539.20 -1497.07
-1502.73 -1497.07
-1542.88 -1497.07
-1550.29 -1497.07
-1563.65 -1497.07
-1501.29 -1497.07
-1542.56 -1497.07
-1501.50 -1497.07
-1501.95 -1497.07
-1535.11 -1497.07
-1501.56 -1497.07
-1502.96 -1497.07
-1545.92 -1497.07
-1533.07 -1497.07
-1566.56 -1497.07
-1560.69 -1497.07
-1501.86 -1497.07
-1538.54 -1497.07
-1521.59 -1497.07
-1541.05 -1497.07
-1536.86 -1497.07
-1526.32 -1497.07
-1507.70 -1497.07
-1587.49 -1497.07
-1506.16 -1497.07
-1502.08 -1497.07
-1504.37 -1497.07
-1522.17 -1497.07
-1501.69 -1497.07
-2825.66 -1497.07
-2796.32 -1497.07
-2844.83 -1497.07
-2760.45 -2760.45
-2630.31 -2630.31
-2627.85 -2627.85
-2662.21 -2627.85
-2616.69 -2616.69
-2634.98 -2616.69
-2632.31 -2616.69
-2627.98 -2616.69
-2599.91 -2599.91
-2656.28 -2599.91
-2536.37 -2536.37
-2495.80 -2495.80
-2480.90 -2480.90
-2522.36 -2480.90
-2537.93 -2480.90
-2366.28 -2366.28
-2369.37 -2366.28
-2345.27 -2345.27
-2431.57 -2345.27
-2338.50 -2338.50
-2404.24 -2338.50
-2353.46 -2338.50
-2351.20 -2338.50
-2328.21 -2328.21
-2351.61 -2328.21
-2374.52 -2328.21
-2384.67 -2328.21
-2323.36 -2323.36
-2414.56 -2323.36
-2328.61 -2323.36
-2322.15 -2322.15
-2275.89 -2275.89
-2222.48 -2222.48
-2225.44 -2222.48
-2181.82 -2181.82
-2304.53 -2181.82
-2199.73 -2181.82
-2160.67 -2160.67
-2125.07 -2125.07
-1951.31 -1951.31
-2098.22 -1951.31
-1939.15 -1939.15
-1822.80 -1822.80
-1768.69 -1768.69
-1745.12 -1745.12
-1706.17 -1706.17
-1671.79 -1671.79
-1544.21 -1544.21
-1541.73 -1541.73
-1539.60 -1539.60
-1543.52 -1539.60
-1543.89 -1539.60
-1545.18 -1539.60
-1548.86 -1539.60
-1543.55 -1539.60
-1546.51 -1539.60
-1614.63 -1539.60
-1604.95 -1539.60
-1537.73 -1537.73
-1534.83 -1534.83
-1565.40 -1534.83
-1535.33 -1535.33
-1540.01 -1535.33
-1501.27 -1501.27
-1526.80 -1501.27
-1546.36 -1501.27
-1503.75 -1501.27
-1560.97 -1501.27
-1540.08 -1501.27
-1501.24 -1501.24
-1517.12 -1501.24
-1540.62 -1501.24
-1580.14 -1501.24
-1555.62 -1501.24
-1540.70 -1501.24
-1539.39 -1501.24
-1502.72 -1501.24
-1502.65 -1502.65
-1543.14 -1502.65
-1525.77 -1502.65
-1512.28 -1502.65
-1501.75 -1501.75
-1546.23 -1501.75
-1545.70 -1501.75
-1501.30 -1501.30
-1502.55 -1501.30
-1503.02 -1501.30
-1506.87 -1501.30
-1525.59 -1501.30
-1502.19 -1501.30
-1501.97 -1501.30
-1545.71 -1501.30
-1501.21 -1501.21
-1526.87 -1501.21
-1532.54 -1501.21
-1543.41 -1501.21
-1550.31 -1501.21
-1500.50 -1500.50
-1544.95 -1500.50
-1503.25 -1500.50
-1521.54 -1500.50
-1515.10 -1500.50
-1502.44 -1502.44
-1542.57 -1502.44
-1503.71 -1502.44
-1543.36 -1502.44
-1543.94 -1502.44
-1549.71 -1502.44
-1543.37 -1502.44
-1542.96 -1502.44
-1536.76 -1502.44
-1504.64 -1502.44
-1544.83 -1502.44
-1521.99 -1502.44
-1527.33 -1502.44
-1503.60 -1502.44
-1560.73 -1502.44
-1501.66 -1501.66
-1502.41 -1501.66
-1506.78 -1501.66
-1501.59 -1501.59
-1502.61 -1501.59
-1504.68 -1501.59
-1552.92 -1501.59
-1547.95 -1501.59
-1515.97 -1501.59
-1537.05 -1501.59
-1550.14 -1501.59
-1501.24 -1501.24
-1536.95 -1501.24
-1503.65 -1501.24
-1500.87 -1500.87
-1504.54 -1500.87
-1545.04 -1500.87
-1535.36 -1500.87
-1541.71 -1500.87
-1552.14 -1500.87
-1502.61 -1500.87
-1532.93 -1500.87
-1628.40 -1500.87
-1501.80 -1501.80
-1509.87 -1501.80
-1536.91 -1501.80
-1528.67 -1501.80
-1509.85 -1501.80
-1501.15 -1501.15
-1497.10 -1497.10
-1501.28 -1497.10
-1503.41 -1497.10
-1533.55 -1497.10
-1506.79 -1497.10
-1543.14 -1497.10
-1501.15 -1497.10
-1628.38 -1497.10
-1610.99 -1497.10
-1553.35 -1497.10
-1561.19 -1497.10
-1539.56 -1497.10
-1500.57 -1497.10
-1502.43 -1497.10
-1542.98 -1497.10
-1502.22 -1497.10
-1544.91 -1497.10
-1535.59 -1497.10
-1524.06 -1497.10
-1546.29 -1497.10
-1534.27 -1497.10
-1534.22 -1497.10
-1532.13 -1497.10
-1552.98 -1497.10
-1502.15 -1497.10
-1544.08 -1497.10
-1536.60 -1497.10
-1501.29 -1497.10
-1537.04 -1497.10
-1534.91 -1497.10
-1553.44 -1497.10
-1507.88 -1497.10
-1502.97 -1497.10
-1542.58 -1497.10
-1501.36 -1497.10
-1507.28 -1497.10
-1506.62 -1497.10
-1534.24 -1497.10
-1535.77 -1497.10
-1525.89 -1497.10
-1502.39 -1497.10
-1501.51 -1497.10
-1539.62 -1497.10
-1536.78 -1497.10
-1542.95 -1497.10
-1569.74 -1497.10
-1525.50 -1497.10
-1543.97 -1497.10
-1501.65 -1497.10
-1513.04 -1497.10
-1513.15 -1497.10
-1541.73 -1497.10
-1535.21 -1497.10
-1502.69 -1497.10
-1503.25 -1497.10
-1522.29 -1497.10
-1525.68 -1497.10
-1544.94 -1497.10
-1503.39 -1497.10
-1539.62 -1497.10
-1501.49 -1497.10
-1518.28 -1497.10
-1501.27 -1497.10
-1500.79 -1497.10
-1540.71 -1497.10
-1501.75 -1497.10
-1501.17 -1497.10
-1506.50 -1497.10
-1528.89 -1497.10
-1516.06 -1497.10
-1501.49 -1497.10
-1501.97 -1497.10
-1528.59 -1497.10
-1501.74 -1497.10
-1538.89 -1497.10
-1534.20 -1497.10
-1500.71 -1497.10
-1504.20 -1497.10
-1515.93 -1497.10
-1543.82 -1497.10
-1505.91 -1497.10
-1502.25 -1497.10
-1528.70 -1497.10
-1497.06 -1497.06
-1506.36 -1497.06
-1542.07 -1497.06
-1503.38 -1497.06
-1506.30 -1497.06
-1538.43 -1497.06
-1545.79 -1497.06
-1507.04 -1497.06
-1504.40 -1497.06
-1534.23 -1497.06
-1501.19 -1497.06
-1578.74 -1497.06
-1526.92 -1497.06
-1542.63 -1497.06
-1506.17 -1497.06
-1540.81 -1497.06
-1501.22 -1497.06
-1547.91 -1497.06
-1502.54 -1497.06
-1525.03 -1497.06
-1564.67 -1497.06
-1503.26 -1497.06
-1506.57 -1497.06
-1560.66 -1497.06
-1502.40 -1497.06
-1501.82 -1497.06
-1503.75 -1497.06
-1532.84 -1497.06
-1543.11 -1497.06
-1501.28 -1497.06
-1552.94 -1497.06
-1506.84 -1497.06
-1501.58 -1497.06
-1563.14 -1497.06
-1534.29 -1497.06
-1500.54 -1497.06
-1610.95 -1497.06
-1550.71 -1497.06
-1534.77 -1497.06
-1544.19 -1497.06
-1501.98 -1497.06
-1546.84 -1497.06
-1503.38 -1497.06
-1501.15 -1497.06
-1509.74 -1497.06
-1501.50 -1497.06
-1501.20 -1497.06
-1502.43 -1497.06
-1503.38 -1497.06
-1541.36 -1497.06
-1535.08 -1497.06
-1534.88 -1497.06
-1502.19 -1497.06
-1502.42 -1497.06
-1535.92 -1497.06
-1502.32 -1497.06
-1541.66 -1497.06
-1543.93 -1497.06
-1501.49 -1497.06
-1525.72 -1497.06
-1502.52 -1497.06
-1503.95 -1497.06
-1561.76 -1497.06
-1501.19 -1497.06
-1501.88 -1497.06
-1535.13 -1497.06
-1502.15 -1497.06
-1503.45 -1497.06
-1502.97 -1497.06
-1504.43 -1497.06
-1543.48 -1497.06
-1501.23 -1497.06
-1501.91 -1497.06
-1497.12 -1497.12
-1535.22 -1497.12
-1520.42 -1497.12
-1504.25 -1497.12
-1505.94 -1497.12
-1545.83 -1497.12
-1547.98 -1497.12
-1502.21 -1497.12
-1501.24 -1497.12
-1502.52 -1497.12
-1535.02 -1497.12
-1532.71 -1497.12
-1502.25 -1497.12
-1542.20 -1497.12
-1501.65 -1497.12
-1550.60 -1497.12
-1566.10 -1497.12
-1541.56 -1497.12
-1502.01 -1497.12
-1542.70 -1497.12
-1503.41 -1497.12
-1546.77 -1497.12
-1541.34 -1497.12
-1562.83 -1497.12
-1497.03 -1497.03
-1526.95 -1497.03
-1541.50 -1497.03
-1504.13 -1497.03
-1610.99 -1497.03
-1535.18 -1497.03
-1513.23 -1497.03
-1504.51 -1497.03
-1503.54 -1497.03
-1550.12 -1497.03
-1560.70 -1497.03
-1500.93 -1497.03
-1567.82 -1497.03
-1501.72 -1497.03
-1532.42 -1497.03
-1536.07 -1497.03
-1528.99 -1497.03
-1552.90 -1497.03
-1539.84 -1497.03
-1538.86 -1497.03
-1503.25 -1497.03
-1543.34 -1497.03
-1500.66 -1497.03
-1501.23 -1497.03
-1497.13 -1497.13
-1501.63 -1497.13
-1537.93 -1497.13
-1543.62 -1497.13
-1532.43 -1497.13
-1539.73 -1497.13
-1502.89 -1497.13
-1543.66 -1497.13
-1542.09 -1497.13
-1540.66 -1497.13
-1501.91 -1497.13
-1528.59 -1497.13
-1509.87 -1497.13
-1501.67 -1497.13
-1513.13 -1497.13
-1515.02 -1497.13
-1501.29 -1497.13
-1538.76 -1497.13
-1503.50 -1497.13
-1528.26 -1497.13
-1544.17 -1497.13
-1541.71 -1497.13
-1503.39 -1497.13
-1503.24 -1497.13
-1533.07 -1497.13
-1503.72 -1497.13
-1502.98 -1497.13
-1526.82 -1497.13
-1503.31 -1497.13
-1502.69 -1497.13
-1501.24 -1497.13
-1502.38 -1497.13
-1506.08 -1497.13
-1543.74 -1497.13
-1525.09 -1497.13
-1512.92 -1497.13
-1545.06 -1497.13
-1537.57 -1497.13
-1502.41 -1497.13
-1513.13 -1497.13
-1500.78 -1497.13
-1540.18 -1497.13
-1564.39 -1497.13
-1500.59 -1497.13
-1503.25 -1497.13
-1501.84 -1497.13
-1540.34 -1497.13
-1536.70 -1497.13
-1525.64 -1497.13
-1502.90 -1497.13
-1560.89 -1497.13
-1534.93 -1497.13
-1507.64 -1497.13
-1535.84 -1497.13
-1534.27 -1497.13
-1538.79 -1497.13
-1552.81 -1497.13
-1576.25 -1497.13
-1541.39 -1497.13
-1543.30 -1497.13
-1514.95 -1497.13
-1541.40 -1497.13
-1502.05 -1497.13
-2799.83 -1497.13
-2779.44 -2779.44
-2784.28 -2779.44
-2783.64 -2779.44
-2794.93 -2779.44
-2770.89 -2770.89
-2742.75 -2742.75
-2784.73 -2742.75
-2711.67 -2711.67
-2693.01 -2693.01
-2726.67 -2693.01
-2704.86 -2693.01
-2699.31 -2693.01
-2653.55 -2653.55
-2698.58 -2653.55
-2569.39 -2569.39
-2653.19 -2569.39
-2543.97 -2543.97
-2574.95 -2543.97
-2560.51 -2543.97
-2533.02 -2533.02
-2485.80 -2485.80
-2480.75 -2480.75
-2497.02 -2480.75
-2340.26 -2340.26
-2326.98 -2326.98
-2327.69 -2326.98
-2307.03 -2307.03
-2289.30 -2289.30
-2153.46 -2153.46
-2054.03 -2054.03
-2114.38 -2054.03
-2159.71 -2054.03
-2034.13 -2034.13
-2016.18 -2016.18
-2038.69 -2016.18
-1965.80 -1965.80
-1903.95 -1903.95
-1992.45 -1903.95
-1848.63 -1848.63
-1941.60 -1848.63
-1937.47 -1848.63
-1707.27 -1707.27
-1708.45 -1707.27
-1650.04 -1650.04
-1696.08 -1650.04
-1708.45 -1650.04
-1545.25 -1545.25
-1589.68 -1545.25
-1545.37 -1545.37
-1559.18 -1545.37
-1541.48 -1541.48
-1546.34 -1541.48
-1532.97 -1532.97
-1497.02 -1497.02
-1542.21 -1497.02
-1538.84 -1497.02
-1502.42 -1497.02
-1550.79 -1497.02
-1535.37 -1497.02
-1539.59 -1497.02
-1497.07 -1497.07
-1501.19 -1497.07
-1538.23 -1497.07
-1503.37 -1497.07
-1502.03 -1497.07
-1501.31 -1497.07
-1501.17 -1497.07
-1502.73 -1497.07
-1501.01 -1497.07
-1538.85 -1497.07
-1525.56 -1497.07
-1505.52 -1497.07
-1539.18 -1497.07
-1502.09 -1497.07
-1501.49 -1497.07
-1512.94 -1497.07
-1501.58 -1497.07
-1542.27 -1497.07
-1502.47 -1497.07
-1540.63 -1497.07
-1544.00 -1497.07
-1501.82 -1497.07
-1603.50 -1497.07
-1541.60 -1497.07
-1540.57 -1497.07
-1503.31 -1497.07
-1507.96 -1497.07
-1502.10 -1497.07
-1546.78 -1497.07
-1501.17 -1497.07
-1501.23 -1497.07
-1501.28 -1497.07
-1507.63 -1497.07
-1501.62 -1497.07
-1528.53 -1497.07
-1500.64 -1497.07
-1503.13 -1497.07
-1535.25 -1497.07
-1537.21 -1497.07
-1545.34 -1497.07
-1538.07 -1497.07
-1503.37 -1497.07
-1500.67 -1497.07
-1501.19 -1497.07
-1502.91 -1497.07
-1503.32 -1497.07
-1538.79 -1497.07
-1535.09 -1497.07
-1503.45 -1497.07
-1501.15 -1497.07
-1504.66 -1497.07
-1539.39 -1497.07
-1535.20 -1497.07
-1504.72 -1497.07
-1520.26 -1497.07
-1503.68 -1497.07
-1518.23 -1497.07
-1529.64 -1497.07
-1543.60 -1497.07
-1502.08 -1497.07
-1501.27 -1497.07
-1544.71 -1497.07
-1525.41 -1497.07
-1534.77 -1497.07
-1501.21 -1497.07
-1501.89 -1497.07
-1522.38 -1497.07
-1501.69 -1497.07
-1535.26 -1497.07
-1501.28 -1497.07
-1501.63 -1497.07
-1534.94 -1497.07
-1534.95 -1497.07
-1525.97 -1497.07
-1534.77 -1497.07
-1545.69 -1497.07
-1503.04 -1497.07
-1501.77 -1497.07
-1502.13 -1497.07
-1503.25 -1497.07
-1548.96 -1497.07
-1553.23 -1497.07
-1524.70 -1497.07
-1500.74 -1497.07
-1547.80 -1497.07
-1538.76 -1497.07
-1502.82 -1497.07
-1539.05 -1497.07
-1553.06 -1497.07
-1505.74 -1497.07
-1541.13 -1497.07
-1525.46 -1497.07
-1504.72 -1497.07
-1547.16 -1497.07
-1503.40 -1497.07
-1522.01 -1497.07
-1524.69 -1497.07
-1520.41 -1497.07
-1508.44 -1497.07
-1512.66 -1497.07
-1512.92 -1497.07
-1540.57 -1497.07
-1502.57 -1497.07
-1500.74 -1497.07
-1502.21 -1497.07
-1560.82 -1497.07
-1543.26 -1497.07
-1533.09 -1497.07
-1535.11 -1497.07
-1501.28 -1497.07
-1533.95 -1497.07
-1509.85 -1497.07
-1543.26 -1497.07
-1525.63 -1497.07
-1552.50 -1497.07
-1531.76 -1497.07
-1501.23 -1497.07
-1547.14 -1497.07
-1547.21 -1497.07
-1502.13 -1497.07
-1548.98 -1497.07
-1503.41 -1497.07
-1500.74 -1497.07
-1534.99 -1497.07
-1541.83 -1497.07
-1505.94 -1497.07
-1540.74 -1497.07
-1536.78 -1497.07
-1545.07 -1497.07
-1525.58 -1497.07
-1574.99 -1497.07
-1542.54 -1497.07
-1541.15 -1497.07
-1542.55 -1497.07
-1504.59 -1497.07
-1504.54 -1497.07
-1505.59 -1497.07
-1497.06 -1497.06
-1506.58 -1497.06
-1541.73 -1497.06
-1533.57 -1497.06
-1500.83 -1497.06
-1534.79 -1497.06
-1537.59 -1497.06
-1534.43 -1497.06
-1524.77 -1497.06
-1502.47 -1497.06
-1507.32 -1497.06
-1526.82 -1497.06
-1543.36 -1497.06
-1502.15 -1497.06
-1504.23 -1497.06
-1525.70 -1497.06
-1500.84 -1497.06
-1539.02 -1497.06
-1539.53 -1497.06
-1502.17 -1497.06
-1535.30 -1497.06
-1560.49 -1497.06
-1501.29 -1497.06
-1501.19 -1497.06
-1503.51 -1497.06
-1539.27 -1497.06
-1567.20 -1497.06
-1553.67 -1497.06
-1543.60 -1497.06
-1528.47 -1497.06
-1540.43 -1497.06
-1502.14 -1497.06
-1526.12 -1497.06
-1502.77 -1497.06
-1501.27 -1497.06
-1502.08 -1497.06
-1502.11 -1497.06
-1501.74 -1497.06
-1534.13 -1497.06
-1502.04 -1497.06
-1503.25 -1497.06
-1561.49 -1497.06
-1550.88 -1497.06
-1538.48 -1497.06
-1513.16 -1497.06
-1540.95 -1497.06
-1501.85 -1497.06
-1530.65 -1497.06
-1504.43 -1497.06
-1535.54 -1497.06
-1522.37 -1497.06
-1501.94 -1497.06
-1543.51 -1497.06
-1517.09 -1497.06
-1535.11 -1497.06
-1544.00 -1497.06
-1526.02 -1497.06
-1503.12 -1497.06
-1506.79 -1497.06
-1603.47 -1497.06
-1504.69 -1497.06
-1501.16 -1497.06
-1502.22 -1497.06
-1503.38 -1497.06
-1576.92 -1497.06
-1501.99 -1497.06
-1545.37 -1497.06
-1503.40 -1497.06
-1586.67 -1497.06
-1542.22 -1497.06
-1501.16 -1497.06
-1513.37 -1497.06
-1533.08 -1497.06
-1552.98 -1497.06
-1542.11 -1497.06
-1501.77 -1497.06
-1501.18 -1497.06
-1501.17 -1497.06
-1525.71 -1497.06
-1503.23 -1497.06
-1540.90 -1497.06
-1628.37 -1497.06
-1506.24 -1497.06
-1503.32 -1497.06
-1543.37 -1497.06
-1525.48 -1497.06
-1560.96 -1497.06
-1501.37 -1497.06
-1503.38 -1497.06
-1540.91 -1497.06
-1501.72 -1497.06
-1505.82 -1497.06
-1536.71 -1497.06
-1521.46 -1497.06
-1546.23 -1497.06
-1548.70 -1497.06
-1550.43 -1497.06
-1501.20 -1497.06
-1536.61 -1497.06
-1509.68 -1497.06
-1502.32 -1497.06
-1539.64 -1497.06
-1503.65 -1497.06
-1501.02 -1497.06
-1543.45 -1497.06
-1502.60 -1497.06
-1501.93 -1497.06
-1548.98 -1497.06
-1534.87 -1497.06
-1562.04 -1497.06
-1537.25 -1497.06
-1512.84 -1497.06
-1535.36 -1497.06
-1501.50 -1497.06
-1502.80 -1497.06
-1507.11 -1497.06
-1541.38 -1497.06
-1503.60 -1497.06
-1528.60 -1497.06
-1534.98 -1497.06
-1532.87 -1497.06
-1502.19 -1497.06
-1541.61 -1497.06
-1497.09 -1497.09
-1502.64 -1497.09
-1535.53 -1497.09
-1539.80 -1497.09
-1503.37 -1497.09
-1501.27 -1497.09
-1502.58 -1497.09
-1502.02 -1502.02
-1526.80 -1502.02
-1501.17 -1501.17
-1497.06 -1497.06
-1503.38 -1497.06
-1501.93 -1497.06
-1584.73 -1497.06
-1505.69 -1497.06
-1553.11 -1497.06
-1503.72 -1497.06
-1540.96 -1497.06
-1539.39 -1497.06
-1503.32 -1497.06
-1526.11 -1497.06
-1502.53 -1497.06
-1503.37 -1497.06
-1535.30 -1497.06
-1503.38 -1497.06
-1501.61 -1497.06
-1535.25 -1497.06
-1502.09 -1497.06
-1505.90 -1497.06
-1533.13 -1497.06
-1501.26 -1497.06
-1509.89 -1497.06
-1547.92 -1497.06
-1534.30 -1497.06
-1502.64 -1497.06
-1527.03 -1497.06
-1508.03 -1497.06
-1543.48 -1497.06
-1525.48 -1497.06
-1501.93 -1497.06
-1503.31 -1497.06
-1501.22 -1497.06
-1502.89 -1497.06
-1501.32 -1497.06
-1501.80 -1497.06
-1502.64 -1497.06
-1537.64 -1497.06
-1537.26 -1497.06
-1535.24 -1497.06
-1535.00 -1497.06
-1534.95 -1497.06
-1502.40 -1497.06
-1501.18 -1497.06
-1505.87 -1497.06
-1553.24 -1497.06
-1552.99 -1497.06
-1545.57 -1497.06
-1504.41 -1497.06
-1534.30 -1497.06
-1547.96 -1497.06
-1502.63 -1497.06
-1505.89 -1497.06
-1561.41 -1497.06
-1497.11 -1497.11
-1503.31 -1497.11
-1503.38 -1497.11
-1512.65 -1497.11
-1542.85 -1497.11
-1543.77 -1497.11
-1553.75 -1497.11
-1525.69 -1497.11
-1513.73 -1497.11
-1524.37 -1497.11
-1545.00 -1497.11
-1501.29 -1497.11
-1543.11 -1497.11
-1525.73 -1497.11
-1535.08 -1497.11
-1501.19 -1497.11
-1505.57 -1497.11
-1504.25 -1497.11
-1540.30 -1497.11
-1556.63 -1497.11
-1540.89 -1497.11
-1551.44 -1497.11
-1502.08 -1497.11
-1559.06 -1497.11
-1501.90 -1497.11
-1501.04 -1497.11
-1525.11 -1497.11
-1502.79 -1497.11
-1501.69 -1497.11
-1536.82 -1497.11
-1501.81 -1497.11
-1541.79 -1497.11
-2746.87 -2746.87
-2739.46 -2739.46
-2729.69 -2729.69
-2744.51 -2729.69
