-10000.00 -10000.00
-878.09 -878.09
-868.38 -868.38
-869.46 -868.38
-880.68 -868.38
-881.07 -868.38
-866.96 -866.96
-861.19 -861.19
-866.22 -861.19
-853.50 -853.50
-847.25 -847.25
-858.06 -847.25
-841.93 -841.93
-852.62 -841.93
-851.32 -841.93
-840.75 -840.75
-861.39 -840.75
-834.69 -834.69
-822.89 -822.89
-843.00 -822.89
-821.39 -821.39
-817.83 -817.83
-796.04 -796.04
-791.97 -791.97
-789.05 -789.05
-761.06 -761.06
-785.21 -761.06
-763.73 -761.06
-742.49 -742.49
-725.37 -725.37
-685.42 -685.42
-683.43 -683.43
-695.02 -683.43
-645.16 -645.16
-662.25 -645.16
-636.83 -636.83
-650.07 -636.83
-617.38 -617.38
-626.22 -617.38
-613.04 -613.04
-611.11 -611.11
-622.51 -611.11
-631.10 -611.11
-616.02 -611.11
-636.60 -611.11
-574.33 -574.33
-569.84 -569.84
-569.16 -569.16
-614.05 -569.16
-561.59 -561.59
-578.00 -561.59
-557.49 -557.49
-556.62 -556.62
-560.00 -556.62
-551.82 -551.82
-559.90 -551.82
-539.25 -539.25
-533.39 -533.39
-520.49 -520.49
-500.26 -500.26
-490.67 -490.67
-490.53 -490.53
-489.07 -489.07
-484.60 -484.60
-484.51 -484.51
-482.30 -482.30
-488.66 -482.30
-488.18 -482.30
-482.48 -482.48
-487.77 -482.48
-482.38 -482.38
-476.13 -476.13
-474.93 -474.93
-488.27 -474.93
-488.63 -474.93
-474.83 -474.83
-477.00 -474.83
-485.48 -474.83
-476.43 -474.83
-497.43 -474.83
-478.47 -474.83
-486.70 -474.83
-489.17 -474.83
-475.28 -474.83
-490.07 -474.83
-478.57 -474.83
-475.13 -475.13
-486.91 -475.13
-483.53 -475.13
-486.55 -475.13
-482.84 -475.13
-479.09 -475.13
-475.21 -475.21
-488.18 -475.21
-475.30 -475.30
-477.11 -475.30
-490.86 -475.30
-479.76 -475.30
-488.52 -475.30
-487.39 -475.30
-487.10 -475.30
-490.94 -475.30
-475.41 -475.41
-480.87 -475.41
-474.73 -474.73
-474.87 -474.73
-474.64 -474.64
-486.90 -474.64
-495.78 -474.64
-474.86 -474.64
-474.52 -474.52
-474.75 -474.75
-476.25 -474.75
-488.13 -474.75
-475.86 -474.75
-495.49 -474.75
-487.69 -474.75
-503.88 -474.75
-476.42 -476.42
-491.22 -476.42
-487.39 -476.42
-483.53 -476.42
-486.66 -476.42
-485.39 -476.42
-474.94 -474.94
-475.20 -475.20
-475.00 -475.00
-474.88 -474.88
-493.64 -474.88
-490.12 -474.88
-475.22 -475.22
-486.65 -475.22
-476.77 -476.77
-474.72 -474.72
-485.47 -474.72
-474.73 -474.73
-474.73 -474.73
-511.61 -474.73
-476.52 -474.73
-488.84 -474.73
-475.03 -474.73
-476.33 -474.73
-487.66 -474.73
-481.39 -474.73
-474.76 -474.76
-480.15 -474.76
-475.34 -475.34
-490.25 -475.34
-496.54 -475.34
-475.24 -475.24
-488.14 -475.24
-485.17 -475.24
-482.43 -475.24
-474.67 -474.67
-482.30 -474.67
-489.87 -474.67
-474.77 -474.67
-492.45 -474.67
-474.97 -474.97
-474.75 -474.75
-475.39 -474.75
-484.83 -474.75
-482.54 -474.75
-477.05 -474.75
-475.32 -475.32
-475.48 -475.48
-475.13 -475.13
-486.63 -475.13
-493.40 -475.13
-488.07 -475.13
-475.29 -475.29
-485.10 -475.29
-488.95 -475.29
-474.73 -474.73
-488.64 -474.73
-490.74 -474.73
-474.72 -474.72
-499.35 -474.72
-475.36 -475.36
-477.47 -475.36
-495.57 -475.36
-486.85 -475.36
-475.68 -475.68
-485.12 -475.68
-499.38 -475.68
-474.56 -474.56
-474.73 -474.73
-473.45 -473.45
-482.40 -473.45
-476.52 -473.45
-488.44 -473.45
-474.77 -473.45
-476.60 -473.45
-487.31 -473.45
-474.88 -473.45
-484.96 -473.45
-475.43 -473.45
-486.31 -473.45
-474.97 -473.45
-486.91 -473.45
-475.41 -473.45
-475.17 -473.45
-475.86 -473.45
-475.43 -473.45
-481.98 -473.45
-503.45 -473.45
-487.47 -473.45
-474.75 -473.45
-475.41 -473.45
-474.72 -473.45
-476.09 -473.45
-485.40 -473.45
-483.21 -473.45
-482.40 -473.45
-487.38 -473.45
-509.44 -473.45
-477.03 -473.45
-474.74 -473.45
-484.83 -473.45
-477.44 -473.45
-488.60 -473.45
-475.14 -473.45
-481.20 -473.45
-488.47 -473.45
-488.13 -473.45
-475.76 -473.45
-475.74 -473.45
-493.68 -473.45
-488.04 -473.45
-475.22 -475.22
-481.99 -475.22
-477.07 -475.22
-478.59 -475.22
-488.24 -475.22
-474.73 -474.73
-491.63 -474.73
-474.92 -474.92
-475.42 -475.42
-474.74 -474.74
-475.24 -475.24
-487.52 -475.24
-487.09 -475.24
-474.53 -474.53
-474.76 -474.76
-478.45 -474.76
-474.99 -474.99
-486.02 -474.99
-482.83 -474.99
-474.58 -474.58
-494.15 -474.58
-484.81 -474.58
-477.01 -474.58
-476.60 -474.58
-474.87 -474.58
-488.23 -474.58
-490.40 -474.58
-482.36 -474.58
-488.90 -474.58
-493.55 -474.58
-488.93 -474.58
-475.14 -474.58
-475.67 -475.67
-474.74 -474.74
-475.24 -474.74
-475.09 -475.09
-491.22 -475.09
-475.15 -475.15
-476.10 -475.15
-484.72 -475.15
-493.09 -475.15
-498.07 -475.15
-473.43 -473.43
-495.51 -473.43
-487.69 -473.43
-475.18 -475.18
-479.45 -475.18
-487.53 -475.18
-493.65 -475.18
-475.80 -475.18
-475.41 -475.41
-478.52 -475.41
-475.25 -475.25
-491.37 -475.25
-488.34 -475.25
-485.47 -475.25
-488.23 -475.25
-484.82 -475.25
-486.34 -475.25
-487.36 -475.25
-476.24 -475.25
-475.03 -475.03
-474.77 -474.77
-487.19 -474.77
-488.83 -474.77
-487.21 -474.77
-482.95 -474.77
-491.33 -474.77
-474.78 -474.78
-483.44 -474.78
-475.32 -475.32
-485.88 -475.32
-474.77 -474.77
-474.93 -474.93
-474.60 -474.60
-474.52 -474.52
-475.41 -474.52
-483.42 -474.52
-474.77 -474.77
-498.56 -474.77
-509.46 -474.77
-476.22 -474.77
-493.52 -474.77
-487.25 -474.77
-475.36 -474.77
-475.16 -475.16
-493.55 -475.16
-489.82 -475.16
-475.14 -475.14
-476.10 -475.14
-473.45 -473.45
-482.91 -473.45
-475.05 -473.45
-487.74 -473.45
-485.29 -473.45
-477.00 -473.45
-497.83 -473.45
-494.28 -473.45
-475.38 -475.38
-478.59 -475.38
-474.74 -474.74
-482.95 -474.74
-490.74 -474.74
-488.26 -474.74
-488.19 -474.74
-484.98 -474.74
-475.59 -475.59
-482.48 -475.59
-478.25 -475.59
-493.72 -475.59
-495.61 -475.59
-482.44 -475.59
-475.68 -475.68
-478.57 -475.68
-474.77 -474.77
-475.16 -475.16
-482.92 -475.16
-484.97 -475.16
-473.46 -473.46
-482.51 -473.46
-489.43 -473.46
-488.97 -473.46
-474.91 -473.46
-491.04 -473.46
-493.53 -473.46
-475.29 -475.29
-485.51 -475.29
-476.47 -475.29
-475.42 -475.42
-483.24 -475.42
-507.08 -475.42
-474.73 -474.73
-474.77 -474.77
-475.02 -475.02
-496.35 -475.02
-486.75 -475.02
-476.73 -476.73
-513.25 -476.73
-474.75 -474.75
-474.86 -474.86
-474.75 -474.75
-487.85 -474.75
-487.60 -474.75
-483.39 -474.75
-477.43 -474.75
-487.91 -474.75
-475.00 -475.00
-474.75 -474.75
-474.96 -474.96
-476.43 -474.96
-474.73 -474.73
-482.90 -474.73
-486.04 -474.73
-487.87 -474.73
-489.28 -474.73
-475.21 -474.73
-491.28 -474.73
-485.56 -474.73
-474.87 -474.87
-474.96 -474.96
-475.13 -475.13
-479.76 -475.13
-474.73 -474.73
-486.92 -474.73
-482.88 -474.73
-474.62 -474.62
-485.59 -474.62
-486.88 -474.62
-487.08 -474.62
-474.77 -474.77
-507.07 -474.77
-476.85 -474.77
-475.24 -475.24
-474.76 -474.76
-487.09 -474.76
-505.20 -474.76
-491.17 -474.76
-485.27 -474.76
-490.80 -474.76
-475.01 -474.76
-486.79 -474.76
-482.01 -474.76
-474.60 -474.60
-484.06 -474.60
-474.92 -474.60
-484.78 -474.60
-474.55 -474.55
-497.24 -474.55
-485.21 -474.55
-882.75 -882.75
-899.32 -882.75
-889.01 -882.75
-897.02 -882.75
-893.47 -882.75
-880.30 -880.30
-881.88 -880.30
-878.65 -878.65
-877.61 -877.61
-872.27 -872.27
-887.92 -872.27
-876.80 -872.27
-878.85 -872.27
-868.56 -868.56
-858.11 -858.11
-845.77 -845.77
-870.84 -845.77
-832.19 -832.19
-833.02 -833.02
-834.76 -833.02
-845.52 -833.02
-809.21 -809.21
-789.36 -789.36
-798.11 -789.36
-806.31 -789.36
-786.05 -786.05
-822.45 -786.05
-786.51 -786.05
-798.90 -786.05
-809.25 -786.05
-785.64 -785.64
-761.51 -761.51
-766.75 -761.51
-751.95 -751.95
-763.69 -751.95
-784.56 -751.95
-772.58 -751.95
-758.23 -751.95
-751.83 -751.83
-778.39 -751.83
-785.58 -751.83
-765.82 -751.83
-738.27 -738.27
-739.67 -738.27
-733.76 -733.76
-724.36 -724.36
-715.35 -715.35
-713.51 -713.51
-710.23 -710.23
-696.28 -696.28
-722.36 -696.28
-680.42 -680.42
-705.55 -680.42
-680.94 -680.94
-679.32 -679.32
-690.06 -679.32
-666.63 -666.63
-636.84 -636.84
-613.09 -613.09
-602.94 -602.94
-532.10 -532.10
-522.96 -522.96
-509.10 -509.10
-506.08 -506.08
-487.89 -487.89
-484.97 -484.97
-475.56 -475.56
-487.75 -475.56
-476.96 -475.56
-482.48 -475.56
-493.81 -475.56
-499.42 -475.56
-490.87 -475.56
-474.77 -474.77
-473.43 -473.43
-486.86 -473.43
-474.72 -473.43
-474.75 -473.43
-475.21 -475.21
-478.47 -475.21
-475.76 -475.76
-478.48 -475.76
-487.00 -475.76
-478.44 -475.76
-474.87 -474.87
-475.50 -474.87
-485.99 -474.87
-474.77 -474.77
-475.11 -474.77
-475.26 -475.26
-483.38 -475.26
-477.02 -475.26
-474.76 -474.76
-491.08 -474.76
-493.64 -474.76
-477.01 -477.01
-475.39 -475.39
-487.72 -475.39
-479.43 -475.39
-475.43 -475.43
-488.87 -475.43
-486.08 -475.43
-474.75 -474.75
-485.92 -474.75
-478.59 -474.75
-510.06 -474.75
-477.44 -477.44
-474.74 -474.74
-475.04 -475.04
-476.58 -475.04
-487.05 -475.04
-509.45 -475.04
-483.48 -475.04
-486.97 -475.04
-475.48 -475.48
-481.19 -475.48
-474.74 -474.74
-493.60 -474.74
-490.62 -474.74
-474.98 -474.98
-474.94 -474.94
-475.12 -475.12
-484.85 -475.12
-486.61 -475.12
-488.15 -475.12
-476.23 -475.12
-485.36 -475.12
-475.04 -475.04
-475.52 -475.04
-489.62 -475.04
-475.33 -475.33
-487.12 -475.33
-489.28 -475.33
-475.31 -475.31
-475.45 -475.45
-486.05 -475.45
-483.52 -475.45
-483.01 -475.45
-476.78 -475.45
-487.42 -475.45
-494.31 -475.45
-475.63 -475.63
-486.95 -475.63
-486.31 -475.63
-491.65 -475.63
-487.01 -475.63
-488.09 -475.63
-499.23 -475.63
-476.42 -475.63
-478.39 -475.63
-493.56 -475.63
-489.25 -475.63
-475.28 -475.28
-474.85 -474.85
-491.35 -474.85
-474.72 -474.72
-474.98 -474.98
-487.21 -474.98
-476.37 -474.98
-487.55 -474.98
-486.40 -474.98
-488.05 -474.98
-474.76 -474.76
-475.83 -474.76
-475.06 -474.76
-482.28 -474.76
-478.58 -474.76
-486.43 -474.76
-488.49 -474.76
-487.84 -474.76
-478.39 -474.76
-474.83 -474.83
-475.56 -475.56
-475.14 -475.14
-483.20 -475.14
-483.52 -475.14
-490.74 -475.14
-475.29 -475.29
-486.96 -475.29
-483.49 -475.29
-475.41 -475.41
-475.24 -475.24
-474.58 -474.58
-475.42 -475.42
-474.91 -474.91
-475.21 -474.91
-490.33 -474.91
-474.77 -474.77
-475.18 -475.18
-475.01 -475.01
-474.74 -474.74
-476.90 -476.90
-484.80 -476.90
-489.40 -476.90
-476.36 -476.36
-482.96 -476.36
-478.35 -476.36
-486.98 -476.36
-475.71 -475.71
-475.41 -475.41
-487.13 -475.41
-480.14 -475.41
-474.60 -474.60
-486.33 -474.60
-485.29 -474.60
-474.54 -474.54
-481.10 -474.54
-475.15 -474.54
-493.04 -474.54
-474.93 -474.54
-511.57 -474.54
-488.21 -474.54
-488.30 -474.54
-474.87 -474.87
-474.89 -474.89
-493.08 -474.89
-486.45 -474.89
-509.45 -474.89
-493.59 -474.89
-477.51 -474.89
-477.02 -474.89
-480.11 -474.89
-474.72 -474.72
-474.77 -474.77
-474.88 -474.88
-485.36 -474.88
-491.59 -474.88
-490.12 -474.88
-486.91 -474.88
-475.43 -475.43
-488.01 -475.43
-486.31 -475.43
-509.97 -475.43
-489.22 -475.43
-476.60 -476.60
-483.69 -476.60
-475.45 -475.45
-488.39 -475.45
-483.39 -475.45
-474.97 -474.97
-488.20 -474.97
-475.42 -475.42
-485.48 -475.42
-474.93 -474.93
-487.27 -474.93
-482.36 -474.93
-485.32 -474.93
-478.26 -474.93
-484.12 -474.93
-489.09 -474.93
-487.31 -474.93
-488.91 -474.93
-475.41 -474.93
-488.00 -474.93
-475.32 -475.32
-486.15 -475.32
-492.91 -475.32
-486.19 -475.32
-482.29 -475.32
-487.21 -475.32
-487.16 -475.32
-486.63 -475.32
-473.42 -473.42
-474.86 -473.42
-483.40 -473.42
-482.41 -473.42
-474.72 -474.72
-488.88 -474.72
-475.34 -475.34
-485.36 -475.34
-474.76 -474.76
-474.74 -474.74
-475.02 -475.02
-486.72 -475.02
-477.10 -475.02
-488.17 -475.02
-484.97 -475.02
-474.91 -474.91
-475.14 -475.14
-474.76 -474.76
-485.21 -474.76
-483.65 -474.76
-493.45 -474.76
-474.91 -474.91
-485.27 -474.91
-474.61 -474.61
-475.23 -475.23
-487.25 -475.23
-478.53 -475.23
-486.31 -475.23
-485.38 -475.23
-474.68 -474.68
-482.62 -474.68
-487.51 -474.68
-476.17 -474.68
-474.77 -474.77
-490.42 -474.77
-474.95 -474.95
-474.86 -474.86
-495.53 -474.86
-476.11 -476.11
-474.87 -474.87
-485.47 -474.87
-488.64 -474.87
-476.23 -474.87
-488.81 -474.87
-475.05 -474.87
-488.13 -474.87
-475.20 -474.87
-474.95 -474.95
-484.97 -474.95
-507.08 -474.95
-493.88 -474.95
-476.51 -474.95
-485.36 -474.95
-489.83 -474.95
-474.76 -474.76
-486.73 -474.76
-485.16 -474.76
-488.61 -474.76
-483.25 -474.76
-488.68 -474.76
-475.41 -475.41
-474.80 -474.80
-487.38 -474.80
-482.19 -474.80
-482.92 -474.80
-485.45 -474.80
-475.02 -475.02
-493.45 -475.02
-473.43 -473.43
-475.27 -473.43
-482.91 -473.43
-475.12 -473.43
-487.89 -473.43
-484.60 -473.43
-476.46 -476.46
-474.74 -474.74
-473.42 -473.42
-476.06 -473.42
-482.48 -473.42
-493.56 -473.42
-475.51 -473.42
-488.04 -473.42
-478.36 -473.42
-485.31 -473.42
-481.95 -473.42
-475.42 -473.42
-474.58 -473.42
-488.16 -473.42
-475.02 -475.02
-476.12 -475.02
-491.37 -475.02
-482.60 -475.02
-473.44 -473.44
-482.84 -473.44
-475.43 -475.43
-488.10 -475.43
-475.15 -475.15
-477.07 -475.15
-474.91 -474.91
-488.18 -474.91
-475.20 -475.20
-486.70 -475.20
-476.14 -475.20
-488.13 -475.20
-486.66 -475.20
-487.37 -475.20
-487.03 -475.20
-485.49 -475.20
-475.31 -475.31
-485.09 -475.31
-493.48 -475.31
-475.17 -475.17
-482.06 -475.17
-475.14 -475.14
-491.61 -475.14
-474.89 -474.89
-497.66 -474.89
-474.96 -474.96
-475.10 -475.10
-475.03 -475.03
-482.29 -475.03
-487.04 -475.03
-476.06 -475.03
-483.51 -475.03
-486.53 -475.03
-481.29 -475.03
-489.69 -475.03
-488.89 -475.03
-488.78 -475.03
-486.96 -475.03
-486.37 -475.03
-482.16 -475.03
-475.36 -475.36
-493.46 -475.36
-489.56 -475.36
-485.23 -475.36
-475.09 -475.09
-485.37 -475.09
-477.03 -475.09
-475.39 -475.39
-474.75 -474.75
-485.49 -474.75
-485.31 -474.75
-485.69 -474.75
-485.45 -474.75
-482.51 -474.75
-474.91 -474.91
-485.14 -474.91
-475.27 -474.91
-487.84 -474.91
-485.37 -474.91
-479.11 -474.91
-486.83 -474.91
-488.16 -474.91
-868.40 -868.40
-861.70 -861.70
-855.57 -855.57
-867.43 -855.57
-845.63 -845.63
-861.81 -845.63
-861.04 -845.63
-850.80 -845.63
-848.64 -845.63
-829.96 -829.96
-819.98 -819.98
-786.91 -786.91
-789.74 -786.91
-821.36 -786.91
-780.86 -780.86
-761.26 -761.26
-774.53 -761.26
-733.78 -733.78
-736.31 -733.78
-736.07 -733.78
-723.49 -723.49
-683.53 -683.53
-724.61 -683.53
-700.62 -683.53
-667.03 -667.03
-680.31 -667.03
-624.12 -624.12
-634.87 -624.12
-617.55 -617.55
-633.16 -617.55
-606.70 -606.70
-635.86 -606.70
-637.99 -606.70
-577.68 -577.68
-557.78 -557.78
-538.28 -538.28
-532.92 -532.92
-510.13 -510.13
-539.26 -510.13
-497.91 -497.91
-498.23 -498.23
-489.50 -489.50
-487.82 -487.82
-487.92 -487.92
-474.69 -474.69
-482.37 -474.69
-482.27 -474.69
-475.41 -475.41
-475.02 -475.02
-493.23 -475.02
-493.98 -475.02
-491.32 -475.02
-489.27 -475.02
-474.75 -474.75
-474.80 -474.80
-487.45 -474.80
-486.68 -474.80
-476.48 -474.80
-485.25 -474.80
-475.53 -475.53
-474.76 -474.76
-476.27 -476.27
-509.30 -476.27
-487.71 -476.27
-482.96 -476.27
-475.39 -475.39
-475.12 -475.12
-485.51 -475.12
-486.14 -475.12
-492.87 -475.12
-476.61 -475.12
-474.66 -474.66
-475.00 -474.66
-475.45 -475.45
-487.78 -475.45
-486.73 -475.45
-476.29 -475.45
-474.89 -474.89
-483.75 -474.89
-493.62 -474.89
-484.75 -474.89
-475.30 -475.30
-474.99 -474.99
-475.00 -475.00
-474.73 -474.73
-507.09 -474.73
-482.61 -474.73
-489.23 -474.73
-487.14 -474.73
-475.42 -475.42
-486.21 -475.42
-485.96 -475.42
-493.62 -475.42
-482.41 -475.42
-475.07 -475.07
-490.45 -475.07
-475.43 -475.43
-474.99 -474.99
-483.40 -474.99
-483.50 -474.99
-492.87 -474.99
-484.67 -474.99
-475.06 -474.99
-475.44 -474.99
-487.05 -474.99
-474.77 -474.77
-474.62 -474.62
-486.74 -474.62
-475.29 -475.29
-491.34 -475.29
-478.54 -475.29
-486.82 -475.29
-475.48 -475.48
-486.88 -475.48
-490.41 -475.48
-476.42 -475.48
-474.52 -474.52
-475.54 -475.54
-490.43 -475.54
-489.18 -475.54
-489.52 -475.54
-487.25 -475.54
-486.65 -475.54
-502.25 -475.54
-482.44 -475.54
-481.18 -475.54
-476.42 -475.54
-495.51 -475.54
-478.44 -475.54
-485.75 -475.54
-514.58 -475.54
-489.46 -475.54
-474.72 -474.72
-485.17 -474.72
-482.72 -474.72
-474.83 -474.83
-486.87 -474.83
-482.40 -474.83
-483.45 -474.83
-488.86 -474.83
-479.12 -474.83
-488.08 -474.83
-475.01 -475.01
-488.23 -475.01
-475.76 -475.01
-490.21 -475.01
-477.11 -475.01
-474.77 -474.77
-480.86 -474.77
-486.87 -474.77
-485.52 -474.77
-485.31 -474.77
-476.59 -474.77
-491.02 -474.77
-507.08 -474.77
-475.17 -474.77
-475.21 -475.21
-475.14 -475.14
-474.83 -474.83
-474.86 -474.86
-475.43 -474.86
-480.11 -474.86
-488.67 -474.86
-476.48 -474.86
-474.76 -474.76
-475.06 -474.76
-489.19 -474.76
-482.84 -474.76
-474.76 -474.76
-504.53 -474.76
-482.86 -474.76
-485.39 -474.76
-474.69 -474.69
-488.80 -474.69
-485.32 -474.69
-486.70 -474.69
-482.44 -474.69
-488.16 -474.69
-474.64 -474.64
-487.53 -474.64
-475.24 -475.24
-479.08 -475.24
-479.07 -475.24
-476.24 -475.24
-474.74 -474.74
-475.14 -475.14
-483.46 -475.14
-480.16 -475.14
-497.59 -475.14
-474.73 -474.73
-474.78 -474.78
-487.27 -474.78
-488.06 -474.78
-489.01 -474.78
-475.27 -475.27
-475.51 -475.27
-491.38 -475.27
-475.06 -475.06
-474.59 -474.59
-476.29 -474.59
-475.19 -475.19
-482.45 -475.19
-487.08 -475.19
-485.22 -475.19
-485.30 -475.19
-485.53 -475.19
-474.75 -474.75
-473.44 -473.44
-489.03 -473.44
-488.01 -473.44
-474.55 -474.55
-486.60 -474.55
-485.42 -474.55
-485.24 -474.55
-482.73 -474.55
-485.45 -474.55
-488.88 -474.55
-489.52 -474.55
-483.35 -474.55
-494.28 -474.55
-482.85 -474.55
-487.34 -474.55
-491.83 -474.55
-489.28 -474.55
-474.73 -474.73
-475.39 -474.73
-484.83 -474.73
-490.17 -474.73
-488.70 -474.73
-475.46 -474.73
-486.51 -474.73
-474.93 -474.93
-476.08 -474.93
-474.75 -474.75
-487.48 -474.75
-474.72 -474.72
-475.69 -475.69
-475.65 -475.65
-487.05 -475.65
-483.49 -475.65
-504.19 -475.65
-490.18 -475.65
-475.22 -475.22
-483.10 -475.22
-474.78 -474.78
-475.10 -474.78
-489.15 -474.78
-485.32 -474.78
-483.40 -474.78
-476.44 -474.78
-474.75 -474.75
-481.52 -474.75
-477.44 -474.75
-489.98 -474.75
-478.26 -474.75
-473.45 -473.45
-489.27 -473.45
-507.08 -473.45
-487.25 -473.45
-475.31 -473.45
-478.24 -473.45
-473.44 -473.44
-474.57 -473.44
-475.43 -473.44
-476.60 -476.60
-473.42 -473.42
-488.89 -473.42
-482.28 -473.42
-475.64 -473.42
-474.74 -473.42
-474.86 -473.42
-475.34 -473.42
-485.40 -473.42
-482.46 -473.42
-475.80 -473.42
-489.82 -473.42
-475.34 -473.42
-474.77 -473.42
-475.41 -473.42
-487.00 -473.42
-488.08 -473.42
-475.75 -475.75
-483.46 -475.75
-492.25 -475.75
-485.41 -475.75
-474.96 -474.96
-483.10 -474.96
-482.47 -474.96
-474.87 -474.87
-488.82 -474.87
-488.47 -474.87
-475.52 -475.52
-489.20 -475.52
-485.65 -475.52
-475.43 -475.43
-483.36 -475.43
-478.47 -475.43
-475.04 -475.04
-482.56 -475.04
-485.50 -475.04
-485.34 -475.04
-475.27 -475.04
-475.06 -475.06
-484.28 -475.06
-491.10 -475.06
-490.43 -475.06
-485.40 -475.06
-474.77 -474.77
-490.75 -474.77
-492.64 -474.77
-487.85 -474.77
-476.08 -474.77
-475.26 -475.26
-486.33 -475.26
-474.76 -474.76
-482.28 -474.76
-491.18 -474.76
-488.92 -474.76
-475.32 -475.32
-473.45 -473.45
-487.47 -473.45
-489.55 -473.45
-490.70 -473.45
-475.43 -475.43
-474.73 -474.73
-475.53 -475.53
-474.95 -474.95
-475.82 -475.82
-475.51 -475.51
-485.45 -475.51
-479.09 -475.51
-486.66 -475.51
-478.26 -475.51
-474.88 -474.88
-485.91 -474.88
-476.19 -476.19
-474.74 -474.74
-474.96 -474.74
-474.75 -474.75
-475.50 -474.75
-475.02 -475.02
-476.27 -475.02
-488.17 -475.02
-475.21 -475.21
-482.41 -475.21
-474.97 -474.97
-473.46 -473.46
-488.50 -473.46
-474.72 -473.46
-485.35 -473.46
-487.48 -473.46
-486.63 -473.46
-482.82 -473.46
-475.82 -473.46
-482.50 -473.46
-486.94 -473.46
-475.43 -475.43
-488.39 -475.43
-475.16 -475.16
-487.22 -475.16
-501.56 -475.16
-491.67 -475.16
-485.49 -475.16
-474.68 -474.68
-490.27 -474.68
-482.50 -474.68
-475.14 -475.14
-511.56 -475.14
-490.59 -475.14
-481.39 -475.14
-490.18 -475.14
-485.47 -475.14
-475.43 -475.43
-474.97 -474.97
-488.60 -474.97
-476.26 -474.97
-476.25 -474.97
-487.94 -474.97
-476.47 -474.97
-478.53 -474.97
-475.17 -475.17
-474.58 -474.58
-484.82 -474.58
-475.00 -475.00
-476.25 -475.00
-482.48 -475.00
-486.97 -475.00
-485.96 -475.00
-486.69 -475.00
-478.50 -475.00
-487.14 -475.00
-481.18 -475.00
-507.10 -475.00
-480.86 -475.00
-477.05 -475.00
-484.73 -475.00
-475.45 -475.00
-485.35 -475.00
-490.21 -475.00
-474.73 -474.73
-484.77 -474.73
-484.72 -474.73
-475.09 -475.09
-475.50 -475.50
-475.23 -475.23
-476.08 -476.08
-481.37 -476.08
-477.50 -476.08
-487.55 -476.08
-499.38 -476.08
-494.56 -476.08
-475.26 -475.26
-488.80 -475.26
-485.54 -475.26
-481.17 -475.26
-476.58 -475.26
-906.76 -906.76
-916.16 -906.76
-884.33 -884.33
-873.66 -873.66
-868.78 -868.78
-854.30 -854.30
-846.14 -846.14
-834.13 -834.13
-833.09 -833.09
-827.53 -827.53
-789.95 -789.95
-819.30 -789.95
-794.13 -789.95
-785.04 -785.04
-761.33 -761.33
-759.18 -759.18
-734.45 -734.45
-735.95 -734.45
-736.17 -734.45
-726.53 -726.53
-723.91 -723.91
-722.87 -722.87
-713.44 -713.44
-737.79 -713.44
-735.93 -713.44
-679.10 -679.10
-678.18 -678.18
-709.47 -678.18
-678.46 -678.46
-708.31 -678.46
-683.56 -678.46
-616.71 -616.71
-629.23 -616.71
-622.95 -616.71
-616.26 -616.26
-612.83 -612.83
-631.69 -612.83
-618.16 -612.83
-576.85 -576.85
-575.94 -575.94
-558.11 -558.11
-569.13 -558.11
-596.65 -558.11
-578.61 -558.11
-569.04 -558.11
-572.50 -558.11
-557.11 -557.11
-545.64 -545.64
-540.69 -540.69
-561.99 -540.69
-511.80 -511.80
-512.20 -512.20
-498.49 -498.49
-505.57 -498.49
-484.85 -484.85
-484.66 -484.66
-489.35 -484.66
-475.12 -475.12
-475.37 -475.37
-488.17 -475.37
-474.74 -474.74
-490.08 -474.74
-475.35 -474.74
-474.75 -474.75
-479.08 -474.75
-484.76 -474.75
-474.92 -474.75
-487.92 -474.75
-475.42 -475.42
-474.73 -474.73
-474.75 -474.75
-487.43 -474.75
-491.23 -474.75
-482.47 -474.75
-475.82 -475.82
-475.02 -475.02
-477.06 -475.02
-475.03 -475.03
-487.44 -475.03
-489.82 -475.03
-485.49 -475.03
-474.83 -474.83
-476.29 -474.83
-481.95 -474.83
-505.10 -474.83
-486.05 -474.83
-487.71 -474.83
-475.01 -475.01
-475.23 -475.23
-494.99 -475.23
-474.76 -474.76
-475.03 -475.03
-474.66 -474.66
-486.86 -474.66
-490.53 -474.66
-474.79 -474.79
-482.94 -474.79
-490.67 -474.79
-474.73 -474.73
-474.77 -474.77
-485.28 -474.77
-476.23 -474.77
-487.79 -474.77
-499.33 -474.77
-475.80 -474.77
-475.52 -475.52
-474.66 -474.66
-484.96 -474.66
-494.36 -474.66
-475.41 -475.41
-483.52 -475.41
-477.13 -475.41
-478.69 -475.41
-475.46 -475.46
-473.44 -473.44
-479.10 -473.44
-507.08 -473.44
-487.05 -473.44
-474.67 -473.44
-488.64 -473.44
-475.35 -473.44
-485.49 -473.44
-475.79 -473.44
-475.36 -473.44
-490.41 -473.44
-484.97 -473.44
-482.46 -473.44
-487.14 -473.44
-483.80 -473.44
-483.40 -473.44
-474.76 -474.76
-474.83 -474.83
-474.86 -474.86
-486.23 -474.86
-474.93 -474.93
-474.79 -474.79
-493.17 -474.79
-488.20 -474.79
-476.18 -474.79
-474.75 -474.75
-489.38 -474.75
-487.70 -474.75
-473.43 -473.43
-475.00 -475.00
-477.48 -475.00
-489.26 -475.00
-474.98 -474.98
-511.60 -474.98
-474.76 -474.76
-492.68 -474.76
-479.38 -474.76
-478.70 -474.76
-485.09 -474.76
-478.40 -474.76
-473.44 -473.44
-487.03 -473.44
-482.48 -473.44
-486.19 -473.44
-484.56 -473.44
-485.27 -473.44
-474.89 -473.44
-474.76 -473.44
-474.73 -473.44
-475.63 -475.63
-488.57 -475.63
-475.11 -475.11
-477.49 -475.11
-490.17 -475.11
-492.63 -475.11
-482.89 -475.11
-474.75 -474.75
-475.27 -474.75
-475.42 -475.42
-475.81 -475.81
-476.07 -476.07
-477.05 -476.07
-475.24 -475.24
-485.37 -475.24
-480.87 -475.24
-474.91 -474.91
-488.18 -474.91
-485.07 -474.91
-475.30 -474.91
-475.18 -475.18
-488.47 -475.18
-486.62 -475.18
-487.38 -475.18
-486.70 -475.18
-474.78 -474.78
-507.07 -474.78
-475.39 -475.39
-474.83 -474.83
-474.66 -474.66
-478.03 -474.66
-482.67 -474.66
-487.75 -474.66
-491.08 -474.66
-487.11 -474.66
-493.65 -474.66
-487.45 -474.66
-474.76 -474.76
-487.15 -474.76
-485.49 -474.76
-486.35 -474.76
-488.95 -474.76
-487.19 -474.76
-475.02 -475.02
-484.39 -475.02
-474.76 -474.76
-485.67 -474.76
-478.62 -474.76
-485.09 -474.76
-474.75 -474.75
-482.18 -474.75
-509.44 -474.75
-497.83 -474.75
-491.74 -474.75
-500.33 -474.75
-474.57 -474.57
-494.16 -474.57
-474.75 -474.75
-485.50 -474.75
-476.74 -474.75
-474.59 -474.59
-485.94 -474.59
-508.91 -474.59
-482.85 -474.59
-485.28 -474.59
-507.07 -474.59
-476.34 -474.59
-487.49 -474.59
-485.43 -474.59
-483.23 -474.59
-493.85 -474.59
-501.60 -474.59
-495.77 -474.59
-487.71 -474.59
-493.26 -474.59
-487.86 -474.59
-485.43 -474.59
-474.91 -474.91
-476.24 -476.24
-485.29 -476.24
-478.41 -476.24
-475.80 -475.80
-475.66 -475.66
-476.42 -475.66
-487.43 -475.66
-488.13 -475.66
-482.89 -475.66
-473.45 -473.45
-489.23 -473.45
-478.46 -473.45
-473.44 -473.44
-474.73 -473.44
-488.06 -473.44
-487.24 -473.44
-488.04 -473.44
-482.47 -473.44
-486.14 -473.44
-474.91 -474.91
-487.87 -474.91
-475.02 -474.91
-480.87 -474.91
-476.45 -474.91
-477.14 -474.91
-488.20 -474.91
-487.78 -474.91
-477.51 -474.91
-487.42 -474.91
-482.48 -474.91
-489.81 -474.91
-493.45 -474.91
-488.13 -474.91
-474.54 -474.54
-482.41 -474.54
-474.94 -474.94
-474.73 -474.73
-493.08 -474.73
-480.85 -474.73
-489.44 -474.73
-474.77 -474.77
-487.51 -474.77
-488.93 -474.77
-500.75 -474.77
-474.76 -474.76
-476.95 -474.76
-480.13 -474.76
-474.72 -474.72
-491.88 -474.72
-485.49 -474.72
-503.19 -474.72
-495.56 -474.72
-500.01 -474.72
-475.62 -474.72
-476.56 -474.72
-486.83 -474.72
-476.77 -476.77
-476.18 -476.18
-475.36 -475.36
-474.60 -474.60
-474.72 -474.72
-488.83 -474.72
-485.07 -474.72
-488.88 -474.72
-475.13 -475.13
-485.92 -475.13
-504.00 -475.13
-474.51 -474.51
-482.50 -474.51
-493.88 -474.51
-484.94 -474.51
-488.07 -474.51
-480.79 -474.51
-485.60 -474.51
-482.96 -474.51
-486.96 -474.51
-475.00 -474.51
-474.54 -474.54
-475.11 -475.11
-491.06 -475.11
-485.67 -475.11
-482.41 -475.11
-482.51 -475.11
-485.42 -475.11
-473.43 -473.43
-486.34 -473.43
-474.72 -473.43
-485.97 -473.43
-491.23 -473.43
-491.46 -473.43
-477.45 -473.43
-491.94 -473.43
-482.48 -473.43
-486.59 -473.43
-474.86 -473.43
-482.43 -473.43
-482.84 -473.43
-493.63 -473.43
-488.72 -473.43
-475.16 -473.43
-475.43 -473.43
-495.99 -473.43
-486.00 -473.43
-485.38 -473.43
-486.14 -473.43
-482.38 -473.43
-486.51 -473.43
-475.80 -473.43
-493.24 -473.43
-474.74 -473.43
-476.06 -473.43
-474.76 -473.43
-474.98 -474.98
-488.06 -474.98
-485.60 -474.98
-487.40 -474.98
-474.67 -474.67
-476.34 -474.67
-474.91 -474.91
-486.03 -474.91
-488.01 -474.91
-509.46 -474.91
-486.36 -474.91
-485.42 -474.91
-474.65 -474.65
-489.22 -474.65
-485.59 -474.65
-488.55 -474.65
-475.62 -474.65
-507.08 -474.65
-475.58 -474.65
-474.58 -474.58
-483.53 -474.58
-488.30 -474.58
-486.22 -474.58
-476.83 -474.58
-486.86 -474.58
-475.43 -474.58
-487.99 -474.58
-498.48 -474.58
-474.53 -474.53
-475.25 -474.53
-484.83 -474.53
-475.23 -474.53
-485.94 -474.53
-487.21 -474.53
-488.80 -474.53
-487.52 -474.53
-474.91 -474.91
-475.33 -474.91
-487.55 -474.91
-489.02 -474.91
-491.03 -474.91
-481.51 -474.91
-475.40 -475.40
-475.02 -475.02
-474.97 -474.97
-475.72 -474.97
-474.94 -474.94
-476.24 -476.24
-485.53 -476.24
-491.08 -476.24
-489.27 -476.24
-476.51 -476.51
-476.21 -476.21
-474.93 -474.93
-475.76 -474.93
-475.38 -475.38
-486.37 -475.38
-485.31 -475.38
-475.06 -475.06
-474.75 -474.75
-485.30 -474.75
-485.46 -474.75
-485.88 -474.75
-880.41 -880.41
-877.90 -877.90
-862.34 -862.34
-845.06 -845.06
-832.90 -832.90
-809.16 -809.16
-830.30 -809.16
-785.82 -785.82
-776.05 -776.05
-808.53 -776.05
-805.01 -776.05
-768.60 -768.60
-760.17 -760.17
-788.75 -760.17
-753.22 -753.22
-739.90 -739.90
-736.25 -736.25
-735.22 -735.22
-698.02 -698.02
-727.05 -698.02
-655.28 -655.28
-643.38 -643.38
-622.61 -622.61
-612.82 -612.82
-628.73 -612.82
-640.74 -612.82
-628.09 -612.82
-612.78 -612.78
-562.60 -562.60
-606.76 -562.60
-570.98 -562.60
-575.59 -562.60
-537.37 -537.37
-537.84 -537.37
-545.38 -537.37
-501.11 -501.11
-500.34 -500.34
-484.38 -484.38
-495.70 -484.38
-475.07 -475.07
-478.55 -475.07
-486.18 -475.07
-474.98 -474.98
-487.05 -474.98
-491.29 -474.98
-488.27 -474.98
-475.31 -475.31
-475.31 -475.31
-487.88 -475.31
-474.76 -474.76
-488.18 -474.76
-486.29 -474.76
-492.25 -474.76
-485.40 -474.76
-475.00 -475.00
-475.75 -475.75
-486.64 -475.75
-475.52 -475.52
-475.43 -475.43
-489.14 -475.43
-489.29 -475.43
-490.41 -475.43
-484.72 -475.43
-474.64 -474.64
-487.37 -474.64
-475.12 -475.12
-473.42 -473.42
-474.69 -473.42
-475.01 -473.42
-487.80 -473.42
-475.42 -473.42
-474.92 -474.92
-474.79 -474.79
-489.00 -474.79
-478.55 -474.79
-475.74 -474.79
-474.86 -474.79
-475.78 -474.79
-476.56 -476.56
-475.17 -475.17
-482.95 -475.17
-476.66 -476.66
-478.47 -476.66
-485.42 -476.66
-488.17 -476.66
-475.09 -475.09
-474.97 -474.97
-492.27 -474.97
-476.13 -474.97
-474.99 -474.99
-487.22 -474.99
-488.23 -474.99
-491.02 -474.99
-490.85 -474.99
-474.95 -474.95
-484.75 -474.95
-514.96 -474.95
-475.12 -475.12
-475.41 -475.41
-480.11 -475.41
-494.37 -475.41
-491.34 -475.41
-488.18 -475.41
-474.97 -474.97
-484.97 -474.97
-485.23 -474.97
-475.02 -475.02
-514.71 -475.02
-474.96 -474.96
-491.58 -474.96
-484.63 -474.96
-487.75 -474.96
-488.08 -474.96
-485.34 -474.96
-488.03 -474.96
-489.09 -474.96
-493.66 -474.96
-474.87 -474.87
-475.21 -475.21
-484.73 -475.21
-479.07 -475.21
-487.98 -475.21
-488.14 -475.21
-488.45 -475.21
-475.41 -475.41
-485.48 -475.41
-478.54 -475.41
-475.44 -475.44
-482.41 -475.44
-491.23 -475.44
-475.43 -475.43
-484.66 -475.43
-487.70 -475.43
-475.37 -475.37
-502.99 -475.37
-478.35 -475.37
-474.72 -474.72
-476.49 -474.72
-483.05 -474.72
-482.17 -474.72
-475.16 -475.16
-475.39 -475.39
-489.11 -475.39
-475.08 -475.08
-487.90 -475.08
-475.87 -475.08
-475.03 -475.03
-488.08 -475.03
-475.74 -475.03
-484.97 -475.03
-475.43 -475.43
-480.12 -475.43
-508.00 -475.43
-491.25 -475.43
-487.70 -475.43
-475.42 -475.42
-487.17 -475.42
-482.30 -475.42
-488.04 -475.42
-493.56 -475.42
-473.45 -473.45
-488.20 -473.45
-481.99 -473.45
-491.23 -473.45
-475.43 -473.45
-475.42 -473.45
-474.83 -473.45
-491.05 -473.45
-473.44 -473.44
-488.30 -473.44
-488.82 -473.44
-475.04 -475.04
-474.75 -474.75
-475.26 -475.26
-482.46 -475.26
-475.65 -475.65
-474.92 -474.92
-477.02 -474.92
-493.71 -474.92
-482.40 -474.92
-473.43 -473.43
-486.13 -473.43
-475.41 -473.43
-482.99 -473.43
-474.88 -474.88
-476.27 -474.88
-489.25 -474.88
-474.91 -474.88
-475.23 -475.23
-480.15 -475.23
-481.18 -475.23
-489.23 -475.23
-485.80 -475.23
-486.18 -475.23
-482.86 -475.23
-485.01 -475.23
-482.52 -475.23
-477.08 -475.23
-475.21 -475.21
-485.75 -475.21
-476.58 -475.21
-473.44 -473.44
-474.60 -474.60
-493.58 -474.60
-488.44 -474.60
-475.28 -475.28
-488.09 -475.28
-487.41 -475.28
-488.68 -475.28
-488.23 -475.28
-492.91 -475.28
-473.44 -473.44
-487.64 -473.44
-487.49 -473.44
-485.45 -473.44
-485.08 -473.44
-488.50 -473.44
-475.13 -473.44
-507.08 -473.44
-476.98 -473.44
-474.74 -473.44
-485.54 -473.44
-474.93 -473.44
-475.85 -473.44
-497.21 -473.44
-475.43 -473.44
-504.18 -473.44
-487.40 -473.44
-486.31 -473.44
-487.86 -473.44
-486.66 -473.44
-488.55 -473.44
-483.49 -473.44
-475.38 -473.44
-475.39 -473.44
-473.43 -473.43
-488.08 -473.43
-476.43 -473.43
-474.74 -474.74
-500.48 -474.74
-475.01 -474.74
-488.01 -474.74
-474.90 -474.90
-485.59 -474.90
-474.73 -474.73
-486.77 -474.73
-489.18 -474.73
-485.49 -474.73
-488.40 -474.73
-488.01 -474.73
-473.42 -473.42
-491.54 -473.42
-473.42 -473.42
-507.09 -473.42
-502.89 -473.42
-487.76 -473.42
-485.32 -473.42
-488.63 -473.42
-474.89 -473.42
-477.46 -473.42
-475.01 -473.42
-487.23 -473.42
-475.19 -473.42
-488.07 -473.42
-477.43 -473.42
-495.32 -473.42
-474.74 -474.74
-476.25 -476.25
-485.38 -476.25
-475.26 -475.26
-507.08 -475.26
-485.91 -475.26
-474.58 -474.58
-487.76 -474.58
-476.20 -474.58
-476.18 -474.58
-488.51 -474.58
-476.67 -474.58
-476.13 -474.58
-474.73 -474.58
-484.93 -474.58
-476.53 -474.58
-488.77 -474.58
-507.09 -474.58
-474.96 -474.96
-493.58 -474.96
-481.19 -474.96
-482.68 -474.96
-485.38 -474.96
-487.87 -474.96
-482.41 -474.96
-487.14 -474.96
-480.77 -474.96
-488.71 -474.96
-488.46 -474.96
-476.53 -474.96
-487.37 -474.96
-491.17 -474.96
-509.44 -474.96
-474.95 -474.95
-474.75 -474.75
-488.61 -474.75
-494.33 -474.75
-485.47 -474.75
-475.39 -474.75
-487.72 -474.75
-475.75 -475.75
-486.76 -475.75
-477.11 -475.75
-475.61 -475.61
-483.75 -475.61
-475.22 -475.22
-476.24 -475.22
-475.10 -475.10
-475.01 -475.01
-475.01 -475.01
-482.00 -475.01
-488.80 -475.01
-474.77 -474.77
-491.18 -474.77
-475.63 -474.77
-486.37 -474.77
-474.85 -474.85
-481.17 -474.85
-475.01 -475.01
-491.28 -475.01
-488.54 -475.01
-487.56 -475.01
-474.76 -474.76
-487.20 -474.76
-485.96 -474.76
-474.72 -474.72
-485.85 -474.72
-475.23 -475.23
-485.16 -475.23
-490.16 -475.23
-475.64 -475.64
-484.70 -475.64
-474.74 -474.74
-489.91 -474.74
-486.89 -474.74
-487.60 -474.74
-475.27 -475.27
-475.14 -475.14
-488.29 -475.14
-479.77 -475.14
-475.38 -475.38
-475.28 -475.28
-487.14 -475.28
-484.75 -475.28
-481.16 -475.28
-487.03 -475.28
-489.36 -475.28
-478.43 -475.28
-485.93 -475.28
-493.90 -475.28
-478.03 -475.28
-475.21 -475.21
-474.61 -474.61
-475.39 -474.61
-494.33 -474.61
-475.57 -475.57
-487.93 -475.57
-481.32 -475.57
-486.32 -475.57
-475.25 -475.25
-484.79 -475.25
-476.25 -476.25
-487.51 -476.25
-478.03 -476.25
-474.74 -474.74
-474.73 -474.73
-495.03 -474.73
-474.73 -474.73
-474.72 -474.72
-485.15 -474.72
-484.52 -474.72
-476.28 -474.72
-478.65 -474.72
-475.64 -474.72
-474.77 -474.77
-474.92 -474.92
-475.32 -475.32
-476.08 -475.32
-475.19 -475.19
-476.13 -476.13
-475.56 -475.56
-476.66 -476.66
-475.71 -475.71
-514.75 -475.71
-487.26 -475.71
-487.24 -475.71
-488.08 -475.71
-491.65 -475.71
-475.62 -475.62
-485.98 -475.62
-495.48 -475.62
-514.31 -475.62
-489.81 -475.62
-486.83 -475.62
-475.70 -475.70
-475.43 -475.43
-475.62 -475.62
-482.47 -475.62
-490.21 -475.62
-473.44 -473.44
-484.97 -473.44
-474.69 -473.44
-474.73 -473.44
-474.61 -473.44
-475.01 -473.44
-502.86 -473.44
-488.11 -473.44
-512.25 -473.44
-475.03 -473.44
-485.44 -473.44
-865.26 -865.26
-870.06 -865.26
-866.33 -866.33
-875.09 -866.33
-879.94 -866.33
-861.10 -861.10
-849.32 -849.32
-861.14 -849.32
-874.03 -849.32
-862.05 -849.32
-867.32 -849.32
-843.83 -843.83
-853.78 -843.83
-843.94 -843.94
-863.32 -843.94
-827.54 -827.54
-832.91 -827.54
-810.73 -810.73
-804.80 -804.80
-778.41 -778.41
-794.65 -778.41
-742.45 -742.45
-729.66 -729.66
-688.99 -688.99
-719.55 -688.99
-734.17 -688.99
-684.17 -684.17
-680.64 -680.64
-671.49 -671.49
-632.68 -632.68
-646.51 -632.68
-628.75 -628.75
-614.95 -614.95
-601.78 -601.78
-600.12 -600.12
-601.03 -600.12
-626.85 -600.12
-577.58 -577.58
-616.36 -577.58
-576.59 -576.59
-615.57 -576.59
-578.68 -576.59
-543.39 -543.39
-565.63 -543.39
-488.13 -488.13
-488.82 -488.13
-495.63 -488.13
-488.00 -488.00
-494.73 -488.00
-501.55 -488.00
-485.47 -485.47
-485.06 -485.06
-487.88 -485.06
-474.56 -474.56
-484.52 -474.56
-475.18 -475.18
-498.45 -475.18
-483.23 -475.18
-474.73 -474.73
-501.79 -474.73
-479.09 -474.73
-474.54 -474.54
-475.43 -474.54
-486.27 -474.54
-502.30 -474.54
-485.46 -474.54
-484.97 -474.54
-480.12 -474.54
-482.46 -474.54
-510.85 -474.54
-485.77 -474.54
-475.13 -475.13
-491.05 -475.13
-476.15 -476.15
-474.79 -474.79
-501.56 -474.79
-493.63 -474.79
-485.74 -474.79
-474.75 -474.75
-480.85 -474.75
-475.60 -474.75
-483.46 -474.75
-482.33 -474.75
-474.76 -474.76
-487.70 -474.76
-484.76 -474.76
-476.20 -474.76
-477.49 -474.76
-491.23 -474.76
-486.35 -474.76
-475.62 -475.62
-487.09 -475.62
-482.16 -475.62
-486.05 -475.62
-475.42 -475.42
-484.25 -475.42
-474.72 -474.72
-486.23 -474.72
-486.02 -474.72
-475.36 -475.36
-474.77 -474.77
-477.00 -474.77
-487.40 -474.77
-475.11 -475.11
-475.16 -475.16
-473.42 -473.42
-476.63 -473.42
-493.59 -473.42
-475.03 -473.42
-475.41 -473.42
-475.35 -473.42
-485.97 -473.42
-474.73 -473.42
-487.56 -473.42
-482.95 -473.42
-488.55 -473.42
-488.00 -473.42
-475.66 -473.42
-475.37 -473.42
-487.51 -473.42
-474.77 -474.77
-482.19 -474.77
-476.25 -476.25
-485.75 -476.25
-473.45 -473.45
-475.03 -473.45
-474.97 -474.97
-488.69 -474.97
-484.63 -474.97
-493.54 -474.97
-485.24 -474.97
-485.84 -474.97
-476.49 -474.97
-475.42 -475.42
-477.42 -475.42
-474.90 -474.90
-473.42 -473.42
-474.73 -473.42
-474.75 -473.42
-473.45 -473.45
-487.64 -473.45
-486.86 -473.45
-475.23 -473.45
-476.21 -473.45
-485.49 -473.45
-493.62 -473.45
-488.51 -473.45
-509.45 -473.45
-475.56 -473.45
-476.32 -473.45
-474.79 -474.79
-486.13 -474.79
-473.46 -473.46
-474.96 -473.46
-476.10 -473.46
-475.50 -473.46
-485.47 -473.46
-486.98 -473.46
-475.42 -475.42
-476.67 -475.42
-475.43 -475.43
-493.58 -475.43
-482.50 -475.43
-487.89 -475.43
-474.99 -474.99
-483.53 -474.99
-488.96 -474.99
-488.91 -474.99
-474.75 -474.75
-488.69 -474.75
-485.44 -474.75
-485.20 -474.75
-487.43 -474.75
-485.46 -474.75
-474.74 -474.74
-476.28 -474.74
-474.72 -474.72
-480.12 -474.72
-488.59 -474.72
-476.86 -474.72
-475.09 -474.72
-499.91 -474.72
-473.43 -473.43
-493.58 -473.43
-488.81 -473.43
-474.76 -474.76
-486.62 -474.76
-488.59 -474.76
-475.17 -474.76
-474.61 -474.61
-490.00 -474.61
-486.46 -474.61
-474.95 -474.61
-474.87 -474.61
-485.37 -474.61
-489.29 -474.61
-475.44 -474.61
-474.76 -474.76
-485.96 -474.76
-510.01 -474.76
-495.42 -474.76
-485.40 -474.76
-482.03 -474.76
-490.17 -474.76
-485.56 -474.76
-474.97 -474.97
-476.43 -474.97
-489.93 -474.97
-476.94 -474.97
-474.97 -474.97
-475.31 -475.31
-475.22 -475.22
-487.54 -475.22
-504.02 -475.22
-488.69 -475.22
-487.84 -475.22
-484.61 -475.22
-475.15 -475.15
-488.97 -475.15
-485.36 -475.15
-483.53 -475.15
-475.49 -475.15
-474.94 -474.94
-478.47 -474.94
-485.08 -474.94
-489.28 -474.94
-476.47 -474.94
-484.93 -474.94
-482.40 -474.94
-486.10 -474.94
-474.73 -474.73
-491.11 -474.73
-475.41 -475.41
-482.77 -475.41
-483.35 -475.41
-474.92 -474.92
-475.17 -475.17
-477.07 -475.17
-475.51 -475.17
-474.93 -474.93
-490.18 -474.93
-474.83 -474.83
-487.97 -474.83
-474.73 -474.73
-487.68 -474.73
-475.23 -475.23
-489.52 -475.23
-484.82 -475.23
-488.07 -475.23
-488.17 -475.23
-488.08 -475.23
-488.46 -475.23
-475.78 -475.78
-484.56 -475.78
-482.34 -475.78
-475.43 -475.43
-493.95 -475.43
-484.56 -475.43
-484.25 -475.43
-488.14 -475.43
-486.05 -475.43
-476.45 -476.45
-475.73 -475.73
-477.51 -475.73
-475.24 -475.24
-494.25 -475.24
-487.48 -475.24
-482.36 -475.24
-487.88 -475.24
-497.54 -475.24
-474.96 -474.96
-484.68 -474.96
-483.45 -474.96
-475.22 -474.96
-486.15 -474.96
-475.15 -475.15
-485.35 -475.15
-509.95 -475.15
-475.46 -475.46
-493.71 -475.46
-477.02 -475.46
-478.26 -475.46
-475.43 -475.43
-487.51 -475.43
-474.73 -474.73
-483.35 -474.73
-474.73 -474.73
-485.27 -474.73
-482.61 -474.73
-488.15 -474.73
-474.92 -474.92
-475.37 -474.92
-477.09 -474.92
-474.77 -474.77
-475.42 -475.42
-475.43 -475.43
-486.46 -475.43
-474.77 -474.77
-475.09 -475.09
-485.45 -475.09
-474.68 -474.68
-475.23 -474.68
-474.93 -474.93
-474.75 -474.75
-482.83 -474.75
-478.48 -474.75
-488.85 -474.75
-480.12 -474.75
-474.93 -474.75
-476.25 -476.25
-475.18 -475.18
-476.77 -475.18
-474.93 -474.93
-495.50 -474.93
-475.07 -475.07
-474.77 -474.77
-476.19 -474.77
-474.90 -474.90
-475.13 -475.13
-475.27 -475.27
-475.07 -475.07
-475.44 -475.07
-482.91 -475.07
-474.92 -474.92
-491.04 -474.92
-474.75 -474.75
-477.11 -474.75
-476.62 -474.75
-475.78 -474.75
-483.43 -474.75
-477.46 -474.75
-487.50 -474.75
-477.01 -477.01
-485.22 -477.01
-475.60 -475.60
-474.72 -474.72
-488.45 -474.72
-486.86 -474.72
-475.19 -474.72
-474.96 -474.96
-487.26 -474.96
-488.85 -474.96
-494.26 -474.96
-485.40 -474.96
-475.43 -475.43
-474.85 -474.85
-475.19 -475.19
-474.58 -474.58
-490.13 -474.58
-486.88 -474.58
-474.63 -474.58
-488.15 -474.58
-487.44 -474.58
-474.83 -474.83
-475.03 -475.03
-474.83 -474.83
-494.38 -474.83
-482.45 -474.83
-475.25 -474.83
-475.42 -474.83
-487.91 -474.83
-476.41 -474.83
-478.24 -474.83
-475.24 -475.24
-475.09 -475.09
-482.36 -475.09
-475.42 -475.09
-474.65 -474.65
-489.75 -474.65
-493.11 -474.65
-482.49 -474.65
-475.58 -474.65
-475.20 -475.20
-474.75 -474.75
-487.22 -474.75
-482.85 -474.75
-473.44 -473.44
-475.24 -473.44
-488.98 -473.44
-475.18 -473.44
-485.37 -473.44
-489.83 -473.44
-507.07 -473.44
-488.05 -473.44
-475.43 -475.43
-474.55 -474.55
-483.29 -474.55
-484.29 -474.55
-485.35 -474.55
-475.03 -475.03
-488.50 -475.03
-482.51 -475.03
-474.90 -474.90
-475.68 -475.68
-486.71 -475.68
-475.02 -475.02
-476.17 -476.17
-489.50 -476.17
-482.94 -476.17
-488.30 -476.17
-476.29 -476.29
-475.41 -475.41
-478.64 -475.41
-485.38 -475.41
-474.59 -474.59
-474.83 -474.83
-488.56 -474.83
-474.75 -474.75
-484.82 -474.75
-482.48 -474.75
-495.08 -474.75
-484.70 -474.75
-483.45 -474.75
-487.18 -474.75
-488.25 -474.75
-474.77 -474.77
-899.81 -899.81
-888.00 -888.00
-894.58 -888.00
-894.32 -888.00
-901.75 -888.00
-872.52 -872.52
-869.60 -869.60
-870.77 -869.60
-882.01 -869.60
-858.62 -858.62
-854.68 -854.68
-852.39 -852.39
-853.63 -853.63
-861.60 -853.63
-861.78 -853.63
-853.29 -853.29
-866.58 -853.29
-853.16 -853.16
-837.78 -837.78
-847.55 -837.78
-848.26 -837.78
-832.77 -832.77
-828.85 -828.85
-834.86 -828.85
-804.90 -804.90
-819.88 -804.90
-817.88 -804.90
-805.02 -805.02
-797.63 -797.63
-786.96 -786.96
-785.53 -785.53
-789.62 -785.53
-752.51 -752.51
-736.07 -736.07
-735.77 -735.77
-703.15 -703.15
-709.48 -703.15
-745.78 -703.15
-712.43 -703.15
-703.43 -703.15
-703.01 -703.01
-717.99 -703.01
-680.89 -680.89
-678.07 -678.07
-680.02 -678.07
-681.42 -678.07
-699.76 -678.07
-638.78 -638.78
-612.88 -612.88
-612.85 -612.85
-622.79 -612.85
-570.86 -570.86
-521.62 -521.62
-554.55 -521.62
-542.85 -521.62
-555.42 -521.62
-533.84 -521.62
-506.66 -506.66
-486.39 -486.39
-485.54 -485.54
-488.70 -485.54
-489.78 -485.54
-488.13 -485.54
-488.42 -485.54
-488.96 -485.54
-486.94 -485.54
-473.42 -473.42
-475.34 -473.42
-474.99 -474.99
-485.15 -474.99
-475.78 -475.78
-474.93 -474.93
-492.19 -474.93
-478.63 -474.93
-476.59 -474.93
-474.76 -474.76
-474.73 -474.73
-488.83 -474.73
-485.44 -474.73
-474.87 -474.73
-475.41 -475.41
-486.01 -475.41
-486.94 -475.41
-485.00 -475.41
-485.03 -475.41
-486.89 -475.41
-488.21 -475.41
-475.41 -475.41
-474.90 -474.90
-478.55 -474.90
-475.21 -475.21
-486.53 -475.21
-479.13 -475.21
-475.01 -475.01
-474.77 -474.77
-501.53 -474.77
-509.46 -474.77
-485.98 -474.77
-488.56 -474.77
-482.72 -474.77
-474.72 -474.72
-485.51 -474.72
-488.26 -474.72
-474.90 -474.90
-474.73 -474.73
-473.44 -473.44
-474.64 -473.44
-478.65 -473.44
-474.76 -474.76
-485.52 -474.76
-475.43 -474.76
-474.67 -474.67
-486.93 -474.67
-487.25 -474.67
-488.26 -474.67
-484.67 -474.67
-475.17 -475.17
-488.43 -475.17
-482.44 -475.17
-477.14 -475.17
-475.84 -475.84
-474.78 -474.78
-487.85 -474.78
-475.39 -475.39
-475.18 -475.18
-475.48 -475.48
-477.42 -475.48
-475.43 -475.43
-487.35 -475.43
-489.33 -475.43
-475.00 -475.00
-475.01 -475.01
-475.51 -475.01
-473.46 -473.46
-474.77 -473.46
-474.86 -473.46
-475.09 -473.46
-475.51 -473.46
-491.44 -473.46
-475.33 -473.46
-482.49 -473.46
-474.92 -473.46
-475.81 -473.46
-487.40 -473.46
-488.49 -473.46
-479.41 -473.46
-488.09 -473.46
-475.62 -473.46
-489.03 -473.46
-482.94 -473.46
-490.25 -473.46
-475.86 -473.46
-475.39 -473.46
-486.08 -473.46
-481.15 -473.46
-474.77 -473.46
-474.79 -473.46
-488.89 -473.46
-488.27 -473.46
-474.88 -473.46
-489.13 -473.46
-488.58 -473.46
-488.15 -473.46
-474.92 -473.46
-476.23 -473.46
-487.50 -473.46
-475.02 -473.46
-474.73 -474.73
-488.17 -474.73
-486.86 -474.73
-474.94 -474.94
-474.73 -474.73
-477.40 -474.73
-474.51 -474.51
-474.93 -474.93
-488.25 -474.93
-475.70 -475.70
-475.00 -475.00
-483.23 -475.00
-474.83 -474.83
-476.32 -474.83
-474.78 -474.78
-474.92 -474.92
-474.74 -474.74
-474.96 -474.96
-475.45 -474.96
-475.53 -474.96
-488.57 -474.96
-483.64 -474.96
-476.45 -474.96
-477.01 -474.96
-491.13 -474.96
-474.76 -474.76
-474.90 -474.90
-490.35 -474.90
-487.37 -474.90
-483.52 -474.90
-488.94 -474.90
-475.43 -474.90
-488.30 -474.90
-474.75 -474.75
-486.16 -474.75
-488.61 -474.75
-486.91 -474.75
-487.45 -474.75
-476.42 -474.75
-482.77 -474.75
-478.39 -474.75
-477.44 -474.75
-475.69 -475.69
-485.96 -475.69
-485.87 -475.69
-485.73 -475.69
-476.65 -476.65
-490.41 -476.65
-474.73 -474.73
-484.78 -474.73
-487.28 -474.73
-478.48 -474.73
-486.11 -474.73
-474.73 -474.73
-489.39 -474.73
-486.29 -474.73
-475.59 -474.73
-485.45 -474.73
-482.40 -474.73
-473.44 -473.44
-485.45 -473.44
-485.49 -473.44
-485.48 -473.44
-475.43 -473.44
-514.95 -473.44
-476.24 -473.44
-474.96 -473.44
-495.08 -473.44
-474.91 -474.91
-482.95 -474.91
-490.25 -474.91
-488.05 -474.91
-475.35 -475.35
-475.29 -475.29
-483.51 -475.29
-474.72 -474.72
-485.20 -474.72
-476.43 -474.72
-495.47 -474.72
-475.05 -475.05
-476.99 -475.05
-483.38 -475.05
-475.45 -475.05
-475.03 -475.03
-490.70 -475.03
-514.96 -475.03
-482.43 -475.03
-474.83 -474.83
-481.19 -474.83
-487.98 -474.83
-475.43 -474.83
-485.41 -474.83
-475.16 -475.16
-490.59 -475.16
-485.58 -475.16
-480.11 -475.16
-485.14 -475.16
-482.04 -475.16
-475.02 -475.02
-483.48 -475.02
-487.24 -475.02
-476.57 -475.02
-474.92 -474.92
-474.76 -474.76
-475.21 -475.21
-495.52 -475.21
-475.43 -475.43
-474.88 -474.88
-478.54 -474.88
-474.76 -474.76
-484.75 -474.76
-481.39 -474.76
-477.03 -474.76
-474.73 -474.73
-489.07 -474.73
-475.28 -474.73
-485.10 -474.73
-474.83 -474.83
-474.76 -474.76
-507.09 -474.76
-476.42 -474.76
-483.51 -474.76
-475.00 -475.00
-475.75 -475.75
-478.23 -475.75
-486.88 -475.75
-481.52 -475.75
-475.54 -475.54
-476.11 -476.11
-475.38 -475.38
-474.74 -474.74
-482.18 -474.74
-490.04 -474.74
-474.76 -474.76
-490.01 -474.76
-475.73 -474.76
-487.82 -474.76
-493.59 -474.76
-482.86 -474.76
-487.82 -474.76
-475.50 -474.76
-486.93 -474.76
-474.98 -474.98
-489.00 -474.98
-476.93 -474.98
-490.29 -474.98
-474.84 -474.84
-475.18 -474.84
-474.97 -474.97
-494.28 -474.97
-474.64 -474.64
-486.38 -474.64
-488.71 -474.64
-482.51 -474.64
-492.98 -474.64
-485.19 -474.64
-484.63 -474.64
-491.16 -474.64
-490.00 -474.64
-473.42 -473.42
-474.57 -473.42
-483.48 -473.42
-475.13 -473.42
-474.98 -473.42
-487.86 -473.42
-488.05 -473.42
-474.75 -473.42
-504.66 -473.42
-474.77 -473.42
-488.17 -473.42
-474.64 -474.64
-488.35 -474.64
-474.90 -474.90
-480.14 -474.90
-490.12 -474.90
-474.74 -474.74
-509.96 -474.74
-475.14 -475.14
-478.51 -478.51
-499.38 -478.51
-514.69 -478.51
-475.43 -475.43
-512.86 -475.43
-474.73 -474.73
-475.40 -474.73
-475.15 -475.15
-475.72 -475.72
-517.30 -475.72
-477.43 -475.72
-473.42 -473.42
-474.96 -473.42
-489.79 -473.42
-487.84 -473.42
-484.50 -473.42
-485.10 -473.42
-476.43 -473.42
-476.53 -473.42
-484.79 -473.42
-476.61 -473.42
-475.41 -473.42
-474.83 -473.42
-475.16 -473.42
-475.23 -473.42
-480.14 -473.42
-485.43 -473.42
-485.36 -473.42
-474.66 -473.42
-482.00 -473.42
-475.42 -473.42
-475.46 -475.46
-486.90 -475.46
-484.74 -475.46
-488.78 -475.46
-476.93 -476.93
-487.04 -476.93
-491.01 -476.93
-475.43 -475.43
-482.53 -475.43
-474.74 -474.74
-488.23 -474.74
-475.33 -475.33
-474.93 -474.93
-485.50 -474.93
-490.16 -474.93
-476.31 -474.93
-491.64 -474.93
-488.59 -474.93
-475.19 -475.19
-478.45 -475.19
-477.01 -475.19
-475.01 -475.01
-483.52 -475.01
-493.62 -475.01
-482.47 -475.01
-478.50 -475.01
-485.38 -475.01
-475.14 -475.14
-477.08 -475.14
-477.49 -475.14
-474.77 -474.77
-474.79 -474.79
-488.54 -474.79
-487.19 -474.79
-488.72 -474.79
-477.44 -474.79
-474.72 -474.72
-488.55 -474.72
-493.58 -474.72
-475.39 -475.39
-882.44 -882.44
-890.02 -882.44
-881.18 -881.18
-853.44 -853.44
-849.05 -849.05
-860.97 -849.05
-867.37 -849.05
-849.22 -849.22
-879.50 -849.22
-858.30 -849.22
-830.05 -830.05
-826.91 -826.91
-827.41 -826.91
-829.24 -826.91
-836.97 -826.91
-814.31 -814.31
-820.76 -814.31
-810.93 -810.93
-802.96 -802.96
-814.22 -802.96
-788.97 -788.97
-784.57 -784.57
-791.54 -784.57
-803.53 -784.57
-770.37 -770.37
-784.00 -770.37
-789.18 -770.37
-778.69 -770.37
-762.89 -762.89
-749.01 -749.01
-747.99 -747.99
-736.11 -736.11
-736.07 -736.07
-719.36 -719.36
-710.26 -710.26
-710.35 -710.35
-739.53 -710.35
-706.21 -706.21
-697.82 -697.82
-710.40 -697.82
-691.93 -691.93
-702.93 -691.93
-691.19 -691.19
-679.61 -679.61
-727.83 -679.61
-668.48 -668.48
-662.22 -662.22
-648.83 -648.83
-656.15 -648.83
-612.78 -612.78
-616.64 -612.78
-571.62 -571.62
-601.33 -571.62
-603.48 -571.62
-613.21 -571.62
-574.58 -571.62
-567.42 -567.42
-556.22 -556.22
-561.23 -556.22
-544.20 -544.20
-557.73 -544.20
-576.20 -544.20
-505.88 -505.88
-498.96 -498.96
-538.03 -498.96
-500.82 -498.96
-504.21 -498.96
-487.38 -487.38
-488.26 -487.38
-486.44 -486.44
-512.47 -486.44
-506.62 -486.44
-493.07 -486.44
-475.43 -475.43
-482.96 -475.43
-514.95 -475.43
-474.93 -474.93
-485.33 -474.93
-482.50 -474.93
-514.96 -474.93
-484.04 -474.93
-474.93 -474.93
-475.01 -475.01
-474.87 -474.87
-490.40 -474.87
-474.79 -474.79
-494.31 -474.79
-482.51 -474.79
-475.01 -475.01
-491.16 -475.01
-475.12 -475.12
-475.01 -475.01
-495.03 -475.01
-474.77 -474.77
-476.36 -474.77
-485.95 -474.77
-485.48 -474.77
-493.57 -474.77
-482.31 -474.77
-482.40 -474.77
-475.15 -475.15
-475.22 -475.15
-474.83 -474.83
-487.92 -474.83
-475.24 -475.24
-474.74 -474.74
-474.95 -474.95
-488.45 -474.95
-475.56 -474.95
-475.43 -475.43
-492.25 -475.43
-476.44 -475.43
-486.16 -475.43
-483.39 -475.43
-485.49 -475.43
-475.27 -475.27
-475.42 -475.42
-506.82 -475.42
-482.82 -475.42
-474.89 -474.89
-475.16 -475.16
-481.36 -475.16
-485.48 -475.16
-474.75 -474.75
-493.66 -474.75
-475.59 -475.59
-474.72 -474.72
-485.34 -474.72
-485.36 -474.72
-482.89 -474.72
-474.95 -474.95
-488.26 -474.95
-475.34 -475.34
-510.08 -475.34
-490.43 -475.34
-495.99 -475.34
-477.06 -475.34
-474.76 -474.76
-509.79 -474.76
-485.08 -474.76
-474.76 -474.76
-474.73 -474.73
-484.39 -474.73
-487.30 -474.73
-474.75 -474.75
-486.17 -474.75
-488.17 -474.75
-484.07 -474.75
-475.41 -475.41
-486.68 -475.41
-489.46 -475.41
-477.14 -477.14
-485.62 -477.14
-476.50 -476.50
-485.28 -476.50
-474.73 -474.73
-484.62 -474.73
-474.83 -474.83
-493.57 -474.83
-490.17 -474.83
-486.73 -474.83
-488.69 -474.83
-475.28 -474.83
-474.74 -474.74
-475.00 -475.00
-475.39 -475.00
-475.41 -475.41
-474.87 -474.87
-474.51 -474.51
-488.83 -474.51
-474.58 -474.58
-485.39 -474.58
-487.21 -474.58
-474.75 -474.58
-489.51 -474.58
-475.02 -475.02
-486.38 -475.02
-480.13 -475.02
-478.53 -475.02
-476.35 -475.02
-473.43 -473.43
-474.90 -473.43
-488.45 -473.43
-474.57 -473.43
-485.49 -473.43
-485.50 -473.43
-473.43 -473.43
-475.39 -473.43
-485.32 -473.43
-475.39 -473.43
-475.70 -473.43
-474.83 -474.83
-486.93 -474.83
-478.37 -474.83
-482.34 -474.83
-484.76 -474.83
-475.18 -474.83
-476.23 -476.23
-474.73 -474.73
-474.75 -474.75
-507.08 -474.75
-475.45 -474.75
-476.87 -474.75
-483.48 -474.75
-504.65 -474.75
-485.50 -474.75
-493.58 -474.75
-509.99 -474.75
-481.40 -474.75
-504.51 -474.75
-474.65 -474.65
-474.83 -474.83
-482.46 -474.83
-474.60 -474.60
-489.80 -474.60
-475.41 -474.60
-474.74 -474.74
-500.00 -474.74
-476.23 -476.23
-474.86 -474.86
-482.90 -474.86
-487.84 -474.86
-483.22 -474.86
-507.09 -474.86
-475.16 -475.16
-514.70 -475.16
-474.75 -474.75
-475.45 -474.75
-485.31 -474.75
-475.42 -474.75
-484.79 -474.75
-474.75 -474.75
-485.61 -474.75
-494.31 -474.75
-474.75 -474.75
-476.19 -474.75
-476.33 -474.75
-488.60 -474.75
-484.92 -474.75
-489.06 -474.75
-487.78 -474.75
-475.83 -474.75
-476.91 -474.75
-475.04 -474.75
-475.41 -475.41
-488.25 -475.41
-474.75 -474.75
-475.01 -475.01
-475.64 -475.01
-474.90 -474.90
-478.35 -474.90
-491.36 -474.90
-486.95 -474.90
-475.24 -475.24
-488.11 -475.24
-475.43 -475.24
-475.43 -475.43
-493.56 -475.43
-474.83 -474.83
-487.85 -474.83
-487.52 -474.83
-484.83 -474.83
-488.48 -474.83
-474.65 -474.65
-480.13 -474.65
-486.63 -474.65
-484.69 -474.65
-487.38 -474.65
-487.78 -474.65
-485.25 -474.65
-473.45 -473.45
-475.81 -473.45
-474.72 -473.45
-476.31 -473.45
-477.41 -473.45
-476.26 -473.45
-474.97 -474.97
-474.73 -474.73
-474.83 -474.83
-483.39 -474.83
-487.70 -474.83
-482.47 -474.83
-478.49 -474.83
-475.39 -474.83
-488.23 -474.83
-487.87 -474.83
-477.25 -474.83
-486.02 -474.83
-474.65 -474.65
-486.23 -474.65
-487.27 -474.65
-475.29 -474.65
-486.01 -474.65
-486.64 -474.65
-474.75 -474.65
-474.73 -474.73
-475.25 -474.73
-475.02 -475.02
-479.12 -475.02
-489.28 -475.02
-485.32 -475.02
-485.94 -475.02
-474.86 -474.86
-474.74 -474.74
-476.32 -474.74
-475.04 -475.04
-489.44 -475.04
-476.60 -476.60
-485.12 -476.60
-476.44 -476.44
-475.28 -475.28
-474.83 -474.83
-514.95 -474.83
-475.34 -474.83
-477.03 -474.83
-473.43 -473.43
-484.74 -473.43
-487.83 -473.43
-485.48 -473.43
-488.06 -473.43
-474.54 -474.54
-485.46 -474.54
-485.26 -474.54
-485.38 -474.54
-478.40 -474.54
-474.68 -474.68
-491.92 -474.68
-483.74 -474.68
-475.75 -474.68
-482.33 -474.68
-482.29 -474.68
-474.73 -474.73
-474.72 -474.72
-487.23 -474.72
-474.91 -474.72
-491.29 -474.72
-486.85 -474.72
-486.36 -474.72
-482.32 -474.72
-478.41 -474.72
-474.72 -474.72
-475.02 -474.72
-491.05 -474.72
-473.44 -473.44
-475.07 -475.07
-482.88 -475.07
-485.52 -475.07
-475.00 -475.00
-474.99 -474.99
-485.43 -474.99
-487.26 -474.99
-475.41 -474.99
-485.09 -474.99
-476.83 -474.99
-487.82 -474.99
-479.41 -474.99
-474.77 -474.77
-476.59 -474.77
-474.77 -474.77
-487.84 -474.77
-494.24 -474.77
-475.03 -474.77
-476.22 -474.77
-486.98 -474.77
-514.94 -474.77
-473.43 -473.43
-479.50 -473.43
-485.31 -473.43
-485.98 -473.43
-489.63 -473.43
-476.18 -473.43
-482.93 -473.43
-509.99 -473.43
-485.75 -473.43
-483.36 -473.43
-476.19 -473.43
-487.72 -473.43
-487.29 -473.43
-488.15 -473.43
-487.46 -473.43
-476.22 -473.43
-488.08 -473.43
-489.54 -473.43
-485.34 -473.43
-487.83 -473.43
-476.33 -473.43
-489.39 -473.43
-482.39 -473.43
-474.73 -473.43
-476.22 -473.43
-486.90 -473.43
-490.96 -473.43
-475.42 -473.43
-493.76 -473.43
-474.91 -474.91
-499.70 -474.91
-487.05 -474.91
-490.21 -474.91
-474.73 -474.73
-493.97 -474.73
-491.34 -474.73
-474.76 -474.76
-514.95 -474.76
-475.25 -474.76
-485.49 -474.76
-474.74 -474.74
-473.42 -473.42
-511.56 -473.42
-494.04 -473.42
-475.25 -473.42
-474.98 -473.42
-487.00 -473.42
-475.21 -475.21
-475.69 -475.69
-492.98 -475.69
-474.95 -474.95
-872.88 -872.88
-873.21 -873.21
-869.56 -869.56
-862.33 -862.33
-854.82 -854.82
-854.17 -854.17
-852.65 -852.65
-861.50 -852.65
-874.76 -852.65
-872.99 -852.65
-870.50 -852.65
-876.31 -852.65
-845.49 -845.49
-839.07 -839.07
-826.96 -826.96
-833.92 -826.96
-808.10 -808.10
-828.72 -808.10
-802.20 -802.20
-786.08 -786.08
-784.56 -784.56
-791.21 -784.56
-763.93 -763.93
-769.17 -763.93
-789.21 -763.93
-748.34 -748.34
-735.22 -735.22
-717.26 -717.26
-723.15 -717.26
-728.73 -717.26
-704.04 -704.04
-731.08 -704.04
-701.39 -701.39
-678.50 -678.50
-699.07 -678.50
-740.25 -678.50
-659.98 -659.98
-659.08 -659.08
-650.07 -650.07
-630.17 -630.17
-631.29 -631.29
-580.94 -580.94
-564.62 -564.62
-558.76 -558.76
-565.29 -558.76
-552.76 -552.76
-549.94 -549.94
-550.31 -550.31
-548.55 -548.55
-542.09 -542.09
-559.87 -542.09
-556.75 -542.09
-543.57 -542.09
-538.25 -538.25
-569.36 -538.25
-540.99 -538.25
-548.78 -538.25
-510.68 -510.68
-488.63 -488.63
-484.65 -484.65
-494.12 -484.65
-486.43 -484.65
-485.45 -485.45
-484.37 -484.37
-482.63 -482.63
-482.84 -482.84
-490.24 -482.84
-487.76 -482.84
-473.45 -473.45
-497.79 -473.45
-475.42 -473.45
-479.39 -473.45
-474.73 -473.45
-475.20 -473.45
-475.83 -473.45
-485.42 -473.45
-486.89 -473.45
-475.25 -475.25
-484.57 -475.25
-487.05 -475.25
-473.45 -473.45
-487.27 -473.45
-509.45 -473.45
-486.70 -473.45
-487.00 -473.45
-482.67 -473.45
-487.12 -473.45
-479.43 -473.45
-482.82 -473.45
-475.74 -473.45
-476.26 -473.45
-493.67 -473.45
-487.07 -473.45
-483.81 -473.45
-479.14 -473.45
-485.48 -473.45
-476.35 -473.45
-475.05 -473.45
-474.93 -473.45
-485.50 -473.45
-482.99 -473.45
-488.51 -473.45
-474.72 -474.72
-487.07 -474.72
-488.93 -474.72
-473.44 -473.44
-475.23 -473.44
-475.49 -473.44
-494.70 -473.44
-487.64 -473.44
-483.04 -473.44
-485.51 -473.44
-482.47 -473.44
-474.86 -473.44
-485.41 -473.44
-482.44 -473.44
-475.17 -473.44
-475.41 -473.44
-485.39 -473.44
-486.84 -473.44
-487.73 -473.44
-489.15 -473.44
-486.98 -473.44
-475.41 -473.44
-476.83 -473.44
-475.44 -473.44
-491.00 -473.44
-475.26 -473.44
-509.46 -473.44
-474.74 -473.44
-487.22 -473.44
-474.74 -473.44
-476.11 -473.44
-482.40 -473.44
-480.14 -473.44
-500.59 -473.44
-475.35 -473.44
-476.87 -473.44
-475.48 -475.48
-486.95 -475.48
-484.83 -475.48
-476.64 -475.48
-475.49 -475.49
-483.40 -475.49
-489.24 -475.49
-480.88 -475.49
-475.35 -475.35
-489.52 -475.35
-482.53 -475.35
-493.55 -475.35
-483.51 -475.35
-475.66 -475.35
-481.37 -475.35
-485.78 -475.35
-485.45 -475.35
-480.87 -475.35
-485.16 -475.35
-475.37 -475.37
-497.80 -475.37
-485.38 -475.37
-478.43 -475.37
-485.19 -475.37
-482.96 -475.37
-495.22 -475.37
-475.83 -475.37
-487.00 -475.37
-488.47 -475.37
-475.73 -475.73
-483.52 -475.73
-489.29 -475.73
-490.24 -475.73
-475.01 -475.01
-485.39 -475.01
-475.43 -475.43
-475.12 -475.12
-477.02 -475.12
-476.42 -475.12
-484.76 -475.12
-483.54 -475.12
-475.71 -475.71
-488.06 -475.71
-493.02 -475.71
-474.78 -474.78
-474.94 -474.94
-473.45 -473.45
-486.73 -473.45
-482.90 -473.45
-485.42 -473.45
-485.17 -473.45
-474.91 -473.45
-476.83 -473.45
-477.13 -473.45
-488.05 -473.45
-476.41 -473.45
-490.96 -473.45
-484.96 -473.45
-486.91 -473.45
-473.42 -473.42
-475.52 -473.42
-475.15 -473.42
-479.11 -473.42
-483.48 -473.42
-489.19 -473.42
-478.47 -473.42
-491.07 -473.42
-475.09 -473.42
-501.18 -473.42
-483.35 -473.42
-487.34 -473.42
-474.75 -473.42
-478.58 -473.42
-475.02 -475.02
-476.31 -475.02
-473.42 -473.42
-488.91 -473.42
-486.46 -473.42
-483.35 -473.42
-478.27 -473.42
-473.46 -473.46
-488.89 -473.46
-475.75 -475.75
-487.76 -475.75
-494.07 -475.75
-482.00 -475.75
-487.76 -475.75
-475.49 -475.49
-474.59 -474.59
-493.56 -474.59
-475.31 -475.31
-486.20 -475.31
-476.08 -476.08
-483.39 -476.08
-475.05 -475.05
-490.75 -475.05
-487.80 -475.05
-474.72 -474.72
-488.25 -474.72
-497.74 -474.72
-474.98 -474.72
-489.96 -474.72
-474.76 -474.76
-487.23 -474.76
-486.65 -474.76
-473.45 -473.45
-475.78 -473.45
-488.96 -473.45
-474.73 -474.73
-475.02 -475.02
-514.94 -475.02
-501.82 -475.02
-475.08 -475.08
-480.13 -475.08
-487.21 -475.08
-482.31 -475.08
-486.95 -475.08
-475.69 -475.69
-477.04 -477.04
-486.88 -477.04
-491.19 -477.04
-493.28 -477.04
-485.28 -477.04
-474.88 -474.88
-474.72 -474.72
-484.25 -474.72
-474.73 -474.73
-499.27 -474.73
-493.57 -474.73
-487.96 -474.73
-485.21 -474.73
-474.63 -474.63
-487.49 -474.63
-476.76 -474.63
-493.67 -474.63
-475.46 -474.63
-487.90 -474.63
-486.92 -474.63
-484.89 -474.63
-488.14 -474.63
-487.12 -474.63
-479.10 -474.63
-486.38 -474.63
-511.60 -474.63
-488.84 -474.63
-474.57 -474.57
-474.77 -474.77
-478.69 -474.77
-475.01 -475.01
-480.82 -475.01
-490.34 -475.01
-489.84 -475.01
-496.65 -475.01
-485.90 -475.01
-475.00 -475.00
-483.51 -475.00
-507.08 -475.00
-475.04 -475.04
-489.29 -475.04
-495.58 -475.04
-474.87 -474.87
-487.38 -474.87
-487.22 -474.87
-475.51 -474.87
-474.77 -474.77
-482.42 -474.77
-475.43 -474.77
-488.80 -474.77
-485.05 -474.77
-485.25 -474.77
-488.54 -474.77
-475.45 -474.77
-489.54 -474.77
-488.68 -474.77
-485.23 -474.77
-482.02 -474.77
-487.70 -474.77
-493.64 -474.77
-488.59 -474.77
-487.64 -474.77
-474.88 -474.88
-486.95 -474.88
-475.06 -475.06
-476.34 -475.06
-491.00 -475.06
-483.73 -475.06
-486.02 -475.06
-474.91 -474.91
-476.25 -476.25
-475.30 -475.30
-502.55 -475.30
-475.62 -475.30
-477.51 -475.30
-475.41 -475.41
-474.74 -474.74
-475.85 -475.85
-474.77 -474.77
-507.08 -474.77
-485.32 -474.77
-485.28 -474.77
-488.67 -474.77
-478.48 -474.77
-505.69 -474.77
-483.35 -474.77
-486.75 -474.77
-487.91 -474.77
-478.55 -474.77
-475.43 -474.77
-495.49 -474.77
-474.84 -474.84
-480.11 -474.84
-482.48 -474.84
-486.16 -474.84
-489.09 -474.84
-474.94 -474.94
-494.57 -474.94
-502.44 -474.94
-476.79 -474.94
-487.11 -474.94
-476.35 -474.94
-493.66 -474.94
-480.85 -474.94
-474.76 -474.76
-475.16 -475.16
-474.97 -474.97
-475.15 -475.15
-501.75 -475.15
-490.83 -475.15
-482.92 -475.15
-475.24 -475.24
-474.66 -474.66
-491.11 -474.66
-493.87 -474.66
-488.20 -474.66
-476.43 -474.66
-490.97 -474.66
-474.83 -474.83
-483.01 -474.83
-488.57 -474.83
-485.95 -474.83
-474.69 -474.69
-474.97 -474.69
-473.44 -473.44
-473.45 -473.45
-490.28 -473.45
-476.60 -473.45
-509.71 -473.45
-474.94 -474.94
-474.76 -474.76
-474.77 -474.77
-475.12 -475.12
-487.65 -475.12
-484.80 -475.12
-475.56 -475.56
-474.76 -474.76
-489.00 -474.76
-485.28 -474.76
-485.83 -474.76
-485.51 -474.76
-474.61 -474.61
-489.28 -474.61
-514.95 -474.61
-476.97 -474.61
-486.19 -474.61
-484.82 -474.61
-475.04 -475.04
-478.70 -475.04
-474.72 -474.72
-475.73 -475.73
-474.93 -474.93
-484.85 -474.93
-490.21 -474.93
-485.42 -474.93
-494.54 -474.93
-474.89 -474.89
-476.43 -474.89
-474.94 -474.94
-483.40 -474.94
-871.33 -871.33
-872.05 -871.33
-869.34 -869.34
-881.07 -869.34
-876.82 -869.34
-872.27 -869.34
-858.20 -858.20
-876.05 -858.20
-874.73 -858.20
-853.30 -853.30
-830.52 -830.52
-803.27 -803.27
-787.70 -787.70
-796.55 -787.70
-770.54 -770.54
-785.90 -770.54
-769.95 -769.95
-770.09 -770.09
-785.66 -770.09
-735.44 -735.44
-734.92 -734.92
-721.78 -721.78
-744.41 -721.78
-735.74 -721.78
-703.19 -703.19
-663.51 -663.51
-679.30 -663.51
-690.52 -663.51
-649.68 -649.68
-677.49 -649.68
-624.14 -624.14
-636.44 -624.14
-623.13 -623.13
-624.42 -623.13
-636.25 -623.13
-602.21 -602.21
-618.71 -602.21
-574.95 -574.95
-538.97 -538.97
-539.46 -539.46
-537.31 -537.31
-539.51 -537.31
-509.53 -509.53
-542.25 -509.53
-489.43 -489.43
-493.52 -489.43
-485.41 -485.41
-498.27 -485.41
-474.92 -474.92
-487.04 -474.92
-484.85 -474.92
-487.83 -474.92
-474.91 -474.91
-487.17 -474.91
-474.86 -474.86
-484.73 -474.86
-486.87 -474.86
-487.35 -474.86
-475.01 -475.01
-486.41 -475.01
-475.15 -475.15
-487.56 -475.15
-491.03 -475.15
-486.70 -475.15
-488.24 -475.15
-474.73 -474.73
-496.04 -474.73
-475.24 -474.73
-484.81 -474.73
-474.95 -474.95
-475.24 -475.24
-476.16 -476.16
-486.84 -476.16
-486.54 -476.16
-483.29 -476.16
-486.83 -476.16
-488.15 -476.16
-474.61 -474.61
-474.98 -474.61
-487.67 -474.61
-483.22 -474.61
-488.34 -474.61
-482.44 -474.61
-475.14 -474.61
-484.65 -474.61
-474.87 -474.87
-485.65 -474.87
-486.65 -474.87
-475.41 -475.41
-474.74 -474.74
-487.10 -474.74
-474.87 -474.87
-485.42 -474.87
-487.82 -474.87
-484.78 -474.87
-475.67 -475.67
-487.04 -475.67
-502.03 -475.67
-475.44 -475.44
-488.13 -475.44
-495.71 -475.44
-500.69 -475.44
-479.45 -475.44
-482.26 -475.44
-474.89 -474.89
-495.53 -474.89
-489.03 -474.89
-475.39 -475.39
-474.86 -474.86
-474.66 -474.66
-487.19 -474.66
-487.75 -474.66
-489.18 -474.66
-486.21 -474.66
-475.40 -474.66
-476.89 -474.66
-482.37 -474.66
-483.22 -474.66
-476.57 -474.66
-484.12 -474.66
-492.65 -474.66
-474.83 -474.83
-475.74 -475.74
-486.05 -475.74
-488.71 -475.74
-475.28 -475.28
-483.82 -475.28
-486.74 -475.28
-485.47 -475.28
-488.19 -475.28
-482.99 -475.28
-495.55 -475.28
-474.76 -474.76
-475.83 -474.76
-475.14 -475.14
-490.04 -475.14
-474.73 -474.73
-485.41 -474.73
-474.85 -474.73
-488.17 -474.73
-474.53 -474.53
-487.48 -474.53
-478.50 -474.53
-483.47 -474.53
-507.09 -474.53
-475.01 -474.53
-474.77 -474.77
-485.21 -474.77
-474.75 -474.75
-475.00 -474.75
-484.41 -474.75
-475.08 -474.75
-475.38 -475.38
-494.13 -475.38
-485.50 -475.38
-495.56 -475.38
-475.27 -475.27
-476.47 -475.27
-475.02 -475.02
-477.02 -475.02
-474.86 -474.86
-474.74 -474.74
-489.30 -474.74
-474.86 -474.86
-473.42 -473.42
-488.09 -473.42
-487.80 -473.42
-490.24 -473.42
-474.78 -474.78
-484.98 -474.78
-474.73 -474.73
-478.03 -474.73
-488.96 -474.73
-474.87 -474.87
-478.25 -474.87
-475.36 -475.36
-486.89 -475.36
-475.41 -475.41
-475.19 -475.19
-474.96 -474.96
-486.72 -474.96
-491.27 -474.96
-494.24 -474.96
-486.96 -474.96
-488.07 -474.96
-475.17 -474.96
-482.15 -474.96
-488.91 -474.96
-487.15 -474.96
-475.72 -475.72
-485.33 -475.72
-486.62 -475.72
-477.04 -477.04
-489.78 -477.04
-488.89 -477.04
-476.56 -476.56
-474.75 -474.75
-475.80 -474.75
-475.02 -475.02
-487.11 -475.02
-475.19 -475.02
-474.98 -474.98
-484.83 -474.98
-490.74 -474.98
-475.43 -475.43
-488.65 -475.43
-494.10 -475.43
-485.38 -475.43
-486.90 -475.43
-474.73 -474.73
-493.91 -474.73
-488.02 -474.73
-487.37 -474.73
-483.76 -474.73
-479.07 -474.73
-488.17 -474.73
-488.14 -474.73
-475.39 -475.39
-474.83 -474.83
-476.26 -474.83
-491.54 -474.83
-475.28 -475.28
-485.01 -475.28
-486.08 -475.28
-485.98 -475.28
-485.50 -475.28
-486.91 -475.28
-474.90 -474.90
-474.75 -474.75
-507.97 -474.75
-487.93 -474.75
-475.41 -474.75
-483.40 -474.75
-474.88 -474.88
-473.45 -473.45
-474.83 -473.45
-481.44 -473.45
-488.58 -473.45
-474.77 -473.45
-493.57 -473.45
-475.56 -473.45
-476.27 -473.45
-475.36 -473.45
-474.74 -473.45
-487.50 -473.45
-475.86 -473.45
-475.49 -473.45
-493.59 -473.45
-490.00 -473.45
-475.41 -473.45
-486.96 -473.45
-475.37 -473.45
-474.77 -474.77
-475.39 -475.39
-482.00 -475.39
-477.49 -475.39
-478.34 -475.39
-476.23 -476.23
-487.04 -476.23
-475.01 -475.01
-483.39 -475.01
-474.80 -474.80
-476.90 -474.80
-491.37 -474.80
-487.73 -474.80
-488.51 -474.80
-475.75 -474.80
-474.74 -474.74
-475.11 -475.11
-487.76 -475.11
-476.62 -476.62
-475.55 -475.55
-485.48 -475.55
-486.87 -475.55
-509.73 -475.55
-488.07 -475.55
-482.96 -475.55
-485.57 -475.55
-485.22 -475.55
-488.32 -475.55
-474.77 -474.77
-487.18 -474.77
-475.85 -474.77
-475.84 -474.77
-475.57 -475.57
-475.59 -475.59
-475.38 -475.38
-486.13 -475.38
-486.04 -475.38
-478.65 -475.38
-487.98 -475.38
-474.75 -474.75
-483.50 -474.75
-487.62 -474.75
-474.74 -474.74
-493.57 -474.74
-485.17 -474.74
-486.24 -474.74
-475.13 -474.74
-484.82 -474.74
-474.79 -474.79
-475.19 -475.19
-476.35 -475.19
-475.03 -475.03
-475.20 -475.20
-485.45 -475.20
-487.73 -475.20
-488.44 -475.20
-489.38 -475.20
-482.74 -475.20
-488.16 -475.20
-475.42 -475.42
-488.19 -475.42
-490.75 -475.42
-485.96 -475.42
-485.48 -475.42
-475.07 -475.07
-474.87 -474.87
-476.26 -476.26
-486.96 -476.26
-473.44 -473.44
-474.91 -473.44
-479.41 -473.44
-485.46 -473.44
-483.00 -473.44
-485.46 -473.44
-486.98 -473.44
-474.73 -473.44
-484.80 -473.44
-485.45 -473.44
-490.16 -473.44
-474.73 -474.73
-475.03 -474.73
-475.38 -475.38
-482.70 -475.38
-473.46 -473.46
-485.99 -473.46
-485.27 -473.46
-482.28 -473.46
-476.45 -473.46
-483.68 -473.46
-490.11 -473.46
-498.99 -473.46
-475.42 -473.46
-490.18 -473.46
-487.46 -473.46
-488.32 -473.46
-477.02 -473.46
-474.73 -473.46
-474.99 -473.46
-474.74 -473.46
-475.12 -473.46
-488.16 -473.46
-474.53 -474.53
-499.34 -474.53
-488.35 -474.53
-488.05 -474.53
-486.00 -474.53
-484.31 -474.53
-489.46 -474.53
-484.74 -474.53
-485.44 -474.53
-475.43 -475.43
-481.53 -475.43
-474.73 -474.73
-478.26 -474.73
-488.91 -474.73
-476.61 -474.73
-476.50 -476.50
-489.40 -476.50
-488.17 -476.50
-475.17 -475.17
-494.59 -475.17
-481.18 -475.17
-474.73 -474.73
-484.80 -474.73
-474.87 -474.87
-487.51 -474.87
-475.13 -475.13
-474.74 -474.74
-476.44 -474.74
-475.69 -474.74
-484.04 -474.74
-474.77 -474.77
-509.77 -474.77
-487.19 -474.77
-478.51 -474.77
-488.18 -474.77
-483.51 -474.77
-493.64 -474.77
-474.76 -474.76
-479.06 -474.76
-485.43 -474.76
-477.02 -474.76
-474.75 -474.75
-475.14 -474.75
-485.60 -474.75
-495.45 -474.75
-488.25 -474.75
-476.49 -474.75
-474.56 -474.56
-474.73 -474.73
-483.35 -474.73
-493.58 -474.73
-487.69 -474.73
-475.43 -475.43
-483.81 -475.43
-487.27 -475.43
-475.11 -475.11
-474.98 -474.98
-487.61 -474.98
-475.15 -474.98
-475.36 -475.36
-486.74 -475.36
-475.32 -475.32
-488.68 -475.32
-869.68 -869.68
-871.34 -869.68
-877.97 -869.68
-853.70 -853.70
