-10000.00 -10000.00
-52596.38 -10000.00
-51424.67 -10000.00
-52483.98 -10000.00
-52400.37 -10000.00
-52031.47 -10000.00
-51580.83 -10000.00
-50813.08 -10000.00
-52371.22 -10000.00
-51526.56 -10000.00
-52633.38 -10000.00
-51696.54 -10000.00
-52692.48 -10000.00
-51904.58 -10000.00
-51263.73 -10000.00
-51499.70 -10000.00
-52659.15 -10000.00
-51110.68 -10000.00
-51786.56 -10000.00
-52317.06 -10000.00
-51165.79 -10000.00
-50686.21 -10000.00
-50710.06 -10000.00
-51263.57 -10000.00
-51518.43 -10000.00
-53628.54 -10000.00
-52043.64 -10000.00
-52694.33 -10000.00
-50392.99 -10000.00
-53106.03 -10000.00
-51352.36 -10000.00
-51726.75 -10000.00
-51609.95 -10000.00
-50910.95 -10000.00
-50604.34 -10000.00
-50923.76 -10000.00
-51427.23 -10000.00
-51392.86 -10000.00
-50830.72 -10000.00
-51020.09 -10000.00
-51809.72 -10000.00
-51368.99 -10000.00
-51450.28 -10000.00
-52281.75 -10000.00
-50947.20 -10000.00
-50426.91 -10000.00
-52408.84 -10000.00
-51208.39 -10000.00
-51130.02 -10000.00
-51515.30 -10000.00
-51163.39 -10000.00
-49930.49 -10000.00
-50446.88 -10000.00
-50751.60 -10000.00
-51627.64 -10000.00
-51582.15 -10000.00
-52705.18 -10000.00
-52265.90 -10000.00
-51727.76 -10000.00
-51720.69 -10000.00
-50581.00 -10000.00
-52605.23 -10000.00
-51610.29 -10000.00
-52047.75 -10000.00
-52671.28 -10000.00
-52607.31 -10000.00
-51684.31 -10000.00
-52282.57 -10000.00
-51736.05 -10000.00
-51338.91 -10000.00
-52785.04 -10000.00
-50716.71 -10000.00
-51811.91 -10000.00
-51287.63 -10000.00
-50442.89 -10000.00
-51711.38 -10000.00
-51571.21 -10000.00
-51076.85 -10000.00
-51962.75 -10000.00
-51732.03 -10000.00
-52284.21 -10000.00
-50738.14 -10000.00
-52609.97 -10000.00
-51948.61 -10000.00
-52969.64 -10000.00
-51629.08 -10000.00
-50732.57 -10000.00
-51584.95 -10000.00
-52622.59 -10000.00
-50953.82 -10000.00
-52368.76 -10000.00
-50918.03 -10000.00
-51065.10 -10000.00
-51458.06 -10000.00
-52052.07 -10000.00
-51707.08 -10000.00
-52614.58 -10000.00
-51645.06 -10000.00
-51323.96 -10000.00
-50524.90 -10000.00
-51785.69 -10000.00
-53148.06 -10000.00
-51593.84 -10000.00
-51572.68 -10000.00
-50179.44 -10000.00
-51546.69 -10000.00
-50404.56 -10000.00
-50890.52 -10000.00
-51259.84 -10000.00
-52044.54 -10000.00
-51707.60 -10000.00
-51110.08 -10000.00
-51060.29 -10000.00
-52920.94 -10000.00
-51289.80 -10000.00
-51105.60 -10000.00
-51610.12 -10000.00
-52623.63 -10000.00
-51802.69 -10000.00
-51295.58 -10000.00
-50453.13 -10000.00
-51385.65 -10000.00
-51483.84 -10000.00
-51592.76 -10000.00
-51704.08 -10000.00
-51307.36 -10000.00
-52034.50 -10000.00
-52536.19 -10000.00
-51047.71 -10000.00
-53455.53 -10000.00
-52268.35 -10000.00
-50387.53 -10000.00
-51450.31 -10000.00
-51317.53 -10000.00
-51733.93 -10000.00
-52562.99 -10000.00
-51612.75 -10000.00
-48948.70 -10000.00
-52041.70 -10000.00
-51234.09 -10000.00
-52039.63 -10000.00
-51311.33 -10000.00
-52482.83 -10000.00
-50879.79 -10000.00
-52803.68 -10000.00
-51720.63 -10000.00
-52907.33 -10000.00
-51815.93 -10000.00
-52013.85 -10000.00
-51597.79 -10000.00
-51370.29 -10000.00
-52271.79 -10000.00
-50217.15 -10000.00
-52047.52 -10000.00
-51193.71 -10000.00
-52300.09 -10000.00
-51284.02 -10000.00
-50388.96 -10000.00
-51423.15 -10000.00
-50006.11 -10000.00
-50697.50 -10000.00
-52271.60 -10000.00
-52031.53 -10000.00
-51464.25 -10000.00
-51619.47 -10000.00
-52561.03 -10000.00
-51306.43 -10000.00
-51574.59 -10000.00
-51440.76 -10000.00
-52402.45 -10000.00
-51463.12 -10000.00
-51360.13 -10000.00
-52617.32 -10000.00
-51615.43 -10000.00
-52044.12 -10000.00
-51108.08 -10000.00
-50191.89 -10000.00
-50716.65 -10000.00
-51819.68 -10000.00
-52579.72 -10000.00
-52041.50 -10000.00
-51737.75 -10000.00
-51708.18 -10000.00
-51581.13 -10000.00
-50840.28 -10000.00
-52491.64 -10000.00
-52012.64 -10000.00
-51571.51 -10000.00
-52086.93 -10000.00
-52634.06 -10000.00
-52739.52 -10000.00
-49569.04 -10000.00
-52657.77 -10000.00
-51588.78 -10000.00
-49917.69 -10000.00
-51165.19 -10000.00
-52908.57 -10000.00
-50442.97 -10000.00
-50681.71 -10000.00
-51572.60 -10000.00
-51303.89 -10000.00
-50418.08 -10000.00
-51559.84 -10000.00
-51704.42 -10000.00
-50683.21 -10000.00
-52275.15 -10000.00
-51230.10 -10000.00
-50879.55 -10000.00
-52917.68 -10000.00
-52519.81 -10000.00
-51324.73 -10000.00
-50770.46 -10000.00
-51727.72 -10000.00
-50539.94 -10000.00
-50781.60 -10000.00
-51198.04 -10000.00
-51419.44 -10000.00
-51607.81 -10000.00
-52492.00 -10000.00
-51722.76 -10000.00
-50677.27 -10000.00
-50379.79 -10000.00
-52282.26 -10000.00
-51219.77 -10000.00
-52270.74 -10000.00
-52323.00 -10000.00
-51710.57 -10000.00
-51393.31 -10000.00
-52009.79 -10000.00
-51704.56 -10000.00
-51487.93 -10000.00
-52467.10 -10000.00
-52488.49 -10000.00
-52482.60 -10000.00
-51697.71 -10000.00
-51588.72 -10000.00
-52032.04 -10000.00
-52941.94 -10000.00
-51735.87 -10000.00
-51481.78 -10000.00
-51100.01 -10000.00
-52516.43 -10000.00
-52623.72 -10000.00
-51032.75 -10000.00
-52331.80 -10000.00
-51550.43 -10000.00
-52384.48 -10000.00
-52129.48 -10000.00
-51213.20 -10000.00
-51640.67 -10000.00
-51101.04 -10000.00
-50812.95 -10000.00
-51206.45 -10000.00
-51904.82 -10000.00
-52924.86 -10000.00
-50383.38 -10000.00
-52605.51 -10000.00
-51712.89 -10000.00
-50919.14 -10000.00
-50578.34 -10000.00
-51477.60 -10000.00
-51732.01 -10000.00
-52817.69 -10000.00
-51751.30 -10000.00
-52509.69 -10000.00
-50243.78 -10000.00
-51634.76 -10000.00
-51702.47 -10000.00
-51327.44 -10000.00
-50006.72 -10000.00
-51710.77 -10000.00
-51608.38 -10000.00
-49758.71 -10000.00
-51791.52 -10000.00
-52069.97 -10000.00
-52545.55 -10000.00
-51589.54 -10000.00
-51810.14 -10000.00
-51729.76 -10000.00
-51713.81 -10000.00
-51574.73 -10000.00
-52514.15 -10000.00
-50682.53 -10000.00
-52836.26 -10000.00
-50365.14 -10000.00
-52058.21 -10000.00
-51151.88 -10000.00
-52038.47 -10000.00
-51732.16 -10000.00
-50969.97 -10000.00
-51230.67 -10000.00
-52059.42 -10000.00
-51340.37 -10000.00
-50763.37 -10000.00
-50415.52 -10000.00
-51158.14 -10000.00
-51587.11 -10000.00
-51135.13 -10000.00
-51575.02 -10000.00
-51361.94 -10000.00
-52549.19 -10000.00
-51816.49 -10000.00
-52615.04 -10000.00
-51725.23 -10000.00
-51378.61 -10000.00
-51595.14 -10000.00
-52825.08 -10000.00
-52660.23 -10000.00
-51128.42 -10000.00
-51745.23 -10000.00
-51157.71 -10000.00
-51737.23 -10000.00
-51332.72 -10000.00
-51469.12 -10000.00
-51107.50 -10000.00
-50532.23 -10000.00
-51109.50 -10000.00
-52683.97 -10000.00
-51867.98 -10000.00
-52015.44 -10000.00
-51570.83 -10000.00
-50884.22 -10000.00
-51525.47 -10000.00
-51506.34 -10000.00
-51307.02 -10000.00
-51611.14 -10000.00
-51642.80 -10000.00
-51441.89 -10000.00
-51624.46 -10000.00
-51280.65 -10000.00
-51606.49 -10000.00
-51192.32 -10000.00
-50557.31 -10000.00
-51289.13 -10000.00
-51735.27 -10000.00
-51238.87 -10000.00
-51607.15 -10000.00
-51151.21 -10000.00
-50385.66 -10000.00
-51829.51 -10000.00
-51249.56 -10000.00
-51371.85 -10000.00
-52048.62 -10000.00
-50420.11 -10000.00
-50777.68 -10000.00
-52325.44 -10000.00
-52658.82 -10000.00
-52607.09 -10000.00
-50816.97 -10000.00
-52366.90 -10000.00
-51288.80 -10000.00
-53175.24 -10000.00
-52274.67 -10000.00
-52607.90 -10000.00
-52836.95 -10000.00
-50960.65 -10000.00
-50930.18 -10000.00
-51576.37 -10000.00
-51824.72 -10000.00
-51231.81 -10000.00
-52040.45 -10000.00
-51059.45 -10000.00
-52390.25 -10000.00
-51711.39 -10000.00
-51682.44 -10000.00
-51030.38 -10000.00
-51110.78 -10000.00
-50677.48 -10000.00
-52086.42 -10000.00
-51735.88 -10000.00
-51338.10 -10000.00
-52326.27 -10000.00
-52333.24 -10000.00
-51475.70 -10000.00
-51527.80 -10000.00
-51045.10 -10000.00
-51683.27 -10000.00
-51063.76 -10000.00
-52604.30 -10000.00
-51719.09 -10000.00
-51181.03 -10000.00
-50697.03 -10000.00
-51736.48 -10000.00
-52645.30 -10000.00
-51475.49 -10000.00
-51195.36 -10000.00
-51532.96 -10000.00
-51024.37 -10000.00
-51596.66 -10000.00
-51189.07 -10000.00
-52467.04 -10000.00
-51807.96 -10000.00
-50374.96 -10000.00
-51747.71 -10000.00
-51440.48 -10000.00
-51695.11 -10000.00
-52517.44 -10000.00
-52615.12 -10000.00
-51823.64 -10000.00
-51569.11 -10000.00
-52501.09 -10000.00
-51039.49 -10000.00
-51110.78 -10000.00
-51738.72 -10000.00
-50687.63 -10000.00
-52616.84 -10000.00
-50543.97 -10000.00
-51514.92 -10000.00
-51154.11 -10000.00
-52623.13 -10000.00
-52546.19 -10000.00
-52282.48 -10000.00
-52676.73 -10000.00
-51686.82 -10000.00
-51529.86 -10000.00
-51411.38 -10000.00
-51072.59 -10000.00
-52980.29 -10000.00
-52590.53 -10000.00
-50678.48 -10000.00
-51710.03 -10000.00
-51438.94 -10000.00
-52002.69 -10000.00
-51424.36 -10000.00
-51287.75 -10000.00
-53713.27 -10000.00
-50867.41 -10000.00
-52921.03 -10000.00
-52609.68 -10000.00
-51057.15 -10000.00
-51566.20 -10000.00
-51436.01 -10000.00
-52052.08 -10000.00
-53221.58 -10000.00
-51257.18 -10000.00
-52003.70 -10000.00
-51737.56 -10000.00
-52593.65 -10000.00
-50726.56 -10000.00
-51073.84 -10000.00
-51948.28 -10000.00
-50460.76 -10000.00
-51236.95 -10000.00
-52502.89 -10000.00
-52477.06 -10000.00
-50670.59 -10000.00
-51546.30 -10000.00
-51590.44 -10000.00
-52503.65 -10000.00
-51595.40 -10000.00
-52009.87 -10000.00
-52498.06 -10000.00
-51721.14 -10000.00
-52319.23 -10000.00
-51257.36 -10000.00
-51925.03 -10000.00
-52148.60 -10000.00
-51484.79 -10000.00
-51706.93 -10000.00
-52665.78 -10000.00
-51494.69 -10000.00
-51566.47 -10000.00
-52779.04 -10000.00
-50878.56 -10000.00
-52035.24 -10000.00
-51590.70 -10000.00
-52030.45 -10000.00
-51589.18 -10000.00
-49757.43 -10000.00
-50804.03 -10000.00
-51595.77 -10000.00
-52147.63 -10000.00
-51620.51 -10000.00
-51312.40 -10000.00
-52036.69 -10000.00
-51734.78 -10000.00
-53108.84 -10000.00
-51449.36 -10000.00
-52323.64 -10000.00
-52325.24 -10000.00
-51808.50 -10000.00
-50718.84 -10000.00
-51616.08 -10000.00
-53099.32 -10000.00
-51643.86 -10000.00
-51518.20 -10000.00
-51643.35 -10000.00
-51582.67 -10000.00
-52051.83 -10000.00
-51191.63 -10000.00
-52041.84 -10000.00
-51382.53 -10000.00
-51117.59 -10000.00
-51499.45 -10000.00
-51705.69 -10000.00
-52711.81 -10000.00
-51716.07 -10000.00
-52321.80 -10000.00
-51314.07 -10000.00
-50829.14 -10000.00
-50962.10 -10000.00
-50414.66 -10000.00
-51141.23 -10000.00
-51368.51 -10000.00
-51726.54 -10000.00
-52300.57 -10000.00
-52521.93 -10000.00
-51570.19 -10000.00
-51929.50 -10000.00
-50392.87 -10000.00
-52039.51 -10000.00
-51902.96 -10000.00
-51731.23 -10000.00
-51289.21 -10000.00
-50415.00 -10000.00
-51706.53 -10000.00
-51728.35 -10000.00
-51461.10 -10000.00
-51732.89 -10000.00
-51300.91 -10000.00
-49395.85 -10000.00
-51182.48 -10000.00
-52069.46 -10000.00
-52268.10 -10000.00
-52400.68 -10000.00
-51169.44 -10000.00
-50600.34 -10000.00
-51080.95 -10000.00
-51576.74 -10000.00
-50426.70 -10000.00
-51046.70 -10000.00
-51867.54 -10000.00
-52502.06 -10000.00
-52031.78 -10000.00
-51169.24 -10000.00
-51222.37 -10000.00
-50692.41 -10000.00
-51254.68 -10000.00
-50747.26 -10000.00
-51699.38 -10000.00
-51920.21 -10000.00
-51571.69 -10000.00
-51936.76 -10000.00
-51735.51 -10000.00
-51684.91 -10000.00
-52289.53 -10000.00
-52479.25 -10000.00
-51739.39 -10000.00
-52566.93 -10000.00
-51419.80 -10000.00
-52402.24 -10000.00
-51277.11 -10000.00
-52399.25 -10000.00
-51505.73 -10000.00
-51021.99 -10000.00
-51582.52 -10000.00
-51337.83 -10000.00
-51580.53 -10000.00
-51784.61 -10000.00
-52319.06 -10000.00
-51558.34 -10000.00
-52840.85 -10000.00
-51719.37 -10000.00
-52630.32 -10000.00
-52030.75 -10000.00
-51915.37 -10000.00
-50855.02 -10000.00
-51190.32 -10000.00
-51702.53 -10000.00
-51185.37 -10000.00
-51114.58 -10000.00
-51748.22 -10000.00
-51601.99 -10000.00
-53423.50 -10000.00
-50893.58 -10000.00
-52639.02 -10000.00
-52508.01 -10000.00
-52623.73 -10000.00
-52051.76 -10000.00
-51379.11 -10000.00
-50440.24 -10000.00
-52681.44 -10000.00
-51610.52 -10000.00
-51070.57 -10000.00
-51222.74 -10000.00
-51859.77 -10000.00
-51730.05 -10000.00
-51133.34 -10000.00
-52056.35 -10000.00
-50825.83 -10000.00
-50525.22 -10000.00
-52466.65 -10000.00
-50801.07 -10000.00
-50708.86 -10000.00
-51019.43 -10000.00
-50391.67 -10000.00
-52014.12 -10000.00
-50742.96 -10000.00
-51440.50 -10000.00
-51344.69 -10000.00
-51709.04 -10000.00
-52014.15 -10000.00
-52485.23 -10000.00
-51776.51 -10000.00
-50390.39 -10000.00
-51597.17 -10000.00
-52921.99 -10000.00
-52543.90 -10000.00
-52034.25 -10000.00
-51907.95 -10000.00
-50962.43 -10000.00
-52044.26 -10000.00
-52597.05 -10000.00
-52052.10 -10000.00
-51715.77 -10000.00
-51221.86 -10000.00
-51832.47 -10000.00
-50445.20 -10000.00
-51323.67 -10000.00
-51161.91 -10000.00
-52515.88 -10000.00
-52323.87 -10000.00
-51635.82 -10000.00
-51608.58 -10000.00
-51700.27 -10000.00
-50856.58 -10000.00
-50950.91 -10000.00
-51932.36 -10000.00
-50864.76 -10000.00
-51607.33 -10000.00
-52057.50 -10000.00
-53053.38 -10000.00
-50898.18 -10000.00
-52753.83 -10000.00
-50408.48 -10000.00
-51696.92 -10000.00
-51871.66 -10000.00
-52577.26 -10000.00
-52327.29 -10000.00
-52499.56 -10000.00
-52033.20 -10000.00
-52022.95 -10000.00
-51797.21 -10000.00
-50802.25 -10000.00
-52027.55 -10000.00
-52507.60 -10000.00
-52396.91 -10000.00
-50910.58 -10000.00
-50976.02 -10000.00
-51684.28 -10000.00
-52290.07 -10000.00
-51495.70 -10000.00
-52637.58 -10000.00
-51518.48 -10000.00
-52067.66 -10000.00
-50796.55 -10000.00
-51939.39 -10000.00
-51942.20 -10000.00
-50193.79 -10000.00
-52267.19 -10000.00
-50179.22 -10000.00
-51479.65 -10000.00
-51706.02 -10000.00
-51057.98 -10000.00
-51872.28 -10000.00
-51492.09 -10000.00
-51903.64 -10000.00
-51697.30 -10000.00
-51617.67 -10000.00
-51230.88 -10000.00
-51479.71 -10000.00
-51714.65 -10000.00
-52603.42 -10000.00
-51928.17 -10000.00
-52043.51 -10000.00
-52488.62 -10000.00
-50933.26 -10000.00
-50836.81 -10000.00
-51375.88 -10000.00
-51716.25 -10000.00
-51596.59 -10000.00
-51609.18 -10000.00
-50663.26 -10000.00
-52485.49 -10000.00
-51526.18 -10000.00
-51314.91 -10000.00
-51744.36 -10000.00
-52594.96 -10000.00
-50704.58 -10000.00
-51323.53 -10000.00
-51035.77 -10000.00
-50741.74 -10000.00
-52657.56 -10000.00
-52599.81 -10000.00
-51260.90 -10000.00
-52646.37 -10000.00
-51596.61 -10000.00
-51106.61 -10000.00
-51713.43 -10000.00
-52048.43 -10000.00
-52507.29 -10000.00
-51063.41 -10000.00
-51734.98 -10000.00
-52782.96 -10000.00
-52040.80 -10000.00
-52598.12 -10000.00
-51610.11 -10000.00
-51468.66 -10000.00
-51749.03 -10000.00
-52613.27 -10000.00
-51531.68 -10000.00
-52062.74 -10000.00
-51861.83 -10000.00
-51706.95 -10000.00
-52320.46 -10000.00
-50850.36 -10000.00
-51721.45 -10000.00
-50930.81 -10000.00
-51725.27 -10000.00
-51719.76 -10000.00
-51240.57 -10000.00
-50607.77 -10000.00
-51643.21 -10000.00
-50401.27 -10000.00
-50711.10 -10000.00
-51060.16 -10000.00
-52470.16 -10000.00
-51621.22 -10000.00
-52467.71 -10000.00
-52470.77 -10000.00
-52745.01 -10000.00
-51920.60 -10000.00
-52272.11 -10000.00
-51410.60 -10000.00
-50510.70 -10000.00
-50453.81 -10000.00
-51141.45 -10000.00
-52292.99 -10000.00
-51482.99 -10000.00
-51412.37 -10000.00
-51521.43 -10000.00
-50454.59 -10000.00
-52139.40 -10000.00
-52054.57 -10000.00
-50442.83 -10000.00
-50949.89 -10000.00
-50166.82 -10000.00
-52396.90 -10000.00
-51537.90 -10000.00
-51220.46 -10000.00
-49881.02 -10000.00
-50390.74 -10000.00
-50827.25 -10000.00
-52397.88 -10000.00
-50741.09 -10000.00
-52135.26 -10000.00
-52513.93 -10000.00
-52300.52 -10000.00
-51904.05 -10000.00
-52300.51 -10000.00
-51149.95 -10000.00
-51523.28 -10000.00
-52538.44 -10000.00
-52481.77 -10000.00
-50761.45 -10000.00
-52246.47 -10000.00
-52654.09 -10000.00
-52382.63 -10000.00
-51610.71 -10000.00
-50965.33 -10000.00
-52015.43 -10000.00
-51871.76 -10000.00
-52487.56 -10000.00
-51814.64 -10000.00
-52043.83 -10000.00
-52320.07 -10000.00
-50818.41 -10000.00
-50215.90 -10000.00
-52133.27 -10000.00
-50875.12 -10000.00
-51162.20 -10000.00
-50802.85 -10000.00
-51817.77 -10000.00
-52131.47 -10000.00
-52331.19 -10000.00
-50397.55 -10000.00
-51709.30 -10000.00
-52511.71 -10000.00
-51710.18 -10000.00
-52401.72 -10000.00
-50769.99 -10000.00
-52149.87 -10000.00
-51632.26 -10000.00
-51264.94 -10000.00
-51576.57 -10000.00
-51162.79 -10000.00
-51294.11 -10000.00
-52537.78 -10000.00
-51451.23 -10000.00
-52562.20 -10000.00
-51041.78 -10000.00
-51933.13 -10000.00
-52631.14 -10000.00
-51452.38 -10000.00
-51097.82 -10000.00
-52579.90 -10000.00
-52481.94 -10000.00
-52319.82 -10000.00
-52003.53 -10000.00
-50422.53 -10000.00
-51705.74 -10000.00
-53020.33 -10000.00
-52333.07 -10000.00
-50702.07 -10000.00
-51430.18 -10000.00
-52386.51 -10000.00
-49861.38 -10000.00
-51930.84 -10000.00
-51364.44 -10000.00
-52028.20 -10000.00
-53007.35 -10000.00
-51510.53 -10000.00
-52762.39 -10000.00
-52382.12 -10000.00
-52598.89 -10000.00
-51238.28 -10000.00
-51860.90 -10000.00
-52637.65 -10000.00
-52042.84 -10000.00
-51612.73 -10000.00
-52030.44 -10000.00
-50512.23 -10000.00
-50781.06 -10000.00
-51807.46 -10000.00
-49105.96 -10000.00
-50744.63 -10000.00
-51932.65 -10000.00
-51619.56 -10000.00
-51277.38 -10000.00
-50603.88 -10000.00
-51596.75 -10000.00
-50399.19 -10000.00
-51490.37 -10000.00
-52629.54 -10000.00
-51692.82 -10000.00
-51038.15 -10000.00
-50790.83 -10000.00
-50499.03 -10000.00
-50542.90 -10000.00
-50708.09 -10000.00
-50943.56 -10000.00
-51634.22 -10000.00
-50389.80 -10000.00
-51195.11 -10000.00
-50714.01 -10000.00
-52055.85 -10000.00
-50803.11 -10000.00
-51555.70 -10000.00
-52043.52 -10000.00
-51640.54 -10000.00
-50758.31 -10000.00
-50400.85 -10000.00
-51163.23 -10000.00
-51442.48 -10000.00
-51781.22 -10000.00
-51591.06 -10000.00
-52147.88 -10000.00
-50878.33 -10000.00
-51190.61 -10000.00
-52029.04 -10000.00
-51320.94 -10000.00
-51300.40 -10000.00
-51489.27 -10000.00
-50680.80 -10000.00
-51149.12 -10000.00
-51815.96 -10000.00
-52034.09 -10000.00
-50772.74 -10000.00
-50581.22 -10000.00
-52016.68 -10000.00
-52251.25 -10000.00
-51563.65 -10000.00
-49935.81 -10000.00
-51807.89 -10000.00
-50760.51 -10000.00
-51703.68 -10000.00
-51536.26 -10000.00
-51367.89 -10000.00
-51790.90 -10000.00
-50692.80 -10000.00
-50956.01 -10000.00
-51864.71 -10000.00
-51696.77 -10000.00
-51587.73 -10000.00
-51021.86 -10000.00
-52041.95 -10000.00
-49329.10 -10000.00
-50940.95 -10000.00
-52547.30 -10000.00
-50685.90 -10000.00
-51914.21 -10000.00
-51094.68 -10000.00
-51574.40 -10000.00
-51098.92 -10000.00
-50413.69 -10000.00
-51201.57 -10000.00
-51408.77 -10000.00
-50194.88 -10000.00
-51163.48 -10000.00
-51415.39 -10000.00
-50576.95 -10000.00
-53675.64 -10000.00
-49364.16 -10000.00
-50387.54 -10000.00
-51732.46 -10000.00
-51488.08 -10000.00
-50689.80 -10000.00
-52322.39 -10000.00
-52013.82 -10000.00
-50843.81 -10000.00
-49951.13 -10000.00
-49762.69 -10000.00
-51043.86 -10000.00
-52323.20 -10000.00
-50558.47 -10000.00
-50028.29 -10000.00
-51698.96 -10000.00
-50411.92 -10000.00
-49476.50 -10000.00
-49455.55 -10000.00
-51358.63 -10000.00
-51222.18 -10000.00
-50291.42 -10000.00
-51780.66 -10000.00
-49322.00 -10000.00
-51155.62 -10000.00
-52127.33 -10000.00
-50733.17 -10000.00
-51601.47 -10000.00
-50580.14 -10000.00
-51580.47 -10000.00
-51144.45 -10000.00
-50363.06 -10000.00
-51129.51 -10000.00
-51449.82 -10000.00
-51064.66 -10000.00
-51819.76 -10000.00
-50682.47 -10000.00
-51503.25 -10000.00
-51731.75 -10000.00
-51397.25 -10000.00
-49464.52 -10000.00
-51606.30 -10000.00
-50372.98 -10000.00
-51280.31 -10000.00
-51338.42 -10000.00
-51412.63 -10000.00
-51944.59 -10000.00
-49582.71 -10000.00
-50388.41 -10000.00
-50932.78 -10000.00
-51021.86 -10000.00
-51132.48 -10000.00
-51497.56 -10000.00
-52364.42 -10000.00
-51301.97 -10000.00
-50248.89 -10000.00
-51520.34 -10000.00
-50383.20 -10000.00
-49620.53 -10000.00
-51062.02 -10000.00
-51962.14 -10000.00
-50811.09 -10000.00
-51356.80 -10000.00
-50607.26 -10000.00
-51680.29 -10000.00
-51132.98 -10000.00
-51562.70 -10000.00
-52024.42 -10000.00
-51543.80 -10000.00
-51682.92 -10000.00
-50373.40 -10000.00
-49462.11 -10000.00
-51486.18 -10000.00
-50445.68 -10000.00
-50207.11 -10000.00
-51107.20 -10000.00
-50371.97 -10000.00
-51157.53 -10000.00
-49901.29 -10000.00
-50711.43 -10000.00
-52340.19 -10000.00
-51372.04 -10000.00
-49826.37 -10000.00
-51697.99 -10000.00
-50798.02 -10000.00
-49566.73 -10000.00
-51242.08 -10000.00
-52476.47 -10000.00
-51165.46 -10000.00
-51527.03 -10000.00
-50374.15 -10000.00
-51621.17 -10000.00
-50810.30 -10000.00
-51232.86 -10000.00
-50464.21 -10000.00
-51372.40 -10000.00
-51392.17 -10000.00
-52320.90 -10000.00
-50668.03 -10000.00
-50176.50 -10000.00
-50094.90 -10000.00
-51719.45 -10000.00
-50255.31 -10000.00
-49756.84 -10000.00
-50863.85 -10000.00
-49700.84 -10000.00
-50683.93 -10000.00
-50864.21 -10000.00
-52544.87 -10000.00
-50911.32 -10000.00
-51159.18 -10000.00
-50969.22 -10000.00
-51522.06 -10000.00
-51405.36 -10000.00
-51128.71 -10000.00
-51432.82 -10000.00
-51499.94 -10000.00
-50260.39 -10000.00
-51405.71 -10000.00
-51414.41 -10000.00
-50377.09 -10000.00
-50179.67 -10000.00
-50831.27 -10000.00
-52681.20 -10000.00
-50210.11 -10000.00
-51588.88 -10000.00
-50231.22 -10000.00
-51237.71 -10000.00
-51114.46 -10000.00
-52006.65 -10000.00
-51013.79 -10000.00
-51133.15 -10000.00
-51160.02 -10000.00
-50963.04 -10000.00
-52044.59 -10000.00
-51469.61 -10000.00
-50717.76 -10000.00
-51831.96 -10000.00
-51328.11 -10000.00
-51565.75 -10000.00
-51093.70 -10000.00
-50460.57 -10000.00
-51580.22 -10000.00
-52268.84 -10000.00
-49969.38 -10000.00
-51959.12 -10000.00
-51347.81 -10000.00
-50896.30 -10000.00
-51723.11 -10000.00
-50388.55 -10000.00
-51465.34 -10000.00
-51505.33 -10000.00
-51081.86 -10000.00
-50205.38 -10000.00
-52683.79 -10000.00
-50374.34 -10000.00
-51617.34 -10000.00
-50394.40 -10000.00
-50892.97 -10000.00
-50710.55 -10000.00
-51738.34 -10000.00
-51728.45 -10000.00
-51364.26 -10000.00
-51545.00 -10000.00
-51500.06 -10000.00
-51286.46 -10000.00
-51557.61 -10000.00
-51934.28 -10000.00
-51724.09 -10000.00
-52556.35 -10000.00
-50704.10 -10000.00
-51196.29 -10000.00
-49849.29 -10000.00
-50769.33 -10000.00
-52470.05 -10000.00
-50972.00 -10000.00
-49954.12 -10000.00
-51107.45 -10000.00
-50889.43 -10000.00
-51332.30 -10000.00
-51712.29 -10000.00
-51568.10 -10000.00
-51605.79 -10000.00
-51286.92 -10000.00
-50477.46 -10000.00
-51566.50 -10000.00
-50758.05 -10000.00
-51712.43 -10000.00
-50209.36 -10000.00
-51708.61 -10000.00
-51147.15 -10000.00
-51680.66 -10000.00
-50839.98 -10000.00
-50934.63 -10000.00
-50507.70 -10000.00
-50499.32 -10000.00
-50476.08 -10000.00
-52298.62 -10000.00
-51030.09 -10000.00
-50681.30 -10000.00
-51469.51 -10000.00
-50385.62 -10000.00
-50767.17 -10000.00
-51509.11 -10000.00
-51182.84 -10000.00
-51044.81 -10000.00
-51413.06 -10000.00
-50796.31 -10000.00
-50895.47 -10000.00
-51789.11 -10000.00
-50770.63 -10000.00
-51525.74 -10000.00
-50094.17 -10000.00
-52643.62 -10000.00
-50444.55 -10000.00
-51573.08 -10000.00
-50182.02 -10000.00
-50876.42 -10000.00
-50221.92 -10000.00
-51438.63 -10000.00
-51278.87 -10000.00
-50901.14 -10000.00
-50191.89 -10000.00
-51244.69 -10000.00
-50570.68 -10000.00
-51184.53 -10000.00
-50903.11 -10000.00
-51589.85 -10000.00
-51155.88 -10000.00
-52470.00 -10000.00
-51037.93 -10000.00
-50678.81 -10000.00
-51570.45 -10000.00
-50540.16 -10000.00
-49289.73 -10000.00
-50395.41 -10000.00
-51278.94 -10000.00
-51245.18 -10000.00
-50842.38 -10000.00
-51341.45 -10000.00
-51699.05 -10000.00
-51052.93 -10000.00
-51361.06 -10000.00
-48762.32 -10000.00
-51604.81 -10000.00
-49994.10 -10000.00
-51735.48 -10000.00
-50839.47 -10000.00
-51412.26 -10000.00
-50870.05 -10000.00
-51734.71 -10000.00
-51214.15 -10000.00
-51373.95 -10000.00
-51286.78 -10000.00
-49922.84 -10000.00
-51427.59 -10000.00
-52763.27 -10000.00
-50766.19 -10000.00
-50764.43 -10000.00
-52519.63 -10000.00
-51500.71 -10000.00
-51714.84 -10000.00
-50411.34 -10000.00
-51636.32 -10000.00
-51164.29 -10000.00
-50685.86 -10000.00
-51681.46 -10000.00
-51281.43 -10000.00
-51220.23 -10000.00
-50396.22 -10000.00
-52596.17 -10000.00
-52252.32 -10000.00
-50408.06 -10000.00
-50404.08 -10000.00
-51713.30 -10000.00
-51307.63 -10000.00
-50448.07 -10000.00
-50542.05 -10000.00
-51104.14 -10000.00
-51193.09 -10000.00
-50789.59 -10000.00
-51177.95 -10000.00
-51130.55 -10000.00
-51032.15 -10000.00
-52063.81 -10000.00
-52055.71 -10000.00
-50531.07 -10000.00
-49145.64 -10000.00
-51713.10 -10000.00
-51404.02 -10000.00
-51590.20 -10000.00
-51315.66 -10000.00
-50707.24 -10000.00
-52371.25 -10000.00
-51572.70 -10000.00
-51287.86 -10000.00
-51864.66 -10000.00
-50714.95 -10000.00
-52069.21 -10000.00
-50884.66 -10000.00
-50444.34 -10000.00
-50556.26 -10000.00
-52331.14 -10000.00
-49765.17 -10000.00
-50485.20 -10000.00
-50689.26 -10000.00
-49104.79 -10000.00
-51741.39 -10000.00
-50352.38 -10000.00
-51533.82 -10000.00
-50444.46 -10000.00
-51102.70 -10000.00
-50767.35 -10000.00
-52006.23 -10000.00
-50460.84 -10000.00
-51053.26 -10000.00
-50749.88 -10000.00
-51206.40 -10000.00
-50955.89 -10000.00
-51107.33 -10000.00
-50709.60 -10000.00
-50682.04 -10000.00
-51227.91 -10000.00
-52479.12 -10000.00
-51957.88 -10000.00
-50829.09 -10000.00
-49940.23 -10000.00
-51222.03 -10000.00
-49732.31 -10000.00
-50679.23 -10000.00
-50251.91 -10000.00
-49927.97 -10000.00
-51082.34 -10000.00
-51714.40 -10000.00
-51734.31 -10000.00
-50829.59 -10000.00
-50727.42 -10000.00
-50378.83 -10000.00
-51499.64 -10000.00
-52071.99 -10000.00
-52325.10 -10000.00
-50691.05 -10000.00
-52056.24 -10000.00
-51934.01 -10000.00
-52400.64 -10000.00
-49159.49 -10000.00
-52608.64 -10000.00
-51561.17 -10000.00
-50970.09 -10000.00
-51532.00 -10000.00
-51216.62 -10000.00
-51059.83 -10000.00
-52284.95 -10000.00
-51698.83 -10000.00
-52331.95 -10000.00
-51593.77 -10000.00
-51607.03 -10000.00
-52044.42 -10000.00
-53010.44 -10000.00
-52565.46 -10000.00
-50362.79 -10000.00
-50865.78 -10000.00
-52131.12 -10000.00
-51418.08 -10000.00
-51560.51 -10000.00
-50569.65 -10000.00
-51412.70 -10000.00
-51599.15 -10000.00
-52623.36 -10000.00
-51413.80 -10000.00
-52675.87 -10000.00
-50669.25 -10000.00
-51678.64 -10000.00
-52041.05 -10000.00
-51735.38 -10000.00
-51604.07 -10000.00
-51711.27 -10000.00
-50912.01 -10000.00
-51596.66 -10000.00
-50539.53 -10000.00
-51395.24 -10000.00
-52338.35 -10000.00
-50679.10 -10000.00
-52814.20 -10000.00
-51326.93 -10000.00
-51190.06 -10000.00
-51712.93 -10000.00
-51728.19 -10000.00
-52272.07 -10000.00
-51913.19 -10000.00
-52563.11 -10000.00
-51485.70 -10000.00
-52816.30 -10000.00
-52138.19 -10000.00
-51480.87 -10000.00
-51277.48 -10000.00
-52852.62 -10000.00
-51358.46 -10000.00
-52035.36 -10000.00
-52050.98 -10000.00
-51244.87 -10000.00
-51490.92 -10000.00
-51196.96 -10000.00
-52132.35 -10000.00
-50890.06 -10000.00
-50921.16 -10000.00
-52318.44 -10000.00
-51734.85 -10000.00
-51927.69 -10000.00
-50381.62 -10000.00
-51715.35 -10000.00
-51153.18 -10000.00
-50791.20 -10000.00
-51340.46 -10000.00
-51931.10 -10000.00
-52616.74 -10000.00
-50384.35 -10000.00
-51919.62 -10000.00
-52473.23 -10000.00
-50717.30 -10000.00
-51427.72 -10000.00
-51285.94 -10000.00
-52383.56 -10000.00
-51575.57 -10000.00
-52401.77 -10000.00
-51451.03 -10000.00
-51736.94 -10000.00
-52621.62 -10000.00
-51580.15 -10000.00
-52325.06 -10000.00
-51507.28 -10000.00
-51375.66 -10000.00
-52624.74 -10000.00
-51543.70 -10000.00
-51055.83 -10000.00
-50786.45 -10000.00
-51436.48 -10000.00
-51631.43 -10000.00
-51948.99 -10000.00
-51496.63 -10000.00
-52497.46 -10000.00
-51719.98 -10000.00
-51719.94 -10000.00
-51641.41 -10000.00
-49966.67 -10000.00
-51308.73 -10000.00
-51076.07 -10000.00
-52637.17 -10000.00
-51558.89 -10000.00
-50712.60 -10000.00
-51714.82 -10000.00
-52493.21 -10000.00
-51726.80 -10000.00
-51243.94 -10000.00
-50679.24 -10000.00
-51429.25 -10000.00
-50752.58 -10000.00
-51571.91 -10000.00
-50887.18 -10000.00
-52501.95 -10000.00
-53003.17 -10000.00
-51191.00 -10000.00
-50743.24 -10000.00
-50710.45 -10000.00
-51475.20 -10000.00
-52283.41 -10000.00
-52157.23 -10000.00
-51626.19 -10000.00
-52617.33 -10000.00
-51610.86 -10000.00
-51621.96 -10000.00
-51567.15 -10000.00
-51735.73 -10000.00
-51212.70 -10000.00
-50709.20 -10000.00
-52915.53 -10000.00
-51780.57 -10000.00
-52149.77 -10000.00
-51711.88 -10000.00
-52070.39 -10000.00
-52036.36 -10000.00
-51504.85 -10000.00
-51718.14 -10000.00
-52648.62 -10000.00
-52483.62 -10000.00
-52069.19 -10000.00
-51609.00 -10000.00
-51364.73 -10000.00
-51456.30 -10000.00
-51637.82 -10000.00
-51432.34 -10000.00
-52582.69 -10000.00
-52644.51 -10000.00
-50842.82 -10000.00
-51714.04 -10000.00
-52639.85 -10000.00
-50693.29 -10000.00
-51460.67 -10000.00
-52646.80 -10000.00
-52301.70 -10000.00
-50678.03 -10000.00
-50793.81 -10000.00
-50600.83 -10000.00
-52729.42 -10000.00
-52281.26 -10000.00
-51937.82 -10000.00
-51151.57 -10000.00
-52135.92 -10000.00
-49973.63 -10000.00
-53077.35 -10000.00
-50897.30 -10000.00
-51745.87 -10000.00
-51282.78 -10000.00
-52052.78 -10000.00
-51167.33 -10000.00
-51623.74 -10000.00
-51384.51 -10000.00
-50377.25 -10000.00
-51635.47 -10000.00
-51328.24 -10000.00
-52627.43 -10000.00
-52407.42 -10000.00
-50198.04 -10000.00
-51208.76 -10000.00
-50384.37 -10000.00
-53273.53 -10000.00
-52656.33 -10000.00
-51682.99 -10000.00
-50947.34 -10000.00
-52566.16 -10000.00
-52329.30 -10000.00
-51218.92 -10000.00
-51697.14 -10000.00
-51587.98 -10000.00
-52482.52 -10000.00
-52035.94 -10000.00
-51450.75 -10000.00
-51544.74 -10000.00
-50557.18 -10000.00
-50959.17 -10000.00
-51928.82 -10000.00
-51705.14 -10000.00
-51935.76 -10000.00
-52041.94 -10000.00
-50884.52 -10000.00
-51556.52 -10000.00
-52679.51 -10000.00
-52607.03 -10000.00
-51611.08 -10000.00
-51177.25 -10000.00
-50547.83 -10000.00
-51481.85 -10000.00
-51958.15 -10000.00
-51442.11 -10000.00
-51301.87 -10000.00
-51925.84 -10000.00
-51386.63 -10000.00
-52063.73 -10000.00
-51598.80 -10000.00
-52320.50 -10000.00
-51903.69 -10000.00
-51484.94 -10000.00
-51814.31 -10000.00
-51731.62 -10000.00
-50377.66 -10000.00
-51731.99 -10000.00
-51546.05 -10000.00
-52571.21 -10000.00
-51636.94 -10000.00
-52541.27 -10000.00
-51588.76 -10000.00
-52502.02 -10000.00
-51606.38 -10000.00
-52566.52 -10000.00
-52293.37 -10000.00
-52086.91 -10000.00
-51205.13 -10000.00
-51725.78 -10000.00
-49789.02 -10000.00
-52279.44 -10000.00
-51695.31 -10000.00
-50881.10 -10000.00
-51317.79 -10000.00
-51113.31 -10000.00
-51345.47 -10000.00
-50692.08 -10000.00
-52363.73 -10000.00
-50509.33 -10000.00
-51309.78 -10000.00
-51823.61 -10000.00
-52013.95 -10000.00
-50739.07 -10000.00
-53595.50 -10000.00
-52681.16 -10000.00
-52328.24 -10000.00
-51733.95 -10000.00
-50933.97 -10000.00
-51611.48 -10000.00
-50554.79 -10000.00
-52139.88 -10000.00
-52053.62 -10000.00
-51137.07 -10000.00
-51729.19 -10000.00
-51550.86 -10000.00
-51722.29 -10000.00
-51629.24 -10000.00
-52865.23 -10000.00
-51144.63 -10000.00
-52552.84 -10000.00
-50841.01 -10000.00
-51201.44 -10000.00
-52128.27 -10000.00
-51779.13 -10000.00
-52323.47 -10000.00
-52659.14 -10000.00
-51628.62 -10000.00
-51704.92 -10000.00
-50553.73 -10000.00
-51779.08 -10000.00
-52504.09 -10000.00
-52632.44 -10000.00
-51104.44 -10000.00
-51391.08 -10000.00
-50420.24 -10000.00
-50529.68 -10000.00
-51107.82 -10000.00
-52332.76 -10000.00
-51820.80 -10000.00
-51354.54 -10000.00
-51532.01 -10000.00
-51323.11 -10000.00
-50709.29 -10000.00
-52628.21 -10000.00
-52869.16 -10000.00
-51781.20 -10000.00
-49787.98 -10000.00
-52854.55 -10000.00
-51798.52 -10000.00
-52276.41 -10000.00
-51133.95 -10000.00
-52331.64 -10000.00
-51474.31 -10000.00
-50749.42 -10000.00
-51579.32 -10000.00
-52140.76 -10000.00
-53024.89 -10000.00
-51277.19 -10000.00
-52729.11 -10000.00
-51809.28 -10000.00
-50792.53 -10000.00
-51598.16 -10000.00
-51078.70 -10000.00
-52386.06 -10000.00
-51628.48 -10000.00
-52298.36 -10000.00
-51940.51 -10000.00
-52128.37 -10000.00
-51611.55 -10000.00
-50605.36 -10000.00
-53223.38 -10000.00
-52513.47 -10000.00
-52528.03 -10000.00
-51627.49 -10000.00
-52613.20 -10000.00
-51484.80 -10000.00
-51861.52 -10000.00
-51312.61 -10000.00
-51600.04 -10000.00
-52745.99 -10000.00
-52723.68 -10000.00
-51716.00 -10000.00
-51545.43 -10000.00
-50826.43 -10000.00
-52604.37 -10000.00
-51603.54 -10000.00
-52074.19 -10000.00
-51216.37 -10000.00
-52825.53 -10000.00
-51458.96 -10000.00
-52070.49 -10000.00
-51543.16 -10000.00
-51029.41 -10000.00
-51304.70 -10000.00
-51358.73 -10000.00
-51735.79 -10000.00
-52029.92 -10000.00
-52729.10 -10000.00
-51589.23 -10000.00
-51686.48 -10000.00
-52026.16 -10000.00
-51193.27 -10000.00
-51342.15 -10000.00
-51102.05 -10000.00
-50409.53 -10000.00
-51711.21 -10000.00
-51034.48 -10000.00
-50044.86 -10000.00
-51782.35 -10000.00
-52391.95 -10000.00
-51954.14 -10000.00
-50681.61 -10000.00
-52624.96 -10000.00
-52030.53 -10000.00
-51100.82 -10000.00
-52039.03 -10000.00
-51744.86 -10000.00
-51522.90 -10000.00
-52030.22 -10000.00
-51304.47 -10000.00
-51016.42 -10000.00
-52359.69 -10000.00
-51934.17 -10000.00
-52286.25 -10000.00
-51580.04 -10000.00
-52914.27 -10000.00
-52336.31 -10000.00
-51104.48 -10000.00
-51528.40 -10000.00
-51040.68 -10000.00
-52043.66 -10000.00
-52128.81 -10000.00
-51201.21 -10000.00
-53273.30 -10000.00
-50682.58 -10000.00
-51542.21 -10000.00
-52272.47 -10000.00
-52353.59 -10000.00
-51453.32 -10000.00
-50789.40 -10000.00
-52013.92 -10000.00
-51645.41 -10000.00
-52328.06 -10000.00
-52401.63 -10000.00
-52648.96 -10000.00
-51462.50 -10000.00
-50739.88 -10000.00
-51817.95 -10000.00
-53070.88 -10000.00
-52774.82 -10000.00
-53025.23 -10000.00
-51727.42 -10000.00
-52296.11 -10000.00
-52289.55 -10000.00
-52402.12 -10000.00
-52052.56 -10000.00
-50721.07 -10000.00
-53131.60 -10000.00
-51051.52 -10000.00
-51114.32 -10000.00
-52680.31 -10000.00
-52470.98 -10000.00
-50381.48 -10000.00
-51469.87 -10000.00
-51958.51 -10000.00
-51784.87 -10000.00
-50683.62 -10000.00
-51716.64 -10000.00
-52658.14 -10000.00
-50810.77 -10000.00
-51218.63 -10000.00
-51587.47 -10000.00
-50725.24 -10000.00
-51507.93 -10000.00
-51704.36 -10000.00
-51510.05 -10000.00
-51501.35 -10000.00
-50441.56 -10000.00
-52042.89 -10000.00
-51324.61 -10000.00
-50779.28 -10000.00
-51949.97 -10000.00
-52071.52 -10000.00
-50747.78 -10000.00
-51321.15 -10000.00
-50976.38 -10000.00
-50713.41 -10000.00
-50380.24 -10000.00
-51228.12 -10000.00
-49495.88 -10000.00
-50747.23 -10000.00
-51433.91 -10000.00
-51717.17 -10000.00
-50376.58 -10000.00
-51228.63 -10000.00
-51646.32 -10000.00
-52132.52 -10000.00
-51304.73 -10000.00
-53542.02 -10000.00
-51301.31 -10000.00
-51457.41 -10000.00
-51732.11 -10000.00
-51683.99 -10000.00
-52059.52 -10000.00
-49935.91 -10000.00
-51926.93 -10000.00
-51499.32 -10000.00
-51163.51 -10000.00
-50374.88 -10000.00
-50852.44 -10000.00
-50398.63 -10000.00
-51209.82 -10000.00
-50399.53 -10000.00
-51181.84 -10000.00
-52270.80 -10000.00
-51078.55 -10000.00
-51237.88 -10000.00
-51693.98 -10000.00
-51300.75 -10000.00
-51419.18 -10000.00
-51449.09 -10000.00
-52027.76 -10000.00
-51706.89 -10000.00
-51531.72 -10000.00
-50971.93 -10000.00
-51142.99 -10000.00
-50022.84 -10000.00
-52483.10 -10000.00
-51921.29 -10000.00
-49908.30 -10000.00
-50454.10 -10000.00
-50686.09 -10000.00
-51725.27 -10000.00
-51326.97 -10000.00
-50857.80 -10000.00
-50683.14 -10000.00
-51068.47 -10000.00
-52039.89 -10000.00
-50809.66 -10000.00
-50958.25 -10000.00
-51098.17 -10000.00
-50793.89 -10000.00
-51934.19 -10000.00
-50971.51 -10000.00
-50389.81 -10000.00
-49448.18 -10000.00
-50673.03 -10000.00
-50963.92 -10000.00
-51919.75 -10000.00
-50362.80 -10000.00
-51692.08 -10000.00
-50951.00 -10000.00
-51457.00 -10000.00
-51872.22 -10000.00
-51872.89 -10000.00
-50601.90 -10000.00
-50686.46 -10000.00
-50845.93 -10000.00
-50609.28 -10000.00
-48999.40 -10000.00
-50712.22 -10000.00
-49780.42 -10000.00
-50509.84 -10000.00
-50560.90 -10000.00
-50365.85 -10000.00
-50688.45 -10000.00
-50372.15 -10000.00
-51298.13 -10000.00
-51590.14 -10000.00
-50956.37 -10000.00
-51356.43 -10000.00
-51632.34 -10000.00
-51393.74 -10000.00
-52282.09 -10000.00
-51735.82 -10000.00
-52657.57 -10000.00
-50457.13 -10000.00
-51573.28 -10000.00
-50354.26 -10000.00
-51371.71 -10000.00
-50686.86 -10000.00
-51300.27 -10000.00
-50898.55 -10000.00
-51543.49 -10000.00
-52546.56 -10000.00
-51687.26 -10000.00
-51165.48 -10000.00
-50711.77 -10000.00
-51557.62 -10000.00
-50166.05 -10000.00
-51172.17 -10000.00
-51861.83 -10000.00
-50710.06 -10000.00
-51715.86 -10000.00
-51145.13 -10000.00
-51097.63 -10000.00
-51536.98 -10000.00
-50396.19 -10000.00
-51616.76 -10000.00
-50020.09 -10000.00
-50612.11 -10000.00
-51580.35 -10000.00
-50693.52 -10000.00
-51242.73 -10000.00
-49564.77 -10000.00
-50400.90 -10000.00
-51365.77 -10000.00
-52132.23 -10000.00
-50960.10 -10000.00
-50451.60 -10000.00
-52285.65 -10000.00
-50878.32 -10000.00
-52479.29 -10000.00
-51544.51 -10000.00
-50372.64 -10000.00
-50386.94 -10000.00
-50849.23 -10000.00
-51404.68 -10000.00
-51033.54 -10000.00
-51568.13 -10000.00
-49157.54 -10000.00
-51507.67 -10000.00
-50740.14 -10000.00
-50376.89 -10000.00
-50817.85 -10000.00
-51182.88 -10000.00
-50585.53 -10000.00
-50720.62 -10000.00
-52136.20 -10000.00
-51326.43 -10000.00
-51779.28 -10000.00
-51578.25 -10000.00
-51411.13 -10000.00
-51623.86 -10000.00
-50415.54 -10000.00
-51868.46 -10000.00
-50004.51 -10000.00
-52002.67 -10000.00
-51428.58 -10000.00
-50689.34 -10000.00
-50406.63 -10000.00
-51477.10 -10000.00
-51578.27 -10000.00
-51687.25 -10000.00
-50760.80 -10000.00
-50380.80 -10000.00
-51050.21 -10000.00
-52063.19 -10000.00
-50377.92 -10000.00
-50354.11 -10000.00
-51605.57 -10000.00
-50721.92 -10000.00
-50443.28 -10000.00
-52627.20 -10000.00
-51477.46 -10000.00
-50373.88 -10000.00
-51568.60 -10000.00
-50693.49 -10000.00
-52409.53 -10000.00
-51728.22 -10000.00
-50939.47 -10000.00
-52411.11 -10000.00
-51390.30 -10000.00
-51095.04 -10000.00
-50249.16 -10000.00
-50536.78 -10000.00
-50787.64 -10000.00
-50715.45 -10000.00
-51635.46 -10000.00
-51369.30 -10000.00
-50407.06 -10000.00
-52282.07 -10000.00
-51216.07 -10000.00
-50616.43 -10000.00
-50368.88 -10000.00
-51323.16 -10000.00
-51591.16 -10000.00
-51603.10 -10000.00
-51548.75 -10000.00
-51573.78 -10000.00
-51802.98 -10000.00
-52128.43 -10000.00
-51727.00 -10000.00
-51716.02 -10000.00
-52072.26 -10000.00
-51280.35 -10000.00
-51682.13 -10000.00
-51587.00 -10000.00
-51730.93 -10000.00
-51578.27 -10000.00
-52302.14 -10000.00
-51457.91 -10000.00
-51415.65 -10000.00
-50255.44 -10000.00
-51716.19 -10000.00
-51627.85 -10000.00
-51025.32 -10000.00
-51712.84 -10000.00
-51593.79 -10000.00
-51926.72 -10000.00
-51925.51 -10000.00
-51134.19 -10000.00
-49902.02 -10000.00
-51335.98 -10000.00
-51566.77 -10000.00
-50744.41 -10000.00
-50098.62 -10000.00
-51603.76 -10000.00
-50790.09 -10000.00
-51568.83 -10000.00
-50955.33 -10000.00
-51932.80 -10000.00
-51340.17 -10000.00
-50963.26 -10000.00
-49434.15 -10000.00
-51736.80 -10000.00
-52330.80 -10000.00
-52802.89 -10000.00
-50719.26 -10000.00
-51282.65 -10000.00
-51116.89 -10000.00
-51231.63 -10000.00
-50973.84 -10000.00
-51397.09 -10000.00
-50706.33 -10000.00
-52399.65 -10000.00
-50963.77 -10000.00
-50712.79 -10000.00
-50044.76 -10000.00
-50743.16 -10000.00
-51709.07 -10000.00
-50779.33 -10000.00
-50714.26 -10000.00
-51641.47 -10000.00
-52051.49 -10000.00
-51222.24 -10000.00
-50719.72 -10000.00
-51697.08 -10000.00
-51340.44 -10000.00
-52383.72 -10000.00
-50612.77 -10000.00
-49927.97 -10000.00
-50691.95 -10000.00
-52508.41 -10000.00
-52147.51 -10000.00
-50843.08 -10000.00
-52402.19 -10000.00
-51597.94 -10000.00
-51747.17 -10000.00
-50019.94 -10000.00
-51197.10 -10000.00
-50376.50 -10000.00
-50776.51 -10000.00
-52012.38 -10000.00
-50721.96 -10000.00
-51117.65 -10000.00
-51209.64 -10000.00
-51436.34 -10000.00
-51409.59 -10000.00
-51443.26 -10000.00
-51179.53 -10000.00
-50905.05 -10000.00
-51142.89 -10000.00
-51933.76 -10000.00
-51039.62 -10000.00
-51307.00 -10000.00
-51511.19 -10000.00
-51596.09 -10000.00
-51331.93 -10000.00
-50705.59 -10000.00
-51696.50 -10000.00
-51601.40 -10000.00
-51699.81 -10000.00
-50923.57 -10000.00
-50847.05 -10000.00
-50572.42 -10000.00
-51467.57 -10000.00
-51467.74 -10000.00
-49774.92 -10000.00
-51734.31 -10000.00
-51721.34 -10000.00
-51463.10 -10000.00
-51483.63 -10000.00
-52128.57 -10000.00
-50945.34 -10000.00
-48961.62 -10000.00
-50399.86 -10000.00
-49754.72 -10000.00
-50951.66 -10000.00
-52059.44 -10000.00
-51570.45 -10000.00
-51681.23 -10000.00
-52129.92 -10000.00
-51383.82 -10000.00
-50383.16 -10000.00
-51736.18 -10000.00
-51252.99 -10000.00
-51031.64 -10000.00
-50818.89 -10000.00
-51682.92 -10000.00
-51462.83 -10000.00
-51107.55 -10000.00
-50693.51 -10000.00
-50687.08 -10000.00
-50929.29 -10000.00
-50964.95 -10000.00
-51928.48 -10000.00
-49472.69 -10000.00
-50510.64 -10000.00
-51731.16 -10000.00
-50926.11 -10000.00
-50706.83 -10000.00
-50556.04 -10000.00
-51022.59 -10000.00
-51185.66 -10000.00
-50245.01 -10000.00
-49940.20 -10000.00
-52392.73 -10000.00
-52056.01 -10000.00
-51350.74 -10000.00
-51232.51 -10000.00
-51719.16 -10000.00
-49304.58 -10000.00
-50664.44 -10000.00
-50854.96 -10000.00
-49686.90 -10000.00
-51567.73 -10000.00
-50592.80 -10000.00
-51944.81 -10000.00
-51141.54 -10000.00
-49479.30 -10000.00
-51604.64 -10000.00
-51524.70 -10000.00
-50709.05 -10000.00
-50934.18 -10000.00
-51426.97 -10000.00
-52558.46 -10000.00
-52149.43 -10000.00
-51025.31 -10000.00
-50719.46 -10000.00
-51303.94 -10000.00
-49318.53 -10000.00
-50419.93 -10000.00
-50091.66 -10000.00
-51285.96 -10000.00
-51574.84 -10000.00
-51465.84 -10000.00
-51307.34 -10000.00
-51495.12 -10000.00
-51811.30 -10000.00
-52031.42 -10000.00
-51325.32 -10000.00
-50459.91 -10000.00
-50667.58 -10000.00
-51578.94 -10000.00
-51554.84 -10000.00
-53020.42 -10000.00
-51092.29 -10000.00
-51357.62 -10000.00
-50370.69 -10000.00
-51322.92 -10000.00
-50742.25 -10000.00
-51508.31 -10000.00
-51334.21 -10000.00
-51074.70 -10000.00
-51427.82 -10000.00
-52473.48 -10000.00
-52837.85 -10000.00
-52759.45 -10000.00
-52485.64 -10000.00
-52279.01 -10000.00
-51135.01 -10000.00
-50456.11 -10000.00
-52326.77 -10000.00
-50690.52 -10000.00
-50835.87 -10000.00
-51311.62 -10000.00
-51356.77 -10000.00
-50742.39 -10000.00
-50410.87 -10000.00
-52290.74 -10000.00
-50394.18 -10000.00
-52040.77 -10000.00
-50829.01 -50829.01
-49905.35 -49905.35
-49928.74 -49905.35
-50894.79 -49905.35
-49661.16 -49661.16
-49994.86 -49661.16
-49851.71 -49661.16
-48564.24 -48564.24
-48565.87 -48564.24
-49903.99 -48564.24
-46872.23 -46872.23
-46993.25 -46872.23
-46573.00 -46573.00
-46611.39 -46573.00
-47136.61 -46573.00
-46017.57 -46017.57
-45980.34 -45980.34
-43932.42 -43932.42
-42912.88 -42912.88
-43127.42 -42912.88
-43103.18 -42912.88
-42009.16 -42009.16
-41123.98 -41123.98
-43058.08 -41123.98
-41732.49 -41123.98
-41084.13 -41084.13
-41954.36 -41084.13
-42353.40 -41084.13
-41056.40 -41056.40
-41440.39 -41056.40
-44159.74 -41056.40
-42023.13 -41056.40
-39745.68 -39745.68
-39984.81 -39745.68
-39759.67 -39745.68
-40002.89 -39745.68
-40657.39 -39745.68
-40004.97 -39745.68
-37991.73 -37991.73
-35963.46 -35963.46
-35982.26 -35963.46
-34856.16 -34856.16
-36087.38 -34856.16
-34006.36 -34006.36
-35297.64 -34006.36
-35106.12 -34006.36
-33305.10 -33305.10
-31630.55 -31630.55
-31119.27 -31119.27
-31868.19 -31119.27
-29683.81 -29683.81
-31647.02 -29683.81
-31617.32 -29683.81
-31690.84 -29683.81
-29816.63 -29683.81
-33508.20 -29683.81
-29269.44 -29269.44
-30532.57 -29269.44
-28492.57 -28492.57
-28929.62 -28492.57
-28221.24 -28221.24
-28895.43 -28221.24
-27784.96 -27784.96
-29085.48 -27784.96
-27794.99 -27784.96
-27695.34 -27695.34
-27826.52 -27695.34
-27873.32 -27695.34
-27777.69 -27695.34
-27773.82 -27695.34
-27811.48 -27695.34
-27859.53 -27695.34
-29276.21 -27695.34
-27794.51 -27695.34
-27801.07 -27695.34
-28559.18 -27695.34
-28418.60 -27695.34
-27772.58 -27695.34
-28220.55 -27695.34
-28622.66 -27695.34
-28353.80 -27695.34
-27870.41 -27695.34
-28285.57 -27695.34
-27771.57 -27695.34
-28131.85 -27695.34
-28344.26 -27695.34
-28278.95 -27695.34
-28663.89 -27695.34
-28496.13 -27695.34
-28928.77 -27695.34
-28398.67 -27695.34
-27788.19 -27695.34
-27777.40 -27695.34
-27695.16 -27695.16
-28354.44 -27695.16
-27697.34 -27695.16
-27794.02 -27695.16
-28868.55 -27695.16
-28379.33 -27695.16
-28917.00 -27695.16
-27780.31 -27695.16
-28394.80 -27695.16
-28491.48 -27695.16
-27809.23 -27695.16
-28581.69 -27695.16
-28370.91 -27695.16
-28556.88 -27695.16
-28877.17 -27695.16
-28304.00 -27695.16
-27771.56 -27695.16
-28394.26 -27695.16
-28473.47 -27695.16
-27783.94 -27695.16
-28512.54 -27695.16
-28404.71 -27695.16
-28384.60 -27695.16
-27789.26 -27695.16
-27779.95 -27695.16
-27856.98 -27695.16
-28598.70 -27695.16
-27808.49 -27695.16
-28336.08 -27695.16
-27777.48 -27695.16
-27785.82 -27695.16
-28382.73 -27695.16
-28429.84 -27695.16
-28397.75 -27695.16
-27783.03 -27695.16
-27779.86 -27695.16
-28367.46 -27695.16
-29928.93 -27695.16
-28742.56 -27695.16
-28044.44 -27695.16
-27804.19 -27695.16
-27765.68 -27695.16
-27797.53 -27695.16
-29664.28 -27695.16
-28531.95 -27695.16
-27933.45 -27695.16
-27906.79 -27695.16
-27932.28 -27695.16
-28360.70 -27695.16
-28584.79 -27695.16
-28348.72 -27695.16
-28431.00 -27695.16
-27806.28 -27695.16
-27797.67 -27695.16
-28863.82 -27695.16
-28249.63 -27695.16
-28518.11 -27695.16
-27771.60 -27695.16
-27867.39 -27695.16
-28027.01 -27695.16
-28292.71 -27695.16
-27772.14 -27695.16
-27804.03 -27695.16
-28295.10 -27695.16
-28226.44 -27695.16
-27791.57 -27695.16
-27795.11 -27695.16
-27830.44 -27695.16
-28588.70 -27695.16
-28397.91 -27695.16
-29803.22 -27695.16
-27873.94 -27695.16
-27771.23 -27695.16
-27815.23 -27695.16
-27773.53 -27695.16
-29078.87 -27695.16
-28389.73 -27695.16
-28497.83 -27695.16
-28282.21 -27695.16
-27780.35 -27695.16
-29510.81 -27695.16
-28353.81 -27695.16
-27786.98 -27695.16
-28353.34 -27695.16
-28603.95 -27695.16
-28425.61 -27695.16
-28603.86 -27695.16
-28598.21 -27695.16
-27781.67 -27695.16
-27812.77 -27695.16
-28912.77 -27695.16
-27781.03 -27695.16
-28537.11 -27695.16
-27836.12 -27695.16
-28388.88 -27695.16
-28402.60 -27695.16
-28221.41 -27695.16
-28531.87 -27695.16
-28280.42 -27695.16
-27803.73 -27695.16
-28550.97 -27695.16
-28835.08 -27695.16
-27695.37 -27695.37
-28331.49 -27695.37
-27781.71 -27695.37
-28607.34 -27695.37
-28486.29 -27695.37
-27772.76 -27695.37
-27889.45 -27695.37
-27766.09 -27695.37
-28555.77 -27695.37
-27694.84 -27694.84
-28617.80 -27694.84
-27884.47 -27694.84
-27869.94 -27694.84
-29142.09 -27694.84
-27834.39 -27694.84
-27813.47 -27694.84
-28400.26 -27694.84
-28521.23 -27694.84
-28403.25 -27694.84
-28546.43 -27694.84
-28293.50 -27694.84
-27812.34 -27694.84
-29564.64 -27694.84
-27697.02 -27694.84
-27851.88 -27694.84
-28487.55 -27694.84
-28552.19 -27694.84
-27695.10 -27695.10
-28724.42 -27695.10
-28380.13 -27695.10
-27811.41 -27695.10
-28557.26 -27695.10
-28495.04 -27695.10
-27767.32 -27695.10
-27771.69 -27695.10
-27812.58 -27695.10
-27784.03 -27695.10
-28148.28 -27695.10
-29835.12 -27695.10
-28548.49 -27695.10
-28380.07 -27695.10
-28637.56 -27695.10
-27803.63 -27695.10
-28400.57 -27695.10
-28045.12 -27695.10
-27784.93 -27695.10
-28395.28 -27695.10
-27696.75 -27695.10
-28024.96 -27695.10
-28505.01 -27695.10
-27772.33 -27695.10
-28226.86 -27695.10
-27774.43 -27695.10
-27786.52 -27695.10
-28026.55 -27695.10
-28875.56 -27695.10
-28810.00 -27695.10
-28560.26 -27695.10
-27694.80 -27694.80
-27816.07 -27694.80
-28518.72 -27694.80
-28836.60 -27694.80
-28467.09 -27694.80
-28525.61 -27694.80
-28375.88 -27694.80
-27786.51 -27694.80
-28218.32 -27694.80
-27772.59 -27694.80
-27805.23 -27694.80
-28524.28 -27694.80
-28268.79 -27694.80
-28478.55 -27694.80
-27781.41 -27694.80
-28468.87 -27694.80
-28384.03 -27694.80
-27855.85 -27694.80
-27782.29 -27694.80
-28246.00 -27694.80
-28552.22 -27694.80
-29928.46 -27694.80
-28561.85 -27694.80
-27795.35 -27694.80
-29929.03 -27694.80
-28967.56 -27694.80
-27812.92 -27694.80
-28516.50 -27694.80
-28576.20 -27694.80
-28583.69 -27694.80
-27771.98 -27694.80
-28706.52 -27694.80
-28374.84 -27694.80
-29239.82 -27694.80
-27772.04 -27694.80
-28515.06 -27694.80
-28535.02 -27694.80
-28481.11 -27694.80
-27811.50 -27694.80
-28043.47 -27694.80
-27764.12 -27694.80
-27816.24 -27694.80
-28379.13 -27694.80
-28511.32 -27694.80
-29264.34 -27694.80
-28267.74 -27694.80
-29265.09 -27694.80
-27794.54 -27694.80
-28086.94 -27694.80
-27865.50 -27694.80
-28279.22 -27694.80
-28442.66 -27694.80
-28507.95 -27694.80
-29828.80 -27694.80
-27694.83 -27694.83
-28370.82 -27694.83
-28401.75 -27694.83
-27816.05 -27694.83
-28232.71 -27694.83
-28876.31 -27694.83
-28426.83 -27694.83
-27991.21 -27694.83
-28878.42 -27694.83
-29668.47 -27694.83
-28510.90 -27694.83
-28024.94 -27694.83
-28585.47 -27694.83
-27811.39 -27694.83
-28399.90 -27694.83
-28401.07 -27694.83
-27821.31 -27694.83
-28739.68 -27694.83
-28384.29 -27694.83
-28358.20 -27694.83
-27991.38 -27694.83
-27800.79 -27694.83
-28383.81 -27694.83
-28555.62 -27694.83
-27833.12 -27694.83
-28465.27 -27694.83
-28532.85 -27694.83
-27788.45 -27694.83
-28742.44 -27694.83
-28216.53 -27694.83
-27771.66 -27694.83
-28551.59 -27694.83
-27792.94 -27694.83
-27775.23 -27694.83
-27902.47 -27694.83
-29391.27 -27694.83
-28492.60 -27694.83
-27696.20 -27694.83
-28246.62 -27694.83
-27786.79 -27694.83
-27825.68 -27694.83
-28362.62 -27694.83
-28285.19 -27694.83
-28355.10 -27694.83
-27797.93 -27694.83
-28558.99 -27694.83
-27796.27 -27694.83
-27786.46 -27694.83
-28397.37 -27694.83
-28736.78 -27694.83
-27773.59 -27694.83
-27772.69 -27694.83
-28549.93 -27694.83
-28328.43 -27694.83
-28479.83 -27694.83
-27830.93 -27694.83
-27775.08 -27694.83
-28417.56 -27694.83
-27784.23 -27694.83
-28257.03 -27694.83
-27874.71 -27694.83
-28521.45 -27694.83
-27779.97 -27694.83
-28467.78 -27694.83
-27796.63 -27694.83
-28561.02 -27694.83
-28510.77 -27694.83
-28388.10 -27694.83
-27810.16 -27694.83
-27906.20 -27694.83
-28493.73 -27694.83
-27792.74 -27694.83
-27811.94 -27694.83
-28381.30 -27694.83
-28427.25 -27694.83
-28516.25 -27694.83
-27833.60 -27694.83
-27810.26 -27694.83
-27851.29 -27694.83
-28387.72 -27694.83
-28398.16 -27694.83
-27778.99 -27694.83
-28381.56 -27694.83
-27812.86 -27694.83
-28277.54 -27694.83
-27766.88 -27694.83
-27811.34 -27694.83
-27931.36 -27694.83
-27771.57 -27694.83
-27771.57 -27694.83
-27909.98 -27694.83
-28618.22 -27694.83
-28442.57 -27694.83
-27984.13 -27694.83
-28371.31 -27694.83
-28690.13 -27694.83
-27766.25 -27694.83
-27759.34 -27694.83
-27996.50 -27694.83
-27768.64 -27694.83
-28538.52 -27694.83
-28521.09 -27694.83
-28575.32 -27694.83
-28044.77 -27694.83
-29840.44 -27694.83
-28685.31 -27694.83
-27784.44 -27694.83
-28278.30 -27694.83
-50413.64 -27694.83
-51406.23 -27694.83
-50398.86 -27694.83
-51237.88 -27694.83
-51388.36 -27694.83
-49924.58 -27694.83
-50829.33 -27694.83
-50441.80 -27694.83
-52154.65 -27694.83
-50383.27 -27694.83
-51311.09 -27694.83
-49650.79 -27694.83
-51302.15 -27694.83
-50892.93 -27694.83
-51043.80 -27694.83
-51278.50 -27694.83
-50973.39 -27694.83
-50608.67 -27694.83
-51283.37 -27694.83
-52046.94 -27694.83
-52318.51 -27694.83
-51568.46 -27694.83
-50709.39 -27694.83
-51023.53 -27694.83
-52040.28 -27694.83
-50461.83 -27694.83
-52412.61 -27694.83
-51707.72 -27694.83
-51733.36 -27694.83
-51016.80 -27694.83
-50744.07 -27694.83
-49875.58 -27694.83
-51115.33 -27694.83
-50700.37 -27694.83
-52127.98 -27694.83
-51470.91 -27694.83
-50604.66 -27694.83
-50415.16 -27694.83
-50682.27 -27694.83
-50846.42 -27694.83
-49637.35 -27694.83
-50380.11 -27694.83
-50970.76 -27694.83
-49995.28 -27694.83
-51725.57 -27694.83
-52676.14 -27694.83
-51490.30 -27694.83
-51717.41 -27694.83
-51714.14 -27694.83
-51371.05 -27694.83
-50670.41 -27694.83
-50004.53 -27694.83
-50207.62 -27694.83
-49187.72 -27694.83
-51577.04 -27694.83
-52064.54 -27694.83
-51420.33 -27694.83
-51604.55 -27694.83
-50539.65 -27694.83
-50589.11 -27694.83
-52504.16 -27694.83
-50684.29 -27694.83
-50588.32 -27694.83
-50667.70 -27694.83
-52267.75 -27694.83
-51265.34 -27694.83
-50871.71 -27694.83
-51695.31 -27694.83
-50819.04 -27694.83
-50366.22 -27694.83
-51152.42 -27694.83
-51099.17 -27694.83
-51300.55 -27694.83
-49850.95 -27694.83
-51566.94 -27694.83
-51558.13 -27694.83
-51320.14 -27694.83
-52040.61 -27694.83
-51380.04 -27694.83
-50678.08 -27694.83
-50213.54 -27694.83
-51251.97 -27694.83
-50259.71 -27694.83
-50686.20 -27694.83
-49967.09 -27694.83
-51537.31 -27694.83
-51331.28 -27694.83
-52385.33 -27694.83
-51029.22 -27694.83
-51806.40 -27694.83
-50409.50 -27694.83
-51187.05 -27694.83
-51917.68 -27694.83
-51449.35 -27694.83
-52547.94 -27694.83
-52402.42 -27694.83
-50383.24 -27694.83
-50377.95 -27694.83
-51302.09 -27694.83
-50966.63 -27694.83
-50017.27 -27694.83
-50409.11 -27694.83
-51684.41 -27694.83
-50708.10 -27694.83
-51816.75 -27694.83
-50832.47 -27694.83
-51549.73 -27694.83
-51338.42 -27694.83
-49959.57 -27694.83
-49964.65 -27694.83
-51557.24 -27694.83
-50187.84 -27694.83
-50598.23 -27694.83
-51400.50 -27694.83
-52614.53 -27694.83
-51023.54 -27694.83
-51367.10 -27694.83
-50427.14 -27694.83
-51101.08 -27694.83
-50418.60 -27694.83
-50825.56 -27694.83
-50870.68 -27694.83
-49949.94 -27694.83
-51787.24 -27694.83
-50763.84 -27694.83
-50710.04 -27694.83
-51694.83 -27694.83
-50378.36 -27694.83
-49135.39 -27694.83
-50176.71 -27694.83
-50729.60 -27694.83
-50709.31 -27694.83
-51938.92 -27694.83
-51364.63 -27694.83
-51195.99 -27694.83
-51361.94 -27694.83
-51707.39 -27694.83
-50687.72 -27694.83
-50863.34 -27694.83
-51407.46 -27694.83
-51783.13 -27694.83
-51097.50 -27694.83
-50682.83 -27694.83
-51714.88 -27694.83
-52246.21 -27694.83
-50843.00 -27694.83
-49711.92 -27694.83
-51731.64 -27694.83
-51137.49 -27694.83
-51514.27 -27694.83
-51612.12 -27694.83
-49926.13 -27694.83
-50880.95 -27694.83
-51724.66 -27694.83
-52044.90 -27694.83
-49933.59 -27694.83
-49142.68 -27694.83
-50942.80 -27694.83
-51495.88 -27694.83
-50713.96 -27694.83
-51145.66 -27694.83
-50893.62 -27694.83
-51710.61 -27694.83
-51314.91 -27694.83
-50792.06 -27694.83
-51340.21 -27694.83
-52051.89 -27694.83
-50786.79 -27694.83
-51429.36 -27694.83
-50906.38 -27694.83
-51325.15 -27694.83
-51695.09 -27694.83
-52043.76 -27694.83
-52605.12 -27694.83
-51495.57 -27694.83
-50421.87 -27694.83
-51556.04 -27694.83
-50935.84 -27694.83
-51239.23 -27694.83
-51523.77 -27694.83
-50260.78 -27694.83
-50678.46 -27694.83
-51053.49 -27694.83
-51237.72 -27694.83
-52075.38 -27694.83
-50498.93 -27694.83
-51574.82 -27694.83
-51583.96 -27694.83
-50511.55 -27694.83
-50864.24 -27694.83
-50436.60 -27694.83
-51196.27 -27694.83
-50972.71 -27694.83
-50710.63 -27694.83
-50871.47 -27694.83
-50607.06 -27694.83
-50179.48 -27694.83
-51327.37 -27694.83
-51326.31 -27694.83
-50443.05 -27694.83
-51423.72 -27694.83
-50813.49 -27694.83
-50863.93 -27694.83
-51495.51 -27694.83
-51432.25 -27694.83
-52139.34 -27694.83
-50390.98 -27694.83
-52380.59 -27694.83
-51452.30 -27694.83
-51567.18 -27694.83
-50695.78 -27694.83
-51598.01 -27694.83
-50519.98 -27694.83
-51175.77 -27694.83
-50935.11 -27694.83
-50692.12 -27694.83
-50942.48 -27694.83
-51800.06 -27694.83
-51617.21 -27694.83
-51344.97 -27694.83
-49946.20 -27694.83
-52643.83 -27694.83
-50877.87 -27694.83
-51053.66 -27694.83
-52015.90 -27694.83
-50379.53 -27694.83
-51578.06 -27694.83
-50741.09 -27694.83
-51237.20 -27694.83
-50773.71 -27694.83
-52056.81 -27694.83
-50145.16 -27694.83
-50384.49 -27694.83
-51155.75 -27694.83
-51505.21 -27694.83
-51428.76 -27694.83
-51957.60 -27694.83
-50881.24 -27694.83
-51678.23 -27694.83
-51533.45 -27694.83
-51712.54 -27694.83
-50709.91 -27694.83
-51252.87 -27694.83
-50759.34 -27694.83
-50261.76 -27694.83
-51565.62 -27694.83
-50666.25 -27694.83
-50473.62 -27694.83
-50382.07 -27694.83
-51616.43 -27694.83
-52526.34 -27694.83
-51438.18 -27694.83
-50184.28 -27694.83
-51634.12 -27694.83
-50836.40 -27694.83
-51682.50 -27694.83
-51218.80 -27694.83
-50585.74 -27694.83
-51714.96 -27694.83
-51574.38 -27694.83
-50890.09 -27694.83
-50392.41 -27694.83
-51703.85 -27694.83
-50594.47 -27694.83
-50455.94 -27694.83
-50914.03 -27694.83
-51014.31 -27694.83
-50691.01 -27694.83
-50443.39 -27694.83
-51734.90 -27694.83
-51482.63 -27694.83
-50370.11 -27694.83
-51291.35 -27694.83
-49447.42 -27694.83
-51728.55 -27694.83
-52043.27 -27694.83
-51388.46 -27694.83
-50371.55 -27694.83
-51474.70 -27694.83
-52364.77 -27694.83
-51610.62 -27694.83
-49465.80 -27694.83
-51363.94 -27694.83
-52400.33 -27694.83
-50369.37 -27694.83
-51186.23 -27694.83
-50459.03 -27694.83
-51211.73 -27694.83
-52475.55 -27694.83
-51722.13 -27694.83
-51427.94 -27694.83
-50712.52 -27694.83
-50373.93 -27694.83
-50703.08 -27694.83
-52621.46 -27694.83
-52128.61 -27694.83
-50374.78 -27694.83
-50049.90 -27694.83
-51064.26 -27694.83
-51363.56 -27694.83
-51572.54 -27694.83
-49446.19 -27694.83
-50179.38 -27694.83
-51485.55 -27694.83
-51013.24 -27694.83
-50607.29 -27694.83
-51480.79 -27694.83
-50555.28 -27694.83
-49995.06 -27694.83
-50396.20 -27694.83
-50834.86 -27694.83
-51474.70 -27694.83
-51541.03 -27694.83
-52015.76 -27694.83
-51145.16 -27694.83
-51314.70 -27694.83
-51480.18 -27694.83
-51349.09 -27694.83
-51477.20 -27694.83
-51376.26 -27694.83
-49486.29 -27694.83
-50603.82 -27694.83
-51361.40 -27694.83
-49636.61 -27694.83
-50398.27 -27694.83
-50461.21 -27694.83
-51439.55 -27694.83
-51238.73 -27694.83
-51511.34 -27694.83
-51593.78 -27694.83
-50612.82 -27694.83
-51727.70 -27694.83
-51358.24 -27694.83
-51106.62 -27694.83
-50866.32 -27694.83
-51547.06 -27694.83
-50031.25 -27694.83
-51615.95 -27694.83
-50683.06 -27694.83
-50712.66 -27694.83
-51325.98 -27694.83
-51725.18 -27694.83
-51558.17 -27694.83
-51467.81 -27694.83
-50428.00 -27694.83
-52286.18 -27694.83
-51296.39 -27694.83
-50244.81 -27694.83
-50834.09 -27694.83
-51576.48 -27694.83
-50918.99 -27694.83
-50816.71 -27694.83
-51919.90 -27694.83
-49485.83 -27694.83
-50372.52 -27694.83
-50232.21 -27694.83
-50870.25 -27694.83
-50705.20 -27694.83
-50802.24 -27694.83
-50534.37 -27694.83
-49158.06 -27694.83
-51308.75 -27694.83
-51957.98 -27694.83
-51378.81 -27694.83
-51455.12 -27694.83
-50250.11 -27694.83
-52476.31 -27694.83
-52600.22 -27694.83
-51338.79 -27694.83
-51906.07 -27694.83
-50742.46 -27694.83
-50756.19 -27694.83
-50566.21 -27694.83
-50953.47 -27694.83
-51507.30 -27694.83
-51103.87 -27694.83
-50394.62 -27694.83
-50953.39 -27694.83
-50578.88 -27694.83
-52282.91 -27694.83
-50874.98 -27694.83
-50196.93 -27694.83
-51700.46 -27694.83
-51777.85 -27694.83
-50843.90 -27694.83
-50371.15 -27694.83
-51609.01 -27694.83
-50873.33 -27694.83
-50717.76 -27694.83
-50785.77 -27694.83
-50526.36 -27694.83
-51177.75 -27694.83
-51447.94 -27694.83
-51731.94 -27694.83
-49819.43 -27694.83
-51118.36 -27694.83
-51382.21 -27694.83
-50975.53 -27694.83
-50534.89 -27694.83
-50610.47 -27694.83
-50850.19 -27694.83
-50180.90 -27694.83
-51526.05 -27694.83
-51115.03 -27694.83
-51241.25 -27694.83
-51438.98 -27694.83
-50370.73 -27694.83
-50922.79 -27694.83
-51103.59 -27694.83
-52016.17 -27694.83
-50546.31 -27694.83
-50763.13 -27694.83
-51436.73 -27694.83
-50578.48 -27694.83
-51600.52 -27694.83
-51558.22 -27694.83
-51866.07 -27694.83
-51703.84 -27694.83
-52128.28 -27694.83
-51687.23 -27694.83
-51706.63 -27694.83
-52399.88 -27694.83
-52137.14 -27694.83
-50537.65 -27694.83
-52035.64 -27694.83
-51377.87 -27694.83
-50966.76 -27694.83
-52476.24 -27694.83
-51051.23 -27694.83
-51484.11 -27694.83
-52358.44 -27694.83
-51715.84 -27694.83
-51096.25 -27694.83
-51733.39 -27694.83
-52698.83 -27694.83
-51481.60 -27694.83
-51736.14 -27694.83
-53229.65 -27694.83
-53264.00 -27694.83
-51049.97 -27694.83
-51156.80 -27694.83
-51942.94 -27694.83
-52004.95 -27694.83
-51198.96 -27694.83
-52368.57 -27694.83
-50365.77 -27694.83
-51146.94 -27694.83
-50714.27 -27694.83
-51344.17 -27694.83
-51471.02 -27694.83
-52677.40 -27694.83
-52265.92 -27694.83
-52945.12 -27694.83
-50485.69 -27694.83
-52479.41 -27694.83
-51583.14 -27694.83
-51635.70 -27694.83
-51958.32 -27694.83
-51103.52 -27694.83
-50211.72 -27694.83
-52052.47 -27694.83
-51823.64 -27694.83
-51212.64 -27694.83
-49911.93 -27694.83
-52525.73 -27694.83
-51442.18 -27694.83
-51956.59 -27694.83
-53008.12 -27694.83
-50677.76 -27694.83
-50395.84 -27694.83
-51740.19 -27694.83
-52133.81 -27694.83
-52056.46 -27694.83
-52040.04 -27694.83
-53446.09 -27694.83
-52154.52 -27694.83
-52045.29 -27694.83
-51732.11 -27694.83
-53258.82 -27694.83
-49876.26 -27694.83
-51712.98 -27694.83
-52025.41 -27694.83
-52291.33 -27694.83
-49579.09 -27694.83
-51705.93 -27694.83
-52596.48 -27694.83
-52035.84 -27694.83
-51714.83 -27694.83
-52676.35 -27694.83
-52724.06 -27694.83
-51637.83 -27694.83
-51090.82 -27694.83
-51727.68 -27694.83
-50976.13 -27694.83
-51723.62 -27694.83
-52035.70 -27694.83
-51119.07 -27694.83
-50711.79 -27694.83
-51279.35 -27694.83
-51614.49 -27694.83
-50722.57 -27694.83
-50685.22 -27694.83
-50394.90 -27694.83
-51498.11 -27694.83
-52129.85 -27694.83
-52633.43 -27694.83
-51802.14 -27694.83
-51566.42 -27694.83
-51012.87 -27694.83
-52137.02 -27694.83
-52407.49 -27694.83
-51559.23 -27694.83
-52324.41 -27694.83
-51865.01 -27694.83
-50770.01 -27694.83
-50405.54 -27694.83
-52479.13 -27694.83
-51572.02 -27694.83
-51457.71 -27694.83
-52599.09 -27694.83
-51930.12 -27694.83
-51722.82 -27694.83
-51251.56 -27694.83
-52039.36 -27694.83
-51232.75 -27694.83
-52154.26 -27694.83
-51642.44 -27694.83
-51536.66 -27694.83
-51469.20 -27694.83
-52128.08 -27694.83
-51497.69 -27694.83
-52285.12 -27694.83
-51934.55 -27694.83
-50962.33 -27694.83
-50932.39 -27694.83
-52777.00 -27694.83
-51030.62 -27694.83
-52352.59 -27694.83
-51148.23 -27694.83
-52341.05 -27694.83
-50608.90 -27694.83
-52603.04 -27694.83
-52469.28 -27694.83
-50448.65 -27694.83
-51706.77 -27694.83
-51138.07 -27694.83
-53369.95 -27694.83
-50441.68 -27694.83
-52476.23 -27694.83
-51571.44 -27694.83
-51296.00 -27694.83
-51038.98 -27694.83
-53075.72 -27694.83
-50185.26 -27694.83
-50910.26 -27694.83
-51234.45 -27694.83
-52478.81 -27694.83
-51637.88 -27694.83
-51322.62 -27694.83
-52068.86 -27694.83
-50667.52 -27694.83
-51307.19 -27694.83
-51104.55 -27694.83
-51505.29 -27694.83
-50810.11 -27694.83
-50928.81 -27694.83
-52523.72 -27694.83
-52051.22 -27694.83
-51587.07 -27694.83
-51958.00 -27694.83
-51903.97 -27694.83
-50764.76 -27694.83
-51941.33 -27694.83
-52610.90 -27694.83
-51606.32 -27694.83
-51357.63 -27694.83
-52597.87 -27694.83
-51722.89 -27694.83
-51598.20 -27694.83
-52052.70 -27694.83
-52731.11 -27694.83
-51295.27 -27694.83
-50846.24 -27694.83
-50757.54 -27694.83
-52070.78 -27694.83
-51324.15 -27694.83
-51603.43 -27694.83
-50532.41 -27694.83
-52722.06 -27694.83
-51808.62 -27694.83
-51468.35 -27694.83
-51218.08 -27694.83
-51333.12 -27694.83
-51150.46 -27694.83
-51093.16 -27694.83
-52396.69 -27694.83
-51935.72 -27694.83
-51586.58 -27694.83
-50792.23 -27694.83
-51159.49 -27694.83
-52402.74 -27694.83
-52521.18 -27694.83
-51830.10 -27694.83
-50798.66 -27694.83
-50678.76 -27694.83
-50931.61 -27694.83
-52402.87 -27694.83
-49409.27 -27694.83
-50832.39 -27694.83
-50784.86 -27694.83
-49929.30 -27694.83
-51281.98 -27694.83
-50760.33 -27694.83
-51107.27 -27694.83
-50685.37 -27694.83
-51407.94 -27694.83
-52055.52 -27694.83
-52154.47 -27694.83
-51321.48 -27694.83
-52584.70 -27694.83
-52070.69 -27694.83
-51193.11 -27694.83
-51733.71 -27694.83
-49957.71 -27694.83
-52613.18 -27694.83
-51628.17 -27694.83
-50967.29 -27694.83
-51281.22 -27694.83
-49972.02 -27694.83
-50955.64 -27694.83
-51583.94 -27694.83
-52131.47 -27694.83
-51100.66 -27694.83
-52132.97 -27694.83
-50551.20 -27694.83
-50528.46 -27694.83
-51202.23 -27694.83
-50696.80 -27694.83
-51634.50 -27694.83
-52069.34 -27694.83
-51025.59 -27694.83
-51522.46 -27694.83
-53138.73 -27694.83
-52608.05 -27694.83
-51525.76 -27694.83
-52478.67 -27694.83
-52615.87 -27694.83
-51058.68 -27694.83
-50806.67 -27694.83
-51642.59 -27694.83
-50713.25 -27694.83
-51916.16 -27694.83
-50557.81 -27694.83
-50690.70 -27694.83
-51167.12 -27694.83
-51464.41 -27694.83
-52397.23 -27694.83
-51458.89 -27694.83
-51386.82 -27694.83
-51209.02 -27694.83
-51285.85 -27694.83
-51735.54 -27694.83
-52466.59 -27694.83
-52384.98 -27694.83
-51746.03 -27694.83
-52795.40 -27694.83
-50850.34 -27694.83
-51013.39 -27694.83
-50948.06 -27694.83
-52062.06 -27694.83
-52650.22 -27694.83
-51707.38 -27694.83
-51944.65 -27694.83
-52247.73 -27694.83
-50499.06 -27694.83
-51705.48 -27694.83
-51715.04 -27694.83
-52488.18 -27694.83
-52656.45 -27694.83
-51349.29 -27694.83
-50499.22 -27694.83
-52550.94 -27694.83
-50745.11 -27694.83
-51243.11 -27694.83
-51099.02 -27694.83
-50532.17 -27694.83
-51710.05 -27694.83
-51469.35 -27694.83
-52585.16 -27694.83
-52660.14 -27694.83
-52386.23 -27694.83
-52147.53 -27694.83
-51737.29 -27694.83
-51282.38 -27694.83
-50961.68 -27694.83
-52359.09 -27694.83
-52496.91 -27694.83
-52291.57 -27694.83
-50403.76 -27694.83
-52151.93 -27694.83
-52470.20 -27694.83
-51726.03 -27694.83
-50961.38 -27694.83
-52300.02 -27694.83
-52925.42 -27694.83
-51730.30 -27694.83
-52543.28 -27694.83
-50568.58 -27694.83
-51413.83 -27694.83
-51212.49 -27694.83
-51578.25 -27694.83
-52246.71 -27694.83
-53007.77 -27694.83
-53078.10 -27694.83
-52401.12 -27694.83
-51735.96 -27694.83
-52131.36 -27694.83
-51606.46 -27694.83
-52513.55 -27694.83
-51133.43 -27694.83
-51686.51 -27694.83
-52477.31 -27694.83
-51358.44 -27694.83
-50758.52 -27694.83
-51282.35 -27694.83
-52069.00 -27694.83
-51507.31 -27694.83
-51145.91 -27694.83
-52489.44 -27694.83
-51485.50 -27694.83
-52689.37 -27694.83
-50686.48 -27694.83
-52395.96 -27694.83
-52405.91 -27694.83
-53159.96 -27694.83
-51112.79 -27694.83
-49761.94 -27694.83
-51500.18 -27694.83
-51134.97 -27694.83
-52650.56 -27694.83
-51192.87 -27694.83
-51380.17 -27694.83
-52038.48 -27694.83
-49993.53 -27694.83
-50448.32 -27694.83
-52326.47 -27694.83
-51325.95 -27694.83
-51438.60 -27694.83
-50836.23 -27694.83
-51071.74 -27694.83
-51233.67 -27694.83
-51019.30 -27694.83
-51938.08 -27694.83
-51142.86 -27694.83
-51235.03 -27694.83
-52662.87 -27694.83
-52266.35 -27694.83
-52628.40 -27694.83
-52489.21 -27694.83
-51344.21 -27694.83
-51301.00 -27694.83
-51566.47 -27694.83
-51728.68 -27694.83
-51929.61 -27694.83
-52642.30 -27694.83
-52131.43 -27694.83
-52742.50 -27694.83
-53094.20 -27694.83
-51406.46 -27694.83
-51799.25 -27694.83
-52329.91 -27694.83
-52606.36 -27694.83
-52044.17 -27694.83
-52003.59 -27694.83
-51597.40 -27694.83
-50436.84 -27694.83
-50752.17 -27694.83
-51906.33 -27694.83
-50576.47 -27694.83
-52474.75 -27694.83
-51930.09 -27694.83
-52645.20 -27694.83
-51292.76 -27694.83
-51409.53 -27694.83
-50716.07 -27694.83
-50681.14 -27694.83
-52536.84 -27694.83
-51819.96 -27694.83
-51588.67 -27694.83
-52285.14 -27694.83
-52134.98 -27694.83
-53600.40 -27694.83
-51734.57 -27694.83
-51601.50 -27694.83
-50927.98 -27694.83
-52610.81 -27694.83
-51699.89 -27694.83
-52358.45 -27694.83
-50091.19 -27694.83
-51930.03 -27694.83
-51381.85 -27694.83
-50708.47 -27694.83
-50378.14 -27694.83
-51263.02 -27694.83
-51475.07 -27694.83
-50835.50 -27694.83
-51779.23 -27694.83
-50374.40 -27694.83
-51920.00 -27694.83
-50448.46 -27694.83
-51480.55 -27694.83
-51182.46 -27694.83
-52852.73 -27694.83
-51172.26 -27694.83
-52666.25 -27694.83
-51679.81 -27694.83
-51588.50 -27694.83
-51251.21 -27694.83
-50550.54 -27694.83
-52031.21 -27694.83
-50864.57 -27694.83
-52931.33 -27694.83
-51904.24 -27694.83
-52376.89 -27694.83
-52506.96 -27694.83
-51334.23 -27694.83
-50940.93 -27694.83
-51529.26 -27694.83
-52265.23 -27694.83
-51870.02 -27694.83
-52066.71 -27694.83
-51491.39 -27694.83
-51804.28 -27694.83
-50765.00 -27694.83
-51785.89 -27694.83
-52328.57 -27694.83
-52157.01 -27694.83
-52268.12 -27694.83
-51075.73 -27694.83
-52634.17 -27694.83
-52659.79 -27694.83
-50476.54 -27694.83
-51903.24 -27694.83
-51195.41 -27694.83
-51078.99 -27694.83
-52781.52 -27694.83
-50599.86 -27694.83
-52818.60 -27694.83
-50713.46 -27694.83
-51280.96 -27694.83
-51382.45 -27694.83
-51158.09 -27694.83
-50868.10 -27694.83
-52720.09 -27694.83
-50607.55 -27694.83
-51567.92 -27694.83
-51013.99 -27694.83
-52040.58 -27694.83
-52954.62 -27694.83
-51191.85 -27694.83
-51336.93 -27694.83
-50875.26 -27694.83
-51637.09 -27694.83
-49726.78 -27694.83
-51779.70 -27694.83
-51299.61 -27694.83
-51597.29 -27694.83
-52563.90 -27694.83
-51607.84 -27694.83
-52480.97 -27694.83
-52361.11 -27694.83
-51781.27 -27694.83
-51867.11 -27694.83
-53054.00 -27694.83
-51015.90 -27694.83
-52578.07 -27694.83
-52860.50 -27694.83
-52360.34 -27694.83
-52475.30 -27694.83
-51737.03 -27694.83
-52512.11 -27694.83
-51916.96 -27694.83
-50555.97 -27694.83
-51135.46 -27694.83
-50952.85 -27694.83
-50144.81 -27694.83
-50904.37 -27694.83
-52300.65 -27694.83
-49697.79 -27694.83
-51734.00 -27694.83
-51210.92 -27694.83
-50868.55 -27694.83
-50572.23 -27694.83
-52132.48 -27694.83
-50436.08 -27694.83
-51599.79 -27694.83
-51518.35 -27694.83
-51037.80 -27694.83
-51579.34 -27694.83
-52564.93 -27694.83
-52272.97 -27694.83
-50389.70 -27694.83
-52042.04 -27694.83
-50376.01 -27694.83
-52538.07 -27694.83
-51597.40 -27694.83
-50603.05 -27694.83
-52048.49 -27694.83
-51725.25 -27694.83
-51458.77 -27694.83
-52784.69 -27694.83
-51476.16 -27694.83
-52524.62 -27694.83
-50556.45 -27694.83
-51242.64 -27694.83
-51251.53 -27694.83
-50364.57 -27694.83
-52493.07 -27694.83
-52492.68 -27694.83
-52474.98 -27694.83
-51786.85 -27694.83
-52658.57 -27694.83
-51596.61 -27694.83
-51610.94 -27694.83
-51928.04 -27694.83
-51712.67 -27694.83
-52469.83 -27694.83
-51391.76 -27694.83
-51920.39 -27694.83
-51613.62 -27694.83
-52045.09 -27694.83
-51105.96 -27694.83
-53017.10 -27694.83
-51542.19 -27694.83
-51509.66 -27694.83
-50693.32 -27694.83
-51115.46 -27694.83
-50382.66 -27694.83
-51563.85 -27694.83
-51438.77 -27694.83
-50615.38 -27694.83
-52056.62 -27694.83
-52016.32 -27694.83
-51306.29 -27694.83
-52340.74 -27694.83
-51504.34 -27694.83
-50397.94 -27694.83
-51288.32 -27694.83
-52056.08 -27694.83
-51052.10 -27694.83
-52036.11 -27694.83
-51486.59 -27694.83
-51595.03 -27694.83
-50945.43 -27694.83
-50811.94 -27694.83
-52779.75 -27694.83
-51366.25 -27694.83
-50532.95 -27694.83
-51310.80 -27694.83
-50813.66 -27694.83
-52615.93 -27694.83
-52473.05 -27694.83
-50786.48 -27694.83
-50681.57 -27694.83
-51137.94 -27694.83
-52392.03 -27694.83
-52824.26 -27694.83
-51493.57 -27694.83
-52841.44 -27694.83
-50557.62 -27694.83
-51780.93 -27694.83
-52068.86 -27694.83
-51401.02 -27694.83
-50606.53 -27694.83
-51515.79 -27694.83
-50362.05 -27694.83
-52033.26 -27694.83
-51150.38 -27694.83
-52477.18 -27694.83
-53578.55 -27694.83
-51721.84 -27694.83
-51718.02 -27694.83
-51566.64 -27694.83
-51136.69 -27694.83
-52616.68 -27694.83
-51725.01 -27694.83
-52359.45 -27694.83
-50380.44 -27694.83
-50690.56 -27694.83
-52705.43 -27694.83
-51413.02 -27694.83
-52380.40 -27694.83
-51042.19 -27694.83
-51785.93 -27694.83
-52598.05 -27694.83
-52544.18 -27694.83
-51411.30 -27694.83
-52581.52 -27694.83
-50885.45 -27694.83
-52406.34 -27694.83
-51721.34 -27694.83
-51279.63 -27694.83
-51585.07 -27694.83
-52321.90 -27694.83
-50752.37 -27694.83
-51527.30 -27694.83
-52411.92 -27694.83
-51541.14 -27694.83
-50580.41 -27694.83
-51436.66 -27694.83
-51038.97 -27694.83
-51731.95 -27694.83
-53634.32 -27694.83
-51335.03 -27694.83
-50823.34 -27694.83
-52969.27 -27694.83
-52668.10 -27694.83
-52521.45 -27694.83
-50663.30 -27694.83
-51622.39 -27694.83
-52479.25 -27694.83
-53176.71 -27694.83
-52246.27 -27694.83
-52496.31 -27694.83
-50961.26 -27694.83
-51705.55 -27694.83
-52750.87 -27694.83
-52502.52 -27694.83
-51590.73 -27694.83
-51460.29 -27694.83
-51639.30 -27694.83
-52128.64 -27694.83
-51306.18 -27694.83
-52599.41 -27694.83
-51027.48 -27694.83
-52595.01 -27694.83
-50949.37 -27694.83
-51355.02 -27694.83
-53452.50 -27694.83
-51501.60 -27694.83
-51707.97 -27694.83
-52670.55 -27694.83
-52501.94 -27694.83
-50598.40 -27694.83
-52824.70 -27694.83
-51533.43 -27694.83
-51800.62 -27694.83
-51309.64 -27694.83
-51863.67 -27694.83
-52017.13 -27694.83
-52478.29 -27694.83
-51546.54 -27694.83
-51603.55 -27694.83
-50753.10 -27694.83
-51316.26 -27694.83
-51579.96 -27694.83
-50370.56 -27694.83
-51164.16 -27694.83
-51711.08 -27694.83
-51718.57 -27694.83
-51646.17 -27694.83
-50888.01 -27694.83
-52042.30 -27694.83
-50667.04 -27694.83
-51814.52 -27694.83
-52639.15 -27694.83
-51560.50 -27694.83
-51731.45 -27694.83
-51227.14 -27694.83
-52822.51 -27694.83
-52328.18 -27694.83
-51635.28 -27694.83
-52501.32 -27694.83
-51783.43 -27694.83
-50918.16 -27694.83
-52836.88 -27694.83
-51419.16 -27694.83
-50470.48 -27694.83
-51711.38 -27694.83
-51926.67 -27694.83
-51787.48 -27694.83
-52767.22 -27694.83
-52401.09 -27694.83
-52053.09 -27694.83
-50709.01 -27694.83
-50849.02 -27694.83
-51724.54 -27694.83
-53006.37 -27694.83
-49760.48 -27694.83
-50733.67 -27694.83
-51818.64 -27694.83
-50747.36 -27694.83
-51227.49 -27694.83
-51776.43 -27694.83
-51564.90 -27694.83
-51706.20 -27694.83
-49930.08 -27694.83
-52393.19 -27694.83
-51179.42 -27694.83
-50817.43 -27694.83
-51186.41 -27694.83
-52040.24 -27694.83
-51497.68 -27694.83
-50382.04 -27694.83
-50742.96 -27694.83
-52282.69 -27694.83
-52471.41 -27694.83
-52682.97 -27694.83
-52383.66 -27694.83
-51785.50 -27694.83
-51638.78 -27694.83
-49400.20 -27694.83
-51395.73 -27694.83
-51107.39 -27694.83
-50709.01 -27694.83
-51637.50 -27694.83
-52557.56 -27694.83
-51408.97 -27694.83
-51395.11 -27694.83
-50383.59 -27694.83
-51801.94 -27694.83
-50526.12 -27694.83
-51300.87 -27694.83
-51629.18 -27694.83
-52482.55 -27694.83
-50524.43 -27694.83
-51945.71 -27694.83
-50229.70 -27694.83
-50892.37 -27694.83
-52134.56 -27694.83
-51332.94 -27694.83
-51453.30 -27694.83
-51600.93 -27694.83
-52386.62 -27694.83
-52518.75 -27694.83
-51302.52 -27694.83
-51550.29 -27694.83
-51639.34 -27694.83
-51725.86 -27694.83
-51328.55 -27694.83
-50042.91 -27694.83
-52043.29 -27694.83
-52147.16 -27694.83
-52912.03 -27694.83
-52605.64 -27694.83
-52480.75 -27694.83
-51383.99 -27694.83
-50757.03 -27694.83
-51943.47 -27694.83
-52323.08 -27694.83
-51113.72 -27694.83
-49995.64 -27694.83
-50955.36 -27694.83
-50046.04 -27694.83
-51328.53 -27694.83
-50392.44 -27694.83
-51356.62 -27694.83
-52813.52 -27694.83
-50972.09 -27694.83
-51698.16 -27694.83
-50830.49 -27694.83
-52646.36 -27694.83
-52405.46 -27694.83
-51497.42 -27694.83
-51067.96 -27694.83
-50682.83 -27694.83
-51823.27 -27694.83
-51173.38 -27694.83
-52284.08 -27694.83
-51932.92 -27694.83
-51547.53 -27694.83
-51729.21 -27694.83
-50531.48 -27694.83
-50784.82 -27694.83
-52061.10 -27694.83
-51479.23 -27694.83
-52861.88 -27694.83
-52639.07 -27694.83
-51583.11 -27694.83
-51644.59 -27694.83
-51638.15 -27694.83
-50409.65 -27694.83
-51561.88 -27694.83
-51390.99 -27694.83
-51361.04 -27694.83
-51103.41 -27694.83
-50712.13 -27694.83
-52974.15 -27694.83
-50812.77 -27694.83
-50677.96 -27694.83
-51916.53 -27694.83
-51423.09 -27694.83
-52634.58 -27694.83
-51255.73 -27694.83
-52341.61 -27694.83
-51365.45 -27694.83
-51961.96 -27694.83
-53074.54 -27694.83
-52274.68 -27694.83
-50441.96 -27694.83
-51596.60 -27694.83
-51153.79 -27694.83
-51432.48 -27694.83
-52615.49 -27694.83
-52552.60 -27694.83
-51784.88 -27694.83
-51918.00 -27694.83
-52479.87 -27694.83
-52682.59 -27694.83
-51054.22 -27694.83
-52035.66 -27694.83
-51958.56 -27694.83
-52062.66 -27694.83
-51599.22 -27694.83
-51526.23 -27694.83
-53679.99 -27694.83
-52493.15 -27694.83
-50438.13 -27694.83
-51315.64 -27694.83
-50949.69 -27694.83
-50703.12 -27694.83
-51264.85 -27694.83
-51049.27 -27694.83
-51779.85 -27694.83
-50937.03 -27694.83
-51434.69 -27694.83
-52319.59 -27694.83
-52053.11 -27694.83
-53273.18 -27694.83
-52401.97 -27694.83
-52039.44 -27694.83
-51779.92 -27694.83
-52620.05 -27694.83
-51186.04 -27694.83
-51589.61 -27694.83
-52759.84 -27694.83
-52318.93 -27694.83
-51533.32 -27694.83
-51435.37 -27694.83
-52329.91 -27694.83
-52038.02 -27694.83
-50699.33 -27694.83
-51302.08 -27694.83
-52624.46 -27694.83
-50906.63 -27694.83
-52124.66 -27694.83
-51811.82 -27694.83
-52371.33 -27694.83
-50428.88 -27694.83
-50712.84 -27694.83
-51108.13 -27694.83
-50742.22 -27694.83
-51139.13 -27694.83
-52013.68 -27694.83
-51927.02 -27694.83
-51633.64 -27694.83
-53185.64 -27694.83
-52331.46 -27694.83
-50713.67 -27694.83
-51722.37 -27694.83
-51351.31 -27694.83
-50697.12 -27694.83
-50915.51 -27694.83
-53924.38 -27694.83
-52946.23 -27694.83
-50403.53 -27694.83
-53017.27 -27694.83
-49917.27 -27694.83
-50039.08 -27694.83
-52007.48 -27694.83
-52559.56 -27694.83
-52063.61 -27694.83
-51720.82 -27694.83
-51703.47 -27694.83
-51012.45 -27694.83
-52041.90 -27694.83
-51606.69 -27694.83
-51700.99 -27694.83
-50559.10 -27694.83
-51711.15 -27694.83
-51226.89 -27694.83
-53006.03 -27694.83
-52502.21 -27694.83
-52149.68 -27694.83
-51618.31 -27694.83
-50685.16 -27694.83
-50769.06 -27694.83
-50373.69 -27694.83
-51555.49 -27694.83
-51574.82 -27694.83
-51313.45 -27694.83
-52613.26 -27694.83
-51477.41 -27694.83
-50382.21 -27694.83
-51682.78 -27694.83
-52388.93 -27694.83
-52646.40 -27694.83
-50018.30 -27694.83
-50714.21 -27694.83
-51630.53 -27694.83
-51724.47 -27694.83
-51738.91 -27694.83
-52265.48 -27694.83
-51065.95 -27694.83
-50703.83 -27694.83
-51636.05 -27694.83
-52013.85 -27694.83
-51425.66 -27694.83
-52064.14 -27694.83
-51319.29 -27694.83
-51415.27 -27694.83
-51224.82 -27694.83
-51904.43 -27694.83
-51589.63 -27694.83
-51247.07 -27694.83
-51625.82 -27694.83
-52503.14 -27694.83
-52048.91 -27694.83
-51523.87 -27694.83
-51498.19 -27694.83
-51286.51 -27694.83
-51588.42 -27694.83
-51904.03 -27694.83
-51555.09 -27694.83
-50960.19 -27694.83
-51104.04 -27694.83
-51173.50 -27694.83
-51075.88 -27694.83
-50708.49 -27694.83
-51806.71 -27694.83
-50871.34 -27694.83
-50371.56 -27694.83
-50609.12 -27694.83
-50372.29 -27694.83
-51704.58 -27694.83
-52065.56 -27694.83
-53286.14 -27694.83
-52599.59 -27694.83
-51100.72 -27694.83
-52927.67 -27694.83
-52499.67 -27694.83
-51924.45 -27694.83
-52268.99 -27694.83
-52490.85 -27694.83
-51305.89 -27694.83
-52496.31 -27694.83
-50793.31 -27694.83
-51736.74 -27694.83
-52850.84 -27694.83
-50931.61 -27694.83
-50680.76 -27694.83
-52290.26 -27694.83
-52318.37 -27694.83
-52147.60 -27694.83
-51721.28 -27694.83
-51261.81 -27694.83
-51176.77 -27694.83
-52389.99 -27694.83
-51418.77 -27694.83
-50391.76 -27694.83
-51790.79 -27694.83
-51786.55 -27694.83
-51594.57 -27694.83
-50373.73 -27694.83
-51424.13 -27694.83
-50541.72 -27694.83
-51304.45 -27694.83
-52327.12 -27694.83
-51013.19 -27694.83
-50733.38 -27694.83
-51261.35 -27694.83
-50721.72 -27694.83
-50707.88 -27694.83
-51287.57 -27694.83
-51572.92 -27694.83
-52318.59 -27694.83
-52680.71 -27694.83
-52409.31 -27694.83
-52057.79 -27694.83
-50929.85 -27694.83
-52655.46 -27694.83
-52566.23 -27694.83
-51190.09 -27694.83
-51254.05 -27694.83
-52325.37 -27694.83
-52940.41 -27694.83
-51239.58 -27694.83
-52366.10 -27694.83
-51287.02 -27694.83
-50389.52 -27694.83
-51301.63 -27694.83
-52660.51 -27694.83
-53018.68 -27694.83
-51906.50 -27694.83
-51705.63 -27694.83
-50898.03 -27694.83
-50810.26 -27694.83
-50245.13 -27694.83
-52470.61 -27694.83
-51401.28 -27694.83
-51622.36 -27694.83
-52128.70 -27694.83
-52368.00 -27694.83
-52013.19 -27694.83
-52045.80 -27694.83
-50766.98 -27694.83
-50031.41 -27694.83
-52489.24 -27694.83
-51523.22 -27694.83
-52321.40 -27694.83
-51386.98 -27694.83
-51425.82 -27694.83
-53097.63 -27694.83
-52338.35 -27694.83
-52368.11 -27694.83
-53444.94 -27694.83
-51049.67 -27694.83
-51176.02 -27694.83
-51719.92 -27694.83
-51310.64 -27694.83
-50705.74 -27694.83
-51569.45 -27694.83
-50435.77 -27694.83
-50563.95 -27694.83
-52921.55 -27694.83
-51115.19 -27694.83
-49700.81 -27694.83
-52133.46 -27694.83
-51783.13 -27694.83
-52358.81 -27694.83
-50541.12 -27694.83
-51806.91 -27694.83
-51143.03 -27694.83
-52041.36 -27694.83
-50461.42 -27694.83
-51929.16 -27694.83
-51726.90 -27694.83
-51935.29 -27694.83
-51713.32 -27694.83
-50940.82 -27694.83
-52274.10 -27694.83
-51098.59 -27694.83
-51864.85 -27694.83
-50711.44 -27694.83
-52039.05 -27694.83
-51278.70 -27694.83
-52473.67 -27694.83
-52322.26 -27694.83
-51184.42 -27694.83
-50839.76 -27694.83
-51716.06 -27694.83
-51431.36 -27694.83
-51541.87 -27694.83
-50754.11 -27694.83
-50863.46 -27694.83
-51933.41 -27694.83
-52331.44 -27694.83
-52478.31 -27694.83
-52509.06 -27694.83
-51634.07 -27694.83
-52033.14 -27694.83
-51373.79 -27694.83
-50696.09 -27694.83
-50603.07 -27694.83
-52647.48 -27694.83
-52491.57 -27694.83
-52391.13 -27694.83
-50684.14 -27694.83
-52666.75 -27694.83
-50559.44 -27694.83
-53198.44 -27694.83
-52486.46 -27694.83
-50969.58 -27694.83
-52410.20 -27694.83
-51737.54 -27694.83
-51699.19 -27694.83
-52492.41 -27694.83
-52614.45 -27694.83
-52646.28 -27694.83
-52471.48 -27694.83
-52025.29 -27694.83
-51463.17 -27694.83
-51570.04 -27694.83
-51957.59 -27694.83
-52065.83 -27694.83
-52761.33 -27694.83
-50245.28 -27694.83
-51349.09 -27694.83
-50686.86 -27694.83
-52025.39 -27694.83
-52652.07 -27694.83
-51063.61 -27694.83
-53105.13 -27694.83
-52676.30 -27694.83
-52930.27 -27694.83
-50709.19 -27694.83
-51721.07 -27694.83
-51588.13 -27694.83
-50827.12 -27694.83
-51203.26 -27694.83
-50899.65 -27694.83
-51373.15 -27694.83
-50528.42 -27694.83
-50388.57 -27694.83
-52563.36 -27694.83
-51537.92 -27694.83
-51352.97 -27694.83
-49930.72 -27694.83
-50705.73 -27694.83
-52468.77 -27694.83
-51185.50 -27694.83
-51045.90 -27694.83
-51345.78 -27694.83
-51333.84 -27694.83
-51037.83 -27694.83
-50689.95 -27694.83
-51958.28 -27694.83
-51109.25 -27694.83
-50688.28 -27694.83
-50498.45 -27694.83
-51692.71 -27694.83
-52671.15 -27694.83
-51067.62 -27694.83
-51224.93 -27694.83
-51785.63 -27694.83
-50947.91 -27694.83
-51052.62 -27694.83
-50884.13 -27694.83
-50195.26 -27694.83
-52859.20 -27694.83
-51724.78 -27694.83
-51097.15 -27694.83
-52039.54 -27694.83
-50791.53 -27694.83
-50739.88 -27694.83
-52019.78 -27694.83
-52039.59 -27694.83
-50772.42 -27694.83
-51017.18 -27694.83
-51329.87 -27694.83
-51076.41 -27694.83
-51962.30 -27694.83
-51132.37 -27694.83
-52031.52 -27694.83
-51034.73 -27694.83
-50738.41 -27694.83
-49647.80 -27694.83
-51139.15 -27694.83
-51471.45 -27694.83
-51286.04 -27694.83
-51937.44 -27694.83
-51587.68 -27694.83
-52477.58 -27694.83
-53230.99 -27694.83
-52132.05 -27694.83
-51066.79 -27694.83
-50766.76 -27694.83
-52324.61 -27694.83
-50041.11 -27694.83
-53055.50 -27694.83
-51798.21 -27694.83
-50844.93 -27694.83
-51066.56 -27694.83
-50294.52 -27694.83
-52339.95 -27694.83
-51725.57 -27694.83
-51547.81 -27694.83
-51212.24 -27694.83
-50714.02 -27694.83
-51082.10 -27694.83
-51709.70 -27694.83
-51027.14 -27694.83
-52631.29 -27694.83
-49936.80 -27694.83
-51597.77 -27694.83
-50738.34 -27694.83
-52951.91 -27694.83
-52396.37 -27694.83
-51933.09 -27694.83
-51822.20 -27694.83
-52384.47 -27694.83
-52620.31 -27694.83
-52519.10 -27694.83
-50244.90 -27694.83
-50708.16 -27694.83
-52146.74 -27694.83
-51869.74 -27694.83
-51586.14 -27694.83
-52635.09 -27694.83
-50019.02 -27694.83
-52286.73 -27694.83
-52053.11 -27694.83
-52013.71 -27694.83
-52023.28 -27694.83
-51609.05 -27694.83
-51869.09 -27694.83
-52691.53 -27694.83
-51526.02 -27694.83
-52661.59 -27694.83
-51282.65 -27694.83
-51683.89 -27694.83
-50459.26 -27694.83
-51325.20 -27694.83
-51503.11 -27694.83
-53678.20 -27694.83
-51640.28 -27694.83
-50908.20 -27694.83
-50709.64 -27694.83
-51919.75 -27694.83
-50703.99 -27694.83
-52599.03 -27694.83
-51613.90 -27694.83
-52264.64 -27694.83
-51622.48 -27694.83
-51211.53 -27694.83
-51583.26 -27694.83
-51178.08 -27694.83
-51643.96 -27694.83
-51444.61 -27694.83
-51100.28 -27694.83
-52043.03 -27694.83
-50759.89 -27694.83
-51166.19 -27694.83
-51866.85 -27694.83
-51422.20 -27694.83
-52013.09 -27694.83
-52523.53 -27694.83
-50840.19 -27694.83
-51070.42 -27694.83
-52014.28 -27694.83
-51778.51 -27694.83
-51439.30 -27694.83
-52273.58 -27694.83
-52321.17 -27694.83
-52504.55 -27694.83
-50303.87 -27694.83
-50668.82 -27694.83
-51916.18 -27694.83
-51562.24 -27694.83
-51228.23 -27694.83
-51261.59 -27694.83
-50767.30 -27694.83
-52293.07 -27694.83
-50738.67 -27694.83
-51571.20 -27694.83
-51715.45 -27694.83
-50687.94 -27694.83
-51603.43 -27694.83
-52774.55 -27694.83
-51109.90 -27694.83
-50889.86 -27694.83
-52478.83 -27694.83
-51868.41 -27694.83
-51626.89 -27694.83
-50740.30 -27694.83
-51509.70 -27694.83
-51747.68 -27694.83
-51813.94 -27694.83
-51102.74 -27694.83
-51625.10 -27694.83
-51721.94 -27694.83
-50684.10 -27694.83
-51329.15 -27694.83
-52477.46 -27694.83
-52558.03 -27694.83
-51779.69 -27694.83
-51129.38 -27694.83
-52287.01 -27694.83
