-10000.00 -10000.00
-1700.40 -10000.00
-1667.88 -10000.00
-1679.51 -10000.00
-1689.84 -10000.00
-1646.73 -1646.73
-1651.22 -1646.73
-1625.78 -1625.78
-1635.99 -1625.78
-1613.12 -1613.12
-1611.97 -1611.97
-1587.98 -1587.98
-1565.31 -1565.31
-1562.39 -1562.39
-1626.23 -1562.39
-1561.95 -1561.95
-1569.90 -1561.95
-1552.43 -1552.43
-1524.35 -1524.35
-1482.80 -1482.80
-1495.74 -1482.80
-1485.88 -1482.80
-1458.53 -1458.53
-1431.59 -1431.59
-1418.91 -1418.91
-1431.35 -1418.91
-1399.63 -1399.63
-1386.37 -1386.37
-1325.21 -1325.21
-1362.16 -1325.21
-1317.00 -1317.00
-1341.04 -1317.00
-1313.35 -1313.35
-1335.93 -1313.35
-1263.23 -1263.23
-1256.93 -1256.93
-1223.61 -1223.61
-1225.32 -1223.61
-1207.82 -1207.82
-1278.80 -1207.82
-1162.67 -1162.67
-1161.65 -1161.65
-1095.95 -1095.95
-1090.45 -1090.45
-1091.77 -1090.45
-1110.27 -1090.45
-1068.74 -1068.74
-1014.88 -1014.88
-1052.38 -1014.88
-920.03 -920.03
-914.52 -914.52
-920.64 -914.52
-922.02 -914.52
-897.71 -897.71
-926.99 -897.71
-961.89 -897.71
-922.73 -897.71
-898.78 -897.71
-923.53 -897.71
-896.24 -896.24
-912.28 -896.24
-896.66 -896.24
-918.33 -896.24
-896.10 -896.10
-915.11 -896.10
-919.71 -896.10
-921.26 -896.10
-910.55 -896.10
-919.88 -896.10
-931.86 -896.10
-895.87 -895.87
-920.27 -895.87
-916.67 -895.87
-895.90 -895.90
-916.34 -895.90
-910.55 -895.90
-921.20 -895.90
-912.15 -895.90
-926.86 -895.90
-918.60 -895.90
-919.39 -895.90
-895.86 -895.86
-920.34 -895.86
-896.19 -896.19
-896.26 -896.26
-896.50 -896.50
-910.75 -896.50
-897.18 -897.18
-914.96 -897.18
-903.05 -897.18
-918.75 -897.18
-926.23 -897.18
-911.11 -897.18
-898.76 -897.18
-933.03 -897.18
-897.51 -897.51
-903.22 -897.51
-912.22 -897.51
-897.17 -897.17
-899.17 -897.17
-900.35 -897.17
-915.20 -897.17
-895.86 -895.86
-920.07 -895.86
-916.08 -895.86
-916.25 -895.86
-895.48 -895.48
-911.01 -895.48
-919.24 -895.48
-896.82 -895.48
-896.21 -895.48
-898.50 -895.48
-921.74 -895.48
-898.63 -895.48
-916.15 -895.48
-918.46 -895.48
-896.27 -896.27
-930.49 -896.27
-920.95 -896.27
-897.52 -896.27
-917.63 -896.27
-896.72 -896.72
-895.87 -895.87
-897.79 -895.87
-897.46 -895.87
-895.91 -895.91
-921.68 -895.91
-917.78 -895.91
-922.12 -895.91
-912.23 -895.91
-898.60 -895.91
-971.77 -895.91
-916.19 -895.91
-897.17 -895.91
-921.30 -895.91
-917.59 -895.91
-896.81 -895.91
-935.12 -895.91
-895.84 -895.84
-917.41 -895.84
-895.88 -895.88
-910.35 -895.88
-896.46 -896.46
-897.24 -896.46
-912.26 -896.46
-939.39 -896.46
-910.39 -896.46
-927.02 -896.46
-956.93 -896.46
-921.42 -896.46
-931.15 -896.46
-896.39 -896.39
-917.53 -896.39
-896.90 -896.90
-896.79 -896.79
-902.88 -896.79
-928.48 -896.79
-895.78 -895.78
-920.54 -895.78
-899.43 -895.78
-897.67 -895.78
-897.34 -895.78
-896.96 -895.78
-898.38 -895.78
-913.82 -895.78
-919.53 -895.78
-920.34 -895.78
-898.68 -895.78
-917.91 -895.78
-920.23 -895.78
-918.50 -895.78
-920.23 -895.78
-921.99 -895.78
-897.71 -895.78
-921.12 -895.78
-918.56 -895.78
-906.10 -895.78
-895.92 -895.92
-895.61 -895.61
-931.61 -895.61
-920.35 -895.61
-897.19 -895.61
-916.12 -895.61
-920.92 -895.61
-895.87 -895.87
-897.46 -897.46
-918.43 -897.46
-924.23 -897.46
-920.02 -897.46
-896.04 -896.04
-896.20 -896.20
-906.10 -896.20
-943.72 -896.20
-961.68 -896.20
-897.46 -896.20
-910.46 -896.20
-934.93 -896.20
-920.29 -896.20
-917.53 -896.20
-896.70 -896.70
-897.02 -897.02
-895.86 -895.86
-896.27 -896.27
-916.26 -896.27
-902.67 -896.27
-897.14 -897.14
-916.17 -897.14
-932.71 -897.14
-917.23 -897.14
-897.84 -897.84
-924.77 -897.84
-896.34 -896.34
-895.75 -895.75
-919.73 -895.75
-919.35 -895.75
-919.07 -895.75
-911.16 -895.75
-953.27 -895.75
-895.92 -895.92
-914.08 -895.92
-893.40 -893.40
-912.42 -893.40
-897.17 -893.40
-896.58 -893.40
-910.42 -893.40
-895.86 -893.40
-932.15 -893.40
-897.19 -893.40
-920.88 -893.40
-896.38 -893.40
-921.00 -893.40
-923.77 -893.40
-914.79 -893.40
-919.84 -893.40
-921.42 -893.40
-911.26 -893.40
-910.75 -893.40
-922.55 -893.40
-933.19 -893.40
-910.43 -893.40
-900.98 -893.40
-922.13 -893.40
-914.79 -893.40
-911.45 -893.40
-920.75 -893.40
-915.78 -893.40
-896.43 -893.40
-900.19 -893.40
-917.57 -893.40
-895.88 -893.40
-897.17 -893.40
-897.06 -893.40
-903.03 -893.40
-896.33 -893.40
-901.09 -893.40
-896.38 -893.40
-896.30 -893.40
-897.35 -893.40
-896.38 -893.40
-934.91 -893.40
-895.93 -893.40
-900.16 -893.40
-921.10 -893.40
-930.83 -893.40
-910.34 -893.40
-917.67 -893.40
-913.00 -893.40
-896.77 -893.40
-915.91 -893.40
-897.37 -893.40
-919.10 -893.40
-920.96 -893.40
-926.21 -893.40
-910.44 -893.40
-926.73 -893.40
-896.41 -893.40
-918.24 -893.40
-897.33 -893.40
-910.36 -893.40
-893.43 -893.43
-907.43 -893.43
-907.43 -893.43
-929.86 -893.43
-897.41 -893.43
-921.03 -893.43
-911.37 -893.43
-897.08 -893.43
-916.07 -893.43
-920.74 -893.43
-931.37 -893.43
-911.87 -893.43
-932.04 -893.43
-917.21 -893.43
-896.72 -893.43
-912.13 -893.43
-898.46 -893.43
-921.12 -893.43
-915.20 -893.43
-912.46 -893.43
-941.78 -893.43
-915.68 -893.43
-895.89 -893.43
-933.46 -893.43
-919.36 -893.43
-918.95 -893.43
-917.84 -893.43
-896.11 -893.43
-931.67 -893.43
-921.45 -893.43
-896.70 -893.43
-911.02 -893.43
-897.17 -893.43
-920.07 -893.43
-915.08 -893.43
-915.52 -893.43
-927.53 -893.43
-910.43 -893.43
-919.80 -893.43
-931.55 -893.43
-895.86 -895.86
-928.91 -895.86
-921.67 -895.86
-897.19 -895.86
-931.40 -895.86
-921.83 -895.86
-918.83 -895.86
-896.86 -896.86
-910.74 -896.86
-920.98 -896.86
-916.48 -896.86
-916.21 -896.86
-893.45 -893.45
-896.19 -896.19
-916.06 -896.19
-896.22 -896.22
-921.25 -896.22
-919.89 -896.22
-897.54 -897.54
-910.53 -897.54
-895.89 -895.89
-925.46 -895.89
-895.54 -895.54
-916.10 -895.54
-922.07 -895.54
-921.78 -895.54
-909.89 -895.54
-893.39 -893.39
-931.33 -893.39
-897.18 -893.39
-912.41 -893.39
-910.19 -893.39
-895.78 -893.39
-915.46 -893.39
-898.70 -893.39
-896.19 -893.39
-916.43 -893.39
-918.30 -893.39
-908.26 -893.39
-933.31 -893.39
-919.57 -893.39
-893.44 -893.44
-919.90 -893.44
-923.77 -893.44
-930.34 -893.44
-919.73 -893.44
-916.02 -893.44
-919.22 -893.44
-908.04 -893.44
-895.57 -893.44
-921.29 -893.44
-932.82 -893.44
-933.16 -893.44
-924.36 -893.44
-897.45 -893.44
-896.32 -893.44
-923.78 -893.44
-897.67 -893.44
-944.38 -893.44
-923.48 -893.44
-899.14 -893.44
-896.13 -893.44
-911.26 -893.44
-895.88 -893.44
-897.18 -897.18
-910.53 -897.18
-902.85 -897.18
-896.54 -896.54
-896.19 -896.19
-913.84 -896.19
-921.19 -896.19
-931.40 -896.19
-918.81 -896.19
-897.33 -897.33
-942.74 -897.33
-920.09 -897.33
-924.50 -897.33
-919.56 -897.33
-910.09 -897.33
-897.15 -897.15
-896.64 -896.64
-897.17 -897.17
-924.57 -897.17
-919.74 -897.17
-896.05 -896.05
-919.08 -896.05
-897.85 -896.05
-919.99 -896.05
-898.67 -896.05
-896.24 -896.24
-895.87 -895.87
-920.30 -895.87
-917.21 -895.87
-897.65 -895.87
-920.96 -895.87
-919.42 -895.87
-920.11 -895.87
-916.00 -895.87
-931.73 -895.87
-1663.39 -1663.39
-1621.31 -1621.31
-1600.71 -1600.71
-1605.23 -1600.71
-1599.26 -1599.26
-1591.22 -1591.22
-1625.26 -1591.22
-1641.99 -1591.22
-1620.30 -1591.22
-1557.81 -1557.81
-1581.05 -1557.81
-1558.46 -1558.46
-1462.81 -1462.81
-1438.49 -1438.49
-1437.24 -1437.24
-1439.85 -1437.24
-1395.52 -1395.52
-1332.31 -1332.31
-1322.51 -1322.51
-1252.88 -1252.88
-1257.75 -1252.88
-1342.34 -1252.88
-1200.82 -1200.82
-1188.71 -1188.71
-1176.25 -1176.25
-1202.97 -1176.25
-1103.96 -1103.96
-1112.64 -1103.96
-1156.33 -1103.96
-1147.46 -1103.96
-1124.73 -1103.96
-1091.79 -1091.79
-1160.65 -1091.79
-1157.08 -1091.79
-1059.73 -1059.73
-1038.36 -1038.36
-1029.42 -1029.42
-1026.62 -1026.62
-1018.23 -1018.23
-1035.93 -1018.23
-1014.66 -1014.66
-1018.48 -1014.66
-982.60 -982.60
-934.80 -934.80
-1020.36 -934.80
-923.69 -923.69
-896.15 -896.15
-907.46 -896.15
-895.85 -895.85
-903.21 -895.85
-914.54 -895.85
-926.24 -895.85
-922.21 -895.85
-922.20 -895.85
-932.75 -895.85
-897.18 -897.18
-909.92 -897.18
-893.45 -893.45
-934.03 -893.45
-919.93 -893.45
-895.85 -893.45
-897.61 -893.45
-910.92 -893.45
-920.62 -893.45
-921.15 -893.45
-916.50 -893.45
-896.76 -893.45
-922.46 -893.45
-915.96 -893.45
-895.86 -893.45
-921.46 -893.45
-914.82 -893.45
-924.74 -893.45
-896.15 -893.45
-956.90 -893.45
-920.54 -893.45
-893.43 -893.43
-910.64 -893.43
-928.79 -893.43
-931.98 -893.43
-896.21 -893.43
-896.22 -893.43
-920.94 -893.43
-917.96 -893.43
-897.83 -893.43
-918.75 -893.43
-920.49 -893.43
-918.95 -893.43
-911.65 -893.43
-896.88 -893.43
-896.20 -896.20
-912.77 -896.20
-896.26 -896.26
-893.41 -893.41
-961.95 -893.41
-912.43 -893.41
-924.99 -893.41
-918.89 -893.41
-896.82 -893.41
-922.81 -893.41
-911.86 -893.41
-914.11 -893.41
-897.33 -893.41
-919.23 -893.41
-927.42 -893.41
-916.99 -893.41
-898.62 -893.41
-895.85 -893.41
-920.81 -893.41
-896.11 -893.41
-915.76 -893.41
-896.10 -893.41
-920.35 -893.41
-939.47 -893.41
-924.34 -893.41
-896.73 -893.41
-897.15 -893.41
-922.02 -893.41
-898.81 -893.41
-965.37 -893.41
-922.62 -893.41
-896.15 -893.41
-895.93 -893.41
-922.15 -893.41
-926.01 -893.41
-895.70 -893.41
-916.04 -893.41
-895.78 -893.41
-932.50 -893.41
-896.18 -893.41
-931.61 -893.41
-920.29 -893.41
-920.01 -893.41
-911.41 -893.41
-895.52 -893.41
-893.41 -893.41
-897.17 -893.41
-906.07 -893.41
-899.09 -893.41
-917.11 -893.41
-921.84 -893.41
-919.65 -893.41
-902.68 -893.41
-895.91 -893.41
-939.23 -893.41
-915.55 -893.41
-893.39 -893.39
-918.79 -893.39
-915.84 -893.39
-910.55 -893.39
-916.24 -893.39
-895.78 -893.39
-917.19 -893.39
-904.77 -893.39
-910.47 -893.39
-912.45 -893.39
-919.77 -893.39
-896.82 -893.39
-926.87 -893.39
-898.88 -893.39
-897.01 -893.39
-915.55 -893.39
-897.17 -893.39
-923.73 -893.39
-923.81 -893.39
-919.89 -893.39
-922.08 -893.39
-917.10 -893.39
-908.38 -893.39
-896.17 -893.39
-895.90 -895.90
-927.19 -895.90
-918.79 -895.90
-896.55 -896.55
-939.68 -896.55
-917.01 -896.55
-893.46 -893.46
-895.85 -893.46
-895.92 -893.46
-919.66 -893.46
-896.76 -893.46
-927.28 -893.46
-922.73 -893.46
-897.17 -893.46
-904.69 -893.46
-895.85 -893.46
-920.96 -893.46
-922.91 -893.46
-896.80 -893.46
-893.44 -893.44
-896.61 -893.44
-899.21 -893.44
-895.74 -893.44
-919.22 -893.44
-895.86 -893.44
-926.60 -893.44
-898.63 -893.44
-896.06 -893.44
-895.90 -893.44
-902.50 -893.44
-921.95 -893.44
-910.41 -893.44
-895.90 -893.44
-896.99 -893.44
-897.06 -893.44
-921.14 -893.44
-895.77 -893.44
-896.64 -893.44
-923.17 -893.44
-896.55 -893.44
-896.47 -896.47
-916.05 -896.47
-897.37 -896.47
-933.77 -896.47
-900.32 -896.47
-920.56 -896.47
-932.84 -896.47
-920.48 -896.47
-902.99 -896.47
-918.47 -896.47
-939.81 -896.47
-896.62 -896.62
-918.95 -896.62
-922.40 -896.62
-961.39 -896.62
-911.64 -896.62
-911.48 -896.62
-898.64 -896.62
-896.64 -896.64
-910.50 -896.64
-904.73 -896.64
-923.21 -896.64
-919.04 -896.64
-910.11 -896.64
-893.39 -893.39
-946.30 -893.39
-930.81 -893.39
-908.68 -893.39
-896.20 -893.39
-912.29 -893.39
-922.14 -893.39
-896.36 -893.39
-916.24 -893.39
-904.14 -893.39
-907.98 -893.39
-941.87 -893.39
-921.99 -893.39
-896.30 -893.39
-900.95 -893.39
-902.88 -893.39
-915.65 -893.39
-893.44 -893.44
-896.68 -893.44
-924.21 -893.44
-911.86 -893.44
-919.53 -893.44
-918.53 -893.44
-924.14 -893.44
-911.59 -893.44
-914.69 -893.44
-913.94 -893.44
-922.45 -893.44
-895.89 -895.89
-910.40 -895.89
-911.93 -895.89
-919.70 -895.89
-915.87 -895.89
-896.17 -896.17
-899.36 -896.17
-895.85 -895.85
-912.75 -895.85
-897.18 -895.85
-897.11 -895.85
-918.20 -895.85
-923.21 -895.85
-916.97 -895.85
-918.94 -895.85
-916.19 -895.85
-896.40 -895.85
-897.34 -895.85
-895.92 -895.85
-893.44 -893.44
-897.33 -893.44
-914.64 -893.44
-920.06 -893.44
-919.52 -893.44
-935.01 -893.44
-899.99 -893.44
-918.98 -893.44
-897.17 -893.44
-933.05 -893.44
-915.91 -893.44
-896.05 -893.44
-897.48 -893.44
-922.00 -893.44
-912.14 -893.44
-897.17 -893.44
-898.58 -893.44
-915.49 -893.44
-896.41 -893.44
-897.80 -893.44
-926.12 -893.44
-918.84 -893.44
-916.21 -893.44
-895.85 -893.44
-895.93 -895.93
-919.19 -895.93
-893.44 -893.44
-895.51 -893.44
-914.82 -893.44
-896.72 -893.44
-896.28 -893.44
-897.11 -893.44
-930.83 -893.44
-918.91 -893.44
-927.61 -893.44
-916.15 -893.44
-896.13 -893.44
-896.15 -893.44
-896.67 -893.44
-920.75 -893.44
-943.40 -893.44
-895.50 -893.44
-921.37 -893.44
-916.26 -893.44
-896.33 -893.44
-897.75 -893.44
-920.43 -893.44
-896.86 -893.44
-896.77 -893.44
-898.66 -893.44
-897.10 -893.44
-920.31 -893.44
-896.95 -896.95
-921.73 -896.95
-900.62 -896.95
-921.08 -896.95
-898.79 -896.95
-925.17 -896.95
-896.57 -896.57
-896.71 -896.71
-1020.67 -896.71
-918.89 -896.71
-896.20 -896.20
-915.82 -896.20
-901.03 -896.20
-920.04 -896.20
-911.38 -896.20
-907.48 -896.20
-917.38 -896.20
-931.91 -896.20
-897.11 -896.20
-917.04 -896.20
-916.09 -896.20
-895.92 -895.92
-895.91 -895.91
-897.52 -895.91
-893.46 -893.46
-896.38 -893.46
-895.66 -893.46
-895.64 -893.46
-896.05 -893.46
-896.87 -893.46
-968.18 -893.46
-956.91 -893.46
-896.41 -893.46
-922.20 -893.46
-915.46 -893.46
-895.85 -893.46
-896.30 -893.46
-895.98 -893.46
-902.50 -893.46
-922.03 -893.46
-938.92 -893.46
-922.41 -893.46
-915.97 -893.46
-923.36 -893.46
-897.50 -893.46
-917.23 -893.46
-907.31 -893.46
-896.60 -893.46
-901.03 -893.46
-895.87 -893.46
-926.92 -893.46
-950.56 -893.46
-912.18 -893.46
-896.32 -893.46
-893.39 -893.39
-896.41 -893.39
-921.81 -893.39
-896.37 -893.39
-922.33 -893.39
-920.78 -893.39
-898.77 -893.39
-896.68 -896.68
-919.56 -896.68
-917.50 -896.68
-895.86 -895.86
-918.51 -895.86
-896.81 -895.86
-915.91 -895.86
-910.16 -895.86
-895.95 -895.95
-920.56 -895.95
-895.49 -895.49
-921.05 -895.49
-922.66 -895.49
-916.95 -895.49
-898.93 -895.49
-897.88 -895.49
-919.92 -895.49
-910.52 -895.49
-919.87 -895.49
-910.46 -895.49
-895.88 -895.49
-916.10 -895.49
-1675.79 -895.49
-1697.61 -895.49
-1625.06 -1625.06
-1608.83 -1608.83
-1625.10 -1608.83
-1630.65 -1608.83
-1619.09 -1608.83
-1562.98 -1562.98
-1625.56 -1562.98
-1539.82 -1539.82
-1526.99 -1526.99
-1548.05 -1526.99
-1561.08 -1526.99
-1551.98 -1526.99
-1530.53 -1526.99
-1531.14 -1526.99
-1543.94 -1526.99
-1523.17 -1523.17
-1539.44 -1523.17
-1584.28 -1523.17
-1539.65 -1523.17
-1510.61 -1510.61
-1495.12 -1495.12
-1429.18 -1429.18
-1454.48 -1429.18
-1430.65 -1429.18
-1424.77 -1424.77
-1437.74 -1424.77
-1443.08 -1424.77
-1373.13 -1373.13
-1397.36 -1373.13
-1390.84 -1373.13
-1373.10 -1373.10
-1436.57 -1373.10
-1424.36 -1373.10
-1355.51 -1355.51
-1318.26 -1318.26
-1325.77 -1318.26
-1294.30 -1294.30
-1303.04 -1294.30
-1281.34 -1281.34
-1225.09 -1225.09
-1285.83 -1225.09
-1224.16 -1224.16
-1257.43 -1224.16
-1216.65 -1216.65
-1242.52 -1216.65
-1261.40 -1216.65
-1163.60 -1163.60
-1164.99 -1163.60
-1136.23 -1136.23
-1113.91 -1113.91
-1194.10 -1113.91
-1069.16 -1069.16
-1076.13 -1069.16
-1038.46 -1038.46
-1024.41 -1024.41
-1006.45 -1006.45
-961.14 -961.14
-1005.14 -961.14
-942.76 -942.76
-921.34 -921.34
-921.19 -921.19
-926.28 -921.19
-914.83 -914.83
-897.29 -897.29
-899.94 -897.29
-896.11 -896.11
-904.11 -896.11
-898.72 -896.11
-917.63 -896.11
-895.98 -895.98
-916.15 -895.98
-923.25 -895.98
-896.31 -896.31
-907.42 -896.31
-896.21 -896.21
-906.02 -896.21
-931.40 -896.21
-896.19 -896.19
-897.19 -897.19
-921.33 -897.19
-920.99 -897.19
-921.45 -897.19
-923.57 -897.19
-919.36 -897.19
-914.11 -897.19
-895.90 -895.90
-903.00 -895.90
-918.91 -895.90
-896.11 -896.11
-925.75 -896.11
-897.30 -896.11
-924.73 -896.11
-912.23 -896.11
-925.04 -896.11
-895.89 -895.89
-895.93 -895.93
-911.20 -895.93
-897.60 -895.93
-911.39 -895.93
-916.05 -895.93
-896.28 -896.28
-961.40 -896.28
-899.20 -896.28
-911.87 -896.28
-897.02 -897.02
-896.63 -896.63
-897.17 -897.17
-920.14 -897.17
-919.74 -897.17
-908.29 -897.17
-895.88 -895.88
-896.49 -896.49
-896.39 -896.39
-915.19 -896.39
-919.27 -896.39
-895.89 -895.89
-931.53 -895.89
-909.93 -895.89
-916.08 -895.89
-897.26 -895.89
-896.56 -896.56
-922.35 -896.56
-896.60 -896.60
-956.93 -896.60
-919.56 -896.60
-897.80 -897.80
-896.40 -896.40
-896.90 -896.90
-896.43 -896.43
-910.36 -896.43
-910.42 -896.43
-914.63 -896.43
-896.36 -896.36
-895.85 -895.85
-922.59 -895.85
-922.64 -895.85
-932.29 -895.85
-916.17 -895.85
-920.32 -895.85
-899.72 -895.85
-911.30 -895.85
-896.44 -896.44
-895.77 -895.77
-896.12 -895.77
-935.31 -895.77
-896.39 -896.39
-896.74 -896.74
-897.25 -897.25
-895.55 -895.55
-895.89 -895.55
-945.03 -895.55
-897.47 -895.55
-896.86 -895.55
-897.01 -895.55
-915.67 -895.55
-902.94 -895.55
-961.40 -895.55
-897.14 -897.14
-919.81 -897.14
-897.17 -897.17
-895.90 -895.90
-956.89 -895.90
-918.09 -895.90
-910.36 -895.90
-898.63 -895.90
-918.46 -895.90
-893.43 -893.43
-897.83 -893.43
-896.15 -893.43
-893.40 -893.40
-956.93 -893.40
-916.21 -893.40
-927.86 -893.40
-909.50 -893.40
-895.61 -893.40
-921.47 -893.40
-895.89 -893.40
-921.15 -893.40
-896.81 -893.40
-915.82 -893.40
-914.84 -893.40
-918.08 -893.40
-916.26 -893.40
-895.92 -893.40
-916.23 -893.40
-923.84 -893.40
-896.70 -893.40
-961.40 -893.40
-895.85 -893.40
-902.90 -893.40
-916.09 -893.40
-912.69 -893.40
-897.42 -893.40
-896.38 -893.40
-896.10 -893.40
-893.45 -893.45
-909.94 -893.45
-915.58 -893.45
-918.29 -893.45
-917.08 -893.45
-916.20 -893.45
-896.57 -893.45
-919.66 -893.45
-921.12 -893.45
-897.37 -893.45
-934.83 -893.45
-899.07 -893.45
-895.97 -895.97
-897.76 -895.97
-947.77 -895.97
-908.04 -895.97
-921.11 -895.97
-926.88 -895.97
-920.45 -895.97
-920.59 -895.97
-914.93 -895.97
-896.31 -896.31
-924.67 -896.31
-897.15 -896.31
-962.34 -896.31
-919.12 -896.31
-896.05 -896.05
-896.10 -896.10
-916.13 -896.10
-919.02 -896.10
-897.17 -896.10
-896.17 -896.17
-896.88 -896.88
-896.68 -896.68
-896.13 -896.13
-897.92 -897.92
-896.37 -896.37
-896.69 -896.37
-921.04 -896.37
-896.88 -896.88
-915.16 -896.88
-895.91 -895.91
-896.18 -896.18
-921.11 -896.18
-897.18 -896.18
-897.56 -897.56
-917.40 -897.56
-918.19 -897.56
-896.12 -896.12
-896.72 -896.72
-920.34 -896.72
-921.09 -896.72
-896.35 -896.35
-897.04 -896.35
-933.21 -896.35
-912.15 -896.35
-912.11 -896.35
-931.40 -896.35
-898.46 -898.46
-917.34 -898.46
-898.54 -898.54
-919.35 -898.54
-902.96 -898.54
-916.11 -898.54
-962.37 -898.54
-919.98 -898.54
-896.25 -896.25
-919.93 -896.25
-902.47 -896.25
-896.27 -896.27
-910.13 -896.27
-896.72 -896.72
-895.89 -895.89
-895.87 -895.87
-906.10 -895.87
-919.95 -895.87
-912.37 -895.87
-895.92 -895.92
-902.89 -895.92
-895.98 -895.98
-903.34 -895.98
-902.09 -895.98
-899.95 -895.98
-898.82 -895.98
-924.97 -895.98
-925.20 -895.98
-910.45 -895.98
-916.27 -895.98
-923.80 -895.98
-893.40 -893.40
-910.58 -893.40
-896.66 -893.40
-900.31 -893.40
-895.61 -895.61
-910.25 -895.61
-943.13 -895.61
-926.09 -895.61
-895.74 -895.74
-897.51 -895.74
-920.27 -895.74
-896.17 -896.17
-911.68 -896.17
-915.99 -896.17
-897.15 -896.17
-897.30 -896.17
-896.20 -896.20
-896.80 -896.20
-914.90 -896.20
-896.16 -896.16
-925.36 -896.16
-917.32 -896.16
-923.72 -896.16
-901.01 -896.16
-900.62 -896.16
-917.14 -896.16
-897.44 -896.16
-896.68 -896.68
-895.69 -895.69
-914.92 -895.69
-896.27 -896.27
-896.64 -896.27
-927.02 -896.27
-961.38 -896.27
-921.26 -896.27
-942.57 -896.27
-896.42 -896.27
-911.59 -896.27
-916.17 -896.27
-930.75 -896.27
-896.30 -896.30
-940.96 -896.30
-961.89 -896.30
-909.94 -896.30
-899.90 -899.90
-923.91 -899.90
-900.35 -900.35
-910.50 -900.35
-923.69 -900.35
-911.66 -900.35
-911.24 -900.35
-896.34 -896.34
-931.44 -896.34
-900.41 -896.34
-928.71 -896.34
-956.89 -896.34
-896.62 -896.62
-899.84 -896.62
-918.81 -896.62
-961.96 -896.62
-920.05 -896.62
-900.32 -896.62
-916.88 -896.62
-898.67 -896.62
-915.70 -896.62
-896.66 -896.66
-896.05 -896.05
-898.80 -896.05
-896.05 -896.05
-898.92 -896.05
-919.90 -896.05
-899.83 -896.05
-895.86 -895.86
-919.09 -895.86
-896.22 -895.86
-919.47 -895.86
-896.29 -896.29
-895.85 -895.85
-900.34 -895.85
-895.92 -895.92
-896.37 -896.37
-896.32 -896.32
-918.32 -896.32
-915.96 -896.32
-902.97 -896.32
-915.89 -896.32
-915.95 -896.32
-921.23 -896.32
-910.46 -896.32
-912.01 -896.32
-906.07 -896.32
-926.23 -896.32
-895.94 -895.94
-897.19 -895.94
-938.71 -895.94
-897.39 -895.94
-903.00 -895.94
-965.37 -895.94
-912.99 -895.94
-895.90 -895.90
-897.80 -895.90
-893.43 -893.43
-895.87 -893.43
-896.12 -893.43
-909.55 -893.43
-895.74 -893.43
-908.38 -893.43
-899.42 -893.43
-916.15 -893.43
-935.01 -893.43
-898.71 -893.43
-921.22 -893.43
-923.17 -893.43
-898.93 -893.43
-896.17 -893.43
-896.66 -893.43
-919.00 -893.43
-896.28 -893.43
-897.35 -893.43
-930.14 -893.43
-895.47 -893.43
-921.35 -893.43
-915.53 -893.43
-916.10 -893.43
-902.50 -893.43
-899.84 -893.43
-897.10 -893.43
-930.61 -893.43
-895.85 -893.43
-895.85 -893.43
-1651.14 -1651.14
-1638.81 -1638.81
-1596.01 -1596.01
-1594.96 -1594.96
-1641.03 -1594.96
-1565.91 -1565.91
-1530.67 -1530.67
-1552.91 -1530.67
-1558.44 -1530.67
-1551.86 -1530.67
-1563.51 -1530.67
-1511.60 -1511.60
-1530.66 -1511.60
-1501.03 -1501.03
-1488.66 -1488.66
-1490.38 -1490.38
-1511.99 -1490.38
-1487.84 -1487.84
-1507.57 -1487.84
-1484.55 -1484.55
-1525.63 -1484.55
-1430.21 -1430.21
-1439.60 -1430.21
-1492.32 -1430.21
-1426.24 -1426.24
-1392.63 -1392.63
-1350.15 -1350.15
-1362.95 -1350.15
-1325.83 -1325.83
-1312.14 -1312.14
-1290.55 -1290.55
-1310.29 -1290.55
-1306.68 -1290.55
-1390.96 -1290.55
-1322.88 -1290.55
-1331.06 -1290.55
-1243.36 -1243.36
-1215.17 -1215.17
-1281.61 -1215.17
-1202.32 -1202.32
-1182.93 -1182.93
-1229.36 -1182.93
-1154.89 -1154.89
-1183.26 -1154.89
-1137.16 -1137.16
-1006.16 -1006.16
-949.47 -949.47
-911.45 -911.45
-897.11 -897.11
-923.73 -897.11
-896.22 -896.22
-922.11 -896.22
-915.99 -896.22
-898.91 -898.91
-895.69 -895.69
-902.98 -895.69
-896.98 -895.69
-902.91 -895.69
-922.48 -895.69
-934.91 -895.69
-899.23 -895.69
-952.30 -895.69
-893.44 -893.44
-922.58 -893.44
-895.89 -893.44
-921.33 -893.44
-897.17 -893.44
-921.78 -893.44
-927.99 -893.44
-921.64 -893.44
-921.43 -893.44
-895.98 -893.44
-920.01 -893.44
-922.12 -893.44
-921.44 -893.44
-925.25 -893.44
-897.23 -893.44
-916.70 -893.44
-965.45 -893.44
-911.19 -893.44
-922.18 -893.44
-916.15 -893.44
-918.24 -893.44
-896.05 -893.44
-923.80 -893.44
-910.39 -893.44
-912.83 -893.44
-896.43 -893.44
-897.32 -893.44
-915.73 -893.44
-912.44 -893.44
-912.99 -893.44
-920.28 -893.44
-912.68 -893.44
-910.39 -893.44
-920.17 -893.44
-919.97 -893.44
-909.58 -893.44
-919.52 -893.44
-921.39 -893.44
-916.15 -893.44
-923.65 -893.44
-915.88 -893.44
-918.10 -893.44
-911.21 -893.44
-893.39 -893.39
-896.62 -893.39
-926.09 -893.39
-915.71 -893.39
-896.40 -893.39
-896.87 -893.39
-919.34 -893.39
-896.15 -893.39
-897.18 -893.39
-920.62 -893.39
-895.90 -893.39
-897.79 -893.39
-921.72 -893.39
-916.14 -893.39
-926.50 -893.39
-916.09 -893.39
-941.63 -893.39
-915.90 -893.39
-895.89 -893.39
-895.87 -893.39
-915.66 -893.39
-910.45 -893.39
-923.68 -893.39
-911.64 -893.39
-898.67 -893.39
-922.47 -893.39
-895.87 -893.39
-914.78 -893.39
-896.69 -893.39
-920.42 -893.39
-895.91 -893.39
-895.87 -893.39
-897.14 -893.39
-896.18 -893.39
-898.59 -893.39
-915.90 -893.39
-930.33 -893.39
-896.82 -893.39
-922.23 -893.39
-895.85 -893.39
-896.75 -893.39
-895.56 -893.39
-897.51 -893.39
-897.52 -893.39
-921.13 -893.39
-896.65 -893.39
-897.17 -893.39
-920.59 -893.39
-910.52 -893.39
-897.17 -893.39
-923.70 -893.39
-917.83 -893.39
-895.98 -893.39
-921.41 -893.39
-896.73 -893.39
-918.24 -893.39
-910.42 -893.39
-896.32 -893.39
-910.44 -893.39
-910.49 -893.39
-896.86 -893.39
-920.92 -893.39
-899.92 -893.39
-914.91 -893.39
-896.73 -893.39
-897.98 -893.39
-895.85 -893.39
-910.27 -893.39
-922.70 -893.39
-897.43 -893.39
-918.83 -893.39
-916.25 -893.39
-901.09 -893.39
-961.88 -893.39
-895.92 -893.39
-931.61 -893.39
-895.78 -893.39
-912.47 -893.39
-896.27 -893.39
-896.21 -893.39
-911.06 -893.39
-896.77 -893.39
-919.71 -893.39
-916.98 -893.39
-921.02 -893.39
-930.39 -893.39
-907.41 -893.39
-896.78 -896.78
-931.44 -896.78
-896.86 -896.86
-912.23 -896.86
-897.18 -896.86
-897.20 -897.20
-897.69 -897.69
-901.09 -897.69
-919.37 -897.69
-907.96 -897.69
-900.27 -897.69
-895.89 -895.89
-897.65 -895.89
-897.00 -895.89
-926.95 -895.89
-900.93 -895.89
-920.23 -895.89
-919.27 -895.89
-895.86 -895.86
-922.67 -895.86
-906.05 -895.86
-914.80 -895.86
-926.17 -895.86
-922.38 -895.86
-895.97 -895.97
-914.74 -895.97
-919.77 -895.97
-899.87 -895.97
-897.19 -895.97
-935.26 -895.97
-918.55 -895.97
-899.06 -895.97
-899.38 -895.97
-920.18 -895.97
-896.22 -896.22
-900.36 -896.22
-898.76 -896.22
-922.70 -896.22
-903.06 -896.22
-931.90 -896.22
-899.05 -896.22
-896.12 -896.12
-897.18 -896.12
-897.72 -897.72
-912.12 -897.72
-897.20 -897.20
-895.88 -895.88
-912.98 -895.88
-915.52 -895.88
-897.14 -895.88
-895.70 -895.70
-904.16 -895.70
-896.63 -895.70
-917.11 -895.70
-931.48 -895.70
-896.72 -895.70
-917.40 -895.70
-896.41 -895.70
-927.22 -895.70
-895.94 -895.70
-931.39 -895.70
-897.69 -895.70
-921.17 -895.70
-893.40 -893.40
-896.92 -893.40
-922.20 -893.40
-931.44 -893.40
-935.27 -893.40
-921.68 -893.40
-902.88 -893.40
-915.20 -893.40
-920.01 -893.40
-898.47 -893.40
-906.09 -893.40
-923.69 -893.40
-915.52 -893.40
-920.93 -893.40
-923.37 -893.40
-917.49 -893.40
-896.63 -893.40
-932.18 -893.40
-896.14 -893.40
-897.19 -893.40
-912.23 -893.40
-916.71 -893.40
-920.63 -893.40
-893.45 -893.45
-921.18 -893.45
-914.71 -893.45
-896.06 -893.45
-912.20 -893.45
-921.39 -893.45
-917.47 -893.45
-909.62 -893.45
-898.48 -893.45
-931.43 -893.45
-961.38 -893.45
-910.32 -893.45
-896.29 -893.45
-918.31 -893.45
-897.88 -893.45
-916.13 -893.45
-918.39 -893.45
-912.22 -893.45
-893.44 -893.44
-896.61 -893.44
-896.40 -893.44
-897.46 -893.44
-928.79 -893.44
-897.34 -893.44
-912.69 -893.44
-898.50 -893.44
-902.48 -893.44
-912.28 -893.44
-956.93 -893.44
-900.01 -893.44
-896.62 -893.44
-896.17 -893.44
-914.77 -893.44
-910.26 -893.44
-897.33 -893.44
-920.34 -893.44
-932.86 -893.44
-895.89 -893.44
-914.80 -893.44
-896.56 -893.44
-895.56 -893.44
-896.84 -893.44
-899.25 -893.44
-916.99 -893.44
-915.96 -893.44
-923.76 -893.44
-914.95 -893.44
-917.59 -893.44
-897.38 -893.44
-921.07 -893.44
-910.50 -893.44
-896.09 -893.44
-921.04 -893.44
-907.41 -893.44
-897.14 -893.44
-896.06 -893.44
-926.98 -893.44
-896.20 -893.44
-896.29 -893.44
-895.93 -893.44
-896.31 -893.44
-914.91 -893.44
-935.01 -893.44
-912.25 -893.44
-895.98 -893.44
-917.69 -893.44
-896.11 -893.44
-931.60 -893.44
-915.86 -893.44
-895.85 -893.44
-917.46 -893.44
-911.23 -893.44
-912.46 -893.44
-925.14 -893.44
-926.72 -893.44
-902.91 -893.44
-919.79 -893.44
-914.74 -893.44
-896.35 -893.44
-899.12 -893.44
-923.78 -893.44
-896.19 -893.44
-895.87 -895.87
-932.45 -895.87
-931.40 -895.87
-896.60 -895.87
-921.05 -895.87
-900.34 -895.87
-896.10 -895.87
-916.27 -895.87
-896.05 -896.05
-923.13 -896.05
-895.85 -895.85
-925.73 -895.85
-895.48 -895.48
-896.85 -896.85
-910.49 -896.85
-899.26 -896.85
-934.50 -896.85
-896.74 -896.74
-896.79 -896.79
-915.19 -896.79
-923.28 -896.79
-895.89 -895.89
-921.81 -895.89
-896.39 -896.39
-896.17 -896.17
-896.80 -896.17
-896.89 -896.17
-919.95 -896.17
-912.70 -896.17
-920.49 -896.17
-897.14 -897.14
-896.72 -896.72
-921.34 -896.72
-919.11 -896.72
-896.06 -896.06
-895.92 -895.92
-897.89 -895.92
-923.77 -895.92
-896.60 -895.92
-897.98 -895.92
-895.93 -895.93
-895.89 -895.89
-897.24 -895.89
-923.06 -895.89
-916.11 -895.89
-895.64 -895.64
-893.43 -893.43
-896.33 -893.43
-903.14 -893.43
-896.67 -893.43
-899.37 -893.43
-896.14 -893.43
-895.95 -893.43
-917.56 -893.43
-899.69 -893.43
-921.74 -893.43
-1641.30 -1641.30
-1639.66 -1639.66
-1609.71 -1609.71
-1561.33 -1561.33
-1592.58 -1561.33
-1579.28 -1561.33
-1567.34 -1561.33
-1586.53 -1561.33
-1545.97 -1545.97
-1555.21 -1545.97
-1590.48 -1545.97
-1530.60 -1530.60
-1519.83 -1519.83
-1453.33 -1453.33
-1436.05 -1436.05
-1386.97 -1386.97
-1425.13 -1386.97
-1438.77 -1386.97
-1385.72 -1385.72
-1411.92 -1385.72
-1315.36 -1315.36
-1305.58 -1305.58
-1332.26 -1305.58
-1357.74 -1305.58
-1305.47 -1305.47
-1291.81 -1291.81
-1285.67 -1285.67
-1281.13 -1281.13
-1299.05 -1281.13
-1292.49 -1281.13
-1311.94 -1281.13
-1261.38 -1261.38
-1205.16 -1205.16
-1183.04 -1183.04
-1186.51 -1183.04
-1202.90 -1183.04
-1148.43 -1148.43
-1164.05 -1148.43
-1135.69 -1135.69
-1085.75 -1085.75
-1136.28 -1085.75
-1134.97 -1085.75
-1036.41 -1036.41
-1049.42 -1036.41
-1051.90 -1036.41
-953.97 -953.97
-966.16 -953.97
-922.91 -922.91
-915.96 -915.96
-914.94 -914.94
-906.06 -906.06
-931.49 -906.06
-914.07 -906.06
-910.33 -906.06
-920.92 -906.06
-915.41 -906.06
-895.85 -895.85
-896.10 -896.10
-896.62 -896.62
-895.90 -895.90
-917.08 -895.90
-910.26 -895.90
-933.85 -895.90
-896.39 -896.39
-896.92 -896.92
-896.74 -896.74
-939.12 -896.74
-897.62 -897.62
-897.81 -897.81
-912.44 -897.81
-919.70 -897.81
-916.02 -897.81
-922.54 -897.81
-895.88 -895.88
-896.42 -896.42
-922.43 -896.42
-919.09 -896.42
-916.04 -896.42
-920.49 -896.42
-911.14 -896.42
-913.46 -896.42
-919.55 -896.42
-927.23 -896.42
-910.65 -896.42
-914.79 -896.42
-906.04 -896.42
-920.52 -896.42
-919.26 -896.42
-919.40 -896.42
-896.22 -896.22
-895.64 -895.64
-916.83 -895.64
-924.07 -895.64
-923.78 -895.64
-896.36 -895.64
-895.88 -895.64
-915.82 -895.64
-915.13 -895.64
-914.52 -895.64
-916.15 -895.64
-921.83 -895.64
-941.12 -895.64
-917.70 -895.64
-896.94 -895.64
-897.17 -895.64
-897.17 -895.64
-895.89 -895.89
-895.88 -895.88
-896.19 -896.19
-943.33 -896.19
-898.82 -896.19
-956.89 -896.19
-910.14 -896.19
-896.58 -896.58
-918.79 -896.58
-896.12 -896.12
-901.07 -896.12
-897.17 -896.12
-895.87 -895.87
-899.39 -895.87
-916.04 -895.87
-896.37 -895.87
-918.43 -895.87
-896.91 -895.87
-896.17 -896.17
-896.39 -896.39
-897.17 -897.17
-916.64 -897.17
-899.04 -897.17
-898.67 -897.17
-896.14 -896.14
-911.44 -896.14
-919.70 -896.14
-895.88 -895.88
-897.14 -897.14
-920.96 -897.14
-895.89 -895.89
-919.29 -895.89
-923.73 -895.89
-896.71 -896.71
-898.63 -896.71
-896.14 -896.14
-895.85 -895.85
-896.77 -896.77
-896.29 -896.29
-919.70 -896.29
-898.54 -896.29
-895.58 -895.58
-898.63 -895.58
-897.61 -895.58
-920.63 -895.58
-896.28 -895.58
-898.62 -895.58
-918.29 -895.58
-919.72 -895.58
-910.33 -895.58
-897.18 -895.58
-896.54 -896.54
-921.25 -896.54
-895.53 -895.53
-910.83 -895.53
-910.33 -895.53
-896.28 -895.53
-896.10 -895.53
-918.84 -895.53
-924.69 -895.53
-919.34 -895.53
-912.70 -895.53
-895.84 -895.53
-920.18 -895.53
-900.32 -895.53
-927.28 -895.53
-925.34 -895.53
-896.36 -895.53
-896.29 -896.29
-917.57 -896.29
-895.95 -895.95
-931.36 -895.95
-896.65 -896.65
-916.00 -896.65
-898.62 -896.65
-923.64 -896.65
-931.68 -896.65
-915.94 -896.65
-922.10 -896.65
-917.42 -896.65
-895.87 -895.87
-912.84 -895.87
-895.93 -895.93
-917.42 -895.93
-895.48 -895.48
-927.20 -895.48
-893.43 -893.43
-923.29 -893.43
-897.55 -893.43
-917.76 -893.43
-932.77 -893.43
-921.01 -893.43
-896.56 -893.43
-922.55 -893.43
-896.20 -893.43
-893.41 -893.41
-922.55 -893.41
-897.08 -893.41
-920.54 -893.41
-920.05 -893.41
-895.74 -893.41
-915.73 -893.41
-935.11 -893.41
-896.60 -893.41
-922.51 -893.41
-914.59 -893.41
-961.37 -893.41
-914.95 -893.41
-922.00 -893.41
-898.70 -893.41
-895.93 -893.41
-917.43 -893.41
-896.36 -893.41
-898.57 -893.41
-896.82 -893.41
-911.93 -893.41
-923.11 -893.41
-911.38 -893.41
-919.41 -893.41
-916.21 -893.41
-906.03 -893.41
-923.97 -893.41
-915.94 -893.41
-898.01 -893.41
-896.69 -893.41
-925.01 -893.41
-899.13 -893.41
-898.74 -893.41
-921.75 -893.41
-910.45 -893.41
-916.06 -893.41
-912.34 -893.41
-911.43 -893.41
-912.23 -893.41
-899.11 -893.41
-896.73 -893.41
-907.97 -893.41
-896.60 -896.60
-916.24 -896.60
-896.73 -896.73
-931.46 -896.73
-918.31 -896.73
-920.94 -896.73
-913.58 -896.73
-893.41 -893.41
-896.05 -893.41
-898.67 -893.41
-897.18 -893.41
-898.72 -893.41
-896.62 -893.41
-897.10 -893.41
-920.58 -893.41
-916.96 -893.41
-916.07 -893.41
-898.68 -893.41
-896.28 -893.41
-908.68 -893.41
-914.70 -893.41
-897.05 -893.41
-918.30 -893.41
-909.59 -893.41
-897.18 -893.41
-895.85 -893.41
-910.52 -893.41
-906.09 -893.41
-893.38 -893.38
-895.64 -893.38
-899.21 -893.38
-896.15 -893.38
-895.87 -893.38
-931.40 -893.38
-910.50 -893.38
-897.10 -893.38
-914.86 -893.38
-897.57 -893.38
-919.13 -893.38
-919.92 -893.38
-922.72 -893.38
-896.27 -893.38
-896.34 -893.38
-962.29 -893.38
-918.75 -893.38
-901.05 -893.38
-896.11 -893.38
-921.36 -893.38
-896.65 -893.38
-910.52 -893.38
-897.15 -893.38
-931.73 -893.38
-910.46 -893.38
-896.33 -893.38
-931.53 -893.38
-896.21 -893.38
-896.26 -893.38
-896.36 -893.38
-921.36 -893.38
-897.80 -893.38
-926.48 -893.38
-896.76 -893.38
-919.29 -893.38
-912.90 -893.38
-898.79 -893.38
-917.69 -893.38
-896.28 -893.38
-896.27 -893.38
-911.39 -893.38
-899.42 -893.38
-897.10 -893.38
-897.11 -893.38
-899.08 -893.38
-899.43 -893.38
-899.36 -893.38
-897.24 -893.38
-896.24 -893.38
-896.37 -893.38
-902.53 -893.38
-910.08 -893.38
-919.65 -893.38
-919.06 -893.38
-896.84 -893.38
-896.53 -893.38
-933.00 -893.38
-918.49 -893.38
-896.12 -893.38
-910.75 -893.38
-920.25 -893.38
-912.46 -893.38
-922.40 -893.38
-898.42 -893.38
-896.44 -893.38
-921.39 -893.38
-896.32 -893.38
-895.89 -893.38
-896.30 -893.38
-921.69 -893.38
-907.42 -893.38
-919.83 -893.38
-896.19 -893.38
-916.14 -893.38
-895.89 -893.38
-919.32 -893.38
-897.81 -893.38
-895.92 -893.38
-915.82 -893.38
-941.68 -893.38
-903.26 -893.38
-917.09 -893.38
-914.57 -893.38
-897.56 -893.38
-903.06 -893.38
-899.82 -893.38
-903.10 -893.38
-898.76 -893.38
-961.39 -893.38
-895.54 -895.54
-931.42 -895.54
-899.84 -895.54
-914.79 -895.54
-955.63 -895.54
-911.16 -895.54
-906.04 -895.54
-899.70 -895.54
-896.71 -895.54
-895.93 -895.93
-896.21 -895.93
-909.91 -895.93
-896.04 -896.04
-912.68 -896.04
-918.96 -896.04
-895.85 -895.85
-906.03 -895.85
-896.62 -896.62
-895.88 -895.88
-920.73 -895.88
-897.39 -895.88
-912.70 -895.88
-935.27 -895.88
-919.00 -895.88
-908.02 -895.88
-918.92 -895.88
-896.29 -896.29
-893.44 -893.44
-919.01 -893.44
-930.47 -893.44
-895.87 -893.44
-896.11 -893.44
-922.19 -893.44
-919.92 -893.44
-895.97 -893.44
-914.93 -893.44
-917.49 -893.44
-904.71 -893.44
-923.27 -893.44
-910.54 -893.44
-935.33 -893.44
-893.45 -893.45
-922.74 -893.45
-900.97 -893.45
-916.93 -893.45
-900.99 -893.45
-919.97 -893.45
-896.24 -893.45
-896.17 -893.45
-917.57 -893.45
-919.00 -893.45
-919.25 -893.45
-962.38 -893.45
-909.92 -893.45
-900.20 -893.45
-904.10 -893.45
-1658.56 -1658.56
-1708.65 -1658.56
-1662.89 -1658.56
-1655.25 -1655.25
-1692.63 -1655.25
-1636.45 -1636.45
-1614.56 -1614.56
-1613.36 -1613.36
-1625.96 -1613.36
-1625.08 -1613.36
-1632.28 -1613.36
-1601.01 -1601.01
-1598.77 -1598.77
-1624.54 -1598.77
-1604.82 -1598.77
-1566.64 -1566.64
-1587.83 -1566.64
-1582.33 -1566.64
-1556.94 -1556.94
-1569.75 -1556.94
-1587.60 -1556.94
-1535.01 -1535.01
-1486.07 -1486.07
-1556.94 -1486.07
-1521.83 -1486.07
-1522.23 -1486.07
-1499.12 -1486.07
-1524.49 -1486.07
-1478.92 -1478.92
-1480.53 -1478.92
-1427.91 -1427.91
-1494.93 -1427.91
-1467.08 -1427.91
-1398.07 -1398.07
-1385.05 -1385.05
-1441.67 -1385.05
-1311.26 -1311.26
-1290.16 -1290.16
-1309.13 -1290.16
-1306.32 -1290.16
-1319.85 -1290.16
-1332.04 -1290.16
-1283.28 -1283.28
-1235.63 -1235.63
-1209.83 -1209.83
-1197.02 -1197.02
-1172.58 -1172.58
-1223.49 -1172.58
-1161.92 -1161.92
-1157.33 -1157.33
-1138.14 -1138.14
-1125.13 -1125.13
-1162.02 -1125.13
-1137.11 -1125.13
-1160.52 -1125.13
-1163.81 -1125.13
-1032.10 -1032.10
-1026.07 -1026.07
-1053.53 -1026.07
-950.89 -950.89
-973.27 -950.89
-942.22 -942.22
-973.88 -942.22
-938.15 -938.15
-919.93 -919.93
-896.38 -896.38
-956.91 -896.38
-919.45 -896.38
-898.80 -898.80
-896.13 -896.13
-896.14 -896.13
-896.16 -896.16
-896.19 -896.19
-895.90 -895.90
-918.15 -895.90
-922.12 -895.90
-902.83 -895.90
-920.98 -895.90
-919.76 -895.90
-914.63 -895.90
-923.77 -895.90
-915.79 -895.90
-921.37 -895.90
-896.17 -896.17
-918.25 -896.17
-918.17 -896.17
-898.61 -896.17
-920.60 -896.17
-931.46 -896.17
-896.75 -896.17
-896.15 -896.15
-930.90 -896.15
-921.21 -896.15
-893.44 -893.44
-921.77 -893.44
-917.46 -893.44
-931.56 -893.44
-956.00 -893.44
-917.26 -893.44
-895.78 -893.44
-910.53 -893.44
-914.92 -893.44
-897.05 -893.44
-918.99 -893.44
-895.55 -893.44
-915.76 -893.44
-895.87 -893.44
-911.00 -893.44
-896.18 -893.44
-893.39 -893.39
-920.28 -893.39
-896.62 -893.39
-895.85 -895.85
-895.86 -895.86
-902.48 -895.86
-896.37 -895.86
-921.08 -895.86
-900.39 -895.86
-971.76 -895.86
-897.15 -895.86
-919.38 -895.86
-897.81 -895.86
-917.24 -895.86
-895.86 -895.86
-902.48 -895.86
-922.28 -895.86
-897.14 -897.14
-918.00 -897.14
-934.02 -897.14
-924.19 -897.14
-921.73 -897.14
-897.17 -897.17
-927.59 -897.17
-896.15 -896.15
-909.56 -896.15
-895.90 -895.90
-896.24 -896.24
-919.71 -896.24
-926.12 -896.24
-897.17 -896.24
-897.14 -896.24
-911.86 -896.24
-931.05 -896.24
-896.12 -896.12
-897.52 -896.12
-920.74 -896.12
-917.08 -896.12
-896.05 -896.05
-912.20 -896.05
-913.00 -896.05
-915.98 -896.05
-910.35 -896.05
-899.13 -896.05
-893.39 -893.39
-900.95 -893.39
-896.39 -893.39
-915.96 -893.39
-912.34 -893.39
-917.40 -893.39
-921.42 -893.39
-912.74 -893.39
-919.98 -893.39
-919.52 -893.39
-916.98 -893.39
-915.44 -893.39
-896.05 -893.39
-918.75 -893.39
-897.17 -893.39
-925.07 -893.39
-895.90 -893.39
-914.87 -893.39
-916.12 -893.39
-896.67 -893.39
-906.08 -893.39
-922.81 -893.39
-896.09 -893.39
-896.22 -893.39
-896.45 -893.39
-896.50 -893.39
-896.68 -893.39
-896.34 -893.39
-915.89 -893.39
-900.61 -893.39
-897.97 -893.39
-897.14 -893.39
-896.22 -893.39
-899.88 -893.39
-900.08 -893.39
-898.40 -893.39
-896.14 -893.39
-897.39 -893.39
-916.42 -893.39
-896.44 -893.39
-915.95 -893.39
-896.16 -893.39
-914.83 -893.39
-931.58 -893.39
-918.41 -893.39
-918.81 -893.39
-920.35 -893.39
-895.92 -893.39
-921.43 -893.39
-897.53 -893.39
-919.67 -893.39
-895.87 -893.39
-902.49 -893.39
-921.98 -893.39
-897.11 -893.39
-927.08 -893.39
-896.05 -893.39
-922.56 -893.39
-896.49 -893.39
-897.18 -893.39
-896.74 -893.39
-893.44 -893.44
-896.39 -893.44
-895.56 -893.44
-929.02 -893.44
-898.71 -893.44
-897.17 -893.44
-895.78 -893.44
-898.43 -893.44
-918.25 -893.44
-912.44 -893.44
-896.06 -893.44
-895.85 -893.44
-926.09 -893.44
-897.50 -893.44
-893.41 -893.41
-923.76 -893.41
-922.96 -893.41
-918.85 -893.41
-914.11 -893.41
-909.58 -893.41
-906.08 -893.41
-901.01 -893.41
-915.19 -893.41
-911.66 -893.41
-915.85 -893.41
-897.12 -893.41
-920.34 -893.41
-956.92 -893.41
-896.84 -893.41
-896.41 -893.41
-895.74 -893.41
-900.00 -893.41
-900.00 -893.41
-927.21 -893.41
-917.23 -893.41
-915.73 -893.41
-896.40 -893.41
-956.92 -893.41
-898.67 -893.41
-926.87 -893.41
-896.38 -893.41
-965.44 -893.41
-922.70 -893.41
-899.83 -893.41
-928.14 -893.41
-902.78 -893.41
-916.11 -893.41
-915.16 -893.41
-896.35 -893.41
-914.12 -893.41
-924.83 -893.41
-895.90 -893.41
-895.92 -893.41
-896.35 -893.41
-902.89 -893.41
-924.50 -893.41
-914.73 -893.41
-895.97 -893.41
-896.61 -893.41
-902.53 -893.41
-900.97 -893.41
-897.60 -893.41
-896.75 -893.41
-900.39 -893.41
-897.17 -893.41
-920.59 -893.41
-915.38 -893.41
-895.85 -893.41
-913.89 -893.41
-895.86 -893.41
-921.82 -893.41
-920.93 -893.41
-922.09 -893.41
-915.27 -893.41
-931.46 -893.41
-897.69 -893.41
-916.11 -893.41
-924.16 -893.41
-914.31 -893.41
-900.91 -893.41
-896.42 -893.41
-896.54 -893.41
-922.16 -893.41
-910.74 -893.41
-919.60 -893.41
-919.35 -893.41
-904.08 -893.41
-921.03 -893.41
-897.72 -893.41
-910.37 -893.41
-916.17 -893.41
-919.86 -893.41
-922.19 -893.41
-896.73 -893.41
-919.37 -893.41
-923.31 -893.41
-916.03 -893.41
-896.22 -893.41
-910.55 -893.41
-912.33 -893.41
-897.49 -893.41
-896.64 -893.41
-917.24 -893.41
-918.75 -893.41
-897.10 -893.41
-919.45 -893.41
-971.74 -893.41
-916.65 -893.41
-919.75 -893.41
-927.00 -893.41
-932.63 -893.41
-896.75 -893.41
-912.34 -893.41
-896.77 -893.41
-916.87 -893.41
-895.94 -893.41
-895.72 -893.41
-910.46 -893.41
-923.80 -893.41
-912.22 -893.41
-893.44 -893.44
-895.93 -893.44
-916.05 -893.44
-895.93 -893.44
-923.28 -893.44
-896.27 -896.27
-919.09 -896.27
-895.90 -895.90
-896.05 -896.05
-907.95 -896.05
-896.11 -896.11
-902.08 -896.11
-895.92 -895.92
-922.57 -895.92
-896.05 -896.05
-919.18 -896.05
-925.15 -896.05
-895.85 -895.85
-896.24 -896.24
-918.78 -896.24
-896.64 -896.24
-931.50 -896.24
-915.64 -896.24
-916.18 -896.24
-896.60 -896.60
-924.70 -896.60
-919.58 -896.60
-895.93 -895.93
-920.99 -895.93
-919.06 -895.93
-918.99 -895.93
-921.35 -895.93
-899.13 -895.93
-896.05 -896.05
-926.08 -896.05
-899.24 -896.05
-910.41 -896.05
-897.93 -896.05
-902.53 -896.05
-897.90 -896.05
-910.51 -896.05
-914.51 -896.05
-897.20 -896.05
-897.69 -896.05
-919.06 -896.05
-895.54 -895.54
-910.18 -895.54
-919.31 -895.54
-917.53 -895.54
-921.52 -895.54
-897.76 -895.54
-896.35 -896.35
-896.09 -896.09
-896.95 -896.09
-895.85 -895.85
-895.89 -895.85
-895.86 -895.86
-918.83 -895.86
-916.91 -895.86
-893.44 -893.44
-920.05 -893.44
-910.53 -893.44
-923.16 -893.44
-956.92 -893.44
-931.31 -893.44
-896.74 -896.74
-912.85 -896.74
-897.18 -896.74
-896.88 -896.88
-918.98 -896.88
-904.15 -896.88
-916.09 -896.88
-897.55 -896.88
-919.79 -896.88
-897.98 -896.88
-896.18 -896.18
-896.39 -896.39
-897.01 -896.39
-897.67 -896.39
-898.67 -896.39
-897.41 -896.39
-896.23 -896.23
-1700.15 -896.23
-1688.42 -896.23
-1693.99 -896.23
-1632.52 -1632.52
-1646.81 -1632.52
-1657.07 -1632.52
-1650.52 -1632.52
-1624.97 -1624.97
-1619.95 -1619.95
-1619.52 -1619.52
-1627.17 -1619.52
-1639.93 -1619.52
-1546.67 -1546.67
-1565.11 -1546.67
-1551.94 -1546.67
-1489.38 -1489.38
-1461.51 -1461.51
-1431.47 -1431.47
-1458.16 -1431.47
-1388.00 -1388.00
-1396.75 -1388.00
-1392.63 -1388.00
-1396.05 -1388.00
-1393.14 -1388.00
-1453.32 -1388.00
-1370.48 -1370.48
-1370.38 -1370.38
-1385.07 -1370.38
-1364.81 -1364.81
-1282.14 -1282.14
-1283.72 -1282.14
-1307.63 -1282.14
-1332.05 -1282.14
-1281.32 -1281.32
-1289.20 -1281.32
-1343.49 -1281.32
-1289.42 -1281.32
-1355.16 -1281.32
-1341.28 -1281.32
-1337.82 -1281.32
-1291.07 -1281.32
-1366.98 -1281.32
-1256.65 -1256.65
-1225.13 -1225.13
-1214.98 -1214.98
-1284.08 -1214.98
-1190.63 -1190.63
-1160.17 -1160.17
-1048.72 -1048.72
-962.54 -962.54
-996.66 -962.54
-955.82 -955.82
-1006.84 -955.82
-989.06 -955.82
-916.08 -916.08
-921.75 -916.08
-895.85 -895.85
-896.44 -895.85
-896.41 -896.41
-902.82 -896.41
-918.52 -896.41
-896.32 -896.32
-896.34 -896.34
-909.57 -896.34
-917.40 -896.34
-919.66 -896.34
-956.92 -896.34
-897.98 -896.34
-899.95 -896.34
-916.97 -896.34
-895.95 -895.95
-932.80 -895.95
-918.04 -895.95
-896.38 -895.95
-918.48 -895.95
-906.10 -895.95
-931.44 -895.95
-896.12 -896.12
-897.90 -896.12
-927.20 -896.12
-896.50 -896.50
-921.29 -896.50
-908.25 -896.50
-916.22 -896.50
-916.27 -896.50
-915.18 -896.50
-899.27 -896.50
-897.17 -897.17
-902.08 -897.17
-918.75 -897.17
-895.85 -895.85
-921.23 -895.85
-926.05 -895.85
-897.25 -895.85
-915.20 -895.85
-924.74 -895.85
-921.38 -895.85
-914.11 -895.85
-895.88 -895.88
-896.22 -896.22
-897.70 -896.22
-920.37 -896.22
-896.16 -896.16
-917.88 -896.16
-916.04 -896.16
-897.04 -896.16
-916.94 -896.16
-895.86 -895.86
-922.05 -895.86
-895.86 -895.86
-915.83 -895.86
-906.05 -895.86
-916.37 -895.86
-898.76 -895.86
-901.04 -895.86
-896.30 -895.86
-899.34 -895.86
-897.14 -897.14
-922.05 -897.14
-919.04 -897.14
-896.72 -896.72
-956.93 -896.72
-895.95 -895.95
-895.86 -895.86
-897.11 -895.86
-896.06 -896.06
-924.41 -896.06
-906.03 -896.06
-896.12 -896.12
-921.09 -896.12
-895.91 -895.91
-930.72 -895.91
-910.40 -895.91
-923.25 -895.91
-895.87 -895.87
-912.13 -895.87
-897.17 -897.17
-897.13 -897.13
-919.87 -897.13
-936.24 -897.13
-922.23 -897.13
-895.87 -895.87
-897.14 -895.87
-915.17 -895.87
-896.95 -896.95
-902.73 -896.95
-910.37 -896.95
-897.32 -897.32
-926.92 -897.32
-925.17 -897.32
-900.33 -897.32
-927.17 -897.32
-895.85 -895.85
-899.22 -899.22
-918.97 -899.22
-897.31 -897.31
-914.85 -897.31
-912.29 -897.31
-916.98 -897.31
-911.33 -897.31
-916.43 -897.31
-895.92 -895.92
-910.54 -895.92
-915.50 -895.92
-912.35 -895.92
-918.29 -895.92
-931.42 -895.92
-918.80 -895.92
-911.39 -895.92
-902.91 -895.92
-927.75 -895.92
-895.87 -895.87
-897.31 -895.87
-896.99 -896.99
-902.52 -896.99
-897.47 -897.47
-897.73 -897.73
-897.14 -897.14
-921.41 -897.14
-898.48 -897.14
-899.07 -897.14
-896.23 -896.23
-897.88 -897.88
-926.16 -897.88
-923.28 -897.88
-908.38 -897.88
-898.81 -897.88
-896.16 -896.16
-895.89 -895.89
-895.85 -895.85
-899.63 -895.85
-896.70 -895.85
-921.21 -895.85
-897.17 -897.17
-903.35 -897.17
-916.03 -897.17
-921.50 -897.17
-896.36 -896.36
-912.83 -896.36
-920.61 -896.36
-910.34 -896.36
-910.75 -896.36
-896.22 -896.22
-899.80 -896.22
-921.76 -896.22
-902.93 -896.22
-922.67 -896.22
-899.93 -896.22
-922.43 -896.22
-916.25 -896.22
-925.10 -896.22
-911.33 -896.22
-896.82 -896.82
-911.00 -896.82
-918.52 -896.82
-917.35 -896.82
-899.51 -896.82
-915.66 -896.82
-927.74 -896.82
-893.40 -893.40
-909.63 -893.40
-916.18 -893.40
-915.20 -893.40
-896.24 -893.40
-896.90 -893.40
-895.94 -893.40
-921.04 -893.40
-919.14 -893.40
-923.63 -893.40
-916.19 -893.40
-893.44 -893.44
-896.73 -893.44
-916.18 -893.44
-918.81 -893.44
-914.65 -893.44
-917.58 -893.44
-910.51 -893.44
-910.45 -893.44
-914.31 -893.44
-908.06 -893.44
-900.04 -893.44
-896.50 -893.44
-896.80 -893.44
-893.45 -893.45
-900.17 -893.45
-927.00 -893.45
-896.21 -893.45
-895.92 -893.45
-922.67 -893.45
-915.14 -893.45
-921.11 -893.45
-910.14 -893.45
-913.57 -893.45
-898.78 -893.45
-921.90 -893.45
-919.76 -893.45
-893.43 -893.43
-895.53 -895.53
-896.40 -895.53
-915.27 -895.53
-914.89 -895.53
-910.24 -895.53
-961.81 -895.53
-904.13 -895.53
-896.72 -895.53
-917.90 -895.53
-896.82 -895.53
-906.02 -895.53
-916.28 -895.53
-895.71 -895.71
-897.97 -895.71
-931.40 -895.71
-897.13 -895.71
-896.85 -895.71
-916.07 -895.71
-920.26 -895.71
-921.12 -895.71
-896.13 -896.13
-893.39 -893.39
-912.18 -893.39
-898.58 -893.39
-916.16 -893.39
-915.82 -893.39
-897.81 -893.39
-896.44 -896.44
-919.33 -896.44
-895.88 -895.88
-919.89 -895.88
-895.75 -895.75
-915.43 -895.75
-926.23 -895.75
-896.80 -896.80
-898.66 -896.80
-897.18 -896.80
-896.06 -896.06
-920.92 -896.06
-920.44 -896.06
-897.24 -897.24
-902.99 -897.24
-896.43 -896.43
-916.04 -896.43
-916.17 -896.43
-921.10 -896.43
-919.68 -896.43
-895.85 -895.85
-896.63 -895.85
-897.17 -895.85
-896.24 -895.85
-898.44 -895.85
-921.75 -895.85
-900.28 -895.85
-895.97 -895.97
-897.20 -897.20
-918.38 -897.20
-911.46 -897.20
-897.71 -897.71
-921.06 -897.71
-931.54 -897.71
-904.77 -897.71
-921.03 -897.71
-900.24 -897.71
-896.99 -896.99
-919.28 -896.99
-923.26 -896.99
-895.87 -895.87
-916.08 -895.87
-921.41 -895.87
-920.24 -895.87
-912.45 -895.87
-895.79 -895.79
-914.92 -895.79
-916.35 -895.79
-926.29 -895.79
-895.66 -895.66
-910.35 -895.66
-931.47 -895.66
-899.32 -895.66
-926.18 -895.66
-916.32 -895.66
-897.24 -895.66
-919.79 -895.66
-898.37 -895.66
-923.77 -895.66
-921.22 -895.66
-904.02 -895.66
-915.18 -895.66
-919.34 -895.66
-925.15 -895.66
-918.89 -895.66
-915.52 -895.66
-898.95 -895.66
-918.76 -895.66
-950.01 -895.66
-895.93 -895.93
-909.64 -895.93
-910.59 -895.93
-911.31 -895.93
-920.39 -895.93
-919.28 -895.93
-911.29 -895.93
-896.12 -895.93
-927.07 -895.93
-911.46 -895.93
-896.25 -896.25
-896.61 -896.61
-919.41 -896.61
-925.10 -896.61
-918.79 -896.61
-920.27 -896.61
-921.39 -896.61
-923.71 -896.61
-921.99 -896.61
-916.23 -896.61
-895.57 -895.57
-897.15 -895.57
-896.18 -895.57
-896.20 -896.20
-924.69 -896.20
-971.78 -896.20
-898.81 -896.20
-897.14 -896.20
-920.04 -896.20
-896.34 -896.20
-895.95 -895.95
-897.97 -895.95
-906.01 -895.95
-897.18 -895.95
-931.59 -895.95
-896.38 -896.38
-926.89 -896.38
-895.95 -895.95
-893.45 -893.45
-923.33 -893.45
-895.94 -893.45
-897.14 -893.45
-896.67 -896.67
-919.00 -896.67
-896.24 -896.24
-920.56 -896.24
-898.53 -898.53
-933.46 -898.53
-911.28 -898.53
-961.38 -898.53
-965.71 -898.53
-919.60 -898.53
-944.22 -898.53
-919.01 -898.53
-895.85 -895.85
-895.87 -895.87
-919.88 -895.87
-895.56 -895.56
-911.24 -895.56
-914.92 -895.56
-911.16 -895.56
-896.78 -895.56
-916.04 -895.56
-1663.30 -1663.30
-1642.23 -1642.23
-1630.36 -1630.36
-1639.48 -1630.36
-1656.88 -1630.36
-1624.77 -1624.77
-1583.16 -1583.16
-1568.49 -1568.49
-1602.29 -1568.49
-1575.58 -1568.49
-1632.39 -1568.49
-1611.35 -1568.49
-1613.51 -1568.49
-1585.00 -1568.49
-1596.21 -1568.49
-1607.32 -1568.49
-1594.95 -1568.49
-1551.00 -1551.00
-1561.49 -1551.00
-1558.40 -1551.00
-1574.18 -1551.00
-1521.28 -1521.28
-1520.37 -1520.37
-1521.64 -1520.37
-1533.71 -1520.37
-1480.30 -1480.30
-1449.40 -1449.40
-1420.06 -1420.06
-1373.30 -1373.30
-1335.93 -1335.93
-1378.45 -1335.93
-1357.34 -1335.93
-1313.36 -1313.36
-1314.60 -1314.60
-1263.04 -1263.04
-1242.52 -1242.52
-1190.18 -1190.18
-1193.28 -1190.18
-1175.65 -1175.65
-1156.41 -1156.41
-1124.83 -1124.83
-1160.40 -1124.83
-1053.80 -1053.80
-1038.15 -1038.15
-1137.98 -1038.15
-1014.49 -1014.49
-1053.74 -1014.49
-957.38 -957.38
-943.26 -943.26
-933.42 -933.42
-943.24 -933.42
-934.87 -933.42
-986.61 -933.42
-943.31 -933.42
-914.62 -914.62
-897.17 -897.17
-910.14 -897.17
-925.08 -897.17
-916.13 -897.17
-919.22 -897.17
-916.93 -897.17
-904.74 -897.17
-921.75 -897.17
-897.15 -897.15
-920.77 -897.15
-897.22 -897.15
-910.24 -897.15
-896.04 -896.04
-922.83 -896.04
-934.94 -896.04
-921.24 -896.04
-912.15 -896.04
-896.38 -896.38
-896.21 -896.21
-919.64 -896.21
-916.29 -896.21
-942.71 -896.21
-921.63 -896.21
-924.24 -896.21
-921.22 -896.21
-916.18 -896.21
-902.73 -896.21
-915.38 -896.21
-911.22 -896.21
-910.40 -896.21
-935.18 -896.21
-897.25 -897.25
-897.17 -897.17
-900.34 -897.17
-904.65 -897.17
-895.85 -895.85
-911.08 -895.85
-916.98 -895.85
-917.54 -895.85
-923.26 -895.85
-900.20 -895.85
-917.60 -895.85
-895.59 -895.59
-895.87 -895.87
-916.17 -895.87
-919.77 -895.87
-896.05 -896.05
-905.35 -896.05
-919.19 -896.05
-893.41 -893.41
-896.67 -893.41
-896.74 -893.41
-899.25 -893.41
-895.87 -895.87
-893.39 -893.39
-899.10 -893.39
-916.19 -893.39
-899.09 -893.39
-895.87 -893.39
-919.87 -893.39
-895.88 -893.39
-896.17 -893.39
-914.55 -893.39
-916.60 -893.39
-896.47 -893.39
-916.86 -893.39
-910.44 -893.39
-915.89 -893.39
-897.93 -893.39
-923.65 -893.39
-896.86 -893.39
-921.15 -893.39
-912.26 -893.39
-896.09 -896.09
-920.39 -896.09
-896.10 -896.10
-897.17 -896.10
-900.35 -896.10
-896.37 -896.37
-896.36 -896.36
-897.19 -896.36
-923.38 -896.36
-921.69 -896.36
-900.24 -896.36
-895.93 -895.93
-896.17 -896.17
-895.65 -895.65
-921.82 -895.65
-893.39 -893.39
-918.75 -893.39
-915.59 -893.39
-918.37 -893.39
-921.06 -893.39
-896.30 -893.39
-919.28 -893.39
-919.56 -893.39
-916.33 -893.39
-897.27 -893.39
-896.83 -893.39
-910.54 -893.39
-910.38 -893.39
-895.92 -895.92
-921.38 -895.92
-898.79 -895.92
-911.41 -895.92
-915.29 -895.92
-899.75 -895.92
-902.10 -895.92
-897.21 -895.92
-912.68 -895.92
-897.74 -895.92
-899.84 -895.92
-931.35 -895.92
-898.88 -895.92
-901.10 -895.92
-897.14 -895.92
-895.57 -895.57
-911.34 -895.57
-896.43 -895.57
-895.90 -895.57
-922.47 -895.57
-917.73 -895.57
-920.73 -895.57
-917.82 -895.57
-897.08 -895.57
-961.39 -895.57
-912.18 -895.57
-897.14 -895.57
-893.40 -893.40
-896.90 -893.40
-919.71 -893.40
-918.95 -893.40
-896.18 -893.40
-915.19 -893.40
-896.39 -893.40
-916.38 -893.40
-920.97 -893.40
-912.25 -893.40
-897.05 -893.40
-1020.39 -893.40
-920.39 -893.40
-910.06 -893.40
-895.90 -893.40
-896.60 -893.40
-901.10 -893.40
-919.45 -893.40
-917.86 -893.40
-896.21 -893.40
-895.90 -893.40
-922.75 -893.40
-893.44 -893.44
-908.45 -893.44
-915.19 -893.44
-922.64 -893.44
-912.11 -893.44
-915.75 -893.44
-896.41 -893.44
-920.56 -893.44
-897.78 -893.44
-896.26 -893.44
-911.47 -893.44
-895.52 -893.44
-898.89 -893.44
-916.64 -893.44
-918.99 -893.44
-920.70 -893.44
-921.07 -893.44
-910.06 -893.44
-935.01 -893.44
-895.88 -893.44
-918.44 -893.44
-931.57 -893.44
-923.31 -893.44
-895.89 -893.44
-911.35 -893.44
-911.93 -893.44
-895.86 -893.44
-920.32 -893.44
-896.48 -896.48
-911.28 -896.48
-919.93 -896.48
-895.57 -895.57
-896.71 -895.57
-895.73 -895.73
-917.76 -895.73
-930.88 -895.73
-895.85 -895.73
-895.47 -895.47
-929.81 -895.47
-896.67 -896.67
-918.83 -896.67
-895.89 -895.89
-914.34 -895.89
-897.54 -897.54
-930.31 -897.54
-933.36 -897.54
-896.39 -896.39
-896.14 -896.14
-919.61 -896.14
-912.40 -896.14
-932.62 -896.14
-898.52 -896.14
-897.73 -896.14
-895.47 -895.47
-915.75 -895.47
-896.15 -896.15
-911.04 -896.15
-911.37 -896.15
-896.62 -896.62
-915.97 -896.62
-897.20 -897.20
-906.03 -897.20
-895.92 -895.92
-897.11 -895.92
-897.62 -897.62
-907.41 -897.62
-916.51 -897.62
-926.61 -897.62
-893.40 -893.40
-897.18 -893.40
-896.59 -893.40
-896.44 -893.40
-920.07 -893.40
-896.34 -893.40
-909.89 -893.40
-914.86 -893.40
-903.06 -893.40
-896.93 -893.40
-896.37 -893.40
-914.86 -893.40
-912.49 -893.40
-907.34 -893.40
-916.14 -893.40
-896.41 -893.40
-920.38 -893.40
-919.34 -893.40
-920.26 -893.40
-896.40 -893.40
-895.88 -893.40
-921.99 -893.40
-917.29 -893.40
-896.31 -893.40
-896.91 -893.40
-896.24 -896.24
-898.65 -896.24
-901.10 -896.24
-919.63 -896.24
-917.11 -896.24
-900.38 -896.24
-924.30 -896.24
-930.37 -896.24
-896.58 -896.58
-923.32 -896.58
-916.06 -896.58
-918.51 -896.58
-925.27 -896.58
-896.19 -896.19
-938.54 -896.19
-896.34 -896.34
-919.95 -896.34
-921.01 -896.34
-897.49 -896.34
-896.82 -896.82
-924.99 -896.82
-899.47 -899.47
-912.20 -899.47
-918.83 -899.47
-900.97 -899.47
-921.00 -899.47
-896.77 -896.77
-912.33 -896.77
-916.36 -896.77
-919.19 -896.77
-956.91 -896.77
-916.06 -896.77
-923.78 -896.77
-898.52 -896.77
-896.40 -896.40
-896.13 -896.13
-917.57 -896.13
-897.15 -896.13
-895.87 -895.87
-895.90 -895.90
-916.20 -895.90
-911.32 -895.90
-897.84 -895.90
-922.64 -895.90
-919.91 -895.90
-896.26 -895.90
-920.01 -895.90
-896.35 -895.90
-910.50 -895.90
-897.17 -895.90
-911.15 -895.90
-895.54 -895.54
-898.51 -895.54
-929.78 -895.54
-916.46 -895.54
-920.02 -895.54
-897.20 -897.20
-895.87 -895.87
-899.45 -895.87
-908.08 -895.87
-927.27 -895.87
-915.60 -895.87
-897.04 -895.87
-922.61 -895.87
-896.21 -895.87
-920.01 -895.87
-915.95 -895.87
-914.69 -895.87
-914.64 -895.87
-896.79 -895.87
-899.26 -895.87
-918.75 -895.87
-893.46 -893.46
-912.13 -893.46
-914.56 -893.46
-921.23 -893.46
-898.79 -893.46
-914.84 -893.46
-915.86 -893.46
-896.45 -893.46
-919.66 -893.46
-920.29 -893.46
-923.17 -893.46
-930.97 -893.46
-919.74 -893.46
-915.18 -893.46
-926.48 -893.46
-912.02 -893.46
-896.88 -893.46
-899.63 -893.46
-904.12 -893.46
-896.75 -893.46
-896.38 -893.46
-908.45 -893.46
-911.19 -893.46
-896.14 -893.46
-896.23 -893.46
-916.08 -893.46
-895.90 -893.46
-895.89 -893.46
-896.05 -893.46
-910.54 -893.46
-899.24 -893.46
-917.84 -893.46
-919.74 -893.46
-895.88 -893.46
-896.27 -893.46
-897.60 -893.46
-915.81 -893.46
-896.19 -893.46
-896.13 -893.46
-897.15 -893.46
-918.80 -893.46
-896.28 -893.46
-893.43 -893.43
-893.38 -893.38
-896.64 -896.64
-896.75 -896.75
-1668.14 -896.75
-1668.93 -896.75
-1703.82 -896.75
-1657.13 -1657.13
-1675.29 -1657.13
-1626.37 -1626.37
-1580.28 -1580.28
-1539.76 -1539.76
-1569.83 -1539.76
-1544.97 -1539.76
-1524.16 -1524.16
-1474.42 -1474.42
-1445.29 -1445.29
-1483.76 -1445.29
-1429.59 -1429.59
-1373.42 -1373.42
-1412.40 -1373.42
-1371.81 -1371.81
-1341.51 -1341.51
-1320.09 -1320.09
-1392.61 -1320.09
-1372.46 -1320.09
-1323.68 -1320.09
-1350.41 -1320.09
-1323.41 -1320.09
-1319.21 -1319.21
-1327.43 -1319.21
-1355.75 -1319.21
-1326.89 -1319.21
-1332.36 -1319.21
-1279.38 -1279.38
-1246.08 -1246.08
-1203.14 -1203.14
-1319.51 -1203.14
-1279.80 -1203.14
-1266.33 -1203.14
-1268.99 -1203.14
-1258.64 -1203.14
-1158.60 -1158.60
-1190.12 -1158.60
-1163.10 -1158.60
-1195.90 -1158.60
-1154.97 -1154.97
-1187.34 -1154.97
-1137.81 -1137.81
-1098.04 -1098.04
-1041.51 -1041.51
-1045.95 -1041.51
-1007.77 -1007.77
-1018.15 -1007.77
-1025.91 -1007.77
-1043.41 -1007.77
-988.61 -988.61
-1005.01 -988.61
-984.55 -984.55
-1014.97 -984.55
-971.48 -971.48
-956.68 -956.68
-962.22 -956.68
-917.64 -917.64
-921.99 -917.64
-950.06 -917.64
-1018.82 -917.64
-897.98 -897.98
-924.87 -897.98
-896.15 -896.15
-918.59 -896.15
-915.20 -896.15
-896.25 -896.25
-897.17 -897.17
-952.44 -897.17
-916.20 -897.17
-915.45 -897.17
-898.87 -897.17
-897.39 -897.39
-898.38 -897.39
-902.93 -897.39
-896.73 -896.73
-896.13 -896.13
-921.02 -896.13
-896.25 -896.25
-895.87 -895.87
-895.57 -895.57
-911.26 -895.57
-920.07 -895.57
-927.81 -895.57
-932.45 -895.57
-923.69 -895.57
-911.31 -895.57
-909.49 -895.57
-895.93 -895.93
-896.66 -895.93
-919.69 -895.93
-918.81 -895.93
-916.88 -895.93
-910.44 -895.93
-895.92 -895.92
-931.54 -895.92
-896.82 -896.82
-922.51 -896.82
-897.37 -897.37
-932.17 -897.37
-895.95 -895.95
-897.18 -895.95
-915.39 -895.95
-920.26 -895.95
-895.93 -895.93
-893.41 -893.41
-896.65 -893.41
-921.45 -893.41
-916.11 -893.41
-896.33 -893.41
-911.44 -893.41
-895.93 -893.41
-943.50 -893.41
-895.91 -893.41
-903.26 -893.41
-920.89 -893.41
-911.39 -893.41
-920.04 -893.41
-919.49 -893.41
-895.66 -893.41
-906.07 -893.41
-896.67 -893.41
-961.91 -893.41
-920.99 -893.41
-919.26 -893.41
-895.92 -893.41
-899.66 -893.41
-897.18 -893.41
-897.94 -893.41
-897.48 -893.41
-962.27 -893.41
-915.60 -893.41
-896.12 -893.41
-895.89 -893.41
-919.97 -893.41
-897.09 -893.41
-922.49 -893.41
-915.19 -893.41
-919.74 -893.41
-939.80 -893.41
-893.40 -893.40
-897.18 -893.40
-910.52 -893.40
-902.67 -893.40
-921.82 -893.40
-900.93 -893.40
-946.09 -893.40
-917.77 -893.40
-965.37 -893.40
-897.14 -893.40
-927.05 -893.40
-895.91 -895.91
-919.69 -895.91
-931.54 -895.91
-896.14 -896.14
-896.23 -896.23
-917.19 -896.23
-916.20 -896.23
-899.09 -896.23
-907.34 -896.23
-921.42 -896.23
-912.36 -896.23
-896.27 -896.27
-932.17 -896.27
-919.05 -896.27
-897.25 -896.27
-897.47 -897.47
-911.16 -897.47
-902.93 -897.47
-906.10 -897.47
-902.50 -897.47
-895.93 -895.93
-895.95 -895.95
-909.63 -895.95
-922.45 -895.95
-931.40 -895.95
-895.90 -895.90
-915.91 -895.90
-916.10 -895.90
-896.84 -895.90
-896.40 -896.40
-896.29 -896.29
-911.24 -896.29
-937.90 -896.29
-910.35 -896.29
-895.87 -895.87
-919.52 -895.87
-898.48 -895.87
-924.21 -895.87
-917.04 -895.87
-931.56 -895.87
-895.62 -895.62
-919.22 -895.62
-915.20 -895.62
-921.80 -895.62
-912.43 -895.62
-895.85 -895.85
-931.61 -895.85
-897.47 -897.47
-897.64 -897.64
-925.87 -897.64
-920.46 -897.64
-922.81 -897.64
-896.89 -896.89
-917.36 -896.89
-899.35 -896.89
-897.32 -897.32
-917.05 -897.32
-916.20 -897.32
-910.04 -897.32
-896.77 -896.77
-931.59 -896.77
-895.89 -895.89
-896.69 -895.89
-912.34 -895.89
-895.97 -895.97
-919.41 -895.97
-895.87 -895.87
-896.75 -896.75
-908.04 -896.75
-917.61 -896.75
-897.03 -897.03
-917.42 -897.03
-919.78 -897.03
-910.98 -897.03
-917.49 -897.03
-896.85 -896.85
-908.45 -896.85
-898.57 -896.85
-899.38 -899.38
-956.91 -899.38
-904.77 -899.38
-895.93 -895.93
-896.09 -896.09
-918.54 -896.09
-896.06 -896.06
-921.02 -896.06
-896.70 -896.06
-962.33 -896.06
-896.38 -896.38
-898.77 -896.38
-895.89 -895.89
-900.06 -895.89
-917.23 -895.89
-910.16 -895.89
-920.73 -895.89
-909.64 -895.89
-897.08 -897.08
-897.09 -897.09
-893.39 -893.39
-897.64 -893.39
-918.30 -893.39
-895.87 -893.39
-915.96 -893.39
-896.41 -893.39
-922.02 -893.39
-899.30 -893.39
-895.78 -895.78
-931.43 -895.78
-897.17 -895.78
-920.83 -895.78
-920.38 -895.78
-913.86 -895.78
-916.19 -895.78
-895.92 -895.92
-900.92 -895.92
-910.05 -895.92
-962.43 -895.92
-910.11 -895.92
-920.29 -895.92
-898.54 -898.54
-914.53 -898.54
-895.87 -895.87
-897.19 -895.87
-898.44 -895.87
-919.55 -895.87
-899.17 -895.87
-911.89 -895.87
-915.21 -895.87
-918.81 -895.87
-926.20 -895.87
-916.17 -895.87
-917.82 -895.87
-910.45 -895.87
-921.19 -895.87
-895.86 -895.86
-915.96 -895.86
-897.15 -897.15
-925.42 -897.15
-896.39 -896.39
-932.14 -896.39
-895.87 -895.87
-910.49 -895.87
-914.83 -895.87
-915.95 -895.87
-897.19 -895.87
-897.18 -895.87
-896.34 -895.87
-922.32 -895.87
-896.69 -895.87
-897.21 -897.21
-916.85 -897.21
-918.86 -897.21
-917.10 -897.21
-897.14 -897.14
-896.70 -896.70
-917.49 -896.70
-896.42 -896.42
-919.99 -896.42
-897.50 -896.42
-930.79 -896.42
-896.41 -896.41
-918.34 -896.41
-896.28 -896.28
-915.74 -896.28
-918.33 -896.28
-910.11 -896.28
-900.94 -896.28
-962.54 -896.28
-896.27 -896.27
-897.14 -897.14
-896.41 -896.41
-910.44 -896.41
-896.90 -896.41
-921.21 -896.41
-896.31 -896.31
-932.85 -896.31
-919.86 -896.31
-921.46 -896.31
-916.16 -896.31
-897.17 -897.17
-895.87 -895.87
-900.40 -895.87
-912.36 -895.87
-896.83 -895.87
-896.05 -896.05
-919.08 -896.05
-897.43 -897.43
-899.88 -897.43
-910.77 -897.43
-920.74 -897.43
-932.69 -897.43
-923.26 -897.43
-923.22 -897.43
-923.07 -897.43
-922.01 -897.43
-935.94 -897.43
-896.20 -896.20
-895.94 -895.94
-921.00 -895.94
-896.14 -895.94
-897.31 -895.94
-922.17 -895.94
-895.98 -895.98
-900.37 -895.98
-897.27 -895.98
-897.29 -897.29
-897.15 -897.15
-896.05 -896.05
-934.93 -896.05
-896.10 -896.10
-897.65 -897.65
-898.74 -898.74
-896.43 -896.43
-897.14 -896.43
-911.92 -896.43
-895.93 -895.93
-916.66 -895.93
-897.38 -895.93
-919.72 -895.93
-918.25 -895.93
-916.06 -895.93
-897.14 -895.93
-897.24 -897.24
-909.56 -897.24
-896.88 -896.88
-896.75 -896.75
-896.77 -896.77
-898.84 -896.77
-895.88 -895.88
-900.20 -895.88
-916.06 -895.88
-915.95 -895.88
-896.16 -896.16
-896.64 -896.16
-915.39 -896.16
-921.47 -896.16
-915.17 -896.16
-922.46 -896.16
-897.03 -897.03
-956.89 -897.03
-915.73 -897.03
-915.40 -897.03
-916.04 -897.03
-919.70 -897.03
-899.38 -897.03
-896.14 -896.14
-917.09 -896.14
-897.17 -896.14
-897.08 -897.08
-899.87 -897.08
-900.03 -897.08
-921.16 -897.08
-932.15 -897.08
-910.14 -897.08
-910.56 -897.08
-911.65 -897.08
-896.41 -896.41
-896.90 -896.90
-924.43 -896.90
-919.39 -896.90
-922.54 -896.90
-896.57 -896.57
-919.40 -896.57
-1643.75 -1643.75
-1663.17 -1643.75
-1628.93 -1628.93
-1595.98 -1595.98
-1611.59 -1595.98
-1568.23 -1568.23
-1618.63 -1568.23
-1588.51 -1568.23
-1563.17 -1563.17
-1579.81 -1563.17
-1509.95 -1509.95
-1520.00 -1509.95
-1530.31 -1509.95
-1507.46 -1507.46
-1507.49 -1507.49
-1542.69 -1507.49
-1501.39 -1501.39
-1499.85 -1499.85
-1495.94 -1495.94
-1511.75 -1495.94
-1502.25 -1495.94
-1490.92 -1490.92
-1442.74 -1442.74
-1462.65 -1442.74
-1468.61 -1442.74
-1460.97 -1442.74
-1427.45 -1427.45
-1418.57 -1418.57
-1450.33 -1418.57
-1385.98 -1385.98
-1396.65 -1385.98
-1354.85 -1354.85
-1342.34 -1342.34
-1284.42 -1284.42
-1259.95 -1259.95
-1354.87 -1259.95
-1322.29 -1259.95
-1323.35 -1259.95
-1201.26 -1201.26
-1223.42 -1201.26
-1261.18 -1201.26
-1215.84 -1201.26
-1180.20 -1180.20
-1192.35 -1180.20
-1246.22 -1180.20
-1183.93 -1180.20
-1161.40 -1161.40
-1083.64 -1083.64
-1068.43 -1068.43
-1048.03 -1048.03
-1059.79 -1048.03
-1064.85 -1048.03
-1046.55 -1046.55
-1007.52 -1007.52
-973.57 -973.57
-918.74 -918.74
-936.33 -918.74
-916.02 -916.02
-920.67 -916.02
-895.94 -895.94
-897.35 -897.35
-962.57 -897.35
-898.52 -897.35
-915.88 -897.35
-917.64 -897.35
-896.72 -896.72
-895.93 -895.93
-917.14 -895.93
-893.39 -893.39
-910.52 -893.39
-913.86 -893.39
-910.14 -893.39
-895.59 -893.39
-916.15 -893.39
-911.11 -893.39
-895.85 -893.39
-942.24 -893.39
-919.71 -893.39
-912.78 -893.39
-921.90 -893.39
-922.65 -893.39
-895.87 -893.39
-911.91 -893.39
-896.33 -893.39
-896.17 -893.39
-914.58 -893.39
-916.50 -893.39
-921.82 -893.39
-898.58 -893.39
-914.59 -893.39
-895.58 -893.39
-917.38 -893.39
-895.89 -893.39
-896.34 -893.39
-895.64 -893.39
-896.09 -893.39
-917.59 -893.39
-918.78 -893.39
-910.21 -893.39
-927.07 -893.39
-901.03 -893.39
-899.25 -893.39
-927.15 -893.39
-905.35 -893.39
-895.88 -893.39
-935.30 -893.39
-921.03 -893.39
-897.14 -893.39
-896.72 -893.39
-903.11 -893.39
-917.17 -893.39
-903.34 -893.39
-897.75 -893.39
-896.40 -893.39
-917.21 -893.39
-896.48 -893.39
-895.92 -893.39
-897.83 -893.39
-915.71 -893.39
-896.19 -893.39
-919.22 -893.39
-925.16 -893.39
-914.90 -893.39
-916.10 -893.39
-931.25 -893.39
-943.31 -893.39
-921.27 -893.39
-912.17 -893.39
-921.50 -893.39
-902.88 -893.39
-897.66 -893.39
-896.58 -893.39
-893.41 -893.41
-915.47 -893.41
-895.93 -893.41
-897.10 -893.41
-909.61 -893.41
-895.88 -893.41
-913.87 -893.41
-931.40 -893.41
-916.25 -893.41
-896.86 -893.41
-897.17 -893.41
-920.59 -893.41
-915.90 -893.41
-897.14 -893.41
-897.18 -893.41
-919.99 -893.41
-897.17 -893.41
-896.46 -893.41
-912.37 -893.41
-923.64 -893.41
-911.95 -893.41
-914.97 -893.41
-896.57 -893.41
-921.92 -893.41
-897.08 -893.41
-921.04 -893.41
-956.91 -893.41
-896.24 -893.41
-919.52 -893.41
-897.04 -893.41
-920.44 -893.41
-896.35 -893.41
-939.90 -893.41
-971.77 -893.41
-956.90 -893.41
-895.74 -893.41
-897.18 -893.41
-922.00 -893.41
-910.48 -893.41
-921.07 -893.41
-898.74 -893.41
-971.75 -893.41
-896.28 -893.41
-952.05 -893.41
-920.19 -893.41
-921.08 -893.41
-898.93 -893.41
-921.52 -893.41
-911.13 -893.41
-925.43 -893.41
-916.16 -893.41
-914.62 -893.41
-922.54 -893.41
-920.76 -893.41
-896.54 -893.41
-922.31 -893.41
-895.91 -893.41
-898.79 -893.41
-922.67 -893.41
-900.93 -893.41
-919.39 -893.41
-896.15 -893.41
-916.19 -893.41
-899.21 -893.41
-897.14 -893.41
-923.77 -893.41
-914.81 -893.41
-897.73 -893.41
-916.33 -893.41
-897.10 -893.41
-916.12 -893.41
-895.90 -893.41
-896.62 -893.41
-914.89 -893.41
-901.07 -893.41
-920.55 -893.41
-896.81 -893.41
-895.57 -893.41
-896.82 -893.41
-921.09 -893.41
-904.15 -893.41
-896.58 -893.41
-919.61 -893.41
-898.89 -893.41
-893.45 -893.45
-915.26 -893.45
-897.14 -893.45
-902.99 -893.45
-898.70 -893.45
-896.29 -893.45
-943.51 -893.45
-920.84 -893.45
-916.19 -893.45
-896.18 -893.45
-921.20 -893.45
-930.37 -893.45
-896.47 -893.45
-916.24 -893.45
-935.28 -893.45
-921.06 -893.45
-926.83 -893.45
-928.01 -893.45
-897.90 -893.45
-922.05 -893.45
-895.60 -895.60
-896.48 -896.48
-916.39 -896.48
-914.60 -896.48
-971.77 -896.48
-896.18 -896.18
-896.33 -896.18
-896.17 -896.17
-917.81 -896.17
-896.32 -896.32
-897.20 -897.20
-925.45 -897.20
-895.46 -895.46
-932.09 -895.46
-919.62 -895.46
-920.32 -895.46
-931.43 -895.46
-893.44 -893.44
-897.11 -893.44
-916.13 -893.44
-897.30 -893.44
-902.98 -893.44
-911.58 -893.44
-897.19 -893.44
-910.90 -893.44
-915.85 -893.44
-922.44 -893.44
-896.23 -893.44
-919.82 -893.44
-896.50 -893.44
-912.77 -893.44
-919.42 -893.44
-897.43 -893.44
-898.77 -893.44
-928.51 -893.44
-896.15 -893.44
-907.97 -893.44
-919.35 -893.44
-939.03 -893.44
-931.45 -893.44
-915.96 -893.44
-896.57 -893.44
-913.03 -893.44
-895.88 -893.44
-919.24 -893.44
-922.45 -893.44
-930.33 -893.44
-921.28 -893.44
-919.49 -893.44
-895.76 -893.44
-922.45 -893.44
-918.36 -893.44
-896.57 -893.44
-922.19 -893.44
-896.45 -893.44
-914.87 -893.44
-922.01 -893.44
-920.02 -893.44
-893.40 -893.40
-896.11 -893.40
-897.22 -893.40
-912.14 -893.40
-897.80 -893.40
-897.73 -893.40
-905.35 -893.40
-895.89 -893.40
-912.45 -893.40
-919.93 -893.40
-927.73 -893.40
-902.52 -893.40
-915.88 -893.40
-893.42 -893.42
-911.38 -893.42
-918.55 -893.42
-926.73 -893.42
-920.88 -893.42
-916.17 -893.42
-915.94 -893.42
-896.56 -893.42
-896.57 -893.42
-916.35 -893.42
-920.46 -893.42
-915.78 -893.42
-896.21 -893.42
-922.02 -893.42
-914.84 -893.42
-919.75 -893.42
-895.88 -895.88
-918.56 -895.88
-896.06 -896.06
-913.84 -896.06
-896.05 -896.05
-896.89 -896.05
-896.61 -896.05
-931.44 -896.05
-919.51 -896.05
-932.63 -896.05
-895.95 -895.95
-921.31 -895.95
-896.71 -896.71
-897.42 -897.42
-897.18 -897.18
-925.84 -897.18
-902.90 -897.18
-917.78 -897.18
-903.07 -897.18
-901.06 -897.18
-896.06 -896.06
-895.85 -895.85
-915.29 -895.85
-919.36 -895.85
-897.14 -897.14
-895.88 -895.88
-911.15 -895.88
-896.80 -895.88
-920.01 -895.88
-895.58 -895.58
-914.30 -895.58
-895.50 -895.50
-919.41 -895.50
-921.10 -895.50
-916.20 -895.50
-896.32 -896.32
-921.36 -896.32
-916.27 -896.32
-895.94 -895.94
-921.05 -895.94
-897.18 -895.94
-914.42 -895.94
-920.29 -895.94
-912.46 -895.94
-915.78 -895.94
-906.08 -895.94
-899.32 -895.94
-897.77 -895.94
-900.24 -895.94
-897.33 -895.94
-897.22 -895.94
-915.52 -895.94
-918.92 -895.94
-919.73 -895.94
-921.25 -895.94
-896.61 -896.61
-896.88 -896.88
-910.76 -896.88
-895.89 -895.89
-923.63 -895.89
-948.49 -895.89
-928.60 -895.89
-912.28 -895.89
-913.44 -895.89
-906.04 -895.89
-895.91 -895.91
-896.71 -895.91
-916.15 -895.91
-897.68 -897.68
-897.18 -897.18
-895.58 -895.58
-900.38 -895.58
-925.03 -895.58
-897.85 -895.58
-898.47 -895.58
-896.38 -895.58
-898.49 -895.58
-931.43 -895.58
-896.67 -895.58
-912.22 -895.58
-912.15 -895.58
-926.09 -895.58
-930.09 -895.58
-962.38 -895.58
-912.38 -895.58
-896.38 -895.58
-905.38 -895.58
-896.43 -895.58
-895.98 -895.58
-920.78 -895.58
-899.43 -895.58
-897.38 -895.58
-923.87 -895.58
-1637.67 -1637.67
-1645.59 -1637.67
-1636.26 -1636.26
-1605.36 -1605.36
