-10000.00 -10000.00
-1305.06 -1305.06
-1336.83 -1305.06
-1283.42 -1283.42
-1297.29 -1283.42
-1263.57 -1263.57
-1272.31 -1263.57
-1284.70 -1263.57
-1234.51 -1234.51
-1245.72 -1234.51
-1232.43 -1232.43
-1248.63 -1232.43
-1259.60 -1232.43
-1230.47 -1230.47
-1226.01 -1226.01
-1220.85 -1220.85
-1229.86 -1220.85
-1260.20 -1220.85
-1229.73 -1220.85
-1218.30 -1218.30
-1214.08 -1214.08
-1227.15 -1214.08
-1217.59 -1214.08
-1220.18 -1214.08
-1226.30 -1214.08
-1212.10 -1212.10
-1156.34 -1156.34
-1122.83 -1122.83
-1166.77 -1122.83
-1121.80 -1121.80
-1117.94 -1117.94
-1123.86 -1117.94
-1097.16 -1097.16
-1103.68 -1097.16
-1108.72 -1097.16
-1086.44 -1086.44
-1125.79 -1086.44
-1072.45 -1072.45
-1072.25 -1072.25
-1066.32 -1066.32
-1014.66 -1014.66
-1014.44 -1014.44
-966.38 -966.38
-978.84 -966.38
-1014.50 -966.38
-994.84 -966.38
-955.41 -955.41
-963.34 -955.41
-972.09 -955.41
-912.24 -912.24
-970.19 -912.24
-931.72 -912.24
-783.89 -783.89
-821.96 -783.89
-809.82 -783.89
-751.15 -751.15
-758.41 -751.15
-756.66 -751.15
-795.15 -751.15
-742.43 -742.43
-740.55 -740.55
-740.41 -740.41
-739.40 -739.40
-776.10 -739.40
-740.12 -739.40
-737.65 -737.65
-733.13 -733.13
-753.43 -733.13
-748.57 -733.13
-739.37 -733.13
-755.75 -733.13
-737.38 -733.13
-782.85 -733.13
-741.91 -733.13
-739.95 -733.13
-737.06 -733.13
-737.36 -733.13
-719.36 -719.36
-721.38 -719.36
-742.80 -719.36
-722.59 -719.36
-721.37 -719.36
-724.41 -719.36
-741.21 -719.36
-742.94 -719.36
-719.41 -719.41
-722.41 -719.41
-740.73 -719.41
-721.80 -719.41
-733.00 -719.41
-721.33 -719.41
-740.55 -719.41
-722.59 -719.41
-741.73 -719.41
-740.38 -719.41
-740.07 -719.41
-740.99 -719.41
-721.94 -721.94
-723.90 -721.94
-737.57 -721.94
-737.40 -721.94
-736.37 -721.94
-739.41 -721.94
-721.72 -721.72
-750.66 -721.72
-746.20 -721.72
-724.02 -721.72
-739.77 -721.72
-722.85 -721.72
-749.96 -721.72
-723.68 -721.72
-724.40 -721.72
-722.69 -721.72
-774.52 -721.72
-721.60 -721.60
-722.68 -721.60
-742.50 -721.60
-722.47 -722.47
-721.36 -721.36
-722.37 -721.36
-733.38 -721.36
-750.01 -721.36
-722.70 -721.36
-753.08 -721.36
-746.23 -721.36
-722.34 -722.34
-742.04 -722.34
-736.59 -722.34
-722.41 -722.41
-722.08 -722.08
-739.94 -722.08
-721.34 -721.34
-737.69 -721.34
-722.16 -721.34
-725.50 -721.34
-738.66 -721.34
-732.41 -721.34
-721.62 -721.62
-722.34 -722.34
-737.58 -722.34
-721.36 -721.36
-721.36 -721.36
-750.01 -721.36
-733.13 -721.36
-741.30 -721.36
-721.60 -721.60
-721.72 -721.72
-741.61 -721.72
-749.96 -721.72
-740.05 -721.72
-721.33 -721.33
-745.80 -721.33
-722.12 -722.12
-739.23 -722.12
-723.58 -722.12
-736.99 -722.12
-722.90 -722.12
-736.81 -722.12
-721.71 -721.71
-723.73 -723.73
-722.09 -722.09
-721.14 -721.14
-721.34 -721.34
-757.13 -721.34
-746.31 -721.34
-722.26 -721.34
-721.42 -721.42
-721.91 -721.91
-741.69 -721.91
-721.33 -721.33
-721.40 -721.40
-751.98 -721.40
-723.91 -721.40
-724.27 -721.40
-726.96 -721.40
-742.43 -721.40
-740.36 -721.40
-740.51 -721.40
-741.71 -721.40
-739.91 -721.40
-736.67 -721.40
-727.92 -721.40
-741.50 -721.40
-724.58 -721.40
-740.75 -721.40
-750.46 -721.40
-721.39 -721.39
-724.13 -721.39
-746.30 -721.39
-727.03 -721.39
-721.11 -721.11
-750.38 -721.11
-733.68 -721.11
-721.82 -721.11
-722.42 -721.11
-749.96 -721.11
-734.08 -721.11
-741.75 -721.11
-721.56 -721.11
-731.44 -721.11
-742.60 -721.11
-741.60 -721.11
-722.06 -721.11
-733.37 -721.11
-736.90 -721.11
-737.37 -721.11
-722.41 -722.41
-721.82 -721.82
-744.20 -721.82
-721.39 -721.39
-746.12 -721.39
-737.32 -721.39
-733.04 -721.39
-743.30 -721.39
-722.03 -722.03
-741.07 -722.03
-721.89 -721.89
-743.21 -721.89
-740.74 -721.89
-739.44 -721.89
-721.63 -721.63
-733.11 -721.63
-721.74 -721.63
-721.33 -721.33
-742.15 -721.33
-770.50 -721.33
-736.86 -721.33
-737.64 -721.33
-721.33 -721.33
-743.10 -721.33
-722.70 -721.33
-742.29 -721.33
-747.98 -721.33
-733.12 -721.33
-723.98 -723.98
-721.53 -721.53
-741.56 -721.53
-745.50 -721.53
-721.34 -721.34
-740.49 -721.34
-741.72 -721.34
-736.51 -721.34
-734.44 -721.34
-723.95 -721.34
-739.78 -721.34
-739.53 -721.34
-742.07 -721.34
-770.49 -721.34
-744.78 -721.34
-721.12 -721.12
-736.62 -721.12
-742.94 -721.12
-723.63 -721.12
-774.11 -721.12
-736.89 -721.12
-724.88 -721.12
-724.26 -721.12
-742.77 -721.12
-740.40 -721.12
-741.69 -721.12
-722.41 -722.41
-721.78 -721.78
-723.59 -721.78
-740.17 -721.78
-742.54 -721.78
-745.68 -721.78
-746.34 -721.78
-722.37 -722.37
-721.69 -721.69
-724.11 -721.69
-745.02 -721.69
-722.56 -721.69
-774.95 -721.69
-732.39 -721.69
-740.35 -721.69
-719.35 -719.35
-740.81 -719.35
-725.51 -719.35
-721.37 -719.35
-736.43 -719.35
-742.56 -719.35
-723.74 -719.35
-741.68 -719.35
-737.21 -719.35
-727.99 -719.35
-721.36 -719.35
-721.69 -719.35
-722.53 -719.35
-770.51 -719.35
-738.41 -719.35
-739.10 -719.35
-739.84 -719.35
-737.68 -719.35
-737.22 -719.35
-721.06 -719.35
-737.27 -719.35
-725.46 -719.35
-740.37 -719.35
-752.99 -719.35
-741.11 -719.35
-750.07 -719.35
-740.20 -719.35
-723.42 -719.35
-750.97 -719.35
-721.33 -721.33
-719.40 -719.40
-737.63 -719.40
-740.31 -719.40
-721.27 -719.40
-741.05 -719.40
-738.76 -719.40
-743.82 -719.40
-721.62 -719.40
-721.41 -719.40
-726.97 -719.40
-742.23 -719.40
-740.40 -719.40
-722.05 -719.40
-740.73 -719.40
-745.36 -719.40
-737.97 -719.40
-758.17 -719.40
-736.35 -719.40
-722.40 -719.40
-737.67 -719.40
-739.45 -719.40
-745.48 -719.40
-721.33 -721.33
-722.34 -722.34
-721.99 -721.99
-741.41 -721.99
-721.94 -721.94
-745.80 -721.94
-744.42 -721.94
-719.37 -719.37
-738.76 -719.37
-736.89 -719.37
-741.66 -719.37
-751.30 -719.37
-722.63 -719.37
-722.41 -719.37
-722.21 -719.37
-741.86 -719.37
-732.89 -719.37
-722.53 -719.37
-722.20 -719.37
-721.54 -719.37
-750.08 -719.37
-733.09 -719.37
-722.03 -719.37
-722.37 -719.37
-721.56 -719.37
-722.49 -719.37
-721.61 -719.37
-722.37 -719.37
-736.02 -719.37
-722.15 -719.37
-740.64 -719.37
-722.21 -719.37
-734.95 -719.37
-721.94 -719.37
-740.74 -719.37
-738.66 -719.37
-735.89 -719.37
-742.15 -719.37
-721.56 -719.37
-745.62 -719.37
-724.00 -719.37
-719.40 -719.40
-737.66 -719.40
-739.85 -719.40
-751.14 -719.40
-777.37 -719.40
-741.00 -719.40
-824.17 -719.40
-766.57 -719.40
-724.28 -719.40
-741.17 -719.40
-736.59 -719.40
-734.52 -719.40
-736.55 -719.40
-732.87 -719.40
-727.05 -719.40
-741.74 -719.40
-740.60 -719.40
-758.90 -719.40
-732.84 -719.40
-737.35 -719.40
-719.38 -719.38
-721.03 -719.38
-721.34 -719.38
-721.73 -719.38
-721.79 -719.38
-733.24 -719.38
-724.69 -719.38
-741.61 -719.38
-740.43 -719.38
-721.94 -719.38
-722.42 -719.38
-722.34 -719.38
-733.13 -719.38
-723.54 -719.38
-741.77 -719.38
-722.48 -719.38
-721.95 -719.38
-770.49 -719.38
-722.00 -719.38
-743.63 -719.38
-733.12 -719.38
-719.41 -719.41
-744.34 -719.41
-722.19 -719.41
-723.01 -719.41
-739.26 -719.41
-722.77 -719.41
-719.41 -719.41
-721.34 -719.41
-721.75 -719.41
-1304.47 -1304.47
-1333.27 -1304.47
-1292.16 -1292.16
-1284.61 -1284.61
-1309.65 -1284.61
-1287.38 -1284.61
-1341.09 -1284.61
-1306.42 -1284.61
-1290.87 -1284.61
-1271.49 -1271.49
-1258.97 -1258.97
-1256.44 -1256.44
-1264.95 -1256.44
-1263.96 -1256.44
-1271.28 -1256.44
-1222.42 -1222.42
-1225.15 -1222.42
-1198.39 -1198.39
-1223.33 -1198.39
-1193.87 -1193.87
-1207.06 -1193.87
-1244.53 -1193.87
-1193.21 -1193.21
-1183.67 -1183.67
-1152.67 -1152.67
-1126.13 -1126.13
-1117.31 -1117.31
-1099.90 -1099.90
-1099.97 -1099.97
-1118.82 -1099.97
-1120.42 -1099.97
-1051.70 -1051.70
-1037.71 -1037.71
-1119.29 -1037.71
-1068.71 -1037.71
-1041.34 -1037.71
-1007.99 -1007.99
-1031.07 -1007.99
-1047.73 -1007.99
-980.91 -980.91
-978.76 -978.76
-986.23 -978.76
-955.01 -955.01
-984.29 -955.01
-939.36 -939.36
-966.44 -939.36
-949.84 -939.36
-922.20 -922.20
-911.98 -911.98
-911.33 -911.33
-928.92 -911.33
-931.40 -911.33
-860.69 -860.69
-833.00 -833.00
-869.11 -833.00
-823.76 -823.76
-832.97 -823.76
-809.05 -809.05
-758.72 -758.72
-774.76 -758.72
-775.34 -758.72
-771.91 -758.72
-756.81 -756.81
-746.58 -746.58
-738.84 -738.84
-748.97 -738.84
-747.09 -738.84
-746.58 -738.84
-721.84 -721.84
-736.61 -721.84
-721.23 -721.23
-740.64 -721.23
-721.57 -721.57
-741.06 -721.57
-735.97 -721.57
-774.99 -721.57
-722.44 -722.44
-722.10 -722.10
-722.41 -722.10
-738.62 -722.10
-738.49 -722.10
-739.81 -722.10
-741.57 -722.10
-744.39 -722.10
-721.08 -721.08
-740.81 -721.08
-740.85 -721.08
-722.03 -721.08
-744.23 -721.08
-774.65 -721.08
-741.58 -721.08
-727.09 -721.08
-748.46 -721.08
-721.37 -721.37
-721.77 -721.77
-726.92 -721.77
-721.41 -721.41
-721.75 -721.75
-734.51 -721.75
-774.08 -721.75
-721.34 -721.34
-743.45 -721.34
-740.76 -721.34
-741.13 -721.34
-723.71 -721.34
-743.32 -721.34
-722.05 -722.05
-722.53 -722.53
-745.79 -722.53
-721.63 -721.63
-737.48 -721.63
-721.65 -721.65
-721.06 -721.06
-750.08 -721.06
-722.10 -721.06
-721.43 -721.43
-722.03 -721.43
-741.91 -721.43
-721.38 -721.38
-739.42 -721.38
-740.74 -721.38
-737.08 -721.38
-739.95 -721.38
-721.63 -721.63
-724.64 -721.63
-722.37 -721.63
-722.37 -722.37
-733.87 -722.37
-724.95 -722.37
-724.61 -722.37
-721.82 -721.82
-721.34 -721.34
-737.49 -721.34
-740.91 -721.34
-741.06 -721.34
-737.08 -721.34
-721.33 -721.33
-721.59 -721.59
-723.80 -721.59
-737.48 -721.59
-740.56 -721.59
-734.67 -721.59
-733.64 -721.59
-722.14 -721.59
-724.13 -721.59
-721.91 -721.59
-734.51 -721.59
-721.49 -721.49
-734.60 -721.49
-722.70 -721.49
-722.54 -721.49
-721.56 -721.56
-739.93 -721.56
-741.88 -721.56
-740.18 -721.56
-740.94 -721.56
-742.15 -721.56
-734.61 -721.56
-742.14 -721.56
-722.28 -721.56
-736.87 -721.56
-721.97 -721.56
-735.03 -721.56
-722.95 -721.56
-732.82 -721.56
-734.52 -721.56
-724.93 -721.56
-722.44 -721.56
-738.90 -721.56
-724.77 -721.56
-741.76 -721.56
-737.64 -721.56
-770.49 -721.56
-740.29 -721.56
-721.98 -721.56
-745.60 -721.56
-722.66 -722.66
-733.16 -722.66
-721.44 -721.44
-733.76 -721.44
-740.45 -721.44
-740.22 -721.44
-754.89 -721.44
-752.90 -721.44
-755.80 -721.44
-733.13 -721.44
-722.98 -721.44
-750.08 -721.44
-722.58 -721.44
-743.43 -721.44
-723.72 -721.44
-721.77 -721.77
-734.35 -721.77
-770.50 -721.77
-745.63 -721.77
-722.42 -722.42
-749.96 -722.42
-736.70 -722.42
-722.37 -722.37
-721.55 -721.55
-738.36 -721.55
-721.70 -721.70
-721.28 -721.28
-737.36 -721.28
-741.65 -721.28
-721.33 -721.33
-732.75 -721.33
-724.93 -721.33
-721.61 -721.61
-721.40 -721.40
-721.68 -721.40
-744.34 -721.40
-721.66 -721.66
-724.01 -721.66
-742.53 -721.66
-725.51 -721.66
-723.05 -723.05
-750.35 -723.05
-723.63 -723.05
-742.80 -723.05
-774.83 -723.05
-775.05 -723.05
-722.42 -722.42
-721.40 -721.40
-721.36 -721.36
-721.35 -721.35
-721.56 -721.56
-744.22 -721.56
-721.39 -721.39
-721.36 -721.36
-746.00 -721.36
-742.91 -721.36
-721.96 -721.36
-742.33 -721.36
-719.42 -719.42
-721.57 -721.57
-737.07 -721.57
-721.34 -721.34
-741.04 -721.34
-722.45 -722.45
-721.77 -721.77
-721.62 -721.62
-722.81 -721.62
-735.02 -721.62
-721.97 -721.62
-721.34 -721.34
-719.35 -719.35
-721.66 -719.35
-739.85 -719.35
-723.44 -719.35
-746.54 -719.35
-740.07 -719.35
-723.52 -719.35
-733.59 -719.35
-722.17 -719.35
-727.05 -719.35
-722.36 -719.35
-721.57 -719.35
-722.31 -719.35
-721.70 -719.35
-721.40 -719.35
-721.85 -719.35
-750.03 -719.35
-743.08 -719.35
-736.01 -719.35
-721.13 -719.35
-737.63 -719.35
-745.99 -719.35
-740.44 -719.35
-722.34 -719.35
-721.61 -719.35
-721.38 -719.35
-724.61 -719.35
-739.55 -719.35
-740.40 -719.35
-737.62 -719.35
-749.88 -719.35
-740.49 -719.35
-721.41 -719.35
-741.37 -719.35
-732.89 -719.35
-741.86 -719.35
-729.57 -719.35
-732.99 -719.35
-741.39 -719.35
-721.68 -719.35
-734.70 -719.35
-739.53 -719.35
-722.37 -719.35
-740.36 -719.35
-722.60 -719.35
-740.07 -719.35
-737.16 -719.35
-722.54 -719.35
-732.36 -719.35
-721.37 -719.35
-721.79 -719.35
-750.57 -719.35
-735.16 -719.35
-734.56 -719.35
-721.54 -719.35
-747.86 -719.35
-737.69 -719.35
-721.61 -719.35
-746.33 -719.35
-741.51 -719.35
-741.06 -719.35
-721.39 -719.35
-727.05 -719.35
-737.53 -719.35
-737.60 -719.35
-721.34 -721.34
-721.59 -721.34
-721.84 -721.84
-739.74 -721.84
-740.81 -721.84
-721.37 -721.37
-721.92 -721.92
-742.43 -721.92
-721.63 -721.63
-737.66 -721.63
-722.42 -721.63
-721.37 -721.37
-721.37 -721.37
-740.25 -721.37
-734.25 -721.37
-742.43 -721.37
-741.60 -721.37
-722.11 -722.11
-723.67 -722.11
-723.95 -722.11
-741.87 -722.11
-739.35 -722.11
-740.81 -722.11
-724.55 -722.11
-737.76 -722.11
-738.80 -722.11
-734.90 -722.11
-719.36 -719.36
-721.35 -721.35
-741.12 -721.35
-737.54 -721.35
-722.12 -722.12
-721.98 -721.98
-723.89 -721.98
-721.34 -721.34
-723.77 -721.34
-741.88 -721.34
-736.91 -721.34
-746.41 -721.34
-743.50 -721.34
-722.37 -721.34
-723.70 -723.70
-744.23 -723.70
-737.60 -723.70
-738.05 -723.70
-734.63 -723.70
-721.81 -721.81
-742.76 -721.81
-719.38 -719.38
-722.37 -719.38
-721.96 -719.38
-722.05 -719.38
-721.03 -719.38
-722.82 -719.38
-723.63 -719.38
-739.57 -719.38
-726.87 -719.38
-721.37 -719.38
-721.76 -719.38
-724.44 -719.38
-751.15 -719.38
-736.59 -719.38
-722.15 -719.38
-740.58 -719.38
-737.10 -719.38
-725.00 -719.38
-723.48 -719.38
-737.77 -719.38
-719.37 -719.37
-741.54 -719.37
-721.72 -719.37
-724.95 -719.37
-741.75 -719.37
-742.94 -719.37
-752.92 -719.37
-741.77 -719.37
-740.16 -719.37
-722.77 -719.37
-733.92 -719.37
-734.44 -719.37
-721.59 -719.37
-725.51 -719.37
-721.35 -721.35
-738.94 -721.35
-722.91 -721.35
-722.10 -722.10
-721.50 -721.50
-750.13 -721.50
-740.46 -721.50
-721.57 -721.57
-743.76 -721.57
-741.38 -721.57
-721.40 -721.40
-737.74 -721.40
-751.58 -721.40
-742.56 -721.40
-738.53 -721.40
-746.36 -721.40
-721.62 -721.62
-719.40 -719.40
-741.58 -719.40
-742.45 -719.40
-752.91 -719.40
-739.84 -719.40
-719.36 -719.36
-1322.78 -719.36
-1287.22 -1287.22
-1258.55 -1258.55
-1261.43 -1258.55
-1249.07 -1249.07
-1232.31 -1232.31
-1242.35 -1232.31
-1228.38 -1228.38
-1234.74 -1228.38
-1232.10 -1228.38
-1227.53 -1227.53
-1230.64 -1227.53
-1228.63 -1228.63
-1191.03 -1191.03
-1198.43 -1191.03
-1193.75 -1191.03
-1164.87 -1164.87
-1192.42 -1164.87
-1176.44 -1164.87
-1214.05 -1164.87
-1153.01 -1153.01
-1177.72 -1153.01
-1193.49 -1153.01
-1162.01 -1153.01
-1127.98 -1127.98
-1141.26 -1127.98
-1152.83 -1127.98
-1148.02 -1127.98
-1134.83 -1127.98
-1126.18 -1126.18
-1119.53 -1119.53
-1097.73 -1097.73
-1153.56 -1097.73
-1108.36 -1097.73
-1104.34 -1097.73
-1099.64 -1097.73
-1101.91 -1097.73
-1128.16 -1097.73
-1157.83 -1097.73
-1062.39 -1062.39
-1046.42 -1046.42
-1031.46 -1031.46
-1080.79 -1031.46
-1039.84 -1031.46
-1013.69 -1013.69
-943.60 -943.60
-979.22 -943.60
-1013.31 -943.60
-933.14 -933.14
-939.10 -933.14
-932.10 -932.10
-933.04 -932.10
-924.63 -924.63
-916.12 -916.12
-833.02 -833.02
-827.92 -827.92
-821.34 -821.34
-753.15 -753.15
-741.04 -741.04
-751.19 -741.04
-721.70 -721.70
-721.39 -721.39
-722.05 -722.05
-758.04 -722.05
-734.46 -722.05
-735.06 -722.05
-722.05 -722.05
-722.12 -722.12
-741.77 -722.12
-738.57 -722.12
-722.52 -722.52
-744.90 -722.52
-732.48 -722.52
-721.13 -721.13
-749.05 -721.13
-722.97 -722.97
-721.37 -721.37
-719.41 -719.41
-739.76 -719.41
-740.37 -719.41
-737.35 -719.41
-722.38 -719.41
-740.15 -719.41
-753.75 -719.41
-751.63 -719.41
-724.91 -719.41
-722.71 -719.41
-727.93 -719.41
-741.38 -719.41
-722.50 -719.41
-721.20 -719.41
-722.25 -719.41
-719.37 -719.37
-741.69 -719.37
-723.94 -719.37
-740.64 -719.37
-738.81 -719.37
-733.11 -719.37
-721.60 -719.37
-722.34 -719.37
-734.51 -719.37
-737.45 -719.37
-721.17 -719.37
-737.48 -719.37
-747.12 -719.37
-737.49 -719.37
-738.88 -719.37
-734.90 -719.37
-774.48 -719.37
-750.07 -719.37
-722.99 -719.37
-738.51 -719.37
-740.66 -719.37
-721.65 -719.37
-740.52 -719.37
-741.87 -719.37
-722.41 -719.37
-722.16 -719.37
-742.28 -719.37
-750.03 -719.37
-722.30 -719.37
-737.50 -719.37
-723.07 -719.37
-721.35 -719.37
-719.39 -719.39
-760.96 -719.39
-723.07 -719.39
-721.07 -719.39
-722.14 -719.39
-725.53 -719.39
-740.77 -719.39
-721.50 -719.39
-724.12 -719.39
-740.32 -719.39
-741.62 -719.39
-719.36 -719.36
-739.45 -719.36
-739.78 -719.36
-750.92 -719.36
-742.55 -719.36
-722.06 -719.36
-736.02 -719.36
-739.37 -719.36
-736.58 -719.36
-722.28 -719.36
-736.91 -719.36
-721.85 -719.36
-723.42 -719.36
-746.55 -719.36
-725.16 -719.36
-722.23 -719.36
-734.68 -719.36
-737.72 -719.36
-737.71 -719.36
-740.33 -719.36
-722.49 -719.36
-742.76 -719.36
-721.58 -719.36
-736.63 -719.36
-739.97 -719.36
-723.70 -719.36
-732.98 -719.36
-737.47 -719.36
-738.41 -719.36
-721.69 -721.69
-722.01 -722.01
-747.16 -722.01
-721.24 -721.24
-722.60 -722.60
-739.77 -722.60
-722.44 -722.44
-722.01 -722.01
-722.08 -722.08
-733.87 -722.08
-722.37 -722.37
-721.95 -721.95
-733.68 -721.95
-721.12 -721.12
-722.61 -721.12
-719.35 -719.35
-733.18 -719.35
-722.26 -719.35
-724.64 -719.35
-722.57 -719.35
-719.37 -719.37
-722.72 -719.37
-737.70 -719.37
-741.86 -719.37
-725.53 -719.37
-734.26 -719.37
-721.34 -719.37
-721.98 -719.37
-738.29 -719.37
-721.71 -719.37
-721.94 -719.37
-753.49 -719.37
-770.50 -719.37
-721.76 -719.37
-737.68 -719.37
-722.36 -719.37
-721.96 -719.37
-721.92 -719.37
-721.99 -719.37
-741.47 -719.37
-741.23 -719.37
-723.57 -719.37
-721.34 -719.37
-727.15 -719.37
-721.63 -719.37
-721.68 -719.37
-743.82 -719.37
-734.45 -719.37
-734.66 -719.37
-736.68 -719.37
-737.47 -719.37
-722.77 -719.37
-722.70 -719.37
-722.32 -719.37
-737.09 -719.37
-746.80 -719.37
-727.08 -719.37
-721.38 -719.37
-733.05 -719.37
-722.41 -719.37
-722.77 -719.37
-749.26 -719.37
-721.39 -719.37
-738.77 -719.37
-753.07 -719.37
-737.11 -719.37
-721.36 -719.37
-770.79 -719.37
-759.73 -719.37
-721.38 -719.37
-723.74 -719.37
-744.23 -719.37
-724.06 -719.37
-734.44 -719.37
-722.34 -719.37
-744.28 -719.37
-721.58 -719.37
-735.13 -719.37
-739.87 -719.37
-722.98 -719.37
-749.92 -719.37
-749.42 -719.37
-725.54 -719.37
-744.17 -719.37
-733.71 -719.37
-737.76 -719.37
-736.48 -719.37
-739.79 -719.37
-721.36 -721.36
-742.76 -721.36
-751.68 -721.36
-740.63 -721.36
-734.93 -721.36
-722.25 -721.36
-743.35 -721.36
-723.68 -721.36
-749.01 -721.36
-722.85 -721.36
-743.40 -721.36
-721.41 -721.41
-741.87 -721.41
-743.48 -721.41
-721.59 -721.41
-740.67 -721.41
-739.86 -721.41
-724.93 -721.41
-742.43 -721.41
-721.69 -721.41
-742.01 -721.41
-727.09 -721.41
-721.57 -721.57
-740.16 -721.57
-723.61 -721.57
-721.40 -721.40
-722.37 -721.40
-721.34 -721.34
-737.56 -721.34
-734.05 -721.34
-741.83 -721.34
-749.95 -721.34
-774.60 -721.34
-721.67 -721.34
-739.91 -721.34
-721.35 -721.35
-721.89 -721.35
-742.00 -721.35
-722.40 -721.35
-725.51 -721.35
-746.63 -721.35
-725.48 -721.35
-721.69 -721.35
-741.02 -721.35
-735.06 -721.35
-737.68 -721.35
-726.97 -721.35
-737.64 -721.35
-749.16 -721.35
-741.09 -721.35
-722.56 -722.56
-734.65 -722.56
-721.63 -721.63
-737.59 -721.63
-721.33 -721.33
-721.60 -721.33
-753.08 -721.33
-722.36 -722.36
-737.84 -722.36
-737.55 -722.36
-746.26 -722.36
-738.20 -722.36
-722.48 -722.36
-724.01 -722.36
-736.47 -722.36
-750.03 -722.36
-737.96 -722.36
-721.57 -721.57
-721.59 -721.59
-733.34 -721.59
-740.77 -721.59
-722.05 -721.59
-721.77 -721.77
-722.17 -722.17
-745.31 -722.17
-739.76 -722.17
-719.35 -719.35
-721.22 -719.35
-724.84 -719.35
-774.11 -719.35
-722.94 -719.35
-732.49 -719.35
-763.35 -719.35
-725.43 -719.35
-722.15 -722.15
-739.00 -722.15
-721.36 -721.36
-721.95 -721.36
-723.67 -721.36
-741.25 -721.36
-744.97 -721.36
-721.73 -721.73
-721.34 -721.34
-770.48 -721.34
-733.69 -721.34
-721.77 -721.77
-733.16 -721.77
-724.62 -721.77
-721.35 -721.35
-721.36 -721.36
-724.45 -721.36
-743.81 -721.36
-721.69 -721.69
-721.80 -721.80
-721.12 -721.12
-741.66 -721.12
-740.17 -721.12
-722.42 -721.12
-742.49 -721.12
-737.67 -721.12
-734.48 -721.12
-721.33 -721.33
-727.14 -721.33
-738.70 -721.33
-721.60 -721.60
-722.36 -722.36
-755.57 -722.36
-732.77 -722.36
-723.66 -722.36
-721.74 -721.74
-746.00 -721.74
-734.95 -721.74
-736.86 -721.74
-740.69 -721.74
-736.69 -721.74
-740.90 -721.74
-719.35 -719.35
-748.24 -719.35
-741.92 -719.35
-721.35 -721.35
-742.29 -721.35
-721.36 -721.36
-782.46 -721.36
-721.37 -721.37
-752.80 -721.37
-748.60 -721.37
-721.39 -721.39
-724.95 -721.39
-782.47 -721.39
-750.00 -721.39
-721.36 -721.36
-721.97 -721.97
-741.04 -721.97
-721.58 -721.58
-750.00 -721.58
-737.63 -721.58
-721.40 -721.40
-721.73 -721.73
-721.59 -721.59
-744.72 -721.59
-722.93 -721.59
-736.59 -721.59
-722.38 -722.38
-740.26 -722.38
-719.39 -719.39
-722.14 -719.39
-742.01 -719.39
-721.54 -721.54
-727.26 -721.54
-724.20 -721.54
-721.64 -721.64
-738.71 -721.64
-738.49 -721.64
-721.34 -721.34
-1296.56 -1296.56
-1294.80 -1294.80
-1283.28 -1283.28
-1274.18 -1274.18
-1275.92 -1274.18
-1313.82 -1274.18
-1260.25 -1260.25
-1242.39 -1242.39
-1233.14 -1233.14
-1235.02 -1233.14
-1264.77 -1233.14
-1229.38 -1229.38
-1279.00 -1229.38
-1228.56 -1228.56
-1193.09 -1193.09
-1150.78 -1150.78
-1139.47 -1139.47
-1121.60 -1121.60
-1128.28 -1121.60
-1123.50 -1121.60
-1125.25 -1121.60
-1098.79 -1098.79
-1123.85 -1098.79
-1097.74 -1097.74
-1082.53 -1082.53
-1048.07 -1048.07
-1087.30 -1048.07
-1040.14 -1040.14
-1019.78 -1019.78
-1016.65 -1016.65
-977.88 -977.88
-1013.66 -977.88
-944.69 -944.69
-916.43 -916.43
-934.61 -916.43
-933.95 -916.43
-974.12 -916.43
-875.11 -875.11
-884.18 -875.11
-888.10 -875.11
-854.83 -854.83
-845.85 -845.85
-833.37 -833.37
-866.15 -833.37
-833.01 -833.01
-823.00 -823.00
-867.40 -823.00
-778.86 -778.86
-775.13 -775.13
-729.00 -729.00
-743.92 -729.00
-751.91 -729.00
-744.31 -729.00
-737.65 -729.00
-721.34 -721.34
-740.78 -721.34
-731.14 -721.34
-723.90 -721.34
-724.28 -721.34
-724.92 -721.34
-737.73 -721.34
-722.95 -721.34
-738.80 -721.34
-746.09 -721.34
-763.64 -721.34
-721.77 -721.77
-721.76 -721.76
-738.49 -721.76
-763.85 -721.76
-734.44 -721.76
-733.68 -721.76
-721.37 -721.37
-721.63 -721.63
-740.11 -721.63
-721.77 -721.77
-719.35 -719.35
-721.95 -719.35
-742.73 -719.35
-719.35 -719.35
-741.01 -719.35
-722.53 -719.35
-748.45 -719.35
-748.28 -719.35
-722.34 -719.35
-740.38 -719.35
-721.41 -719.35
-741.98 -719.35
-721.70 -719.35
-726.69 -719.35
-721.54 -721.54
-722.12 -721.54
-737.21 -721.54
-742.99 -721.54
-736.00 -721.54
-738.82 -721.54
-741.61 -721.54
-741.57 -721.54
-721.43 -721.43
-722.15 -721.43
-736.82 -721.43
-733.46 -721.43
-721.33 -721.33
-727.27 -721.33
-738.97 -721.33
-737.69 -721.33
-722.69 -722.69
-763.89 -722.69
-721.55 -721.55
-724.66 -721.55
-721.63 -721.63
-750.64 -721.63
-722.34 -721.63
-723.62 -723.62
-739.49 -723.62
-775.03 -723.62
-722.93 -722.93
-738.34 -722.93
-741.92 -722.93
-739.76 -722.93
-775.03 -722.93
-722.38 -722.38
-770.48 -722.38
-737.22 -722.38
-728.01 -722.38
-770.51 -722.38
-722.53 -722.53
-741.00 -722.53
-738.69 -722.53
-721.63 -721.63
-734.56 -721.63
-741.38 -721.63
-739.37 -721.63
-729.58 -721.63
-739.78 -721.63
-722.13 -722.13
-737.60 -722.13
-739.82 -722.13
-743.07 -722.13
-731.14 -722.13
-721.34 -721.34
-721.69 -721.69
-727.08 -721.69
-722.01 -721.69
-742.66 -721.69
-737.91 -721.69
-721.29 -721.29
-722.40 -721.29
-721.99 -721.99
-737.34 -721.99
-721.63 -721.63
-722.52 -721.63
-721.60 -721.60
-734.52 -721.60
-721.34 -721.34
-721.35 -721.35
-721.58 -721.35
-741.74 -721.35
-742.37 -721.35
-724.67 -721.35
-743.31 -721.35
-723.05 -721.35
-733.00 -721.35
-736.36 -721.35
-722.38 -721.35
-719.38 -719.38
-739.02 -719.38
-734.60 -719.38
-721.11 -719.38
-734.51 -719.38
-741.80 -719.38
-736.88 -719.38
-736.55 -719.38
-737.57 -719.38
-721.63 -719.38
-724.12 -719.38
-734.49 -719.38
-721.99 -719.38
-737.37 -719.38
-741.65 -719.38
-722.38 -719.38
-721.35 -719.38
-750.13 -719.38
-739.44 -719.38
-721.84 -719.38
-721.56 -719.38
-721.33 -719.38
-732.39 -719.38
-721.07 -719.38
-721.88 -719.38
-737.52 -719.38
-739.10 -719.38
-749.99 -719.38
-751.62 -719.38
-741.78 -719.38
-721.50 -719.38
-719.39 -719.39
-722.31 -719.39
-741.81 -719.39
-722.15 -719.39
-742.38 -719.39
-722.94 -719.39
-721.52 -721.52
-721.72 -721.72
-721.39 -721.39
-782.48 -721.39
-721.14 -721.14
-722.12 -722.12
-723.56 -723.56
-731.15 -723.56
-740.19 -723.56
-721.15 -721.15
-739.61 -721.15
-740.64 -721.15
-721.35 -721.15
-736.60 -721.15
-742.50 -721.15
-733.40 -721.15
-748.28 -721.15
-736.62 -721.15
-722.20 -722.20
-721.50 -721.50
-721.12 -721.12
-721.90 -721.90
-722.92 -721.90
-733.11 -721.90
-721.54 -721.54
-721.37 -721.37
-728.03 -721.37
-741.08 -721.37
-722.68 -721.37
-739.34 -721.37
-733.09 -721.37
-740.76 -721.37
-741.06 -721.37
-722.30 -721.37
-741.08 -721.37
-721.35 -721.35
-762.27 -721.35
-741.06 -721.35
-742.76 -721.35
-750.08 -721.35
-733.13 -721.35
-726.95 -721.35
-739.70 -721.35
-721.75 -721.35
-742.24 -721.35
-739.84 -721.35
-722.40 -721.35
-721.13 -721.13
-721.34 -721.34
-732.37 -721.34
-749.84 -721.34
-722.40 -721.34
-722.93 -721.34
-722.05 -721.34
-749.93 -721.34
-737.50 -721.34
-723.40 -721.34
-721.40 -721.40
-721.75 -721.40
-721.70 -721.70
-777.60 -721.70
-722.62 -721.70
-738.49 -721.70
-721.50 -721.50
-721.65 -721.50
-721.35 -721.35
-744.21 -721.35
-721.83 -721.35
-723.48 -721.35
-759.19 -721.35
-721.77 -721.35
-722.65 -721.35
-722.02 -722.02
-721.61 -721.61
-723.66 -721.61
-732.80 -721.61
-733.71 -721.61
-757.45 -721.61
-719.40 -719.40
-721.36 -719.40
-721.69 -719.40
-734.54 -719.40
-730.67 -719.40
-733.16 -719.40
-722.38 -719.40
-741.91 -719.40
-740.13 -719.40
-747.77 -719.40
-722.32 -719.40
-722.37 -722.37
-749.15 -722.37
-721.38 -721.38
-726.72 -721.38
-721.39 -721.39
-721.80 -721.80
-723.69 -721.80
-743.46 -721.80
-721.74 -721.74
-727.97 -721.74
-738.27 -721.74
-721.37 -721.37
-722.74 -721.37
-722.77 -721.37
-721.35 -721.35
-722.26 -722.26
-723.96 -722.26
-721.41 -721.41
-721.90 -721.41
-740.22 -721.41
-721.39 -721.39
-745.73 -721.39
-727.04 -721.39
-721.81 -721.81
-741.37 -721.81
-721.35 -721.35
-726.92 -721.35
-741.33 -721.35
-752.35 -721.35
-722.41 -722.41
-744.96 -722.41
-721.63 -721.63
-738.44 -721.63
-724.43 -721.63
-745.15 -721.63
-759.80 -721.63
-736.68 -721.63
-737.61 -721.63
-721.62 -721.62
-740.19 -721.62
-722.44 -722.44
-722.54 -722.54
-732.36 -722.54
-739.93 -722.54
-733.08 -722.54
-727.00 -722.54
-724.29 -722.54
-724.07 -722.54
-721.96 -721.96
-754.23 -721.96
-737.37 -721.96
-738.50 -721.96
-725.51 -721.96
-744.19 -721.96
-737.18 -721.96
-782.47 -721.96
-731.48 -721.96
-737.11 -721.96
-737.61 -721.96
-740.43 -721.96
-736.90 -721.96
-726.90 -721.96
-740.18 -721.96
-721.36 -721.36
-742.92 -721.36
-723.96 -721.36
-722.89 -721.36
-746.88 -721.36
-737.26 -721.36
-722.15 -722.15
-722.08 -722.08
-721.54 -721.54
-721.90 -721.54
-722.20 -722.20
-723.94 -722.20
-737.44 -722.20
-733.20 -722.20
-721.63 -721.63
-736.56 -721.63
-766.60 -721.63
-722.19 -722.19
-722.05 -722.05
-741.78 -722.05
-728.00 -722.05
-721.38 -721.38
-733.68 -721.38
-721.08 -721.08
-722.68 -722.68
-730.64 -722.68
-747.86 -722.68
-721.64 -721.64
-741.82 -721.64
-737.44 -721.64
-722.86 -721.64
-723.70 -721.64
-721.03 -721.03
-722.02 -722.02
-737.52 -722.02
-743.98 -722.02
-741.07 -722.02
-722.96 -722.96
-722.11 -722.11
-737.59 -722.11
-742.67 -722.11
-722.40 -722.40
-739.75 -722.40
-774.58 -722.40
-721.70 -721.70
-721.36 -721.36
-727.95 -721.36
-738.44 -721.36
-722.83 -721.36
-721.61 -721.36
-737.44 -721.36
-721.39 -721.39
-722.48 -721.39
-723.61 -721.39
-740.37 -721.39
-719.35 -719.35
-737.09 -719.35
-722.37 -719.35
-727.04 -719.35
-737.61 -719.35
-721.76 -719.35
-741.96 -719.35
-722.13 -719.35
-1309.69 -719.35
-1304.68 -1304.68
-1322.56 -1304.68
-1316.62 -1304.68
-1262.09 -1262.09
-1263.59 -1262.09
-1284.08 -1262.09
-1253.38 -1253.38
-1250.55 -1250.55
-1237.22 -1237.22
-1249.19 -1237.22
-1189.16 -1189.16
-1196.65 -1189.16
-1224.05 -1189.16
-1210.94 -1189.16
-1197.49 -1189.16
-1136.33 -1136.33
-1118.38 -1118.38
-1072.61 -1072.61
-1097.72 -1072.61
-1102.13 -1072.61
-1100.72 -1072.61
-1055.44 -1055.44
-1046.77 -1046.77
-1068.07 -1046.77
-1054.11 -1046.77
-1030.66 -1030.66
-977.50 -977.50
-977.90 -977.90
-980.56 -977.90
-979.67 -977.90
-1001.05 -977.90
-986.94 -977.90
-1046.91 -977.90
-1016.02 -977.90
-946.04 -946.04
-957.98 -946.04
-917.01 -917.01
-931.25 -917.01
-867.54 -867.54
-840.28 -840.28
-896.29 -840.28
-848.31 -840.28
-748.65 -748.65
-737.66 -737.66
-722.34 -722.34
-721.57 -721.57
-737.65 -721.57
-742.44 -721.57
-742.72 -721.57
-722.37 -722.37
-733.11 -722.37
-721.44 -721.44
-738.29 -721.44
-721.99 -721.44
-733.67 -721.44
-737.66 -721.44
-741.09 -721.44
-749.99 -721.44
-737.73 -721.44
-723.45 -721.44
-721.56 -721.56
-721.59 -721.59
-736.73 -721.59
-741.61 -721.59
-730.69 -721.59
-734.67 -721.59
-722.13 -722.13
-726.91 -722.13
-735.59 -722.13
-721.39 -721.39
-737.59 -721.39
-750.01 -721.39
-724.47 -721.39
-743.49 -721.39
-722.41 -722.41
-721.85 -721.85
-749.24 -721.85
-735.01 -721.85
-731.65 -721.85
-734.68 -721.85
-722.01 -722.01
-723.83 -722.01
-726.68 -722.01
-745.40 -722.01
-739.41 -722.01
-721.15 -721.15
-740.83 -721.15
-737.08 -721.15
-740.37 -721.15
-743.17 -721.15
-744.31 -721.15
-721.70 -721.70
-742.52 -721.70
-738.94 -721.70
-721.36 -721.36
-721.72 -721.36
-745.72 -721.36
-770.50 -721.36
-722.43 -722.43
-727.05 -722.43
-726.87 -722.43
-741.53 -722.43
-722.51 -722.51
-740.54 -722.51
-722.90 -722.90
-752.78 -722.90
-738.29 -722.90
-724.06 -722.90
-733.13 -722.90
-722.84 -722.84
-736.86 -722.84
-733.11 -722.84
-739.93 -722.84
-726.99 -722.84
-741.57 -722.84
-721.55 -721.55
-741.24 -721.55
-724.02 -721.55
-740.13 -721.55
-734.23 -721.55
-722.40 -721.55
-742.97 -721.55
-722.40 -722.40
-741.37 -722.40
-739.44 -722.40
-738.41 -722.40
-721.35 -721.35
-727.08 -721.35
-726.94 -721.35
-752.08 -721.35
-739.73 -721.35
-744.61 -721.35
-733.20 -721.35
-721.42 -721.42
-749.50 -721.42
-721.02 -721.02
-721.11 -721.11
-727.14 -721.11
-723.05 -721.11
-721.35 -721.35
-741.30 -721.35
-732.62 -721.35
-722.93 -722.93
-722.09 -722.09
-722.41 -722.41
-748.63 -722.41
-734.59 -722.41
-721.37 -721.37
-722.13 -721.37
-740.55 -721.37
-721.95 -721.37
-741.62 -721.37
-721.11 -721.11
-742.47 -721.11
-722.00 -722.00
-739.63 -722.00
-721.65 -721.65
-721.53 -721.53
-740.54 -721.53
-723.00 -723.00
-749.96 -723.00
-739.55 -723.00
-737.51 -723.00
-737.22 -723.00
-726.92 -723.00
-746.02 -723.00
-738.70 -723.00
-721.93 -721.93
-721.86 -721.86
-722.14 -722.14
-744.63 -722.14
-736.89 -722.14
-738.46 -722.14
-750.32 -722.14
-739.78 -722.14
-740.76 -722.14
-727.98 -722.14
-741.81 -722.14
-724.03 -724.03
-749.63 -724.03
-736.18 -724.03
-751.05 -724.03
-725.51 -725.51
-721.93 -721.93
-727.97 -721.93
-750.01 -721.93
-736.02 -721.93
-723.54 -723.54
-723.05 -723.05
-724.97 -723.05
-721.66 -721.66
-742.52 -721.66
-739.83 -721.66
-723.51 -723.51
-719.39 -719.39
-723.78 -719.39
-724.82 -719.39
-721.69 -719.39
-721.71 -719.39
-736.02 -719.39
-719.38 -719.38
-736.69 -719.38
-782.44 -719.38
-742.97 -719.38
-722.23 -719.38
-722.07 -722.07
-741.24 -722.07
-721.37 -721.37
-726.89 -721.37
-721.85 -721.85
-727.02 -721.85
-733.08 -721.85
-719.39 -719.39
-722.03 -719.39
-724.72 -719.39
-722.91 -719.39
-721.95 -719.39
-722.31 -719.39
-722.00 -719.39
-731.42 -719.39
-774.09 -719.39
-737.14 -719.39
-750.01 -719.39
-733.12 -719.39
-739.43 -719.39
-782.47 -719.39
-746.92 -719.39
-741.86 -719.39
-721.39 -719.39
-747.32 -719.39
-722.14 -722.14
-721.94 -721.94
-755.55 -721.94
-721.41 -721.41
-722.95 -721.41
-733.33 -721.41
-740.81 -721.41
-721.34 -721.34
-722.41 -722.41
-722.34 -722.34
-740.75 -722.34
-742.32 -722.34
-722.22 -722.22
-719.41 -719.41
-741.23 -719.41
-737.42 -719.41
-721.70 -719.41
-744.42 -719.41
-719.38 -719.38
-750.01 -719.38
-721.89 -719.38
-774.61 -719.38
-724.09 -719.38
-739.96 -719.38
-741.03 -719.38
-723.38 -719.38
-750.11 -719.38
-737.23 -719.38
-766.01 -719.38
-722.17 -722.17
-721.77 -721.77
-737.07 -721.77
-725.42 -721.77
-737.52 -721.77
-742.75 -721.77
-742.06 -721.77
-737.25 -721.77
-721.40 -721.40
-756.55 -721.40
-722.09 -721.40
-728.46 -721.40
-721.35 -721.35
-722.40 -721.35
-741.87 -721.35
-722.63 -722.63
-741.72 -722.63
-740.77 -722.63
-721.49 -721.49
-740.30 -721.49
-722.02 -722.02
-736.70 -722.02
-740.65 -722.02
-721.37 -721.37
-743.75 -721.37
-737.42 -721.37
-722.51 -722.51
-742.17 -722.51
-722.40 -722.40
-754.95 -722.40
-737.69 -722.40
-726.99 -722.40
-741.06 -722.40
-723.52 -722.40
-721.56 -721.56
-722.47 -721.56
-741.58 -721.56
-722.40 -722.40
-741.13 -722.40
-722.40 -722.40
-740.33 -722.40
-757.45 -722.40
-740.32 -722.40
-721.10 -721.10
-741.18 -721.10
-722.68 -721.10
-722.08 -722.08
-739.54 -722.08
-733.49 -722.08
-722.38 -722.38
-722.00 -722.00
-726.68 -722.00
-741.89 -722.00
-721.67 -721.67
-721.80 -721.80
-739.07 -721.80
-749.98 -721.80
-741.53 -721.80
-740.44 -721.80
-742.43 -721.80
-722.70 -721.80
-726.69 -721.80
-762.89 -721.80
-724.54 -721.80
-731.49 -721.80
-740.69 -721.80
-721.20 -721.20
-737.59 -721.20
-742.45 -721.20
-734.23 -721.20
-745.68 -721.20
-742.76 -721.20
-721.52 -721.20
-724.48 -721.20
-721.85 -721.20
-738.50 -721.20
-722.38 -721.20
-721.54 -721.54
-732.67 -721.54
-733.33 -721.54
-734.07 -721.54
-721.63 -721.63
-721.36 -721.36
-719.39 -719.39
-727.02 -719.39
-743.38 -719.39
-733.97 -719.39
-739.52 -719.39
-725.42 -719.39
-722.14 -719.39
-723.60 -719.39
-740.55 -719.39
-724.11 -719.39
-742.79 -719.39
-750.04 -719.39
-719.39 -719.39
-742.00 -719.39
-722.13 -719.39
-737.38 -719.39
-742.42 -719.39
-738.44 -719.39
-721.04 -719.39
-738.47 -719.39
-737.43 -719.39
-721.14 -719.39
-721.50 -719.39
-733.85 -719.39
-721.62 -719.39
-721.95 -719.39
-721.52 -719.39
-771.57 -719.39
-722.43 -719.39
-721.35 -721.35
-723.04 -721.35
-733.14 -721.35
-739.87 -721.35
-721.25 -721.25
-740.88 -721.25
-742.80 -721.25
-759.55 -721.25
-738.34 -721.25
-737.77 -721.25
-731.12 -721.25
-756.73 -721.25
-742.49 -721.25
-721.18 -721.18
-722.52 -721.18
-742.84 -721.18
-723.94 -721.18
-741.63 -721.18
-741.66 -721.18
-721.39 -721.18
-722.05 -721.18
-740.71 -721.18
-741.78 -721.18
-746.09 -721.18
-753.24 -721.18
-767.49 -721.18
-749.96 -721.18
-737.65 -721.18
-739.34 -721.18
-721.49 -721.49
-738.28 -721.49
-722.07 -722.07
-743.99 -722.07
-734.52 -722.07
-734.61 -722.07
-725.44 -722.07
-741.05 -722.07
-730.57 -722.07
-723.66 -722.07
-742.24 -722.07
-732.85 -722.07
-740.82 -722.07
-741.12 -722.07
-740.72 -722.07
-1297.14 -1297.14
-1227.95 -1227.95
-1249.47 -1227.95
-1221.33 -1221.33
-1267.42 -1221.33
-1221.84 -1221.84
-1209.45 -1209.45
-1224.95 -1209.45
-1243.26 -1209.45
-1222.04 -1209.45
-1181.39 -1181.39
-1146.87 -1146.87
-1124.06 -1124.06
-1152.88 -1124.06
-1159.91 -1124.06
-1072.35 -1072.35
-1099.58 -1072.35
-1099.31 -1072.35
-1099.60 -1072.35
-1079.10 -1072.35
-1091.16 -1072.35
-1063.96 -1063.96
-1039.50 -1039.50
-1054.25 -1039.50
-977.86 -977.86
-940.73 -940.73
-912.74 -912.74
-912.03 -912.03
-827.86 -827.86
-806.35 -806.35
-803.51 -803.51
-775.33 -775.33
-733.83 -733.83
-743.24 -733.83
-740.50 -733.83
-741.91 -733.83
-736.04 -733.83
-750.12 -733.83
-770.48 -733.83
-762.82 -733.83
-722.00 -722.00
-723.74 -722.00
-741.86 -722.00
-722.97 -722.00
-728.98 -722.00
-722.05 -722.00
-742.38 -722.00
-746.55 -722.00
-724.07 -724.07
-722.46 -722.46
-724.89 -722.46
-725.17 -725.17
-738.37 -725.17
-721.78 -721.78
-734.52 -721.78
-721.81 -721.81
-731.34 -721.81
-738.76 -721.81
-738.77 -721.81
-721.67 -721.67
-721.75 -721.67
-721.50 -721.50
-721.80 -721.50
-723.90 -721.50
-743.17 -721.50
-731.66 -721.50
-722.37 -721.50
-722.04 -721.50
-721.38 -721.38
-721.41 -721.41
-721.35 -721.35
-740.25 -721.35
-722.15 -721.35
-721.61 -721.35
-721.39 -721.39
-742.37 -721.39
-721.60 -721.60
-724.19 -721.60
-729.59 -721.60
-723.90 -721.60
-721.95 -721.95
-722.38 -722.38
-743.82 -722.38
-722.72 -722.38
-722.06 -722.06
-755.63 -722.06
-732.36 -722.06
-721.62 -721.62
-743.89 -721.62
-741.23 -721.62
-722.37 -722.37
-741.73 -722.37
-721.97 -721.97
-719.36 -719.36
-721.16 -719.36
-721.35 -719.36
-733.30 -719.36
-734.24 -719.36
-721.33 -719.36
-742.55 -719.36
-721.54 -719.36
-722.06 -719.36
-723.00 -719.36
-721.76 -721.76
-725.45 -721.76
-722.75 -722.75
-721.22 -721.22
-721.37 -721.37
-737.82 -721.37
-721.34 -721.34
-737.76 -721.34
-742.41 -721.34
-732.98 -721.34
-734.88 -721.34
-724.84 -721.34
-736.67 -721.34
-746.04 -721.34
-733.98 -721.34
-738.62 -721.34
-723.93 -721.34
-721.22 -721.22
-722.35 -721.22
-769.61 -721.22
-722.92 -721.22
-733.01 -721.22
-742.56 -721.22
-749.97 -721.22
-721.41 -721.41
-736.58 -721.41
-740.19 -721.41
-722.40 -721.41
-722.98 -722.98
-740.41 -722.98
-750.80 -722.98
-723.41 -723.41
-740.50 -723.41
-722.40 -722.40
-721.58 -721.58
-721.77 -721.77
-725.46 -721.77
-723.44 -723.44
-730.65 -723.44
-737.61 -723.44
-726.84 -723.44
-721.35 -721.35
-737.82 -721.35
-741.05 -721.35
-736.02 -721.35
-733.67 -721.35
-733.91 -721.35
-721.70 -721.35
-750.07 -721.35
-725.46 -721.35
-727.29 -721.35
-750.09 -721.35
-731.32 -721.35
-722.40 -721.35
-722.52 -722.52
-721.69 -721.69
-735.01 -721.69
-782.79 -721.69
-721.67 -721.67
-741.48 -721.67
-737.40 -721.67
-723.38 -723.38
-724.81 -723.38
-737.72 -723.38
-740.48 -723.38
-721.22 -721.22
-774.09 -721.22
-741.15 -721.22
-722.33 -721.22
-721.97 -721.22
-721.40 -721.40
-746.82 -721.40
-721.53 -721.53
-721.78 -721.78
-740.60 -721.78
-733.08 -721.78
-722.41 -722.41
-737.60 -722.41
-722.43 -722.43
-736.58 -722.43
-745.22 -722.43
-745.68 -722.43
-726.36 -722.43
-722.40 -722.40
-721.79 -721.79
-723.72 -721.79
-743.54 -721.79
-741.77 -721.79
-741.63 -721.79
-741.39 -721.79
-724.54 -721.79
-740.63 -721.79
-734.99 -721.79
-741.68 -721.79
-722.66 -721.79
-738.29 -721.79
-739.68 -721.79
-722.21 -721.79
-734.69 -721.79
-723.02 -723.02
-739.93 -723.02
-743.24 -723.02
-744.88 -723.02
-721.80 -721.80
-743.70 -721.80
-740.12 -721.80
-721.37 -721.37
-736.55 -721.37
-722.40 -721.37
-723.43 -721.37
-740.27 -721.37
-755.53 -721.37
-721.53 -721.53
-724.74 -721.53
-721.12 -721.12
-721.68 -721.68
-721.18 -721.18
-770.49 -721.18
-741.90 -721.18
-738.37 -721.18
-733.09 -721.18
-724.29 -721.18
-735.61 -721.18
-761.89 -721.18
-733.99 -721.18
-738.74 -721.18
-727.15 -721.18
-722.07 -722.07
-742.96 -722.07
-721.36 -721.36
-738.81 -721.36
-721.37 -721.37
-737.32 -721.37
-740.40 -721.37
-722.40 -722.40
-736.71 -722.40
-723.44 -723.44
-739.91 -723.44
-721.08 -721.08
-719.40 -719.40
-733.14 -719.40
-741.90 -719.40
-741.87 -719.40
-736.70 -719.40
-739.02 -719.40
-721.34 -719.40
-722.33 -719.40
-741.96 -719.40
-722.43 -719.40
-745.09 -719.40
-724.83 -719.40
-738.37 -719.40
-733.17 -719.40
-736.93 -719.40
-742.74 -719.40
-721.92 -719.40
-734.56 -719.40
-737.39 -719.40
-737.56 -719.40
-721.19 -719.40
-746.59 -719.40
-724.16 -719.40
-742.25 -719.40
-723.42 -719.40
-738.98 -719.40
-724.95 -719.40
-721.89 -719.40
-722.34 -719.40
-741.59 -719.40
-732.33 -719.40
-741.58 -719.40
-721.54 -719.40
-749.64 -719.40
-721.95 -719.40
-738.18 -719.40
-770.51 -719.40
-738.17 -719.40
-727.94 -719.40
-721.65 -719.40
-721.56 -719.40
-741.03 -719.40
-734.06 -719.40
-741.61 -719.40
-737.74 -719.40
-743.04 -719.40
-721.62 -719.40
-721.44 -719.40
-740.04 -719.40
-739.28 -719.40
-739.37 -719.40
-721.16 -719.40
-721.44 -719.40
-737.68 -719.40
-722.04 -719.40
-734.51 -719.40
-722.30 -719.40
-721.50 -719.40
-782.46 -719.40
-742.35 -719.40
-722.47 -719.40
-725.45 -719.40
-721.09 -719.40
-721.34 -719.40
-733.68 -719.40
-722.06 -719.40
-743.17 -719.40
-721.55 -719.40
-737.66 -719.40
-734.52 -719.40
-739.06 -719.40
-722.07 -719.40
-737.71 -719.40
-742.80 -719.40
-739.97 -719.40
-736.61 -719.40
-724.16 -719.40
-733.15 -719.40
-723.49 -719.40
-753.70 -719.40
-724.63 -719.40
-722.78 -719.40
-739.77 -719.40
-721.44 -719.40
-734.44 -719.40
-722.00 -719.40
-724.27 -724.27
-721.40 -721.40
-737.12 -721.40
-726.94 -721.40
-721.73 -721.73
-722.06 -722.06
-740.69 -722.06
-738.79 -722.06
-722.21 -722.21
-721.44 -721.44
-721.08 -721.08
-738.69 -721.08
-737.69 -721.08
-737.60 -721.08
-742.56 -721.08
-738.93 -721.08
-722.27 -721.08
-719.37 -719.37
-745.99 -719.37
-774.10 -719.37
-749.49 -719.37
-725.43 -719.37
-741.73 -719.37
-742.48 -719.37
-724.84 -719.37
-737.33 -719.37
-721.89 -719.37
-774.10 -719.37
-725.42 -719.37
-740.44 -719.37
-722.03 -719.37
-721.41 -719.37
-721.75 -719.37
-721.42 -719.37
-737.18 -719.37
-721.05 -719.37
-736.67 -719.37
-722.90 -719.37
-739.88 -719.37
-739.24 -719.37
-722.10 -719.37
-722.03 -719.37
-732.87 -719.37
-733.67 -719.37
-738.70 -719.37
-724.38 -719.37
-721.95 -719.37
-721.20 -719.37
-737.62 -719.37
-722.75 -719.37
-734.43 -719.37
-740.52 -719.37
-721.41 -719.37
-743.12 -719.37
-741.52 -719.37
-737.75 -719.37
-740.14 -719.37
-753.12 -719.37
-721.34 -721.34
-722.58 -721.34
-733.84 -721.34
-742.09 -721.34
-721.39 -721.39
-737.59 -721.39
-721.93 -721.39
-724.02 -721.39
-722.37 -721.39
-721.77 -721.39
-740.44 -721.39
-737.22 -721.39
-738.40 -721.39
-723.68 -721.39
-738.47 -721.39
-733.17 -721.39
-721.77 -721.77
-742.10 -721.77
-743.43 -721.77
-745.47 -721.77
-741.25 -721.77
-723.01 -723.01
-727.19 -723.01
-722.00 -722.00
-750.45 -722.00
-733.09 -722.00
-733.06 -722.00
-721.28 -721.28
-722.35 -722.35
-721.36 -721.36
-1316.81 -721.36
-1372.13 -721.36
-1320.35 -721.36
-1306.58 -721.36
-1308.82 -721.36
-1303.36 -1303.36
-1319.76 -1303.36
-1296.99 -1296.99
-1289.79 -1289.79
-1285.42 -1285.42
-1263.98 -1263.98
-1239.55 -1239.55
-1242.41 -1239.55
-1223.85 -1223.85
-1234.55 -1223.85
-1211.55 -1211.55
-1237.44 -1211.55
-1192.19 -1192.19
-1224.34 -1192.19
-1174.51 -1174.51
-1151.99 -1151.99
-1152.85 -1151.99
-1181.33 -1151.99
-1193.68 -1151.99
-1160.01 -1151.99
-1164.46 -1151.99
-1119.36 -1119.36
-1101.31 -1101.31
-1105.25 -1101.31
-1105.04 -1101.31
-1072.61 -1072.61
-1099.62 -1072.61
-1060.80 -1060.80
-1057.22 -1057.22
-1066.13 -1057.22
-1093.05 -1057.22
-1083.37 -1057.22
-1032.45 -1032.45
-1015.99 -1015.99
-1013.04 -1013.04
-1061.52 -1013.04
-990.49 -990.49
-988.34 -988.34
-950.65 -950.65
-938.82 -938.82
-983.68 -938.82
-922.25 -922.25
-879.49 -879.49
-832.89 -832.89
-876.95 -832.89
-848.82 -832.89
-897.29 -832.89
-815.17 -815.17
-749.34 -749.34
-746.72 -746.72
-775.19 -746.72
-802.39 -746.72
-721.73 -721.73
-739.60 -721.73
-742.37 -721.73
-733.33 -721.73
-738.57 -721.73
-722.02 -721.73
-721.81 -721.73
-721.50 -721.50
-722.52 -721.50
-721.34 -721.34
-723.37 -723.37
-740.08 -723.37
-741.75 -723.37
-721.99 -721.99
-742.52 -721.99
-721.16 -721.16
-777.38 -721.16
-746.01 -721.16
-738.38 -721.16
-721.35 -721.35
-724.05 -721.35
-733.13 -721.35
-742.05 -721.35
-737.47 -721.35
-724.97 -721.35
-741.90 -721.35
-723.63 -721.35
-722.43 -722.43
-740.77 -722.43
-719.35 -719.35
-722.72 -719.35
-722.40 -719.35
-724.40 -719.35
-737.41 -719.35
-722.21 -719.35
-721.34 -719.35
-721.57 -719.35
-725.18 -719.35
-737.56 -719.35
-746.19 -719.35
-721.57 -719.35
-721.43 -719.35
-746.51 -719.35
-749.98 -719.35
-733.18 -719.35
-729.53 -719.35
-722.40 -719.35
-734.71 -719.35
-751.26 -719.35
-722.53 -719.35
-733.51 -719.35
-741.86 -719.35
-721.04 -719.35
-723.55 -719.35
-732.62 -719.35
-749.92 -719.35
-721.37 -719.35
-723.70 -719.35
-721.49 -719.35
-742.54 -719.35
-722.29 -719.35
-721.40 -719.35
-739.89 -719.35
-739.29 -719.35
-724.22 -719.35
-722.09 -719.35
-738.62 -719.35
-749.95 -719.35
-737.32 -719.35
-733.77 -719.35
-738.56 -719.35
-719.40 -719.40
-721.67 -719.40
-733.04 -719.40
-721.65 -719.40
-770.49 -719.40
-721.17 -719.40
-733.01 -719.40
-732.44 -719.40
-770.72 -719.40
-737.91 -719.40
-721.54 -719.40
-739.98 -719.40
-732.39 -719.40
-721.40 -719.40
-736.91 -719.40
-740.23 -719.40
-724.47 -719.40
-749.99 -719.40
-741.23 -719.40
-741.79 -719.40
-722.25 -719.40
-724.69 -719.40
-721.70 -719.40
-719.37 -719.37
-721.37 -719.37
-741.22 -719.37
-740.44 -719.37
-734.01 -719.37
-737.89 -719.37
-721.63 -719.37
-726.98 -719.37
-741.63 -719.37
-736.91 -719.37
-738.76 -719.37
-741.75 -719.37
-741.92 -719.37
-722.32 -719.37
-722.96 -719.37
-721.70 -719.37
-774.11 -719.37
-721.34 -719.37
-743.84 -719.37
-722.06 -719.37
-721.01 -719.37
-726.72 -719.37
-722.34 -719.37
-741.22 -719.37
-744.16 -719.37
-740.46 -719.37
-738.45 -719.37
-737.12 -719.37
-722.16 -722.16
-739.41 -722.16
-722.48 -722.16
-721.68 -721.68
-722.40 -721.68
-721.58 -721.58
-731.66 -721.58
-719.36 -719.36
-721.59 -719.36
-733.19 -719.36
-739.10 -719.36
-721.09 -719.36
-742.72 -719.36
-741.88 -719.36
-721.85 -719.36
-726.85 -719.36
-721.65 -719.36
-782.47 -719.36
-721.54 -719.36
-722.34 -719.36
-740.82 -719.36
-774.10 -719.36
-721.39 -719.36
-739.45 -719.36
-721.62 -719.36
-721.38 -719.36
-721.37 -719.36
-722.11 -719.36
-727.92 -719.36
-750.03 -719.36
-725.56 -719.36
-737.73 -719.36
-721.35 -719.36
-738.76 -719.36
-724.21 -719.36
-737.22 -719.36
-742.65 -719.36
-737.43 -719.36
-721.96 -721.96
-740.91 -721.96
-737.23 -721.96
-722.96 -722.96
-721.73 -721.73
-721.68 -721.68
-721.68 -721.68
-737.83 -721.68
-721.24 -721.24
-740.42 -721.24
-752.89 -721.24
-744.78 -721.24
-738.81 -721.24
-733.19 -721.24
-721.43 -721.24
-739.86 -721.24
-741.63 -721.24
-741.11 -721.24
-722.45 -721.24
-741.06 -721.24
-722.04 -722.04
-722.24 -722.04
-746.64 -722.04
-737.06 -722.04
-722.10 -722.04
-721.97 -721.97
-733.32 -721.97
-739.99 -721.97
-722.46 -721.97
-722.30 -722.30
-740.07 -722.30
-736.28 -722.30
-721.37 -721.37
-739.54 -721.37
-722.63 -722.63
-721.59 -721.59
-741.12 -721.59
-721.92 -721.59
-736.59 -721.59
-736.65 -721.59
-722.42 -722.42
-737.71 -722.42
-737.64 -722.42
-737.35 -722.42
-737.57 -722.42
-740.65 -722.42
-745.18 -722.42
-738.39 -722.42
-727.99 -722.42
-724.47 -722.42
-733.08 -722.42
-721.71 -721.71
-744.92 -721.71
-719.35 -719.35
-737.80 -719.35
-741.92 -719.35
-743.82 -719.35
-736.69 -719.35
-722.37 -719.35
-721.03 -721.03
-740.78 -721.03
-721.33 -721.33
-724.61 -721.33
-722.47 -722.47
-741.11 -722.47
-742.41 -722.47
-737.17 -722.47
-723.94 -722.47
-727.94 -722.47
-722.40 -722.40
-770.49 -722.40
-724.07 -722.40
-726.92 -722.40
-722.02 -722.02
-721.89 -721.89
-740.71 -721.89
-722.68 -721.89
-732.41 -721.89
-727.05 -721.89
-741.13 -721.89
-739.29 -721.89
-722.21 -721.89
-721.02 -721.02
-739.45 -721.02
-722.40 -721.02
-782.47 -721.02
-722.38 -722.38
-734.95 -722.38
-722.20 -722.20
-740.61 -722.20
-721.94 -721.94
-733.01 -721.94
-724.65 -721.94
-739.92 -721.94
-737.14 -721.94
-733.63 -721.94
-722.37 -722.37
-750.01 -722.37
-722.42 -722.37
-721.61 -721.61
-746.44 -721.61
-722.55 -722.55
-737.66 -722.55
-721.38 -721.38
-721.93 -721.38
-731.67 -721.38
-721.94 -721.38
-723.66 -721.38
-741.77 -721.38
-722.34 -722.34
-732.82 -722.34
-721.54 -721.54
-722.60 -721.54
-724.69 -724.69
-726.35 -724.69
-741.62 -724.69
-723.75 -723.75
-732.37 -723.75
-722.34 -722.34
-737.37 -722.34
-739.11 -722.34
-721.39 -721.39
-721.72 -721.72
-734.88 -721.72
-741.88 -721.72
-722.18 -721.72
-729.56 -721.72
-721.80 -721.80
-723.58 -721.80
-721.34 -721.34
-724.97 -721.34
-759.97 -721.34
-721.61 -721.61
-721.83 -721.83
-742.72 -721.83
-741.04 -721.83
-722.58 -721.83
-721.37 -721.37
-721.94 -721.37
-721.35 -721.35
-721.73 -721.35
-721.80 -721.35
-744.36 -721.35
-722.32 -722.32
-722.38 -722.38
-722.00 -722.00
-722.80 -722.00
-740.39 -722.00
-744.60 -722.00
-721.74 -721.74
-721.75 -721.75
-721.71 -721.71
-739.42 -721.71
-740.82 -721.71
-722.39 -721.71
-750.24 -721.71
-724.86 -721.71
-721.98 -721.71
-723.60 -721.71
-742.84 -721.71
-741.03 -721.71
-736.52 -721.71
-738.74 -721.71
-750.09 -721.71
-722.05 -722.05
-723.38 -722.05
-734.35 -722.05
-740.64 -722.05
-751.97 -722.05
-721.50 -721.50
-719.40 -719.40
-721.65 -719.40
-725.47 -719.40
-750.08 -719.40
-738.44 -719.40
-721.29 -719.40
-721.50 -719.40
-721.63 -719.40
-722.41 -719.40
-737.11 -719.40
-721.57 -719.40
-722.52 -719.40
-722.21 -719.40
-722.97 -719.40
-724.21 -719.40
-721.35 -719.40
-745.72 -719.40
-736.84 -719.40
-721.55 -719.40
-744.82 -719.40
-726.84 -719.40
-750.58 -719.40
-724.46 -719.40
-737.20 -719.40
-724.18 -719.40
-737.07 -719.40
-741.19 -719.40
-721.34 -719.40
-741.22 -719.40
-1309.62 -719.40
-1258.20 -1258.20
-1266.61 -1258.20
-1228.26 -1228.26
-1198.48 -1198.48
-1210.40 -1198.48
-1157.75 -1157.75
-1171.27 -1157.75
-1130.73 -1130.73
-1140.98 -1130.73
-1152.16 -1130.73
-1117.48 -1117.48
-1075.98 -1075.98
-1081.01 -1075.98
-1050.45 -1050.45
-1034.09 -1034.09
-952.77 -952.77
-978.63 -952.77
-1017.91 -952.77
-989.62 -952.77
-948.67 -948.67
-928.80 -928.80
-936.19 -928.80
-920.73 -920.73
-875.79 -875.79
-936.77 -875.79
-889.53 -875.79
-929.65 -875.79
-843.95 -843.95
-824.15 -824.15
-865.52 -824.15
-826.67 -824.15
-859.69 -824.15
-819.53 -819.53
-827.55 -819.53
-743.47 -743.47
-816.65 -743.47
-736.89 -736.89
-740.33 -736.89
-733.03 -733.03
-721.39 -721.39
-739.09 -721.39
-736.70 -721.39
-740.56 -721.39
-762.17 -721.39
-738.54 -721.39
-721.38 -721.38
-737.66 -721.38
-736.54 -721.38
-723.84 -721.38
-738.80 -721.38
-743.45 -721.38
-734.08 -721.38
-737.75 -721.38
-719.36 -719.36
-722.73 -719.36
-743.40 -719.36
-739.97 -719.36
-749.96 -719.36
-745.17 -719.36
-742.21 -719.36
-733.05 -719.36
-723.58 -719.36
-722.46 -719.36
-739.02 -719.36
-737.76 -719.36
-739.82 -719.36
-737.66 -719.36
-749.99 -719.36
-721.35 -719.36
-721.33 -719.36
-722.13 -719.36
-721.44 -719.36
-722.16 -719.36
-722.59 -719.36
-724.96 -719.36
-721.50 -719.36
-736.59 -719.36
-721.63 -721.63
-737.39 -721.63
-723.64 -721.63
-721.76 -721.76
-733.75 -721.76
-737.16 -721.76
-721.36 -721.36
-723.72 -721.36
-740.25 -721.36
-734.52 -721.36
-739.42 -721.36
-721.42 -721.42
-741.02 -721.42
-722.19 -722.19
-721.54 -721.54
-723.67 -723.67
-740.26 -723.67
-722.04 -722.04
-749.21 -722.04
-721.83 -721.83
-721.56 -721.56
-740.76 -721.56
-723.07 -723.07
-721.57 -721.57
-721.59 -721.59
-722.03 -722.03
-744.86 -722.03
-747.00 -722.03
-722.13 -722.13
-738.69 -722.13
-722.34 -722.34
-724.40 -722.34
-721.37 -721.37
-734.06 -721.37
-742.03 -721.37
-723.59 -721.37
-721.34 -721.34
-724.92 -721.34
-721.40 -721.40
-737.72 -721.40
-721.37 -721.37
-739.60 -721.37
-739.80 -721.37
-741.83 -721.37
-739.80 -721.37
-722.29 -721.37
-731.49 -721.37
-722.53 -721.37
-746.16 -721.37
-736.83 -721.37
-737.00 -721.37
-721.54 -721.37
-744.64 -721.37
-757.54 -721.37
-723.49 -721.37
-737.07 -721.37
-722.79 -721.37
-741.23 -721.37
-736.63 -721.37
-739.69 -721.37
-722.78 -721.37
-740.64 -721.37
-750.01 -721.37
-734.56 -721.37
-742.76 -721.37
-722.38 -721.37
-744.92 -721.37
-749.12 -721.37
-722.37 -722.37
-733.07 -722.37
-722.98 -722.37
-733.05 -722.37
-722.37 -722.37
-722.34 -722.34
-733.69 -722.34
-719.40 -719.40
-737.58 -719.40
-721.88 -719.40
-722.17 -719.40
-721.22 -719.40
-751.66 -719.40
-726.69 -719.40
-737.35 -719.40
-721.66 -719.40
-734.47 -719.40
-737.79 -719.40
-737.41 -719.40
-738.67 -719.40
-722.30 -719.40
-782.48 -719.40
-722.40 -719.40
-722.66 -719.40
-731.17 -719.40
-742.42 -719.40
-744.86 -719.40
-738.55 -719.40
-746.20 -719.40
-737.51 -719.40
-743.38 -719.40
-721.85 -719.40
-737.66 -719.40
-769.42 -719.40
-740.10 -719.40
-721.40 -719.40
-721.50 -719.40
-742.91 -719.40
-722.35 -719.40
-721.61 -719.40
-742.10 -719.40
-740.99 -719.40
-722.41 -719.40
-730.52 -719.40
-722.33 -719.40
-722.91 -719.40
-736.93 -719.40
-737.56 -719.40
-737.19 -719.40
-727.28 -719.40
-730.70 -719.40
-736.35 -719.40
-721.18 -719.40
-721.40 -721.40
-746.45 -721.40
-721.75 -721.40
-733.10 -721.40
-721.95 -721.40
-737.61 -721.40
-739.55 -721.40
-743.80 -721.40
-721.39 -721.39
-739.42 -721.39
-721.39 -721.39
-723.40 -721.39
-721.20 -721.20
-740.69 -721.20
-740.85 -721.20
-722.47 -721.20
-750.63 -721.20
-749.96 -721.20
-721.26 -721.26
-742.26 -721.26
-741.57 -721.26
-729.55 -721.26
-751.44 -721.26
-737.76 -721.26
-721.35 -721.35
-721.67 -721.67
-721.37 -721.37
-722.90 -721.37
-721.88 -721.88
-770.51 -721.88
-741.06 -721.88
-722.46 -721.88
-732.86 -721.88
-719.40 -719.40
-733.00 -719.40
-721.96 -719.40
-722.20 -719.40
-725.45 -719.40
-741.79 -719.40
-737.72 -719.40
-722.05 -719.40
-723.55 -719.40
-721.74 -719.40
-721.69 -719.40
-737.48 -719.40
-741.99 -719.40
-721.79 -719.40
-722.41 -719.40
-741.14 -719.40
-731.13 -719.40
-737.36 -719.40
-721.80 -719.40
-721.78 -719.40
-735.06 -719.40
-742.88 -719.40
-721.22 -719.40
-721.54 -721.54
-743.67 -721.54
-722.37 -722.37
-737.91 -722.37
-734.95 -722.37
-721.54 -721.54
-721.35 -721.35
-741.70 -721.35
-737.51 -721.35
-722.37 -721.35
-741.32 -721.35
-724.56 -721.35
-719.35 -719.35
-724.67 -719.35
-721.33 -719.35
-737.68 -719.35
-742.82 -719.35
-732.32 -719.35
-721.74 -719.35
-752.93 -719.35
-721.56 -721.56
-750.67 -721.56
-721.54 -721.54
-740.53 -721.54
-740.82 -721.54
-741.24 -721.54
-737.63 -721.54
-721.89 -721.89
-719.42 -719.42
-722.60 -719.42
-733.66 -719.42
-722.10 -722.10
-721.70 -721.70
-741.62 -721.70
-722.65 -721.70
-733.74 -721.70
-737.17 -721.70
-724.94 -721.70
-736.67 -721.70
-721.61 -721.61
-722.66 -722.66
-740.21 -722.66
-723.64 -722.66
-723.37 -723.37
-738.72 -723.37
-738.49 -723.37
-722.35 -722.35
-734.93 -722.35
-738.98 -722.35
-725.51 -722.35
-722.05 -722.05
-739.83 -722.05
-726.83 -722.05
-721.61 -721.61
-740.69 -721.61
-723.07 -723.07
-721.63 -721.63
-722.12 -722.12
-722.91 -722.91
-721.76 -721.76
-721.62 -721.62
-721.37 -721.37
-737.40 -721.37
-721.36 -721.36
-723.72 -721.36
-721.37 -721.37
-753.43 -721.37
-722.56 -722.56
-762.15 -722.56
-749.16 -722.56
-738.39 -722.56
-763.54 -722.56
-725.44 -722.56
-719.36 -719.36
-745.62 -719.36
-721.60 -719.36
-722.41 -719.36
-736.90 -719.36
-732.42 -719.36
-721.63 -721.63
-723.65 -721.63
-733.09 -721.63
-722.37 -721.63
-721.07 -721.07
-721.10 -721.10
-722.96 -721.10
-777.36 -721.10
-743.17 -721.10
-736.42 -721.10
-738.65 -721.10
-737.66 -721.10
-719.38 -719.38
-719.36 -719.36
-722.37 -719.36
-724.80 -719.36
-750.76 -719.36
-731.15 -719.36
-740.88 -719.36
-741.73 -719.36
-727.09 -719.36
-733.11 -719.36
-722.01 -722.01
-743.63 -722.01
-719.40 -719.40
-737.32 -719.40
-721.33 -719.40
-740.96 -719.40
-757.50 -719.40
-721.73 -721.73
-724.27 -721.73
-739.43 -721.73
-774.94 -721.73
-777.38 -721.73
-733.11 -721.73
-740.58 -721.73
-721.36 -721.36
-757.06 -721.36
-740.26 -721.36
-722.66 -722.66
-724.66 -722.66
-723.61 -723.61
-719.39 -719.39
-739.06 -719.39
-739.93 -719.39
-721.79 -719.39
-725.53 -719.39
-721.77 -719.39
-736.65 -719.39
-743.33 -719.39
-737.13 -719.39
-722.78 -719.39
-737.64 -719.39
-739.09 -719.39
-721.64 -719.39
-721.37 -719.39
-742.97 -719.39
-740.26 -719.39
-741.15 -719.39
-723.97 -719.39
-737.24 -719.39
-721.98 -719.39
-724.03 -719.39
-736.42 -719.39
-722.51 -719.39
-737.52 -719.39
-721.57 -719.39
-741.43 -719.39
-723.93 -719.39
-741.49 -719.39
-742.88 -719.39
-741.78 -719.39
-737.63 -719.39
-721.61 -719.39
-723.63 -719.39
-741.89 -719.39
-721.61 -719.39
-741.04 -719.39
-737.73 -719.39
-736.49 -719.39
-722.76 -719.39
-724.98 -719.39
-1310.26 -719.39
-1309.62 -719.39
-1310.03 -719.39
-1313.95 -719.39
-1317.87 -719.39
-1279.62 -1279.62
-1278.18 -1278.18
-1230.49 -1230.49
-1228.63 -1228.63
-1245.91 -1228.63
-1260.79 -1228.63
-1252.37 -1228.63
-1199.09 -1199.09
-1226.28 -1199.09
-1230.34 -1199.09
-1162.11 -1162.11
-1148.28 -1148.28
-1124.15 -1124.15
-1158.39 -1124.15
-1123.66 -1123.66
-1152.39 -1123.66
-1100.45 -1100.45
-1120.11 -1100.45
-1039.66 -1039.66
-1039.08 -1039.08
-983.04 -983.04
-946.74 -946.74
-931.42 -931.42
-988.41 -931.42
-877.23 -877.23
-935.01 -877.23
-876.56 -876.56
-914.56 -876.56
-883.73 -876.56
-916.40 -876.56
-880.35 -880.35
-858.02 -858.02
-841.63 -841.63
-911.40 -841.63
-818.90 -818.90
-783.62 -783.62
-832.77 -783.62
-816.97 -783.62
-835.53 -783.62
-822.58 -783.62
-809.70 -783.62
-800.75 -783.62
-821.36 -783.62
-775.97 -775.97
-835.97 -775.97
-809.32 -775.97
-753.94 -753.94
-739.20 -739.20
-739.68 -739.68
-733.74 -733.74
-733.34 -733.34
-721.37 -721.37
-721.79 -721.37
-721.33 -721.33
-722.40 -722.40
-721.56 -721.56
-722.52 -721.56
-721.97 -721.97
-737.59 -721.97
-722.79 -721.97
-756.32 -721.97
-741.06 -721.97
-722.06 -722.06
-738.75 -722.06
-721.39 -721.39
-739.08 -721.39
-721.10 -721.10
-741.47 -721.10
-742.85 -721.10
-742.77 -721.10
-743.43 -721.10
-737.65 -721.10
-741.49 -721.10
-749.94 -721.10
-721.86 -721.10
-733.12 -721.10
-733.21 -721.10
-722.17 -722.17
-722.88 -722.88
-739.57 -722.88
-741.00 -722.88
-737.74 -722.88
-721.37 -721.37
-734.22 -721.37
-736.66 -721.37
-721.34 -721.34
-746.19 -721.34
-737.39 -721.34
-722.42 -721.34
-733.89 -721.34
-774.10 -721.34
-723.54 -721.34
-740.82 -721.34
-726.85 -721.34
-749.98 -721.34
-737.50 -721.34
-746.13 -721.34
-734.44 -721.34
-733.82 -721.34
-721.35 -721.35
-722.12 -722.12
-742.98 -722.12
-721.41 -721.41
-722.73 -721.41
-727.06 -721.41
-721.54 -721.54
-721.55 -721.55
-722.50 -721.55
-746.62 -721.55
-727.10 -721.55
-743.38 -721.55
-721.33 -721.33
-722.37 -722.37
-741.31 -722.37
-734.65 -722.37
-723.66 -722.37
-752.79 -722.37
-770.50 -722.37
-722.10 -722.10
-724.20 -722.10
-722.40 -722.10
-728.02 -722.10
-721.40 -721.40
-721.56 -721.56
-738.71 -721.56
-721.41 -721.41
-727.00 -721.41
-737.27 -721.41
-719.36 -719.36
-734.53 -719.36
-741.84 -719.36
-742.20 -719.36
-743.35 -719.36
-739.82 -719.36
-745.99 -719.36
-733.37 -719.36
-722.83 -719.36
-722.41 -719.36
-737.69 -719.36
-737.71 -719.36
-782.48 -719.36
-723.38 -719.36
-739.84 -719.36
-737.77 -719.36
-770.51 -719.36
-742.42 -719.36
-741.72 -719.36
-721.36 -719.36
-721.37 -719.36
-736.57 -719.36
-721.41 -719.36
-736.65 -719.36
-744.82 -719.36
-721.62 -719.36
-739.78 -719.36
-737.85 -719.36
-721.02 -721.02
-745.86 -721.02
-733.84 -721.02
-741.09 -721.02
-727.28 -721.02
-741.13 -721.02
-741.21 -721.02
-760.51 -721.02
-741.55 -721.02
-725.50 -721.02
-735.52 -721.02
-724.25 -721.02
-740.74 -721.02
-739.45 -721.02
-721.80 -721.02
-741.08 -721.02
-722.15 -721.02
-724.68 -721.02
-719.36 -719.36
-741.60 -719.36
-723.73 -719.36
-721.89 -719.36
-736.71 -719.36
-723.99 -719.36
-721.85 -719.36
-722.00 -722.00
-722.28 -722.00
-741.61 -722.00
-739.04 -722.00
-721.35 -721.35
-738.45 -721.35
-721.41 -721.41
-722.32 -722.32
-737.77 -722.32
-722.02 -722.02
-743.24 -722.02
-739.90 -722.02
-721.33 -721.33
-721.34 -721.34
-737.87 -721.34
-738.97 -721.34
-722.40 -722.40
-738.44 -722.40
-746.19 -722.40
-739.68 -722.40
-743.30 -722.40
-722.14 -722.14
-721.33 -721.33
-738.08 -721.33
-721.14 -721.14
-737.77 -721.14
-724.62 -721.14
-722.66 -721.14
-736.64 -721.14
-743.37 -721.14
-730.57 -721.14
-732.96 -721.14
-741.75 -721.14
-721.50 -721.50
-722.37 -722.37
-724.81 -722.37
-722.88 -722.88
-741.51 -722.88
-739.75 -722.88
-730.69 -722.88
-734.67 -722.88
-733.82 -722.88
-721.14 -721.14
-721.70 -721.70
-723.37 -721.70
-736.67 -721.70
-722.47 -721.70
-732.81 -721.70
-721.65 -721.65
-746.35 -721.65
-749.69 -721.65
-722.37 -722.37
-721.05 -721.05
-721.58 -721.05
-721.34 -721.34
-741.09 -721.34
-722.95 -721.34
-736.04 -721.34
-728.03 -721.34
-721.73 -721.73
-722.08 -722.08
-746.20 -722.08
-723.75 -723.75
-722.31 -722.31
-739.48 -722.31
-723.52 -722.31
-721.69 -721.69
-723.95 -721.69
-721.64 -721.64
-749.32 -721.64
-721.79 -721.79
-723.73 -721.79
-724.72 -721.79
-721.56 -721.56
-723.04 -721.56
-721.94 -721.94
-770.49 -721.94
-736.40 -721.94
-721.56 -721.56
-736.57 -721.56
-721.69 -721.69
-724.88 -721.69
-722.37 -722.37
-752.27 -722.37
-740.19 -722.37
-740.18 -722.37
-722.37 -722.37
-722.35 -722.35
-774.83 -722.35
-737.41 -722.35
-721.90 -721.90
-721.39 -721.39
-722.34 -721.39
-729.56 -721.39
-737.57 -721.39
-757.12 -721.39
-721.35 -721.35
-722.05 -721.35
-741.25 -721.35
-733.20 -721.35
-724.77 -721.35
-737.80 -721.35
-739.43 -721.35
-738.75 -721.35
-743.31 -721.35
-736.72 -721.35
-742.31 -721.35
-727.37 -721.35
-723.60 -721.35
-731.27 -721.35
-721.93 -721.93
-725.41 -721.93
-749.99 -721.93
-730.53 -721.93
-722.40 -722.40
-751.13 -722.40
-726.69 -722.40
-736.42 -722.40
-724.29 -722.40
-722.58 -722.58
-737.02 -722.58
-751.43 -722.58
-739.82 -722.58
-746.58 -722.58
-754.99 -722.58
-723.60 -722.58
-743.87 -722.58
-742.56 -722.58
-734.72 -722.58
-721.72 -721.72
-721.33 -721.33
-722.01 -721.33
-721.77 -721.77
-737.88 -721.77
-749.98 -721.77
-740.69 -721.77
-734.64 -721.77
-786.19 -721.77
-724.07 -721.77
-732.64 -721.77
-733.84 -721.77
-722.70 -722.70
-774.18 -722.70
-733.15 -722.70
-721.36 -721.36
-737.76 -721.36
-775.35 -721.36
-745.17 -721.36
-723.75 -721.36
-749.99 -721.36
-770.52 -721.36
-782.44 -721.36
-727.01 -721.36
-737.61 -721.36
-751.07 -721.36
-734.50 -721.36
-721.39 -721.39
-740.81 -721.39
-722.37 -721.39
-722.64 -721.39
-737.70 -721.39
-722.00 -722.00
-722.37 -722.37
-749.99 -722.37
-721.40 -721.40
-736.55 -721.40
-737.61 -721.40
-722.24 -721.40
-721.39 -721.39
-722.04 -722.04
-736.55 -722.04
-742.48 -722.04
-722.27 -722.27
-740.80 -722.27
-729.59 -722.27
-733.44 -722.27
-741.00 -722.27
-744.26 -722.27
-721.73 -721.73
-741.13 -721.73
-721.85 -721.85
-722.39 -722.39
-746.44 -722.39
-766.27 -722.39
-740.69 -722.39
-741.32 -722.39
-740.31 -722.39
-743.26 -722.39
-741.25 -722.39
-721.35 -721.35
-722.24 -721.35
-742.41 -721.35
-738.38 -721.35
-722.46 -722.46
-742.94 -722.46
-740.57 -722.46
-721.79 -721.79
-740.78 -721.79
-721.33 -721.33
-729.00 -721.33
-722.37 -721.33
-737.33 -721.33
-721.67 -721.67
-740.58 -721.67
-756.37 -721.67
-774.08 -721.67
-722.84 -721.67
-743.45 -721.67
-722.20 -722.20
-737.68 -722.20
-753.22 -722.20
-741.90 -722.20
-721.85 -721.85
-737.75 -721.85
-721.76 -721.76
-737.28 -721.76
-736.71 -721.76
-737.54 -721.76
-757.42 -721.76
-742.40 -721.76
-722.06 -722.06
-722.06 -722.06
-741.59 -722.06
-731.14 -722.06
-722.78 -722.06
-724.82 -722.06
-741.29 -722.06
-829.22 -722.06
-722.70 -722.70
-721.35 -721.35
-1289.14 -1289.14
-1289.26 -1289.26
-1275.37 -1275.37
-1278.89 -1275.37
-1316.42 -1275.37
-1306.62 -1275.37
-1284.63 -1275.37
-1258.17 -1258.17
-1246.32 -1246.32
-1195.36 -1195.36
-1167.13 -1167.13
-1166.85 -1166.85
-1150.36 -1150.36
-1176.92 -1150.36
-1068.60 -1068.60
-1124.99 -1068.60
-1116.16 -1068.60
-1068.01 -1068.01
-1077.56 -1068.01
-1118.82 -1068.01
-1062.90 -1062.90
-1040.44 -1040.44
-1032.53 -1032.53
-1030.88 -1030.88
-1032.63 -1032.63
-990.15 -990.15
-1032.49 -990.15
-1032.49 -990.15
-968.80 -968.80
-1012.80 -968.80
-979.38 -968.80
-960.06 -960.06
-935.17 -935.17
-939.95 -935.17
-1033.42 -935.17
-916.34 -916.34
-897.55 -897.55
-874.94 -874.94
-851.43 -851.43
-864.26 -851.43
-847.01 -847.01
-852.82 -847.01
-867.53 -847.01
-841.33 -841.33
-933.62 -841.33
-847.17 -841.33
-783.32 -783.32
-774.92 -774.92
-737.46 -737.46
-751.36 -737.46
-741.75 -737.46
-741.56 -737.46
-750.20 -737.46
-748.06 -737.46
-752.85 -737.46
-763.28 -737.46
-737.70 -737.70
-737.15 -737.15
-744.88 -737.15
-721.86 -721.86
-739.44 -721.86
-721.33 -721.33
-722.64 -721.33
-722.27 -721.33
-750.00 -721.33
-722.32 -722.32
-724.85 -722.32
-723.40 -722.32
-721.76 -721.76
-722.16 -722.16
-737.79 -722.16
-736.65 -722.16
-722.37 -722.37
-739.26 -722.37
-722.75 -722.75
-721.94 -721.94
-749.16 -721.94
-739.48 -721.94
-729.59 -721.94
-722.08 -722.08
-742.85 -722.08
-729.57 -722.08
-722.40 -722.08
-742.35 -722.08
-748.38 -722.08
-733.00 -722.08
-737.58 -722.08
-736.59 -722.08
-721.34 -721.34
-721.33 -721.33
-738.66 -721.33
-736.61 -721.33
-736.01 -721.33
-743.79 -721.33
-721.35 -721.35
-741.67 -721.35
-724.96 -721.35
-721.17 -721.17
-731.54 -721.17
-750.11 -721.17
-737.71 -721.17
-737.10 -721.17
-738.95 -721.17
-737.61 -721.17
-740.57 -721.17
-735.61 -721.17
-736.70 -721.17
-721.57 -721.57
-732.86 -721.57
-721.83 -721.83
-737.23 -721.83
-741.44 -721.83
-721.40 -721.40
-741.66 -721.40
-739.87 -721.40
-736.63 -721.40
-721.33 -721.33
-722.01 -721.33
-721.58 -721.58
-737.42 -721.58
-722.99 -721.58
-721.71 -721.71
-719.38 -719.38
-747.96 -719.38
-722.10 -719.38
-721.80 -719.38
-743.33 -719.38
-733.34 -719.38
-737.78 -719.38
-741.06 -719.38
-741.09 -719.38
-722.74 -719.38
-739.95 -719.38
-721.72 -719.38
-721.94 -719.38
-721.34 -719.38
-741.27 -719.38
-721.42 -721.42
-721.54 -721.54
-721.34 -721.34
-737.68 -721.34
-723.62 -721.34
-741.37 -721.34
-733.67 -721.34
-722.16 -721.34
-724.06 -721.34
-724.42 -721.34
-735.00 -721.34
-744.20 -721.34
-737.64 -721.34
-723.72 -723.72
-721.38 -721.38
-738.47 -721.38
-737.13 -721.38
-738.45 -721.38
-731.47 -721.38
-727.25 -721.38
-758.25 -721.38
-738.99 -721.38
-739.88 -721.38
-740.76 -721.38
-721.57 -721.57
-740.58 -721.57
-731.35 -721.57
-736.64 -721.57
-721.57 -721.57
-726.99 -721.57
-758.89 -721.57
-751.92 -721.57
-741.18 -721.57
-721.59 -721.59
-745.79 -721.59
-740.72 -721.59
-722.51 -722.51
-721.49 -721.49
-742.44 -721.49
-721.34 -721.34
-756.60 -721.34
-739.64 -721.34
-737.63 -721.34
-721.49 -721.49
-738.67 -721.49
-721.18 -721.18
-723.66 -721.18
-736.65 -721.18
-753.10 -721.18
-740.13 -721.18
-742.17 -721.18
-742.56 -721.18
-742.10 -721.18
-722.42 -722.42
-734.50 -722.42
-738.85 -722.42
-721.74 -721.74
-721.34 -721.34
-721.60 -721.60
-740.79 -721.60
-733.63 -721.60
-745.15 -721.60
-721.35 -721.35
-721.97 -721.35
-724.17 -721.35
-733.34 -721.35
-737.78 -721.35
-737.83 -721.35
-739.77 -721.35
-736.60 -721.35
-733.08 -721.35
-723.51 -721.35
-729.55 -721.35
-721.95 -721.95
-741.86 -721.95
-721.40 -721.40
-736.98 -721.40
-723.54 -721.40
-721.86 -721.40
-721.20 -721.20
-761.28 -721.20
-737.35 -721.20
-736.03 -721.20
-719.35 -719.35
-740.84 -719.35
-721.93 -719.35
-722.34 -719.35
-739.99 -719.35
-721.33 -719.35
-739.48 -719.35
-722.13 -719.35
-739.00 -719.35
-722.27 -719.35
-721.64 -719.35
-721.23 -719.35
-722.10 -719.35
-751.07 -719.35
-736.93 -719.35
-740.88 -719.35
-737.01 -719.35
-724.57 -719.35
-722.00 -719.35
-721.33 -719.35
-749.28 -719.35
-723.53 -719.35
-721.71 -719.35
-722.15 -719.35
-721.80 -721.80
-736.99 -721.80
-736.19 -721.80
-733.65 -721.80
-722.05 -722.05
-729.59 -722.05
-733.34 -722.05
-744.93 -722.05
-741.58 -722.05
-723.93 -722.05
-721.43 -721.43
-722.87 -722.87
-722.59 -722.59
-749.15 -722.59
-721.71 -721.71
-733.00 -721.71
-739.77 -721.71
-762.25 -721.71
-722.36 -722.36
-722.39 -722.39
-719.35 -719.35
-736.58 -719.35
-719.39 -719.39
-726.87 -719.39
-721.37 -721.37
-733.69 -721.37
-733.63 -721.37
-723.92 -721.37
-722.49 -722.49
-740.54 -722.49
-723.07 -722.49
-725.45 -722.49
-721.86 -721.86
-722.62 -721.86
-739.84 -721.86
-743.34 -721.86
-737.86 -721.86
-740.79 -721.86
-726.84 -721.86
-722.38 -721.86
-722.76 -722.76
-721.77 -721.77
-724.46 -721.77
-724.56 -721.77
-732.82 -721.77
-722.40 -722.40
-721.72 -721.72
-721.41 -721.41
-739.89 -721.41
-741.26 -721.41
-733.66 -721.41
-741.75 -721.41
-721.84 -721.84
-737.50 -721.84
-739.60 -721.84
-722.23 -722.23
-722.43 -722.43
-721.39 -721.39
-721.07 -721.07
-742.82 -721.07
-740.40 -721.07
-741.16 -721.07
-727.02 -721.07
-721.37 -721.37
-737.23 -721.37
-736.90 -721.37
-743.30 -721.37
-721.38 -721.38
-739.78 -721.38
-738.93 -721.38
-722.40 -722.40
-723.41 -722.40
-742.99 -722.40
-744.07 -722.40
-743.05 -722.40
-741.25 -722.40
-743.79 -722.40
-732.88 -722.40
-741.06 -722.40
-741.72 -722.40
-733.87 -722.40
-721.58 -721.58
-740.15 -721.58
-734.91 -721.58
-722.19 -722.19
-721.39 -721.39
-741.71 -721.39
-722.46 -721.39
-721.74 -721.74
-723.04 -721.74
-721.55 -721.55
-722.26 -722.26
-746.10 -722.26
-722.79 -722.26
-741.88 -722.26
-721.76 -721.76
-724.53 -721.76
-736.49 -721.76
-721.59 -721.59
-721.58 -721.58
-721.37 -721.37
-737.65 -721.37
-739.57 -721.37
-743.32 -721.37
-739.58 -721.37
-739.86 -721.37
-788.34 -721.37
-739.46 -721.37
-740.05 -721.37
-725.17 -721.37
-737.85 -721.37
-753.09 -721.37
-740.43 -721.37
-719.42 -719.42
-750.00 -719.42
-741.38 -719.42
-736.82 -719.42
-740.28 -719.42
-742.35 -719.42
-740.85 -719.42
-722.91 -719.42
-738.32 -719.42
-737.78 -719.42
-737.06 -719.42
-743.70 -719.42
-758.17 -719.42
-721.50 -719.42
-740.77 -719.42
-721.44 -719.42
-721.54 -719.42
-736.02 -719.42
-721.67 -719.42
-724.92 -719.42
-721.38 -719.42
-742.93 -719.42
-721.36 -719.42
-721.33 -719.42
-745.68 -719.42
-721.20 -719.42
-721.78 -719.42
-741.59 -719.42
-770.51 -719.42
-723.06 -719.42
-719.41 -719.41
-721.62 -719.41
-746.26 -719.41
-722.09 -719.41
-730.58 -719.41
-721.62 -721.62
-739.29 -721.62
-722.17 -722.17
-734.54 -722.17
-746.33 -722.17
-721.53 -721.53
-733.74 -721.53
-733.65 -721.53
-753.07 -721.53
-733.03 -721.53
-723.39 -721.53
-724.83 -721.53
-721.64 -721.64
-721.81 -721.81
-738.62 -721.81
-721.54 -721.54
-741.63 -721.54
-722.00 -722.00
-723.71 -722.00
-741.74 -722.00
-732.85 -722.00
-770.50 -722.00
-742.73 -722.00
-741.90 -722.00
-1318.49 -722.00
-1283.77 -1283.77
-1285.25 -1285.25
-1290.93 -1285.25
