-10000.00 -10000.00
-14863.89 -10000.00
-14644.76 -14644.76
-14994.16 -14644.76
-14830.40 -14644.76
-14486.02 -14486.02
-14611.26 -14486.02
-14543.89 -14486.02
-14743.09 -14486.02
-14164.98 -14164.98
-14349.28 -14164.98
-14392.23 -14164.98
-13613.20 -13613.20
-13489.40 -13489.40
-13488.44 -13488.44
-13537.19 -13488.44
-13734.61 -13488.44
-13230.83 -13230.83
-13704.47 -13230.83
-13387.25 -13230.83
-12673.87 -12673.87
-12309.80 -12309.80
-12782.45 -12309.80
-12338.77 -12309.80
-12308.01 -12308.01
-12321.48 -12308.01
-12637.24 -12308.01
-12304.99 -12304.99
-12263.25 -12263.25
-12153.79 -12153.79
-11840.08 -11840.08
-11660.24 -11660.24
-12177.01 -11660.24
-12029.33 -11660.24
-12310.26 -11660.24
-11624.00 -11624.00
-11338.75 -11338.75
-11554.14 -11338.75
-11354.89 -11338.75
-11317.26 -11317.26
-11473.42 -11317.26
-11711.88 -11317.26
-11434.23 -11317.26
-11337.66 -11317.26
-11220.11 -11220.11
-11356.16 -11220.11
-11356.67 -11220.11
-10896.35 -10896.35
-11019.64 -10896.35
-11177.73 -10896.35
-11010.31 -10896.35
-11141.76 -10896.35
-11340.47 -10896.35
-10691.16 -10691.16
-11150.88 -10691.16
-10886.40 -10691.16
-11475.40 -10691.16
-10661.25 -10661.25
-10781.68 -10661.25
-10281.10 -10281.10
-10642.11 -10281.10
-9419.09 -9419.09
-9289.79 -9289.79
-9858.09 -9289.79
-9095.31 -9095.31
-9249.01 -9095.31
-8922.11 -8922.11
-8394.83 -8394.83
-8254.99 -8254.99
-8187.07 -8187.07
-8568.95 -8187.07
-8718.19 -8187.07
-8170.84 -8170.84
-8127.86 -8127.86
-8178.46 -8127.86
-7932.57 -7932.57
-8114.35 -7932.57
-8241.62 -7932.57
-8169.14 -7932.57
-7951.95 -7932.57
-8070.44 -7932.57
-8171.61 -7932.57
-7942.35 -7932.57
-8078.93 -7932.57
-8080.77 -7932.57
-7938.99 -7932.57
-7935.00 -7935.00
-8159.78 -7935.00
-8201.09 -7935.00
-7949.15 -7935.00
-7944.31 -7935.00
-8155.40 -7935.00
-7943.74 -7935.00
-7935.53 -7935.53
-7973.58 -7935.53
-8112.88 -7935.53
-8066.59 -7935.53
-8260.82 -7935.53
-8080.85 -7935.53
-7959.86 -7935.53
-7937.79 -7935.53
-7934.96 -7934.96
-7946.35 -7934.96
-8070.22 -7934.96
-7940.80 -7934.96
-8274.02 -7934.96
-8113.36 -7934.96
-7936.46 -7936.46
-8112.93 -7936.46
-8153.27 -7936.46
-8131.67 -7936.46
-8105.77 -7936.46
-8334.59 -7936.46
-7941.23 -7936.46
-7942.51 -7936.46
-8112.94 -7936.46
-8066.50 -7936.46
-8138.63 -7936.46
-7946.47 -7936.46
-8125.45 -7936.46
-8070.62 -7936.46
-7946.38 -7936.46
-8515.01 -7936.46
-8249.84 -7936.46
-8145.25 -7936.46
-8158.29 -7936.46
-7946.96 -7936.46
-7942.01 -7936.46
-8190.54 -7936.46
-8146.96 -7936.46
-8102.96 -7936.46
-7940.69 -7936.46
-8150.95 -7936.46
-8153.82 -7936.46
-7945.77 -7936.46
-8123.91 -7936.46
-8114.88 -7936.46
-7932.20 -7932.20
-8215.24 -7932.20
-7913.51 -7913.51
-7940.09 -7913.51
-8211.04 -7913.51
-7963.33 -7913.51
-7934.69 -7913.51
-7931.95 -7913.51
-8063.45 -7913.51
-7947.62 -7913.51
-7934.68 -7913.51
-7932.46 -7913.51
-8103.80 -7913.51
-7936.92 -7913.51
-8066.49 -7913.51
-8192.61 -7913.51
-8146.49 -7913.51
-8160.42 -7913.51
-7946.51 -7913.51
-7932.96 -7913.51
-7943.29 -7913.51
-7946.44 -7913.51
-8062.98 -7913.51
-8112.88 -7913.51
-7947.01 -7913.51
-7936.51 -7913.51
-8226.63 -7913.51
-8177.13 -7913.51
-8146.33 -7913.51
-7946.06 -7913.51
-7939.22 -7913.51
-7997.04 -7913.51
-7950.96 -7913.51
-7937.43 -7913.51
-7938.42 -7913.51
-7945.83 -7913.51
-8266.37 -7913.51
-8180.99 -7913.51
-8113.22 -7913.51
-8160.84 -7913.51
-8113.82 -7913.51
-8096.35 -7913.51
-8194.44 -7913.51
-8116.05 -7913.51
-7943.97 -7913.51
-8036.08 -7913.51
-7960.70 -7913.51
-8111.41 -7913.51
-8109.45 -7913.51
-8114.86 -7913.51
-7957.84 -7913.51
-8197.32 -7913.51
-8152.54 -7913.51
-8282.29 -7913.51
-8144.02 -7913.51
-8114.77 -7913.51
-8137.55 -7913.51
-7941.97 -7913.51
-8193.29 -7913.51
-8109.90 -7913.51
-7944.04 -7913.51
-7989.89 -7913.51
-7932.26 -7913.51
-8167.27 -7913.51
-8133.47 -7913.51
-8103.09 -7913.51
-7935.09 -7913.51
-7938.37 -7913.51
-8206.44 -7913.51
-8126.15 -7913.51
-7938.54 -7913.51
-7935.41 -7913.51
-7937.16 -7913.51
-7959.19 -7913.51
-8122.61 -7913.51
-8126.42 -7913.51
-8435.15 -7913.51
-7937.59 -7913.51
-8158.01 -7913.51
-8127.23 -7913.51
-8152.41 -7913.51
-7939.55 -7913.51
-8155.71 -7913.51
-7938.36 -7913.51
-8355.54 -7913.51
-8194.40 -7913.51
-7942.07 -7913.51
-7912.96 -7912.96
-8171.57 -7912.96
-8072.77 -7912.96
-7937.43 -7912.96
-8090.77 -7912.96
-7937.98 -7912.96
-8159.10 -7912.96
-7943.14 -7912.96
-8069.63 -7912.96
-8145.98 -7912.96
-7948.26 -7912.96
-7937.83 -7912.96
-8161.15 -7912.96
-7938.53 -7912.96
-7937.60 -7912.96
-7940.29 -7912.96
-8148.24 -7912.96
-8140.55 -7912.96
-7960.70 -7912.96
-8135.12 -7912.96
-8070.42 -7912.96
-7946.43 -7912.96
-7980.52 -7912.96
-7963.72 -7912.96
-8159.30 -7912.96
-8110.22 -7912.96
-8169.64 -7912.96
-7934.73 -7912.96
-8212.52 -7912.96
-8145.95 -7912.96
-7943.44 -7912.96
-8105.56 -7912.96
-8072.04 -7912.96
-7913.40 -7912.96
-8149.46 -7912.96
-8165.53 -7912.96
-8151.77 -7912.96
-8103.58 -7912.96
-8146.20 -7912.96
-8070.83 -7912.96
-7999.54 -7912.96
-8158.02 -7912.96
-7938.57 -7912.96
-7952.27 -7912.96
-7934.80 -7912.96
-8076.97 -7912.96
-7949.51 -7912.96
-8166.15 -7912.96
-7934.91 -7912.96
-8138.29 -7912.96
-8147.06 -7912.96
-8111.03 -7912.96
-8193.88 -7912.96
-7937.72 -7912.96
-8063.15 -7912.96
-8607.17 -7912.96
-8155.17 -7912.96
-7998.66 -7912.96
-8100.30 -7912.96
-8207.12 -7912.96
-7913.48 -7913.48
-7936.36 -7913.48
-8147.22 -7913.48
-8142.82 -7913.48
-8114.48 -7913.48
-8134.70 -7913.48
-7936.48 -7913.48
-7973.46 -7913.48
-7937.63 -7913.48
-7935.76 -7913.48
-7946.87 -7913.48
-8105.13 -7913.48
-7932.17 -7913.48
-7995.05 -7913.48
-8239.45 -7913.48
-7937.14 -7913.48
-7974.40 -7913.48
-8055.75 -7913.48
-8129.80 -7913.48
-7940.38 -7913.48
-7934.97 -7913.48
-8114.50 -7913.48
-8131.73 -7913.48
-7912.80 -7912.80
-8124.51 -7912.80
-8063.28 -7912.80
-8475.71 -7912.80
-7941.37 -7912.80
-7941.82 -7912.80
-8112.88 -7912.80
-8113.44 -7912.80
-8101.75 -7912.80
-7959.09 -7912.80
-8111.37 -7912.80
-7942.57 -7912.80
-7937.59 -7912.80
-8064.10 -7912.80
-7939.54 -7912.80
-8143.25 -7912.80
-8283.32 -7912.80
-8217.72 -7912.80
-8102.42 -7912.80
-7939.39 -7912.80
-8191.20 -7912.80
-7981.18 -7912.80
-7998.09 -7912.80
-8100.40 -7912.80
-7938.76 -7912.80
-7960.64 -7912.80
-7947.05 -7912.80
-8102.52 -7912.80
-8134.67 -7912.80
-8182.61 -7912.80
-8064.81 -7912.80
-8061.67 -7912.80
-7957.71 -7912.80
-7959.14 -7912.80
-8141.05 -7912.80
-8146.97 -7912.80
-8085.06 -7912.80
-7936.99 -7912.80
-7972.19 -7912.80
-8158.63 -7912.80
-8113.36 -7912.80
-8116.58 -7912.80
-8128.54 -7912.80
-7938.42 -7912.80
-8114.93 -7912.80
-8114.01 -7912.80
-7998.55 -7912.80
-7959.15 -7912.80
-8113.91 -7912.80
-8137.50 -7912.80
-8109.10 -7912.80
-7942.20 -7912.80
-7937.07 -7912.80
-8114.62 -7912.80
-7942.50 -7912.80
-8142.47 -7912.80
-7998.06 -7912.80
-7963.17 -7912.80
-8206.06 -7912.80
-8167.05 -7912.80
-8179.95 -7912.80
-8181.55 -7912.80
-8140.74 -7912.80
-8177.84 -7912.80
-8114.10 -7912.80
-7936.84 -7912.80
-7948.12 -7912.80
-7931.88 -7912.80
-7946.11 -7912.80
-7959.09 -7912.80
-7935.09 -7912.80
-8113.99 -7912.80
-7938.70 -7912.80
-7949.16 -7912.80
-7937.48 -7912.80
-8110.19 -7912.80
-7939.58 -7912.80
-7974.80 -7912.80
-8249.94 -7912.80
-7939.85 -7912.80
-7941.59 -7912.80
-8081.83 -7912.80
-8168.05 -7912.80
-8116.51 -7912.80
-7998.66 -7912.80
-7959.89 -7912.80
-8110.12 -7912.80
-7941.33 -7912.80
-8133.86 -7912.80
-7931.50 -7912.80
-8123.78 -7912.80
-8166.18 -7912.80
-7946.12 -7912.80
-7974.20 -7912.80
-8197.19 -7912.80
-7957.38 -7912.80
-8062.95 -7912.80
-7947.52 -7912.80
-8145.94 -7912.80
-8122.85 -7912.80
-7935.23 -7912.80
-7950.47 -7912.80
-8141.86 -7912.80
-7934.63 -7912.80
-7947.00 -7912.80
-7947.36 -7912.80
-7934.87 -7912.80
-8158.32 -7912.80
-8162.54 -7912.80
-7937.79 -7912.80
-7996.06 -7912.80
-14598.75 -7912.80
-14753.30 -7912.80
-14076.79 -7912.80
-14602.26 -7912.80
-14453.67 -7912.80
-14489.09 -7912.80
-14868.60 -7912.80
-14870.10 -7912.80
-14676.77 -7912.80
-14690.17 -7912.80
-14500.04 -7912.80
-14444.25 -7912.80
-14582.06 -7912.80
-14130.11 -7912.80
-14625.19 -7912.80
-14689.32 -7912.80
-14509.39 -7912.80
-14261.20 -7912.80
-14390.68 -7912.80
-14458.99 -7912.80
-14291.21 -7912.80
-14341.38 -7912.80
-14604.35 -7912.80
-14455.43 -7912.80
-14455.38 -7912.80
-14458.52 -7912.80
-14351.14 -7912.80
-14784.64 -7912.80
-14482.45 -7912.80
-14735.96 -7912.80
-14580.65 -7912.80
-14530.50 -7912.80
-14579.16 -7912.80
-14644.51 -7912.80
-14517.93 -7912.80
-15027.51 -7912.80
-14747.13 -7912.80
-14741.08 -7912.80
-13958.64 -7912.80
-14390.36 -7912.80
-14404.27 -7912.80
-14708.72 -7912.80
-14270.22 -7912.80
-14617.85 -7912.80
-14355.95 -7912.80
-14490.62 -7912.80
-14558.69 -7912.80
-14839.50 -7912.80
-14697.89 -7912.80
-14313.40 -7912.80
-14349.71 -7912.80
-14459.07 -7912.80
-14517.22 -7912.80
-14395.41 -7912.80
-14658.32 -7912.80
-14840.00 -7912.80
-14515.46 -7912.80
-14461.82 -7912.80
-14876.81 -7912.80
-14718.38 -7912.80
-14371.86 -7912.80
-14775.00 -7912.80
-14400.17 -7912.80
-14580.51 -7912.80
-14725.99 -7912.80
-14895.88 -7912.80
-14288.55 -7912.80
-15089.28 -7912.80
-14126.53 -7912.80
-14675.86 -7912.80
-14294.78 -7912.80
-14795.24 -7912.80
-14721.64 -7912.80
-14484.00 -7912.80
-14681.10 -7912.80
-14393.88 -7912.80
-14541.13 -7912.80
-14703.89 -7912.80
-14556.46 -7912.80
-14781.10 -7912.80
-14974.92 -7912.80
-14777.13 -7912.80
-14404.20 -7912.80
-14800.64 -7912.80
-14901.24 -7912.80
-14553.57 -7912.80
-14584.95 -7912.80
-14658.45 -7912.80
-14266.56 -7912.80
-14497.47 -7912.80
-14346.63 -7912.80
-14397.28 -7912.80
-14836.50 -7912.80
-14869.30 -7912.80
-14732.99 -7912.80
-14489.87 -7912.80
-14691.91 -7912.80
-14781.91 -7912.80
-14804.67 -7912.80
-14769.15 -7912.80
-14394.32 -7912.80
-14868.63 -7912.80
-14499.78 -7912.80
-14211.28 -7912.80
-14868.54 -7912.80
-14450.48 -7912.80
-14393.08 -7912.80
-15004.17 -7912.80
-14744.22 -7912.80
-14670.08 -7912.80
-14678.64 -7912.80
-14896.92 -7912.80
-14681.16 -7912.80
-14417.95 -7912.80
-14861.04 -7912.80
-14626.20 -7912.80
-14647.18 -7912.80
-15119.97 -7912.80
-14350.84 -7912.80
-14727.10 -7912.80
-14679.62 -7912.80
-15024.29 -7912.80
-14086.46 -7912.80
-14673.06 -7912.80
-14845.23 -7912.80
-15001.54 -7912.80
-14101.68 -7912.80
-14773.31 -7912.80
-14670.99 -7912.80
-14481.33 -7912.80
-14264.76 -7912.80
-14390.83 -7912.80
-14507.46 -7912.80
-14563.30 -7912.80
-14937.04 -7912.80
-14739.59 -7912.80
-14356.68 -7912.80
-14733.39 -7912.80
-14396.87 -7912.80
-14836.07 -7912.80
-14601.80 -7912.80
-14643.33 -7912.80
-14878.12 -7912.80
-14689.64 -7912.80
-14774.86 -7912.80
-14631.41 -7912.80
-14547.25 -7912.80
-14598.42 -7912.80
-14874.04 -7912.80
-14583.30 -7912.80
-14392.24 -7912.80
-14943.21 -7912.80
-14704.55 -7912.80
-14627.19 -7912.80
-14392.34 -7912.80
-14951.64 -7912.80
-14802.36 -7912.80
-14736.48 -7912.80
-14893.61 -7912.80
-14488.68 -7912.80
-14293.71 -7912.80
-14653.63 -7912.80
-14601.92 -7912.80
-14481.40 -7912.80
-14630.64 -7912.80
-14341.11 -7912.80
-14603.70 -7912.80
-14743.93 -7912.80
-14580.71 -7912.80
-14774.79 -7912.80
-14503.39 -7912.80
-14575.49 -7912.80
-14510.61 -7912.80
-14661.21 -7912.80
-14546.92 -7912.80
-14675.41 -7912.80
-14620.49 -7912.80
-14991.04 -7912.80
-14497.83 -7912.80
-14836.74 -7912.80
-14459.82 -7912.80
-14871.24 -7912.80
-14837.98 -7912.80
-14453.58 -7912.80
-14697.95 -7912.80
-14299.27 -7912.80
-14844.11 -7912.80
-14532.90 -7912.80
-14724.54 -7912.80
-14408.73 -7912.80
-14586.20 -7912.80
-14700.03 -7912.80
-14802.18 -7912.80
-14529.84 -7912.80
-14769.91 -7912.80
-14534.30 -7912.80
-14625.83 -7912.80
-14671.83 -7912.80
-14495.82 -7912.80
-15048.96 -7912.80
-14992.67 -7912.80
-14395.08 -7912.80
-14841.72 -7912.80
-14395.30 -7912.80
-14479.75 -7912.80
-14641.76 -7912.80
-14747.92 -7912.80
-15007.43 -7912.80
-14267.39 -7912.80
-14745.07 -7912.80
-14662.17 -7912.80
-14720.86 -7912.80
-14614.58 -7912.80
-14747.18 -7912.80
-14667.14 -7912.80
-14590.19 -7912.80
-14864.92 -7912.80
-14514.79 -7912.80
-14739.42 -7912.80
-14641.42 -7912.80
-14780.11 -7912.80
-14350.90 -7912.80
-14672.66 -7912.80
-14993.33 -7912.80
-14696.52 -7912.80
-14397.94 -7912.80
-14479.52 -7912.80
-14896.08 -7912.80
-14461.23 -7912.80
-14728.50 -7912.80
-14481.32 -7912.80
-14773.52 -7912.80
-14439.06 -7912.80
-14404.31 -7912.80
-15090.71 -7912.80
-15023.18 -7912.80
-14701.50 -7912.80
-14501.31 -7912.80
-14397.72 -7912.80
-14440.94 -7912.80
-14480.35 -7912.80
-14449.55 -7912.80
-14106.39 -7912.80
-14952.38 -7912.80
-14780.39 -7912.80
-14943.01 -7912.80
-14609.36 -7912.80
-14614.89 -7912.80
-14716.97 -7912.80
-14274.08 -7912.80
-14525.82 -7912.80
-14481.19 -7912.80
-14398.90 -7912.80
-14408.46 -7912.80
-14774.61 -7912.80
-14451.70 -7912.80
-14523.18 -7912.80
-14700.12 -7912.80
-14518.11 -7912.80
-14492.37 -7912.80
-14537.48 -7912.80
-14579.04 -7912.80
-14562.50 -7912.80
-14393.11 -7912.80
-14436.16 -7912.80
-14482.46 -7912.80
-14495.09 -7912.80
-14817.38 -7912.80
-14782.16 -7912.80
-14533.63 -7912.80
-14392.55 -7912.80
-14479.33 -7912.80
-14872.16 -7912.80
-14524.66 -7912.80
-14414.75 -7912.80
-14836.99 -7912.80
-14358.76 -7912.80
-14580.67 -7912.80
-14417.01 -7912.80
-14865.17 -7912.80
-14699.43 -7912.80
-14744.06 -7912.80
-14772.37 -7912.80
-14660.78 -7912.80
-14605.83 -7912.80
-14745.86 -7912.80
-14674.47 -7912.80
-14454.19 -7912.80
-14881.78 -7912.80
-14661.37 -7912.80
-14805.18 -7912.80
-14801.28 -7912.80
-15043.05 -7912.80
-14643.03 -7912.80
-14836.81 -7912.80
-14518.26 -7912.80
-14678.60 -7912.80
-15079.97 -7912.80
-14215.75 -7912.80
-14680.30 -7912.80
-14411.25 -7912.80
-14534.21 -7912.80
-14613.06 -7912.80
-14816.97 -7912.80
-14832.77 -7912.80
-14478.86 -7912.80
-14495.49 -7912.80
-14484.07 -7912.80
-14773.82 -7912.80
-14616.42 -7912.80
-14579.44 -7912.80
-14217.76 -7912.80
-14549.88 -7912.80
-14514.93 -7912.80
-14488.37 -7912.80
-14836.01 -7912.80
-14250.15 -7912.80
-14842.13 -7912.80
-14949.10 -7912.80
-14457.55 -7912.80
-14739.82 -7912.80
-14629.48 -7912.80
-14865.32 -7912.80
-14599.87 -7912.80
-15210.49 -7912.80
-14773.33 -7912.80
-14651.95 -7912.80
-14481.98 -7912.80
-14735.99 -7912.80
-14390.72 -7912.80
-14698.60 -7912.80
-14597.32 -7912.80
-14605.43 -7912.80
-14707.75 -7912.80
-14895.96 -7912.80
-14781.80 -7912.80
-14519.43 -7912.80
-14553.29 -7912.80
-14555.78 -7912.80
-14194.68 -7912.80
-14994.68 -7912.80
-14865.99 -7912.80
-14392.18 -7912.80
-14682.39 -7912.80
-14745.37 -7912.80
-14483.74 -7912.80
-14745.44 -7912.80
-14858.94 -7912.80
-14288.68 -7912.80
-14412.92 -7912.80
-14487.99 -7912.80
-14897.31 -7912.80
-14765.90 -7912.80
-14249.07 -7912.80
-14771.45 -7912.80
-15013.75 -7912.80
-14294.53 -7912.80
-14646.17 -7912.80
-14667.06 -7912.80
-14700.23 -7912.80
-14132.06 -7912.80
-14490.98 -7912.80
-14498.52 -7912.80
-14351.72 -7912.80
-14404.52 -7912.80
-15011.97 -7912.80
-14506.37 -7912.80
-14431.28 -7912.80
-14772.22 -7912.80
-14460.01 -7912.80
-13988.12 -7912.80
-14778.10 -7912.80
-14264.48 -7912.80
-14875.83 -7912.80
-14550.79 -7912.80
-14553.72 -7912.80
-14403.08 -7912.80
-14729.24 -7912.80
-14390.64 -7912.80
-14543.89 -7912.80
-14602.84 -7912.80
-14481.60 -7912.80
-14730.01 -7912.80
-14480.86 -7912.80
-14608.44 -7912.80
-14735.94 -7912.80
-14674.26 -7912.80
-14662.81 -7912.80
-14433.27 -7912.80
-14604.93 -7912.80
-14614.44 -7912.80
-14587.37 -7912.80
-14517.91 -7912.80
-14601.73 -7912.80
-14781.78 -7912.80
-14782.38 -7912.80
-14180.22 -7912.80
-14163.38 -7912.80
-14520.81 -7912.80
-14622.45 -7912.80
-14490.84 -7912.80
-14775.12 -7912.80
-14267.41 -7912.80
-14775.15 -7912.80
-14497.09 -7912.80
-14953.58 -7912.80
-14401.83 -7912.80
-14492.07 -7912.80
-14782.00 -7912.80
-14636.43 -7912.80
-14666.04 -7912.80
-14370.11 -7912.80
-14747.23 -7912.80
-14795.91 -7912.80
-14589.01 -7912.80
-14726.91 -7912.80
-14779.70 -7912.80
-14412.99 -7912.80
-14680.69 -7912.80
-14743.73 -7912.80
-14491.95 -7912.80
-14845.35 -7912.80
-14689.32 -7912.80
-14735.31 -7912.80
-14489.27 -7912.80
-14637.52 -7912.80
-14592.47 -7912.80
-14190.88 -7912.80
-14505.33 -7912.80
-14398.24 -7912.80
-14685.87 -7912.80
-14396.11 -7912.80
-14625.05 -7912.80
-14397.33 -7912.80
-14547.97 -7912.80
-14739.67 -7912.80
-14724.78 -7912.80
-14407.64 -7912.80
-14502.75 -7912.80
-14841.63 -7912.80
-14734.57 -7912.80
-14582.58 -7912.80
-14440.76 -7912.80
-14345.01 -7912.80
-14602.75 -7912.80
-14488.80 -7912.80
-14195.47 -7912.80
-14517.64 -7912.80
-14392.36 -7912.80
-14739.75 -7912.80
-14971.37 -7912.80
-14494.96 -7912.80
-14662.11 -7912.80
-14745.89 -7912.80
-14177.99 -7912.80
-14265.36 -7912.80
-14780.07 -7912.80
-14428.41 -7912.80
-14389.22 -7912.80
-14437.00 -7912.80
-14781.66 -7912.80
-14777.80 -7912.80
-14259.39 -7912.80
-14739.54 -7912.80
-14625.90 -7912.80
-14551.77 -7912.80
-14511.19 -7912.80
-14696.29 -7912.80
-14614.06 -7912.80
-14523.14 -7912.80
-14963.87 -7912.80
-14594.51 -7912.80
-14476.31 -7912.80
-14710.45 -7912.80
-14391.91 -7912.80
-14460.26 -7912.80
-14524.60 -7912.80
-14643.24 -7912.80
-14773.55 -7912.80
-14444.30 -7912.80
-14506.07 -7912.80
-14779.45 -7912.80
-14652.17 -7912.80
-14773.67 -7912.80
-14795.32 -7912.80
-14538.78 -7912.80
-14415.04 -7912.80
-14489.07 -7912.80
-14693.27 -7912.80
-14656.67 -7912.80
-14398.65 -7912.80
-14744.77 -7912.80
-14502.74 -7912.80
-14796.68 -7912.80
-14481.69 -7912.80
-14297.52 -7912.80
-14554.57 -7912.80
-14396.50 -7912.80
-14865.28 -7912.80
-14481.95 -7912.80
-14671.87 -7912.80
-14608.47 -7912.80
-14485.21 -7912.80
-14497.44 -7912.80
-14770.30 -7912.80
-14778.10 -7912.80
-14428.94 -7912.80
-15052.45 -7912.80
-14485.15 -7912.80
-14832.26 -7912.80
-14746.88 -7912.80
-14508.92 -7912.80
-14776.59 -7912.80
-14700.63 -7912.80
-14492.72 -7912.80
-14668.26 -7912.80
-13938.65 -7912.80
-14451.01 -7912.80
-14710.12 -7912.80
-14867.58 -7912.80
-14215.61 -7912.80
-14403.38 -7912.80
-14676.62 -7912.80
-14053.08 -7912.80
-14867.88 -7912.80
-14742.03 -7912.80
-14639.28 -7912.80
-14536.49 -7912.80
-14078.63 -7912.80
-14774.82 -7912.80
-14326.89 -7912.80
-14341.03 -7912.80
-14552.95 -7912.80
-14771.53 -7912.80
-14590.86 -7912.80
-14618.34 -7912.80
-14730.31 -7912.80
-14634.96 -7912.80
-14360.27 -7912.80
-14774.76 -7912.80
-14943.30 -7912.80
-14720.27 -7912.80
-14507.28 -7912.80
-14559.69 -7912.80
-14491.05 -7912.80
-14698.21 -7912.80
-14442.43 -7912.80
-14525.53 -7912.80
-14557.56 -7912.80
-14559.46 -7912.80
-14447.88 -7912.80
-14626.22 -7912.80
-14548.76 -7912.80
-14994.83 -7912.80
-14687.85 -7912.80
-14203.94 -7912.80
-14461.02 -7912.80
-14927.81 -7912.80
-14741.87 -7912.80
-14450.17 -7912.80
-14638.75 -7912.80
-14610.46 -7912.80
-14780.63 -7912.80
-15033.64 -7912.80
-14412.03 -7912.80
-14951.37 -7912.80
-14287.68 -7912.80
-14236.37 -7912.80
-14480.14 -7912.80
-14586.81 -7912.80
-14864.93 -7912.80
-14435.46 -7912.80
-14710.34 -7912.80
-14396.21 -7912.80
-14756.00 -7912.80
-14695.60 -7912.80
-14617.83 -7912.80
-14833.82 -7912.80
-14404.41 -7912.80
-14777.53 -7912.80
-14284.70 -7912.80
-14444.41 -7912.80
-14503.78 -7912.80
-14478.98 -7912.80
-14545.98 -7912.80
-14861.70 -7912.80
-14392.59 -7912.80
-14581.36 -7912.80
-14601.28 -7912.80
-14660.33 -7912.80
-14412.23 -7912.80
-14770.59 -7912.80
-14781.05 -7912.80
-14482.09 -7912.80
-14290.22 -7912.80
-14559.17 -7912.80
-14695.69 -7912.80
-14717.00 -7912.80
-14440.40 -7912.80
-14417.45 -7912.80
-14732.67 -7912.80
-14661.16 -7912.80
-14747.87 -7912.80
-14442.20 -7912.80
-14841.40 -7912.80
-14968.74 -7912.80
-14727.39 -7912.80
-14297.37 -7912.80
-14401.08 -7912.80
-14781.81 -7912.80
-15087.07 -7912.80
-14678.31 -7912.80
-14515.45 -7912.80
-14622.52 -7912.80
-14350.54 -7912.80
-14498.57 -7912.80
-14734.07 -7912.80
-14690.62 -7912.80
-14402.74 -7912.80
-14555.73 -7912.80
-14809.06 -7912.80
-14549.28 -7912.80
-14278.69 -7912.80
-14459.73 -7912.80
-14242.14 -7912.80
-14462.06 -7912.80
-14421.73 -7912.80
-14617.94 -7912.80
-14636.89 -7912.80
-14656.32 -7912.80
-14733.63 -7912.80
-14684.38 -7912.80
-14490.79 -7912.80
-15029.25 -7912.80
-14738.44 -7912.80
-14404.24 -7912.80
-14397.36 -7912.80
-14553.26 -7912.80
-14793.32 -7912.80
-14900.82 -7912.80
-14414.71 -7912.80
-14846.32 -7912.80
-14540.91 -7912.80
-14645.57 -7912.80
-14544.16 -7912.80
-14261.53 -7912.80
-14974.40 -7912.80
-14663.98 -7912.80
-14485.15 -7912.80
-14935.04 -7912.80
-14513.86 -7912.80
-14781.08 -7912.80
-14740.06 -7912.80
-14753.11 -7912.80
-15025.28 -7912.80
-14736.62 -7912.80
-14844.28 -7912.80
-14669.33 -7912.80
-14971.63 -7912.80
-14697.12 -7912.80
-14652.89 -7912.80
-14509.90 -7912.80
-14995.78 -7912.80
-14796.27 -7912.80
-14258.18 -7912.80
-14481.35 -7912.80
-14086.68 -7912.80
-14933.65 -7912.80
-14782.05 -7912.80
-15012.95 -7912.80
-14521.64 -7912.80
-14532.89 -7912.80
-14598.71 -7912.80
-14179.15 -7912.80
-14460.09 -7912.80
-14718.59 -7912.80
-14718.79 -7912.80
-14397.16 -7912.80
-14778.56 -7912.80
-14403.60 -7912.80
-14479.34 -7912.80
-14534.71 -7912.80
-14625.38 -7912.80
-14608.45 -7912.80
-14796.37 -7912.80
-14416.00 -7912.80
-14777.62 -7912.80
-14809.30 -7912.80
-14708.96 -7912.80
-15041.52 -7912.80
-14490.36 -7912.80
-14696.25 -7912.80
-14402.36 -7912.80
-14629.72 -7912.80
-14524.77 -7912.80
-14505.68 -7912.80
-14508.21 -7912.80
-14497.45 -7912.80
-14221.28 -7912.80
-14261.60 -7912.80
-14481.42 -7912.80
-14651.17 -7912.80
-14894.71 -7912.80
-14830.20 -7912.80
-14342.50 -7912.80
-14611.34 -7912.80
-14559.90 -7912.80
-14542.55 -7912.80
-14774.93 -7912.80
-14739.25 -7912.80
-14527.81 -7912.80
-14662.50 -7912.80
-14372.29 -7912.80
-14937.87 -7912.80
-14703.57 -7912.80
-14337.42 -7912.80
-14689.46 -7912.80
-14998.22 -7912.80
-14628.79 -7912.80
-14809.32 -7912.80
-14705.74 -7912.80
-14711.78 -7912.80
-14966.17 -7912.80
-14772.83 -7912.80
-14940.88 -7912.80
-14739.77 -7912.80
-14872.68 -7912.80
-14527.82 -7912.80
-14402.88 -7912.80
-14866.83 -7912.80
-14248.87 -7912.80
-14936.83 -7912.80
-14691.78 -7912.80
-14290.96 -7912.80
-14717.13 -7912.80
-14529.04 -7912.80
-14643.17 -7912.80
-14636.42 -7912.80
-14624.33 -7912.80
-14344.64 -7912.80
-14746.80 -7912.80
-14741.17 -7912.80
-14893.92 -7912.80
-14392.66 -7912.80
-14775.49 -7912.80
-14718.48 -7912.80
-14774.92 -7912.80
-14781.49 -7912.80
-14870.12 -7912.80
-14451.19 -7912.80
-14543.72 -7912.80
-14413.57 -7912.80
-14934.73 -7912.80
-14783.36 -7912.80
-14445.68 -7912.80
-14395.13 -7912.80
-14561.81 -7912.80
-14398.03 -7912.80
-14669.79 -7912.80
-14657.31 -7912.80
-14620.50 -7912.80
-14794.45 -7912.80
-14263.38 -7912.80
-14674.70 -7912.80
-14260.97 -7912.80
-14623.32 -7912.80
-14402.32 -7912.80
-14350.54 -7912.80
-14311.68 -7912.80
-14392.52 -7912.80
-14624.99 -7912.80
-14785.32 -7912.80
-14406.10 -7912.80
-14650.92 -7912.80
-14043.41 -7912.80
-14392.98 -7912.80
-15037.66 -7912.80
-14446.04 -7912.80
-14953.69 -7912.80
-14684.13 -7912.80
-14636.79 -7912.80
-14271.32 -7912.80
-14327.00 -7912.80
-14583.72 -7912.80
-14410.92 -7912.80
-14667.45 -7912.80
-15042.77 -7912.80
-14646.42 -7912.80
-14775.74 -7912.80
-14575.35 -7912.80
-14393.27 -7912.80
-14490.25 -7912.80
-14866.72 -7912.80
-14459.13 -7912.80
-14692.18 -7912.80
-14769.63 -7912.80
-14411.97 -7912.80
-14723.91 -7912.80
-14727.07 -7912.80
-14551.07 -7912.80
-14481.41 -7912.80
-14519.82 -7912.80
-14706.08 -7912.80
-15011.51 -7912.80
-14236.00 -7912.80
-14489.02 -7912.80
-14539.77 -7912.80
-14397.79 -7912.80
-14655.67 -7912.80
-14480.71 -7912.80
-14171.51 -7912.80
-14417.06 -7912.80
-14483.61 -7912.80
-14952.82 -7912.80
-14458.47 -7912.80
-14496.99 -7912.80
-14631.44 -7912.80
-14522.34 -7912.80
-14482.51 -7912.80
-14561.40 -7912.80
-14395.40 -7912.80
-14865.54 -7912.80
-14702.54 -7912.80
-14342.08 -7912.80
-14391.87 -7912.80
-14434.08 -7912.80
-14668.92 -7912.80
-15004.52 -7912.80
-14586.44 -7912.80
-14403.26 -7912.80
-14644.23 -7912.80
-14635.87 -7912.80
-14666.58 -7912.80
-14608.68 -7912.80
-14683.34 -7912.80
-14521.81 -7912.80
-14685.16 -7912.80
-14636.96 -7912.80
-14686.07 -7912.80
-14698.43 -7912.80
-14480.80 -7912.80
-14588.31 -7912.80
-14481.80 -7912.80
-14170.47 -7912.80
-14990.48 -7912.80
-14753.37 -7912.80
-14745.73 -7912.80
-14739.29 -7912.80
-14874.18 -7912.80
-14499.05 -7912.80
-14503.49 -7912.80
-14526.66 -7912.80
-14997.85 -7912.80
-14487.56 -7912.80
-14533.17 -7912.80
-14664.59 -7912.80
-14658.50 -7912.80
-14665.82 -7912.80
-14991.54 -7912.80
-14014.83 -7912.80
-14417.92 -7912.80
-14700.44 -7912.80
-14477.64 -7912.80
-14608.43 -7912.80
-14515.03 -7912.80
-15043.26 -7912.80
-14736.35 -7912.80
-14653.72 -7912.80
-14782.03 -7912.80
-14961.61 -7912.80
-14481.63 -7912.80
-14588.19 -7912.80
-14489.18 -7912.80
-14818.67 -7912.80
-14739.53 -7912.80
-15012.60 -7912.80
-14803.14 -7912.80
-14932.75 -7912.80
-14450.37 -7912.80
-14755.82 -7912.80
-14633.75 -7912.80
-14755.65 -7912.80
-14871.39 -7912.80
-14698.43 -7912.80
-14262.61 -7912.80
-14817.72 -7912.80
-14400.95 -7912.80
-14539.06 -7912.80
-14781.93 -7912.80
-14299.04 -7912.80
-14438.11 -7912.80
-14673.41 -7912.80
-14185.81 -7912.80
-14488.77 -7912.80
-14484.75 -7912.80
-14497.00 -7912.80
-14751.00 -7912.80
-14747.06 -7912.80
-13733.97 -7912.80
-14836.85 -7912.80
-14405.33 -7912.80
-14528.00 -7912.80
-14628.99 -7912.80
-14737.88 -7912.80
-14993.97 -7912.80
-14039.51 -7912.80
-14534.49 -7912.80
-14678.30 -7912.80
-14190.82 -7912.80
-14015.49 -7912.80
-14283.47 -7912.80
-14746.00 -7912.80
-14347.52 -7912.80
-14488.65 -7912.80
-15052.31 -7912.80
-14536.12 -7912.80
-14509.48 -7912.80
-14588.41 -7912.80
-14661.71 -7912.80
-14580.26 -7912.80
-14554.99 -7912.80
-14411.48 -7912.80
-14670.74 -7912.80
-14795.76 -7912.80
-14712.60 -7912.80
-14444.36 -7912.80
-14694.75 -7912.80
-14397.09 -7912.80
-14734.81 -7912.80
-14394.77 -7912.80
-14449.70 -7912.80
-14841.34 -7912.80
-14604.14 -7912.80
-14278.30 -7912.80
-15029.61 -7912.80
-14515.31 -7912.80
-14895.86 -7912.80
-14997.18 -7912.80
-14716.76 -7912.80
-14943.04 -7912.80
-14523.42 -7912.80
-14779.60 -7912.80
-14618.11 -7912.80
-14687.14 -7912.80
-14745.55 -7912.80
-14476.75 -7912.80
-14668.79 -7912.80
-14703.51 -7912.80
-14687.32 -7912.80
-14392.67 -7912.80
-14943.84 -7912.80
-14267.83 -7912.80
-14391.99 -7912.80
-14588.10 -7912.80
-14488.02 -7912.80
-14752.49 -7912.80
-14677.56 -7912.80
-14513.21 -7912.80
-14408.02 -7912.80
-14460.12 -7912.80
-15001.70 -7912.80
-14732.09 -7912.80
-14486.80 -7912.80
-14634.70 -7912.80
-14837.08 -7912.80
-14583.81 -7912.80
-14418.07 -7912.80
-14341.08 -7912.80
-14448.28 -7912.80
-14775.09 -7912.80
-14738.65 -7912.80
-14533.11 -7912.80
-14535.07 -7912.80
-15086.13 -7912.80
-14177.09 -7912.80
-14488.56 -7912.80
-14638.36 -7912.80
-14601.16 -7912.80
-14481.44 -7912.80
-14785.15 -7912.80
-15220.93 -7912.80
-15072.68 -7912.80
-14389.53 -7912.80
-14286.92 -7912.80
-14666.20 -7912.80
-14870.00 -7912.80
-14777.43 -7912.80
-15000.49 -7912.80
-14432.17 -7912.80
-14482.72 -7912.80
-14689.77 -7912.80
-14893.55 -7912.80
-14576.80 -7912.80
-14396.34 -7912.80
-14585.17 -7912.80
-14688.61 -7912.80
-14802.92 -7912.80
-14487.97 -7912.80
-14401.23 -7912.80
-14411.93 -7912.80
-14736.59 -7912.80
-14207.59 -7912.80
-14836.98 -7912.80
-14782.02 -7912.80
-14612.77 -7912.80
-14395.19 -7912.80
-14449.83 -7912.80
-14710.05 -7912.80
-14635.64 -7912.80
-14397.35 -7912.80
-14702.14 -7912.80
-14397.52 -7912.80
-14793.61 -7912.80
-14776.50 -7912.80
-14276.23 -7912.80
-14561.40 -7912.80
-14733.16 -7912.80
-14676.15 -7912.80
-14697.50 -7912.80
-14651.87 -7912.80
-14703.43 -7912.80
-14526.82 -7912.80
-14837.92 -7912.80
-14750.62 -7912.80
-15001.02 -7912.80
-14770.90 -7912.80
-14431.85 -7912.80
-14670.67 -7912.80
-14391.25 -7912.80
-14404.42 -7912.80
-14613.87 -7912.80
-14622.41 -7912.80
-14576.20 -7912.80
-14394.99 -7912.80
-14777.37 -7912.80
-14508.21 -7912.80
-14402.86 -7912.80
-14407.29 -7912.80
-14785.22 -7912.80
-14429.45 -7912.80
-14691.08 -7912.80
-14274.22 -7912.80
-14228.97 -7912.80
-14750.10 -7912.80
-14135.06 -7912.80
-14534.16 -7912.80
-14385.38 -7912.80
-14948.28 -7912.80
-14898.90 -7912.80
-14861.18 -7912.80
-14429.83 -7912.80
-14784.66 -7912.80
-14443.05 -7912.80
-14393.66 -7912.80
-14229.01 -7912.80
-14100.41 -7912.80
-14752.20 -7912.80
-14577.33 -7912.80
-14412.22 -7912.80
-14503.96 -7912.80
-15039.26 -7912.80
-15013.41 -7912.80
-14734.46 -7912.80
-14668.69 -7912.80
-14741.87 -7912.80
-14753.82 -7912.80
-14395.64 -7912.80
-14443.22 -7912.80
-14720.80 -7912.80
-14528.41 -7912.80
-14773.36 -7912.80
-14479.77 -7912.80
-14617.16 -7912.80
-14537.74 -7912.80
-14747.91 -7912.80
-14948.70 -7912.80
-14594.14 -7912.80
-14872.88 -7912.80
-14743.17 -7912.80
-14610.46 -7912.80
-14495.33 -7912.80
-14576.06 -7912.80
-14866.76 -7912.80
-14500.28 -7912.80
-14488.65 -7912.80
-14772.27 -7912.80
-14171.50 -7912.80
-14844.41 -7912.80
-14869.36 -7912.80
-14160.08 -7912.80
-14842.28 -7912.80
-14509.77 -7912.80
-14625.20 -7912.80
-14676.70 -7912.80
-14670.83 -7912.80
-14420.08 -7912.80
-14997.12 -7912.80
-14658.88 -7912.80
-14338.15 -7912.80
-14680.42 -7912.80
-14556.34 -7912.80
-14525.65 -7912.80
-14224.89 -7912.80
-14394.87 -7912.80
-14745.20 -7912.80
-14188.65 -7912.80
-14686.39 -7912.80
-14650.75 -7912.80
-14577.76 -7912.80
-14399.63 -7912.80
-14546.17 -7912.80
-14836.58 -7912.80
-14388.81 -7912.80
-15030.66 -7912.80
-14795.12 -7912.80
-14749.26 -7912.80
-14781.98 -7912.80
-15145.40 -7912.80
-14488.23 -7912.80
-14481.45 -7912.80
-14618.68 -7912.80
-14706.36 -7912.80
-15005.76 -7912.80
-14947.74 -7912.80
-14547.54 -7912.80
-14266.87 -7912.80
-14720.07 -7912.80
-14992.64 -7912.80
-14741.45 -7912.80
-14576.09 -7912.80
-14612.56 -7912.80
-14390.76 -7912.80
-14541.31 -7912.80
-14614.79 -7912.80
-14937.90 -7912.80
-14536.24 -7912.80
-14724.84 -7912.80
-15167.15 -7912.80
-14650.58 -7912.80
-14675.63 -7912.80
-14743.80 -7912.80
-14696.29 -7912.80
-14668.93 -7912.80
-14479.50 -7912.80
-14653.38 -7912.80
-14997.60 -7912.80
-14223.14 -7912.80
-14134.04 -7912.80
-14543.77 -7912.80
-14739.14 -7912.80
-14555.05 -7912.80
-14712.40 -7912.80
-14769.43 -7912.80
-14740.07 -7912.80
-14668.49 -7912.80
-14401.94 -7912.80
-14483.89 -7912.80
-14591.55 -7912.80
-14444.76 -7912.80
-14486.35 -7912.80
-14819.82 -7912.80
-14443.91 -7912.80
-14548.54 -7912.80
-14558.55 -7912.80
-14540.09 -7912.80
-14748.50 -7912.80
-14683.01 -7912.80
-14675.38 -7912.80
-14345.00 -7912.80
-14602.44 -7912.80
-14836.75 -7912.80
-14397.95 -7912.80
-14390.18 -7912.80
-14398.64 -7912.80
-14585.92 -7912.80
-14393.13 -7912.80
-14548.98 -7912.80
-14401.35 -7912.80
-14673.49 -7912.80
-14951.89 -7912.80
-14938.02 -7912.80
-14611.42 -7912.80
-14657.22 -7912.80
-14739.47 -7912.80
-14386.32 -7912.80
-14480.66 -7912.80
-14391.64 -7912.80
-14732.49 -7912.80
-15093.63 -7912.80
-14803.16 -7912.80
-14494.02 -7912.80
-14805.83 -7912.80
-14780.88 -7912.80
-14400.27 -7912.80
-14412.10 -7912.80
-14682.39 -7912.80
-14515.14 -7912.80
-14878.06 -7912.80
-14623.39 -7912.80
-14395.22 -7912.80
-14990.97 -7912.80
-14869.86 -7912.80
-14693.33 -7912.80
-14948.25 -7912.80
-14589.54 -7912.80
-14602.30 -7912.80
-14638.19 -7912.80
-14347.46 -7912.80
-14696.10 -7912.80
-14781.55 -7912.80
-14495.00 -7912.80
-14370.33 -7912.80
-14837.90 -7912.80
-14383.71 -7912.80
-14774.88 -7912.80
-14505.42 -7912.80
-14496.99 -7912.80
-14948.42 -7912.80
-14601.66 -7912.80
-14689.88 -7912.80
-14994.02 -7912.80
-14636.66 -7912.80
-14416.72 -7912.80
-14417.29 -7912.80
-14161.38 -7912.80
-14780.20 -7912.80
-14635.70 -7912.80
-14410.74 -7912.80
-14774.79 -7912.80
-14613.56 -7912.80
-14682.93 -7912.80
-14993.93 -7912.80
-14705.88 -7912.80
-14435.06 -7912.80
-14700.46 -7912.80
-14753.59 -7912.80
-14674.51 -7912.80
-14562.64 -7912.80
-14387.03 -7912.80
-14515.48 -7912.80
-14397.82 -7912.80
-14284.31 -7912.80
-14391.34 -7912.80
-14741.07 -7912.80
-14778.06 -7912.80
-14456.55 -7912.80
-14351.92 -7912.80
-14837.62 -7912.80
-15041.84 -7912.80
-14511.01 -7912.80
-14972.99 -7912.80
-14933.50 -7912.80
-14454.63 -7912.80
-15028.80 -7912.80
-15182.15 -7912.80
-14735.98 -7912.80
-14709.30 -7912.80
-15029.36 -7912.80
-14496.22 -7912.80
-15043.33 -7912.80
-14779.78 -7912.80
-14590.93 -7912.80
-15061.58 -7912.80
-14492.72 -7912.80
-15034.69 -7912.80
-14497.87 -7912.80
-14996.82 -7912.80
-14971.27 -7912.80
-14777.09 -7912.80
-14734.09 -7912.80
-14673.46 -7912.80
-14442.29 -7912.80
-14781.16 -7912.80
-14895.82 -7912.80
-14775.67 -7912.80
-14775.82 -7912.80
-14488.62 -7912.80
-15006.60 -7912.80
-14653.25 -7912.80
-14584.63 -7912.80
-14780.86 -7912.80
-14675.11 -7912.80
-14654.51 -7912.80
-14700.42 -7912.80
-14740.10 -7912.80
-14503.20 -7912.80
-14461.90 -7912.80
-15072.11 -7912.80
-15088.88 -7912.80
-14696.15 -7912.80
-14660.73 -7912.80
-14699.91 -7912.80
-14719.44 -7912.80
-15104.95 -7912.80
-14750.79 -7912.80
-14673.30 -7912.80
-14819.89 -7912.80
-14678.59 -7912.80
-14659.09 -7912.80
-14688.24 -7912.80
-14734.48 -7912.80
-14950.62 -7912.80
-14674.18 -7912.80
-14940.90 -7912.80
-14775.90 -7912.80
-14948.30 -7912.80
-14876.55 -7912.80
-14628.76 -7912.80
-15244.61 -7912.80
-14523.03 -7912.80
-14293.37 -7912.80
-14870.16 -7912.80
-14608.76 -7912.80
-14726.61 -7912.80
-14617.73 -7912.80
-14927.78 -7912.80
-14943.78 -7912.80
-14769.86 -7912.80
-14953.04 -7912.80
-14699.29 -7912.80
-14773.28 -7912.80
-14949.69 -7912.80
-14774.27 -7912.80
-14544.43 -7912.80
-14942.25 -7912.80
-14964.39 -7912.80
-15165.68 -7912.80
-14629.41 -7912.80
-14994.70 -7912.80
-14995.14 -7912.80
-15039.88 -7912.80
-14718.98 -7912.80
-14872.12 -7912.80
-14733.81 -7912.80
-14700.91 -7912.80
-14284.03 -7912.80
-14694.02 -7912.80
-14661.98 -7912.80
-14993.96 -7912.80
-14938.10 -7912.80
-14386.26 -7912.80
-14371.95 -7912.80
-15149.32 -7912.80
-15020.49 -7912.80
-14992.57 -7912.80
-14721.63 -7912.80
-14563.52 -7912.80
-15251.31 -7912.80
-14706.78 -7912.80
-14336.91 -7912.80
-14874.64 -7912.80
-14866.97 -7912.80
-14386.62 -7912.80
-14705.66 -7912.80
-14838.88 -7912.80
-14819.64 -7912.80
-15060.59 -7912.80
-14725.04 -7912.80
-14836.87 -7912.80
-14799.32 -7912.80
-14713.30 -7912.80
-15171.97 -7912.80
-14868.45 -7912.80
-14873.38 -7912.80
-14515.97 -7912.80
-14820.00 -7912.80
-15292.12 -7912.80
-14447.98 -7912.80
-15033.29 -7912.80
-14778.49 -7912.80
-14820.87 -7912.80
-14657.36 -7912.80
-14244.66 -7912.80
-14653.56 -7912.80
-15041.23 -7912.80
-14604.17 -7912.80
-14994.56 -7912.80
-14746.35 -7912.80
-14754.31 -7912.80
-14639.17 -7912.80
-15033.05 -7912.80
-14968.58 -7912.80
-14339.43 -7912.80
-14974.80 -7912.80
-14529.59 -7912.80
-14868.80 -7912.80
-14963.13 -7912.80
-15038.63 -7912.80
-14951.68 -7912.80
-14540.28 -7912.80
-14515.22 -7912.80
-14503.48 -7912.80
-14832.23 -7912.80
-14952.21 -7912.80
-14691.65 -7912.80
-14690.27 -7912.80
-15023.93 -7912.80
-14902.00 -7912.80
-14579.41 -7912.80
-14954.80 -7912.80
-14511.20 -7912.80
-14745.42 -7912.80
-14458.24 -7912.80
-14742.06 -7912.80
-14534.24 -7912.80
-14992.95 -7912.80
-15037.93 -7912.80
-14859.12 -7912.80
-14505.93 -7912.80
-14776.95 -7912.80
-14960.16 -7912.80
-14534.11 -7912.80
-14528.86 -7912.80
-14745.32 -7912.80
-14682.96 -7912.80
-14769.83 -7912.80
-14683.29 -7912.80
-14622.58 -7912.80
-14739.80 -7912.80
-15028.08 -7912.80
-14870.35 -7912.80
-14960.34 -7912.80
-14840.87 -7912.80
-14753.29 -7912.80
-14657.66 -7912.80
-15030.75 -7912.80
-14541.27 -7912.80
-14996.83 -7912.80
-14445.16 -7912.80
-14995.28 -7912.80
-14640.39 -7912.80
-14625.44 -7912.80
-14836.62 -7912.80
-14950.52 -7912.80
-14702.29 -7912.80
-14395.07 -7912.80
-14952.34 -7912.80
-14746.86 -7912.80
-14602.47 -7912.80
-15030.13 -7912.80
-15033.20 -7912.80
-15048.75 -7912.80
-14968.81 -7912.80
-14991.84 -7912.80
-14860.92 -7912.80
-14675.41 -7912.80
-14394.80 -7912.80
-14745.53 -7912.80
-14698.51 -7912.80
-15026.83 -7912.80
-15001.27 -7912.80
-14833.54 -7912.80
-14614.93 -7912.80
-14782.79 -7912.80
-14444.32 -7912.80
-14948.88 -7912.80
-14751.10 -7912.80
-14706.79 -7912.80
-14755.44 -7912.80
-14872.07 -7912.80
-14841.92 -7912.80
-14697.67 -7912.80
-14774.30 -7912.80
-14673.07 -7912.80
-15050.30 -7912.80
-14530.92 -7912.80
-14739.84 -7912.80
-14497.48 -7912.80
-15062.92 -7912.80
-15033.70 -7912.80
-15210.75 -7912.80
-14949.24 -7912.80
-14778.48 -7912.80
-15134.12 -7912.80
-15050.63 -7912.80
-14583.25 -7912.80
-14747.03 -7912.80
-14598.94 -7912.80
-14802.10 -7912.80
-15198.78 -7912.80
-14541.31 -7912.80
-14780.47 -7912.80
-14745.99 -7912.80
-14968.17 -7912.80
-14775.46 -7912.80
-14873.25 -7912.80
-14602.32 -7912.80
-14837.53 -7912.80
-14699.35 -7912.80
-14835.75 -7912.80
-14801.95 -7912.80
-14781.02 -7912.80
-14865.73 -7912.80
-14995.35 -7912.80
-14657.74 -7912.80
-14552.28 -7912.80
-14708.87 -7912.80
-14678.62 -7912.80
-14585.85 -7912.80
-14499.85 -7912.80
-14500.34 -7912.80
-14750.62 -7912.80
-14485.17 -7912.80
-15125.00 -7912.80
-14765.91 -7912.80
-14993.71 -7912.80
-14776.61 -7912.80
-14491.28 -7912.80
-14830.09 -7912.80
-14836.82 -7912.80
-14578.72 -7912.80
-14401.19 -7912.80
-14843.99 -7912.80
-14816.82 -7912.80
-14718.62 -7912.80
-14959.95 -7912.80
-14841.35 -7912.80
-14413.87 -7912.80
-14661.35 -7912.80
-15039.13 -7912.80
-15006.88 -7912.80
-14713.95 -7912.80
-14736.95 -7912.80
-14559.21 -7912.80
-14943.30 -7912.80
-14779.03 -7912.80
-14522.91 -7912.80
-14808.28 -7912.80
-14719.49 -7912.80
-14636.27 -7912.80
-14925.76 -7912.80
-15033.83 -7912.80
-14671.73 -7912.80
-14846.46 -7912.80
-14602.31 -7912.80
-14586.41 -7912.80
-14343.39 -7912.80
-14994.06 -7912.80
-14715.04 -7912.80
-14699.28 -7912.80
-15048.09 -7912.80
-14867.78 -7912.80
-15155.29 -7912.80
-15011.32 -7912.80
-14870.11 -7912.80
-14703.47 -7912.80
-14962.47 -7912.80
-14896.34 -7912.80
-14483.18 -7912.80
-14412.62 -7912.80
-14258.54 -7912.80
-14704.45 -7912.80
-14710.30 -7912.80
-14836.63 -7912.80
-14776.25 -7912.80
-15026.42 -7912.80
-14746.66 -7912.80
-14653.65 -7912.80
-14725.32 -7912.80
-15031.47 -7912.80
-14846.06 -7912.80
-14863.80 -7912.80
-14636.93 -7912.80
-14488.14 -7912.80
-14770.69 -7912.80
-15032.19 -7912.80
-14677.23 -7912.80
-14776.89 -7912.80
-15146.74 -7912.80
-14726.45 -7912.80
-15215.62 -7912.80
-14746.51 -7912.80
-14954.56 -7912.80
-14819.57 -7912.80
-14695.86 -7912.80
-15031.25 -7912.80
-14458.38 -7912.80
-14739.53 -7912.80
-14737.94 -7912.80
-14836.72 -7912.80
-14652.14 -7912.80
-14481.90 -7912.80
-14775.85 -7912.80
-14719.07 -7912.80
-14699.46 -7912.80
-14869.47 -7912.80
-15003.53 -7912.80
-15030.58 -7912.80
-14519.66 -7912.80
-14392.86 -7912.80
-14669.59 -7912.80
-14560.66 -7912.80
-14707.25 -7912.80
-14714.38 -7912.80
-14741.05 -7912.80
-14899.32 -7912.80
-14731.84 -7912.80
-14774.48 -7912.80
-14692.00 -7912.80
-14951.24 -7912.80
-14795.09 -7912.80
-15263.40 -7912.80
-14292.35 -7912.80
-14722.52 -7912.80
-14993.72 -7912.80
-14623.23 -7912.80
-15014.89 -7912.80
-14801.03 -7912.80
-14835.14 -7912.80
-14608.30 -7912.80
-14658.77 -7912.80
-14837.12 -7912.80
-14547.17 -7912.80
-14499.47 -7912.80
-14561.98 -7912.80
-14963.61 -7912.80
-14867.96 -7912.80
-14531.06 -7912.80
-14634.73 -7912.80
-14717.17 -7912.80
-14404.28 -7912.80
-14594.89 -7912.80
-14514.92 -7912.80
-14689.79 -7912.80
-14804.36 -7912.80
-14898.49 -7912.80
-14799.66 -7912.80
-14794.18 -7912.80
-14837.07 -7912.80
-14666.70 -7912.80
-14555.87 -7912.80
-15005.56 -7912.80
-14481.69 -7912.80
-14735.43 -7912.80
-14737.06 -7912.80
-15202.68 -7912.80
-14818.57 -7912.80
-14488.40 -7912.80
-14992.46 -7912.80
-14617.89 -7912.80
-14833.74 -7912.80
-14727.29 -7912.80
-14539.34 -7912.80
-14196.14 -7912.80
-14731.42 -7912.80
-14725.81 -7912.80
-14975.05 -7912.80
-14689.44 -7912.80
-14772.38 -7912.80
-14517.95 -7912.80
-14737.38 -7912.80
-14735.00 -7912.80
-14636.35 -7912.80
-14313.57 -7912.80
-14775.61 -7912.80
-14872.50 -7912.80
-14701.44 -7912.80
-14626.79 -7912.80
-14601.36 -7912.80
-14720.57 -7912.80
-15024.13 -7912.80
-15014.09 -7912.80
-14735.51 -7912.80
-15044.32 -7912.80
-14800.72 -14800.72
-14781.78 -14781.78
-14663.02 -14663.02
-14666.86 -14663.02
-14804.98 -14663.02
-14746.63 -14663.02
-14667.45 -14663.02
-14860.51 -14663.02
-14612.36 -14612.36
-14771.00 -14612.36
-14542.30 -14542.30
-14369.11 -14369.11
-14590.97 -14369.11
-14143.02 -14143.02
-14403.96 -14143.02
-14142.11 -14142.11
-13692.81 -13692.81
-13922.32 -13692.81
-13555.35 -13555.35
-13502.21 -13502.21
-13152.31 -13152.31
-12870.20 -12870.20
-12834.28 -12834.28
-13111.62 -12834.28
-13106.45 -12834.28
-13114.76 -12834.28
-12439.69 -12439.69
-12272.80 -12272.80
-12547.63 -12272.80
-12165.78 -12165.78
-11634.31 -11634.31
-11690.81 -11634.31
-12154.40 -11634.31
-12309.13 -11634.31
-11634.46 -11634.46
-11328.14 -11328.14
-11374.81 -11328.14
-11355.33 -11328.14
-11336.03 -11328.14
-10950.65 -10950.65
-11218.88 -10950.65
-11521.66 -10950.65
-11164.40 -10950.65
-10846.43 -10846.43
-11435.46 -10846.43
-11372.30 -10846.43
-10777.13 -10777.13
-10316.27 -10316.27
-10515.48 -10316.27
-10318.69 -10316.27
-10797.93 -10316.27
-10256.05 -10256.05
-10137.88 -10137.88
-10391.22 -10137.88
-10342.41 -10137.88
-10317.54 -10137.88
-9677.73 -9677.73
-9618.42 -9618.42
-10067.42 -9618.42
-9226.60 -9226.60
-9056.89 -9056.89
-9375.06 -9056.89
-9195.38 -9056.89
-9082.69 -9056.89
-9140.49 -9056.89
-9892.93 -9056.89
-9203.86 -9056.89
-9179.98 -9056.89
-8763.69 -8763.69
-8390.05 -8390.05
-8613.59 -8390.05
-8142.56 -8142.56
-8393.98 -8142.56
-8155.34 -8142.56
-8187.20 -8142.56
-8151.58 -8142.56
-8133.44 -8133.44
-7941.74 -7941.74
-7939.60 -7939.60
-7951.47 -7939.60
-8123.12 -7939.60
-7949.03 -7939.60
-7932.53 -7932.53
-7941.84 -7932.53
-7945.77 -7932.53
-7934.98 -7932.53
-7951.61 -7932.53
-7963.38 -7932.53
-7964.20 -7932.53
-8109.32 -7932.53
-8080.32 -7932.53
-8213.15 -7932.53
-8114.89 -7932.53
-8178.02 -7932.53
-7944.41 -7932.53
-8150.08 -7932.53
-8070.05 -7932.53
-7937.04 -7932.53
-7934.74 -7932.53
-8147.54 -7932.53
-8133.95 -7932.53
-8102.29 -7932.53
-7934.79 -7934.79
-8080.70 -7934.79
-7945.09 -7934.79
-7941.76 -7934.79
-8114.70 -7934.79
-7932.28 -7932.28
-8113.89 -7932.28
-7943.58 -7932.28
-8183.01 -7932.28
-8000.03 -7932.28
-8114.37 -7932.28
-8102.62 -7932.28
-8167.29 -7932.28
-7941.40 -7932.28
-7946.21 -7932.28
-7943.50 -7932.28
-7946.49 -7932.28
-7946.75 -7932.28
-8145.51 -7932.28
-8170.17 -7932.28
-8161.11 -7932.28
-7937.56 -7932.28
-7937.82 -7932.28
-8155.05 -7932.28
-8042.67 -7932.28
-8250.12 -7932.28
-7946.60 -7932.28
-7946.41 -7932.28
-7913.09 -7913.09
-8161.44 -7913.09
-8044.62 -7913.09
-7936.54 -7913.09
-7937.72 -7913.09
-8101.08 -7913.09
-8515.16 -7913.09
-7935.27 -7913.09
-7998.89 -7913.09
-8151.34 -7913.09
-8105.08 -7913.09
-7944.06 -7913.09
-7946.14 -7913.09
-7942.32 -7913.09
-7943.77 -7913.09
-7962.10 -7913.09
-7934.71 -7913.09
-8072.86 -7913.09
-7938.06 -7913.09
-7935.08 -7913.09
-8066.22 -7913.09
-8111.28 -7913.09
-7933.34 -7913.09
-8157.33 -7913.09
-7931.65 -7913.09
-7934.85 -7913.09
-8137.89 -7913.09
-7937.58 -7913.09
-8119.66 -7913.09
-8215.81 -7913.09
-8112.62 -7913.09
-8161.27 -7913.09
-7937.32 -7913.09
-7935.55 -7913.09
-8187.01 -7913.09
-8161.80 -7913.09
-7935.52 -7913.09
-7939.74 -7913.09
-8122.75 -7913.09
-8131.21 -7913.09
-7945.84 -7913.09
-8167.56 -7913.09
-8079.57 -7913.09
-7947.16 -7913.09
-7913.53 -7913.09
-7948.75 -7913.09
-8113.94 -7913.09
-8115.13 -7913.09
-8246.40 -7913.09
-7973.28 -7913.09
-7942.28 -7913.09
-8158.84 -7913.09
-8076.61 -7913.09
-7945.78 -7913.09
-8165.29 -7913.09
-7993.72 -7913.09
-8164.12 -7913.09
-7973.37 -7913.09
-8127.10 -7913.09
-8113.08 -7913.09
-7935.18 -7913.09
-8151.04 -7913.09
-7938.81 -7913.09
-7938.14 -7913.09
-8115.10 -7913.09
-8262.26 -7913.09
-7934.91 -7913.09
-8070.06 -7913.09
-8060.72 -7913.09
-7942.43 -7913.09
-8193.01 -7913.09
-8161.78 -7913.09
-8177.24 -7913.09
-8159.75 -7913.09
-8123.46 -7913.09
-8128.34 -7913.09
-7941.61 -7913.09
-7931.23 -7913.09
-7942.40 -7913.09
-7975.14 -7913.09
-7963.34 -7913.09
-8102.54 -7913.09
-7941.14 -7913.09
-8202.76 -7913.09
-7937.14 -7913.09
-7935.07 -7913.09
-7974.64 -7913.09
-8176.78 -7913.09
-8139.18 -7913.09
-7938.27 -7913.09
-7938.73 -7913.09
-7952.10 -7913.09
-7935.31 -7913.09
-8079.23 -7913.09
-7980.36 -7913.09
-7933.72 -7913.09
-8125.18 -7913.09
-8185.64 -7913.09
-7973.80 -7913.09
-8114.61 -7913.09
-8148.95 -7913.09
-7946.65 -7913.09
-7935.77 -7913.09
-8103.83 -7913.09
-8249.55 -7913.09
-7939.32 -7913.09
-8215.84 -7913.09
-8508.67 -7913.09
-8060.79 -7913.09
-7937.66 -7913.09
-8226.32 -7913.09
-7940.47 -7913.09
-8072.58 -7913.09
-8086.86 -7913.09
-8080.05 -7913.09
-7937.42 -7913.09
-8071.26 -7913.09
-8261.64 -7913.09
-8114.94 -7913.09
-8155.54 -7913.09
-7937.23 -7913.09
-8007.82 -7913.09
-7935.07 -7913.09
-8109.93 -7913.09
-8125.21 -7913.09
-7939.53 -7913.09
-7936.51 -7913.09
-7995.70 -7913.09
-7935.34 -7913.09
-7936.39 -7913.09
-7941.20 -7913.09
-8114.28 -7913.09
-7939.20 -7913.09
-8133.72 -7913.09
-7945.75 -7913.09
-8113.39 -7913.09
-7946.94 -7913.09
-7939.05 -7913.09
-7935.43 -7913.09
-7946.42 -7913.09
-7943.59 -7913.09
-8111.85 -7913.09
-7912.84 -7912.84
-7951.57 -7912.84
-8186.82 -7912.84
-8114.86 -7912.84
-7946.36 -7912.84
-7939.16 -7912.84
-7935.00 -7912.84
-8151.48 -7912.84
-8105.95 -7912.84
-8115.09 -7912.84
-7931.69 -7912.84
-8167.20 -7912.84
-7947.34 -7912.84
-8137.79 -7912.84
-8157.70 -7912.84
-8259.58 -7912.84
-8249.83 -7912.84
-8140.43 -7912.84
-7942.33 -7912.84
-8151.38 -7912.84
-8153.60 -7912.84
-8144.19 -7912.84
-7962.99 -7912.84
-8149.00 -7912.84
-8086.51 -7912.84
-8106.65 -7912.84
-8114.75 -7912.84
-7934.71 -7912.84
-7966.86 -7912.84
-7938.15 -7912.84
-7942.67 -7912.84
-7935.52 -7912.84
-8063.51 -7912.84
-7946.36 -7912.84
-7936.56 -7912.84
-7912.80 -7912.80
-8127.04 -7912.80
-8128.44 -7912.80
-7933.96 -7912.80
-8210.21 -7912.80
-8124.57 -7912.80
-8114.70 -7912.80
-7943.68 -7912.80
-8084.38 -7912.80
-8144.61 -7912.80
-7939.05 -7912.80
-8159.20 -7912.80
-8099.68 -7912.80
-8149.71 -7912.80
-8194.47 -7912.80
-8148.12 -7912.80
-8064.05 -7912.80
-8117.26 -7912.80
-8113.56 -7912.80
-7947.34 -7912.80
-8161.75 -7912.80
-7934.90 -7912.80
-7934.87 -7912.80
-8158.43 -7912.80
-8133.72 -7912.80
-8252.44 -7912.80
-7935.15 -7912.80
-8475.53 -7912.80
-8130.64 -7912.80
-7940.83 -7912.80
-8079.02 -7912.80
-7937.96 -7912.80
-8159.07 -7912.80
-7949.44 -7912.80
-7993.77 -7912.80
-7970.54 -7912.80
-8150.97 -7912.80
-8240.54 -7912.80
-7941.57 -7912.80
-7912.99 -7912.99
-8114.31 -7912.99
-8162.09 -7912.99
-8085.34 -7912.99
-7935.05 -7912.99
-8207.52 -7912.99
-7946.35 -7912.99
-7938.93 -7912.99
-7968.89 -7912.99
-7947.75 -7912.99
-8080.77 -7912.99
-8113.98 -7912.99
-8184.35 -7912.99
-7997.44 -7912.99
-8116.99 -7912.99
-7942.44 -7912.99
-7946.48 -7912.99
-7946.51 -7912.99
-8111.77 -7912.99
-7935.57 -7912.99
-8160.91 -7912.99
-7939.64 -7912.99
-8238.88 -7912.99
-7959.74 -7912.99
-8334.64 -7912.99
-8113.87 -7912.99
-7959.30 -7912.99
-8160.60 -7912.99
-8102.11 -7912.99
-8114.68 -7912.99
-8064.02 -7912.99
-8069.48 -7912.99
-7940.23 -7912.99
-7939.67 -7912.99
-7950.68 -7912.99
-7971.74 -7912.99
-8100.44 -7912.99
-8153.74 -7912.99
-8069.25 -7912.99
-7935.54 -7912.99
-8121.94 -7912.99
-8160.83 -7912.99
-7961.54 -7912.99
-7937.02 -7912.99
-7942.64 -7912.99
-8128.92 -7912.99
-8108.24 -7912.99
-8078.87 -7912.99
-7934.77 -7912.99
-8186.33 -7912.99
-8239.81 -7912.99
-8110.27 -7912.99
-8070.03 -7912.99
-7932.64 -7912.99
-8186.65 -7912.99
-8081.24 -7912.99
-8171.23 -7912.99
-7935.23 -7912.99
-7937.82 -7912.99
-7946.40 -7912.99
-8196.09 -7912.99
-7939.06 -7912.99
-7935.50 -7912.99
-8177.97 -7912.99
-8211.32 -7912.99
-8210.92 -7912.99
-8202.55 -7912.99
-8156.93 -7912.99
-8110.64 -7912.99
-8475.81 -7912.99
-14542.04 -7912.99
-14448.28 -7912.99
-14895.68 -7912.99
-14869.95 -7912.99
-14459.23 -7912.99
-14652.01 -7912.99
-14997.72 -7912.99
-15083.94 -7912.99
-14444.50 -7912.99
-14736.20 -7912.99
-15050.11 -7912.99
-15029.15 -7912.99
-15000.85 -7912.99
-14263.54 -7912.99
-14869.60 -7912.99
-14844.98 -7912.99
-14953.03 -7912.99
-14575.05 -7912.99
-14767.63 -7912.99
-14544.84 -7912.99
-14741.23 -7912.99
-14692.38 -7912.99
-14773.14 -7912.99
-14390.93 -7912.99
-14830.35 -7912.99
-15030.93 -7912.99
-14636.23 -7912.99
-14776.96 -7912.99
-14411.24 -7912.99
-14479.58 -7912.99
-14795.07 -7912.99
-14624.69 -7912.99
-15073.95 -7912.99
-14781.68 -7912.99
-14491.04 -7912.99
-14678.04 -7912.99
-14772.71 -7912.99
-14705.54 -7912.99
-15266.88 -7912.99
-14622.73 -7912.99
-14552.87 -7912.99
-14992.67 -7912.99
-14638.81 -7912.99
-14875.18 -7912.99
-14873.55 -7912.99
-14995.61 -7912.99
-14668.06 -7912.99
-14488.04 -7912.99
-14412.75 -7912.99
-14877.60 -7912.99
-14675.87 -7912.99
-14394.33 -7912.99
-15247.14 -7912.99
-14654.97 -7912.99
-14894.60 -7912.99
-14771.36 -7912.99
-14460.82 -7912.99
-14840.96 -7912.99
-14455.33 -7912.99
-14510.05 -7912.99
-14661.04 -7912.99
-14508.16 -7912.99
-14441.88 -7912.99
-14390.49 -7912.99
-14556.23 -7912.99
-14312.79 -7912.99
-14745.36 -7912.99
-14372.38 -7912.99
-14643.85 -7912.99
-14870.18 -7912.99
-14991.90 -7912.99
-14616.44 -7912.99
-14808.64 -7912.99
-14392.23 -7912.99
-14653.42 -7912.99
-15022.53 -7912.99
-14774.82 -7912.99
-14654.29 -7912.99
-14864.91 -7912.99
-14702.14 -7912.99
-14951.43 -7912.99
-14961.91 -7912.99
-14859.50 -7912.99
-14482.03 -7912.99
-14491.04 -7912.99
-14949.68 -7912.99
-14610.33 -7912.99
-14737.28 -7912.99
-14522.55 -7912.99
-15028.70 -7912.99
-15050.70 -7912.99
-14838.54 -7912.99
-14393.35 -7912.99
-14651.52 -7912.99
-14866.46 -7912.99
-14766.31 -7912.99
-14876.96 -7912.99
-14966.67 -7912.99
-14961.82 -7912.99
-15126.03 -7912.99
-15049.45 -7912.99
-14775.22 -7912.99
-14579.15 -7912.99
-14621.83 -7912.99
-14732.09 -7912.99
-14445.24 -7912.99
-14482.31 -7912.99
-15033.19 -7912.99
-15032.21 -7912.99
-14941.40 -7912.99
-14402.91 -7912.99
-14650.89 -7912.99
-14720.74 -7912.99
-15313.75 -7912.99
-14498.01 -7912.99
-14966.20 -7912.99
-15056.82 -7912.99
-14753.01 -7912.99
-14695.35 -7912.99
-14775.36 -7912.99
-14509.16 -7912.99
-14734.84 -7912.99
-14722.22 -7912.99
-14793.57 -7912.99
-14958.79 -7912.99
-14590.41 -7912.99
-14730.86 -7912.99
-14521.60 -7912.99
-14612.48 -7912.99
-14869.96 -7912.99
-15310.18 -7912.99
-15034.19 -7912.99
-14693.79 -7912.99
-15026.05 -7912.99
-14801.17 -7912.99
-14872.75 -7912.99
-14953.66 -7912.99
-15001.18 -7912.99
-15021.55 -7912.99
-14802.53 -7912.99
-14728.33 -7912.99
-14927.09 -7912.99
-14702.17 -7912.99
-14937.57 -7912.99
-14645.81 -7912.99
-15170.66 -7912.99
-14638.83 -7912.99
-14771.23 -7912.99
-15067.36 -7912.99
-14994.63 -7912.99
-15099.67 -7912.99
-14782.66 -7912.99
-14771.59 -7912.99
-15046.36 -7912.99
-14874.81 -7912.99
-14803.86 -7912.99
-15035.46 -7912.99
-14995.78 -7912.99
-14482.10 -7912.99
-14840.95 -7912.99
-14625.35 -7912.99
-14900.83 -7912.99
-14544.45 -7912.99
-15030.55 -7912.99
-14937.60 -7912.99
-14783.37 -7912.99
-14560.98 -7912.99
-14808.23 -7912.99
-15134.50 -7912.99
-14711.65 -7912.99
-14608.18 -7912.99
-15047.06 -7912.99
-14737.38 -7912.99
-14871.08 -7912.99
-14684.82 -7912.99
-15052.66 -7912.99
-15061.40 -7912.99
-14555.59 -7912.99
-14704.17 -7912.99
-14996.87 -7912.99
-14194.05 -7912.99
-14817.55 -7912.99
-14601.60 -7912.99
-14881.84 -7912.99
-15134.09 -7912.99
-14651.93 -7912.99
-14779.45 -7912.99
-14411.32 -7912.99
-14743.86 -7912.99
-14412.47 -7912.99
-15105.34 -7912.99
-14392.25 -7912.99
-14794.92 -7912.99
-14808.25 -7912.99
-15031.33 -7912.99
-15050.45 -7912.99
-14743.77 -7912.99
-14773.18 -7912.99
-14654.68 -7912.99
-14538.15 -7912.99
-14839.14 -7912.99
-14774.75 -7912.99
-14846.09 -7912.99
-14875.77 -7912.99
-14952.52 -7912.99
-14991.90 -7912.99
-14694.30 -7912.99
-14899.90 -7912.99
-14667.37 -7912.99
-14869.25 -7912.99
-15088.30 -7912.99
-14590.34 -7912.99
-14741.88 -7912.99
-14654.91 -7912.99
-14603.59 -7912.99
-14644.48 -7912.99
-15041.91 -7912.99
-14263.36 -7912.99
-14734.08 -7912.99
-14933.27 -7912.99
-14873.27 -7912.99
-14693.62 -7912.99
-14859.76 -7912.99
-14662.49 -7912.99
-14594.95 -7912.99
-14845.29 -7912.99
-14997.87 -7912.99
-15029.60 -7912.99
-14415.16 -7912.99
-14695.35 -7912.99
-14998.67 -7912.99
-15209.86 -7912.99
-14706.60 -7912.99
-15034.74 -7912.99
-14971.79 -7912.99
-14681.84 -7912.99
-14499.44 -7912.99
-14689.33 -7912.99
-14601.62 -7912.99
-14665.66 -7912.99
-14782.49 -7912.99
-14733.49 -7912.99
-14575.94 -7912.99
-14867.79 -7912.99
-14770.10 -7912.99
-14744.56 -7912.99
-14445.12 -7912.99
-14953.70 -7912.99
-14743.61 -7912.99
-14751.22 -7912.99
-14609.24 -7912.99
-14703.23 -7912.99
-14707.16 -7912.99
-14736.40 -7912.99
-14994.99 -7912.99
-14893.46 -7912.99
-14817.56 -7912.99
-14997.34 -7912.99
-15020.30 -7912.99
-14794.31 -7912.99
-14411.32 -7912.99
-14665.94 -7912.99
-14731.98 -7912.99
-14440.58 -7912.99
-14971.32 -7912.99
-14677.01 -7912.99
-15158.36 -7912.99
-15000.60 -7912.99
-14874.98 -7912.99
-14740.46 -7912.99
-14480.11 -7912.99
-14634.94 -7912.99
-14461.79 -7912.99
-14684.20 -7912.99
-14737.48 -7912.99
-15035.86 -7912.99
-14525.74 -7912.99
-14775.50 -7912.99
-14651.16 -7912.99
-14745.15 -7912.99
-14673.79 -7912.99
-14703.37 -7912.99
-14737.89 -7912.99
-14698.23 -7912.99
-14625.79 -7912.99
-14699.66 -7912.99
-14833.51 -7912.99
-14580.70 -7912.99
-14773.62 -7912.99
-14408.82 -7912.99
-14781.63 -7912.99
-14589.81 -7912.99
-14749.41 -7912.99
-14600.97 -7912.99
-14844.98 -7912.99
-14396.19 -7912.99
-14947.74 -7912.99
-14341.70 -7912.99
-14834.47 -7912.99
-15031.99 -7912.99
-14784.92 -7912.99
-15051.97 -7912.99
-14770.27 -7912.99
-14660.23 -7912.99
-14958.82 -7912.99
-14528.47 -7912.99
-14871.38 -7912.99
-15050.76 -7912.99
-14868.33 -7912.99
-14997.62 -7912.99
-14781.69 -7912.99
-14837.07 -7912.99
-14994.95 -7912.99
-14942.04 -7912.99
-14777.25 -7912.99
-14699.95 -7912.99
-14667.98 -7912.99
-14395.37 -7912.99
-14948.41 -7912.99
-15012.87 -7912.99
-14702.75 -7912.99
-14781.30 -7912.99
-14544.12 -7912.99
-14495.73 -7912.99
-14893.90 -7912.99
-14416.92 -7912.99
-14775.13 -7912.99
-14395.28 -7912.99
-14484.34 -7912.99
-14652.48 -7912.99
-14586.33 -7912.99
-14991.66 -7912.99
-14800.22 -7912.99
-14747.64 -7912.99
-14487.39 -7912.99
-15002.37 -7912.99
-14538.61 -7912.99
-15035.89 -7912.99
-14494.72 -7912.99
-15036.60 -7912.99
-14653.12 -7912.99
-14748.99 -7912.99
-14337.73 -7912.99
-14777.07 -7912.99
-14961.98 -7912.99
-14694.53 -7912.99
-14899.90 -7912.99
-14534.30 -7912.99
-14786.01 -7912.99
-14950.13 -7912.99
-14509.93 -7912.99
-14622.58 -7912.99
-14901.13 -7912.99
-14933.06 -7912.99
-14754.16 -7912.99
-14872.20 -7912.99
-14874.27 -7912.99
-14966.06 -7912.99
-14940.94 -7912.99
-14934.80 -7912.99
-14578.40 -7912.99
-15055.69 -7912.99
-14405.06 -7912.99
-14654.63 -7912.99
-14863.72 -7912.99
-15129.40 -7912.99
-14705.17 -7912.99
-14803.59 -7912.99
-14601.39 -7912.99
-15063.59 -7912.99
-14438.65 -7912.99
-14553.80 -7912.99
-14970.19 -7912.99
-14662.86 -7912.99
-14933.36 -7912.99
-14962.78 -7912.99
-15012.71 -7912.99
-14869.21 -7912.99
-14645.28 -7912.99
-14405.39 -7912.99
-14610.58 -7912.99
-14781.74 -7912.99
-14493.26 -7912.99
-14780.54 -7912.99
-14631.17 -7912.99
-14730.48 -7912.99
-14773.93 -7912.99
-14510.60 -7912.99
-15052.04 -7912.99
-14610.14 -7912.99
-15089.48 -7912.99
-14653.45 -7912.99
-14562.83 -7912.99
-14624.63 -7912.99
-14500.40 -7912.99
-14897.42 -7912.99
-14553.82 -7912.99
-14870.59 -7912.99
-14611.51 -7912.99
-14490.47 -7912.99
-14996.34 -7912.99
-15144.53 -7912.99
-14838.49 -7912.99
-14551.83 -7912.99
-14706.90 -7912.99
-14781.17 -7912.99
-14801.09 -7912.99
-14663.67 -7912.99
-14516.88 -7912.99
-14748.72 -7912.99
-15185.31 -7912.99
-15019.05 -7912.99
-14781.40 -7912.99
-14685.18 -7912.99
-14458.16 -7912.99
-15040.33 -7912.99
-14966.65 -14966.65
-14868.53 -14868.53
-15026.50 -14868.53
-14687.98 -14687.98
-14871.90 -14687.98
-15032.48 -14687.98
-14482.01 -14482.01
-14095.22 -14095.22
-13888.43 -13888.43
-13495.55 -13495.55
-13224.32 -13224.32
-13321.20 -13224.32
-13136.51 -13136.51
-13115.36 -13115.36
-13413.46 -13115.36
-12712.18 -12712.18
-13002.98 -12712.18
-12745.56 -12712.18
-12736.00 -12712.18
-12466.96 -12466.96
-12990.76 -12466.96
-12856.03 -12466.96
-12302.85 -12302.85
-12658.51 -12302.85
-12262.70 -12262.70
-12144.57 -12144.57
-12323.13 -12144.57
-12137.51 -12137.51
-11797.86 -11797.86
-11548.52 -11548.52
-11465.43 -11465.43
-12526.00 -11465.43
-11985.37 -11465.43
-11186.56 -11186.56
-11194.54 -11186.56
-11424.02 -11186.56
-11142.19 -11142.19
-11466.68 -11142.19
-11527.79 -11142.19
-11365.27 -11142.19
-10855.80 -10855.80
-10855.29 -10855.29
-10439.37 -10439.37
-10305.16 -10305.16
-10349.28 -10305.16
-10520.45 -10305.16
-10519.97 -10305.16
-10292.31 -10292.31
-10384.77 -10292.31
-10302.31 -10292.31
-10380.88 -10292.31
-10287.58 -10287.58
-10237.10 -10237.10
-10287.31 -10237.10
-9955.07 -9955.07
-10245.21 -9955.07
-9019.46 -9019.46
-9260.43 -9019.46
-8903.14 -8903.14
-8619.88 -8619.88
-8519.59 -8519.59
-8156.31 -8156.31
-7939.60 -7939.60
-8105.02 -7939.60
-7945.31 -7939.60
-7935.39 -7935.39
-7943.68 -7935.39
-7934.77 -7934.77
-8111.11 -7934.77
-8101.92 -7934.77
-8322.34 -7934.77
-8112.34 -7934.77
-7941.27 -7934.77
-8193.78 -7934.77
-8194.25 -7934.77
-8065.78 -7934.77
-7934.70 -7934.70
-7939.45 -7934.70
-7971.32 -7934.70
-8114.73 -7934.70
-7946.43 -7934.70
-8182.03 -7934.70
-8127.69 -7934.70
-8080.00 -7934.70
-7941.79 -7934.70
-7933.24 -7933.24
-8000.96 -7933.24
-8111.28 -7933.24
-8275.19 -7933.24
-8153.74 -7933.24
-8157.86 -7933.24
-7960.06 -7933.24
-8114.36 -7933.24
-7939.67 -7933.24
-7960.66 -7933.24
-7946.49 -7933.24
-7998.03 -7933.24
-8387.66 -7933.24
-8151.04 -7933.24
-8176.00 -7933.24
-7937.35 -7933.24
-7937.83 -7933.24
-7965.32 -7933.24
-8159.52 -7933.24
-7944.30 -7933.24
-8141.51 -7933.24
-8321.86 -7933.24
-7940.30 -7933.24
-7934.93 -7933.24
-8515.06 -7933.24
-7938.41 -7933.24
-8127.65 -7933.24
-7931.75 -7931.75
-7934.88 -7931.75
-7960.71 -7931.75
-8173.75 -7931.75
-8202.76 -7931.75
-8124.81 -7931.75
-7935.23 -7931.75
-8158.49 -7931.75
-8152.59 -7931.75
-8000.98 -7931.75
-7944.78 -7931.75
-7948.26 -7931.75
-8084.74 -7931.75
-8239.58 -7931.75
-8160.38 -7931.75
-7935.43 -7931.75
-8151.28 -7931.75
-7944.16 -7931.75
-8079.07 -7931.75
-7933.42 -7931.75
-7933.97 -7931.75
-8132.57 -7931.75
-8156.71 -7931.75
-7935.52 -7931.75
-7947.06 -7931.75
-7937.22 -7931.75
-7946.48 -7931.75
-8099.25 -7931.75
-8133.91 -7931.75
-8063.81 -7931.75
-7946.47 -7931.75
-8256.10 -7931.75
-8188.16 -7931.75
-7941.26 -7931.75
-8165.58 -7931.75
-8103.94 -7931.75
-7931.33 -7931.33
-8159.38 -7931.33
-8070.41 -7931.33
-8158.47 -7931.33
-8149.48 -7931.33
-8114.12 -7931.33
-7937.52 -7931.33
-8152.79 -7931.33
-8523.24 -7931.33
-8148.23 -7931.33
-8172.85 -7931.33
-8178.88 -7931.33
-7935.03 -7931.33
-8062.99 -7931.33
-8146.34 -7931.33
-7937.92 -7931.33
-7935.13 -7931.33
-7943.24 -7931.33
-8146.08 -7931.33
-8252.96 -7931.33
-8159.09 -7931.33
-7935.05 -7935.05
-8155.81 -7935.05
-7947.00 -7935.05
-8156.70 -7935.05
-7937.88 -7935.05
-8601.40 -7935.05
-7937.31 -7935.05
-8193.97 -7935.05
-7952.44 -7935.05
-7938.68 -7935.05
-7972.46 -7935.05
-8129.35 -7935.05
-8149.15 -7935.05
-8138.01 -7935.05
-7912.82 -7912.82
-8146.91 -7912.82
-8207.32 -7912.82
-8062.69 -7912.82
-7945.14 -7912.82
-8103.89 -7912.82
-8200.27 -7912.82
-7946.69 -7912.82
-7969.07 -7912.82
-8068.31 -7912.82
-8519.68 -7912.82
-8149.73 -7912.82
-7931.47 -7912.82
-8102.25 -7912.82
-7935.50 -7912.82
-8204.78 -7912.82
-8157.58 -7912.82
-8151.33 -7912.82
-8137.83 -7912.82
-8125.48 -7912.82
-8138.30 -7912.82
-7946.51 -7912.82
-8157.50 -7912.82
-8314.74 -7912.82
-7970.83 -7912.82
-7938.32 -7912.82
-7971.06 -7912.82
-8113.45 -7912.82
-8012.95 -7912.82
-8133.47 -7912.82
-7952.56 -7912.82
-7943.96 -7912.82
-8213.82 -7912.82
-8159.41 -7912.82
-8148.38 -7912.82
-7952.60 -7912.82
-8055.75 -7912.82
-8167.38 -7912.82
-7980.55 -7912.82
-7999.30 -7912.82
-8146.40 -7912.82
-7980.59 -7912.82
-7937.99 -7912.82
-8169.82 -7912.82
-8185.43 -7912.82
-7998.16 -7912.82
-7966.74 -7912.82
-7933.00 -7912.82
-8182.26 -7912.82
-8262.81 -7912.82
-8072.75 -7912.82
-8062.90 -7912.82
-7932.43 -7912.82
-7941.90 -7912.82
-7935.29 -7912.82
-8079.42 -7912.82
-7972.40 -7912.82
-8066.53 -7912.82
-8166.53 -7912.82
-7938.87 -7912.82
-7969.99 -7912.82
-8102.95 -7912.82
-7935.86 -7912.82
-7961.15 -7912.82
-8151.41 -7912.82
-7975.11 -7912.82
-8128.40 -7912.82
-7946.46 -7912.82
-7934.78 -7912.82
-7946.85 -7912.82
-7981.00 -7912.82
-8171.95 -7912.82
-8064.70 -7912.82
-7946.54 -7912.82
-8170.04 -7912.82
-7934.91 -7912.82
-8109.77 -7912.82
-7949.19 -7912.82
-7998.64 -7912.82
-8141.98 -7912.82
-7939.35 -7912.82
-7931.94 -7912.82
-7939.57 -7912.82
-7945.75 -7912.82
-8160.84 -7912.82
-7946.46 -7912.82
-7941.73 -7912.82
-7933.70 -7912.82
-7969.23 -7912.82
-8129.63 -7912.82
-7935.28 -7912.82
-8111.58 -7912.82
-7934.75 -7912.82
-7960.74 -7912.82
-7934.86 -7912.82
-7935.26 -7912.82
-8149.03 -7912.82
-8149.65 -7912.82
-8111.04 -7912.82
-7934.93 -7912.82
-8515.23 -7912.82
-8161.15 -7912.82
-8069.07 -7912.82
-7939.85 -7912.82
-8150.87 -7912.82
-7938.82 -7912.82
-8251.11 -7912.82
-8056.62 -7912.82
-7946.14 -7912.82
-8064.48 -7912.82
-8094.06 -7912.82
-7964.72 -7912.82
-8160.32 -7912.82
-8158.98 -7912.82
-8135.56 -7912.82
-7913.38 -7913.38
-7949.03 -7913.38
-8161.83 -7913.38
-8146.21 -7913.38
-8207.62 -7913.38
-8107.62 -7913.38
-8166.55 -7913.38
-8167.79 -7913.38
-7938.83 -7913.38
-8114.30 -7913.38
-8177.46 -7913.38
-8121.80 -7913.38
-8161.46 -7913.38
-7960.29 -7913.38
-8156.20 -7913.38
-8134.40 -7913.38
-7935.15 -7913.38
-8196.51 -7913.38
-7980.37 -7913.38
-7965.11 -7913.38
-8080.90 -7913.38
-7932.25 -7913.38
-8071.06 -7913.38
-8280.49 -7913.38
-7934.73 -7913.38
-7971.98 -7913.38
-8241.17 -7913.38
-7960.81 -7913.38
-8166.25 -7913.38
-8152.97 -7913.38
-8115.64 -7913.38
-7935.07 -7913.38
-8163.54 -7913.38
-7935.06 -7913.38
-8167.06 -7913.38
-7945.69 -7913.38
-7937.03 -7913.38
-8115.17 -7913.38
-8152.37 -7913.38
-8140.04 -7913.38
-8103.17 -7913.38
-7943.97 -7913.38
-8128.36 -7913.38
-8105.22 -7913.38
-7946.48 -7913.38
-8331.31 -7913.38
-7957.22 -7913.38
-8057.25 -7913.38
-8139.76 -7913.38
-8200.64 -7913.38
-7965.87 -7913.38
-7946.07 -7913.38
-8140.39 -7913.38
-8137.56 -7913.38
-8211.54 -7913.38
-7951.15 -7913.38
-8212.61 -7913.38
-7940.44 -7913.38
-8056.03 -7913.38
-7936.92 -7913.38
-8113.39 -7913.38
-7935.24 -7913.38
-8385.68 -7913.38
-8147.47 -7913.38
-7935.41 -7913.38
-7934.67 -7913.38
-8281.97 -7913.38
-7936.90 -7913.38
-8175.81 -7913.38
-7958.71 -7913.38
-7946.39 -7913.38
-8108.89 -7913.38
-8150.17 -7913.38
-8063.01 -7913.38
-7946.36 -7913.38
-8174.14 -7913.38
-8310.18 -7913.38
-8208.31 -7913.38
-8250.09 -7913.38
-8137.54 -7913.38
-8525.65 -7913.38
-8072.37 -7913.38
-7970.97 -7913.38
-7935.38 -7913.38
-8196.40 -7913.38
-8456.58 -7913.38
-8170.58 -7913.38
-8138.65 -7913.38
-8108.64 -7913.38
-8155.68 -7913.38
-8098.07 -7913.38
-7937.31 -7913.38
-8261.23 -7913.38
-8126.29 -7913.38
-8134.72 -7913.38
-8069.83 -7913.38
-7935.50 -7913.38
-7964.01 -7913.38
-7932.16 -7913.38
-8102.57 -7913.38
-8127.67 -7913.38
-8160.16 -7913.38
-8113.58 -7913.38
-8046.35 -7913.38
-8137.25 -7913.38
-7940.96 -7913.38
-7938.88 -7913.38
-7946.09 -7913.38
-7945.93 -7913.38
-7999.92 -7913.38
-8113.26 -7913.38
-8126.45 -7913.38
-8240.23 -7913.38
-7947.30 -7913.38
-8077.81 -7913.38
-8112.68 -7913.38
-7950.95 -7913.38
-7964.31 -7913.38
-15032.31 -7913.38
-14523.32 -7913.38
-14723.19 -7913.38
-14861.70 -7913.38
-14721.46 -7913.38
-14733.02 -7913.38
-14428.10 -7913.38
-14777.43 -7913.38
-14312.72 -7913.38
-15032.55 -7913.38
-14770.63 -7913.38
-14534.01 -7913.38
-14495.50 -7913.38
-14395.43 -7913.38
-14589.54 -7913.38
-14593.51 -7913.38
-14475.48 -7913.38
-14949.88 -7913.38
-14391.40 -7913.38
-14770.83 -7913.38
-14833.58 -7913.38
-14128.97 -7913.38
-14818.26 -7913.38
-14398.21 -7913.38
-14429.01 -7913.38
-14270.58 -7913.38
-15000.86 -7913.38
-14687.38 -7913.38
-14613.71 -7913.38
-14716.89 -7913.38
-14735.97 -7913.38
-14658.86 -7913.38
-14581.24 -7913.38
-14623.59 -7913.38
-14801.01 -7913.38
-14260.95 -7913.38
-14622.88 -7913.38
-14523.80 -7913.38
-14866.31 -7913.38
-14393.87 -7913.38
-14391.60 -7913.38
-14246.12 -7913.38
-14818.87 -7913.38
-14731.98 -7913.38
-14833.60 -7913.38
-14122.72 -7913.38
-14518.02 -7913.38
-14601.87 -7913.38
-14394.95 -7913.38
-14528.80 -7913.38
-14700.04 -7913.38
-14487.87 -7913.38
-14659.01 -7913.38
-14418.29 -7913.38
-15037.38 -7913.38
-15345.38 -7913.38
-14537.03 -7913.38
-14406.33 -7913.38
-14105.32 -7913.38
-14667.21 -7913.38
-14358.08 -7913.38
-14858.36 -7913.38
-14477.48 -7913.38
-14730.35 -7913.38
-14444.18 -7913.38
-14703.83 -7913.38
-14639.72 -7913.38
-14738.30 -7913.38
-14413.73 -7913.38
-14481.23 -7913.38
-14456.50 -7913.38
-14706.81 -7913.38
-14691.27 -7913.38
-14445.49 -7913.38
-14391.41 -7913.38
-14754.03 -7913.38
-14397.49 -7913.38
-14556.22 -7913.38
-14498.40 -7913.38
-14837.85 -7913.38
-14545.11 -7913.38
-14653.60 -7913.38
-14530.63 -7913.38
-14624.24 -7913.38
-14899.35 -7913.38
-14521.33 -7913.38
-14506.88 -7913.38
-14611.04 -7913.38
-14489.81 -7913.38
-14339.31 -7913.38
-14257.77 -7913.38
-14167.95 -7913.38
-14477.71 -7913.38
-14597.90 -7913.38
-14770.01 -7913.38
-14234.56 -7913.38
-14531.10 -7913.38
-14836.97 -7913.38
-14901.65 -7913.38
-14092.18 -7913.38
-15032.18 -7913.38
-14396.35 -7913.38
-14698.92 -7913.38
-14587.54 -7913.38
-14869.14 -7913.38
-14336.59 -7913.38
-14835.60 -7913.38
-14660.30 -7913.38
-14389.31 -7913.38
-14546.32 -7913.38
-15046.46 -7913.38
-14674.81 -7913.38
-14194.02 -7913.38
-14514.80 -7913.38
-14750.91 -7913.38
-14681.85 -7913.38
-14636.08 -7913.38
-14541.10 -7913.38
-14797.22 -7913.38
-14675.52 -7913.38
-14808.85 -7913.38
-14404.51 -7913.38
-14934.37 -7913.38
-14509.12 -7913.38
-14415.10 -7913.38
-14300.42 -7913.38
-14554.38 -7913.38
-14582.17 -7913.38
-14590.99 -7913.38
-14544.25 -7913.38
-14399.38 -7913.38
-14870.45 -7913.38
-14445.17 -7913.38
-14867.22 -7913.38
-14390.83 -7913.38
-14461.81 -7913.38
-14870.34 -7913.38
-14776.74 -7913.38
-15011.52 -7913.38
-14734.45 -7913.38
-14699.61 -7913.38
-14744.17 -7913.38
-14895.60 -7913.38
-14436.85 -7913.38
-14486.79 -7913.38
-14509.62 -7913.38
-14844.87 -7913.38
-14773.65 -7913.38
-14755.73 -7913.38
-14392.58 -7913.38
-14626.55 -7913.38
-15095.45 -7913.38
-14490.89 -7913.38
-14582.34 -7913.38
-14773.22 -7913.38
-14992.00 -7913.38
-14734.88 -7913.38
-14873.11 -7913.38
-14506.93 -7913.38
-14553.17 -7913.38
-14126.34 -7913.38
-14952.13 -7913.38
-14190.01 -7913.38
-14771.10 -7913.38
-14395.02 -7913.38
-14556.39 -7913.38
-14416.52 -7913.38
-14772.25 -7913.38
-14804.79 -7913.38
-14402.08 -7913.38
-14499.12 -7913.38
-14777.14 -7913.38
-14400.08 -7913.38
-14834.69 -7913.38
-14931.51 -7913.38
-14994.18 -7913.38
-14104.43 -7913.38
-14726.63 -7913.38
-14539.97 -7913.38
-14745.25 -7913.38
-14480.65 -7913.38
-14453.50 -7913.38
-14136.72 -7913.38
-14341.08 -7913.38
-14876.69 -7913.38
-15045.64 -7913.38
-14524.99 -7913.38
-14258.68 -7913.38
-14698.03 -7913.38
-14488.28 -7913.38
-14671.27 -7913.38
-14581.76 -7913.38
-14552.69 -7913.38
-14833.56 -7913.38
-14391.26 -7913.38
-14507.69 -7913.38
-14213.35 -7913.38
-14691.55 -7913.38
-14660.42 -7913.38
-14616.55 -7913.38
-14619.13 -7913.38
-14066.86 -7913.38
-14383.28 -7913.38
-14360.08 -7913.38
-14727.06 -7913.38
-14450.05 -7913.38
-14412.66 -7913.38
-14563.05 -7913.38
-14577.22 -7913.38
-14636.47 -7913.38
-14692.63 -7913.38
-14258.78 -7913.38
-14547.49 -7913.38
-14609.63 -7913.38
-14687.13 -7913.38
-14054.89 -7913.38
-14819.48 -7913.38
-14507.92 -7913.38
-14265.84 -7913.38
-14527.03 -7913.38
-14720.37 -7913.38
-14428.76 -7913.38
-14395.65 -7913.38
-15100.24 -7913.38
-14584.41 -7913.38
-14403.44 -7913.38
-14752.64 -7913.38
-14974.70 -7913.38
-14654.28 -7913.38
-14635.08 -7913.38
-14689.27 -7913.38
-14402.59 -7913.38
-14674.08 -7913.38
-14386.48 -7913.38
-14290.24 -7913.38
-14553.14 -7913.38
-14528.89 -7913.38
-14291.21 -7913.38
-14729.04 -7913.38
-14775.86 -7913.38
-14661.93 -7913.38
-14545.86 -7913.38
-14397.26 -7913.38
-14740.13 -7913.38
-14781.66 -7913.38
-14541.15 -7913.38
-15165.17 -7913.38
-14951.56 -7913.38
-14697.60 -7913.38
-14622.29 -7913.38
-14716.09 -7913.38
-15031.09 -7913.38
-14769.37 -7913.38
-14692.47 -7913.38
-14833.67 -7913.38
-14284.29 -7913.38
-14843.95 -7913.38
-14545.81 -7913.38
-14519.22 -7913.38
-14428.05 -7913.38
-14329.78 -7913.38
-14739.79 -7913.38
-14803.86 -7913.38
-14484.30 -7913.38
-14745.30 -7913.38
-14602.37 -7913.38
-14870.37 -7913.38
-14746.74 -7913.38
-14525.70 -7913.38
-14864.45 -7913.38
-15019.54 -7913.38
-14692.99 -7913.38
-14686.13 -7913.38
-14478.05 -7913.38
-14480.56 -7913.38
-14515.67 -7913.38
-14806.72 -7913.38
-14564.69 -7913.38
-14781.09 -7913.38
-14458.86 -7913.38
-14710.78 -7913.38
-14518.51 -7913.38
-14454.09 -7913.38
-14610.62 -7913.38
-14559.28 -7913.38
-14675.86 -7913.38
-14731.07 -7913.38
-14992.30 -7913.38
-14337.74 -7913.38
-14719.67 -7913.38
-14549.47 -7913.38
-14785.52 -7913.38
-14533.98 -7913.38
-14393.81 -7913.38
-14340.03 -7913.38
-14575.95 -7913.38
-14844.33 -7913.38
-14775.60 -7913.38
-14641.63 -7913.38
-14800.87 -7913.38
-14482.72 -7913.38
-14271.73 -7913.38
-14528.01 -7913.38
-14255.66 -7913.38
-14736.63 -7913.38
-14551.51 -7913.38
-14683.15 -7913.38
-14836.59 -7913.38
-14533.07 -7913.38
-14488.64 -7913.38
-14257.94 -7913.38
-14557.55 -7913.38
-14684.29 -7913.38
-14410.79 -7913.38
-14655.59 -7913.38
-14513.37 -7913.38
-14394.79 -7913.38
-14950.77 -7913.38
-14479.55 -7913.38
-14610.93 -7913.38
-14642.16 -7913.38
-14590.86 -7913.38
-14715.52 -7913.38
-14530.57 -7913.38
-14600.69 -7913.38
-14043.67 -7913.38
-14481.58 -7913.38
-14842.39 -7913.38
-14395.01 -7913.38
-14662.60 -7913.38
-14535.42 -7913.38
-14949.50 -7913.38
-14337.37 -7913.38
-14491.79 -7913.38
-14543.97 -7913.38
-14389.18 -7913.38
-14678.65 -7913.38
-14687.66 -7913.38
-14669.67 -7913.38
-14943.17 -7913.38
-14741.32 -7913.38
-14454.20 -7913.38
-14393.90 -7913.38
-14137.84 -7913.38
-14626.23 -7913.38
-14805.16 -7913.38
-14360.36 -7913.38
-14699.56 -7913.38
-14626.09 -7913.38
-14720.64 -7913.38
-14961.69 -7913.38
-14394.84 -7913.38
-14738.20 -7913.38
-14265.45 -7913.38
-14774.66 -7913.38
-14960.45 -7913.38
-14490.69 -7913.38
-14663.00 -7913.38
-14686.03 -7913.38
-15040.31 -7913.38
-14355.57 -7913.38
-14686.85 -7913.38
-14773.09 -7913.38
-14660.97 -7913.38
-14392.29 -7913.38
-14770.70 -7913.38
-14533.67 -7913.38
-14862.70 -7913.38
-14693.80 -7913.38
-14368.77 -7913.38
-14608.48 -7913.38
-14488.11 -7913.38
-14488.63 -7913.38
-14672.94 -7913.38
-14664.82 -7913.38
-14395.56 -7913.38
-14590.32 -7913.38
-14390.13 -7913.38
-14940.90 -7913.38
-14779.18 -7913.38
-14176.72 -7913.38
-14492.68 -7913.38
-14483.04 -7913.38
-14679.35 -7913.38
-14621.79 -7913.38
-14616.99 -7913.38
-14456.09 -7913.38
-14535.14 -7913.38
-14523.07 -7913.38
-14642.10 -7913.38
-14741.53 -7913.38
-14806.89 -7913.38
-14604.22 -7913.38
-14497.94 -7913.38
-14622.78 -7913.38
-14777.02 -7913.38
-13967.35 -7913.38
-14346.56 -7913.38
-14544.71 -7913.38
-14594.36 -7913.38
-14746.85 -7913.38
-14865.95 -7913.38
-15033.00 -7913.38
-14583.17 -7913.38
-14683.00 -7913.38
-14645.83 -7913.38
-14542.68 -7913.38
-14516.30 -7913.38
-14693.36 -7913.38
-14872.15 -7913.38
-14732.59 -7913.38
-14488.44 -7913.38
-14701.83 -7913.38
-14801.34 -7913.38
-14394.29 -7913.38
-14246.39 -7913.38
-14861.72 -7913.38
-14412.37 -7913.38
-14753.75 -7913.38
-14629.84 -7913.38
-14687.26 -7913.38
-14335.06 -7913.38
-14399.62 -7913.38
-14344.80 -7913.38
-14722.64 -7913.38
-14837.73 -7913.38
-14548.04 -7913.38
-14490.69 -7913.38
-14489.52 -7913.38
-14770.61 -7913.38
-14456.62 -7913.38
-14747.32 -7913.38
-15039.80 -7913.38
-15039.69 -7913.38
-14684.47 -7913.38
-14312.01 -7913.38
-14802.82 -7913.38
-14392.23 -7913.38
-14949.44 -7913.38
-14337.09 -7913.38
-14519.47 -7913.38
-14948.82 -7913.38
-14667.32 -7913.38
-14165.97 -7913.38
-14892.70 -7913.38
-14497.98 -7913.38
-14746.55 -7913.38
-14634.69 -7913.38
-14638.01 -7913.38
-14510.09 -7913.38
-14482.80 -7913.38
-14526.56 -7913.38
-14536.75 -7913.38
-14481.94 -7913.38
-14399.31 -7913.38
-14129.93 -7913.38
-14547.31 -7913.38
-14497.91 -7913.38
-14298.60 -7913.38
-14397.13 -7913.38
-14723.39 -7913.38
-14968.93 -7913.38
-13858.31 -7913.38
-14395.05 -7913.38
-14723.47 -7913.38
-14658.84 -7913.38
-14490.24 -7913.38
-14600.39 -7913.38
-14691.91 -7913.38
-15170.00 -7913.38
-14508.58 -7913.38
-14258.59 -7913.38
-14498.12 -7913.38
-15000.25 -7913.38
-14393.19 -7913.38
-14458.57 -7913.38
-14189.09 -7913.38
-14708.78 -7913.38
-14604.82 -7913.38
-14587.40 -7913.38
-14801.48 -7913.38
-14753.69 -7913.38
-14416.84 -7913.38
-14752.97 -7913.38
-14615.33 -7913.38
-14682.98 -7913.38
-14862.53 -7913.38
-14090.79 -7913.38
-14739.13 -7913.38
-14589.13 -7913.38
-14593.58 -7913.38
-14712.30 -7913.38
-14605.40 -7913.38
-14846.08 -7913.38
-14697.58 -7913.38
-14992.26 -7913.38
-14640.35 -7913.38
-14818.36 -7913.38
-14608.66 -7913.38
-14514.48 -7913.38
-14832.34 -7913.38
-14187.79 -7913.38
-14867.52 -7913.38
-14799.01 -7913.38
-14775.89 -7913.38
-14438.45 -7913.38
-14638.35 -7913.38
-14780.86 -7913.38
-14772.11 -7913.38
-14718.55 -7913.38
-14770.47 -7913.38
-14484.02 -7913.38
-14615.74 -7913.38
-14333.08 -7913.38
-14394.19 -7913.38
-14434.62 -7913.38
-14742.36 -7913.38
-14578.74 -7913.38
-14794.24 -7913.38
-14093.10 -7913.38
-14691.65 -7913.38
-14991.63 -7913.38
-15003.43 -7913.38
-14491.67 -7913.38
-14711.79 -7913.38
-14129.17 -7913.38
-14689.50 -7913.38
-14129.10 -7913.38
-14498.41 -7913.38
-14637.05 -7913.38
-14407.64 -7913.38
-14283.18 -7913.38
-14394.74 -7913.38
-14479.18 -7913.38
-14738.41 -7913.38
-14486.14 -7913.38
-14808.69 -7913.38
-15037.16 -7913.38
-14755.82 -7913.38
-14771.15 -7913.38
-14740.35 -7913.38
-14740.34 -7913.38
-14688.93 -7913.38
-14457.94 -7913.38
-14551.90 -7913.38
-14638.00 -7913.38
-14414.01 -7913.38
-14999.96 -7913.38
-14558.28 -7913.38
-14552.78 -7913.38
-14533.21 -7913.38
-14682.00 -7913.38
-14677.50 -7913.38
-14873.32 -7913.38
-14634.27 -7913.38
-14443.98 -7913.38
-14797.67 -7913.38
-14428.38 -7913.38
-14799.22 -7913.38
-14494.95 -7913.38
-14486.07 -7913.38
-14410.42 -7913.38
-14723.08 -7913.38
-14680.03 -7913.38
-14610.63 -7913.38
-14615.64 -7913.38
-14545.50 -7913.38
-14257.53 -7913.38
-14687.22 -7913.38
-14640.17 -7913.38
-14743.75 -7913.38
-14454.69 -7913.38
-14519.26 -7913.38
-14558.40 -7913.38
-14527.17 -7913.38
-14592.88 -7913.38
-14537.15 -7913.38
-14583.74 -7913.38
-14563.05 -7913.38
-15000.54 -7913.38
-14434.46 -7913.38
-14577.81 -7913.38
-14871.38 -7913.38
-14830.28 -7913.38
-14491.46 -7913.38
-14041.61 -7913.38
-14444.25 -7913.38
-14719.85 -7913.38
-14291.89 -7913.38
-14554.41 -7913.38
-14206.74 -7913.38
-14756.04 -7913.38
-14778.86 -7913.38
-14714.15 -7913.38
-14605.39 -7913.38
-14460.87 -7913.38
-14393.90 -7913.38
-14939.26 -7913.38
-14773.38 -7913.38
-14626.83 -7913.38
-14689.86 -7913.38
-14608.76 -7913.38
-14642.76 -7913.38
-14593.40 -7913.38
-14776.98 -7913.38
-14391.66 -7913.38
-14751.54 -7913.38
-14738.38 -7913.38
-14775.76 -7913.38
-14392.03 -7913.38
-14489.05 -7913.38
-14504.93 -7913.38
-14526.30 -7913.38
-14858.12 -7913.38
-14782.06 -7913.38
-14602.37 -7913.38
-14511.96 -7913.38
-14488.76 -7913.38
-14431.71 -7913.38
-14755.58 -7913.38
-14416.56 -7913.38
-14772.71 -7913.38
-14727.14 -7913.38
-14614.79 -7913.38
-14722.83 -7913.38
-14781.59 -7913.38
-14718.99 -7913.38
-14189.62 -7913.38
-14395.98 -7913.38
-14487.71 -7913.38
-14478.27 -7913.38
-14868.70 -7913.38
-14656.21 -7913.38
-14494.46 -7913.38
-14667.08 -7913.38
-14677.95 -7913.38
-14744.81 -7913.38
-14405.36 -7913.38
-14577.14 -7913.38
-14795.54 -7913.38
-14770.18 -7913.38
-14487.35 -7913.38
-14481.36 -7913.38
-14639.80 -7913.38
-14394.25 -7913.38
-14615.05 -7913.38
-14818.94 -7913.38
-15018.34 -7913.38
-14683.02 -7913.38
-14690.88 -7913.38
-14838.50 -7913.38
-14772.94 -7913.38
-14404.44 -7913.38
-14576.24 -7913.38
-14440.01 -7913.38
-14871.23 -7913.38
-14528.29 -7913.38
-14603.25 -7913.38
-14834.18 -7913.38
-14670.71 -7913.38
-14668.39 -7913.38
-14949.51 -7913.38
-14837.24 -7913.38
-14767.65 -7913.38
-14699.50 -7913.38
-14448.84 -7913.38
-14105.88 -7913.38
-14632.98 -7913.38
-14412.25 -7913.38
-14893.76 -7913.38
-14345.25 -7913.38
-14684.61 -7913.38
-14135.56 -7913.38
-14743.61 -7913.38
-14675.30 -7913.38
-14951.36 -7913.38
-14734.01 -7913.38
-14696.57 -7913.38
-14422.12 -7913.38
-14668.91 -7913.38
-14417.89 -7913.38
-14341.02 -7913.38
-14212.66 -7913.38
-14681.49 -7913.38
-14479.87 -7913.38
-14866.68 -7913.38
-14212.67 -7913.38
-14739.77 -7913.38
-14711.13 -7913.38
-14639.31 -7913.38
-14506.27 -7913.38
-14775.72 -7913.38
-14617.78 -7913.38
-14517.71 -7913.38
-14518.12 -7913.38
-14400.98 -7913.38
-14659.08 -7913.38
-14490.19 -7913.38
-14716.53 -7913.38
-14689.30 -7913.38
-14393.27 -7913.38
-14840.63 -7913.38
-14612.07 -7913.38
-14537.69 -7913.38
-14393.23 -7913.38
-14264.46 -7913.38
-14427.68 -7913.38
-14835.99 -7913.38
-14456.38 -7913.38
-14766.13 -7913.38
-14372.35 -7913.38
-14741.58 -7913.38
-14412.46 -7913.38
-14399.56 -7913.38
-14780.45 -7913.38
-14935.26 -7913.38
-14576.25 -7913.38
-14630.31 -7913.38
-14769.28 -7913.38
-14128.42 -7913.38
-14396.97 -7913.38
-14752.63 -7913.38
-14774.31 -7913.38
-14258.91 -7913.38
-14487.46 -7913.38
-14259.79 -7913.38
-14869.77 -7913.38
-14392.19 -7913.38
-14090.67 -7913.38
-14775.53 -7913.38
-14551.16 -7913.38
-14551.93 -7913.38
-14448.78 -7913.38
-14351.88 -7913.38
-14671.73 -7913.38
-14345.67 -7913.38
-14555.24 -7913.38
-14460.49 -7913.38
-14897.15 -7913.38
-14519.71 -7913.38
-14705.99 -7913.38
-14530.86 -7913.38
-14750.63 -7913.38
-14747.19 -7913.38
-14484.77 -7913.38
-14408.39 -7913.38
-14445.07 -7913.38
-14220.70 -7913.38
-14623.27 -7913.38
-14901.13 -7913.38
-14347.41 -7913.38
-14349.08 -7913.38
-14500.30 -7913.38
-14778.79 -7913.38
-14639.25 -7913.38
-14645.27 -7913.38
-14679.76 -7913.38
-14588.07 -7913.38
-14561.27 -7913.38
-14749.58 -7913.38
-14861.76 -7913.38
-14195.23 -7913.38
-14559.56 -7913.38
-14771.54 -7913.38
-14491.59 -7913.38
-14741.66 -7913.38
-14543.80 -7913.38
-15035.00 -7913.38
-14702.43 -7913.38
-14522.26 -7913.38
-14402.03 -7913.38
-14809.59 -7913.38
-14536.73 -7913.38
-14495.34 -7913.38
-14652.77 -7913.38
-14562.89 -7913.38
-14559.61 -7913.38
-14560.93 -7913.38
-14101.88 -7913.38
-14602.24 -7913.38
-14555.16 -7913.38
-14338.49 -7913.38
-14489.66 -7913.38
-14652.88 -7913.38
-14734.40 -7913.38
-14655.45 -7913.38
-14028.68 -7913.38
-14543.90 -7913.38
-14862.66 -7913.38
-14344.36 -7913.38
-14411.69 -7913.38
-14774.47 -7913.38
-14992.75 -7913.38
-15027.89 -7913.38
-14475.61 -7913.38
-14549.33 -7913.38
-14630.25 -7913.38
-14257.66 -7913.38
-14817.42 -7913.38
-14769.44 -7913.38
-14532.88 -7913.38
-14202.89 -7913.38
-14620.49 -7913.38
-14402.99 -7913.38
-14288.92 -7913.38
-14499.42 -7913.38
-14664.59 -7913.38
-14779.23 -7913.38
-14383.26 -7913.38
-14966.32 -7913.38
-14279.08 -7913.38
-14480.44 -7913.38
-14724.85 -7913.38
-14679.69 -7913.38
-14647.14 -7913.38
-14634.04 -7913.38
-14743.70 -7913.38
-14581.40 -7913.38
-14214.52 -7913.38
-14742.50 -7913.38
-14333.51 -7913.38
-14286.25 -7913.38
-14476.12 -7913.38
-14585.86 -7913.38
-14513.85 -7913.38
-14869.40 -7913.38
-14651.55 -7913.38
-14749.90 -7913.38
-14186.37 -7913.38
-14529.86 -7913.38
-14404.97 -7913.38
-15006.83 -7913.38
-14901.83 -7913.38
-14712.76 -7913.38
-14751.37 -7913.38
-14454.91 -7913.38
