0.000000000000000000e+00 0.000000000000000000e+00 0.000000000000000000e+00 0.000000000000000000e+00
1.845188067695562983e+00 3.220811164307521736e-05 5.000000000000000000e-01 1.000000000000000000e+00
1.845188067695562983e+00 3.220811164307521736e-05 5.000000000000000000e-01 1.000000000000000000e+00
1.845188067695562983e+00 3.220811164307521736e-05 5.000000000000000000e-01 1.000000000000000000e+00
1.870822138958582848e+00 3.240562368710242351e-05 5.000000000000000000e-01 1.000000000000000000e+00
1.870822138958582848e+00 3.240562368710242351e-05 5.000000000000000000e-01 1.000000000000000000e+00
1.845135953425047770e+00 3.275355583534100032e-05 5.000000000000000000e-01 1.000000000000000000e+00
1.860497494845751998e+00 3.266763003680585244e-05 5.000000000000000000e-01 1.000000000000000000e+00
1.860497494845751998e+00 3.266763003680585244e-05 5.000000000000000000e-01 1.000000000000000000e+00
1.866307949525573440e+00 3.286550571904706109e-05 5.000000000000000000e-01 1.000000000000000000e+00
1.859220216098526279e+00 3.362666089758987564e-05 5.000000000000000000e-01 1.000000000000000000e+00
1.886134960478339728e+00 3.368179770037193523e-05 5.000000000000000000e-01 1.000000000000000000e+00
1.886134960478339728e+00 3.368179770037193523e-05 5.000000000000000000e-01 1.000000000000000000e+00
1.886134960478339728e+00 3.368179770037193523e-05 5.000000000000000000e-01 1.000000000000000000e+00
1.924863901159196589e+00 3.384021654343918021e-05 5.000000000000000000e-01 1.000000000000000000e+00
1.937385486248895505e+00 3.390065937472794511e-05 5.000000000000000000e-01 1.000000000000000000e+00
1.991587327894857040e+00 3.409199124946411878e-05 5.000000000000000000e-01 1.000000000000000000e+00
1.991587327894857040e+00 3.409199124946411878e-05 5.000000000000000000e-01 1.000000000000000000e+00
1.991587327894857040e+00 3.409199124946411878e-05 5.000000000000000000e-01 1.000000000000000000e+00
2.087447872053676878e+00 3.414103164103120264e-05 5.000000000000000000e-01 1.000000000000000000e+00
2.070768723008461265e+00 3.442654197535463588e-05 5.000000000000000000e-01 1.000000000000000000e+00
2.084505712906164376e+00 3.449601968398706197e-05 5.000000000000000000e-01 1.000000000000000000e+00
2.136663251418719600e+00 3.427463938228840409e-05 5.000000000000000000e-01 1.000000000000000000e+00
2.136663251418719600e+00 3.427463938228840409e-05 5.000000000000000000e-01 1.000000000000000000e+00
2.136663251418719600e+00 3.427463938228840409e-05 5.000000000000000000e-01 1.000000000000000000e+00
2.117352972261045796e+00 3.498638123674390187e-05 5.000000000000000000e-01 1.000000000000000000e+00
2.117352972261045796e+00 3.498638123674390187e-05 5.000000000000000000e-01 1.000000000000000000e+00
2.117352972261045796e+00 3.498638123674390187e-05 5.000000000000000000e-01 1.000000000000000000e+00
2.152676676069513739e+00 3.480011996482461952e-05 5.000000000000000000e-01 1.000000000000000000e+00
2.205137128060820739e+00 3.466559276630946771e-05 5.000000000000000000e-01 1.000000000000000000e+00
2.205137128060820739e+00 3.466559276630946771e-05 5.000000000000000000e-01 1.000000000000000000e+00
2.199861190116890963e+00 3.489588792868853292e-05 5.000000000000000000e-01 1.000000000000000000e+00
2.199861190116890963e+00 3.489588792868853292e-05 5.000000000000000000e-01 1.000000000000000000e+00
2.199861190116890963e+00 3.489588792868853292e-05 5.000000000000000000e-01 1.000000000000000000e+00
2.199861190116890963e+00 3.489588792868853292e-05 5.000000000000000000e-01 1.000000000000000000e+00
2.199861190116890963e+00 3.489588792868853292e-05 5.000000000000000000e-01 1.000000000000000000e+00
2.205701096323262167e+00 3.496946243651826732e-05 5.000000000000000000e-01 1.000000000000000000e+00
2.240945442103490670e+00 3.566111170763592187e-05 5.000000000000000000e-01 1.000000000000000000e+00
2.240945442103490670e+00 3.566111170763592187e-05 5.000000000000000000e-01 1.000000000000000000e+00
2.239254128018596468e+00 3.564658739210457828e-05 5.000000000000000000e-01 1.000000000000000000e+00
2.274409835334217256e+00 3.579978016034345988e-05 5.000000000000000000e-01 1.000000000000000000e+00
2.265075484172439868e+00 3.588550440894679356e-05 5.000000000000000000e-01 1.000000000000000000e+00
2.265075484172439868e+00 3.588550440894679356e-05 5.000000000000000000e-01 1.000000000000000000e+00
2.265075484172439868e+00 3.588550440894679356e-05 5.000000000000000000e-01 1.000000000000000000e+00
2.265075484172439868e+00 3.588550440894679356e-05 5.000000000000000000e-01 1.000000000000000000e+00
2.318568560745818630e+00 3.615046155550508334e-05 5.000000000000000000e-01 1.000000000000000000e+00
2.318568560745818630e+00 3.615046155550508334e-05 5.000000000000000000e-01 1.000000000000000000e+00
2.281704976957008579e+00 3.653925902212858546e-05 5.000000000000000000e-01 1.000000000000000000e+00
2.303668974959165006e+00 3.646751358287017618e-05 5.000000000000000000e-01 1.000000000000000000e+00
2.337878232446300331e+00 3.699794538374397048e-05 5.000000000000000000e-01 1.000000000000000000e+00
2.387484051271311802e+00 3.681423362003408145e-05 5.000000000000000000e-01 1.000000000000000000e+00
2.419646476276652081e+00 3.689045976358413858e-05 5.000000000000000000e-01 1.000000000000000000e+00
2.470472608975226247e+00 3.652979925994298104e-05 5.000000000000000000e-01 1.000000000000000000e+00
2.497897036507899404e+00 3.707925678657915093e-05 5.000000000000000000e-01 1.000000000000000000e+00
2.497897036507899404e+00 3.707925678657915093e-05 5.000000000000000000e-01 1.000000000000000000e+00
2.497897036507899404e+00 3.707925678657915093e-05 5.000000000000000000e-01 1.000000000000000000e+00
2.475887492744869967e+00 3.777869870029989076e-05 5.000000000000000000e-01 1.000000000000000000e+00
2.450286836918520006e+00 3.809130074628103347e-05 5.000000000000000000e-01 1.000000000000000000e+00
2.436580371973285253e+00 3.839661053584239874e-05 5.000000000000000000e-01 1.000000000000000000e+00
2.436580371973285253e+00 3.839661053584239874e-05 5.000000000000000000e-01 1.000000000000000000e+00
2.436580371973285253e+00 3.839661053584239874e-05 5.000000000000000000e-01 1.000000000000000000e+00
2.445686075920313396e+00 3.921585911543076970e-05 5.000000000000000000e-01 1.000000000000000000e+00
2.445686075920313396e+00 3.921585911543076970e-05 5.000000000000000000e-01 1.000000000000000000e+00
2.445686075920313396e+00 3.921585911543076970e-05 5.000000000000000000e-01 1.000000000000000000e+00
2.463639591393320671e+00 3.915814630418822659e-05 5.000000000000000000e-01 1.000000000000000000e+00
2.504733213673645764e+00 3.871433334833088147e-05 5.000000000000000000e-01 1.000000000000000000e+00
2.483693403578393522e+00 3.865154442712995806e-05 5.000000000000000000e-01 1.000000000000000000e+00
2.483693403578393522e+00 3.865154442712995806e-05 5.000000000000000000e-01 1.000000000000000000e+00
2.513150557076805125e+00 3.824647074549856416e-05 5.000000000000000000e-01 1.000000000000000000e+00
2.504613329536358624e+00 3.860119311133140835e-05 5.000000000000000000e-01 1.000000000000000000e+00
2.504613329536358624e+00 3.860119311133140835e-05 5.000000000000000000e-01 1.000000000000000000e+00
2.498118338570078478e+00 3.876443263780850982e-05 5.000000000000000000e-01 1.000000000000000000e+00
2.483239918431264570e+00 3.876675236164444201e-05 5.000000000000000000e-01 1.000000000000000000e+00
2.507629215083813090e+00 3.860025118693345247e-05 5.000000000000000000e-01 1.000000000000000000e+00
2.507629215083813090e+00 3.860025118693345247e-05 5.000000000000000000e-01 1.000000000000000000e+00
2.525262011459224354e+00 3.856876589061697337e-05 5.000000000000000000e-01 1.000000000000000000e+00
2.520335117271462977e+00 3.869128049093453504e-05 5.000000000000000000e-01 1.000000000000000000e+00
2.520335117271462977e+00 3.869128049093453504e-05 5.000000000000000000e-01 1.000000000000000000e+00
2.520335117271462977e+00 3.869128049093453504e-05 5.000000000000000000e-01 1.000000000000000000e+00
2.520335117271462977e+00 3.869128049093453504e-05 5.000000000000000000e-01 1.000000000000000000e+00
2.547936987953597132e+00 3.848516356197862615e-05 5.000000000000000000e-01 1.000000000000000000e+00
2.547936987953597132e+00 3.848516356197862615e-05 5.000000000000000000e-01 1.000000000000000000e+00
2.547936987953597132e+00 3.848516356197862615e-05 5.000000000000000000e-01 1.000000000000000000e+00
2.558532582773212827e+00 3.848423949590131394e-05 5.000000000000000000e-01 1.000000000000000000e+00
2.518255095127339693e+00 3.853647586666543391e-05 5.000000000000000000e-01 1.000000000000000000e+00
2.518255095127339693e+00 3.853647586666543391e-05 5.000000000000000000e-01 1.000000000000000000e+00
2.518255095127339693e+00 3.853647586666543391e-05 5.000000000000000000e-01 1.000000000000000000e+00
2.518255095127339693e+00 3.853647586666543391e-05 5.000000000000000000e-01 1.000000000000000000e+00
2.518255095127339693e+00 3.853647586666543391e-05 5.000000000000000000e-01 1.000000000000000000e+00
2.518255095127339693e+00 3.853647586666543391e-05 5.000000000000000000e-01 1.000000000000000000e+00
2.502648845948087786e+00 3.882712291751586644e-05 5.000000000000000000e-01 1.000000000000000000e+00
2.484980938116637450e+00 3.873018064283015208e-05 5.000000000000000000e-01 1.000000000000000000e+00
2.521916380943226788e+00 3.865750759336343171e-05 5.000000000000000000e-01 1.000000000000000000e+00
2.521916380943226788e+00 3.865750759336343171e-05 5.000000000000000000e-01 1.000000000000000000e+00
2.529771835670605817e+00 3.869744617544663133e-05 5.000000000000000000e-01 1.000000000000000000e+00
2.529771835670605817e+00 3.869744617544663133e-05 5.000000000000000000e-01 1.000000000000000000e+00
2.495933907319376921e+00 3.894103193678773319e-05 5.000000000000000000e-01 1.000000000000000000e+00
2.456029430709368189e+00 3.886808780355971904e-05 5.000000000000000000e-01 1.000000000000000000e+00
2.430446275390021338e+00 3.913286446546743462e-05 5.000000000000000000e-01 1.000000000000000000e+00
2.408543956728326219e+00 3.886767588103619606e-05 5.000000000000000000e-01 1.000000000000000000e+00
2.408543956728326219e+00 3.886767588103619606e-05 5.000000000000000000e-01 1.000000000000000000e+00
2.437976302988126509e+00 3.888034829244110563e-05 5.000000000000000000e-01 1.000000000000000000e+00
1.869053144836602121e+00 3.217974946122299936e-05 5.000000000000000000e-01 1.000000000000000000e+00
1.869053144836602121e+00 3.217974946122299936e-05 5.000000000000000000e-01 1.000000000000000000e+00
1.880184946483030695e+00 3.280301153665375732e-05 5.000000000000000000e-01 1.000000000000000000e+00
1.902943109838843627e+00 3.333982518453517784e-05 5.000000000000000000e-01 1.000000000000000000e+00
1.902943109838843627e+00 3.333982518453517784e-05 5.000000000000000000e-01 1.000000000000000000e+00
1.902943109838843627e+00 3.333982518453517784e-05 5.000000000000000000e-01 1.000000000000000000e+00
1.902943109838843627e+00 3.333982518453517784e-05 5.000000000000000000e-01 1.000000000000000000e+00
1.928251457389965839e+00 3.324563890249380803e-05 5.000000000000000000e-01 1.000000000000000000e+00
1.934478109952830316e+00 3.388880531019154279e-05 5.000000000000000000e-01 1.000000000000000000e+00
1.952990590711900509e+00 3.381359647527595332e-05 5.000000000000000000e-01 1.000000000000000000e+00
2.009556931162406634e+00 3.369215487800214206e-05 5.000000000000000000e-01 1.000000000000000000e+00
2.009556931162406634e+00 3.369215487800214206e-05 5.000000000000000000e-01 1.000000000000000000e+00
2.009556931162406634e+00 3.369215487800214206e-05 5.000000000000000000e-01 1.000000000000000000e+00
2.019005496602270799e+00 3.396446229669269619e-05 5.000000000000000000e-01 1.000000000000000000e+00
2.019005496602270799e+00 3.396446229669269619e-05 5.000000000000000000e-01 1.000000000000000000e+00
2.019005496602270799e+00 3.396446229669269619e-05 5.000000000000000000e-01 1.000000000000000000e+00
2.007658193708838468e+00 3.465555189667640309e-05 5.000000000000000000e-01 1.000000000000000000e+00
2.007658193708838468e+00 3.465555189667640309e-05 5.000000000000000000e-01 1.000000000000000000e+00
2.007658193708838468e+00 3.465555189667640309e-05 5.000000000000000000e-01 1.000000000000000000e+00
2.026920027511517564e+00 3.514654749277901664e-05 5.000000000000000000e-01 1.000000000000000000e+00
2.026920027511517564e+00 3.514654749277901664e-05 5.000000000000000000e-01 1.000000000000000000e+00
2.026920027511517564e+00 3.514654749277901664e-05 5.000000000000000000e-01 1.000000000000000000e+00
2.026920027511517564e+00 3.514654749277901664e-05 5.000000000000000000e-01 1.000000000000000000e+00
2.024663990065987296e+00 3.562712631506340598e-05 5.000000000000000000e-01 1.000000000000000000e+00
2.024663990065987296e+00 3.562712631506340598e-05 5.000000000000000000e-01 1.000000000000000000e+00
2.024663990065987296e+00 3.562712631506340598e-05 5.000000000000000000e-01 1.000000000000000000e+00
2.024663990065987296e+00 3.562712631506340598e-05 5.000000000000000000e-01 1.000000000000000000e+00
2.011665285920620772e+00 3.667579448876162146e-05 5.000000000000000000e-01 1.000000000000000000e+00
1.990154102816519721e+00 3.686617236198754590e-05 5.000000000000000000e-01 1.000000000000000000e+00
1.990154102816519721e+00 3.686617236198754590e-05 5.000000000000000000e-01 1.000000000000000000e+00
1.990154102816519721e+00 3.686617236198754590e-05 5.000000000000000000e-01 1.000000000000000000e+00
1.958411663610495568e+00 3.720843429578177139e-05 5.000000000000000000e-01 1.000000000000000000e+00
1.958411663610495568e+00 3.720843429578177139e-05 5.000000000000000000e-01 1.000000000000000000e+00
1.973059371542194906e+00 3.755573989826591492e-05 5.000000000000000000e-01 1.000000000000000000e+00
1.978983152692485481e+00 3.800448523220218750e-05 5.000000000000000000e-01 1.000000000000000000e+00
1.978983152692485481e+00 3.800448523220218750e-05 5.000000000000000000e-01 1.000000000000000000e+00
1.978983152692485481e+00 3.800448523220218750e-05 5.000000000000000000e-01 1.000000000000000000e+00
1.978318572424313748e+00 3.848454479553919971e-05 5.000000000000000000e-01 1.000000000000000000e+00
1.978318572424313748e+00 3.848454479553919971e-05 5.000000000000000000e-01 1.000000000000000000e+00
1.978318572424313748e+00 3.848454479553919971e-05 5.000000000000000000e-01 1.000000000000000000e+00
1.978318572424313748e+00 3.848454479553919971e-05 5.000000000000000000e-01 1.000000000000000000e+00
1.978318572424313748e+00 3.848454479553919971e-05 5.000000000000000000e-01 1.000000000000000000e+00
1.978318572424313748e+00 3.848454479553919971e-05 5.000000000000000000e-01 1.000000000000000000e+00
1.991158722802650827e+00 3.856579064364246958e-05 5.000000000000000000e-01 1.000000000000000000e+00
1.957804229526161288e+00 3.910740716262850659e-05 5.000000000000000000e-01 1.000000000000000000e+00
1.957804229526161288e+00 3.910740716262850659e-05 5.000000000000000000e-01 1.000000000000000000e+00
1.935339081403229189e+00 3.953417419873543788e-05 5.000000000000000000e-01 1.000000000000000000e+00
1.935339081403229189e+00 3.953417419873543788e-05 5.000000000000000000e-01 1.000000000000000000e+00
1.935339081403229189e+00 3.953417419873543788e-05 5.000000000000000000e-01 1.000000000000000000e+00
1.935339081403229189e+00 3.953417419873543788e-05 5.000000000000000000e-01 1.000000000000000000e+00
1.934918083989828119e+00 4.001273450579523170e-05 5.000000000000000000e-01 1.000000000000000000e+00
1.955599072405821204e+00 4.000886479560769045e-05 5.000000000000000000e-01 1.000000000000000000e+00
1.939749988139848114e+00 4.061829175017954674e-05 5.000000000000000000e-01 1.000000000000000000e+00
1.937512956718409729e+00 4.094599276763397148e-05 5.000000000000000000e-01 1.000000000000000000e+00
1.981191066025241865e+00 4.153488983792473179e-05 5.000000000000000000e-01 1.000000000000000000e+00
2.001849893125739577e+00 4.199228772534054928e-05 5.000000000000000000e-01 1.000000000000000000e+00
2.002881342457375258e+00 4.230386186595039131e-05 5.000000000000000000e-01 1.000000000000000000e+00
2.002881342457375258e+00 4.230386186595039131e-05 5.000000000000000000e-01 1.000000000000000000e+00
2.007179982123250106e+00 4.256226771238961364e-05 5.000000000000000000e-01 1.000000000000000000e+00
2.015457112594551070e+00 4.294751440656672771e-05 5.000000000000000000e-01 1.000000000000000000e+00
2.008625940663669063e+00 4.329211160935640538e-05 5.000000000000000000e-01 1.000000000000000000e+00
1.982441846657766904e+00 4.299958973408052505e-05 5.000000000000000000e-01 1.000000000000000000e+00
1.999478549424597906e+00 4.345710962509036473e-05 5.000000000000000000e-01 1.000000000000000000e+00
1.999478549424597906e+00 4.345710962509036473e-05 5.000000000000000000e-01 1.000000000000000000e+00
1.999478549424597906e+00 4.345710962509036473e-05 5.000000000000000000e-01 1.000000000000000000e+00
1.999478549424597906e+00 4.345710962509036473e-05 5.000000000000000000e-01 1.000000000000000000e+00
1.999478549424597906e+00 4.345710962509036473e-05 5.000000000000000000e-01 1.000000000000000000e+00
1.999478549424597906e+00 4.345710962509036473e-05 5.000000000000000000e-01 1.000000000000000000e+00
1.999478549424597906e+00 4.345710962509036473e-05 5.000000000000000000e-01 1.000000000000000000e+00
1.981076523726670535e+00 4.311420448160824178e-05 5.000000000000000000e-01 1.000000000000000000e+00
1.961117380521453679e+00 4.294724635740659587e-05 5.000000000000000000e-01 1.000000000000000000e+00
1.961117380521453679e+00 4.294724635740659587e-05 5.000000000000000000e-01 1.000000000000000000e+00
1.961117380521453679e+00 4.294724635740659587e-05 5.000000000000000000e-01 1.000000000000000000e+00
1.961117380521453679e+00 4.294724635740659587e-05 5.000000000000000000e-01 1.000000000000000000e+00
2.011705106295420986e+00 4.262558439243578905e-05 5.000000000000000000e-01 1.000000000000000000e+00
2.011705106295420986e+00 4.262558439243578905e-05 5.000000000000000000e-01 1.000000000000000000e+00
2.011705106295420986e+00 4.262558439243578905e-05 5.000000000000000000e-01 1.000000000000000000e+00
2.028942597104330225e+00 4.281479347247569249e-05 5.000000000000000000e-01 1.000000000000000000e+00
2.003035556733523403e+00 4.271982259520657312e-05 5.000000000000000000e-01 1.000000000000000000e+00
2.023200680808613594e+00 4.308102472337819398e-05 5.000000000000000000e-01 1.000000000000000000e+00
1.999044820947600165e+00 4.312315920450952731e-05 5.000000000000000000e-01 1.000000000000000000e+00
1.999044820947600165e+00 4.312315920450952731e-05 5.000000000000000000e-01 1.000000000000000000e+00
1.999044820947600165e+00 4.312315920450952731e-05 5.000000000000000000e-01 1.000000000000000000e+00
2.030867908491281515e+00 4.318047884284873070e-05 5.000000000000000000e-01 1.000000000000000000e+00
2.043037353624658437e+00 4.256751770364460290e-05 5.000000000000000000e-01 1.000000000000000000e+00
2.023598850023428763e+00 4.284144364874180631e-05 5.000000000000000000e-01 1.000000000000000000e+00
1.978562209649465053e+00 4.358941393309480355e-05 5.000000000000000000e-01 1.000000000000000000e+00
1.978562209649465053e+00 4.358941393309480355e-05 5.000000000000000000e-01 1.000000000000000000e+00
1.978562209649465053e+00 4.358941393309480355e-05 5.000000000000000000e-01 1.000000000000000000e+00
2.019648580222356493e+00 4.321512937703079555e-05 5.000000000000000000e-01 1.000000000000000000e+00
2.019009143207590284e+00 4.299006738519093310e-05 5.000000000000000000e-01 1.000000000000000000e+00
2.019009143207590284e+00 4.299006738519093310e-05 5.000000000000000000e-01 1.000000000000000000e+00
2.019009143207590284e+00 4.299006738519093310e-05 5.000000000000000000e-01 1.000000000000000000e+00
1.976428791852158806e+00 4.315885453319092161e-05 5.000000000000000000e-01 1.000000000000000000e+00
2.013335104722727920e+00 4.327491123151207996e-05 5.000000000000000000e-01 1.000000000000000000e+00
2.013335104722727920e+00 4.327491123151207996e-05 5.000000000000000000e-01 1.000000000000000000e+00
2.020767885756307614e+00 4.284259731317503712e-05 5.000000000000000000e-01 1.000000000000000000e+00
2.020767885756307614e+00 4.284259731317503712e-05 5.000000000000000000e-01 1.000000000000000000e+00
2.020767885756307614e+00 4.284259731317503712e-05 5.000000000000000000e-01 1.000000000000000000e+00
2.024605854013501460e+00 4.309232513322863571e-05 5.000000000000000000e-01 1.000000000000000000e+00
1.857757081109025821e+00 3.261629613434932265e-05 5.000000000000000000e-01 1.000000000000000000e+00
1.885368381244003189e+00 3.266180172039858309e-05 5.000000000000000000e-01 1.000000000000000000e+00
1.885368381244003189e+00 3.266180172039858309e-05 5.000000000000000000e-01 1.000000000000000000e+00
1.885368381244003189e+00 3.266180172039858309e-05 5.000000000000000000e-01 1.000000000000000000e+00
1.907525592452633756e+00 3.262032574410153580e-05 5.000000000000000000e-01 1.000000000000000000e+00
1.895744864206249103e+00 3.279330891554139060e-05 5.000000000000000000e-01 1.000000000000000000e+00
1.924538124243278192e+00 3.264355330542998931e-05 5.000000000000000000e-01 1.000000000000000000e+00
1.959213973967794287e+00 3.282179384256793734e-05 5.000000000000000000e-01 1.000000000000000000e+00
1.978618381128181003e+00 3.285868151815386464e-05 5.000000000000000000e-01 1.000000000000000000e+00
2.034611393797213452e+00 3.238670660369821920e-05 5.000000000000000000e-01 1.000000000000000000e+00
2.034611393797213452e+00 3.238670660369821920e-05 5.000000000000000000e-01 1.000000000000000000e+00
2.018314202577579763e+00 3.268336873759313812e-05 5.000000000000000000e-01 1.000000000000000000e+00
2.036317591768226798e+00 3.267108318993221011e-05 5.000000000000000000e-01 1.000000000000000000e+00
2.036317591768226798e+00 3.267108318993221011e-05 5.000000000000000000e-01 1.000000000000000000e+00
2.038071197240041155e+00 3.279015865854563455e-05 5.000000000000000000e-01 1.000000000000000000e+00
2.030469982687774344e+00 3.311215349597448676e-05 5.000000000000000000e-01 1.000000000000000000e+00
2.019292016408315682e+00 3.327051015448203160e-05 5.000000000000000000e-01 1.000000000000000000e+00
2.019292016408315682e+00 3.327051015448203160e-05 5.000000000000000000e-01 1.000000000000000000e+00
2.019292016408315682e+00 3.327051015448203160e-05 5.000000000000000000e-01 1.000000000000000000e+00
2.027836848916859225e+00 3.339557840987463096e-05 5.000000000000000000e-01 1.000000000000000000e+00
2.033707458488549058e+00 3.338006645297909451e-05 5.000000000000000000e-01 1.000000000000000000e+00
2.058547945618290242e+00 3.332685272972695092e-05 5.000000000000000000e-01 1.000000000000000000e+00
2.058547945618290242e+00 3.332685272972695092e-05 5.000000000000000000e-01 1.000000000000000000e+00
2.073887365767566493e+00 3.433029220050565862e-05 5.000000000000000000e-01 1.000000000000000000e+00
2.075059536692256401e+00 3.541150906266379150e-05 5.000000000000000000e-01 1.000000000000000000e+00
2.075059536692256401e+00 3.541150906266379150e-05 5.000000000000000000e-01 1.000000000000000000e+00
2.074847235981604143e+00 3.555140897461221125e-05 5.000000000000000000e-01 1.000000000000000000e+00
2.091470716537303876e+00 3.568098586706363494e-05 5.000000000000000000e-01 1.000000000000000000e+00
2.091470716537303876e+00 3.568098586706363494e-05 5.000000000000000000e-01 1.000000000000000000e+00
2.122028068703462278e+00 3.582848925770850789e-05 5.000000000000000000e-01 1.000000000000000000e+00
2.171495703908829178e+00 3.555817829962333034e-05 5.000000000000000000e-01 1.000000000000000000e+00
2.168278197074392288e+00 3.580668754315447167e-05 5.000000000000000000e-01 1.000000000000000000e+00
2.192928446412385934e+00 3.565285368503796069e-05 5.000000000000000000e-01 1.000000000000000000e+00
2.237858298227911824e+00 3.548708814035987977e-05 5.000000000000000000e-01 1.000000000000000000e+00
2.237858298227911824e+00 3.548708814035987977e-05 5.000000000000000000e-01 1.000000000000000000e+00
2.237858298227911824e+00 3.548708814035987977e-05 5.000000000000000000e-01 1.000000000000000000e+00
2.280284326016321028e+00 3.543605636556841274e-05 5.000000000000000000e-01 1.000000000000000000e+00
2.280284326016321028e+00 3.543605636556841274e-05 5.000000000000000000e-01 1.000000000000000000e+00
2.290071383915981862e+00 3.615498611497301013e-05 5.000000000000000000e-01 1.000000000000000000e+00
2.290071383915981862e+00 3.615498611497301013e-05 5.000000000000000000e-01 1.000000000000000000e+00
2.210534678558584432e+00 3.682660635867531597e-05 5.000000000000000000e-01 1.000000000000000000e+00
2.210534678558584432e+00 3.682660635867531597e-05 5.000000000000000000e-01 1.000000000000000000e+00
2.183190789163347301e+00 3.709564499888006063e-05 5.000000000000000000e-01 1.000000000000000000e+00
2.193980672042750157e+00 3.757449670484414191e-05 5.000000000000000000e-01 1.000000000000000000e+00
2.179247208003544323e+00 3.767010081693584431e-05 5.000000000000000000e-01 1.000000000000000000e+00
2.196011591087959403e+00 3.783459366259275569e-05 5.000000000000000000e-01 1.000000000000000000e+00
2.185078872200710176e+00 3.814732953587212028e-05 5.000000000000000000e-01 1.000000000000000000e+00
2.185078872200710176e+00 3.814732953587212028e-05 5.000000000000000000e-01 1.000000000000000000e+00
2.185078872200710176e+00 3.814732953587212028e-05 5.000000000000000000e-01 1.000000000000000000e+00
2.185078872200710176e+00 3.814732953587212028e-05 5.000000000000000000e-01 1.000000000000000000e+00
2.185078872200710176e+00 3.814732953587212028e-05 5.000000000000000000e-01 1.000000000000000000e+00
2.200185538579135347e+00 3.842069162011020335e-05 5.000000000000000000e-01 1.000000000000000000e+00
2.183782052191749035e+00 3.889111690514446404e-05 5.000000000000000000e-01 1.000000000000000000e+00
2.195645827976397957e+00 3.881147280940057723e-05 5.000000000000000000e-01 1.000000000000000000e+00
2.195645827976397957e+00 3.881147280940057723e-05 5.000000000000000000e-01 1.000000000000000000e+00
2.232958158753188371e+00 3.850675322367540774e-05 5.000000000000000000e-01 1.000000000000000000e+00
2.242108467057959409e+00 3.855642309060228825e-05 5.000000000000000000e-01 1.000000000000000000e+00
2.248950733773299238e+00 3.874448457952821723e-05 5.000000000000000000e-01 1.000000000000000000e+00
2.248950733773299238e+00 3.874448457952821723e-05 5.000000000000000000e-01 1.000000000000000000e+00
2.301376709846981061e+00 3.859692894530048494e-05 5.000000000000000000e-01 1.000000000000000000e+00
2.301376709846981061e+00 3.859692894530048494e-05 5.000000000000000000e-01 1.000000000000000000e+00
2.305830943679386014e+00 3.857736553001857316e-05 5.000000000000000000e-01 1.000000000000000000e+00
2.305830943679386014e+00 3.857736553001857316e-05 5.000000000000000000e-01 1.000000000000000000e+00
2.305830943679386014e+00 3.857736553001857316e-05 5.000000000000000000e-01 1.000000000000000000e+00
2.305830943679386014e+00 3.857736553001857316e-05 5.000000000000000000e-01 1.000000000000000000e+00
2.305830943679386014e+00 3.857736553001857316e-05 5.000000000000000000e-01 1.000000000000000000e+00
2.305830943679386014e+00 3.857736553001857316e-05 5.000000000000000000e-01 1.000000000000000000e+00
2.305830943679386014e+00 3.857736553001857316e-05 5.000000000000000000e-01 1.000000000000000000e+00
2.292792484572980793e+00 3.929076880252586440e-05 5.000000000000000000e-01 1.000000000000000000e+00
2.308694131530032667e+00 3.924693177881859564e-05 5.000000000000000000e-01 1.000000000000000000e+00
2.275465696088765810e+00 3.952750645933737533e-05 5.000000000000000000e-01 1.000000000000000000e+00
2.275465696088765810e+00 3.952750645933737533e-05 5.000000000000000000e-01 1.000000000000000000e+00
2.273601895463847278e+00 4.016358588241959358e-05 5.000000000000000000e-01 1.000000000000000000e+00
2.273601895463847278e+00 4.016358588241959358e-05 5.000000000000000000e-01 1.000000000000000000e+00
2.273601895463847278e+00 4.016358588241959358e-05 5.000000000000000000e-01 1.000000000000000000e+00
2.280312926476160573e+00 4.048232075229927645e-05 5.000000000000000000e-01 1.000000000000000000e+00
2.280312926476160573e+00 4.048232075229927645e-05 5.000000000000000000e-01 1.000000000000000000e+00
2.255941268392807064e+00 4.042931617514897792e-05 5.000000000000000000e-01 1.000000000000000000e+00
2.255941268392807064e+00 4.042931617514897792e-05 5.000000000000000000e-01 1.000000000000000000e+00
2.255941268392807064e+00 4.042931617514897792e-05 5.000000000000000000e-01 1.000000000000000000e+00
2.269977157717440353e+00 4.055136975735158019e-05 5.000000000000000000e-01 1.000000000000000000e+00
2.305045206378867562e+00 4.039059540867972136e-05 5.000000000000000000e-01 1.000000000000000000e+00
2.305045206378867562e+00 4.039059540867972136e-05 5.000000000000000000e-01 1.000000000000000000e+00
2.316476231881393844e+00 4.030533285169913253e-05 5.000000000000000000e-01 1.000000000000000000e+00
2.331359902846472210e+00 3.997308529094170665e-05 5.000000000000000000e-01 1.000000000000000000e+00
2.350121670448922284e+00 3.968585779594907597e-05 5.000000000000000000e-01 1.000000000000000000e+00
2.374262703959983956e+00 3.972205847044763731e-05 5.000000000000000000e-01 1.000000000000000000e+00
2.401290537887251997e+00 3.962886067387522826e-05 5.000000000000000000e-01 1.000000000000000000e+00
2.401290537887251997e+00 3.962886067387522826e-05 5.000000000000000000e-01 1.000000000000000000e+00
2.401290537887251997e+00 3.962886067387522826e-05 5.000000000000000000e-01 1.000000000000000000e+00
2.401290537887251997e+00 3.962886067387522826e-05 5.000000000000000000e-01 1.000000000000000000e+00
2.405226191071232034e+00 3.943923331391534036e-05 5.000000000000000000e-01 1.000000000000000000e+00
2.403531000011522867e+00 3.926284763840207954e-05 5.000000000000000000e-01 1.000000000000000000e+00
2.403531000011522867e+00 3.926284763840207954e-05 5.000000000000000000e-01 1.000000000000000000e+00
2.436846707829726899e+00 3.908422652857659120e-05 5.000000000000000000e-01 1.000000000000000000e+00
2.436846707829726899e+00 3.908422652857659120e-05 5.000000000000000000e-01 1.000000000000000000e+00
2.436846707829726899e+00 3.908422652857659120e-05 5.000000000000000000e-01 1.000000000000000000e+00
2.432266797968151817e+00 3.904957465290027533e-05 5.000000000000000000e-01 1.000000000000000000e+00
2.432266797968151817e+00 3.904957465290027533e-05 5.000000000000000000e-01 1.000000000000000000e+00
2.381670759200558152e+00 3.884552084880908799e-05 5.000000000000000000e-01 1.000000000000000000e+00
2.381670759200558152e+00 3.884552084880908799e-05 5.000000000000000000e-01 1.000000000000000000e+00
1.854480669046244978e+00 3.258762525203133433e-05 5.000000000000000000e-01 1.000000000000000000e+00
1.854480669046244978e+00 3.258762525203133433e-05 5.000000000000000000e-01 1.000000000000000000e+00
1.854480669046244978e+00 3.258762525203133433e-05 5.000000000000000000e-01 1.000000000000000000e+00
1.872440868468503883e+00 3.270081185225261547e-05 5.000000000000000000e-01 1.000000000000000000e+00
1.873544851483239349e+00 3.294847574240565173e-05 5.000000000000000000e-01 1.000000000000000000e+00
1.873544851483239349e+00 3.294847574240565173e-05 5.000000000000000000e-01 1.000000000000000000e+00
1.889597109399087982e+00 3.322710698470454150e-05 5.000000000000000000e-01 1.000000000000000000e+00
1.889597109399087982e+00 3.322710698470454150e-05 5.000000000000000000e-01 1.000000000000000000e+00
1.942239107710366675e+00 3.318436889833638380e-05 5.000000000000000000e-01 1.000000000000000000e+00
1.942239107710366675e+00 3.318436889833638380e-05 5.000000000000000000e-01 1.000000000000000000e+00
1.942239107710366675e+00 3.318436889833638380e-05 5.000000000000000000e-01 1.000000000000000000e+00
1.962989042387198513e+00 3.334487418425045093e-05 5.000000000000000000e-01 1.000000000000000000e+00
1.964906186965954316e+00 3.349182392736252265e-05 5.000000000000000000e-01 1.000000000000000000e+00
1.964906186965954316e+00 3.349182392736252265e-05 5.000000000000000000e-01 1.000000000000000000e+00
1.964906186965954316e+00 3.349182392736252265e-05 5.000000000000000000e-01 1.000000000000000000e+00
1.988786577504665587e+00 3.353529195187308757e-05 5.000000000000000000e-01 1.000000000000000000e+00
1.973423042109720749e+00 3.373806068705828516e-05 5.000000000000000000e-01 1.000000000000000000e+00
1.973423042109720749e+00 3.373806068705828516e-05 5.000000000000000000e-01 1.000000000000000000e+00
1.966047990826298886e+00 3.386259558902191696e-05 5.000000000000000000e-01 1.000000000000000000e+00
1.947602642894686875e+00 3.425003009803102724e-05 5.000000000000000000e-01 1.000000000000000000e+00
1.982195740288661190e+00 3.435426009455751472e-05 5.000000000000000000e-01 1.000000000000000000e+00
1.982195740288661190e+00 3.435426009455751472e-05 5.000000000000000000e-01 1.000000000000000000e+00
2.039095102701681927e+00 3.461105900845308985e-05 5.000000000000000000e-01 1.000000000000000000e+00
2.010017846491784610e+00 3.496535842645027807e-05 5.000000000000000000e-01 1.000000000000000000e+00
2.002371442489126352e+00 3.567947003678217612e-05 5.000000000000000000e-01 1.000000000000000000e+00
2.002371442489126352e+00 3.567947003678217612e-05 5.000000000000000000e-01 1.000000000000000000e+00
2.002371442489126352e+00 3.567947003678217612e-05 5.000000000000000000e-01 1.000000000000000000e+00
2.025762407156592726e+00 3.581758529734523734e-05 5.000000000000000000e-01 1.000000000000000000e+00
1.992198310882408618e+00 3.608579394915080587e-05 5.000000000000000000e-01 1.000000000000000000e+00
2.036790425724336995e+00 3.604006361963634723e-05 5.000000000000000000e-01 1.000000000000000000e+00
2.036790425724336995e+00 3.604006361963634723e-05 5.000000000000000000e-01 1.000000000000000000e+00
2.058516337441337551e+00 3.641441865722242925e-05 5.000000000000000000e-01 1.000000000000000000e+00
2.090966434702570265e+00 3.716153770067157075e-05 5.000000000000000000e-01 1.000000000000000000e+00
2.090966434702570265e+00 3.716153770067157075e-05 5.000000000000000000e-01 1.000000000000000000e+00
2.132377818987590601e+00 3.679733217184279350e-05 5.000000000000000000e-01 1.000000000000000000e+00
2.135307723171299799e+00 3.684188122655309545e-05 5.000000000000000000e-01 1.000000000000000000e+00
2.193851548237807592e+00 3.638675676861716620e-05 5.000000000000000000e-01 1.000000000000000000e+00
2.176192255183178048e+00 3.735202344868738622e-05 5.000000000000000000e-01 1.000000000000000000e+00
2.176192255183178048e+00 3.735202344868738622e-05 5.000000000000000000e-01 1.000000000000000000e+00
2.176192255183178048e+00 3.735202344868738622e-05 5.000000000000000000e-01 1.000000000000000000e+00
2.176192255183178048e+00 3.735202344868738622e-05 5.000000000000000000e-01 1.000000000000000000e+00
2.186316685784393865e+00 3.762135111018430019e-05 5.000000000000000000e-01 1.000000000000000000e+00
2.236422685445174086e+00 3.732515554819892039e-05 5.000000000000000000e-01 1.000000000000000000e+00
2.236422685445174086e+00 3.732515554819892039e-05 5.000000000000000000e-01 1.000000000000000000e+00
2.233841405797292179e+00 3.743374630910193930e-05 5.000000000000000000e-01 1.000000000000000000e+00
2.295957432891837513e+00 3.734177081757352769e-05 5.000000000000000000e-01 1.000000000000000000e+00
2.249171673539035687e+00 3.769932647407702678e-05 5.000000000000000000e-01 1.000000000000000000e+00
2.228143012032864245e+00 3.785495443347820798e-05 5.000000000000000000e-01 1.000000000000000000e+00
2.227332953265868554e+00 3.818763550779609179e-05 5.000000000000000000e-01 1.000000000000000000e+00
2.227522021393370633e+00 3.833304885297626410e-05 5.000000000000000000e-01 1.000000000000000000e+00
2.227522021393370633e+00 3.833304885297626410e-05 5.000000000000000000e-01 1.000000000000000000e+00
2.227522021393370633e+00 3.833304885297626410e-05 5.000000000000000000e-01 1.000000000000000000e+00
2.227522021393370633e+00 3.833304885297626410e-05 5.000000000000000000e-01 1.000000000000000000e+00
2.227522021393370633e+00 3.833304885297626410e-05 5.000000000000000000e-01 1.000000000000000000e+00
2.191625052199372536e+00 3.862417677610743925e-05 5.000000000000000000e-01 1.000000000000000000e+00
2.216964368052691370e+00 3.873374206235243955e-05 5.000000000000000000e-01 1.000000000000000000e+00
2.244628932500943197e+00 3.899787420588916279e-05 5.000000000000000000e-01 1.000000000000000000e+00
2.244628932500943197e+00 3.899787420588916279e-05 5.000000000000000000e-01 1.000000000000000000e+00
2.244628932500943197e+00 3.899787420588916279e-05 5.000000000000000000e-01 1.000000000000000000e+00
2.244628932500943197e+00 3.899787420588916279e-05 5.000000000000000000e-01 1.000000000000000000e+00
2.259595023754445542e+00 3.909855252908187208e-05 5.000000000000000000e-01 1.000000000000000000e+00
2.284158153974581662e+00 3.942947031916498637e-05 5.000000000000000000e-01 1.000000000000000000e+00
2.298972235662721797e+00 3.918661285908345596e-05 5.000000000000000000e-01 1.000000000000000000e+00
2.246278064387264628e+00 3.980394968354064090e-05 5.000000000000000000e-01 1.000000000000000000e+00
2.298268191093385759e+00 4.060412872768271478e-05 5.000000000000000000e-01 1.000000000000000000e+00
2.298268191093385759e+00 4.060412872768271478e-05 5.000000000000000000e-01 1.000000000000000000e+00
2.298268191093385759e+00 4.060412872768271478e-05 5.000000000000000000e-01 1.000000000000000000e+00
2.298268191093385759e+00 4.060412872768271478e-05 5.000000000000000000e-01 1.000000000000000000e+00
2.306346460317133307e+00 4.050286135736872454e-05 5.000000000000000000e-01 1.000000000000000000e+00
2.305094292177594983e+00 4.004814305633669456e-05 5.000000000000000000e-01 1.000000000000000000e+00
2.305094292177594983e+00 4.004814305633669456e-05 5.000000000000000000e-01 1.000000000000000000e+00
2.288897231043021563e+00 4.018968297005175351e-05 5.000000000000000000e-01 1.000000000000000000e+00
2.336752133448096291e+00 3.998455553135949576e-05 5.000000000000000000e-01 1.000000000000000000e+00
2.340364572443029090e+00 3.974626935379571227e-05 5.000000000000000000e-01 1.000000000000000000e+00
2.340364572443029090e+00 3.974626935379571227e-05 5.000000000000000000e-01 1.000000000000000000e+00
2.340364572443029090e+00 3.974626935379571227e-05 5.000000000000000000e-01 1.000000000000000000e+00
2.363734528053700767e+00 3.958308460378739914e-05 5.000000000000000000e-01 1.000000000000000000e+00
2.358121944336888820e+00 3.977091628845602606e-05 5.000000000000000000e-01 1.000000000000000000e+00
2.325782278667806402e+00 4.002257042037220931e-05 5.000000000000000000e-01 1.000000000000000000e+00
2.353721365155711176e+00 3.941352119995633916e-05 5.000000000000000000e-01 1.000000000000000000e+00
2.379384180232066104e+00 3.974857197672541600e-05 5.000000000000000000e-01 1.000000000000000000e+00
2.379384180232066104e+00 3.974857197672541600e-05 5.000000000000000000e-01 1.000000000000000000e+00
2.358981333248366674e+00 3.974810360351117958e-05 5.000000000000000000e-01 1.000000000000000000e+00
2.358981333248366674e+00 3.974810360351117958e-05 5.000000000000000000e-01 1.000000000000000000e+00
2.358981333248366674e+00 3.974810360351117958e-05 5.000000000000000000e-01 1.000000000000000000e+00
2.358981333248366674e+00 3.974810360351117958e-05 5.000000000000000000e-01 1.000000000000000000e+00
2.306114957614597394e+00 4.050934428280780319e-05 5.000000000000000000e-01 1.000000000000000000e+00
2.306114957614597394e+00 4.050934428280780319e-05 5.000000000000000000e-01 1.000000000000000000e+00
2.306114957614597394e+00 4.050934428280780319e-05 5.000000000000000000e-01 1.000000000000000000e+00
2.306114957614597394e+00 4.050934428280780319e-05 5.000000000000000000e-01 1.000000000000000000e+00
2.239044655592387745e+00 4.033614414363184643e-05 5.000000000000000000e-01 1.000000000000000000e+00
2.239044655592387745e+00 4.033614414363184643e-05 5.000000000000000000e-01 1.000000000000000000e+00
2.239044655592387745e+00 4.033614414363184643e-05 5.000000000000000000e-01 1.000000000000000000e+00
2.225179467265729905e+00 4.073091839196904578e-05 5.000000000000000000e-01 1.000000000000000000e+00
2.248875940175771415e+00 4.103887018242218139e-05 5.000000000000000000e-01 1.000000000000000000e+00
2.244981345242113235e+00 4.045298839095186604e-05 5.000000000000000000e-01 1.000000000000000000e+00
2.340988078522462601e+00 4.014186952310236546e-05 5.000000000000000000e-01 1.000000000000000000e+00
2.319552398367468626e+00 3.997030249208370731e-05 5.000000000000000000e-01 1.000000000000000000e+00
2.319552398367468626e+00 3.997030249208370731e-05 5.000000000000000000e-01 1.000000000000000000e+00
1.851150277650137177e+00 3.226504591420671896e-05 5.000000000000000000e-01 1.000000000000000000e+00
1.851150277650137177e+00 3.226504591420671896e-05 5.000000000000000000e-01 1.000000000000000000e+00
1.850435609108197266e+00 3.289675053774833614e-05 5.000000000000000000e-01 1.000000000000000000e+00
1.829337403680899143e+00 3.358448348568905472e-05 5.000000000000000000e-01 1.000000000000000000e+00
1.846400862120490149e+00 3.414546069684417084e-05 5.000000000000000000e-01 1.000000000000000000e+00
1.846400862120490149e+00 3.414546069684417084e-05 5.000000000000000000e-01 1.000000000000000000e+00
1.862903688930511503e+00 3.500400019275186673e-05 5.000000000000000000e-01 1.000000000000000000e+00
1.862903688930511503e+00 3.500400019275186673e-05 5.000000000000000000e-01 1.000000000000000000e+00
1.862903688930511503e+00 3.500400019275186673e-05 5.000000000000000000e-01 1.000000000000000000e+00
1.913236410279607780e+00 3.497658475682770198e-05 5.000000000000000000e-01 1.000000000000000000e+00
1.905868107386808008e+00 3.570605849874753307e-05 5.000000000000000000e-01 1.000000000000000000e+00
1.939828728838389083e+00 3.548465156381838952e-05 5.000000000000000000e-01 1.000000000000000000e+00
1.943182612742957671e+00 3.543691986789897181e-05 5.000000000000000000e-01 1.000000000000000000e+00
1.987398131303961479e+00 3.575599250582381638e-05 5.000000000000000000e-01 1.000000000000000000e+00
2.040984637622790476e+00 3.596978901579466978e-05 5.000000000000000000e-01 1.000000000000000000e+00
2.077499897423868092e+00 3.566380320929181630e-05 5.000000000000000000e-01 1.000000000000000000e+00
2.067796393408828592e+00 3.621310732380345667e-05 5.000000000000000000e-01 1.000000000000000000e+00
2.110635401113685194e+00 3.609093849191136286e-05 5.000000000000000000e-01 1.000000000000000000e+00
2.108252019647800957e+00 3.639595712836749507e-05 5.000000000000000000e-01 1.000000000000000000e+00
2.114812060038027131e+00 3.662000495438697635e-05 5.000000000000000000e-01 1.000000000000000000e+00
2.114812060038027131e+00 3.662000495438697635e-05 5.000000000000000000e-01 1.000000000000000000e+00
2.122317607691339258e+00 3.687257111511273703e-05 5.000000000000000000e-01 1.000000000000000000e+00
2.144794545244021133e+00 3.663692588357976592e-05 5.000000000000000000e-01 1.000000000000000000e+00
2.144794545244021133e+00 3.663692588357976592e-05 5.000000000000000000e-01 1.000000000000000000e+00
2.126214556745406270e+00 3.700732064943944110e-05 5.000000000000000000e-01 1.000000000000000000e+00
2.126214556745406270e+00 3.700732064943944110e-05 5.000000000000000000e-01 1.000000000000000000e+00
2.186936649098725649e+00 3.700040796486052060e-05 5.000000000000000000e-01 1.000000000000000000e+00
2.188441718735662178e+00 3.700979393896076231e-05 5.000000000000000000e-01 1.000000000000000000e+00
2.218337474310702273e+00 3.701852761686088357e-05 5.000000000000000000e-01 1.000000000000000000e+00
2.188534774583178688e+00 3.741263464447312358e-05 5.000000000000000000e-01 1.000000000000000000e+00
2.224589793089104095e+00 3.720364953016870753e-05 5.000000000000000000e-01 1.000000000000000000e+00
2.224589793089104095e+00 3.720364953016870753e-05 5.000000000000000000e-01 1.000000000000000000e+00
2.224589793089104095e+00 3.720364953016870753e-05 5.000000000000000000e-01 1.000000000000000000e+00
2.264942558038908427e+00 3.748306862800644890e-05 5.000000000000000000e-01 1.000000000000000000e+00
2.264942558038908427e+00 3.748306862800644890e-05 5.000000000000000000e-01 1.000000000000000000e+00
2.288694169721229965e+00 3.786428383272915895e-05 5.000000000000000000e-01 1.000000000000000000e+00
2.294732382083055189e+00 3.795705583738320885e-05 5.000000000000000000e-01 1.000000000000000000e+00
2.294732382083055189e+00 3.795705583738320885e-05 5.000000000000000000e-01 1.000000000000000000e+00
2.294732382083055189e+00 3.795705583738320885e-05 5.000000000000000000e-01 1.000000000000000000e+00
2.294732382083055189e+00 3.795705583738320885e-05 5.000000000000000000e-01 1.000000000000000000e+00
2.294732382083055189e+00 3.795705583738320885e-05 5.000000000000000000e-01 1.000000000000000000e+00
2.294732382083055189e+00 3.795705583738320885e-05 5.000000000000000000e-01 1.000000000000000000e+00
2.294732382083055189e+00 3.795705583738320885e-05 5.000000000000000000e-01 1.000000000000000000e+00
2.294732382083055189e+00 3.795705583738320885e-05 5.000000000000000000e-01 1.000000000000000000e+00
2.307745435516614929e+00 3.806337088847581984e-05 5.000000000000000000e-01 1.000000000000000000e+00
2.353481729986623971e+00 3.850963709726304093e-05 5.000000000000000000e-01 1.000000000000000000e+00
2.353481729986623971e+00 3.850963709726304093e-05 5.000000000000000000e-01 1.000000000000000000e+00
2.353481729986623971e+00 3.850963709726304093e-05 5.000000000000000000e-01 1.000000000000000000e+00
2.359965986068631949e+00 3.925467609810234944e-05 5.000000000000000000e-01 1.000000000000000000e+00
2.404381682193717396e+00 3.891699532546413607e-05 5.000000000000000000e-01 1.000000000000000000e+00
2.457719466305618994e+00 3.911870347140218389e-05 5.000000000000000000e-01 1.000000000000000000e+00
2.457719466305618994e+00 3.911870347140218389e-05 5.000000000000000000e-01 1.000000000000000000e+00
2.457719466305618994e+00 3.911870347140218389e-05 5.000000000000000000e-01 1.000000000000000000e+00
2.457719466305618994e+00 3.911870347140218389e-05 5.000000000000000000e-01 1.000000000000000000e+00
2.457719466305618994e+00 3.911870347140218389e-05 5.000000000000000000e-01 1.000000000000000000e+00
2.457719466305618994e+00 3.911870347140218389e-05 5.000000000000000000e-01 1.000000000000000000e+00
2.456594742296983824e+00 3.879061220670340887e-05 5.000000000000000000e-01 1.000000000000000000e+00
2.437307186776920265e+00 3.876016597073033164e-05 5.000000000000000000e-01 1.000000000000000000e+00
2.437307186776920265e+00 3.876016597073033164e-05 5.000000000000000000e-01 1.000000000000000000e+00
2.409320892992898866e+00 3.903900604878720703e-05 5.000000000000000000e-01 1.000000000000000000e+00
2.359661323566475843e+00 3.935255952370213587e-05 5.000000000000000000e-01 1.000000000000000000e+00
2.328305905225715122e+00 3.989265474817060836e-05 5.000000000000000000e-01 1.000000000000000000e+00
2.342676216949270529e+00 4.016428395483638000e-05 5.000000000000000000e-01 1.000000000000000000e+00
2.326094482254842610e+00 4.005451102474344265e-05 5.000000000000000000e-01 1.000000000000000000e+00
2.326094482254842610e+00 4.005451102474344265e-05 5.000000000000000000e-01 1.000000000000000000e+00
2.326094482254842610e+00 4.005451102474344265e-05 5.000000000000000000e-01 1.000000000000000000e+00
2.281903659030646292e+00 4.011856182015570318e-05 5.000000000000000000e-01 1.000000000000000000e+00
2.281903659030646292e+00 4.011856182015570318e-05 5.000000000000000000e-01 1.000000000000000000e+00
2.281903659030646292e+00 4.011856182015570318e-05 5.000000000000000000e-01 1.000000000000000000e+00
2.272615636426299268e+00 4.028299130392831918e-05 5.000000000000000000e-01 1.000000000000000000e+00
2.272615636426299268e+00 4.028299130392831918e-05 5.000000000000000000e-01 1.000000000000000000e+00
2.284992285041839821e+00 4.012415737370924246e-05 5.000000000000000000e-01 1.000000000000000000e+00
2.284992285041839821e+00 4.012415737370924246e-05 5.000000000000000000e-01 1.000000000000000000e+00
2.284992285041839821e+00 4.012415737370924246e-05 5.000000000000000000e-01 1.000000000000000000e+00
2.284992285041839821e+00 4.012415737370924246e-05 5.000000000000000000e-01 1.000000000000000000e+00
2.247270661771631151e+00 4.032140914672441713e-05 5.000000000000000000e-01 1.000000000000000000e+00
2.235317576959687802e+00 4.038371978396259238e-05 5.000000000000000000e-01 1.000000000000000000e+00
2.227486368145984663e+00 4.013331651426640576e-05 5.000000000000000000e-01 1.000000000000000000e+00
2.244359800314434494e+00 4.007520913393930408e-05 5.000000000000000000e-01 1.000000000000000000e+00
2.244359800314434494e+00 4.007520913393930408e-05 5.000000000000000000e-01 1.000000000000000000e+00
2.286397575005186589e+00 3.962041827488064339e-05 5.000000000000000000e-01 1.000000000000000000e+00
2.328335298550219701e+00 3.965355322843766475e-05 5.000000000000000000e-01 1.000000000000000000e+00
2.328335298550219701e+00 3.965355322843766475e-05 5.000000000000000000e-01 1.000000000000000000e+00
2.328335298550219701e+00 3.965355322843766475e-05 5.000000000000000000e-01 1.000000000000000000e+00
2.356904804504593276e+00 3.964352759715448191e-05 5.000000000000000000e-01 1.000000000000000000e+00
2.356904804504593276e+00 3.964352759715448191e-05 5.000000000000000000e-01 1.000000000000000000e+00
2.346814553426055827e+00 3.948819477574969295e-05 5.000000000000000000e-01 1.000000000000000000e+00
2.346814553426055827e+00 3.948819477574969295e-05 5.000000000000000000e-01 1.000000000000000000e+00
2.346814553426055827e+00 3.948819477574969295e-05 5.000000000000000000e-01 1.000000000000000000e+00
2.331588922959481280e+00 3.984491255330106557e-05 5.000000000000000000e-01 1.000000000000000000e+00
2.331588922959481280e+00 3.984491255330106557e-05 5.000000000000000000e-01 1.000000000000000000e+00
2.324808566814081878e+00 4.003864344213041307e-05 5.000000000000000000e-01 1.000000000000000000e+00
2.313875385496043879e+00 4.045708801249796077e-05 5.000000000000000000e-01 1.000000000000000000e+00
2.313875385496043879e+00 4.045708801249796077e-05 5.000000000000000000e-01 1.000000000000000000e+00
2.311172904805644190e+00 3.998348207418591537e-05 5.000000000000000000e-01 1.000000000000000000e+00
2.311172904805644190e+00 3.998348207418591537e-05 5.000000000000000000e-01 1.000000000000000000e+00
2.311172904805644190e+00 3.998348207418591537e-05 5.000000000000000000e-01 1.000000000000000000e+00
2.311172904805644190e+00 3.998348207418591537e-05 5.000000000000000000e-01 1.000000000000000000e+00
