0.000000000000000000e+00 0.000000000000000000e+00 0.000000000000000000e+00 0.000000000000000000e+00
0.000000000000000000e+00 0.000000000000000000e+00 0.000000000000000000e+00 0.000000000000000000e+00
1.772124143495250603e+00 3.260822326750175310e-05 5.000000000000000000e-01 1.000000000000000000e+00
1.803721056544439261e+00 3.285565175715845251e-05 5.000000000000000000e-01 1.000000000000000000e+00
1.803721056544439261e+00 3.285565175715845251e-05 5.000000000000000000e-01 1.000000000000000000e+00
1.836429442363146869e+00 3.275036893777965588e-05 5.000000000000000000e-01 1.000000000000000000e+00
1.909487456291383500e+00 3.281103171290490692e-05 5.000000000000000000e-01 1.000000000000000000e+00
1.909487456291383500e+00 3.281103171290490692e-05 5.000000000000000000e-01 1.000000000000000000e+00
1.909487456291383500e+00 3.281103171290490692e-05 5.000000000000000000e-01 1.000000000000000000e+00
1.951563878298510746e+00 3.242391572960412878e-05 5.000000000000000000e-01 1.000000000000000000e+00
1.951563878298510746e+00 3.242391572960412878e-05 5.000000000000000000e-01 1.000000000000000000e+00
1.969952848118183608e+00 3.261490703668510287e-05 5.000000000000000000e-01 1.000000000000000000e+00
1.944065217299976833e+00 3.304935605118357387e-05 5.000000000000000000e-01 1.000000000000000000e+00
1.944065217299976833e+00 3.304935605118357387e-05 5.000000000000000000e-01 1.000000000000000000e+00
1.957318294472482956e+00 3.308286810387804758e-05 5.000000000000000000e-01 1.000000000000000000e+00
1.971802547438568531e+00 3.315456220228022143e-05 5.000000000000000000e-01 1.000000000000000000e+00
1.962081970733922986e+00 3.342600680243800891e-05 5.000000000000000000e-01 1.000000000000000000e+00
1.976387188843722775e+00 3.392716725469384809e-05 5.000000000000000000e-01 1.000000000000000000e+00
1.976387188843722775e+00 3.392716725469384809e-05 5.000000000000000000e-01 1.000000000000000000e+00
1.972087381422732433e+00 3.424294713558534209e-05 5.000000000000000000e-01 1.000000000000000000e+00
1.972087381422732433e+00 3.424294713558534209e-05 5.000000000000000000e-01 1.000000000000000000e+00
1.972087381422732433e+00 3.424294713558534209e-05 5.000000000000000000e-01 1.000000000000000000e+00
1.972087381422732433e+00 3.424294713558534209e-05 5.000000000000000000e-01 1.000000000000000000e+00
1.987794963872721477e+00 3.517309819340133702e-05 5.000000000000000000e-01 1.000000000000000000e+00
1.987794963872721477e+00 3.517309819340133702e-05 5.000000000000000000e-01 1.000000000000000000e+00
1.987794963872721477e+00 3.517309819340133702e-05 5.000000000000000000e-01 1.000000000000000000e+00
2.010743780908005984e+00 3.537088112077785718e-05 5.000000000000000000e-01 1.000000000000000000e+00
2.010743780908005984e+00 3.537088112077785718e-05 5.000000000000000000e-01 1.000000000000000000e+00
2.010743780908005984e+00 3.537088112077785718e-05 5.000000000000000000e-01 1.000000000000000000e+00
2.010743780908005984e+00 3.537088112077785718e-05 5.000000000000000000e-01 1.000000000000000000e+00
2.010743780908005984e+00 3.537088112077785718e-05 5.000000000000000000e-01 1.000000000000000000e+00
2.038890330980332344e+00 3.560159154815954377e-05 5.000000000000000000e-01 1.000000000000000000e+00
2.038890330980332344e+00 3.560159154815954377e-05 5.000000000000000000e-01 1.000000000000000000e+00
2.038890330980332344e+00 3.560159154815954377e-05 5.000000000000000000e-01 1.000000000000000000e+00
2.079224798352274473e+00 3.550630865396739037e-05 5.000000000000000000e-01 1.000000000000000000e+00
2.079224798352274473e+00 3.550630865396739037e-05 5.000000000000000000e-01 1.000000000000000000e+00
2.142525723986979713e+00 3.514286270852926523e-05 5.000000000000000000e-01 1.000000000000000000e+00
2.153260678959530328e+00 3.560787004302273426e-05 5.000000000000000000e-01 1.000000000000000000e+00
2.195602402560159483e+00 3.570527125992017698e-05 5.000000000000000000e-01 1.000000000000000000e+00
2.159212957203219485e+00 3.600269125059715937e-05 5.000000000000000000e-01 1.000000000000000000e+00
2.159212957203219485e+00 3.600269125059715937e-05 5.000000000000000000e-01 1.000000000000000000e+00
2.159212957203219485e+00 3.600269125059715937e-05 5.000000000000000000e-01 1.000000000000000000e+00
2.172569521510468782e+00 3.699683363413640812e-05 5.000000000000000000e-01 1.000000000000000000e+00
2.172569521510468782e+00 3.699683363413640812e-05 5.000000000000000000e-01 1.000000000000000000e+00
2.172569521510468782e+00 3.699683363413640812e-05 5.000000000000000000e-01 1.000000000000000000e+00
2.155489501686293163e+00 3.753829430326727489e-05 5.000000000000000000e-01 1.000000000000000000e+00
2.155489501686293163e+00 3.753829430326727489e-05 5.000000000000000000e-01 1.000000000000000000e+00
2.155489501686293163e+00 3.753829430326727489e-05 5.000000000000000000e-01 1.000000000000000000e+00
2.170541022673381892e+00 3.770140686351446113e-05 5.000000000000000000e-01 1.000000000000000000e+00
2.170541022673381892e+00 3.770140686351446113e-05 5.000000000000000000e-01 1.000000000000000000e+00
2.170541022673381892e+00 3.770140686351446113e-05 5.000000000000000000e-01 1.000000000000000000e+00
2.179805879739729058e+00 3.760526566956856202e-05 5.000000000000000000e-01 1.000000000000000000e+00
2.212335166230771755e+00 3.836047300507722311e-05 5.000000000000000000e-01 1.000000000000000000e+00
2.245816030714816502e+00 3.826077289230128285e-05 5.000000000000000000e-01 1.000000000000000000e+00
2.218180820548731003e+00 3.860798091157306206e-05 5.000000000000000000e-01 1.000000000000000000e+00
2.218180820548731003e+00 3.860798091157306206e-05 5.000000000000000000e-01 1.000000000000000000e+00
2.218180820548731003e+00 3.860798091157306206e-05 5.000000000000000000e-01 1.000000000000000000e+00
2.218180820548731003e+00 3.860798091157306206e-05 5.000000000000000000e-01 1.000000000000000000e+00
2.218180820548731003e+00 3.860798091157306206e-05 5.000000000000000000e-01 1.000000000000000000e+00
2.222026044780016196e+00 3.874310791318045139e-05 5.000000000000000000e-01 1.000000000000000000e+00
2.222657478015019006e+00 3.875126512119669321e-05 5.000000000000000000e-01 1.000000000000000000e+00
2.222657478015019006e+00 3.875126512119669321e-05 5.000000000000000000e-01 1.000000000000000000e+00
2.212336095393648172e+00 3.918385839453245067e-05 5.000000000000000000e-01 1.000000000000000000e+00
2.191903634111927346e+00 3.917266705482602517e-05 5.000000000000000000e-01 1.000000000000000000e+00
2.191903634111927346e+00 3.917266705482602517e-05 5.000000000000000000e-01 1.000000000000000000e+00
2.271568844239258755e+00 3.840889846540549059e-05 5.000000000000000000e-01 1.000000000000000000e+00
2.271568844239258755e+00 3.840889846540549059e-05 5.000000000000000000e-01 1.000000000000000000e+00
2.268122799085367181e+00 3.905260215599544048e-05 5.000000000000000000e-01 1.000000000000000000e+00
2.278333037423152074e+00 3.872069502463678313e-05 5.000000000000000000e-01 1.000000000000000000e+00
2.278333037423152074e+00 3.872069502463678313e-05 5.000000000000000000e-01 1.000000000000000000e+00
2.278333037423152074e+00 3.872069502463678313e-05 5.000000000000000000e-01 1.000000000000000000e+00
2.237158910336881856e+00 3.907499321934747104e-05 5.000000000000000000e-01 1.000000000000000000e+00
2.237158910336881856e+00 3.907499321934747104e-05 5.000000000000000000e-01 1.000000000000000000e+00
2.255593875833600048e+00 3.909442948318321147e-05 5.000000000000000000e-01 1.000000000000000000e+00
2.244981178902169194e+00 3.942553828296366291e-05 5.000000000000000000e-01 1.000000000000000000e+00
2.280112037255328516e+00 3.979343481410723554e-05 5.000000000000000000e-01 1.000000000000000000e+00
2.342501954014778676e+00 4.025542951452006058e-05 5.000000000000000000e-01 1.000000000000000000e+00
2.342501954014778676e+00 4.025542951452006058e-05 5.000000000000000000e-01 1.000000000000000000e+00
2.342501954014778676e+00 4.025542951452006058e-05 5.000000000000000000e-01 1.000000000000000000e+00
2.342501954014778676e+00 4.025542951452006058e-05 5.000000000000000000e-01 1.000000000000000000e+00
2.325145982342840867e+00 4.036278864583711613e-05 5.000000000000000000e-01 1.000000000000000000e+00
2.325145982342840867e+00 4.036278864583711613e-05 5.000000000000000000e-01 1.000000000000000000e+00
2.325145982342840867e+00 4.036278864583711613e-05 5.000000000000000000e-01 1.000000000000000000e+00
2.335396126092987412e+00 4.034314942817024619e-05 5.000000000000000000e-01 1.000000000000000000e+00
2.335396126092987412e+00 4.034314942817024619e-05 5.000000000000000000e-01 1.000000000000000000e+00
2.335396126092987412e+00 4.034314942817024619e-05 5.000000000000000000e-01 1.000000000000000000e+00
2.335396126092987412e+00 4.034314942817024619e-05 5.000000000000000000e-01 1.000000000000000000e+00
2.347606988406356621e+00 4.002927877567043457e-05 5.000000000000000000e-01 1.000000000000000000e+00
2.347606988406356621e+00 4.002927877567043457e-05 5.000000000000000000e-01 1.000000000000000000e+00
2.373140457025245897e+00 3.987774804893391738e-05 5.000000000000000000e-01 1.000000000000000000e+00
2.372830145543054492e+00 3.989930908475609260e-05 5.000000000000000000e-01 1.000000000000000000e+00
2.372830145543054492e+00 3.989930908475609260e-05 5.000000000000000000e-01 1.000000000000000000e+00
2.372830145543054492e+00 3.989930908475609260e-05 5.000000000000000000e-01 1.000000000000000000e+00
2.368496727440032590e+00 3.998718362168478079e-05 5.000000000000000000e-01 1.000000000000000000e+00
2.315495967573876879e+00 4.016170034752325127e-05 5.000000000000000000e-01 1.000000000000000000e+00
2.315495967573876879e+00 4.016170034752325127e-05 5.000000000000000000e-01 1.000000000000000000e+00
2.315495967573876879e+00 4.016170034752325127e-05 5.000000000000000000e-01 1.000000000000000000e+00
2.277926940103105480e+00 4.027167964750974076e-05 5.000000000000000000e-01 1.000000000000000000e+00
2.255042424693389336e+00 4.013173682589335538e-05 5.000000000000000000e-01 1.000000000000000000e+00
2.278566525212535332e+00 3.993682925434307527e-05 5.000000000000000000e-01 1.000000000000000000e+00
2.286922921307431800e+00 4.048035124004582927e-05 5.000000000000000000e-01 1.000000000000000000e+00
2.286922921307431800e+00 4.048035124004582927e-05 5.000000000000000000e-01 1.000000000000000000e+00
1.833149817022507788e+00 3.276086059134929342e-05 5.000000000000000000e-01 1.000000000000000000e+00
1.851368142510050774e+00 3.279053920626805104e-05 5.000000000000000000e-01 1.000000000000000000e+00
1.851368142510050774e+00 3.279053920626805104e-05 5.000000000000000000e-01 1.000000000000000000e+00
1.907628981078481445e+00 3.229896032593064211e-05 5.000000000000000000e-01 1.000000000000000000e+00
1.907628981078481445e+00 3.229896032593064211e-05 5.000000000000000000e-01 1.000000000000000000e+00
1.901549151003864679e+00 3.262965676745234852e-05 5.000000000000000000e-01 1.000000000000000000e+00
1.901549151003864679e+00 3.262965676745234852e-05 5.000000000000000000e-01 1.000000000000000000e+00
1.901549151003864679e+00 3.262965676745234852e-05 5.000000000000000000e-01 1.000000000000000000e+00
1.915233706928946678e+00 3.326582456372912544e-05 5.000000000000000000e-01 1.000000000000000000e+00
1.915233706928946678e+00 3.326582456372912544e-05 5.000000000000000000e-01 1.000000000000000000e+00
1.915233706928946678e+00 3.326582456372912544e-05 5.000000000000000000e-01 1.000000000000000000e+00
1.915233706928946678e+00 3.326582456372912544e-05 5.000000000000000000e-01 1.000000000000000000e+00
1.915233706928946678e+00 3.326582456372912544e-05 5.000000000000000000e-01 1.000000000000000000e+00
1.949387129204420477e+00 3.363314439923652688e-05 5.000000000000000000e-01 1.000000000000000000e+00
1.995561954151127804e+00 3.341392355264154217e-05 5.000000000000000000e-01 1.000000000000000000e+00
1.983464032612494821e+00 3.359734532535172552e-05 5.000000000000000000e-01 1.000000000000000000e+00
1.983464032612494821e+00 3.359734532535172552e-05 5.000000000000000000e-01 1.000000000000000000e+00
1.965082245328487076e+00 3.391068303450405034e-05 5.000000000000000000e-01 1.000000000000000000e+00
1.973925207668521198e+00 3.461978626684061844e-05 5.000000000000000000e-01 1.000000000000000000e+00
1.973925207668521198e+00 3.461978626684061844e-05 5.000000000000000000e-01 1.000000000000000000e+00
1.973925207668521198e+00 3.461978626684061844e-05 5.000000000000000000e-01 1.000000000000000000e+00
1.961230818544970944e+00 3.488549879895469768e-05 5.000000000000000000e-01 1.000000000000000000e+00
1.961230818544970944e+00 3.488549879895469768e-05 5.000000000000000000e-01 1.000000000000000000e+00
1.959155589664353325e+00 3.520838289106913713e-05 5.000000000000000000e-01 1.000000000000000000e+00
1.959155589664353325e+00 3.520838289106913713e-05 5.000000000000000000e-01 1.000000000000000000e+00
1.959155589664353325e+00 3.520838289106913713e-05 5.000000000000000000e-01 1.000000000000000000e+00
1.977042320428299416e+00 3.546921511830286594e-05 5.000000000000000000e-01 1.000000000000000000e+00
1.977042320428299416e+00 3.546921511830286594e-05 5.000000000000000000e-01 1.000000000000000000e+00
1.983089084984717365e+00 3.574818456443855862e-05 5.000000000000000000e-01 1.000000000000000000e+00
1.977966519671706447e+00 3.579567194814758073e-05 5.000000000000000000e-01 1.000000000000000000e+00
1.977966519671706447e+00 3.579567194814758073e-05 5.000000000000000000e-01 1.000000000000000000e+00
1.977966519671706447e+00 3.579567194814758073e-05 5.000000000000000000e-01 1.000000000000000000e+00
1.977966519671706447e+00 3.579567194814758073e-05 5.000000000000000000e-01 1.000000000000000000e+00
1.953697217976546385e+00 3.629841283734950137e-05 5.000000000000000000e-01 1.000000000000000000e+00
1.953697217976546385e+00 3.629841283734950137e-05 5.000000000000000000e-01 1.000000000000000000e+00
1.953697217976546385e+00 3.629841283734950137e-05 5.000000000000000000e-01 1.000000000000000000e+00
2.034598792343981444e+00 3.625438251969302660e-05 5.000000000000000000e-01 1.000000000000000000e+00
2.034598792343981444e+00 3.625438251969302660e-05 5.000000000000000000e-01 1.000000000000000000e+00
2.070579059650758502e+00 3.745470781537821965e-05 5.000000000000000000e-01 1.000000000000000000e+00
2.076801786808350592e+00 3.780930820873735739e-05 5.000000000000000000e-01 1.000000000000000000e+00
2.105813973917932014e+00 3.781472387504666995e-05 5.000000000000000000e-01 1.000000000000000000e+00
2.105813973917932014e+00 3.781472387504666995e-05 5.000000000000000000e-01 1.000000000000000000e+00
2.105813973917932014e+00 3.781472387504666995e-05 5.000000000000000000e-01 1.000000000000000000e+00
2.105813973917932014e+00 3.781472387504666995e-05 5.000000000000000000e-01 1.000000000000000000e+00
2.105813973917932014e+00 3.781472387504666995e-05 5.000000000000000000e-01 1.000000000000000000e+00
2.105813973917932014e+00 3.781472387504666995e-05 5.000000000000000000e-01 1.000000000000000000e+00
2.105813973917932014e+00 3.781472387504666995e-05 5.000000000000000000e-01 1.000000000000000000e+00
2.105813973917932014e+00 3.781472387504666995e-05 5.000000000000000000e-01 1.000000000000000000e+00
2.105813973917932014e+00 3.781472387504666995e-05 5.000000000000000000e-01 1.000000000000000000e+00
2.105813973917932014e+00 3.781472387504666995e-05 5.000000000000000000e-01 1.000000000000000000e+00
2.157288076183809356e+00 3.762746470354881183e-05 5.000000000000000000e-01 1.000000000000000000e+00
2.199650369134988015e+00 3.798272176292096506e-05 5.000000000000000000e-01 1.000000000000000000e+00
2.199650369134988015e+00 3.798272176292096506e-05 5.000000000000000000e-01 1.000000000000000000e+00
2.222924938612104384e+00 3.785688673614581945e-05 5.000000000000000000e-01 1.000000000000000000e+00
2.218398602126357311e+00 3.817771958374053886e-05 5.000000000000000000e-01 1.000000000000000000e+00
2.218398602126357311e+00 3.817771958374053886e-05 5.000000000000000000e-01 1.000000000000000000e+00
2.218398602126357311e+00 3.817771958374053886e-05 5.000000000000000000e-01 1.000000000000000000e+00
2.219213075956985470e+00 3.832549752231482625e-05 5.000000000000000000e-01 1.000000000000000000e+00
2.214067822451070366e+00 3.860635653660613603e-05 5.000000000000000000e-01 1.000000000000000000e+00
2.187494444414937345e+00 3.910137158925259697e-05 5.000000000000000000e-01 1.000000000000000000e+00
2.152709248955415156e+00 3.976729950875942845e-05 5.000000000000000000e-01 1.000000000000000000e+00
2.186902477969464798e+00 4.048299347278881319e-05 5.000000000000000000e-01 1.000000000000000000e+00
2.186902477969464798e+00 4.048299347278881319e-05 5.000000000000000000e-01 1.000000000000000000e+00
2.222978068865859136e+00 4.100263687524079566e-05 5.000000000000000000e-01 1.000000000000000000e+00
2.222978068865859136e+00 4.100263687524079566e-05 5.000000000000000000e-01 1.000000000000000000e+00
2.234730738871441691e+00 4.071867973645071180e-05 5.000000000000000000e-01 1.000000000000000000e+00
2.234730738871441691e+00 4.071867973645071180e-05 5.000000000000000000e-01 1.000000000000000000e+00
2.249062049555523135e+00 4.097363082336408766e-05 5.000000000000000000e-01 1.000000000000000000e+00
2.249062049555523135e+00 4.097363082336408766e-05 5.000000000000000000e-01 1.000000000000000000e+00
2.249062049555523135e+00 4.097363082336408766e-05 5.000000000000000000e-01 1.000000000000000000e+00
2.249062049555523135e+00 4.097363082336408766e-05 5.000000000000000000e-01 1.000000000000000000e+00
2.227681027594131891e+00 4.062721495275186247e-05 5.000000000000000000e-01 1.000000000000000000e+00
2.254448535558597921e+00 4.084697132250630160e-05 5.000000000000000000e-01 1.000000000000000000e+00
2.254448535558597921e+00 4.084697132250630160e-05 5.000000000000000000e-01 1.000000000000000000e+00
2.254448535558597921e+00 4.084697132250630160e-05 5.000000000000000000e-01 1.000000000000000000e+00
2.254448535558597921e+00 4.084697132250630160e-05 5.000000000000000000e-01 1.000000000000000000e+00
2.207463543964113484e+00 4.121807258018600609e-05 5.000000000000000000e-01 1.000000000000000000e+00
2.161229077407295751e+00 4.115405387182403393e-05 5.000000000000000000e-01 1.000000000000000000e+00
2.220622565972600881e+00 4.118316392175241485e-05 5.000000000000000000e-01 1.000000000000000000e+00
2.220622565972600881e+00 4.118316392175241485e-05 5.000000000000000000e-01 1.000000000000000000e+00
2.220622565972600881e+00 4.118316392175241485e-05 5.000000000000000000e-01 1.000000000000000000e+00
2.224502212202885243e+00 4.121109522894816961e-05 5.000000000000000000e-01 1.000000000000000000e+00
2.207734901285713924e+00 4.089962219779043047e-05 5.000000000000000000e-01 1.000000000000000000e+00
2.262623352001909005e+00 4.087651133801499347e-05 5.000000000000000000e-01 1.000000000000000000e+00
2.248231614021771740e+00 4.054345287234735126e-05 5.000000000000000000e-01 1.000000000000000000e+00
2.215809094314327155e+00 4.090419287877236133e-05 5.000000000000000000e-01 1.000000000000000000e+00
2.215809094314327155e+00 4.090419287877236133e-05 5.000000000000000000e-01 1.000000000000000000e+00
2.215809094314327155e+00 4.090419287877236133e-05 5.000000000000000000e-01 1.000000000000000000e+00
2.247596010240743958e+00 4.065338797105214752e-05 5.000000000000000000e-01 1.000000000000000000e+00
2.247596010240743958e+00 4.065338797105214752e-05 5.000000000000000000e-01 1.000000000000000000e+00
2.247596010240743958e+00 4.065338797105214752e-05 5.000000000000000000e-01 1.000000000000000000e+00
2.263511776435505940e+00 4.021441265902053226e-05 5.000000000000000000e-01 1.000000000000000000e+00
2.235548762347671303e+00 4.079774461112710665e-05 5.000000000000000000e-01 1.000000000000000000e+00
2.185645778657284488e+00 4.140466074479376397e-05 5.000000000000000000e-01 1.000000000000000000e+00
2.185645778657284488e+00 4.140466074479376397e-05 5.000000000000000000e-01 1.000000000000000000e+00
2.169197316273175247e+00 4.103826282962342421e-05 5.000000000000000000e-01 1.000000000000000000e+00
2.211003513343309912e+00 4.068159041123836471e-05 5.000000000000000000e-01 1.000000000000000000e+00
2.211003513343309912e+00 4.068159041123836471e-05 5.000000000000000000e-01 1.000000000000000000e+00
2.278026207742704479e+00 4.073243562142630342e-05 5.000000000000000000e-01 1.000000000000000000e+00
2.268035708344951384e+00 4.016910283535707256e-05 5.000000000000000000e-01 1.000000000000000000e+00
1.865068462186258547e+00 3.206300411698280429e-05 5.000000000000000000e-01 1.000000000000000000e+00
1.845388410528783885e+00 3.289876577179191359e-05 5.000000000000000000e-01 1.000000000000000000e+00
1.867341456308067249e+00 3.317676104974915595e-05 5.000000000000000000e-01 1.000000000000000000e+00
1.867341456308067249e+00 3.317676104974915595e-05 5.000000000000000000e-01 1.000000000000000000e+00
1.870776315437841175e+00 3.333494411784940019e-05 5.000000000000000000e-01 1.000000000000000000e+00
1.852952661678751056e+00 3.386813196136729761e-05 5.000000000000000000e-01 1.000000000000000000e+00
1.852952661678751056e+00 3.386813196136729761e-05 5.000000000000000000e-01 1.000000000000000000e+00
1.795338558387911787e+00 3.460562606283971819e-05 5.000000000000000000e-01 1.000000000000000000e+00
1.795338558387911787e+00 3.460562606283971819e-05 5.000000000000000000e-01 1.000000000000000000e+00
1.867522312942568652e+00 3.494783913905276168e-05 5.000000000000000000e-01 1.000000000000000000e+00
1.867522312942568652e+00 3.494783913905276168e-05 5.000000000000000000e-01 1.000000000000000000e+00
1.876615299915410651e+00 3.545469065115561990e-05 5.000000000000000000e-01 1.000000000000000000e+00
1.876615299915410651e+00 3.545469065115561990e-05 5.000000000000000000e-01 1.000000000000000000e+00
1.923083057399687545e+00 3.511671886464349878e-05 5.000000000000000000e-01 1.000000000000000000e+00
1.903108962868821585e+00 3.529642213811527121e-05 5.000000000000000000e-01 1.000000000000000000e+00
1.913464754520585176e+00 3.524142609955167611e-05 5.000000000000000000e-01 1.000000000000000000e+00
1.961410469355223229e+00 3.468874197851792341e-05 5.000000000000000000e-01 1.000000000000000000e+00
1.961410469355223229e+00 3.468874197851792341e-05 5.000000000000000000e-01 1.000000000000000000e+00
1.961410469355223229e+00 3.468874197851792341e-05 5.000000000000000000e-01 1.000000000000000000e+00
1.963530165588340370e+00 3.500828854006835157e-05 5.000000000000000000e-01 1.000000000000000000e+00
1.943455868752585136e+00 3.526907822363645493e-05 5.000000000000000000e-01 1.000000000000000000e+00
1.878363834092457552e+00 3.596713867422340010e-05 5.000000000000000000e-01 1.000000000000000000e+00
1.878363834092457552e+00 3.596713867422340010e-05 5.000000000000000000e-01 1.000000000000000000e+00
1.878363834092457552e+00 3.596713867422340010e-05 5.000000000000000000e-01 1.000000000000000000e+00
1.878363834092457552e+00 3.596713867422340010e-05 5.000000000000000000e-01 1.000000000000000000e+00
1.878363834092457552e+00 3.596713867422340010e-05 5.000000000000000000e-01 1.000000000000000000e+00
1.878363834092457552e+00 3.596713867422340010e-05 5.000000000000000000e-01 1.000000000000000000e+00
1.864400266669449913e+00 3.627890831477436126e-05 5.000000000000000000e-01 1.000000000000000000e+00
1.875918406726794219e+00 3.616689948529535514e-05 5.000000000000000000e-01 1.000000000000000000e+00
1.875918406726794219e+00 3.616689948529535514e-05 5.000000000000000000e-01 1.000000000000000000e+00
1.910824497824432422e+00 3.579184606316230930e-05 5.000000000000000000e-01 1.000000000000000000e+00
2.012898721370616428e+00 3.597431110231090966e-05 5.000000000000000000e-01 1.000000000000000000e+00
2.021887442175337224e+00 3.590204884322222137e-05 5.000000000000000000e-01 1.000000000000000000e+00
2.021887442175337224e+00 3.590204884322222137e-05 5.000000000000000000e-01 1.000000000000000000e+00
2.006565248753558350e+00 3.604875036188919164e-05 5.000000000000000000e-01 1.000000000000000000e+00
1.990495150026902804e+00 3.644521407977911910e-05 5.000000000000000000e-01 1.000000000000000000e+00
2.075172729253255355e+00 3.652998990524288181e-05 5.000000000000000000e-01 1.000000000000000000e+00
2.133105220429107884e+00 3.593315707337502781e-05 5.000000000000000000e-01 1.000000000000000000e+00
2.133105220429107884e+00 3.593315707337502781e-05 5.000000000000000000e-01 1.000000000000000000e+00
2.172993566208298866e+00 3.557635013702854191e-05 5.000000000000000000e-01 1.000000000000000000e+00
2.172993566208298866e+00 3.557635013702854191e-05 5.000000000000000000e-01 1.000000000000000000e+00
2.186912381668876026e+00 3.576409817472239191e-05 5.000000000000000000e-01 1.000000000000000000e+00
2.172736257851697328e+00 3.630950082371073724e-05 5.000000000000000000e-01 1.000000000000000000e+00
2.147075993308362296e+00 3.681795885640577742e-05 5.000000000000000000e-01 1.000000000000000000e+00
2.195672588128875447e+00 3.675244356558343651e-05 5.000000000000000000e-01 1.000000000000000000e+00
2.195672588128875447e+00 3.675244356558343651e-05 5.000000000000000000e-01 1.000000000000000000e+00
2.195672588128875447e+00 3.675244356558343651e-05 5.000000000000000000e-01 1.000000000000000000e+00
2.195672588128875447e+00 3.675244356558343651e-05 5.000000000000000000e-01 1.000000000000000000e+00
2.195672588128875447e+00 3.675244356558343651e-05 5.000000000000000000e-01 1.000000000000000000e+00
2.195672588128875447e+00 3.675244356558343651e-05 5.000000000000000000e-01 1.000000000000000000e+00
2.245164358118448167e+00 3.683078094262194190e-05 5.000000000000000000e-01 1.000000000000000000e+00
2.230670909368931643e+00 3.739285158836950037e-05 5.000000000000000000e-01 1.000000000000000000e+00
2.256969809954636474e+00 3.769887503306030321e-05 5.000000000000000000e-01 1.000000000000000000e+00
2.261210807887191088e+00 3.859186519192257835e-05 5.000000000000000000e-01 1.000000000000000000e+00
2.261210807887191088e+00 3.859186519192257835e-05 5.000000000000000000e-01 1.000000000000000000e+00
2.328411111230308084e+00 3.893921236972179160e-05 5.000000000000000000e-01 1.000000000000000000e+00
2.328194684981771179e+00 3.940485112305257460e-05 5.000000000000000000e-01 1.000000000000000000e+00
2.327273438760512292e+00 4.005256822068429287e-05 5.000000000000000000e-01 1.000000000000000000e+00
2.327273438760512292e+00 4.005256822068429287e-05 5.000000000000000000e-01 1.000000000000000000e+00
2.327273438760512292e+00 4.005256822068429287e-05 5.000000000000000000e-01 1.000000000000000000e+00
2.285442140332672345e+00 4.065008526044070798e-05 5.000000000000000000e-01 1.000000000000000000e+00
2.244600061974804106e+00 4.057485078761867496e-05 5.000000000000000000e-01 1.000000000000000000e+00
2.244600061974804106e+00 4.057485078761867496e-05 5.000000000000000000e-01 1.000000000000000000e+00
2.187775918891720739e+00 4.116164597557497309e-05 5.000000000000000000e-01 1.000000000000000000e+00
2.187775918891720739e+00 4.116164597557497309e-05 5.000000000000000000e-01 1.000000000000000000e+00
2.150885799245911389e+00 4.121337259692531838e-05 5.000000000000000000e-01 1.000000000000000000e+00
2.150885799245911389e+00 4.121337259692531838e-05 5.000000000000000000e-01 1.000000000000000000e+00
2.150885799245911389e+00 4.121337259692531838e-05 5.000000000000000000e-01 1.000000000000000000e+00
2.150885799245911389e+00 4.121337259692531838e-05 5.000000000000000000e-01 1.000000000000000000e+00
2.150885799245911389e+00 4.121337259692531838e-05 5.000000000000000000e-01 1.000000000000000000e+00
2.132888832150242386e+00 4.149361725905669732e-05 5.000000000000000000e-01 1.000000000000000000e+00
2.165931289465166110e+00 4.126609151245242915e-05 5.000000000000000000e-01 1.000000000000000000e+00
2.157965311846784306e+00 4.148001232296480835e-05 5.000000000000000000e-01 1.000000000000000000e+00
2.169329164589978376e+00 4.178748823508235269e-05 5.000000000000000000e-01 1.000000000000000000e+00
2.169329164589978376e+00 4.178748823508235269e-05 5.000000000000000000e-01 1.000000000000000000e+00
2.169329164589978376e+00 4.178748823508235269e-05 5.000000000000000000e-01 1.000000000000000000e+00
2.162280839480469119e+00 4.178958904466536909e-05 5.000000000000000000e-01 1.000000000000000000e+00
2.162280839480469119e+00 4.178958904466536909e-05 5.000000000000000000e-01 1.000000000000000000e+00
2.182491655698758137e+00 4.131709794001325447e-05 5.000000000000000000e-01 1.000000000000000000e+00
2.182491655698758137e+00 4.131709794001325447e-05 5.000000000000000000e-01 1.000000000000000000e+00
2.182491655698758137e+00 4.131709794001325447e-05 5.000000000000000000e-01 1.000000000000000000e+00
2.206247137493543509e+00 4.110548212309668816e-05 5.000000000000000000e-01 1.000000000000000000e+00
2.206247137493543509e+00 4.110548212309668816e-05 5.000000000000000000e-01 1.000000000000000000e+00
2.211472626074983960e+00 4.081270058880079402e-05 5.000000000000000000e-01 1.000000000000000000e+00
2.211472626074983960e+00 4.081270058880079402e-05 5.000000000000000000e-01 1.000000000000000000e+00
2.215974212851355318e+00 4.060250198572435245e-05 5.000000000000000000e-01 1.000000000000000000e+00
2.213039109913175650e+00 4.089531501887315001e-05 5.000000000000000000e-01 1.000000000000000000e+00
2.213039109913175650e+00 4.089531501887315001e-05 5.000000000000000000e-01 1.000000000000000000e+00
2.176965517066444811e+00 4.168058875448455792e-05 5.000000000000000000e-01 1.000000000000000000e+00
2.203285199758175938e+00 4.132577225032413483e-05 5.000000000000000000e-01 1.000000000000000000e+00
2.171085186723052729e+00 4.155906483580474095e-05 5.000000000000000000e-01 1.000000000000000000e+00
2.171085186723052729e+00 4.155906483580474095e-05 5.000000000000000000e-01 1.000000000000000000e+00
2.146139228212838646e+00 4.181102608952943210e-05 5.000000000000000000e-01 1.000000000000000000e+00
2.146139228212838646e+00 4.181102608952943210e-05 5.000000000000000000e-01 1.000000000000000000e+00
2.183497374638107225e+00 4.156418466299110619e-05 5.000000000000000000e-01 1.000000000000000000e+00
2.183497374638107225e+00 4.156418466299110619e-05 5.000000000000000000e-01 1.000000000000000000e+00
2.183497374638107225e+00 4.156418466299110619e-05 5.000000000000000000e-01 1.000000000000000000e+00
2.186805806503978378e+00 4.121879859901511411e-05 5.000000000000000000e-01 1.000000000000000000e+00
2.186805806503978378e+00 4.121879859901511411e-05 5.000000000000000000e-01 1.000000000000000000e+00
2.185508724295607497e+00 4.118253933346449874e-05 5.000000000000000000e-01 1.000000000000000000e+00
1.842282667971692822e+00 3.199067806585608489e-05 5.000000000000000000e-01 1.000000000000000000e+00
1.877524738941131810e+00 3.220926057722626253e-05 5.000000000000000000e-01 1.000000000000000000e+00
1.860375740525191057e+00 3.250105307246656651e-05 5.000000000000000000e-01 1.000000000000000000e+00
1.867252953101196100e+00 3.330379108481695290e-05 5.000000000000000000e-01 1.000000000000000000e+00
1.867252953101196100e+00 3.330379108481695290e-05 5.000000000000000000e-01 1.000000000000000000e+00
1.886522799242173809e+00 3.339392271035828493e-05 5.000000000000000000e-01 1.000000000000000000e+00
1.886522799242173809e+00 3.339392271035828493e-05 5.000000000000000000e-01 1.000000000000000000e+00
1.898263561869288685e+00 3.418161904650206489e-05 5.000000000000000000e-01 1.000000000000000000e+00
1.869591180867083757e+00 3.456836798042169914e-05 5.000000000000000000e-01 1.000000000000000000e+00
1.869591180867083757e+00 3.456836798042169914e-05 5.000000000000000000e-01 1.000000000000000000e+00
1.856026344200266243e+00 3.502848719246007806e-05 5.000000000000000000e-01 1.000000000000000000e+00
1.856026344200266243e+00 3.502848719246007806e-05 5.000000000000000000e-01 1.000000000000000000e+00
1.856026344200266243e+00 3.502848719246007806e-05 5.000000000000000000e-01 1.000000000000000000e+00
1.919953463454931120e+00 3.534631498223321126e-05 5.000000000000000000e-01 1.000000000000000000e+00
1.959290898693476501e+00 3.559831460500713932e-05 5.000000000000000000e-01 1.000000000000000000e+00
1.959290898693476501e+00 3.559831460500713932e-05 5.000000000000000000e-01 1.000000000000000000e+00
1.959290898693476501e+00 3.559831460500713932e-05 5.000000000000000000e-01 1.000000000000000000e+00
1.959290898693476501e+00 3.559831460500713932e-05 5.000000000000000000e-01 1.000000000000000000e+00
1.959290898693476501e+00 3.559831460500713932e-05 5.000000000000000000e-01 1.000000000000000000e+00
1.959290898693476501e+00 3.559831460500713932e-05 5.000000000000000000e-01 1.000000000000000000e+00
1.958033943678807010e+00 3.563994172634526997e-05 5.000000000000000000e-01 1.000000000000000000e+00
1.997511214318056672e+00 3.553271971083676948e-05 5.000000000000000000e-01 1.000000000000000000e+00
2.034149619155423583e+00 3.564826120363807975e-05 5.000000000000000000e-01 1.000000000000000000e+00
2.088700639863104502e+00 3.583725295816906920e-05 5.000000000000000000e-01 1.000000000000000000e+00
2.088700639863104502e+00 3.583725295816906920e-05 5.000000000000000000e-01 1.000000000000000000e+00
2.088700639863104502e+00 3.583725295816906920e-05 5.000000000000000000e-01 1.000000000000000000e+00
2.088700639863104502e+00 3.583725295816906920e-05 5.000000000000000000e-01 1.000000000000000000e+00
2.087956003099166402e+00 3.651496692585471510e-05 5.000000000000000000e-01 1.000000000000000000e+00
2.086611047419895115e+00 3.646985158783894149e-05 5.000000000000000000e-01 1.000000000000000000e+00
2.105424116201842555e+00 3.668052603384979474e-05 5.000000000000000000e-01 1.000000000000000000e+00
2.105424116201842555e+00 3.668052603384979474e-05 5.000000000000000000e-01 1.000000000000000000e+00
2.082762615418047858e+00 3.700756784328453942e-05 5.000000000000000000e-01 1.000000000000000000e+00
2.113507704106277529e+00 3.692651315163585361e-05 5.000000000000000000e-01 1.000000000000000000e+00
2.113507704106277529e+00 3.692651315163585361e-05 5.000000000000000000e-01 1.000000000000000000e+00
2.113507704106277529e+00 3.692651315163585361e-05 5.000000000000000000e-01 1.000000000000000000e+00
2.113507704106277529e+00 3.692651315163585361e-05 5.000000000000000000e-01 1.000000000000000000e+00
2.107068880856322934e+00 3.743250401281128737e-05 5.000000000000000000e-01 1.000000000000000000e+00
2.113695427426099727e+00 3.741470848596160052e-05 5.000000000000000000e-01 1.000000000000000000e+00
2.131762955368984525e+00 3.727036917577917406e-05 5.000000000000000000e-01 1.000000000000000000e+00
2.200971471042327821e+00 3.770613574626167176e-05 5.000000000000000000e-01 1.000000000000000000e+00
2.237751707536354662e+00 3.739094755676617083e-05 5.000000000000000000e-01 1.000000000000000000e+00
2.230582206207164297e+00 3.754225838045123129e-05 5.000000000000000000e-01 1.000000000000000000e+00
2.253649056816297680e+00 3.788072507727654347e-05 5.000000000000000000e-01 1.000000000000000000e+00
2.253649056816297680e+00 3.788072507727654347e-05 5.000000000000000000e-01 1.000000000000000000e+00
2.253649056816297680e+00 3.788072507727654347e-05 5.000000000000000000e-01 1.000000000000000000e+00
2.253649056816297680e+00 3.788072507727654347e-05 5.000000000000000000e-01 1.000000000000000000e+00
2.253649056816297680e+00 3.788072507727654347e-05 5.000000000000000000e-01 1.000000000000000000e+00
2.219160241017331892e+00 3.818631603001872675e-05 5.000000000000000000e-01 1.000000000000000000e+00
2.219160241017331892e+00 3.818631603001872675e-05 5.000000000000000000e-01 1.000000000000000000e+00
2.219160241017331892e+00 3.818631603001872675e-05 5.000000000000000000e-01 1.000000000000000000e+00
2.219160241017331892e+00 3.818631603001872675e-05 5.000000000000000000e-01 1.000000000000000000e+00
2.219160241017331892e+00 3.818631603001872675e-05 5.000000000000000000e-01 1.000000000000000000e+00
2.219160241017331892e+00 3.818631603001872675e-05 5.000000000000000000e-01 1.000000000000000000e+00
2.219160241017331892e+00 3.818631603001872675e-05 5.000000000000000000e-01 1.000000000000000000e+00
2.219160241017331892e+00 3.818631603001872675e-05 5.000000000000000000e-01 1.000000000000000000e+00
2.219160241017331892e+00 3.818631603001872675e-05 5.000000000000000000e-01 1.000000000000000000e+00
2.277119859114622002e+00 3.784117708466127163e-05 5.000000000000000000e-01 1.000000000000000000e+00
2.277119859114622002e+00 3.784117708466127163e-05 5.000000000000000000e-01 1.000000000000000000e+00
2.268264526847998841e+00 3.809218986824421506e-05 5.000000000000000000e-01 1.000000000000000000e+00
2.268264526847998841e+00 3.809218986824421506e-05 5.000000000000000000e-01 1.000000000000000000e+00
2.268264526847998841e+00 3.809218986824421506e-05 5.000000000000000000e-01 1.000000000000000000e+00
2.267508848765887208e+00 3.808650887118902981e-05 5.000000000000000000e-01 1.000000000000000000e+00
2.267508848765887208e+00 3.808650887118902981e-05 5.000000000000000000e-01 1.000000000000000000e+00
2.267508848765887208e+00 3.808650887118902981e-05 5.000000000000000000e-01 1.000000000000000000e+00
2.267508848765887208e+00 3.808650887118902981e-05 5.000000000000000000e-01 1.000000000000000000e+00
2.267508848765887208e+00 3.808650887118902981e-05 5.000000000000000000e-01 1.000000000000000000e+00
2.244365629027730957e+00 3.859281894248413813e-05 5.000000000000000000e-01 1.000000000000000000e+00
2.244365629027730957e+00 3.859281894248413813e-05 5.000000000000000000e-01 1.000000000000000000e+00
2.244365629027730957e+00 3.859281894248413813e-05 5.000000000000000000e-01 1.000000000000000000e+00
2.230305459468892249e+00 3.845276091752327589e-05 5.000000000000000000e-01 1.000000000000000000e+00
2.206265788331802202e+00 3.862766557574942984e-05 5.000000000000000000e-01 1.000000000000000000e+00
2.209382671134549891e+00 3.893783679198501829e-05 5.000000000000000000e-01 1.000000000000000000e+00
2.209382671134549891e+00 3.893783679198501829e-05 5.000000000000000000e-01 1.000000000000000000e+00
2.207005786621218490e+00 3.948355327677017103e-05 5.000000000000000000e-01 1.000000000000000000e+00
2.218371392409820064e+00 3.933830667104584576e-05 5.000000000000000000e-01 1.000000000000000000e+00
2.212732241372923792e+00 3.989630118166429012e-05 5.000000000000000000e-01 1.000000000000000000e+00
2.231489768374913751e+00 4.031396654344709707e-05 5.000000000000000000e-01 1.000000000000000000e+00
2.274929599880143094e+00 4.074445743041429490e-05 5.000000000000000000e-01 1.000000000000000000e+00
2.243940517327400741e+00 4.049119742588528731e-05 5.000000000000000000e-01 1.000000000000000000e+00
2.243940517327400741e+00 4.049119742588528731e-05 5.000000000000000000e-01 1.000000000000000000e+00
2.311130227045643526e+00 4.003418512847341324e-05 5.000000000000000000e-01 1.000000000000000000e+00
2.311130227045643526e+00 4.003418512847341324e-05 5.000000000000000000e-01 1.000000000000000000e+00
2.311130227045643526e+00 4.003418512847341324e-05 5.000000000000000000e-01 1.000000000000000000e+00
2.314413478915033018e+00 3.952617579421707457e-05 5.000000000000000000e-01 1.000000000000000000e+00
2.314413478915033018e+00 3.952617579421707457e-05 5.000000000000000000e-01 1.000000000000000000e+00
2.316816118055241347e+00 3.964046746529174294e-05 5.000000000000000000e-01 1.000000000000000000e+00
2.318846516314454487e+00 3.987870417290508538e-05 5.000000000000000000e-01 1.000000000000000000e+00
2.318846516314454487e+00 3.987870417290508538e-05 5.000000000000000000e-01 1.000000000000000000e+00
2.318846516314454487e+00 3.987870417290508538e-05 5.000000000000000000e-01 1.000000000000000000e+00
2.355875762765883508e+00 4.004661302801257149e-05 5.000000000000000000e-01 1.000000000000000000e+00
2.362772419786202782e+00 3.983178267803173876e-05 5.000000000000000000e-01 1.000000000000000000e+00
2.362772419786202782e+00 3.983178267803173876e-05 5.000000000000000000e-01 1.000000000000000000e+00
2.364623523157288076e+00 4.009717274454561607e-05 5.000000000000000000e-01 1.000000000000000000e+00
2.364623523157288076e+00 4.009717274454561607e-05 5.000000000000000000e-01 1.000000000000000000e+00
2.364623523157288076e+00 4.009717274454561607e-05 5.000000000000000000e-01 1.000000000000000000e+00
2.367070152594810573e+00 3.971178954258097250e-05 5.000000000000000000e-01 1.000000000000000000e+00
2.393884440571536487e+00 3.933630534636034932e-05 5.000000000000000000e-01 1.000000000000000000e+00
2.404972430704807262e+00 3.956950214737456453e-05 5.000000000000000000e-01 1.000000000000000000e+00
2.415894157439576251e+00 3.928149801217311818e-05 5.000000000000000000e-01 1.000000000000000000e+00
2.415894157439576251e+00 3.928149801217311818e-05 5.000000000000000000e-01 1.000000000000000000e+00
1.878706159216115612e+00 3.175665521089005917e-05 5.000000000000000000e-01 1.000000000000000000e+00
1.878706159216115612e+00 3.175665521089005917e-05 5.000000000000000000e-01 1.000000000000000000e+00
1.878706159216115612e+00 3.175665521089005917e-05 5.000000000000000000e-01 1.000000000000000000e+00
1.889775299759067995e+00 3.180093477068314100e-05 5.000000000000000000e-01 1.000000000000000000e+00
1.889775299759067995e+00 3.180093477068314100e-05 5.000000000000000000e-01 1.000000000000000000e+00
1.889775299759067995e+00 3.180093477068314100e-05 5.000000000000000000e-01 1.000000000000000000e+00
1.889775299759067995e+00 3.180093477068314100e-05 5.000000000000000000e-01 1.000000000000000000e+00
1.918717591110201903e+00 3.244241416150681247e-05 5.000000000000000000e-01 1.000000000000000000e+00
1.908282665300906844e+00 3.317646374537381682e-05 5.000000000000000000e-01 1.000000000000000000e+00
1.881757710942294715e+00 3.352642041316653682e-05 5.000000000000000000e-01 1.000000000000000000e+00
1.863077799000166124e+00 3.372289441184407388e-05 5.000000000000000000e-01 1.000000000000000000e+00
1.883062055457956907e+00 3.361715560868593712e-05 5.000000000000000000e-01 1.000000000000000000e+00
1.883062055457956907e+00 3.361715560868593712e-05 5.000000000000000000e-01 1.000000000000000000e+00
1.883062055457956907e+00 3.361715560868593712e-05 5.000000000000000000e-01 1.000000000000000000e+00
1.883062055457956907e+00 3.361715560868593712e-05 5.000000000000000000e-01 1.000000000000000000e+00
1.901269684809782978e+00 3.391831337367441808e-05 5.000000000000000000e-01 1.000000000000000000e+00
1.893701337711200416e+00 3.401827323764214611e-05 5.000000000000000000e-01 1.000000000000000000e+00
1.914576589806935347e+00 3.396145367110774957e-05 5.000000000000000000e-01 1.000000000000000000e+00
1.894325987769458930e+00 3.471431978543139125e-05 5.000000000000000000e-01 1.000000000000000000e+00
1.894325987769458930e+00 3.471431978543139125e-05 5.000000000000000000e-01 1.000000000000000000e+00
1.894325987769458930e+00 3.471431978543139125e-05 5.000000000000000000e-01 1.000000000000000000e+00
1.894325987769458930e+00 3.471431978543139125e-05 5.000000000000000000e-01 1.000000000000000000e+00
1.905467474657330573e+00 3.482257610125452380e-05 5.000000000000000000e-01 1.000000000000000000e+00
1.927205308094390501e+00 3.482460047729008104e-05 5.000000000000000000e-01 1.000000000000000000e+00
1.927205308094390501e+00 3.482460047729008104e-05 5.000000000000000000e-01 1.000000000000000000e+00
1.919976835098262669e+00 3.540682388170325682e-05 5.000000000000000000e-01 1.000000000000000000e+00
1.919976835098262669e+00 3.540682388170325682e-05 5.000000000000000000e-01 1.000000000000000000e+00
1.919976835098262669e+00 3.540682388170325682e-05 5.000000000000000000e-01 1.000000000000000000e+00
1.919976835098262669e+00 3.540682388170325682e-05 5.000000000000000000e-01 1.000000000000000000e+00
1.919976835098262669e+00 3.540682388170325682e-05 5.000000000000000000e-01 1.000000000000000000e+00
1.963895537193862673e+00 3.537070585353579912e-05 5.000000000000000000e-01 1.000000000000000000e+00
2.000435405510160525e+00 3.504346774461008298e-05 5.000000000000000000e-01 1.000000000000000000e+00
2.000435405510160525e+00 3.504346774461008298e-05 5.000000000000000000e-01 1.000000000000000000e+00
2.021456916532928805e+00 3.539793777616637269e-05 5.000000000000000000e-01 1.000000000000000000e+00
2.021456916532928805e+00 3.539793777616637269e-05 5.000000000000000000e-01 1.000000000000000000e+00
2.019531248838998039e+00 3.581028776872852170e-05 5.000000000000000000e-01 1.000000000000000000e+00
2.034491744288146275e+00 3.593270618937486141e-05 5.000000000000000000e-01 1.000000000000000000e+00
2.034491744288146275e+00 3.593270618937486141e-05 5.000000000000000000e-01 1.000000000000000000e+00
2.034491744288146275e+00 3.593270618937486141e-05 5.000000000000000000e-01 1.000000000000000000e+00
2.034491744288146275e+00 3.593270618937486141e-05 5.000000000000000000e-01 1.000000000000000000e+00
2.091748090863222664e+00 3.580479252153453463e-05 5.000000000000000000e-01 1.000000000000000000e+00
2.091748090863222664e+00 3.580479252153453463e-05 5.000000000000000000e-01 1.000000000000000000e+00
2.141217426561460968e+00 3.589189008641794726e-05 5.000000000000000000e-01 1.000000000000000000e+00
2.141731626907362074e+00 3.607671661281016692e-05 5.000000000000000000e-01 1.000000000000000000e+00
2.141731626907362074e+00 3.607671661281016692e-05 5.000000000000000000e-01 1.000000000000000000e+00
2.141731626907362074e+00 3.607671661281016692e-05 5.000000000000000000e-01 1.000000000000000000e+00
2.164315077552305233e+00 3.593847100111327461e-05 5.000000000000000000e-01 1.000000000000000000e+00
2.164315077552305233e+00 3.593847100111327461e-05 5.000000000000000000e-01 1.000000000000000000e+00
2.164315077552305233e+00 3.593847100111327461e-05 5.000000000000000000e-01 1.000000000000000000e+00
2.164315077552305233e+00 3.593847100111327461e-05 5.000000000000000000e-01 1.000000000000000000e+00
2.164315077552305233e+00 3.593847100111327461e-05 5.000000000000000000e-01 1.000000000000000000e+00
2.164315077552305233e+00 3.593847100111327461e-05 5.000000000000000000e-01 1.000000000000000000e+00
2.164315077552305233e+00 3.593847100111327461e-05 5.000000000000000000e-01 1.000000000000000000e+00
2.198754496028530792e+00 3.599476185892471690e-05 5.000000000000000000e-01 1.000000000000000000e+00
2.198754496028530792e+00 3.599476185892471690e-05 5.000000000000000000e-01 1.000000000000000000e+00
2.169281131404997343e+00 3.632907169286528505e-05 5.000000000000000000e-01 1.000000000000000000e+00
2.213795801709139699e+00 3.635147092271048634e-05 5.000000000000000000e-01 1.000000000000000000e+00
2.226482852432159820e+00 3.653883501149548287e-05 5.000000000000000000e-01 1.000000000000000000e+00
2.197188727070928937e+00 3.693033491992933534e-05 5.000000000000000000e-01 1.000000000000000000e+00
2.197188727070928937e+00 3.693033491992933534e-05 5.000000000000000000e-01 1.000000000000000000e+00
2.197188727070928937e+00 3.693033491992933534e-05 5.000000000000000000e-01 1.000000000000000000e+00
2.197188727070928937e+00 3.693033491992933534e-05 5.000000000000000000e-01 1.000000000000000000e+00
2.218792631564001638e+00 3.727874795090443624e-05 5.000000000000000000e-01 1.000000000000000000e+00
2.218792631564001638e+00 3.727874795090443624e-05 5.000000000000000000e-01 1.000000000000000000e+00
2.218792631564001638e+00 3.727874795090443624e-05 5.000000000000000000e-01 1.000000000000000000e+00
2.283896023488712679e+00 3.679326850735663301e-05 5.000000000000000000e-01 1.000000000000000000e+00
2.318638121583614264e+00 3.706469961411195307e-05 5.000000000000000000e-01 1.000000000000000000e+00
2.318638121583614264e+00 3.706469961411195307e-05 5.000000000000000000e-01 1.000000000000000000e+00
2.318638121583614264e+00 3.706469961411195307e-05 5.000000000000000000e-01 1.000000000000000000e+00
2.326982850197957919e+00 3.730855027091778300e-05 5.000000000000000000e-01 1.000000000000000000e+00
2.337485558271103603e+00 3.772117763931607848e-05 5.000000000000000000e-01 1.000000000000000000e+00
2.379995693240131605e+00 3.815842273146530738e-05 5.000000000000000000e-01 1.000000000000000000e+00
2.384049241858357870e+00 3.858613784750139811e-05 5.000000000000000000e-01 1.000000000000000000e+00
2.390744635201910828e+00 3.842855031845865518e-05 5.000000000000000000e-01 1.000000000000000000e+00
2.390744635201910828e+00 3.842855031845865518e-05 5.000000000000000000e-01 1.000000000000000000e+00
2.390744635201910828e+00 3.842855031845865518e-05 5.000000000000000000e-01 1.000000000000000000e+00
2.431265431591505877e+00 3.868148342580783909e-05 5.000000000000000000e-01 1.000000000000000000e+00
2.431265431591505877e+00 3.868148342580783909e-05 5.000000000000000000e-01 1.000000000000000000e+00
2.431265431591505877e+00 3.868148342580783909e-05 5.000000000000000000e-01 1.000000000000000000e+00
2.430084078004571602e+00 3.862016251399275464e-05 5.000000000000000000e-01 1.000000000000000000e+00
2.448196913829878696e+00 3.860375427867733495e-05 5.000000000000000000e-01 1.000000000000000000e+00
2.419119021467982744e+00 3.883730998059791313e-05 5.000000000000000000e-01 1.000000000000000000e+00
2.445764169991790915e+00 3.857473290529861849e-05 5.000000000000000000e-01 1.000000000000000000e+00
2.452990318156577754e+00 3.869984456442293066e-05 5.000000000000000000e-01 1.000000000000000000e+00
2.491628589108748404e+00 3.873835328778718205e-05 5.000000000000000000e-01 1.000000000000000000e+00
2.493330784504571351e+00 3.893428245797954899e-05 5.000000000000000000e-01 1.000000000000000000e+00
2.496443591019001484e+00 3.902373846675286491e-05 5.000000000000000000e-01 1.000000000000000000e+00
2.496443591019001484e+00 3.902373846675286491e-05 5.000000000000000000e-01 1.000000000000000000e+00
2.464728922042606296e+00 3.892668157044100875e-05 5.000000000000000000e-01 1.000000000000000000e+00
2.464728922042606296e+00 3.892668157044100875e-05 5.000000000000000000e-01 1.000000000000000000e+00
2.430072257028316418e+00 3.888811919032193683e-05 5.000000000000000000e-01 1.000000000000000000e+00
2.430072257028316418e+00 3.888811919032193683e-05 5.000000000000000000e-01 1.000000000000000000e+00
2.435632419523297010e+00 3.879944350129594234e-05 5.000000000000000000e-01 1.000000000000000000e+00
2.450734346224959115e+00 3.870634961428089696e-05 5.000000000000000000e-01 1.000000000000000000e+00
2.417716886055436110e+00 3.893533055268908122e-05 5.000000000000000000e-01 1.000000000000000000e+00
2.421690872459290489e+00 3.932244674625798905e-05 5.000000000000000000e-01 1.000000000000000000e+00
2.421690872459290489e+00 3.932244674625798905e-05 5.000000000000000000e-01 1.000000000000000000e+00
2.421690872459290489e+00 3.932244674625798905e-05 5.000000000000000000e-01 1.000000000000000000e+00
