0.000000000000000000e+00 0.000000000000000000e+00 0.000000000000000000e+00 0.000000000000000000e+00
1.818651830037356643e+00 3.221435113904640824e-05 5.000000000000000000e-01 1.000000000000000000e+00
1.855449693626542107e+00 3.220552821409725238e-05 5.000000000000000000e-01 1.000000000000000000e+00
1.915666967016318223e+00 3.210120775800000232e-05 5.000000000000000000e-01 1.000000000000000000e+00
1.915666967016318223e+00 3.210120775800000232e-05 5.000000000000000000e-01 1.000000000000000000e+00
1.915666967016318223e+00 3.210120775800000232e-05 5.000000000000000000e-01 1.000000000000000000e+00
1.915666967016318223e+00 3.210120775800000232e-05 5.000000000000000000e-01 1.000000000000000000e+00
1.915666967016318223e+00 3.210120775800000232e-05 5.000000000000000000e-01 1.000000000000000000e+00
1.944174222359700721e+00 3.255881530881228673e-05 5.000000000000000000e-01 1.000000000000000000e+00
2.009074365930725303e+00 3.315415063717983495e-05 5.000000000000000000e-01 1.000000000000000000e+00
2.009074365930725303e+00 3.315415063717983495e-05 5.000000000000000000e-01 1.000000000000000000e+00
2.009074365930725303e+00 3.315415063717983495e-05 5.000000000000000000e-01 1.000000000000000000e+00
2.064530356974439762e+00 3.330382524562804141e-05 5.000000000000000000e-01 1.000000000000000000e+00
2.064530356974439762e+00 3.330382524562804141e-05 5.000000000000000000e-01 1.000000000000000000e+00
2.064312658837009540e+00 3.352425635351287988e-05 5.000000000000000000e-01 1.000000000000000000e+00
2.064312658837009540e+00 3.352425635351287988e-05 5.000000000000000000e-01 1.000000000000000000e+00
2.064312658837009540e+00 3.352425635351287988e-05 5.000000000000000000e-01 1.000000000000000000e+00
2.078471410529755481e+00 3.381304223859299738e-05 5.000000000000000000e-01 1.000000000000000000e+00
2.078471410529755481e+00 3.381304223859299738e-05 5.000000000000000000e-01 1.000000000000000000e+00
2.112291505084216592e+00 3.410050428502461569e-05 5.000000000000000000e-01 1.000000000000000000e+00
2.112291505084216592e+00 3.410050428502461569e-05 5.000000000000000000e-01 1.000000000000000000e+00
2.112291505084216592e+00 3.410050428502461569e-05 5.000000000000000000e-01 1.000000000000000000e+00
2.100585592589712558e+00 3.456611162802211386e-05 5.000000000000000000e-01 1.000000000000000000e+00
2.100585592589712558e+00 3.456611162802211386e-05 5.000000000000000000e-01 1.000000000000000000e+00
2.128919318065177535e+00 3.464802468378532744e-05 5.000000000000000000e-01 1.000000000000000000e+00
2.129160724969380691e+00 3.478410880182539595e-05 5.000000000000000000e-01 1.000000000000000000e+00
2.151976813648628806e+00 3.465529223833506596e-05 5.000000000000000000e-01 1.000000000000000000e+00
2.151976813648628806e+00 3.465529223833506596e-05 5.000000000000000000e-01 1.000000000000000000e+00
2.151976813648628806e+00 3.465529223833506596e-05 5.000000000000000000e-01 1.000000000000000000e+00
2.151976813648628806e+00 3.465529223833506596e-05 5.000000000000000000e-01 1.000000000000000000e+00
2.125363514859465841e+00 3.493086192483444260e-05 5.000000000000000000e-01 1.000000000000000000e+00
2.117555042823191069e+00 3.517582002626896937e-05 5.000000000000000000e-01 1.000000000000000000e+00
2.117555042823191069e+00 3.517582002626896937e-05 5.000000000000000000e-01 1.000000000000000000e+00
2.139196306835751571e+00 3.538046529737581423e-05 5.000000000000000000e-01 1.000000000000000000e+00
2.144109367245106590e+00 3.556931410672253629e-05 5.000000000000000000e-01 1.000000000000000000e+00
2.144109367245106590e+00 3.556931410672253629e-05 5.000000000000000000e-01 1.000000000000000000e+00
2.184852215389544661e+00 3.546643319855307454e-05 5.000000000000000000e-01 1.000000000000000000e+00
2.151725899942220188e+00 3.573951820901603355e-05 5.000000000000000000e-01 1.000000000000000000e+00
2.145572910869482541e+00 3.642252189074605078e-05 5.000000000000000000e-01 1.000000000000000000e+00
2.145572910869482541e+00 3.642252189074605078e-05 5.000000000000000000e-01 1.000000000000000000e+00
2.145572910869482541e+00 3.642252189074605078e-05 5.000000000000000000e-01 1.000000000000000000e+00
2.185777657249370343e+00 3.666163571153482534e-05 5.000000000000000000e-01 1.000000000000000000e+00
2.168244650556612196e+00 3.692596564344326183e-05 5.000000000000000000e-01 1.000000000000000000e+00
2.162930762025776055e+00 3.770436695363963109e-05 5.000000000000000000e-01 1.000000000000000000e+00
2.172029814556763583e+00 3.783385134749905763e-05 5.000000000000000000e-01 1.000000000000000000e+00
2.132918153282060914e+00 3.888782174456787447e-05 5.000000000000000000e-01 1.000000000000000000e+00
2.160853906524630386e+00 3.911636040823476021e-05 5.000000000000000000e-01 1.000000000000000000e+00
2.115597717729257976e+00 3.952064097697950918e-05 5.000000000000000000e-01 1.000000000000000000e+00
2.115597717729257976e+00 3.952064097697950918e-05 5.000000000000000000e-01 1.000000000000000000e+00
2.100784356809194175e+00 3.971853540526328464e-05 5.000000000000000000e-01 1.000000000000000000e+00
2.100784356809194175e+00 3.971853540526328464e-05 5.000000000000000000e-01 1.000000000000000000e+00
2.100784356809194175e+00 3.971853540526328464e-05 5.000000000000000000e-01 1.000000000000000000e+00
2.121520543638342193e+00 4.024166464263329848e-05 5.000000000000000000e-01 1.000000000000000000e+00
2.136027660465280142e+00 4.072303854031400955e-05 5.000000000000000000e-01 1.000000000000000000e+00
2.176520025703683192e+00 4.133193501623907734e-05 5.000000000000000000e-01 1.000000000000000000e+00
2.183613957670605288e+00 4.145914234562812046e-05 5.000000000000000000e-01 1.000000000000000000e+00
2.161394106334591836e+00 4.143190653549841894e-05 5.000000000000000000e-01 1.000000000000000000e+00
2.161394106334591836e+00 4.143190653549841894e-05 5.000000000000000000e-01 1.000000000000000000e+00
2.161394106334591836e+00 4.143190653549841894e-05 5.000000000000000000e-01 1.000000000000000000e+00
2.161394106334591836e+00 4.143190653549841894e-05 5.000000000000000000e-01 1.000000000000000000e+00
2.192951267351031408e+00 4.145341294781801432e-05 5.000000000000000000e-01 1.000000000000000000e+00
2.192951267351031408e+00 4.145341294781801432e-05 5.000000000000000000e-01 1.000000000000000000e+00
2.192951267351031408e+00 4.145341294781801432e-05 5.000000000000000000e-01 1.000000000000000000e+00
2.192951267351031408e+00 4.145341294781801432e-05 5.000000000000000000e-01 1.000000000000000000e+00
2.192951267351031408e+00 4.145341294781801432e-05 5.000000000000000000e-01 1.000000000000000000e+00
2.174393807283216074e+00 4.156730754162872994e-05 5.000000000000000000e-01 1.000000000000000000e+00
2.174393807283216074e+00 4.156730754162872994e-05 5.000000000000000000e-01 1.000000000000000000e+00
2.185674305916692095e+00 4.163328892553109595e-05 5.000000000000000000e-01 1.000000000000000000e+00
2.185674305916692095e+00 4.163328892553109595e-05 5.000000000000000000e-01 1.000000000000000000e+00
2.185674305916692095e+00 4.163328892553109595e-05 5.000000000000000000e-01 1.000000000000000000e+00
2.200127535133411083e+00 4.140646983396428522e-05 5.000000000000000000e-01 1.000000000000000000e+00
2.200127535133411083e+00 4.140646983396428522e-05 5.000000000000000000e-01 1.000000000000000000e+00
2.146685689529705954e+00 4.147366903868155276e-05 5.000000000000000000e-01 1.000000000000000000e+00
2.146685689529705954e+00 4.147366903868155276e-05 5.000000000000000000e-01 1.000000000000000000e+00
2.147780801393276651e+00 4.143100991322269861e-05 5.000000000000000000e-01 1.000000000000000000e+00
2.147780801393276651e+00 4.143100991322269861e-05 5.000000000000000000e-01 1.000000000000000000e+00
2.147780801393276651e+00 4.143100991322269861e-05 5.000000000000000000e-01 1.000000000000000000e+00
2.147780801393276651e+00 4.143100991322269861e-05 5.000000000000000000e-01 1.000000000000000000e+00
2.147780801393276651e+00 4.143100991322269861e-05 5.000000000000000000e-01 1.000000000000000000e+00
2.147780801393276651e+00 4.143100991322269861e-05 5.000000000000000000e-01 1.000000000000000000e+00
2.163344905685028241e+00 4.148419230860768224e-05 5.000000000000000000e-01 1.000000000000000000e+00
2.184328841192340942e+00 4.113116216998747741e-05 5.000000000000000000e-01 1.000000000000000000e+00
2.184328841192340942e+00 4.113116216998747741e-05 5.000000000000000000e-01 1.000000000000000000e+00
2.187624625171917803e+00 4.081428480381789830e-05 5.000000000000000000e-01 1.000000000000000000e+00
2.187624625171917803e+00 4.081428480381789830e-05 5.000000000000000000e-01 1.000000000000000000e+00
2.211927733494262416e+00 4.104335421873232147e-05 5.000000000000000000e-01 1.000000000000000000e+00
2.208056628211380712e+00 4.121816609640807525e-05 5.000000000000000000e-01 1.000000000000000000e+00
2.208056628211380712e+00 4.121816609640807525e-05 5.000000000000000000e-01 1.000000000000000000e+00
2.208056628211380712e+00 4.121816609640807525e-05 5.000000000000000000e-01 1.000000000000000000e+00
2.181565627978015343e+00 4.122040039766227277e-05 5.000000000000000000e-01 1.000000000000000000e+00
2.181565627978015343e+00 4.122040039766227277e-05 5.000000000000000000e-01 1.000000000000000000e+00
2.184484654768461542e+00 4.165116050330643771e-05 5.000000000000000000e-01 1.000000000000000000e+00
2.184484654768461542e+00 4.165116050330643771e-05 5.000000000000000000e-01 1.000000000000000000e+00
2.186435737026326986e+00 4.128665290368021461e-05 5.000000000000000000e-01 1.000000000000000000e+00
2.191679189778420689e+00 4.090750759813625278e-05 5.000000000000000000e-01 1.000000000000000000e+00
2.153736912815621629e+00 4.167638820199540296e-05 5.000000000000000000e-01 1.000000000000000000e+00
2.153736912815621629e+00 4.167638820199540296e-05 5.000000000000000000e-01 1.000000000000000000e+00
2.132408383841847055e+00 4.132753391703162523e-05 5.000000000000000000e-01 1.000000000000000000e+00
2.163387163267425972e+00 4.156870241527286380e-05 5.000000000000000000e-01 1.000000000000000000e+00
2.149331423139468011e+00 4.160323220772967621e-05 5.000000000000000000e-01 1.000000000000000000e+00
2.149331423139468011e+00 4.160323220772967621e-05 5.000000000000000000e-01 1.000000000000000000e+00
2.135351693533094064e+00 4.195185962536168240e-05 5.000000000000000000e-01 1.000000000000000000e+00
1.855863316513783445e+00 3.210217190036134850e-05 5.000000000000000000e-01 1.000000000000000000e+00
1.868672964109256540e+00 3.246730376352413995e-05 5.000000000000000000e-01 1.000000000000000000e+00
1.868672964109256540e+00 3.246730376352413995e-05 5.000000000000000000e-01 1.000000000000000000e+00
1.868672964109256540e+00 3.246730376352413995e-05 5.000000000000000000e-01 1.000000000000000000e+00
1.868672964109256540e+00 3.246730376352413995e-05 5.000000000000000000e-01 1.000000000000000000e+00
1.887417344881848313e+00 3.244293674158170839e-05 5.000000000000000000e-01 1.000000000000000000e+00
1.834969981225200941e+00 3.338831282698770890e-05 5.000000000000000000e-01 1.000000000000000000e+00
1.858985143360539327e+00 3.417233058476423861e-05 5.000000000000000000e-01 1.000000000000000000e+00
1.858985143360539327e+00 3.417233058476423861e-05 5.000000000000000000e-01 1.000000000000000000e+00
1.858985143360539327e+00 3.417233058476423861e-05 5.000000000000000000e-01 1.000000000000000000e+00
1.872882322597686056e+00 3.429825493268264620e-05 5.000000000000000000e-01 1.000000000000000000e+00
1.872882322597686056e+00 3.429825493268264620e-05 5.000000000000000000e-01 1.000000000000000000e+00
1.872882322597686056e+00 3.429825493268264620e-05 5.000000000000000000e-01 1.000000000000000000e+00
1.872882322597686056e+00 3.429825493268264620e-05 5.000000000000000000e-01 1.000000000000000000e+00
1.883684188418979666e+00 3.432766836850672436e-05 5.000000000000000000e-01 1.000000000000000000e+00
1.883684188418979666e+00 3.432766836850672436e-05 5.000000000000000000e-01 1.000000000000000000e+00
1.883684188418979666e+00 3.432766836850672436e-05 5.000000000000000000e-01 1.000000000000000000e+00
1.883684188418979666e+00 3.432766836850672436e-05 5.000000000000000000e-01 1.000000000000000000e+00
1.915192234278683570e+00 3.515632104734582640e-05 5.000000000000000000e-01 1.000000000000000000e+00
1.907184142553924211e+00 3.551818509874702019e-05 5.000000000000000000e-01 1.000000000000000000e+00
1.879079188684176005e+00 3.586337825230248463e-05 5.000000000000000000e-01 1.000000000000000000e+00
1.879079188684176005e+00 3.586337825230248463e-05 5.000000000000000000e-01 1.000000000000000000e+00
1.879079188684176005e+00 3.586337825230248463e-05 5.000000000000000000e-01 1.000000000000000000e+00
1.878692384787659542e+00 3.625616027090576571e-05 5.000000000000000000e-01 1.000000000000000000e+00
1.878692384787659542e+00 3.625616027090576571e-05 5.000000000000000000e-01 1.000000000000000000e+00
1.878692384787659542e+00 3.625616027090576571e-05 5.000000000000000000e-01 1.000000000000000000e+00
1.878692384787659542e+00 3.625616027090576571e-05 5.000000000000000000e-01 1.000000000000000000e+00
1.871821891422967621e+00 3.708774269125720050e-05 5.000000000000000000e-01 1.000000000000000000e+00
1.884616246538867168e+00 3.692467122764075819e-05 5.000000000000000000e-01 1.000000000000000000e+00
1.864261965924218556e+00 3.765585985925022617e-05 5.000000000000000000e-01 1.000000000000000000e+00
1.864261965924218556e+00 3.765585985925022617e-05 5.000000000000000000e-01 1.000000000000000000e+00
1.864261965924218556e+00 3.765585985925022617e-05 5.000000000000000000e-01 1.000000000000000000e+00
1.873387810181926572e+00 3.768039121479887637e-05 5.000000000000000000e-01 1.000000000000000000e+00
1.873387810181926572e+00 3.768039121479887637e-05 5.000000000000000000e-01 1.000000000000000000e+00
1.873387810181926572e+00 3.768039121479887637e-05 5.000000000000000000e-01 1.000000000000000000e+00
1.873387810181926572e+00 3.768039121479887637e-05 5.000000000000000000e-01 1.000000000000000000e+00
1.873387810181926572e+00 3.768039121479887637e-05 5.000000000000000000e-01 1.000000000000000000e+00
1.873387810181926572e+00 3.768039121479887637e-05 5.000000000000000000e-01 1.000000000000000000e+00
1.952181636447562152e+00 3.797100480736024532e-05 5.000000000000000000e-01 1.000000000000000000e+00
1.990180567001791134e+00 3.816534444193475683e-05 5.000000000000000000e-01 1.000000000000000000e+00
1.990180567001791134e+00 3.816534444193475683e-05 5.000000000000000000e-01 1.000000000000000000e+00
1.990180567001791134e+00 3.816534444193475683e-05 5.000000000000000000e-01 1.000000000000000000e+00
2.011987366370703523e+00 3.840413151935469265e-05 5.000000000000000000e-01 1.000000000000000000e+00
2.017660594420604525e+00 3.836792484492464975e-05 5.000000000000000000e-01 1.000000000000000000e+00
2.001913428343735202e+00 3.852217293421791839e-05 5.000000000000000000e-01 1.000000000000000000e+00
2.001913428343735202e+00 3.852217293421791839e-05 5.000000000000000000e-01 1.000000000000000000e+00
2.001913428343735202e+00 3.852217293421791839e-05 5.000000000000000000e-01 1.000000000000000000e+00
2.061710865334916765e+00 3.836497319039428603e-05 5.000000000000000000e-01 1.000000000000000000e+00
2.065662147496702072e+00 3.849586455465092970e-05 5.000000000000000000e-01 1.000000000000000000e+00
2.065662147496702072e+00 3.849586455465092970e-05 5.000000000000000000e-01 1.000000000000000000e+00
2.065662147496702072e+00 3.849586455465092970e-05 5.000000000000000000e-01 1.000000000000000000e+00
2.065662147496702072e+00 3.849586455465092970e-05 5.000000000000000000e-01 1.000000000000000000e+00
2.065662147496702072e+00 3.849586455465092970e-05 5.000000000000000000e-01 1.000000000000000000e+00
2.065662147496702072e+00 3.849586455465092970e-05 5.000000000000000000e-01 1.000000000000000000e+00
2.065662147496702072e+00 3.849586455465092970e-05 5.000000000000000000e-01 1.000000000000000000e+00
2.065662147496702072e+00 3.849586455465092970e-05 5.000000000000000000e-01 1.000000000000000000e+00
2.065662147496702072e+00 3.849586455465092970e-05 5.000000000000000000e-01 1.000000000000000000e+00
2.055044373585012352e+00 3.860201575788805070e-05 5.000000000000000000e-01 1.000000000000000000e+00
2.084354333654810709e+00 3.882548122860505558e-05 5.000000000000000000e-01 1.000000000000000000e+00
2.084354333654810709e+00 3.882548122860505558e-05 5.000000000000000000e-01 1.000000000000000000e+00
2.087900366205490688e+00 3.865403961558114656e-05 5.000000000000000000e-01 1.000000000000000000e+00
2.103243212504376736e+00 3.867612775462326658e-05 5.000000000000000000e-01 1.000000000000000000e+00
2.103243212504376736e+00 3.867612775462326658e-05 5.000000000000000000e-01 1.000000000000000000e+00
2.103243212504376736e+00 3.867612775462326658e-05 5.000000000000000000e-01 1.000000000000000000e+00
2.144269177259172654e+00 3.924533453789903862e-05 5.000000000000000000e-01 1.000000000000000000e+00
2.135967950695395245e+00 3.954401743903576319e-05 5.000000000000000000e-01 1.000000000000000000e+00
2.179933819550686547e+00 3.956913967998880758e-05 5.000000000000000000e-01 1.000000000000000000e+00
2.179933819550686547e+00 3.956913967998880758e-05 5.000000000000000000e-01 1.000000000000000000e+00
2.179933819550686547e+00 3.956913967998880758e-05 5.000000000000000000e-01 1.000000000000000000e+00
2.179933819550686547e+00 3.956913967998880758e-05 5.000000000000000000e-01 1.000000000000000000e+00
2.179933819550686547e+00 3.956913967998880758e-05 5.000000000000000000e-01 1.000000000000000000e+00
2.179933819550686547e+00 3.956913967998880758e-05 5.000000000000000000e-01 1.000000000000000000e+00
2.179933819550686547e+00 3.956913967998880758e-05 5.000000000000000000e-01 1.000000000000000000e+00
2.200729941206892359e+00 3.992082176186617285e-05 5.000000000000000000e-01 1.000000000000000000e+00
2.169012622293368775e+00 4.032018444236320424e-05 5.000000000000000000e-01 1.000000000000000000e+00
2.169012622293368775e+00 4.032018444236320424e-05 5.000000000000000000e-01 1.000000000000000000e+00
2.169012622293368775e+00 4.032018444236320424e-05 5.000000000000000000e-01 1.000000000000000000e+00
2.169012622293368775e+00 4.032018444236320424e-05 5.000000000000000000e-01 1.000000000000000000e+00
2.165099382702405428e+00 4.067200182547867836e-05 5.000000000000000000e-01 1.000000000000000000e+00
2.165099382702405428e+00 4.067200182547867836e-05 5.000000000000000000e-01 1.000000000000000000e+00
2.165099382702405428e+00 4.067200182547867836e-05 5.000000000000000000e-01 1.000000000000000000e+00
2.165099382702405428e+00 4.067200182547867836e-05 5.000000000000000000e-01 1.000000000000000000e+00
2.165099382702405428e+00 4.067200182547867836e-05 5.000000000000000000e-01 1.000000000000000000e+00
2.165099382702405428e+00 4.067200182547867836e-05 5.000000000000000000e-01 1.000000000000000000e+00
2.165099382702405428e+00 4.067200182547867836e-05 5.000000000000000000e-01 1.000000000000000000e+00
2.159523517705506102e+00 4.084353126114143094e-05 5.000000000000000000e-01 1.000000000000000000e+00
2.138777183938482374e+00 4.215391068133286936e-05 5.000000000000000000e-01 1.000000000000000000e+00
2.138777183938482374e+00 4.215391068133286936e-05 5.000000000000000000e-01 1.000000000000000000e+00
2.138777183938482374e+00 4.215391068133286936e-05 5.000000000000000000e-01 1.000000000000000000e+00
2.112899665982085562e+00 4.178520885002553792e-05 5.000000000000000000e-01 1.000000000000000000e+00
2.120788787682561960e+00 4.180819052069550311e-05 5.000000000000000000e-01 1.000000000000000000e+00
2.120788787682561960e+00 4.180819052069550311e-05 5.000000000000000000e-01 1.000000000000000000e+00
2.118945345800102853e+00 4.198775978180866516e-05 5.000000000000000000e-01 1.000000000000000000e+00
2.118945345800102853e+00 4.198775978180866516e-05 5.000000000000000000e-01 1.000000000000000000e+00
2.118945345800102853e+00 4.198775978180866516e-05 5.000000000000000000e-01 1.000000000000000000e+00
2.118945345800102853e+00 4.198775978180866516e-05 5.000000000000000000e-01 1.000000000000000000e+00
2.118945345800102853e+00 4.198775978180866516e-05 5.000000000000000000e-01 1.000000000000000000e+00
2.118945345800102853e+00 4.198775978180866516e-05 5.000000000000000000e-01 1.000000000000000000e+00
2.140819194501356826e+00 4.165288436355208920e-05 5.000000000000000000e-01 1.000000000000000000e+00
2.140819194501356826e+00 4.165288436355208920e-05 5.000000000000000000e-01 1.000000000000000000e+00
1.861289550987331953e+00 3.236192752539323241e-05 5.000000000000000000e-01 1.000000000000000000e+00
1.861289550987331953e+00 3.236192752539323241e-05 5.000000000000000000e-01 1.000000000000000000e+00
1.861289550987331953e+00 3.236192752539323241e-05 5.000000000000000000e-01 1.000000000000000000e+00
1.884226187353006399e+00 3.321694757836840002e-05 5.000000000000000000e-01 1.000000000000000000e+00
1.884226187353006399e+00 3.321694757836840002e-05 5.000000000000000000e-01 1.000000000000000000e+00
1.884226187353006399e+00 3.321694757836840002e-05 5.000000000000000000e-01 1.000000000000000000e+00
1.942369771218136476e+00 3.296653680454881923e-05 5.000000000000000000e-01 1.000000000000000000e+00
1.933775580340960198e+00 3.309136373932477143e-05 5.000000000000000000e-01 1.000000000000000000e+00
1.933775580340960198e+00 3.309136373932477143e-05 5.000000000000000000e-01 1.000000000000000000e+00
1.933775580340960198e+00 3.309136373932477143e-05 5.000000000000000000e-01 1.000000000000000000e+00
1.933775580340960198e+00 3.309136373932477143e-05 5.000000000000000000e-01 1.000000000000000000e+00
1.956834432400085477e+00 3.329570928328747735e-05 5.000000000000000000e-01 1.000000000000000000e+00
1.914865174056905150e+00 3.367582269804434504e-05 5.000000000000000000e-01 1.000000000000000000e+00
1.941814605772616664e+00 3.359241354112218314e-05 5.000000000000000000e-01 1.000000000000000000e+00
1.976156429620697930e+00 3.365474098055755165e-05 5.000000000000000000e-01 1.000000000000000000e+00
1.991155882904265040e+00 3.390628316371428183e-05 5.000000000000000000e-01 1.000000000000000000e+00
1.991155882904265040e+00 3.390628316371428183e-05 5.000000000000000000e-01 1.000000000000000000e+00
2.027574844719513436e+00 3.426890471119994940e-05 5.000000000000000000e-01 1.000000000000000000e+00
2.012884311929029835e+00 3.444965293392219537e-05 5.000000000000000000e-01 1.000000000000000000e+00
2.012884311929029835e+00 3.444965293392219537e-05 5.000000000000000000e-01 1.000000000000000000e+00
2.001957674457308212e+00 3.456614549908641949e-05 5.000000000000000000e-01 1.000000000000000000e+00
2.038211199530184370e+00 3.506553522552315310e-05 5.000000000000000000e-01 1.000000000000000000e+00
2.065993794052225052e+00 3.493828926148704694e-05 5.000000000000000000e-01 1.000000000000000000e+00
2.126651824821900405e+00 3.474764969181462032e-05 5.000000000000000000e-01 1.000000000000000000e+00
2.126651824821900405e+00 3.474764969181462032e-05 5.000000000000000000e-01 1.000000000000000000e+00
2.126542762275040577e+00 3.519777189963056030e-05 5.000000000000000000e-01 1.000000000000000000e+00
2.173597889497219882e+00 3.509632890186546381e-05 5.000000000000000000e-01 1.000000000000000000e+00
2.173597889497219882e+00 3.509632890186546381e-05 5.000000000000000000e-01 1.000000000000000000e+00
2.163138516466938555e+00 3.569935855457504658e-05 5.000000000000000000e-01 1.000000000000000000e+00
2.163138516466938555e+00 3.569935855457504658e-05 5.000000000000000000e-01 1.000000000000000000e+00
2.162438136925449506e+00 3.571791850885715886e-05 5.000000000000000000e-01 1.000000000000000000e+00
2.162438136925449506e+00 3.571791850885715886e-05 5.000000000000000000e-01 1.000000000000000000e+00
2.191449779410272747e+00 3.637234604230685274e-05 5.000000000000000000e-01 1.000000000000000000e+00
2.191449779410272747e+00 3.637234604230685274e-05 5.000000000000000000e-01 1.000000000000000000e+00
2.191449779410272747e+00 3.637234604230685274e-05 5.000000000000000000e-01 1.000000000000000000e+00
2.248423717071859951e+00 3.610100360222307859e-05 5.000000000000000000e-01 1.000000000000000000e+00
2.248423717071859951e+00 3.610100360222307859e-05 5.000000000000000000e-01 1.000000000000000000e+00
2.248423717071859951e+00 3.610100360222307859e-05 5.000000000000000000e-01 1.000000000000000000e+00
2.248423717071859951e+00 3.610100360222307859e-05 5.000000000000000000e-01 1.000000000000000000e+00
2.248423717071859951e+00 3.610100360222307859e-05 5.000000000000000000e-01 1.000000000000000000e+00
2.256713727031794736e+00 3.624737380965701612e-05 5.000000000000000000e-01 1.000000000000000000e+00
2.239955075507023441e+00 3.699041389232165730e-05 5.000000000000000000e-01 1.000000000000000000e+00
2.308611318780114274e+00 3.692032674557401675e-05 5.000000000000000000e-01 1.000000000000000000e+00
2.308611318780114274e+00 3.692032674557401675e-05 5.000000000000000000e-01 1.000000000000000000e+00
2.308611318780114274e+00 3.692032674557401675e-05 5.000000000000000000e-01 1.000000000000000000e+00
2.338587158759306561e+00 3.698026375157020747e-05 5.000000000000000000e-01 1.000000000000000000e+00
2.353114969267000145e+00 3.724615490986693897e-05 5.000000000000000000e-01 1.000000000000000000e+00
2.353114969267000145e+00 3.724615490986693897e-05 5.000000000000000000e-01 1.000000000000000000e+00
2.353114969267000145e+00 3.724615490986693897e-05 5.000000000000000000e-01 1.000000000000000000e+00
2.353114969267000145e+00 3.724615490986693897e-05 5.000000000000000000e-01 1.000000000000000000e+00
2.353430048028928745e+00 3.777489114761024825e-05 5.000000000000000000e-01 1.000000000000000000e+00
2.378661635680851649e+00 3.816998467736168883e-05 5.000000000000000000e-01 1.000000000000000000e+00
2.437036185518838050e+00 3.798330754583372854e-05 5.000000000000000000e-01 1.000000000000000000e+00
2.486640734484126369e+00 3.837995673279238185e-05 5.000000000000000000e-01 1.000000000000000000e+00
2.486640734484126369e+00 3.837995673279238185e-05 5.000000000000000000e-01 1.000000000000000000e+00
2.486640734484126369e+00 3.837995673279238185e-05 5.000000000000000000e-01 1.000000000000000000e+00
2.478231839597983654e+00 3.859743070236623815e-05 5.000000000000000000e-01 1.000000000000000000e+00
2.478231839597983654e+00 3.859743070236623815e-05 5.000000000000000000e-01 1.000000000000000000e+00
2.478231839597983654e+00 3.859743070236623815e-05 5.000000000000000000e-01 1.000000000000000000e+00
2.473060982197166080e+00 3.883666371844124936e-05 5.000000000000000000e-01 1.000000000000000000e+00
2.493002998159289607e+00 3.861237500218681014e-05 5.000000000000000000e-01 1.000000000000000000e+00
2.493002998159289607e+00 3.861237500218681014e-05 5.000000000000000000e-01 1.000000000000000000e+00
2.493002998159289607e+00 3.861237500218681014e-05 5.000000000000000000e-01 1.000000000000000000e+00
2.511206187981672500e+00 3.881201375318659862e-05 5.000000000000000000e-01 1.000000000000000000e+00
2.511206187981672500e+00 3.881201375318659862e-05 5.000000000000000000e-01 1.000000000000000000e+00
2.485619378138959057e+00 3.870168022782894659e-05 5.000000000000000000e-01 1.000000000000000000e+00
2.485619378138959057e+00 3.870168022782894659e-05 5.000000000000000000e-01 1.000000000000000000e+00
2.485619378138959057e+00 3.870168022782894659e-05 5.000000000000000000e-01 1.000000000000000000e+00
2.520104237292528637e+00 3.847065277103590389e-05 5.000000000000000000e-01 1.000000000000000000e+00
2.520104237292528637e+00 3.847065277103590389e-05 5.000000000000000000e-01 1.000000000000000000e+00
2.515543419051489149e+00 3.815271460581542268e-05 5.000000000000000000e-01 1.000000000000000000e+00
2.466129087384473451e+00 3.862186196820315535e-05 5.000000000000000000e-01 1.000000000000000000e+00
2.476232505913217530e+00 3.903142123705701487e-05 5.000000000000000000e-01 1.000000000000000000e+00
2.472965869919641957e+00 3.860660419487971782e-05 5.000000000000000000e-01 1.000000000000000000e+00
2.472965869919641957e+00 3.860660419487971782e-05 5.000000000000000000e-01 1.000000000000000000e+00
2.431656835699941510e+00 3.914860824721181905e-05 5.000000000000000000e-01 1.000000000000000000e+00
2.431656835699941510e+00 3.914860824721181905e-05 5.000000000000000000e-01 1.000000000000000000e+00
2.424411939967017648e+00 3.924621504033687933e-05 5.000000000000000000e-01 1.000000000000000000e+00
2.424411939967017648e+00 3.924621504033687933e-05 5.000000000000000000e-01 1.000000000000000000e+00
2.424411939967017648e+00 3.924621504033687933e-05 5.000000000000000000e-01 1.000000000000000000e+00
2.457866860401382691e+00 3.921986758849429718e-05 5.000000000000000000e-01 1.000000000000000000e+00
2.457866860401382691e+00 3.921986758849429718e-05 5.000000000000000000e-01 1.000000000000000000e+00
2.457866860401382691e+00 3.921986758849429718e-05 5.000000000000000000e-01 1.000000000000000000e+00
2.457866860401382691e+00 3.921986758849429718e-05 5.000000000000000000e-01 1.000000000000000000e+00
2.457866860401382691e+00 3.921986758849429718e-05 5.000000000000000000e-01 1.000000000000000000e+00
2.457866860401382691e+00 3.921986758849429718e-05 5.000000000000000000e-01 1.000000000000000000e+00
2.435130453793208805e+00 3.898342798914963678e-05 5.000000000000000000e-01 1.000000000000000000e+00
2.435130453793208805e+00 3.898342798914963678e-05 5.000000000000000000e-01 1.000000000000000000e+00
2.435130453793208805e+00 3.898342798914963678e-05 5.000000000000000000e-01 1.000000000000000000e+00
2.450504112412559721e+00 3.877760682860731346e-05 5.000000000000000000e-01 1.000000000000000000e+00
2.450504112412559721e+00 3.877760682860731346e-05 5.000000000000000000e-01 1.000000000000000000e+00
2.473404939481506748e+00 3.900101257981146159e-05 5.000000000000000000e-01 1.000000000000000000e+00
2.435640746830708636e+00 3.915500894153132647e-05 5.000000000000000000e-01 1.000000000000000000e+00
2.435640746830708636e+00 3.915500894153132647e-05 5.000000000000000000e-01 1.000000000000000000e+00
2.417768636745697641e+00 3.898213695047073968e-05 5.000000000000000000e-01 1.000000000000000000e+00
2.417768636745697641e+00 3.898213695047073968e-05 5.000000000000000000e-01 1.000000000000000000e+00
2.417768636745697641e+00 3.898213695047073968e-05 5.000000000000000000e-01 1.000000000000000000e+00
2.417768636745697641e+00 3.898213695047073968e-05 5.000000000000000000e-01 1.000000000000000000e+00
2.417768636745697641e+00 3.898213695047073968e-05 5.000000000000000000e-01 1.000000000000000000e+00
2.433917104420837418e+00 3.918700358801756079e-05 5.000000000000000000e-01 1.000000000000000000e+00
1.820103340319072283e+00 3.234901309692605505e-05 5.000000000000000000e-01 1.000000000000000000e+00
1.820103340319072283e+00 3.234901309692605505e-05 5.000000000000000000e-01 1.000000000000000000e+00
1.820103340319072283e+00 3.234901309692605505e-05 5.000000000000000000e-01 1.000000000000000000e+00
1.820103340319072283e+00 3.234901309692605505e-05 5.000000000000000000e-01 1.000000000000000000e+00
1.823567524788524574e+00 3.288585476285923499e-05 5.000000000000000000e-01 1.000000000000000000e+00
1.823567524788524574e+00 3.288585476285923499e-05 5.000000000000000000e-01 1.000000000000000000e+00
1.823567524788524574e+00 3.288585476285923499e-05 5.000000000000000000e-01 1.000000000000000000e+00
1.823567524788524574e+00 3.288585476285923499e-05 5.000000000000000000e-01 1.000000000000000000e+00
1.894925867587027302e+00 3.289826590254468194e-05 5.000000000000000000e-01 1.000000000000000000e+00
1.929572349384820473e+00 3.310788659295048353e-05 5.000000000000000000e-01 1.000000000000000000e+00
1.934928074745401849e+00 3.361245799568020879e-05 5.000000000000000000e-01 1.000000000000000000e+00
1.953563823911101505e+00 3.390632248038833699e-05 5.000000000000000000e-01 1.000000000000000000e+00
1.983416762299519132e+00 3.391735462961318530e-05 5.000000000000000000e-01 1.000000000000000000e+00
1.983416762299519132e+00 3.391735462961318530e-05 5.000000000000000000e-01 1.000000000000000000e+00
1.983416762299519132e+00 3.391735462961318530e-05 5.000000000000000000e-01 1.000000000000000000e+00
1.983416762299519132e+00 3.391735462961318530e-05 5.000000000000000000e-01 1.000000000000000000e+00
1.964156515452773144e+00 3.422892568574325287e-05 5.000000000000000000e-01 1.000000000000000000e+00
1.950651704626412908e+00 3.437518867096866153e-05 5.000000000000000000e-01 1.000000000000000000e+00
1.950651704626412908e+00 3.437518867096866153e-05 5.000000000000000000e-01 1.000000000000000000e+00
1.994040305264618507e+00 3.435367947466448900e-05 5.000000000000000000e-01 1.000000000000000000e+00
1.994040305264618507e+00 3.435367947466448900e-05 5.000000000000000000e-01 1.000000000000000000e+00
2.060815825573099502e+00 3.493093302653164505e-05 5.000000000000000000e-01 1.000000000000000000e+00
2.084042518955448564e+00 3.508930382516889016e-05 5.000000000000000000e-01 1.000000000000000000e+00
2.084042518955448564e+00 3.508930382516889016e-05 5.000000000000000000e-01 1.000000000000000000e+00
2.084042518955448564e+00 3.508930382516889016e-05 5.000000000000000000e-01 1.000000000000000000e+00
2.084042518955448564e+00 3.508930382516889016e-05 5.000000000000000000e-01 1.000000000000000000e+00
2.119998923646405853e+00 3.511282167379584215e-05 5.000000000000000000e-01 1.000000000000000000e+00
2.119998923646405853e+00 3.511282167379584215e-05 5.000000000000000000e-01 1.000000000000000000e+00
2.119998923646405853e+00 3.511282167379584215e-05 5.000000000000000000e-01 1.000000000000000000e+00
2.119998923646405853e+00 3.511282167379584215e-05 5.000000000000000000e-01 1.000000000000000000e+00
2.148968246497998891e+00 3.569193289624673085e-05 5.000000000000000000e-01 1.000000000000000000e+00
2.159738881560672841e+00 3.562709054689103293e-05 5.000000000000000000e-01 1.000000000000000000e+00
2.159738881560672841e+00 3.562709054689103293e-05 5.000000000000000000e-01 1.000000000000000000e+00
2.180791225523677213e+00 3.593349644674099879e-05 5.000000000000000000e-01 1.000000000000000000e+00
2.180791225523677213e+00 3.593349644674099879e-05 5.000000000000000000e-01 1.000000000000000000e+00
2.180791225523677213e+00 3.593349644674099879e-05 5.000000000000000000e-01 1.000000000000000000e+00
2.236168479717580482e+00 3.613022424951522587e-05 5.000000000000000000e-01 1.000000000000000000e+00
2.236168479717580482e+00 3.613022424951522587e-05 5.000000000000000000e-01 1.000000000000000000e+00
2.236168479717580482e+00 3.613022424951522587e-05 5.000000000000000000e-01 1.000000000000000000e+00
2.210135479703074335e+00 3.641817054454984595e-05 5.000000000000000000e-01 1.000000000000000000e+00
2.210135479703074335e+00 3.641817054454984595e-05 5.000000000000000000e-01 1.000000000000000000e+00
2.182726976105823447e+00 3.671713559493717556e-05 5.000000000000000000e-01 1.000000000000000000e+00
2.182726976105823447e+00 3.671713559493717556e-05 5.000000000000000000e-01 1.000000000000000000e+00
2.178534419925423737e+00 3.687411720930823100e-05 5.000000000000000000e-01 1.000000000000000000e+00
2.178534419925423737e+00 3.687411720930823100e-05 5.000000000000000000e-01 1.000000000000000000e+00
2.234634317575791229e+00 3.739835935153597166e-05 5.000000000000000000e-01 1.000000000000000000e+00
2.300939015806586330e+00 3.748705195271308905e-05 5.000000000000000000e-01 1.000000000000000000e+00
2.300939015806586330e+00 3.748705195271308905e-05 5.000000000000000000e-01 1.000000000000000000e+00
2.300939015806586330e+00 3.748705195271308905e-05 5.000000000000000000e-01 1.000000000000000000e+00
2.300939015806586330e+00 3.748705195271308905e-05 5.000000000000000000e-01 1.000000000000000000e+00
2.300939015806586330e+00 3.748705195271308905e-05 5.000000000000000000e-01 1.000000000000000000e+00
2.300939015806586330e+00 3.748705195271308905e-05 5.000000000000000000e-01 1.000000000000000000e+00
2.300939015806586330e+00 3.748705195271308905e-05 5.000000000000000000e-01 1.000000000000000000e+00
2.312463151008591566e+00 3.773463872517287870e-05 5.000000000000000000e-01 1.000000000000000000e+00
2.309672228227268143e+00 3.785475228613359531e-05 5.000000000000000000e-01 1.000000000000000000e+00
2.309672228227268143e+00 3.785475228613359531e-05 5.000000000000000000e-01 1.000000000000000000e+00
2.309672228227268143e+00 3.785475228613359531e-05 5.000000000000000000e-01 1.000000000000000000e+00
2.309672228227268143e+00 3.785475228613359531e-05 5.000000000000000000e-01 1.000000000000000000e+00
2.339009507309828262e+00 3.833124773333610618e-05 5.000000000000000000e-01 1.000000000000000000e+00
2.367170547548855808e+00 3.792412784532556483e-05 5.000000000000000000e-01 1.000000000000000000e+00
2.440815908459641470e+00 3.759582613213333275e-05 5.000000000000000000e-01 1.000000000000000000e+00
2.505672863866442057e+00 3.741177978109142118e-05 5.000000000000000000e-01 1.000000000000000000e+00
2.505672863866442057e+00 3.741177978109142118e-05 5.000000000000000000e-01 1.000000000000000000e+00
2.505672863866442057e+00 3.741177978109142118e-05 5.000000000000000000e-01 1.000000000000000000e+00
2.574395349252192933e+00 3.753396650092646615e-05 5.000000000000000000e-01 1.000000000000000000e+00
2.574395349252192933e+00 3.753396650092646615e-05 5.000000000000000000e-01 1.000000000000000000e+00
2.533235247780910804e+00 3.835078547974811561e-05 5.000000000000000000e-01 1.000000000000000000e+00
2.533235247780910804e+00 3.835078547974811561e-05 5.000000000000000000e-01 1.000000000000000000e+00
2.556069119171250570e+00 3.787616447713876495e-05 5.000000000000000000e-01 1.000000000000000000e+00
2.553150551114325761e+00 3.789983456901438474e-05 5.000000000000000000e-01 1.000000000000000000e+00
2.536774169400943357e+00 3.803640859907655666e-05 5.000000000000000000e-01 1.000000000000000000e+00
2.536774169400943357e+00 3.803640859907655666e-05 5.000000000000000000e-01 1.000000000000000000e+00
2.584049742774173097e+00 3.817766224257247021e-05 5.000000000000000000e-01 1.000000000000000000e+00
2.584049742774173097e+00 3.817766224257247021e-05 5.000000000000000000e-01 1.000000000000000000e+00
2.614923449492619234e+00 3.776350370039150675e-05 5.000000000000000000e-01 1.000000000000000000e+00
2.614923449492619234e+00 3.776350370039150675e-05 5.000000000000000000e-01 1.000000000000000000e+00
2.613306483754375797e+00 3.799153207260811614e-05 5.000000000000000000e-01 1.000000000000000000e+00
2.605776894013252853e+00 3.767512400971012159e-05 5.000000000000000000e-01 1.000000000000000000e+00
2.605776894013252853e+00 3.767512400971012159e-05 5.000000000000000000e-01 1.000000000000000000e+00
2.604147424537871292e+00 3.801110761891489772e-05 5.000000000000000000e-01 1.000000000000000000e+00
2.618277942112777090e+00 3.803091601928178939e-05 5.000000000000000000e-01 1.000000000000000000e+00
2.618277942112777090e+00 3.803091601928178939e-05 5.000000000000000000e-01 1.000000000000000000e+00
2.618277942112777090e+00 3.803091601928178939e-05 5.000000000000000000e-01 1.000000000000000000e+00
2.580394902934568524e+00 3.806748814657949352e-05 5.000000000000000000e-01 1.000000000000000000e+00
2.522643888754721786e+00 3.839721437345435028e-05 5.000000000000000000e-01 1.000000000000000000e+00
2.491672166446480041e+00 3.833914103128413097e-05 5.000000000000000000e-01 1.000000000000000000e+00
2.509686379040237725e+00 3.857384785450339342e-05 5.000000000000000000e-01 1.000000000000000000e+00
2.553731991921564415e+00 3.842908800153418156e-05 5.000000000000000000e-01 1.000000000000000000e+00
2.553731991921564415e+00 3.842908800153418156e-05 5.000000000000000000e-01 1.000000000000000000e+00
2.559306291107155129e+00 3.824752524275663168e-05 5.000000000000000000e-01 1.000000000000000000e+00
2.559306291107155129e+00 3.824752524275663168e-05 5.000000000000000000e-01 1.000000000000000000e+00
2.559306291107155129e+00 3.824752524275663168e-05 5.000000000000000000e-01 1.000000000000000000e+00
2.532515939299913477e+00 3.825196749549416431e-05 5.000000000000000000e-01 1.000000000000000000e+00
2.532515939299913477e+00 3.825196749549416431e-05 5.000000000000000000e-01 1.000000000000000000e+00
2.515499037723373466e+00 3.849655757103092300e-05 5.000000000000000000e-01 1.000000000000000000e+00
2.515499037723373466e+00 3.849655757103092300e-05 5.000000000000000000e-01 1.000000000000000000e+00
2.515499037723373466e+00 3.849655757103092300e-05 5.000000000000000000e-01 1.000000000000000000e+00
2.515499037723373466e+00 3.849655757103092300e-05 5.000000000000000000e-01 1.000000000000000000e+00
2.515499037723373466e+00 3.849655757103092300e-05 5.000000000000000000e-01 1.000000000000000000e+00
2.515499037723373466e+00 3.849655757103092300e-05 5.000000000000000000e-01 1.000000000000000000e+00
1.827414846501280055e+00 3.302592688618710232e-05 5.000000000000000000e-01 1.000000000000000000e+00
1.827414846501280055e+00 3.302592688618710232e-05 5.000000000000000000e-01 1.000000000000000000e+00
1.827414846501280055e+00 3.302592688618710232e-05 5.000000000000000000e-01 1.000000000000000000e+00
1.827414846501280055e+00 3.302592688618710232e-05 5.000000000000000000e-01 1.000000000000000000e+00
1.802041886820580086e+00 3.395309452500668961e-05 5.000000000000000000e-01 1.000000000000000000e+00
1.806311940467819843e+00 3.425800861778170286e-05 5.000000000000000000e-01 1.000000000000000000e+00
1.856298339939395969e+00 3.428766864607874393e-05 5.000000000000000000e-01 1.000000000000000000e+00
1.856298339939395969e+00 3.428766864607874393e-05 5.000000000000000000e-01 1.000000000000000000e+00
1.856298339939395969e+00 3.428766864607874393e-05 5.000000000000000000e-01 1.000000000000000000e+00
1.856298339939395969e+00 3.428766864607874393e-05 5.000000000000000000e-01 1.000000000000000000e+00
1.856298339939395969e+00 3.428766864607874393e-05 5.000000000000000000e-01 1.000000000000000000e+00
1.856298339939395969e+00 3.428766864607874393e-05 5.000000000000000000e-01 1.000000000000000000e+00
1.856298339939395969e+00 3.428766864607874393e-05 5.000000000000000000e-01 1.000000000000000000e+00
1.856298339939395969e+00 3.428766864607874393e-05 5.000000000000000000e-01 1.000000000000000000e+00
1.856298339939395969e+00 3.428766864607874393e-05 5.000000000000000000e-01 1.000000000000000000e+00
1.856298339939395969e+00 3.428766864607874393e-05 5.000000000000000000e-01 1.000000000000000000e+00
1.856298339939395969e+00 3.428766864607874393e-05 5.000000000000000000e-01 1.000000000000000000e+00
1.855338759434932205e+00 3.463361625442278188e-05 5.000000000000000000e-01 1.000000000000000000e+00
1.855338759434932205e+00 3.463361625442278188e-05 5.000000000000000000e-01 1.000000000000000000e+00
1.865199421258338042e+00 3.474211060240744141e-05 5.000000000000000000e-01 1.000000000000000000e+00
1.852214992162728668e+00 3.507222596378130878e-05 5.000000000000000000e-01 1.000000000000000000e+00
1.852214992162728668e+00 3.507222596378130878e-05 5.000000000000000000e-01 1.000000000000000000e+00
1.835242380045628119e+00 3.606499206496956080e-05 5.000000000000000000e-01 1.000000000000000000e+00
1.851795086926271150e+00 3.600207709989705580e-05 5.000000000000000000e-01 1.000000000000000000e+00
1.851795086926271150e+00 3.600207709989705580e-05 5.000000000000000000e-01 1.000000000000000000e+00
1.851795086926271150e+00 3.600207709989705580e-05 5.000000000000000000e-01 1.000000000000000000e+00
1.838973011065171859e+00 3.637506285595935260e-05 5.000000000000000000e-01 1.000000000000000000e+00
1.838973011065171859e+00 3.637506285595935260e-05 5.000000000000000000e-01 1.000000000000000000e+00
1.838973011065171859e+00 3.637506285595935260e-05 5.000000000000000000e-01 1.000000000000000000e+00
1.857441071823834333e+00 3.636351780870074725e-05 5.000000000000000000e-01 1.000000000000000000e+00
1.852702999878811374e+00 3.666518651586921204e-05 5.000000000000000000e-01 1.000000000000000000e+00
1.852702999878811374e+00 3.666518651586921204e-05 5.000000000000000000e-01 1.000000000000000000e+00
1.852702999878811374e+00 3.666518651586921204e-05 5.000000000000000000e-01 1.000000000000000000e+00
1.934008121832509142e+00 3.700957607862504037e-05 5.000000000000000000e-01 1.000000000000000000e+00
1.957659146526571581e+00 3.691289429708003551e-05 5.000000000000000000e-01 1.000000000000000000e+00
1.957659146526571581e+00 3.691289429708003551e-05 5.000000000000000000e-01 1.000000000000000000e+00
1.957659146526571581e+00 3.691289429708003551e-05 5.000000000000000000e-01 1.000000000000000000e+00
1.982233503728999757e+00 3.680602859344186354e-05 5.000000000000000000e-01 1.000000000000000000e+00
2.020430924229741798e+00 3.699669867925402196e-05 5.000000000000000000e-01 1.000000000000000000e+00
2.020430924229741798e+00 3.699669867925402196e-05 5.000000000000000000e-01 1.000000000000000000e+00
2.020430924229741798e+00 3.699669867925402196e-05 5.000000000000000000e-01 1.000000000000000000e+00
2.034041911316912365e+00 3.754883951284728084e-05 5.000000000000000000e-01 1.000000000000000000e+00
2.025731439069672124e+00 3.835998056989279014e-05 5.000000000000000000e-01 1.000000000000000000e+00
2.025731439069672124e+00 3.835998056989279014e-05 5.000000000000000000e-01 1.000000000000000000e+00
2.025731439069672124e+00 3.835998056989279014e-05 5.000000000000000000e-01 1.000000000000000000e+00
2.031169951864037593e+00 3.887350656774272122e-05 5.000000000000000000e-01 1.000000000000000000e+00
2.026493332029179584e+00 3.890987755834161691e-05 5.000000000000000000e-01 1.000000000000000000e+00
2.026493332029179584e+00 3.890987755834161691e-05 5.000000000000000000e-01 1.000000000000000000e+00
2.026493332029179584e+00 3.890987755834161691e-05 5.000000000000000000e-01 1.000000000000000000e+00
2.026493332029179584e+00 3.890987755834161691e-05 5.000000000000000000e-01 1.000000000000000000e+00
2.080878354467761149e+00 3.856860626401897543e-05 5.000000000000000000e-01 1.000000000000000000e+00
2.078100695256375197e+00 3.893147977099635211e-05 5.000000000000000000e-01 1.000000000000000000e+00
2.094261548085382341e+00 3.932152893932747606e-05 5.000000000000000000e-01 1.000000000000000000e+00
2.099237854391766245e+00 3.924017481141207409e-05 5.000000000000000000e-01 1.000000000000000000e+00
2.125121758460938537e+00 3.931847015807575957e-05 5.000000000000000000e-01 1.000000000000000000e+00
2.125121758460938537e+00 3.931847015807575957e-05 5.000000000000000000e-01 1.000000000000000000e+00
2.125536253977442502e+00 3.980752576566365180e-05 5.000000000000000000e-01 1.000000000000000000e+00
2.125536253977442502e+00 3.980752576566365180e-05 5.000000000000000000e-01 1.000000000000000000e+00
2.125536253977442502e+00 3.980752576566365180e-05 5.000000000000000000e-01 1.000000000000000000e+00
2.125536253977442502e+00 3.980752576566365180e-05 5.000000000000000000e-01 1.000000000000000000e+00
2.125536253977442502e+00 3.980752576566365180e-05 5.000000000000000000e-01 1.000000000000000000e+00
2.118738756172144466e+00 4.007755671530471121e-05 5.000000000000000000e-01 1.000000000000000000e+00
2.159468969976215291e+00 4.057780457929992788e-05 5.000000000000000000e-01 1.000000000000000000e+00
2.165794725263947562e+00 4.069117844293718486e-05 5.000000000000000000e-01 1.000000000000000000e+00
2.239289901156842344e+00 4.116465494183087226e-05 5.000000000000000000e-01 1.000000000000000000e+00
2.226327662626538029e+00 4.115195630188008398e-05 5.000000000000000000e-01 1.000000000000000000e+00
2.226327662626538029e+00 4.115195630188008398e-05 5.000000000000000000e-01 1.000000000000000000e+00
2.215736947860166062e+00 4.126772333558813912e-05 5.000000000000000000e-01 1.000000000000000000e+00
2.285102339413137784e+00 4.041179908098779707e-05 5.000000000000000000e-01 1.000000000000000000e+00
2.285102339413137784e+00 4.041179908098779707e-05 5.000000000000000000e-01 1.000000000000000000e+00
2.285102339413137784e+00 4.041179908098779707e-05 5.000000000000000000e-01 1.000000000000000000e+00
2.285102339413137784e+00 4.041179908098779707e-05 5.000000000000000000e-01 1.000000000000000000e+00
2.291049133100017343e+00 4.019723033478756743e-05 5.000000000000000000e-01 1.000000000000000000e+00
2.291049133100017343e+00 4.019723033478756743e-05 5.000000000000000000e-01 1.000000000000000000e+00
2.297264184655908981e+00 4.061166878827847496e-05 5.000000000000000000e-01 1.000000000000000000e+00
2.297264184655908981e+00 4.061166878827847496e-05 5.000000000000000000e-01 1.000000000000000000e+00
2.297264184655908981e+00 4.061166878827847496e-05 5.000000000000000000e-01 1.000000000000000000e+00
2.297264184655908981e+00 4.061166878827847496e-05 5.000000000000000000e-01 1.000000000000000000e+00
2.295483192461802435e+00 4.012635838529955424e-05 5.000000000000000000e-01 1.000000000000000000e+00
2.295483192461802435e+00 4.012635838529955424e-05 5.000000000000000000e-01 1.000000000000000000e+00
2.295483192461802435e+00 4.012635838529955424e-05 5.000000000000000000e-01 1.000000000000000000e+00
2.315383606689396245e+00 4.030313503408266727e-05 5.000000000000000000e-01 1.000000000000000000e+00
2.328187766613799337e+00 4.019445450081556568e-05 5.000000000000000000e-01 1.000000000000000000e+00
2.316479873614175844e+00 4.042982308025217723e-05 5.000000000000000000e-01 1.000000000000000000e+00
2.316479873614175844e+00 4.042982308025217723e-05 5.000000000000000000e-01 1.000000000000000000e+00
2.316479873614175844e+00 4.042982308025217723e-05 5.000000000000000000e-01 1.000000000000000000e+00
2.316479873614175844e+00 4.042982308025217723e-05 5.000000000000000000e-01 1.000000000000000000e+00
2.318721530020601662e+00 3.999784118348638848e-05 5.000000000000000000e-01 1.000000000000000000e+00
2.318721530020601662e+00 3.999784118348638848e-05 5.000000000000000000e-01 1.000000000000000000e+00
2.318721530020601662e+00 3.999784118348638848e-05 5.000000000000000000e-01 1.000000000000000000e+00
2.318721530020601662e+00 3.999784118348638848e-05 5.000000000000000000e-01 1.000000000000000000e+00
2.318721530020601662e+00 3.999784118348638848e-05 5.000000000000000000e-01 1.000000000000000000e+00
2.323476986176455039e+00 3.990020760137872235e-05 5.000000000000000000e-01 1.000000000000000000e+00
2.353722132289874036e+00 3.967655212776101614e-05 5.000000000000000000e-01 1.000000000000000000e+00
2.370848271407048014e+00 3.983441369425295883e-05 5.000000000000000000e-01 1.000000000000000000e+00
2.370848271407048014e+00 3.983441369425295883e-05 5.000000000000000000e-01 1.000000000000000000e+00
2.370848271407048014e+00 3.983441369425295883e-05 5.000000000000000000e-01 1.000000000000000000e+00
2.340056377796384535e+00 3.979522797183916792e-05 5.000000000000000000e-01 1.000000000000000000e+00
