0.000000000 0.000000000 0.000000000 0.000000000
2.012118289 0.000059321 0.500000000 1.000000000
2.012118289 0.000059321 0.500000000 1.000000000
1.962702070 0.000059519 0.500000000 1.000000000
1.962702070 0.000059519 0.500000000 1.000000000
1.962702070 0.000059519 0.500000000 1.000000000
1.953247627 0.000059353 0.500000000 1.000000000
1.967682041 0.000059001 0.500000000 1.000000000
1.967682041 0.000059001 0.500000000 1.000000000
1.958170025 0.000059134 0.500000000 1.000000000
1.958170025 0.000059134 0.500000000 1.000000000
1.958170025 0.000059134 0.500000000 1.000000000
1.939065982 0.000059103 0.500000000 1.000000000
1.946060684 0.000058748 0.500000000 1.000000000
1.946060684 0.000058748 0.500000000 1.000000000
1.946060684 0.000058748 0.500000000 1.000000000
1.946060684 0.000058748 0.500000000 1.000000000
1.959841325 0.000058469 0.500000000 1.000000000
1.959841325 0.000058469 0.500000000 1.000000000
1.959841325 0.000058469 0.500000000 1.000000000
1.959841325 0.000058469 0.500000000 1.000000000
1.959841325 0.000058469 0.500000000 1.000000000
1.959841325 0.000058469 0.500000000 1.000000000
1.937760826 0.000058028 0.500000000 1.000000000
1.937760826 0.000058028 0.500000000 1.000000000
1.937760826 0.000058028 0.500000000 1.000000000
1.896718081 0.000057832 0.500000000 1.000000000
1.872960794 0.000057691 0.500000000 1.000000000
1.804169324 0.000058187 0.500000000 1.000000000
1.804169324 0.000058187 0.500000000 1.000000000
1.801578251 0.000057893 0.500000000 1.000000000
1.801578251 0.000057893 0.500000000 1.000000000
1.763418549 0.000058180 0.500000000 1.000000000
1.763418549 0.000058180 0.500000000 1.000000000
1.763418549 0.000058180 0.500000000 1.000000000
1.763418549 0.000058180 0.500000000 1.000000000
1.786351720 0.000057772 0.500000000 1.000000000
1.786351720 0.000057772 0.500000000 1.000000000
1.786351720 0.000057772 0.500000000 1.000000000
1.786351720 0.000057772 0.500000000 1.000000000
1.786351720 0.000057772 0.500000000 1.000000000
1.736524633 0.000057046 0.500000000 1.000000000
1.732938345 0.000057047 0.500000000 1.000000000
1.709013085 0.000056918 0.500000000 1.000000000
1.652025745 0.000057272 0.500000000 1.000000000
1.652025745 0.000057272 0.500000000 1.000000000
1.652025745 0.000057272 0.500000000 1.000000000
1.645850815 0.000057318 0.500000000 1.000000000
1.625179738 0.000056937 0.500000000 1.000000000
1.618947800 0.000056907 0.500000000 1.000000000
1.618947800 0.000056907 0.500000000 1.000000000
1.618947800 0.000056907 0.500000000 1.000000000
1.611116960 0.000056841 0.500000000 1.000000000
1.611116960 0.000056841 0.500000000 1.000000000
1.591910184 0.000056752 0.500000000 1.000000000
1.591910184 0.000056752 0.500000000 1.000000000
1.591910184 0.000056752 0.500000000 1.000000000
1.591910184 0.000056752 0.500000000 1.000000000
1.591910184 0.000056752 0.500000000 1.000000000
1.591910184 0.000056752 0.500000000 1.000000000
1.570037087 0.000056671 0.500000000 1.000000000
1.520117606 0.000056641 0.500000000 1.000000000
1.481045673 0.000055532 0.500000000 1.000000000
1.438746191 0.000056110 0.500000000 1.000000000
1.438746191 0.000056110 0.500000000 1.000000000
1.398682132 0.000056317 0.500000000 1.000000000
1.416179203 0.000056276 0.500000000 1.000000000
1.416179203 0.000056276 0.500000000 1.000000000
1.416179203 0.000056276 0.500000000 1.000000000
1.378905196 0.000055952 0.500000000 1.000000000
1.378905196 0.000055952 0.500000000 1.000000000
1.346251711 0.000055697 0.500000000 1.000000000
1.362773176 0.000055455 0.500000000 1.000000000
1.370662372 0.000054400 0.500000000 1.000000000
1.370662372 0.000054400 0.500000000 1.000000000
1.349909482 0.000054681 0.500000000 1.000000000
1.349909482 0.000054681 0.500000000 1.000000000
1.363848204 0.000054638 0.500000000 1.000000000
1.325282172 0.000054630 0.500000000 1.000000000
1.325282172 0.000054630 0.500000000 1.000000000
1.350408472 0.000054612 0.500000000 1.000000000
1.342611451 0.000054694 0.500000000 1.000000000
1.342611451 0.000054694 0.500000000 1.000000000
1.342611451 0.000054694 0.500000000 1.000000000
1.342611451 0.000054694 0.500000000 1.000000000
1.342611451 0.000054694 0.500000000 1.000000000
1.342611451 0.000054694 0.500000000 1.000000000
1.311499498 0.000054423 0.500000000 1.000000000
1.311499498 0.000054423 0.500000000 1.000000000
1.311499498 0.000054423 0.500000000 1.000000000
1.311499498 0.000054423 0.500000000 1.000000000
1.311499498 0.000054423 0.500000000 1.000000000
1.332353727 0.000055096 0.500000000 1.000000000
1.332353727 0.000055096 0.500000000 1.000000000
1.332353727 0.000055096 0.500000000 1.000000000
1.332353727 0.000055096 0.500000000 1.000000000
1.316966338 0.000054877 0.500000000 1.000000000
1.316966338 0.000054877 0.500000000 1.000000000
1.316966338 0.000054877 0.500000000 1.000000000
1.316966338 0.000054877 0.500000000 1.000000000
1.310888503 0.000055682 0.500000000 1.000000000
1.310888503 0.000055682 0.500000000 1.000000000
1.310888503 0.000055682 0.500000000 1.000000000
1.310888503 0.000055682 0.500000000 1.000000000
1.310888503 0.000055682 0.500000000 1.000000000
1.310888503 0.000055682 0.500000000 1.000000000
1.310888503 0.000055682 0.500000000 1.000000000
1.310888503 0.000055682 0.500000000 1.000000000
1.310888503 0.000055682 0.500000000 1.000000000
1.310888503 0.000055682 0.500000000 1.000000000
1.310888503 0.000055682 0.500000000 1.000000000
1.310888503 0.000055682 0.500000000 1.000000000
1.309731400 0.000055391 0.500000000 1.000000000
1.304061304 0.000055520 0.500000000 1.000000000
1.304061304 0.000055520 0.500000000 1.000000000
1.304061304 0.000055520 0.500000000 1.000000000
1.285041559 0.000054633 0.500000000 1.000000000
1.285041559 0.000054633 0.500000000 1.000000000
1.264285956 0.000054705 0.500000000 1.000000000
1.264285956 0.000054705 0.500000000 1.000000000
1.264285956 0.000054705 0.500000000 1.000000000
1.267755620 0.000053494 0.500000000 1.000000000
1.267755620 0.000053494 0.500000000 1.000000000
1.265670444 0.000053478 0.500000000 1.000000000
1.265670444 0.000053478 0.500000000 1.000000000
1.259237076 0.000053515 0.500000000 1.000000000
1.312325000 0.000052726 0.500000000 1.000000000
1.331350670 0.000052775 0.500000000 1.000000000
1.331350670 0.000052775 0.500000000 1.000000000
1.331350670 0.000052775 0.500000000 1.000000000
1.331350670 0.000052775 0.500000000 1.000000000
1.334414534 0.000053103 0.500000000 1.000000000
1.334414534 0.000053103 0.500000000 1.000000000
1.334414534 0.000053103 0.500000000 1.000000000
1.334414534 0.000053103 0.500000000 1.000000000
1.357846445 0.000052702 0.500000000 1.000000000
1.357846445 0.000052702 0.500000000 1.000000000
1.357846445 0.000052702 0.500000000 1.000000000
1.357846445 0.000052702 0.500000000 1.000000000
1.357846445 0.000052702 0.500000000 1.000000000
1.357846445 0.000052702 0.500000000 1.000000000
1.357846445 0.000052702 0.500000000 1.000000000
1.332891796 0.000052683 0.500000000 1.000000000
1.339590559 0.000052489 0.500000000 1.000000000
1.349381602 0.000052120 0.500000000 1.000000000
1.349381602 0.000052120 0.500000000 1.000000000
1.361280509 0.000052385 0.500000000 1.000000000
1.361280509 0.000052385 0.500000000 1.000000000
1.362048048 0.000052214 0.500000000 1.000000000
1.362048048 0.000052214 0.500000000 1.000000000
1.362048048 0.000052214 0.500000000 1.000000000
1.362048048 0.000052214 0.500000000 1.000000000
1.346561295 0.000052305 0.500000000 1.000000000
1.346561295 0.000052305 0.500000000 1.000000000
1.346561295 0.000052305 0.500000000 1.000000000
1.346561295 0.000052305 0.500000000 1.000000000
1.361627909 0.000051893 0.500000000 1.000000000
1.361627909 0.000051893 0.500000000 1.000000000
1.361627909 0.000051893 0.500000000 1.000000000
1.370978959 0.000051729 0.500000000 1.000000000
1.380659148 0.000051402 0.500000000 1.000000000
1.380659148 0.000051402 0.500000000 1.000000000
1.368759495 0.000051760 0.500000000 1.000000000
1.365178837 0.000051857 0.500000000 1.000000000
1.356466210 0.000051947 0.500000000 1.000000000
1.378753658 0.000051827 0.500000000 1.000000000
1.378753658 0.000051827 0.500000000 1.000000000
1.378753658 0.000051827 0.500000000 1.000000000
1.348727134 0.000052237 0.500000000 1.000000000
1.341660467 0.000052039 0.500000000 1.000000000
1.341660467 0.000052039 0.500000000 1.000000000
1.341660467 0.000052039 0.500000000 1.000000000
1.341660467 0.000052039 0.500000000 1.000000000
1.341660467 0.000052039 0.500000000 1.000000000
1.341660467 0.000052039 0.500000000 1.000000000
1.357452599 0.000051670 0.500000000 1.000000000
1.404935519 0.000051556 0.500000000 1.000000000
1.404935519 0.000051556 0.500000000 1.000000000
1.425309221 0.000051491 0.500000000 1.000000000
1.425309221 0.000051491 0.500000000 1.000000000
1.425309221 0.000051491 0.500000000 1.000000000
1.425309221 0.000051491 0.500000000 1.000000000
1.425309221 0.000051491 0.500000000 1.000000000
1.425309221 0.000051491 0.500000000 1.000000000
1.447226922 0.000051008 0.500000000 1.000000000
1.447226922 0.000051008 0.500000000 1.000000000
1.447226922 0.000051008 0.500000000 1.000000000
1.433502204 0.000050837 0.500000000 1.000000000
1.424885808 0.000050607 0.500000000 1.000000000
1.422275146 0.000050857 0.500000000 1.000000000
1.422275146 0.000050857 0.500000000 1.000000000
1.422275146 0.000050857 0.500000000 1.000000000
1.393572462 0.000050817 0.500000000 1.000000000
1.393572462 0.000050817 0.500000000 1.000000000
1.393572462 0.000050817 0.500000000 1.000000000
1.393572462 0.000050817 0.500000000 1.000000000
1.393572462 0.000050817 0.500000000 1.000000000
1.423524459 0.000050746 0.500000000 1.000000000
1.437768316 0.000050429 0.500000000 1.000000000
1.416717340 0.000050908 0.500000000 1.000000000
1.413988014 0.000050851 0.500000000 1.000000000
1.461776764 0.000050841 0.500000000 1.000000000
2.020954266 0.000059448 0.500000000 1.000000000
2.020954266 0.000059448 0.500000000 1.000000000
2.027369573 0.000059050 0.500000000 1.000000000
2.012840344 0.000058930 0.500000000 1.000000000
2.027256640 0.000058686 0.500000000 1.000000000
2.020978582 0.000058399 0.500000000 1.000000000
1.944726856 0.000058308 0.500000000 1.000000000
1.934682067 0.000057815 0.500000000 1.000000000
1.934682067 0.000057815 0.500000000 1.000000000
1.934682067 0.000057815 0.500000000 1.000000000
1.934682067 0.000057815 0.500000000 1.000000000
1.917921086 0.000057822 0.500000000 1.000000000
1.917921086 0.000057822 0.500000000 1.000000000
1.888889532 0.000057848 0.500000000 1.000000000
1.869026360 0.000057927 0.500000000 1.000000000
1.881325485 0.000057255 0.500000000 1.000000000
1.836737200 0.000057381 0.500000000 1.000000000
1.805154865 0.000056921 0.500000000 1.000000000
1.817684199 0.000056610 0.500000000 1.000000000
1.817684199 0.000056610 0.500000000 1.000000000
1.817684199 0.000056610 0.500000000 1.000000000
1.782870798 0.000057004 0.500000000 1.000000000
1.782870798 0.000057004 0.500000000 1.000000000
1.782870798 0.000057004 0.500000000 1.000000000
1.782870798 0.000057004 0.500000000 1.000000000
1.731011310 0.000057456 0.500000000 1.000000000
1.768346107 0.000056730 0.500000000 1.000000000
1.768346107 0.000056730 0.500000000 1.000000000
1.777703381 0.000056257 0.500000000 1.000000000
1.777703381 0.000056257 0.500000000 1.000000000
1.777703381 0.000056257 0.500000000 1.000000000
1.728278813 0.000056096 0.500000000 1.000000000
1.728278813 0.000056096 0.500000000 1.000000000
1.680367124 0.000056319 0.500000000 1.000000000
1.675574910 0.000056135 0.500000000 1.000000000
1.675574910 0.000056135 0.500000000 1.000000000
1.675574910 0.000056135 0.500000000 1.000000000
1.675574910 0.000056135 0.500000000 1.000000000
1.675574910 0.000056135 0.500000000 1.000000000
1.678149640 0.000056206 0.500000000 1.000000000
1.674935733 0.000055673 0.500000000 1.000000000
1.674935733 0.000055673 0.500000000 1.000000000
1.630746734 0.000055963 0.500000000 1.000000000
1.630746734 0.000055963 0.500000000 1.000000000
1.593243848 0.000055725 0.500000000 1.000000000
1.535525869 0.000055288 0.500000000 1.000000000
1.535525869 0.000055288 0.500000000 1.000000000
1.535525869 0.000055288 0.500000000 1.000000000
1.535525869 0.000055288 0.500000000 1.000000000
1.519204506 0.000055229 0.500000000 1.000000000
1.519204506 0.000055229 0.500000000 1.000000000
1.519204506 0.000055229 0.500000000 1.000000000
1.463861722 0.000055136 0.500000000 1.000000000
1.452491047 0.000055118 0.500000000 1.000000000
1.402701391 0.000054975 0.500000000 1.000000000
1.402701391 0.000054975 0.500000000 1.000000000
1.402701391 0.000054975 0.500000000 1.000000000
1.381182300 0.000054508 0.500000000 1.000000000
1.368922016 0.000053618 0.500000000 1.000000000
1.353307700 0.000054675 0.500000000 1.000000000
1.353307700 0.000054675 0.500000000 1.000000000
1.353307700 0.000054675 0.500000000 1.000000000
1.353307700 0.000054675 0.500000000 1.000000000
1.357540436 0.000053924 0.500000000 1.000000000
1.316622154 0.000054226 0.500000000 1.000000000
1.316622154 0.000054226 0.500000000 1.000000000
1.316622154 0.000054226 0.500000000 1.000000000
1.316622154 0.000054226 0.500000000 1.000000000
1.316622154 0.000054226 0.500000000 1.000000000
1.316622154 0.000054226 0.500000000 1.000000000
1.316622154 0.000054226 0.500000000 1.000000000
1.240687393 0.000054117 0.500000000 1.000000000
1.240687393 0.000054117 0.500000000 1.000000000
1.240687393 0.000054117 0.500000000 1.000000000
1.240687393 0.000054117 0.500000000 1.000000000
1.288642434 0.000054165 0.500000000 1.000000000
1.288642434 0.000054165 0.500000000 1.000000000
1.288642434 0.000054165 0.500000000 1.000000000
1.288642434 0.000054165 0.500000000 1.000000000
1.288642434 0.000054165 0.500000000 1.000000000
1.317050759 0.000053567 0.500000000 1.000000000
1.317050759 0.000053567 0.500000000 1.000000000
1.349415638 0.000052837 0.500000000 1.000000000
1.349415638 0.000052837 0.500000000 1.000000000
1.349415638 0.000052837 0.500000000 1.000000000
1.349415638 0.000052837 0.500000000 1.000000000
1.349415638 0.000052837 0.500000000 1.000000000
1.349415638 0.000052837 0.500000000 1.000000000
1.346535359 0.000052655 0.500000000 1.000000000
1.346535359 0.000052655 0.500000000 1.000000000
1.346535359 0.000052655 0.500000000 1.000000000
1.346535359 0.000052655 0.500000000 1.000000000
1.346535359 0.000052655 0.500000000 1.000000000
1.342712198 0.000052769 0.500000000 1.000000000
1.312682949 0.000053292 0.500000000 1.000000000
1.312682949 0.000053292 0.500000000 1.000000000
1.312682949 0.000053292 0.500000000 1.000000000
1.315706340 0.000053312 0.500000000 1.000000000
1.315706340 0.000053312 0.500000000 1.000000000
1.315706340 0.000053312 0.500000000 1.000000000
1.315706340 0.000053312 0.500000000 1.000000000
1.315706340 0.000053312 0.500000000 1.000000000
1.315706340 0.000053312 0.500000000 1.000000000
1.315706340 0.000053312 0.500000000 1.000000000
1.294260915 0.000053734 0.500000000 1.000000000
1.294260915 0.000053734 0.500000000 1.000000000
1.295460955 0.000053951 0.500000000 1.000000000
1.295460955 0.000053951 0.500000000 1.000000000
1.278455336 0.000054125 0.500000000 1.000000000
1.278455336 0.000054125 0.500000000 1.000000000
1.267177037 0.000054596 0.500000000 1.000000000
1.267177037 0.000054596 0.500000000 1.000000000
1.267177037 0.000054596 0.500000000 1.000000000
1.267177037 0.000054596 0.500000000 1.000000000
1.267177037 0.000054596 0.500000000 1.000000000
1.267177037 0.000054596 0.500000000 1.000000000
1.267177037 0.000054596 0.500000000 1.000000000
1.291996776 0.000054080 0.500000000 1.000000000
1.291996776 0.000054080 0.500000000 1.000000000
1.284575889 0.000053669 0.500000000 1.000000000
1.284575889 0.000053669 0.500000000 1.000000000
1.317060510 0.000052923 0.500000000 1.000000000
1.317060510 0.000052923 0.500000000 1.000000000
1.317060510 0.000052923 0.500000000 1.000000000
1.322392832 0.000052737 0.500000000 1.000000000
1.322392832 0.000052737 0.500000000 1.000000000
1.325726412 0.000052784 0.500000000 1.000000000
1.298152255 0.000052917 0.500000000 1.000000000
1.298152255 0.000052917 0.500000000 1.000000000
1.298152255 0.000052917 0.500000000 1.000000000
1.311657895 0.000053521 0.500000000 1.000000000
1.311657895 0.000053521 0.500000000 1.000000000
1.310137642 0.000053164 0.500000000 1.000000000
1.310137642 0.000053164 0.500000000 1.000000000
1.310137642 0.000053164 0.500000000 1.000000000
1.310137642 0.000053164 0.500000000 1.000000000
1.310137642 0.000053164 0.500000000 1.000000000
1.345219461 0.000052931 0.500000000 1.000000000
1.345219461 0.000052931 0.500000000 1.000000000
1.320120350 0.000053067 0.500000000 1.000000000
1.320120350 0.000053067 0.500000000 1.000000000
1.320120350 0.000053067 0.500000000 1.000000000
1.320120350 0.000053067 0.500000000 1.000000000
1.320120350 0.000053067 0.500000000 1.000000000
1.320120350 0.000053067 0.500000000 1.000000000
1.320120350 0.000053067 0.500000000 1.000000000
1.320120350 0.000053067 0.500000000 1.000000000
1.287045966 0.000053486 0.500000000 1.000000000
1.263325194 0.000053599 0.500000000 1.000000000
1.304038548 0.000053613 0.500000000 1.000000000
1.304038548 0.000053613 0.500000000 1.000000000
1.304038548 0.000053613 0.500000000 1.000000000
1.304038548 0.000053613 0.500000000 1.000000000
1.301276218 0.000053530 0.500000000 1.000000000
1.301276218 0.000053530 0.500000000 1.000000000
1.301276218 0.000053530 0.500000000 1.000000000
1.280811525 0.000053683 0.500000000 1.000000000
1.275326594 0.000054196 0.500000000 1.000000000
1.275326594 0.000054196 0.500000000 1.000000000
1.297041066 0.000053615 0.500000000 1.000000000
1.287027510 0.000053889 0.500000000 1.000000000
1.283403017 0.000054327 0.500000000 1.000000000
1.273292607 0.000054521 0.500000000 1.000000000
1.253150593 0.000054859 0.500000000 1.000000000
1.221681514 0.000055277 0.500000000 1.000000000
1.211402255 0.000055763 0.500000000 1.000000000
1.211402255 0.000055763 0.500000000 1.000000000
1.211402255 0.000055763 0.500000000 1.000000000
1.211402255 0.000055763 0.500000000 1.000000000
1.211402255 0.000055763 0.500000000 1.000000000
1.174063036 0.000055735 0.500000000 1.000000000
1.174063036 0.000055735 0.500000000 1.000000000
1.226316872 0.000055394 0.500000000 1.000000000
1.226316872 0.000055394 0.500000000 1.000000000
1.233285847 0.000055010 0.500000000 1.000000000
1.233285847 0.000055010 0.500000000 1.000000000
1.237189828 0.000055209 0.500000000 1.000000000
1.235674859 0.000054938 0.500000000 1.000000000
1.235674859 0.000054938 0.500000000 1.000000000
1.249315162 0.000054559 0.500000000 1.000000000
1.213207053 0.000054381 0.500000000 1.000000000
1.238969104 0.000054663 0.500000000 1.000000000
1.248012017 0.000054853 0.500000000 1.000000000
1.248012017 0.000054853 0.500000000 1.000000000
1.256822066 0.000054329 0.500000000 1.000000000
1.256822066 0.000054329 0.500000000 1.000000000
1.298537518 0.000053935 0.500000000 1.000000000
1.298537518 0.000053935 0.500000000 1.000000000
1.264840490 0.000053962 0.500000000 1.000000000
1.292598724 0.000053808 0.500000000 1.000000000
1.262580905 0.000054176 0.500000000 1.000000000
1.294348531 0.000053548 0.500000000 1.000000000
1.308717635 0.000053462 0.500000000 1.000000000
1.271135070 0.000053902 0.500000000 1.000000000
1.271135070 0.000053902 0.500000000 1.000000000
1.271135070 0.000053902 0.500000000 1.000000000
1.271135070 0.000053902 0.500000000 1.000000000
1.271135070 0.000053902 0.500000000 1.000000000
1.271135070 0.000053902 0.500000000 1.000000000
1.271135070 0.000053902 0.500000000 1.000000000
1.993509283 0.000059064 0.500000000 1.000000000
1.981132632 0.000058389 0.500000000 1.000000000
1.981132632 0.000058389 0.500000000 1.000000000
1.996698415 0.000058073 0.500000000 1.000000000
1.974734783 0.000058143 0.500000000 1.000000000
1.974734783 0.000058143 0.500000000 1.000000000
1.936048879 0.000058187 0.500000000 1.000000000
1.936048879 0.000058187 0.500000000 1.000000000
1.919425313 0.000057950 0.500000000 1.000000000
1.908505550 0.000057245 0.500000000 1.000000000
1.883423032 0.000057428 0.500000000 1.000000000
1.883423032 0.000057428 0.500000000 1.000000000
1.870556541 0.000056893 0.500000000 1.000000000
1.883514067 0.000056678 0.500000000 1.000000000
1.822451390 0.000057301 0.500000000 1.000000000
1.812417673 0.000057163 0.500000000 1.000000000
1.812417673 0.000057163 0.500000000 1.000000000
1.833369223 0.000056301 0.500000000 1.000000000
1.833369223 0.000056301 0.500000000 1.000000000
1.807053869 0.000056165 0.500000000 1.000000000
1.775304088 0.000056090 0.500000000 1.000000000
1.775304088 0.000056090 0.500000000 1.000000000
1.775304088 0.000056090 0.500000000 1.000000000
1.775304088 0.000056090 0.500000000 1.000000000
1.775304088 0.000056090 0.500000000 1.000000000
1.775304088 0.000056090 0.500000000 1.000000000
1.775304088 0.000056090 0.500000000 1.000000000
1.775304088 0.000056090 0.500000000 1.000000000
1.775304088 0.000056090 0.500000000 1.000000000
1.775304088 0.000056090 0.500000000 1.000000000
1.786890110 0.000055520 0.500000000 1.000000000
1.786890110 0.000055520 0.500000000 1.000000000
1.764175267 0.000055307 0.500000000 1.000000000
1.764175267 0.000055307 0.500000000 1.000000000
1.754464821 0.000055391 0.500000000 1.000000000
1.754464821 0.000055391 0.500000000 1.000000000
1.725303058 0.000055428 0.500000000 1.000000000
1.667255602 0.000055349 0.500000000 1.000000000
1.669238607 0.000055041 0.500000000 1.000000000
1.650701383 0.000054926 0.500000000 1.000000000
1.650701383 0.000054926 0.500000000 1.000000000
1.612588812 0.000054854 0.500000000 1.000000000
1.612588812 0.000054854 0.500000000 1.000000000
1.608961264 0.000054886 0.500000000 1.000000000
1.608961264 0.000054886 0.500000000 1.000000000
1.608961264 0.000054886 0.500000000 1.000000000
1.608961264 0.000054886 0.500000000 1.000000000
1.608961264 0.000054886 0.500000000 1.000000000
1.608961264 0.000054886 0.500000000 1.000000000
1.597285501 0.000054395 0.500000000 1.000000000
1.597285501 0.000054395 0.500000000 1.000000000
1.569284170 0.000054698 0.500000000 1.000000000
1.560728735 0.000054360 0.500000000 1.000000000
1.560728735 0.000054360 0.500000000 1.000000000
1.591678292 0.000053870 0.500000000 1.000000000
1.591678292 0.000053870 0.500000000 1.000000000
1.591678292 0.000053870 0.500000000 1.000000000
1.591678292 0.000053870 0.500000000 1.000000000
1.591678292 0.000053870 0.500000000 1.000000000
1.599035128 0.000053487 0.500000000 1.000000000
1.599035128 0.000053487 0.500000000 1.000000000
1.573293424 0.000053256 0.500000000 1.000000000
1.518663740 0.000053542 0.500000000 1.000000000
1.518663740 0.000053542 0.500000000 1.000000000
1.492923392 0.000053956 0.500000000 1.000000000
1.492923392 0.000053956 0.500000000 1.000000000
1.492923392 0.000053956 0.500000000 1.000000000
1.492923392 0.000053956 0.500000000 1.000000000
1.492923392 0.000053956 0.500000000 1.000000000
1.492923392 0.000053956 0.500000000 1.000000000
1.476351397 0.000053783 0.500000000 1.000000000
1.500161732 0.000053296 0.500000000 1.000000000
1.503374241 0.000053220 0.500000000 1.000000000
1.527833089 0.000052800 0.500000000 1.000000000
1.552353822 0.000052129 0.500000000 1.000000000
1.552353822 0.000052129 0.500000000 1.000000000
1.552353822 0.000052129 0.500000000 1.000000000
1.552353822 0.000052129 0.500000000 1.000000000
1.552353822 0.000052129 0.500000000 1.000000000
1.552353822 0.000052129 0.500000000 1.000000000
1.502519690 0.000052101 0.500000000 1.000000000
1.518754398 0.000051868 0.500000000 1.000000000
1.503910469 0.000051872 0.500000000 1.000000000
1.503910469 0.000051872 0.500000000 1.000000000
1.503910469 0.000051872 0.500000000 1.000000000
1.508466446 0.000051690 0.500000000 1.000000000
1.508466446 0.000051690 0.500000000 1.000000000
1.508466446 0.000051690 0.500000000 1.000000000
1.523515406 0.000051443 0.500000000 1.000000000
1.523515406 0.000051443 0.500000000 1.000000000
1.512753550 0.000051259 0.500000000 1.000000000
1.492857538 0.000051586 0.500000000 1.000000000
1.492857538 0.000051586 0.500000000 1.000000000
1.477174566 0.000051633 0.500000000 1.000000000
1.425068283 0.000051758 0.500000000 1.000000000
1.425068283 0.000051758 0.500000000 1.000000000
1.424357855 0.000051410 0.500000000 1.000000000
1.386801377 0.000052053 0.500000000 1.000000000
1.386801377 0.000052053 0.500000000 1.000000000
1.388412463 0.000052199 0.500000000 1.000000000
1.388835038 0.000051854 0.500000000 1.000000000
1.388835038 0.000051854 0.500000000 1.000000000
1.388835038 0.000051854 0.500000000 1.000000000
1.388835038 0.000051854 0.500000000 1.000000000
1.388835038 0.000051854 0.500000000 1.000000000
1.388835038 0.000051854 0.500000000 1.000000000
1.404064829 0.000051624 0.500000000 1.000000000
1.323190930 0.000052179 0.500000000 1.000000000
1.323190930 0.000052179 0.500000000 1.000000000
1.323190930 0.000052179 0.500000000 1.000000000
1.323190930 0.000052179 0.500000000 1.000000000
1.327637570 0.000052353 0.500000000 1.000000000
1.302092193 0.000053063 0.500000000 1.000000000
1.302092193 0.000053063 0.500000000 1.000000000
1.302092193 0.000053063 0.500000000 1.000000000
1.302092193 0.000053063 0.500000000 1.000000000
1.312524685 0.000053057 0.500000000 1.000000000
1.312524685 0.000053057 0.500000000 1.000000000
1.312524685 0.000053057 0.500000000 1.000000000
1.312524685 0.000053057 0.500000000 1.000000000
1.312524685 0.000053057 0.500000000 1.000000000
1.312524685 0.000053057 0.500000000 1.000000000
1.312524685 0.000053057 0.500000000 1.000000000
1.312524685 0.000053057 0.500000000 1.000000000
1.312524685 0.000053057 0.500000000 1.000000000
1.298239864 0.000053008 0.500000000 1.000000000
1.315626396 0.000052955 0.500000000 1.000000000
1.315626396 0.000052955 0.500000000 1.000000000
1.310952178 0.000052719 0.500000000 1.000000000
1.326035402 0.000052528 0.500000000 1.000000000
1.376118771 0.000051926 0.500000000 1.000000000
1.376118771 0.000051926 0.500000000 1.000000000
1.376118771 0.000051926 0.500000000 1.000000000
1.400847990 0.000051950 0.500000000 1.000000000
1.400847990 0.000051950 0.500000000 1.000000000
1.387640644 0.000051645 0.500000000 1.000000000
1.387640644 0.000051645 0.500000000 1.000000000
1.407922880 0.000051648 0.500000000 1.000000000
1.407922880 0.000051648 0.500000000 1.000000000
1.407922880 0.000051648 0.500000000 1.000000000
1.407922880 0.000051648 0.500000000 1.000000000
1.390964969 0.000051469 0.500000000 1.000000000
1.400532262 0.000051833 0.500000000 1.000000000
1.400329794 0.000051689 0.500000000 1.000000000
1.400329794 0.000051689 0.500000000 1.000000000
1.398428357 0.000051621 0.500000000 1.000000000
1.398428357 0.000051621 0.500000000 1.000000000
1.370522739 0.000052182 0.500000000 1.000000000
1.370522739 0.000052182 0.500000000 1.000000000
1.336041241 0.000052522 0.500000000 1.000000000
1.336041241 0.000052522 0.500000000 1.000000000
1.336041241 0.000052522 0.500000000 1.000000000
1.368733290 0.000052345 0.500000000 1.000000000
1.352317147 0.000052187 0.500000000 1.000000000
1.352317147 0.000052187 0.500000000 1.000000000
1.355137656 0.000052385 0.500000000 1.000000000
1.324284081 0.000052566 0.500000000 1.000000000
1.345021813 0.000052735 0.500000000 1.000000000
1.345021813 0.000052735 0.500000000 1.000000000
1.345021813 0.000052735 0.500000000 1.000000000
1.345021813 0.000052735 0.500000000 1.000000000
1.345021813 0.000052735 0.500000000 1.000000000
1.345021813 0.000052735 0.500000000 1.000000000
1.340702635 0.000052572 0.500000000 1.000000000
1.340702635 0.000052572 0.500000000 1.000000000
1.340702635 0.000052572 0.500000000 1.000000000
1.340702635 0.000052572 0.500000000 1.000000000
1.340702635 0.000052572 0.500000000 1.000000000
1.319561355 0.000053147 0.500000000 1.000000000
1.332910506 0.000053199 0.500000000 1.000000000
1.332910506 0.000053199 0.500000000 1.000000000
1.332910506 0.000053199 0.500000000 1.000000000
1.332910506 0.000053199 0.500000000 1.000000000
1.324801853 0.000053267 0.500000000 1.000000000
1.324801853 0.000053267 0.500000000 1.000000000
1.305880729 0.000053121 0.500000000 1.000000000
1.305880729 0.000053121 0.500000000 1.000000000
1.305880729 0.000053121 0.500000000 1.000000000
1.275299853 0.000053761 0.500000000 1.000000000
1.275299853 0.000053761 0.500000000 1.000000000
1.275299853 0.000053761 0.500000000 1.000000000
1.258475918 0.000053730 0.500000000 1.000000000
1.258475918 0.000053730 0.500000000 1.000000000
1.299116790 0.000053095 0.500000000 1.000000000
1.341956088 0.000053040 0.500000000 1.000000000
1.341956088 0.000053040 0.500000000 1.000000000
1.341956088 0.000053040 0.500000000 1.000000000
1.326537061 0.000053008 0.500000000 1.000000000
1.326537061 0.000053008 0.500000000 1.000000000
1.321155127 0.000052483 0.500000000 1.000000000
1.321155127 0.000052483 0.500000000 1.000000000
1.334300604 0.000052168 0.500000000 1.000000000
1.364402128 0.000051835 0.500000000 1.000000000
1.379247973 0.000051484 0.500000000 1.000000000
1.353883119 0.000052128 0.500000000 1.000000000
1.331809686 0.000052585 0.500000000 1.000000000
1.331809686 0.000052585 0.500000000 1.000000000
1.331809686 0.000052585 0.500000000 1.000000000
1.390107933 0.000051768 0.500000000 1.000000000
1.391874159 0.000051503 0.500000000 1.000000000
1.973298871 0.000059108 0.500000000 1.000000000
1.973298871 0.000059108 0.500000000 1.000000000
1.903066142 0.000059175 0.500000000 1.000000000
1.940144082 0.000058761 0.500000000 1.000000000
1.940144082 0.000058761 0.500000000 1.000000000
1.931954832 0.000058409 0.500000000 1.000000000
1.931954832 0.000058409 0.500000000 1.000000000
1.896487520 0.000058880 0.500000000 1.000000000
1.896487520 0.000058880 0.500000000 1.000000000
1.850519126 0.000058140 0.500000000 1.000000000
1.847308239 0.000058158 0.500000000 1.000000000
1.856084355 0.000057868 0.500000000 1.000000000
1.834368204 0.000057954 0.500000000 1.000000000
1.834368204 0.000057954 0.500000000 1.000000000
1.834368204 0.000057954 0.500000000 1.000000000
1.834368204 0.000057954 0.500000000 1.000000000
1.834368204 0.000057954 0.500000000 1.000000000
1.834368204 0.000057954 0.500000000 1.000000000
1.834368204 0.000057954 0.500000000 1.000000000
1.848454804 0.000057231 0.500000000 1.000000000
1.819297287 0.000056909 0.500000000 1.000000000
1.819297287 0.000056909 0.500000000 1.000000000
1.827888601 0.000056014 0.500000000 1.000000000
1.827888601 0.000056014 0.500000000 1.000000000
1.827888601 0.000056014 0.500000000 1.000000000
1.837387195 0.000055359 0.500000000 1.000000000
1.819391063 0.000055535 0.500000000 1.000000000
1.755668276 0.000055049 0.500000000 1.000000000
1.755668276 0.000055049 0.500000000 1.000000000
1.745511768 0.000054964 0.500000000 1.000000000
1.705926946 0.000055081 0.500000000 1.000000000
1.725771408 0.000054595 0.500000000 1.000000000
1.713107887 0.000054238 0.500000000 1.000000000
1.699218764 0.000054392 0.500000000 1.000000000
1.712661556 0.000054193 0.500000000 1.000000000
1.678593360 0.000053350 0.500000000 1.000000000
1.672441781 0.000053069 0.500000000 1.000000000
1.672441781 0.000053069 0.500000000 1.000000000
1.671038081 0.000052451 0.500000000 1.000000000
1.677569672 0.000051242 0.500000000 1.000000000
1.677569672 0.000051242 0.500000000 1.000000000
1.677569672 0.000051242 0.500000000 1.000000000
1.677569672 0.000051242 0.500000000 1.000000000
1.689583315 0.000050905 0.500000000 1.000000000
1.689583315 0.000050905 0.500000000 1.000000000
1.704519526 0.000050468 0.500000000 1.000000000
1.704519526 0.000050468 0.500000000 1.000000000
1.690405884 0.000050142 0.500000000 1.000000000
1.690405884 0.000050142 0.500000000 1.000000000
1.690405884 0.000050142 0.500000000 1.000000000
1.671155276 0.000050076 0.500000000 1.000000000
1.650561450 0.000049830 0.500000000 1.000000000
1.624079909 0.000050099 0.500000000 1.000000000
1.624079909 0.000050099 0.500000000 1.000000000
1.624079909 0.000050099 0.500000000 1.000000000
1.624079909 0.000050099 0.500000000 1.000000000
1.558914505 0.000050457 0.500000000 1.000000000
1.518896370 0.000050134 0.500000000 1.000000000
1.518896370 0.000050134 0.500000000 1.000000000
1.518896370 0.000050134 0.500000000 1.000000000
1.475614589 0.000049916 0.500000000 1.000000000
1.483418908 0.000050138 0.500000000 1.000000000
1.483418908 0.000050138 0.500000000 1.000000000
1.483418908 0.000050138 0.500000000 1.000000000
1.467285523 0.000050452 0.500000000 1.000000000
1.467285523 0.000050452 0.500000000 1.000000000
1.461664347 0.000050134 0.500000000 1.000000000
1.461664347 0.000050134 0.500000000 1.000000000
1.446712168 0.000050443 0.500000000 1.000000000
1.453213245 0.000050538 0.500000000 1.000000000
1.453213245 0.000050538 0.500000000 1.000000000
1.483037140 0.000050089 0.500000000 1.000000000
1.483037140 0.000050089 0.500000000 1.000000000
1.483037140 0.000050089 0.500000000 1.000000000
1.488873911 0.000050305 0.500000000 1.000000000
1.488873911 0.000050305 0.500000000 1.000000000
1.485800402 0.000050100 0.500000000 1.000000000
1.459566563 0.000050734 0.500000000 1.000000000
1.459566563 0.000050734 0.500000000 1.000000000
1.451133352 0.000050742 0.500000000 1.000000000
1.451133352 0.000050742 0.500000000 1.000000000
1.462523800 0.000050838 0.500000000 1.000000000
1.431769817 0.000050745 0.500000000 1.000000000
1.431769817 0.000050745 0.500000000 1.000000000
1.431769817 0.000050745 0.500000000 1.000000000
1.484876483 0.000050423 0.500000000 1.000000000
1.484876483 0.000050423 0.500000000 1.000000000
1.484876483 0.000050423 0.500000000 1.000000000
1.484876483 0.000050423 0.500000000 1.000000000
1.484876483 0.000050423 0.500000000 1.000000000
1.484876483 0.000050423 0.500000000 1.000000000
1.484876483 0.000050423 0.500000000 1.000000000
1.460316565 0.000050131 0.500000000 1.000000000
1.466605082 0.000050668 0.500000000 1.000000000
1.466605082 0.000050668 0.500000000 1.000000000
1.466605082 0.000050668 0.500000000 1.000000000
1.466605082 0.000050668 0.500000000 1.000000000
1.466605082 0.000050668 0.500000000 1.000000000
1.453671916 0.000050425 0.500000000 1.000000000
1.453671916 0.000050425 0.500000000 1.000000000
1.453671916 0.000050425 0.500000000 1.000000000
1.520793611 0.000049775 0.500000000 1.000000000
1.520793611 0.000049775 0.500000000 1.000000000
1.528814538 0.000049591 0.500000000 1.000000000
1.528814538 0.000049591 0.500000000 1.000000000
1.528814538 0.000049591 0.500000000 1.000000000
1.494617732 0.000049813 0.500000000 1.000000000
1.494617732 0.000049813 0.500000000 1.000000000
1.494617732 0.000049813 0.500000000 1.000000000
1.494617732 0.000049813 0.500000000 1.000000000
1.494617732 0.000049813 0.500000000 1.000000000
1.494617732 0.000049813 0.500000000 1.000000000
1.494617732 0.000049813 0.500000000 1.000000000
1.494617732 0.000049813 0.500000000 1.000000000
1.494617732 0.000049813 0.500000000 1.000000000
1.494617732 0.000049813 0.500000000 1.000000000
1.494617732 0.000049813 0.500000000 1.000000000
1.494617732 0.000049813 0.500000000 1.000000000
1.494617732 0.000049813 0.500000000 1.000000000
1.525033870 0.000049691 0.500000000 1.000000000
1.531015448 0.000049184 0.500000000 1.000000000
1.557309495 0.000048800 0.500000000 1.000000000
1.557309495 0.000048800 0.500000000 1.000000000
1.587268923 0.000048754 0.500000000 1.000000000
1.587268923 0.000048754 0.500000000 1.000000000
1.587268923 0.000048754 0.500000000 1.000000000
1.587268923 0.000048754 0.500000000 1.000000000
1.587014723 0.000048235 0.500000000 1.000000000
1.587014723 0.000048235 0.500000000 1.000000000
1.618650194 0.000048197 0.500000000 1.000000000
1.618650194 0.000048197 0.500000000 1.000000000
1.618650194 0.000048197 0.500000000 1.000000000
1.618650194 0.000048197 0.500000000 1.000000000
1.618650194 0.000048197 0.500000000 1.000000000
1.574344319 0.000048349 0.500000000 1.000000000
1.574344319 0.000048349 0.500000000 1.000000000
1.574344319 0.000048349 0.500000000 1.000000000
1.587374903 0.000048272 0.500000000 1.000000000
1.587374903 0.000048272 0.500000000 1.000000000
1.587374903 0.000048272 0.500000000 1.000000000
1.540828837 0.000048472 0.500000000 1.000000000
1.540828837 0.000048472 0.500000000 1.000000000
1.540828837 0.000048472 0.500000000 1.000000000
1.540828837 0.000048472 0.500000000 1.000000000
1.611528185 0.000048445 0.500000000 1.000000000
1.565912992 0.000048155 0.500000000 1.000000000
1.548229971 0.000048345 0.500000000 1.000000000
1.548229971 0.000048345 0.500000000 1.000000000
1.548229971 0.000048345 0.500000000 1.000000000
1.569455641 0.000048765 0.500000000 1.000000000
1.581636862 0.000048947 0.500000000 1.000000000
1.581636862 0.000048947 0.500000000 1.000000000
1.577627707 0.000048955 0.500000000 1.000000000
1.577627707 0.000048955 0.500000000 1.000000000
1.541528413 0.000048945 0.500000000 1.000000000
1.541528413 0.000048945 0.500000000 1.000000000
1.531483701 0.000049312 0.500000000 1.000000000
1.552930390 0.000048776 0.500000000 1.000000000
1.552930390 0.000048776 0.500000000 1.000000000
1.552930390 0.000048776 0.500000000 1.000000000
1.552930390 0.000048776 0.500000000 1.000000000
1.552930390 0.000048776 0.500000000 1.000000000
1.552930390 0.000048776 0.500000000 1.000000000
1.552930390 0.000048776 0.500000000 1.000000000
1.552930390 0.000048776 0.500000000 1.000000000
1.552930390 0.000048776 0.500000000 1.000000000
1.544487086 0.000049014 0.500000000 1.000000000
1.544487086 0.000049014 0.500000000 1.000000000
1.544487086 0.000049014 0.500000000 1.000000000
1.556331287 0.000049105 0.500000000 1.000000000
1.530218572 0.000049579 0.500000000 1.000000000
1.545851473 0.000049254 0.500000000 1.000000000
1.545851473 0.000049254 0.500000000 1.000000000
1.511872208 0.000049574 0.500000000 1.000000000
1.511872208 0.000049574 0.500000000 1.000000000
1.527042945 0.000049588 0.500000000 1.000000000
1.527042945 0.000049588 0.500000000 1.000000000
1.527042945 0.000049588 0.500000000 1.000000000
1.493362006 0.000049727 0.500000000 1.000000000
1.493362006 0.000049727 0.500000000 1.000000000
1.493362006 0.000049727 0.500000000 1.000000000
1.493362006 0.000049727 0.500000000 1.000000000
1.493362006 0.000049727 0.500000000 1.000000000
1.493362006 0.000049727 0.500000000 1.000000000
1.433963018 0.000050255 0.500000000 1.000000000
1.433963018 0.000050255 0.500000000 1.000000000
1.433963018 0.000050255 0.500000000 1.000000000
1.433963018 0.000050255 0.500000000 1.000000000
1.433963018 0.000050255 0.500000000 1.000000000
1.433963018 0.000050255 0.500000000 1.000000000
1.442138642 0.000050151 0.500000000 1.000000000
1.442138642 0.000050151 0.500000000 1.000000000
1.451486661 0.000050061 0.500000000 1.000000000
1.489506823 0.000049804 0.500000000 1.000000000
1.489506823 0.000049804 0.500000000 1.000000000
1.513086569 0.000049975 0.500000000 1.000000000
1.513086569 0.000049975 0.500000000 1.000000000
1.483726822 0.000050406 0.500000000 1.000000000
1.483726822 0.000050406 0.500000000 1.000000000
1.483726822 0.000050406 0.500000000 1.000000000
2.011609037 0.000058991 0.500000000 1.000000000
2.011609037 0.000058991 0.500000000 1.000000000
2.011609037 0.000058991 0.500000000 1.000000000
1.986776104 0.000058583 0.500000000 1.000000000
2.012721138 0.000057988 0.500000000 1.000000000
2.012721138 0.000057988 0.500000000 1.000000000
1.992010846 0.000057497 0.500000000 1.000000000
1.993117631 0.000057206 0.500000000 1.000000000
2.012226468 0.000056774 0.500000000 1.000000000
1.995588545 0.000055980 0.500000000 1.000000000
1.995588545 0.000055980 0.500000000 1.000000000
1.987503853 0.000056001 0.500000000 1.000000000
1.987503853 0.000056001 0.500000000 1.000000000
1.987503853 0.000056001 0.500000000 1.000000000
1.987503853 0.000056001 0.500000000 1.000000000
1.899135484 0.000055671 0.500000000 1.000000000
1.899135484 0.000055671 0.500000000 1.000000000
1.877947337 0.000055830 0.500000000 1.000000000
1.877947337 0.000055830 0.500000000 1.000000000
1.892509762 0.000055092 0.500000000 1.000000000
1.856882849 0.000054828 0.500000000 1.000000000
1.856882849 0.000054828 0.500000000 1.000000000
1.856882849 0.000054828 0.500000000 1.000000000
1.837015622 0.000054507 0.500000000 1.000000000
1.837015622 0.000054507 0.500000000 1.000000000
1.837015622 0.000054507 0.500000000 1.000000000
1.837441404 0.000054402 0.500000000 1.000000000
1.837441404 0.000054402 0.500000000 1.000000000
1.792431637 0.000054944 0.500000000 1.000000000
1.789853563 0.000054566 0.500000000 1.000000000
1.809938327 0.000054225 0.500000000 1.000000000
1.809938327 0.000054225 0.500000000 1.000000000
1.809938327 0.000054225 0.500000000 1.000000000
1.809938327 0.000054225 0.500000000 1.000000000
1.807201682 0.000054036 0.500000000 1.000000000
1.784565355 0.000053589 0.500000000 1.000000000
1.757323033 0.000052734 0.500000000 1.000000000
1.757323033 0.000052734 0.500000000 1.000000000
1.783752876 0.000051925 0.500000000 1.000000000
1.792120733 0.000051199 0.500000000 1.000000000
1.765446627 0.000051217 0.500000000 1.000000000
1.765446627 0.000051217 0.500000000 1.000000000
1.765446627 0.000051217 0.500000000 1.000000000
1.720239828 0.000051405 0.500000000 1.000000000
1.720239828 0.000051405 0.500000000 1.000000000
1.691421709 0.000050801 0.500000000 1.000000000
1.691421709 0.000050801 0.500000000 1.000000000
1.664917122 0.000050914 0.500000000 1.000000000
1.639309130 0.000051254 0.500000000 1.000000000
1.631106334 0.000050751 0.500000000 1.000000000
1.631106334 0.000050751 0.500000000 1.000000000
1.631106334 0.000050751 0.500000000 1.000000000
1.631106334 0.000050751 0.500000000 1.000000000
1.631106334 0.000050751 0.500000000 1.000000000
1.631106334 0.000050751 0.500000000 1.000000000
1.631106334 0.000050751 0.500000000 1.000000000
1.604078021 0.000051099 0.500000000 1.000000000
1.607156804 0.000050407 0.500000000 1.000000000
1.607156804 0.000050407 0.500000000 1.000000000
1.602906777 0.000050073 0.500000000 1.000000000
1.602906777 0.000050073 0.500000000 1.000000000
1.602906777 0.000050073 0.500000000 1.000000000
1.602906777 0.000050073 0.500000000 1.000000000
1.602906777 0.000050073 0.500000000 1.000000000
1.596040258 0.000048955 0.500000000 1.000000000
1.596040258 0.000048955 0.500000000 1.000000000
1.596040258 0.000048955 0.500000000 1.000000000
1.596040258 0.000048955 0.500000000 1.000000000
1.596040258 0.000048955 0.500000000 1.000000000
1.596040258 0.000048955 0.500000000 1.000000000
1.596040258 0.000048955 0.500000000 1.000000000
1.596040258 0.000048955 0.500000000 1.000000000
1.577584191 0.000048245 0.500000000 1.000000000
1.571682948 0.000048876 0.500000000 1.000000000
1.571682948 0.000048876 0.500000000 1.000000000
1.571682948 0.000048876 0.500000000 1.000000000
1.572669526 0.000048795 0.500000000 1.000000000
1.522107550 0.000049605 0.500000000 1.000000000
1.522107550 0.000049605 0.500000000 1.000000000
1.526615010 0.000049417 0.500000000 1.000000000
1.526615010 0.000049417 0.500000000 1.000000000
1.526615010 0.000049417 0.500000000 1.000000000
1.526615010 0.000049417 0.500000000 1.000000000
1.537723635 0.000049589 0.500000000 1.000000000
1.500243694 0.000049603 0.500000000 1.000000000
1.500243694 0.000049603 0.500000000 1.000000000
1.487617872 0.000049901 0.500000000 1.000000000
1.491098583 0.000050235 0.500000000 1.000000000
1.466768775 0.000050115 0.500000000 1.000000000
1.430891980 0.000050712 0.500000000 1.000000000
1.467587472 0.000050428 0.500000000 1.000000000
1.467587472 0.000050428 0.500000000 1.000000000
1.467587472 0.000050428 0.500000000 1.000000000
1.467587472 0.000050428 0.500000000 1.000000000
1.445679161 0.000050798 0.500000000 1.000000000
1.435814078 0.000050750 0.500000000 1.000000000
1.435814078 0.000050750 0.500000000 1.000000000
1.435814078 0.000050750 0.500000000 1.000000000
1.435814078 0.000050750 0.500000000 1.000000000
1.498230187 0.000050194 0.500000000 1.000000000
1.498230187 0.000050194 0.500000000 1.000000000
1.498230187 0.000050194 0.500000000 1.000000000
1.498230187 0.000050194 0.500000000 1.000000000
1.498230187 0.000050194 0.500000000 1.000000000
1.498230187 0.000050194 0.500000000 1.000000000
1.498230187 0.000050194 0.500000000 1.000000000
1.498230187 0.000050194 0.500000000 1.000000000
1.498230187 0.000050194 0.500000000 1.000000000
1.498230187 0.000050194 0.500000000 1.000000000
1.498230187 0.000050194 0.500000000 1.000000000
1.498230187 0.000050194 0.500000000 1.000000000
1.498230187 0.000050194 0.500000000 1.000000000
1.498230187 0.000050194 0.500000000 1.000000000
1.498230187 0.000050194 0.500000000 1.000000000
1.498230187 0.000050194 0.500000000 1.000000000
1.498230187 0.000050194 0.500000000 1.000000000
1.465918402 0.000050045 0.500000000 1.000000000
1.465918402 0.000050045 0.500000000 1.000000000
1.465918402 0.000050045 0.500000000 1.000000000
1.465918402 0.000050045 0.500000000 1.000000000
1.461935489 0.000050400 0.500000000 1.000000000
1.455500581 0.000050256 0.500000000 1.000000000
1.470593475 0.000050034 0.500000000 1.000000000
1.470593475 0.000050034 0.500000000 1.000000000
1.464671528 0.000049864 0.500000000 1.000000000
1.482209093 0.000050104 0.500000000 1.000000000
1.515344042 0.000050010 0.500000000 1.000000000
1.515344042 0.000050010 0.500000000 1.000000000
1.515344042 0.000050010 0.500000000 1.000000000
1.515344042 0.000050010 0.500000000 1.000000000
1.515344042 0.000050010 0.500000000 1.000000000
1.493767368 0.000050218 0.500000000 1.000000000
1.493767368 0.000050218 0.500000000 1.000000000
1.475236283 0.000049990 0.500000000 1.000000000
1.475236283 0.000049990 0.500000000 1.000000000
1.475236283 0.000049990 0.500000000 1.000000000
1.482293559 0.000049746 0.500000000 1.000000000
1.482293559 0.000049746 0.500000000 1.000000000
1.497452871 0.000050268 0.500000000 1.000000000
1.506919602 0.000049983 0.500000000 1.000000000
1.506919602 0.000049983 0.500000000 1.000000000
1.506919602 0.000049983 0.500000000 1.000000000
1.516098556 0.000049386 0.500000000 1.000000000
1.516098556 0.000049386 0.500000000 1.000000000
1.516098556 0.000049386 0.500000000 1.000000000
1.496925954 0.000049517 0.500000000 1.000000000
1.540651825 0.000049158 0.500000000 1.000000000
1.540651825 0.000049158 0.500000000 1.000000000
1.561408541 0.000048863 0.500000000 1.000000000
1.518800029 0.000049429 0.500000000 1.000000000
1.542348955 0.000049561 0.500000000 1.000000000
1.542348955 0.000049561 0.500000000 1.000000000
1.518223584 0.000049858 0.500000000 1.000000000
1.518223584 0.000049858 0.500000000 1.000000000
1.518223584 0.000049858 0.500000000 1.000000000
1.538813970 0.000049459 0.500000000 1.000000000
1.538813970 0.000049459 0.500000000 1.000000000
1.538813970 0.000049459 0.500000000 1.000000000
1.538813970 0.000049459 0.500000000 1.000000000
1.538813970 0.000049459 0.500000000 1.000000000
1.538813970 0.000049459 0.500000000 1.000000000
1.497182170 0.000049627 0.500000000 1.000000000
1.497182170 0.000049627 0.500000000 1.000000000
1.512421264 0.000049391 0.500000000 1.000000000
1.527546460 0.000049230 0.500000000 1.000000000
1.485249769 0.000049152 0.500000000 1.000000000
1.481443236 0.000049478 0.500000000 1.000000000
1.481443236 0.000049478 0.500000000 1.000000000
1.481443236 0.000049478 0.500000000 1.000000000
1.481443236 0.000049478 0.500000000 1.000000000
1.481443236 0.000049478 0.500000000 1.000000000
1.505434593 0.000050109 0.500000000 1.000000000
1.490375419 0.000050329 0.500000000 1.000000000
1.490375419 0.000050329 0.500000000 1.000000000
1.490375419 0.000050329 0.500000000 1.000000000
1.490375419 0.000050329 0.500000000 1.000000000
1.490375419 0.000050329 0.500000000 1.000000000
1.490375419 0.000050329 0.500000000 1.000000000
1.480779494 0.000050584 0.500000000 1.000000000
1.497948136 0.000049958 0.500000000 1.000000000
1.487315167 0.000049470 0.500000000 1.000000000
1.462711909 0.000049590 0.500000000 1.000000000
1.449899729 0.000049749 0.500000000 1.000000000
1.466383159 0.000049817 0.500000000 1.000000000
1.466383159 0.000049817 0.500000000 1.000000000
1.481763168 0.000049719 0.500000000 1.000000000
1.453426359 0.000050033 0.500000000 1.000000000
1.453426359 0.000050033 0.500000000 1.000000000
1.467761321 0.000050189 0.500000000 1.000000000
1.467761321 0.000050189 0.500000000 1.000000000
1.467761321 0.000050189 0.500000000 1.000000000
1.467761321 0.000050189 0.500000000 1.000000000
1.467761321 0.000050189 0.500000000 1.000000000
1.480890582 0.000050284 0.500000000 1.000000000
1.458821990 0.000050604 0.500000000 1.000000000
1.427186581 0.000050906 0.500000000 1.000000000
1.427186581 0.000050906 0.500000000 1.000000000
1.427186581 0.000050906 0.500000000 1.000000000
1.427186581 0.000050906 0.500000000 1.000000000
1.408084129 0.000050594 0.500000000 1.000000000
1.408084129 0.000050594 0.500000000 1.000000000
1.995081687 0.000059446 0.500000000 1.000000000
1.998867783 0.000059095 0.500000000 1.000000000
1.998867783 0.000059095 0.500000000 1.000000000
2.010709918 0.000058387 0.500000000 1.000000000
2.010709918 0.000058387 0.500000000 1.000000000
2.013031153 0.000058070 0.500000000 1.000000000
1.969363404 0.000057878 0.500000000 1.000000000
1.969363404 0.000057878 0.500000000 1.000000000
1.932647385 0.000057073 0.500000000 1.000000000
1.901336510 0.000056699 0.500000000 1.000000000
1.880267934 0.000056790 0.500000000 1.000000000
1.880267934 0.000056790 0.500000000 1.000000000
1.880267934 0.000056790 0.500000000 1.000000000
1.880267934 0.000056790 0.500000000 1.000000000
1.885085430 0.000056606 0.500000000 1.000000000
1.816599740 0.000057131 0.500000000 1.000000000
1.788703327 0.000057000 0.500000000 1.000000000
1.741706477 0.000056378 0.500000000 1.000000000
1.775436717 0.000055250 0.500000000 1.000000000
1.760334473 0.000054982 0.500000000 1.000000000
1.667294505 0.000054335 0.500000000 1.000000000
1.667294505 0.000054335 0.500000000 1.000000000
1.638991737 0.000054317 0.500000000 1.000000000
1.638991737 0.000054317 0.500000000 1.000000000
1.572713129 0.000054121 0.500000000 1.000000000
1.537325785 0.000054052 0.500000000 1.000000000
1.537325785 0.000054052 0.500000000 1.000000000
1.508511891 0.000054128 0.500000000 1.000000000
1.471000937 0.000054297 0.500000000 1.000000000
1.441604390 0.000054839 0.500000000 1.000000000
1.441604390 0.000054839 0.500000000 1.000000000
1.441604390 0.000054839 0.500000000 1.000000000
1.441604390 0.000054839 0.500000000 1.000000000
1.441604390 0.000054839 0.500000000 1.000000000
1.441604390 0.000054839 0.500000000 1.000000000
1.412774449 0.000055195 0.500000000 1.000000000
1.412774449 0.000055195 0.500000000 1.000000000
1.422957885 0.000055117 0.500000000 1.000000000
1.422957885 0.000055117 0.500000000 1.000000000
1.428144291 0.000054678 0.500000000 1.000000000
1.428144291 0.000054678 0.500000000 1.000000000
1.428144291 0.000054678 0.500000000 1.000000000
1.428144291 0.000054678 0.500000000 1.000000000
1.428144291 0.000054678 0.500000000 1.000000000
1.409879373 0.000054557 0.500000000 1.000000000
1.404062554 0.000054095 0.500000000 1.000000000
1.404062554 0.000054095 0.500000000 1.000000000
1.382033080 0.000053225 0.500000000 1.000000000
1.382033080 0.000053225 0.500000000 1.000000000
1.382033080 0.000053225 0.500000000 1.000000000
1.382033080 0.000053225 0.500000000 1.000000000
1.382033080 0.000053225 0.500000000 1.000000000
1.382033080 0.000053225 0.500000000 1.000000000
1.401114106 0.000053048 0.500000000 1.000000000
1.401114106 0.000053048 0.500000000 1.000000000
1.361090788 0.000053346 0.500000000 1.000000000
1.361090788 0.000053346 0.500000000 1.000000000
1.301631762 0.000053450 0.500000000 1.000000000
1.275837697 0.000053584 0.500000000 1.000000000
1.275837697 0.000053584 0.500000000 1.000000000
1.275837697 0.000053584 0.500000000 1.000000000
1.275837697 0.000053584 0.500000000 1.000000000
1.275837697 0.000053584 0.500000000 1.000000000
1.275837697 0.000053584 0.500000000 1.000000000
1.275837697 0.000053584 0.500000000 1.000000000
1.275837697 0.000053584 0.500000000 1.000000000
1.275837697 0.000053584 0.500000000 1.000000000
1.275837697 0.000053584 0.500000000 1.000000000
1.275837697 0.000053584 0.500000000 1.000000000
1.275837697 0.000053584 0.500000000 1.000000000
1.275837697 0.000053584 0.500000000 1.000000000
1.275837697 0.000053584 0.500000000 1.000000000
1.266362073 0.000053909 0.500000000 1.000000000
1.266362073 0.000053909 0.500000000 1.000000000
1.266362073 0.000053909 0.500000000 1.000000000
1.266362073 0.000053909 0.500000000 1.000000000
1.243642245 0.000053990 0.500000000 1.000000000
1.223298927 0.000054365 0.500000000 1.000000000
1.251994762 0.000054518 0.500000000 1.000000000
1.251994762 0.000054518 0.500000000 1.000000000
1.251994762 0.000054518 0.500000000 1.000000000
1.251994762 0.000054518 0.500000000 1.000000000
1.251994762 0.000054518 0.500000000 1.000000000
1.251994762 0.000054518 0.500000000 1.000000000
1.270319010 0.000053988 0.500000000 1.000000000
1.269315738 0.000054336 0.500000000 1.000000000
1.269315738 0.000054336 0.500000000 1.000000000
1.269315738 0.000054336 0.500000000 1.000000000
1.234638443 0.000054321 0.500000000 1.000000000
1.229498963 0.000055253 0.500000000 1.000000000
1.223565647 0.000054634 0.500000000 1.000000000
1.223565647 0.000054634 0.500000000 1.000000000
1.223565647 0.000054634 0.500000000 1.000000000
1.219114400 0.000055018 0.500000000 1.000000000
1.219114400 0.000055018 0.500000000 1.000000000
1.219114400 0.000055018 0.500000000 1.000000000
1.219114400 0.000055018 0.500000000 1.000000000
1.218272770 0.000055214 0.500000000 1.000000000
1.214870079 0.000055442 0.500000000 1.000000000
1.214870079 0.000055442 0.500000000 1.000000000
1.219345120 0.000055459 0.500000000 1.000000000
1.219345120 0.000055459 0.500000000 1.000000000
1.227151314 0.000055450 0.500000000 1.000000000
1.205723709 0.000055652 0.500000000 1.000000000
1.205723709 0.000055652 0.500000000 1.000000000
1.205723709 0.000055652 0.500000000 1.000000000
1.205723709 0.000055652 0.500000000 1.000000000
1.205723709 0.000055652 0.500000000 1.000000000
1.205723709 0.000055652 0.500000000 1.000000000
1.205723709 0.000055652 0.500000000 1.000000000
1.183983181 0.000055622 0.500000000 1.000000000
1.185784458 0.000055512 0.500000000 1.000000000
1.193895990 0.000055870 0.500000000 1.000000000
1.188911767 0.000055911 0.500000000 1.000000000
1.188911767 0.000055911 0.500000000 1.000000000
1.188911767 0.000055911 0.500000000 1.000000000
1.168166209 0.000056340 0.500000000 1.000000000
1.168166209 0.000056340 0.500000000 1.000000000
1.160963319 0.000057110 0.500000000 1.000000000
1.160963319 0.000057110 0.500000000 1.000000000
1.160963319 0.000057110 0.500000000 1.000000000
1.152370062 0.000057009 0.500000000 1.000000000
1.107015768 0.000057793 0.500000000 1.000000000
1.107015768 0.000057793 0.500000000 1.000000000
1.109939067 0.000057684 0.500000000 1.000000000
1.109939067 0.000057684 0.500000000 1.000000000
1.085847056 0.000058249 0.500000000 1.000000000
1.085847056 0.000058249 0.500000000 1.000000000
1.085847056 0.000058249 0.500000000 1.000000000
1.092640276 0.000058349 0.500000000 1.000000000
1.092640276 0.000058349 0.500000000 1.000000000
1.109534997 0.000058437 0.500000000 1.000000000
1.109534997 0.000058437 0.500000000 1.000000000
1.109534997 0.000058437 0.500000000 1.000000000
1.109534997 0.000058437 0.500000000 1.000000000
1.109534997 0.000058437 0.500000000 1.000000000
1.109534997 0.000058437 0.500000000 1.000000000
1.098072931 0.000058732 0.500000000 1.000000000
1.098072931 0.000058732 0.500000000 1.000000000
1.098072931 0.000058732 0.500000000 1.000000000
1.098072931 0.000058732 0.500000000 1.000000000
1.098072931 0.000058732 0.500000000 1.000000000
1.098072931 0.000058732 0.500000000 1.000000000
1.098072931 0.000058732 0.500000000 1.000000000
1.098072931 0.000058732 0.500000000 1.000000000
1.098072931 0.000058732 0.500000000 1.000000000
1.098072931 0.000058732 0.500000000 1.000000000
1.098072931 0.000058732 0.500000000 1.000000000
1.098072931 0.000058732 0.500000000 1.000000000
1.098072931 0.000058732 0.500000000 1.000000000
1.095112697 0.000058579 0.500000000 1.000000000
1.095112697 0.000058579 0.500000000 1.000000000
1.095112697 0.000058579 0.500000000 1.000000000
1.093782830 0.000058801 0.500000000 1.000000000
1.061661017 0.000058732 0.500000000 1.000000000
1.073329553 0.000058692 0.500000000 1.000000000
1.073329553 0.000058692 0.500000000 1.000000000
1.115017397 0.000057857 0.500000000 1.000000000
1.115017397 0.000057857 0.500000000 1.000000000
1.115017397 0.000057857 0.500000000 1.000000000
1.115017397 0.000057857 0.500000000 1.000000000
1.105415067 0.000058117 0.500000000 1.000000000
1.117422423 0.000058021 0.500000000 1.000000000
1.117422423 0.000058021 0.500000000 1.000000000
1.111515911 0.000058379 0.500000000 1.000000000
1.111515911 0.000058379 0.500000000 1.000000000
1.111515911 0.000058379 0.500000000 1.000000000
1.111515911 0.000058379 0.500000000 1.000000000
1.099638410 0.000058114 0.500000000 1.000000000
1.099638410 0.000058114 0.500000000 1.000000000
1.099638410 0.000058114 0.500000000 1.000000000
1.127405335 0.000057868 0.500000000 1.000000000
1.135961111 0.000057073 0.500000000 1.000000000
1.127653376 0.000056733 0.500000000 1.000000000
1.148552016 0.000056642 0.500000000 1.000000000
1.148552016 0.000056642 0.500000000 1.000000000
1.154802374 0.000057134 0.500000000 1.000000000
1.154802374 0.000057134 0.500000000 1.000000000
1.154802374 0.000057134 0.500000000 1.000000000
1.154802374 0.000057134 0.500000000 1.000000000
1.154802374 0.000057134 0.500000000 1.000000000
1.154802374 0.000057134 0.500000000 1.000000000
1.154802374 0.000057134 0.500000000 1.000000000
1.154802374 0.000057134 0.500000000 1.000000000
1.154802374 0.000057134 0.500000000 1.000000000
1.154802374 0.000057134 0.500000000 1.000000000
1.159576462 0.000056450 0.500000000 1.000000000
1.159576462 0.000056450 0.500000000 1.000000000
1.154324598 0.000056396 0.500000000 1.000000000
1.154324598 0.000056396 0.500000000 1.000000000
1.163691192 0.000056261 0.500000000 1.000000000
1.170843323 0.000056260 0.500000000 1.000000000
1.170843323 0.000056260 0.500000000 1.000000000
1.170843323 0.000056260 0.500000000 1.000000000
1.170843323 0.000056260 0.500000000 1.000000000
1.170843323 0.000056260 0.500000000 1.000000000
1.162689807 0.000056736 0.500000000 1.000000000
1.162689807 0.000056736 0.500000000 1.000000000
1.162689807 0.000056736 0.500000000 1.000000000
1.991979996 0.000059184 0.500000000 1.000000000
1.991979996 0.000059184 0.500000000 1.000000000
1.929491159 0.000059859 0.500000000 1.000000000
1.890752435 0.000060235 0.500000000 1.000000000
1.890752435 0.000060235 0.500000000 1.000000000
1.871974591 0.000059645 0.500000000 1.000000000
1.863726492 0.000059186 0.500000000 1.000000000
1.863726492 0.000059186 0.500000000 1.000000000
1.847947575 0.000059117 0.500000000 1.000000000
1.847947575 0.000059117 0.500000000 1.000000000
1.847947575 0.000059117 0.500000000 1.000000000
1.847947575 0.000059117 0.500000000 1.000000000
1.847947575 0.000059117 0.500000000 1.000000000
1.847947575 0.000059117 0.500000000 1.000000000
1.847947575 0.000059117 0.500000000 1.000000000
1.861155854 0.000058311 0.500000000 1.000000000
1.861155854 0.000058311 0.500000000 1.000000000
1.832300446 0.000058510 0.500000000 1.000000000
1.828195194 0.000058109 0.500000000 1.000000000
1.785117122 0.000058069 0.500000000 1.000000000
1.785117122 0.000058069 0.500000000 1.000000000
1.785117122 0.000058069 0.500000000 1.000000000
1.785117122 0.000058069 0.500000000 1.000000000
1.774906543 0.000057478 0.500000000 1.000000000
1.761912969 0.000057384 0.500000000 1.000000000
1.761912969 0.000057384 0.500000000 1.000000000
1.761912969 0.000057384 0.500000000 1.000000000
1.738751843 0.000057353 0.500000000 1.000000000
1.733980005 0.000057550 0.500000000 1.000000000
1.733980005 0.000057550 0.500000000 1.000000000
1.721804676 0.000057111 0.500000000 1.000000000
1.721804676 0.000057111 0.500000000 1.000000000
1.721804676 0.000057111 0.500000000 1.000000000
1.721804676 0.000057111 0.500000000 1.000000000
1.694485864 0.000057021 0.500000000 1.000000000
1.694485864 0.000057021 0.500000000 1.000000000
1.694485864 0.000057021 0.500000000 1.000000000
1.694485864 0.000057021 0.500000000 1.000000000
1.709075493 0.000056696 0.500000000 1.000000000
1.695622753 0.000056795 0.500000000 1.000000000
1.695622753 0.000056795 0.500000000 1.000000000
1.695622753 0.000056795 0.500000000 1.000000000
1.695622753 0.000056795 0.500000000 1.000000000
1.719781201 0.000056064 0.500000000 1.000000000
1.670600005 0.000055990 0.500000000 1.000000000
1.670600005 0.000055990 0.500000000 1.000000000
1.670600005 0.000055990 0.500000000 1.000000000
1.650190030 0.000056109 0.500000000 1.000000000
1.650190030 0.000056109 0.500000000 1.000000000
1.630049370 0.000055318 0.500000000 1.000000000
1.641177763 0.000054940 0.500000000 1.000000000
1.624263665 0.000054767 0.500000000 1.000000000
1.624263665 0.000054767 0.500000000 1.000000000
1.610048189 0.000054140 0.500000000 1.000000000
1.610048189 0.000054140 0.500000000 1.000000000
1.564641693 0.000053759 0.500000000 1.000000000
1.558138749 0.000053143 0.500000000 1.000000000
1.558138749 0.000053143 0.500000000 1.000000000
1.514697500 0.000052961 0.500000000 1.000000000
1.513544306 0.000052836 0.500000000 1.000000000
1.513544306 0.000052836 0.500000000 1.000000000
1.496664964 0.000052432 0.500000000 1.000000000
1.530928470 0.000051828 0.500000000 1.000000000
1.456026305 0.000052229 0.500000000 1.000000000
1.418998726 0.000052941 0.500000000 1.000000000
1.418998726 0.000052941 0.500000000 1.000000000
1.418998726 0.000052941 0.500000000 1.000000000
1.418998726 0.000052941 0.500000000 1.000000000
1.418124996 0.000052718 0.500000000 1.000000000
1.418124996 0.000052718 0.500000000 1.000000000
1.418124996 0.000052718 0.500000000 1.000000000
1.418124996 0.000052718 0.500000000 1.000000000
1.418124996 0.000052718 0.500000000 1.000000000
1.381555010 0.000052361 0.500000000 1.000000000
1.381555010 0.000052361 0.500000000 1.000000000
1.381555010 0.000052361 0.500000000 1.000000000
1.381555010 0.000052361 0.500000000 1.000000000
1.344154995 0.000053048 0.500000000 1.000000000
1.334973182 0.000053159 0.500000000 1.000000000
1.334973182 0.000053159 0.500000000 1.000000000
1.329855998 0.000053167 0.500000000 1.000000000
1.329855998 0.000053167 0.500000000 1.000000000
1.329855998 0.000053167 0.500000000 1.000000000
1.329855998 0.000053167 0.500000000 1.000000000
1.339203524 0.000053118 0.500000000 1.000000000
1.339203524 0.000053118 0.500000000 1.000000000
1.339203524 0.000053118 0.500000000 1.000000000
1.339203524 0.000053118 0.500000000 1.000000000
1.296828501 0.000053381 0.500000000 1.000000000
1.296828501 0.000053381 0.500000000 1.000000000
1.296828501 0.000053381 0.500000000 1.000000000
1.296828501 0.000053381 0.500000000 1.000000000
1.296828501 0.000053381 0.500000000 1.000000000
1.296828501 0.000053381 0.500000000 1.000000000
1.296828501 0.000053381 0.500000000 1.000000000
1.296828501 0.000053381 0.500000000 1.000000000
1.296828501 0.000053381 0.500000000 1.000000000
1.296828501 0.000053381 0.500000000 1.000000000
1.296828501 0.000053381 0.500000000 1.000000000
1.296828501 0.000053381 0.500000000 1.000000000
1.296828501 0.000053381 0.500000000 1.000000000
1.286142165 0.000053433 0.500000000 1.000000000
1.286142165 0.000053433 0.500000000 1.000000000
1.279742203 0.000053724 0.500000000 1.000000000
1.279742203 0.000053724 0.500000000 1.000000000
1.235040123 0.000054440 0.500000000 1.000000000
1.200358741 0.000054814 0.500000000 1.000000000
1.220933177 0.000054992 0.500000000 1.000000000
1.220933177 0.000054992 0.500000000 1.000000000
1.232248261 0.000055383 0.500000000 1.000000000
1.250622423 0.000054615 0.500000000 1.000000000
1.250622423 0.000054615 0.500000000 1.000000000
1.250622423 0.000054615 0.500000000 1.000000000
1.243737443 0.000054618 0.500000000 1.000000000
1.243737443 0.000054618 0.500000000 1.000000000
1.243737443 0.000054618 0.500000000 1.000000000
1.243737443 0.000054618 0.500000000 1.000000000
1.243737443 0.000054618 0.500000000 1.000000000
1.243737443 0.000054618 0.500000000 1.000000000
1.251222294 0.000054986 0.500000000 1.000000000
1.227343462 0.000055451 0.500000000 1.000000000
1.227343462 0.000055451 0.500000000 1.000000000
1.237224609 0.000055192 0.500000000 1.000000000
1.237224609 0.000055192 0.500000000 1.000000000
1.228314886 0.000055119 0.500000000 1.000000000
1.236051124 0.000055119 0.500000000 1.000000000
1.236051124 0.000055119 0.500000000 1.000000000
1.236051124 0.000055119 0.500000000 1.000000000
1.236051124 0.000055119 0.500000000 1.000000000
1.241087487 0.000055038 0.500000000 1.000000000
1.215124148 0.000055746 0.500000000 1.000000000
1.215124148 0.000055746 0.500000000 1.000000000
1.215124148 0.000055746 0.500000000 1.000000000
1.209256837 0.000055641 0.500000000 1.000000000
1.221115963 0.000055639 0.500000000 1.000000000
1.221115963 0.000055639 0.500000000 1.000000000
1.221115963 0.000055639 0.500000000 1.000000000
1.226078719 0.000054976 0.500000000 1.000000000
1.226078719 0.000054976 0.500000000 1.000000000
1.235077321 0.000054928 0.500000000 1.000000000
1.235077321 0.000054928 0.500000000 1.000000000
1.235077321 0.000054928 0.500000000 1.000000000
1.242480862 0.000054998 0.500000000 1.000000000
1.242480862 0.000054998 0.500000000 1.000000000
1.242480862 0.000054998 0.500000000 1.000000000
1.232686178 0.000054765 0.500000000 1.000000000
1.232686178 0.000054765 0.500000000 1.000000000
1.232686178 0.000054765 0.500000000 1.000000000
1.232686178 0.000054765 0.500000000 1.000000000
1.252169743 0.000054136 0.500000000 1.000000000
1.252169743 0.000054136 0.500000000 1.000000000
1.265007021 0.000053723 0.500000000 1.000000000
1.265007021 0.000053723 0.500000000 1.000000000
1.294611480 0.000053657 0.500000000 1.000000000
1.294611480 0.000053657 0.500000000 1.000000000
1.294611480 0.000053657 0.500000000 1.000000000
1.294611480 0.000053657 0.500000000 1.000000000
1.294611480 0.000053657 0.500000000 1.000000000
1.284880298 0.000053477 0.500000000 1.000000000
1.284880298 0.000053477 0.500000000 1.000000000
1.284880298 0.000053477 0.500000000 1.000000000
1.315206177 0.000053466 0.500000000 1.000000000
1.290088280 0.000054185 0.500000000 1.000000000
1.265780343 0.000053928 0.500000000 1.000000000
1.281750777 0.000053794 0.500000000 1.000000000
1.308188585 0.000053576 0.500000000 1.000000000
1.308188585 0.000053576 0.500000000 1.000000000
1.308188585 0.000053576 0.500000000 1.000000000
1.322882600 0.000053508 0.500000000 1.000000000
1.304016654 0.000053517 0.500000000 1.000000000
1.304016654 0.000053517 0.500000000 1.000000000
1.269217187 0.000054118 0.500000000 1.000000000
1.281845602 0.000054090 0.500000000 1.000000000
1.281845602 0.000054090 0.500000000 1.000000000
1.258904094 0.000054531 0.500000000 1.000000000
1.258904094 0.000054531 0.500000000 1.000000000
1.258904094 0.000054531 0.500000000 1.000000000
1.213335712 0.000054445 0.500000000 1.000000000
1.213335712 0.000054445 0.500000000 1.000000000
1.239240432 0.000054101 0.500000000 1.000000000
1.239240432 0.000054101 0.500000000 1.000000000
1.270873704 0.000054405 0.500000000 1.000000000
1.270873704 0.000054405 0.500000000 1.000000000
1.270873704 0.000054405 0.500000000 1.000000000
1.270873704 0.000054405 0.500000000 1.000000000
1.270873704 0.000054405 0.500000000 1.000000000
1.270873704 0.000054405 0.500000000 1.000000000
1.270873704 0.000054405 0.500000000 1.000000000
1.270873704 0.000054405 0.500000000 1.000000000
1.282647709 0.000054274 0.500000000 1.000000000
1.272918459 0.000054413 0.500000000 1.000000000
1.246307256 0.000054949 0.500000000 1.000000000
1.246307256 0.000054949 0.500000000 1.000000000
1.246307256 0.000054949 0.500000000 1.000000000
1.246307256 0.000054949 0.500000000 1.000000000
1.246307256 0.000054949 0.500000000 1.000000000
1.246307256 0.000054949 0.500000000 1.000000000
1.192506708 0.000055049 0.500000000 1.000000000
1.218746578 0.000054922 0.500000000 1.000000000
1.218746578 0.000054922 0.500000000 1.000000000
2.022047662 0.000059556 0.500000000 1.000000000
2.003064180 0.000059639 0.500000000 1.000000000
2.000444315 0.000058670 0.500000000 1.000000000
2.000444315 0.000058670 0.500000000 1.000000000
2.000444315 0.000058670 0.500000000 1.000000000
2.003379508 0.000058515 0.500000000 1.000000000
2.003379508 0.000058515 0.500000000 1.000000000
2.029959264 0.000058117 0.500000000 1.000000000
1.988107081 0.000058419 0.500000000 1.000000000
1.988107081 0.000058419 0.500000000 1.000000000
1.987434269 0.000057881 0.500000000 1.000000000
1.973924308 0.000057812 0.500000000 1.000000000
1.973924308 0.000057812 0.500000000 1.000000000
1.973924308 0.000057812 0.500000000 1.000000000
1.959968449 0.000057891 0.500000000 1.000000000
1.959968449 0.000057891 0.500000000 1.000000000
1.919787411 0.000058480 0.500000000 1.000000000
1.914963082 0.000058388 0.500000000 1.000000000
1.914963082 0.000058388 0.500000000 1.000000000
1.914963082 0.000058388 0.500000000 1.000000000
1.956799612 0.000057617 0.500000000 1.000000000
1.959655685 0.000057542 0.500000000 1.000000000
1.959655685 0.000057542 0.500000000 1.000000000
1.959655685 0.000057542 0.500000000 1.000000000
1.959655685 0.000057542 0.500000000 1.000000000
1.921680871 0.000056995 0.500000000 1.000000000
1.910701374 0.000056987 0.500000000 1.000000000
1.881316995 0.000057050 0.500000000 1.000000000
1.862631677 0.000056966 0.500000000 1.000000000
1.827244858 0.000056371 0.500000000 1.000000000
1.764747559 0.000056452 0.500000000 1.000000000
1.764747559 0.000056452 0.500000000 1.000000000
1.771282650 0.000055883 0.500000000 1.000000000
1.736406066 0.000055778 0.500000000 1.000000000
1.736406066 0.000055778 0.500000000 1.000000000
1.715623627 0.000055514 0.500000000 1.000000000
1.715623627 0.000055514 0.500000000 1.000000000
1.715623627 0.000055514 0.500000000 1.000000000
1.715623627 0.000055514 0.500000000 1.000000000
1.721618768 0.000055325 0.500000000 1.000000000
1.727887357 0.000055128 0.500000000 1.000000000
1.727887357 0.000055128 0.500000000 1.000000000
1.752009345 0.000054438 0.500000000 1.000000000
1.753600597 0.000054292 0.500000000 1.000000000
1.783194136 0.000053761 0.500000000 1.000000000
1.783194136 0.000053761 0.500000000 1.000000000
1.754100408 0.000053663 0.500000000 1.000000000
1.727547945 0.000053121 0.500000000 1.000000000
1.695607224 0.000053132 0.500000000 1.000000000
1.695607224 0.000053132 0.500000000 1.000000000
1.713893679 0.000052793 0.500000000 1.000000000
1.691104231 0.000052969 0.500000000 1.000000000
1.691104231 0.000052969 0.500000000 1.000000000
1.691104231 0.000052969 0.500000000 1.000000000
1.691104231 0.000052969 0.500000000 1.000000000
1.643257414 0.000052569 0.500000000 1.000000000
1.643257414 0.000052569 0.500000000 1.000000000
1.646198848 0.000052187 0.500000000 1.000000000
1.655375270 0.000051690 0.500000000 1.000000000
1.655375270 0.000051690 0.500000000 1.000000000
1.645146084 0.000051229 0.500000000 1.000000000
1.632780021 0.000051286 0.500000000 1.000000000
1.632780021 0.000051286 0.500000000 1.000000000
1.632780021 0.000051286 0.500000000 1.000000000
1.606232511 0.000051347 0.500000000 1.000000000
1.606232511 0.000051347 0.500000000 1.000000000
1.576960729 0.000051399 0.500000000 1.000000000
1.572589410 0.000051169 0.500000000 1.000000000
1.553435210 0.000051098 0.500000000 1.000000000
1.553435210 0.000051098 0.500000000 1.000000000
1.543133193 0.000051260 0.500000000 1.000000000
1.534924386 0.000051382 0.500000000 1.000000000
1.489898648 0.000051290 0.500000000 1.000000000
1.462017351 0.000051722 0.500000000 1.000000000
1.462017351 0.000051722 0.500000000 1.000000000
1.462017351 0.000051722 0.500000000 1.000000000
1.442918568 0.000051507 0.500000000 1.000000000
1.369960820 0.000051838 0.500000000 1.000000000
1.369960820 0.000051838 0.500000000 1.000000000
1.397809463 0.000051502 0.500000000 1.000000000
1.390109905 0.000051081 0.500000000 1.000000000
1.422166470 0.000051558 0.500000000 1.000000000
1.422166470 0.000051558 0.500000000 1.000000000
1.422166470 0.000051558 0.500000000 1.000000000
1.422166470 0.000051558 0.500000000 1.000000000
1.422166470 0.000051558 0.500000000 1.000000000
1.431571121 0.000051142 0.500000000 1.000000000
1.431571121 0.000051142 0.500000000 1.000000000
1.448503675 0.000051022 0.500000000 1.000000000
1.411583857 0.000050828 0.500000000 1.000000000
1.411583857 0.000050828 0.500000000 1.000000000
1.415931500 0.000051680 0.500000000 1.000000000
1.415931500 0.000051680 0.500000000 1.000000000
1.415931500 0.000051680 0.500000000 1.000000000
1.415931500 0.000051680 0.500000000 1.000000000
1.415931500 0.000051680 0.500000000 1.000000000
1.415931500 0.000051680 0.500000000 1.000000000
1.415931500 0.000051680 0.500000000 1.000000000
1.415931500 0.000051680 0.500000000 1.000000000
1.415931500 0.000051680 0.500000000 1.000000000
1.392023978 0.000051368 0.500000000 1.000000000
1.375413431 0.000051843 0.500000000 1.000000000
1.420521280 0.000051637 0.500000000 1.000000000
1.420521280 0.000051637 0.500000000 1.000000000
1.420521280 0.000051637 0.500000000 1.000000000
1.376059681 0.000051805 0.500000000 1.000000000
1.376059681 0.000051805 0.500000000 1.000000000
1.383464734 0.000051721 0.500000000 1.000000000
1.384500725 0.000051422 0.500000000 1.000000000
1.384500725 0.000051422 0.500000000 1.000000000
1.347586045 0.000051712 0.500000000 1.000000000
1.349338751 0.000052703 0.500000000 1.000000000
1.337004415 0.000052481 0.500000000 1.000000000
1.342130517 0.000053047 0.500000000 1.000000000
1.342130517 0.000053047 0.500000000 1.000000000
1.305034134 0.000053199 0.500000000 1.000000000
1.305034134 0.000053199 0.500000000 1.000000000
1.306927858 0.000053774 0.500000000 1.000000000
1.306927858 0.000053774 0.500000000 1.000000000
1.271576310 0.000054356 0.500000000 1.000000000
1.271576310 0.000054356 0.500000000 1.000000000
1.271576310 0.000054356 0.500000000 1.000000000
1.271576310 0.000054356 0.500000000 1.000000000
1.271576310 0.000054356 0.500000000 1.000000000
1.248980251 0.000054646 0.500000000 1.000000000
1.287539071 0.000053859 0.500000000 1.000000000
1.287539071 0.000053859 0.500000000 1.000000000
1.287539071 0.000053859 0.500000000 1.000000000
1.275565652 0.000054077 0.500000000 1.000000000
1.275565652 0.000054077 0.500000000 1.000000000
1.275565652 0.000054077 0.500000000 1.000000000
1.275565652 0.000054077 0.500000000 1.000000000
1.275565652 0.000054077 0.500000000 1.000000000
1.275565652 0.000054077 0.500000000 1.000000000
1.275565652 0.000054077 0.500000000 1.000000000
1.275565652 0.000054077 0.500000000 1.000000000
1.275565652 0.000054077 0.500000000 1.000000000
1.275565652 0.000054077 0.500000000 1.000000000
1.275565652 0.000054077 0.500000000 1.000000000
1.280754952 0.000054030 0.500000000 1.000000000
1.271871206 0.000053667 0.500000000 1.000000000
1.271871206 0.000053667 0.500000000 1.000000000
1.271871206 0.000053667 0.500000000 1.000000000
1.267469139 0.000054674 0.500000000 1.000000000
1.267469139 0.000054674 0.500000000 1.000000000
1.267469139 0.000054674 0.500000000 1.000000000
1.267469139 0.000054674 0.500000000 1.000000000
1.271429023 0.000054555 0.500000000 1.000000000
1.271429023 0.000054555 0.500000000 1.000000000
1.271429023 0.000054555 0.500000000 1.000000000
1.245063126 0.000055011 0.500000000 1.000000000
1.254075298 0.000054946 0.500000000 1.000000000
1.254075298 0.000054946 0.500000000 1.000000000
1.254075298 0.000054946 0.500000000 1.000000000
1.254075298 0.000054946 0.500000000 1.000000000
1.254075298 0.000054946 0.500000000 1.000000000
1.254075298 0.000054946 0.500000000 1.000000000
1.254075298 0.000054946 0.500000000 1.000000000
1.204153991 0.000055402 0.500000000 1.000000000
1.204153991 0.000055402 0.500000000 1.000000000
1.204153991 0.000055402 0.500000000 1.000000000
1.221824453 0.000055308 0.500000000 1.000000000
1.219990414 0.000055053 0.500000000 1.000000000
1.219990414 0.000055053 0.500000000 1.000000000
1.219990414 0.000055053 0.500000000 1.000000000
1.220658674 0.000055633 0.500000000 1.000000000
1.220658674 0.000055633 0.500000000 1.000000000
1.231483512 0.000054829 0.500000000 1.000000000
1.231483512 0.000054829 0.500000000 1.000000000
1.231483512 0.000054829 0.500000000 1.000000000
1.227670596 0.000055464 0.500000000 1.000000000
1.227670596 0.000055464 0.500000000 1.000000000
1.227670596 0.000055464 0.500000000 1.000000000
1.227670596 0.000055464 0.500000000 1.000000000
1.227670596 0.000055464 0.500000000 1.000000000
1.227670596 0.000055464 0.500000000 1.000000000
1.227670596 0.000055464 0.500000000 1.000000000
1.235727745 0.000055120 0.500000000 1.000000000
1.235727745 0.000055120 0.500000000 1.000000000
1.248422680 0.000055108 0.500000000 1.000000000
1.212770961 0.000055276 0.500000000 1.000000000
1.212770961 0.000055276 0.500000000 1.000000000
1.212770961 0.000055276 0.500000000 1.000000000
1.194514168 0.000055511 0.500000000 1.000000000
1.194514168 0.000055511 0.500000000 1.000000000
1.176738506 0.000056174 0.500000000 1.000000000
1.176738506 0.000056174 0.500000000 1.000000000
1.172234086 0.000056197 0.500000000 1.000000000
1.172234086 0.000056197 0.500000000 1.000000000
1.172234086 0.000056197 0.500000000 1.000000000
1.172234086 0.000056197 0.500000000 1.000000000
1.176805185 0.000055925 0.500000000 1.000000000
1.176805185 0.000055925 0.500000000 1.000000000
1.176805185 0.000055925 0.500000000 1.000000000
1.147142237 0.000056722 0.500000000 1.000000000
1.147142237 0.000056722 0.500000000 1.000000000
1.147142237 0.000056722 0.500000000 1.000000000
1.147142237 0.000056722 0.500000000 1.000000000
1.147142237 0.000056722 0.500000000 1.000000000
1.147142237 0.000056722 0.500000000 1.000000000
2.017733304 0.000059172 0.500000000 1.000000000
1.976805776 0.000059271 0.500000000 1.000000000
1.976805776 0.000059271 0.500000000 1.000000000
1.946518720 0.000059068 0.500000000 1.000000000
1.946518720 0.000059068 0.500000000 1.000000000
1.920221911 0.000059438 0.500000000 1.000000000
1.880248911 0.000059206 0.500000000 1.000000000
1.874616846 0.000058949 0.500000000 1.000000000
1.874616846 0.000058949 0.500000000 1.000000000
1.848341855 0.000058996 0.500000000 1.000000000
1.848341855 0.000058996 0.500000000 1.000000000
1.848341855 0.000058996 0.500000000 1.000000000
1.837846714 0.000058805 0.500000000 1.000000000
1.837846714 0.000058805 0.500000000 1.000000000
1.848768615 0.000058621 0.500000000 1.000000000
1.848768615 0.000058621 0.500000000 1.000000000
1.848768615 0.000058621 0.500000000 1.000000000
1.848768615 0.000058621 0.500000000 1.000000000
1.848768615 0.000058621 0.500000000 1.000000000
1.803979866 0.000058984 0.500000000 1.000000000
1.800716167 0.000058611 0.500000000 1.000000000
1.798039118 0.000058406 0.500000000 1.000000000
1.798039118 0.000058406 0.500000000 1.000000000
1.798039118 0.000058406 0.500000000 1.000000000
1.798039118 0.000058406 0.500000000 1.000000000
1.807350741 0.000057731 0.500000000 1.000000000
1.807350741 0.000057731 0.500000000 1.000000000
1.844384232 0.000057392 0.500000000 1.000000000
1.843791888 0.000057185 0.500000000 1.000000000
1.807390883 0.000057399 0.500000000 1.000000000
1.807390883 0.000057399 0.500000000 1.000000000
1.803438724 0.000056656 0.500000000 1.000000000
1.813273132 0.000056501 0.500000000 1.000000000
1.776309030 0.000056319 0.500000000 1.000000000
1.776309030 0.000056319 0.500000000 1.000000000
1.761030909 0.000056179 0.500000000 1.000000000
1.750119363 0.000056044 0.500000000 1.000000000
1.750119363 0.000056044 0.500000000 1.000000000
1.763203459 0.000055950 0.500000000 1.000000000
1.763203459 0.000055950 0.500000000 1.000000000
1.726617500 0.000055718 0.500000000 1.000000000
1.706126915 0.000055748 0.500000000 1.000000000
1.706126915 0.000055748 0.500000000 1.000000000
1.706126915 0.000055748 0.500000000 1.000000000
1.656712077 0.000055775 0.500000000 1.000000000
1.656712077 0.000055775 0.500000000 1.000000000
1.656712077 0.000055775 0.500000000 1.000000000
1.612980844 0.000056319 0.500000000 1.000000000
1.586594892 0.000056403 0.500000000 1.000000000
1.586594892 0.000056403 0.500000000 1.000000000
1.586594892 0.000056403 0.500000000 1.000000000
1.552444878 0.000056150 0.500000000 1.000000000
1.500530069 0.000056376 0.500000000 1.000000000
1.516198859 0.000056069 0.500000000 1.000000000
1.479434368 0.000055523 0.500000000 1.000000000
1.456650100 0.000055352 0.500000000 1.000000000
1.459124604 0.000054789 0.500000000 1.000000000
1.459124604 0.000054789 0.500000000 1.000000000
1.459124604 0.000054789 0.500000000 1.000000000
1.459124604 0.000054789 0.500000000 1.000000000
1.459124604 0.000054789 0.500000000 1.000000000
1.452374071 0.000054719 0.500000000 1.000000000
1.398785153 0.000054835 0.500000000 1.000000000
1.398785153 0.000054835 0.500000000 1.000000000
1.398631749 0.000054500 0.500000000 1.000000000
1.389136143 0.000053686 0.500000000 1.000000000
1.389136143 0.000053686 0.500000000 1.000000000
1.389136143 0.000053686 0.500000000 1.000000000
1.389136143 0.000053686 0.500000000 1.000000000
1.389136143 0.000053686 0.500000000 1.000000000
1.389136143 0.000053686 0.500000000 1.000000000
1.389136143 0.000053686 0.500000000 1.000000000
1.389136143 0.000053686 0.500000000 1.000000000
1.389136143 0.000053686 0.500000000 1.000000000
1.389136143 0.000053686 0.500000000 1.000000000
1.389136143 0.000053686 0.500000000 1.000000000
1.389136143 0.000053686 0.500000000 1.000000000
1.389136143 0.000053686 0.500000000 1.000000000
1.332437758 0.000053598 0.500000000 1.000000000
1.332437758 0.000053598 0.500000000 1.000000000
1.304539661 0.000053061 0.500000000 1.000000000
1.304539661 0.000053061 0.500000000 1.000000000
1.304539661 0.000053061 0.500000000 1.000000000
1.304539661 0.000053061 0.500000000 1.000000000
1.304539661 0.000053061 0.500000000 1.000000000
1.323884643 0.000052979 0.500000000 1.000000000
1.323884643 0.000052979 0.500000000 1.000000000
1.309274048 0.000053521 0.500000000 1.000000000
1.309274048 0.000053521 0.500000000 1.000000000
1.270332229 0.000053725 0.500000000 1.000000000
1.270332229 0.000053725 0.500000000 1.000000000
1.312371801 0.000053409 0.500000000 1.000000000
1.303054314 0.000053971 0.500000000 1.000000000
1.303054314 0.000053971 0.500000000 1.000000000
1.259707990 0.000054193 0.500000000 1.000000000
1.259707990 0.000054193 0.500000000 1.000000000
1.266269731 0.000054509 0.500000000 1.000000000
1.266269731 0.000054509 0.500000000 1.000000000
1.247074406 0.000054650 0.500000000 1.000000000
1.247074406 0.000054650 0.500000000 1.000000000
1.247074406 0.000054650 0.500000000 1.000000000
1.245503181 0.000054628 0.500000000 1.000000000
1.256609533 0.000054566 0.500000000 1.000000000
1.256609533 0.000054566 0.500000000 1.000000000
1.275435552 0.000054264 0.500000000 1.000000000
1.275435552 0.000054264 0.500000000 1.000000000
1.275435552 0.000054264 0.500000000 1.000000000
1.256447480 0.000054223 0.500000000 1.000000000
1.256417402 0.000054489 0.500000000 1.000000000
1.256417402 0.000054489 0.500000000 1.000000000
1.297948256 0.000053822 0.500000000 1.000000000
1.297948256 0.000053822 0.500000000 1.000000000
1.297948256 0.000053822 0.500000000 1.000000000
1.297948256 0.000053822 0.500000000 1.000000000
1.297948256 0.000053822 0.500000000 1.000000000
1.306999598 0.000053247 0.500000000 1.000000000
1.306999598 0.000053247 0.500000000 1.000000000
1.306999598 0.000053247 0.500000000 1.000000000
1.306999598 0.000053247 0.500000000 1.000000000
1.285983084 0.000053205 0.500000000 1.000000000
1.295153440 0.000053318 0.500000000 1.000000000
1.295153440 0.000053318 0.500000000 1.000000000
1.295153440 0.000053318 0.500000000 1.000000000
1.295153440 0.000053318 0.500000000 1.000000000
1.295153440 0.000053318 0.500000000 1.000000000
1.295153440 0.000053318 0.500000000 1.000000000
1.328204691 0.000053172 0.500000000 1.000000000
1.328204691 0.000053172 0.500000000 1.000000000
1.315883280 0.000053599 0.500000000 1.000000000
1.315883280 0.000053599 0.500000000 1.000000000
1.315883280 0.000053599 0.500000000 1.000000000
1.315883280 0.000053599 0.500000000 1.000000000
1.315883280 0.000053599 0.500000000 1.000000000
1.319846094 0.000053243 0.500000000 1.000000000
1.318212390 0.000053031 0.500000000 1.000000000
1.318212390 0.000053031 0.500000000 1.000000000
1.318212390 0.000053031 0.500000000 1.000000000
1.318212390 0.000053031 0.500000000 1.000000000
1.318212390 0.000053031 0.500000000 1.000000000
1.318212390 0.000053031 0.500000000 1.000000000
1.318212390 0.000053031 0.500000000 1.000000000
1.322590045 0.000053364 0.500000000 1.000000000
1.315107020 0.000053323 0.500000000 1.000000000
1.315107020 0.000053323 0.500000000 1.000000000
1.337980743 0.000053004 0.500000000 1.000000000
1.337980743 0.000053004 0.500000000 1.000000000
1.337980743 0.000053004 0.500000000 1.000000000
1.337980743 0.000053004 0.500000000 1.000000000
1.307506850 0.000053134 0.500000000 1.000000000
1.307506850 0.000053134 0.500000000 1.000000000
1.294287763 0.000053861 0.500000000 1.000000000
1.294287763 0.000053861 0.500000000 1.000000000
1.268774556 0.000053703 0.500000000 1.000000000
1.276509198 0.000053788 0.500000000 1.000000000
1.270808211 0.000054244 0.500000000 1.000000000
1.270808211 0.000054244 0.500000000 1.000000000
1.270808211 0.000054244 0.500000000 1.000000000
1.270808211 0.000054244 0.500000000 1.000000000
1.270808211 0.000054244 0.500000000 1.000000000
1.270808211 0.000054244 0.500000000 1.000000000
1.270808211 0.000054244 0.500000000 1.000000000
1.270808211 0.000054244 0.500000000 1.000000000
1.270808211 0.000054244 0.500000000 1.000000000
1.270808211 0.000054244 0.500000000 1.000000000
1.270808211 0.000054244 0.500000000 1.000000000
1.265588650 0.000054714 0.500000000 1.000000000
1.265588650 0.000054714 0.500000000 1.000000000
1.234144112 0.000054710 0.500000000 1.000000000
1.234144112 0.000054710 0.500000000 1.000000000
1.223065735 0.000055231 0.500000000 1.000000000
1.223065735 0.000055231 0.500000000 1.000000000
1.208544933 0.000055084 0.500000000 1.000000000
1.208544933 0.000055084 0.500000000 1.000000000
1.194022763 0.000055472 0.500000000 1.000000000
1.194022763 0.000055472 0.500000000 1.000000000
1.216626071 0.000055693 0.500000000 1.000000000
1.216626071 0.000055693 0.500000000 1.000000000
1.216626071 0.000055693 0.500000000 1.000000000
1.216626071 0.000055693 0.500000000 1.000000000
1.216626071 0.000055693 0.500000000 1.000000000
1.182603125 0.000055868 0.500000000 1.000000000
1.182603125 0.000055868 0.500000000 1.000000000
1.208680102 0.000055897 0.500000000 1.000000000
1.208519589 0.000055893 0.500000000 1.000000000
1.170960671 0.000056201 0.500000000 1.000000000
1.174263973 0.000056783 0.500000000 1.000000000
1.174263973 0.000056783 0.500000000 1.000000000
1.174263973 0.000056783 0.500000000 1.000000000
1.174263973 0.000056783 0.500000000 1.000000000
1.125854693 0.000057174 0.500000000 1.000000000
1.133127385 0.000057294 0.500000000 1.000000000
1.165972262 0.000056442 0.500000000 1.000000000
1.165972262 0.000056442 0.500000000 1.000000000
1.219200745 0.000055833 0.500000000 1.000000000
1.176098811 0.000056047 0.500000000 1.000000000
1.202974414 0.000055886 0.500000000 1.000000000
1.218225705 0.000055452 0.500000000 1.000000000
1.199418266 0.000055082 0.500000000 1.000000000
