0.000000000 0.000000000 0.000000000 0.000000000
1.971207068 0.000067606 0.500000000 1.000000000
1.954017573 0.000067671 0.500000000 1.000000000
1.954017573 0.000067671 0.500000000 1.000000000
1.954017573 0.000067671 0.500000000 1.000000000
1.954017573 0.000067671 0.500000000 1.000000000
1.997272604 0.000066821 0.500000000 1.000000000
2.065741392 0.000065645 0.500000000 1.000000000
2.065741392 0.000065645 0.500000000 1.000000000
2.065741392 0.000065645 0.500000000 1.000000000
2.024520453 0.000065239 0.500000000 1.000000000
1.881451608 0.000066400 0.500000000 1.000000000
1.847799756 0.000066335 0.500000000 1.000000000
1.865912463 0.000065215 0.500000000 1.000000000
1.776796942 0.000066567 0.500000000 1.000000000
1.776796942 0.000066567 0.500000000 1.000000000
1.803833144 0.000065688 0.500000000 1.000000000
1.764614570 0.000064991 0.500000000 1.000000000
1.764614570 0.000064991 0.500000000 1.000000000
1.764614570 0.000064991 0.500000000 1.000000000
1.764614570 0.000064991 0.500000000 1.000000000
1.764614570 0.000064991 0.500000000 1.000000000
1.749228444 0.000064081 0.500000000 1.000000000
1.749228444 0.000064081 0.500000000 1.000000000
1.749228444 0.000064081 0.500000000 1.000000000
1.728224617 0.000063393 0.500000000 1.000000000
1.762554707 0.000062595 0.500000000 1.000000000
1.762554707 0.000062595 0.500000000 1.000000000
1.762554707 0.000062595 0.500000000 1.000000000
1.762554707 0.000062595 0.500000000 1.000000000
1.762554707 0.000062595 0.500000000 1.000000000
1.732641059 0.000061172 0.500000000 1.000000000
1.656684727 0.000062284 0.500000000 1.000000000
1.656684727 0.000062284 0.500000000 1.000000000
1.656684727 0.000062284 0.500000000 1.000000000
1.656684727 0.000062284 0.500000000 1.000000000
1.656684727 0.000062284 0.500000000 1.000000000
1.612547832 0.000061557 0.500000000 1.000000000
1.612547832 0.000061557 0.500000000 1.000000000
1.612547832 0.000061557 0.500000000 1.000000000
1.612547832 0.000061557 0.500000000 1.000000000
1.612547832 0.000061557 0.500000000 1.000000000
1.607766970 0.000061351 0.500000000 1.000000000
1.607766970 0.000061351 0.500000000 1.000000000
1.563555752 0.000061738 0.500000000 1.000000000
1.563555752 0.000061738 0.500000000 1.000000000
1.562249351 0.000061209 0.500000000 1.000000000
1.525730635 0.000060934 0.500000000 1.000000000
1.525730635 0.000060934 0.500000000 1.000000000
1.525730635 0.000060934 0.500000000 1.000000000
1.525730635 0.000060934 0.500000000 1.000000000
1.485580447 0.000061697 0.500000000 1.000000000
1.428948904 0.000061476 0.500000000 1.000000000
1.428948904 0.000061476 0.500000000 1.000000000
1.350288556 0.000061236 0.500000000 1.000000000
1.332174633 0.000061176 0.500000000 1.000000000
1.297572078 0.000061744 0.500000000 1.000000000
1.297572078 0.000061744 0.500000000 1.000000000
1.297572078 0.000061744 0.500000000 1.000000000
1.297572078 0.000061744 0.500000000 1.000000000
1.297572078 0.000061744 0.500000000 1.000000000
1.109846221 0.000061370 0.500000000 1.000000000
1.109846221 0.000061370 0.500000000 1.000000000
1.085406378 0.000060008 0.500000000 1.000000000
1.085406378 0.000060008 0.500000000 1.000000000
1.085406378 0.000060008 0.500000000 1.000000000
1.062261988 0.000059744 0.500000000 1.000000000
1.062261988 0.000059744 0.500000000 1.000000000
1.062261988 0.000059744 0.500000000 1.000000000
1.062261988 0.000059744 0.500000000 1.000000000
1.062261988 0.000059744 0.500000000 1.000000000
1.033398747 0.000059728 0.500000000 1.000000000
1.033398747 0.000059728 0.500000000 1.000000000
1.033398747 0.000059728 0.500000000 1.000000000
1.033398747 0.000059728 0.500000000 1.000000000
1.033398747 0.000059728 0.500000000 1.000000000
1.033398747 0.000059728 0.500000000 1.000000000
1.033398747 0.000059728 0.500000000 1.000000000
1.033398747 0.000059728 0.500000000 1.000000000
1.069173268 0.000059437 0.500000000 1.000000000
1.069173268 0.000059437 0.500000000 1.000000000
1.069173268 0.000059437 0.500000000 1.000000000
1.055005299 0.000059809 0.500000000 1.000000000
1.055005299 0.000059809 0.500000000 1.000000000
1.055005299 0.000059809 0.500000000 1.000000000
1.055005299 0.000059809 0.500000000 1.000000000
1.055005299 0.000059809 0.500000000 1.000000000
1.055005299 0.000059809 0.500000000 1.000000000
1.055005299 0.000059809 0.500000000 1.000000000
1.055005299 0.000059809 0.500000000 1.000000000
1.055005299 0.000059809 0.500000000 1.000000000
1.055005299 0.000059809 0.500000000 1.000000000
1.055005299 0.000059809 0.500000000 1.000000000
1.055005299 0.000059809 0.500000000 1.000000000
1.055005299 0.000059809 0.500000000 1.000000000
1.055005299 0.000059809 0.500000000 1.000000000
1.055005299 0.000059809 0.500000000 1.000000000
1.055005299 0.000059809 0.500000000 1.000000000
1.055005299 0.000059809 0.500000000 1.000000000
1.055005299 0.000059809 0.500000000 1.000000000
1.055005299 0.000059809 0.500000000 1.000000000
1.055005299 0.000059809 0.500000000 1.000000000
1.055005299 0.000059809 0.500000000 1.000000000
1.055005299 0.000059809 0.500000000 1.000000000
1.055005299 0.000059809 0.500000000 1.000000000
2.031290658 0.000066125 0.500000000 1.000000000
2.031290658 0.000066125 0.500000000 1.000000000
2.031290658 0.000066125 0.500000000 1.000000000
2.018165283 0.000066183 0.500000000 1.000000000
2.022437247 0.000065420 0.500000000 1.000000000
2.022437247 0.000065420 0.500000000 1.000000000
2.049486040 0.000063745 0.500000000 1.000000000
2.049486040 0.000063745 0.500000000 1.000000000
1.959931275 0.000062765 0.500000000 1.000000000
1.907720814 0.000062335 0.500000000 1.000000000
1.816069104 0.000062231 0.500000000 1.000000000
1.816069104 0.000062231 0.500000000 1.000000000
1.863731650 0.000061178 0.500000000 1.000000000
1.936559738 0.000059668 0.500000000 1.000000000
1.834688980 0.000059189 0.500000000 1.000000000
1.834688980 0.000059189 0.500000000 1.000000000
1.793189967 0.000058280 0.500000000 1.000000000
1.785994086 0.000058300 0.500000000 1.000000000
1.785994086 0.000058300 0.500000000 1.000000000
1.785994086 0.000058300 0.500000000 1.000000000
1.724395809 0.000057923 0.500000000 1.000000000
1.712910804 0.000057131 0.500000000 1.000000000
1.663999902 0.000056369 0.500000000 1.000000000
1.663999902 0.000056369 0.500000000 1.000000000
1.674022449 0.000056479 0.500000000 1.000000000
1.697901425 0.000055413 0.500000000 1.000000000
1.657253238 0.000055781 0.500000000 1.000000000
1.482221311 0.000055688 0.500000000 1.000000000
1.482221311 0.000055688 0.500000000 1.000000000
1.565918691 0.000053971 0.500000000 1.000000000
1.565918691 0.000053971 0.500000000 1.000000000
1.565918691 0.000053971 0.500000000 1.000000000
1.565918691 0.000053971 0.500000000 1.000000000
1.565918691 0.000053971 0.500000000 1.000000000
1.578693602 0.000053629 0.500000000 1.000000000
1.504687784 0.000054716 0.500000000 1.000000000
1.504687784 0.000054716 0.500000000 1.000000000
1.536280425 0.000054075 0.500000000 1.000000000
1.506450703 0.000052679 0.500000000 1.000000000
1.506450703 0.000052679 0.500000000 1.000000000
1.432086991 0.000051854 0.500000000 1.000000000
1.511939683 0.000052275 0.500000000 1.000000000
1.511939683 0.000052275 0.500000000 1.000000000
1.557142149 0.000051365 0.500000000 1.000000000
1.590883335 0.000050766 0.500000000 1.000000000
1.590896416 0.000050689 0.500000000 1.000000000
1.598966500 0.000049637 0.500000000 1.000000000
1.552524264 0.000049334 0.500000000 1.000000000
1.552524264 0.000049334 0.500000000 1.000000000
1.552524264 0.000049334 0.500000000 1.000000000
1.552524264 0.000049334 0.500000000 1.000000000
1.552524264 0.000049334 0.500000000 1.000000000
1.552524264 0.000049334 0.500000000 1.000000000
1.552524264 0.000049334 0.500000000 1.000000000
1.552524264 0.000049334 0.500000000 1.000000000
1.552524264 0.000049334 0.500000000 1.000000000
1.552524264 0.000049334 0.500000000 1.000000000
1.552524264 0.000049334 0.500000000 1.000000000
1.552524264 0.000049334 0.500000000 1.000000000
1.552524264 0.000049334 0.500000000 1.000000000
1.552524264 0.000049334 0.500000000 1.000000000
1.552524264 0.000049334 0.500000000 1.000000000
1.552524264 0.000049334 0.500000000 1.000000000
1.609739756 0.000048373 0.500000000 1.000000000
1.609739756 0.000048373 0.500000000 1.000000000
1.609739756 0.000048373 0.500000000 1.000000000
1.609739756 0.000048373 0.500000000 1.000000000
1.609739756 0.000048373 0.500000000 1.000000000
1.609739756 0.000048373 0.500000000 1.000000000
1.609739756 0.000048373 0.500000000 1.000000000
1.609739756 0.000048373 0.500000000 1.000000000
1.609739756 0.000048373 0.500000000 1.000000000
1.609739756 0.000048373 0.500000000 1.000000000
1.609739756 0.000048373 0.500000000 1.000000000
1.609739756 0.000048373 0.500000000 1.000000000
1.609739756 0.000048373 0.500000000 1.000000000
1.609739756 0.000048373 0.500000000 1.000000000
1.609739756 0.000048373 0.500000000 1.000000000
1.609739756 0.000048373 0.500000000 1.000000000
1.609739756 0.000048373 0.500000000 1.000000000
1.609739756 0.000048373 0.500000000 1.000000000
1.609739756 0.000048373 0.500000000 1.000000000
1.609739756 0.000048373 0.500000000 1.000000000
1.609739756 0.000048373 0.500000000 1.000000000
1.609739756 0.000048373 0.500000000 1.000000000
1.609739756 0.000048373 0.500000000 1.000000000
1.609739756 0.000048373 0.500000000 1.000000000
1.609739756 0.000048373 0.500000000 1.000000000
1.634998376 0.000047973 0.500000000 1.000000000
1.634998376 0.000047973 0.500000000 1.000000000
1.634998376 0.000047973 0.500000000 1.000000000
1.634998376 0.000047973 0.500000000 1.000000000
1.634998376 0.000047973 0.500000000 1.000000000
1.634998376 0.000047973 0.500000000 1.000000000
1.634998376 0.000047973 0.500000000 1.000000000
1.634998376 0.000047973 0.500000000 1.000000000
1.634998376 0.000047973 0.500000000 1.000000000
1.903381793 0.000068831 0.500000000 1.000000000
1.903381793 0.000068831 0.500000000 1.000000000
1.903381793 0.000068831 0.500000000 1.000000000
1.903381793 0.000068831 0.500000000 1.000000000
1.812764376 0.000068818 0.500000000 1.000000000
1.758980153 0.000068548 0.500000000 1.000000000
1.725695537 0.000068857 0.500000000 1.000000000
1.653857768 0.000068656 0.500000000 1.000000000
1.653857768 0.000068656 0.500000000 1.000000000
1.653857768 0.000068656 0.500000000 1.000000000
1.615179809 0.000068723 0.500000000 1.000000000
1.592534019 0.000068255 0.500000000 1.000000000
1.592534019 0.000068255 0.500000000 1.000000000
1.585218321 0.000066909 0.500000000 1.000000000
1.585218321 0.000066909 0.500000000 1.000000000
1.585218321 0.000066909 0.500000000 1.000000000
1.585218321 0.000066909 0.500000000 1.000000000
1.585218321 0.000066909 0.500000000 1.000000000
1.585218321 0.000066909 0.500000000 1.000000000
1.453190444 0.000066190 0.500000000 1.000000000
1.453190444 0.000066190 0.500000000 1.000000000
1.453190444 0.000066190 0.500000000 1.000000000
1.453190444 0.000066190 0.500000000 1.000000000
1.471930191 0.000065421 0.500000000 1.000000000
1.360622794 0.000065745 0.500000000 1.000000000
1.360622794 0.000065745 0.500000000 1.000000000
1.360622794 0.000065745 0.500000000 1.000000000
1.360622794 0.000065745 0.500000000 1.000000000
1.356233061 0.000065680 0.500000000 1.000000000
1.356233061 0.000065680 0.500000000 1.000000000
1.358270531 0.000064918 0.500000000 1.000000000
1.313857131 0.000065386 0.500000000 1.000000000
1.313857131 0.000065386 0.500000000 1.000000000
1.272327549 0.000065215 0.500000000 1.000000000
1.219104429 0.000065619 0.500000000 1.000000000
1.219104429 0.000065619 0.500000000 1.000000000
1.119503029 0.000066087 0.500000000 1.000000000
1.067931702 0.000065367 0.500000000 1.000000000
1.049424401 0.000064656 0.500000000 1.000000000
1.049424401 0.000064656 0.500000000 1.000000000
1.072151565 0.000064146 0.500000000 1.000000000
1.072151565 0.000064146 0.500000000 1.000000000
1.074630556 0.000063277 0.500000000 1.000000000
1.074630556 0.000063277 0.500000000 1.000000000
1.074630556 0.000063277 0.500000000 1.000000000
1.045596706 0.000061668 0.500000000 1.000000000
0.985339938 0.000062311 0.500000000 1.000000000
0.985339938 0.000062311 0.500000000 1.000000000
0.985339938 0.000062311 0.500000000 1.000000000
0.966998552 0.000061864 0.500000000 1.000000000
0.966998552 0.000061864 0.500000000 1.000000000
0.966998552 0.000061864 0.500000000 1.000000000
0.966998552 0.000061864 0.500000000 1.000000000
0.966998552 0.000061864 0.500000000 1.000000000
0.966998552 0.000061864 0.500000000 1.000000000
0.966998552 0.000061864 0.500000000 1.000000000
0.966998552 0.000061864 0.500000000 1.000000000
0.966998552 0.000061864 0.500000000 1.000000000
0.966998552 0.000061864 0.500000000 1.000000000
0.966998552 0.000061864 0.500000000 1.000000000
0.984168062 0.000061932 0.500000000 1.000000000
0.984168062 0.000061932 0.500000000 1.000000000
0.984168062 0.000061932 0.500000000 1.000000000
0.984168062 0.000061932 0.500000000 1.000000000
0.984168062 0.000061932 0.500000000 1.000000000
0.984168062 0.000061932 0.500000000 1.000000000
0.993161767 0.000061279 0.500000000 1.000000000
0.993161767 0.000061279 0.500000000 1.000000000
0.993161767 0.000061279 0.500000000 1.000000000
0.993161767 0.000061279 0.500000000 1.000000000
1.018582959 0.000060784 0.500000000 1.000000000
1.018582959 0.000060784 0.500000000 1.000000000
1.018582959 0.000060784 0.500000000 1.000000000
1.018582959 0.000060784 0.500000000 1.000000000
1.018582959 0.000060784 0.500000000 1.000000000
1.018582959 0.000060784 0.500000000 1.000000000
1.018582959 0.000060784 0.500000000 1.000000000
1.018582959 0.000060784 0.500000000 1.000000000
1.018582959 0.000060784 0.500000000 1.000000000
1.018582959 0.000060784 0.500000000 1.000000000
1.018582959 0.000060784 0.500000000 1.000000000
1.018582959 0.000060784 0.500000000 1.000000000
1.018582959 0.000060784 0.500000000 1.000000000
1.018582959 0.000060784 0.500000000 1.000000000
1.018582959 0.000060784 0.500000000 1.000000000
1.018582959 0.000060784 0.500000000 1.000000000
1.018582959 0.000060784 0.500000000 1.000000000
1.018582959 0.000060784 0.500000000 1.000000000
1.018582959 0.000060784 0.500000000 1.000000000
1.018582959 0.000060784 0.500000000 1.000000000
1.018582959 0.000060784 0.500000000 1.000000000
1.018582959 0.000060784 0.500000000 1.000000000
1.018582959 0.000060784 0.500000000 1.000000000
1.018582959 0.000060784 0.500000000 1.000000000
1.018582959 0.000060784 0.500000000 1.000000000
1.018582959 0.000060784 0.500000000 1.000000000
1.018582959 0.000060784 0.500000000 1.000000000
1.018582959 0.000060784 0.500000000 1.000000000
1.018582959 0.000060784 0.500000000 1.000000000
1.018582959 0.000060784 0.500000000 1.000000000
1.018582959 0.000060784 0.500000000 1.000000000
1.018582959 0.000060784 0.500000000 1.000000000
1.951137038 0.000065927 0.500000000 1.000000000
1.930172159 0.000065744 0.500000000 1.000000000
1.936683238 0.000065439 0.500000000 1.000000000
1.927840812 0.000064963 0.500000000 1.000000000
1.953948527 0.000063668 0.500000000 1.000000000
1.953948527 0.000063668 0.500000000 1.000000000
1.930656033 0.000063742 0.500000000 1.000000000
1.899133706 0.000063165 0.500000000 1.000000000
1.864449210 0.000062843 0.500000000 1.000000000
1.864449210 0.000062843 0.500000000 1.000000000
1.868243187 0.000062088 0.500000000 1.000000000
1.868243187 0.000062088 0.500000000 1.000000000
1.837934908 0.000061747 0.500000000 1.000000000
1.837934908 0.000061747 0.500000000 1.000000000
1.837934908 0.000061747 0.500000000 1.000000000
1.809267054 0.000061032 0.500000000 1.000000000
1.775433050 0.000060610 0.500000000 1.000000000
1.754500016 0.000060229 0.500000000 1.000000000
1.754500016 0.000060229 0.500000000 1.000000000
1.754500016 0.000060229 0.500000000 1.000000000
1.754500016 0.000060229 0.500000000 1.000000000
1.668553792 0.000059090 0.500000000 1.000000000
1.668553792 0.000059090 0.500000000 1.000000000
1.668553792 0.000059090 0.500000000 1.000000000
1.654786532 0.000057318 0.500000000 1.000000000
1.638274274 0.000056322 0.500000000 1.000000000
1.639233702 0.000055776 0.500000000 1.000000000
1.639233702 0.000055776 0.500000000 1.000000000
1.563846805 0.000055519 0.500000000 1.000000000
1.563846805 0.000055519 0.500000000 1.000000000
1.563846805 0.000055519 0.500000000 1.000000000
1.563846805 0.000055519 0.500000000 1.000000000
1.484751721 0.000055185 0.500000000 1.000000000
1.393184675 0.000055089 0.500000000 1.000000000
1.393184675 0.000055089 0.500000000 1.000000000
1.335873977 0.000054852 0.500000000 1.000000000
1.245785776 0.000055145 0.500000000 1.000000000
1.245785776 0.000055145 0.500000000 1.000000000
1.245785776 0.000055145 0.500000000 1.000000000
1.245785776 0.000055145 0.500000000 1.000000000
1.245785776 0.000055145 0.500000000 1.000000000
1.245785776 0.000055145 0.500000000 1.000000000
1.245785776 0.000055145 0.500000000 1.000000000
1.245785776 0.000055145 0.500000000 1.000000000
1.245785776 0.000055145 0.500000000 1.000000000
1.245785776 0.000055145 0.500000000 1.000000000
1.245785776 0.000055145 0.500000000 1.000000000
1.245785776 0.000055145 0.500000000 1.000000000
1.245785776 0.000055145 0.500000000 1.000000000
1.245785776 0.000055145 0.500000000 1.000000000
1.245785776 0.000055145 0.500000000 1.000000000
1.245785776 0.000055145 0.500000000 1.000000000
1.245785776 0.000055145 0.500000000 1.000000000
1.254030094 0.000054916 0.500000000 1.000000000
1.254030094 0.000054916 0.500000000 1.000000000
1.254030094 0.000054916 0.500000000 1.000000000
1.254030094 0.000054916 0.500000000 1.000000000
1.254030094 0.000054916 0.500000000 1.000000000
1.254030094 0.000054916 0.500000000 1.000000000
1.280009995 0.000054209 0.500000000 1.000000000
1.280009995 0.000054209 0.500000000 1.000000000
1.280009995 0.000054209 0.500000000 1.000000000
1.280009995 0.000054209 0.500000000 1.000000000
1.280009995 0.000054209 0.500000000 1.000000000
1.280009995 0.000054209 0.500000000 1.000000000
1.280009995 0.000054209 0.500000000 1.000000000
1.280009995 0.000054209 0.500000000 1.000000000
1.280009995 0.000054209 0.500000000 1.000000000
1.280009995 0.000054209 0.500000000 1.000000000
1.280009995 0.000054209 0.500000000 1.000000000
1.280009995 0.000054209 0.500000000 1.000000000
1.280009995 0.000054209 0.500000000 1.000000000
1.280009995 0.000054209 0.500000000 1.000000000
1.280009995 0.000054209 0.500000000 1.000000000
1.280009995 0.000054209 0.500000000 1.000000000
1.280009995 0.000054209 0.500000000 1.000000000
1.280009995 0.000054209 0.500000000 1.000000000
1.280009995 0.000054209 0.500000000 1.000000000
1.280009995 0.000054209 0.500000000 1.000000000
1.280009995 0.000054209 0.500000000 1.000000000
1.280009995 0.000054209 0.500000000 1.000000000
1.280009995 0.000054209 0.500000000 1.000000000
1.280009995 0.000054209 0.500000000 1.000000000
1.280009995 0.000054209 0.500000000 1.000000000
1.280009995 0.000054209 0.500000000 1.000000000
1.280009995 0.000054209 0.500000000 1.000000000
1.280009995 0.000054209 0.500000000 1.000000000
1.280009995 0.000054209 0.500000000 1.000000000
1.280009995 0.000054209 0.500000000 1.000000000
1.280009995 0.000054209 0.500000000 1.000000000
1.280009995 0.000054209 0.500000000 1.000000000
1.280009995 0.000054209 0.500000000 1.000000000
1.280009995 0.000054209 0.500000000 1.000000000
1.280009995 0.000054209 0.500000000 1.000000000
1.280009995 0.000054209 0.500000000 1.000000000
1.280009995 0.000054209 0.500000000 1.000000000
1.280009995 0.000054209 0.500000000 1.000000000
1.280009995 0.000054209 0.500000000 1.000000000
1.280009995 0.000054209 0.500000000 1.000000000
1.280009995 0.000054209 0.500000000 1.000000000
1.280009995 0.000054209 0.500000000 1.000000000
1.969600523 0.000066602 0.500000000 1.000000000
2.005378298 0.000065983 0.500000000 1.000000000
2.005378298 0.000065983 0.500000000 1.000000000
2.005378298 0.000065983 0.500000000 1.000000000
2.005378298 0.000065983 0.500000000 1.000000000
1.907256672 0.000065055 0.500000000 1.000000000
1.907256672 0.000065055 0.500000000 1.000000000
1.907256672 0.000065055 0.500000000 1.000000000
1.876298779 0.000064213 0.500000000 1.000000000
1.876298779 0.000064213 0.500000000 1.000000000
1.869787420 0.000064283 0.500000000 1.000000000
1.869787420 0.000064283 0.500000000 1.000000000
1.796554379 0.000065118 0.500000000 1.000000000
1.796996275 0.000064195 0.500000000 1.000000000
1.775710302 0.000064492 0.500000000 1.000000000
1.649299679 0.000064579 0.500000000 1.000000000
1.649299679 0.000064579 0.500000000 1.000000000
1.518647640 0.000065371 0.500000000 1.000000000
1.518647640 0.000065371 0.500000000 1.000000000
1.462496979 0.000064184 0.500000000 1.000000000
1.394295960 0.000064172 0.500000000 1.000000000
1.314138833 0.000064441 0.500000000 1.000000000
1.280348512 0.000063850 0.500000000 1.000000000
1.280348512 0.000063850 0.500000000 1.000000000
1.280348512 0.000063850 0.500000000 1.000000000
1.166398099 0.000064631 0.500000000 1.000000000
1.166398099 0.000064631 0.500000000 1.000000000
1.166398099 0.000064631 0.500000000 1.000000000
1.106839208 0.000064794 0.500000000 1.000000000
1.106839208 0.000064794 0.500000000 1.000000000
1.098654557 0.000063635 0.500000000 1.000000000
1.104268104 0.000062988 0.500000000 1.000000000
1.109849755 0.000062414 0.500000000 1.000000000
1.133479775 0.000061682 0.500000000 1.000000000
1.133479775 0.000061682 0.500000000 1.000000000
1.131581369 0.000061276 0.500000000 1.000000000
1.093657811 0.000060371 0.500000000 1.000000000
1.003357756 0.000060193 0.500000000 1.000000000
1.003357756 0.000060193 0.500000000 1.000000000
1.003357756 0.000060193 0.500000000 1.000000000
1.003357756 0.000060193 0.500000000 1.000000000
1.003357756 0.000060193 0.500000000 1.000000000
1.003357756 0.000060193 0.500000000 1.000000000
1.003357756 0.000060193 0.500000000 1.000000000
1.003357756 0.000060193 0.500000000 1.000000000
1.003357756 0.000060193 0.500000000 1.000000000
1.003357756 0.000060193 0.500000000 1.000000000
1.003357756 0.000060193 0.500000000 1.000000000
0.990290351 0.000060943 0.500000000 1.000000000
0.990290351 0.000060943 0.500000000 1.000000000
0.990290351 0.000060943 0.500000000 1.000000000
0.990290351 0.000060943 0.500000000 1.000000000
0.994422145 0.000061317 0.500000000 1.000000000
0.994422145 0.000061317 0.500000000 1.000000000
0.994422145 0.000061317 0.500000000 1.000000000
0.994422145 0.000061317 0.500000000 1.000000000
0.994422145 0.000061317 0.500000000 1.000000000
0.994422145 0.000061317 0.500000000 1.000000000
0.994422145 0.000061317 0.500000000 1.000000000
0.994422145 0.000061317 0.500000000 1.000000000
0.994422145 0.000061317 0.500000000 1.000000000
0.994422145 0.000061317 0.500000000 1.000000000
0.994422145 0.000061317 0.500000000 1.000000000
0.994422145 0.000061317 0.500000000 1.000000000
0.994422145 0.000061317 0.500000000 1.000000000
0.994422145 0.000061317 0.500000000 1.000000000
0.994422145 0.000061317 0.500000000 1.000000000
0.994422145 0.000061317 0.500000000 1.000000000
0.994422145 0.000061317 0.500000000 1.000000000
0.994422145 0.000061317 0.500000000 1.000000000
0.994422145 0.000061317 0.500000000 1.000000000
0.994422145 0.000061317 0.500000000 1.000000000
0.994422145 0.000061317 0.500000000 1.000000000
0.994422145 0.000061317 0.500000000 1.000000000
0.994422145 0.000061317 0.500000000 1.000000000
0.994422145 0.000061317 0.500000000 1.000000000
0.994422145 0.000061317 0.500000000 1.000000000
0.994422145 0.000061317 0.500000000 1.000000000
0.994422145 0.000061317 0.500000000 1.000000000
0.994422145 0.000061317 0.500000000 1.000000000
0.994422145 0.000061317 0.500000000 1.000000000
0.994422145 0.000061317 0.500000000 1.000000000
0.994422145 0.000061317 0.500000000 1.000000000
0.994422145 0.000061317 0.500000000 1.000000000
0.994422145 0.000061317 0.500000000 1.000000000
0.994422145 0.000061317 0.500000000 1.000000000
0.994422145 0.000061317 0.500000000 1.000000000
0.994422145 0.000061317 0.500000000 1.000000000
0.994422145 0.000061317 0.500000000 1.000000000
0.994422145 0.000061317 0.500000000 1.000000000
0.994422145 0.000061317 0.500000000 1.000000000
0.994422145 0.000061317 0.500000000 1.000000000
0.994422145 0.000061317 0.500000000 1.000000000
0.994422145 0.000061317 0.500000000 1.000000000
0.994422145 0.000061317 0.500000000 1.000000000
0.994422145 0.000061317 0.500000000 1.000000000
0.994422145 0.000061317 0.500000000 1.000000000
1.877432498 0.000067649 0.500000000 1.000000000
1.877432498 0.000067649 0.500000000 1.000000000
1.776098043 0.000067042 0.500000000 1.000000000
1.776098043 0.000067042 0.500000000 1.000000000
1.707854910 0.000067012 0.500000000 1.000000000
1.707854910 0.000067012 0.500000000 1.000000000
1.620502822 0.000065518 0.500000000 1.000000000
1.620502822 0.000065518 0.500000000 1.000000000
1.620502822 0.000065518 0.500000000 1.000000000
1.565721434 0.000065442 0.500000000 1.000000000
1.545734244 0.000064654 0.500000000 1.000000000
1.545734244 0.000064654 0.500000000 1.000000000
1.548449958 0.000064226 0.500000000 1.000000000
1.545430008 0.000063386 0.500000000 1.000000000
1.464837462 0.000064348 0.500000000 1.000000000
1.464837462 0.000064348 0.500000000 1.000000000
1.464837462 0.000064348 0.500000000 1.000000000
1.464837462 0.000064348 0.500000000 1.000000000
1.390844707 0.000063386 0.500000000 1.000000000
1.400639128 0.000062944 0.500000000 1.000000000
1.316047452 0.000063762 0.500000000 1.000000000
1.316047452 0.000063762 0.500000000 1.000000000
1.316047452 0.000063762 0.500000000 1.000000000
1.316047452 0.000063762 0.500000000 1.000000000
1.225645645 0.000064298 0.500000000 1.000000000
1.225645645 0.000064298 0.500000000 1.000000000
1.225645645 0.000064298 0.500000000 1.000000000
1.225645645 0.000064298 0.500000000 1.000000000
1.195024972 0.000064650 0.500000000 1.000000000
1.190272909 0.000062792 0.500000000 1.000000000
1.165906664 0.000062634 0.500000000 1.000000000
1.165906664 0.000062634 0.500000000 1.000000000
1.165906664 0.000062634 0.500000000 1.000000000
1.165906664 0.000062634 0.500000000 1.000000000
1.100977127 0.000063062 0.500000000 1.000000000
1.061286027 0.000063480 0.500000000 1.000000000
1.061286027 0.000063480 0.500000000 1.000000000
0.986979930 0.000063633 0.500000000 1.000000000
0.990212207 0.000063663 0.500000000 1.000000000
0.960590757 0.000063122 0.500000000 1.000000000
0.960590757 0.000063122 0.500000000 1.000000000
0.945810942 0.000063191 0.500000000 1.000000000
0.945810942 0.000063191 0.500000000 1.000000000
0.945810942 0.000063191 0.500000000 1.000000000
0.945810942 0.000063191 0.500000000 1.000000000
0.945810942 0.000063191 0.500000000 1.000000000
0.945810942 0.000063191 0.500000000 1.000000000
0.945810942 0.000063191 0.500000000 1.000000000
0.945810942 0.000063191 0.500000000 1.000000000
0.945810942 0.000063191 0.500000000 1.000000000
0.945810942 0.000063191 0.500000000 1.000000000
0.945810942 0.000063191 0.500000000 1.000000000
0.945810942 0.000063191 0.500000000 1.000000000
0.945810942 0.000063191 0.500000000 1.000000000
0.945810942 0.000063191 0.500000000 1.000000000
0.945810942 0.000063191 0.500000000 1.000000000
0.945810942 0.000063191 0.500000000 1.000000000
0.945810942 0.000063191 0.500000000 1.000000000
0.945810942 0.000063191 0.500000000 1.000000000
0.945810942 0.000063191 0.500000000 1.000000000
0.945810942 0.000063191 0.500000000 1.000000000
0.945810942 0.000063191 0.500000000 1.000000000
0.945810942 0.000063191 0.500000000 1.000000000
0.945810942 0.000063191 0.500000000 1.000000000
0.945810942 0.000063191 0.500000000 1.000000000
0.945810942 0.000063191 0.500000000 1.000000000
0.945810942 0.000063191 0.500000000 1.000000000
0.945810942 0.000063191 0.500000000 1.000000000
0.945810942 0.000063191 0.500000000 1.000000000
0.945810942 0.000063191 0.500000000 1.000000000
0.945810942 0.000063191 0.500000000 1.000000000
0.945810942 0.000063191 0.500000000 1.000000000
0.945810942 0.000063191 0.500000000 1.000000000
0.945810942 0.000063191 0.500000000 1.000000000
0.945810942 0.000063191 0.500000000 1.000000000
0.950744155 0.000062924 0.500000000 1.000000000
0.950744155 0.000062924 0.500000000 1.000000000
0.950744155 0.000062924 0.500000000 1.000000000
0.950744155 0.000062924 0.500000000 1.000000000
0.950744155 0.000062924 0.500000000 1.000000000
0.950744155 0.000062924 0.500000000 1.000000000
0.950744155 0.000062924 0.500000000 1.000000000
0.950744155 0.000062924 0.500000000 1.000000000
0.950744155 0.000062924 0.500000000 1.000000000
0.950744155 0.000062924 0.500000000 1.000000000
0.950744155 0.000062924 0.500000000 1.000000000
0.950744155 0.000062924 0.500000000 1.000000000
0.950744155 0.000062924 0.500000000 1.000000000
0.950744155 0.000062924 0.500000000 1.000000000
0.950744155 0.000062924 0.500000000 1.000000000
0.950744155 0.000062924 0.500000000 1.000000000
0.950744155 0.000062924 0.500000000 1.000000000
0.950744155 0.000062924 0.500000000 1.000000000
0.950744155 0.000062924 0.500000000 1.000000000
0.950744155 0.000062924 0.500000000 1.000000000
0.950744155 0.000062924 0.500000000 1.000000000
0.950744155 0.000062924 0.500000000 1.000000000
0.950744155 0.000062924 0.500000000 1.000000000
0.968714163 0.000062326 0.500000000 1.000000000
0.968714163 0.000062326 0.500000000 1.000000000
0.968714163 0.000062326 0.500000000 1.000000000
0.968714163 0.000062326 0.500000000 1.000000000
0.968714163 0.000062326 0.500000000 1.000000000
0.968714163 0.000062326 0.500000000 1.000000000
0.968714163 0.000062326 0.500000000 1.000000000
0.968714163 0.000062326 0.500000000 1.000000000
0.968714163 0.000062326 0.500000000 1.000000000
1.943233106 0.000067671 0.500000000 1.000000000
1.943233106 0.000067671 0.500000000 1.000000000
1.943233106 0.000067671 0.500000000 1.000000000
1.943233106 0.000067671 0.500000000 1.000000000
1.915250383 0.000067472 0.500000000 1.000000000
1.847572059 0.000068277 0.500000000 1.000000000
1.847572059 0.000068277 0.500000000 1.000000000
1.847572059 0.000068277 0.500000000 1.000000000
1.825794647 0.000067583 0.500000000 1.000000000
1.825794647 0.000067583 0.500000000 1.000000000
1.696406345 0.000066401 0.500000000 1.000000000
1.696406345 0.000066401 0.500000000 1.000000000
1.695821202 0.000065732 0.500000000 1.000000000
1.695821202 0.000065732 0.500000000 1.000000000
1.695821202 0.000065732 0.500000000 1.000000000
1.695821202 0.000065732 0.500000000 1.000000000
1.695821202 0.000065732 0.500000000 1.000000000
1.608271460 0.000066175 0.500000000 1.000000000
1.553205825 0.000065902 0.500000000 1.000000000
1.538756533 0.000066368 0.500000000 1.000000000
1.538756533 0.000066368 0.500000000 1.000000000
1.538756533 0.000066368 0.500000000 1.000000000
1.419316183 0.000064618 0.500000000 1.000000000
1.419316183 0.000064618 0.500000000 1.000000000
1.419316183 0.000064618 0.500000000 1.000000000
1.370871635 0.000064243 0.500000000 1.000000000
1.370871635 0.000064243 0.500000000 1.000000000
1.370871635 0.000064243 0.500000000 1.000000000
1.370871635 0.000064243 0.500000000 1.000000000
1.325619456 0.000063310 0.500000000 1.000000000
1.325619456 0.000063310 0.500000000 1.000000000
1.276127521 0.000064183 0.500000000 1.000000000
1.248238478 0.000064049 0.500000000 1.000000000
1.248238478 0.000064049 0.500000000 1.000000000
1.248238478 0.000064049 0.500000000 1.000000000
1.248238478 0.000064049 0.500000000 1.000000000
1.248238478 0.000064049 0.500000000 1.000000000
1.201159779 0.000063346 0.500000000 1.000000000
1.201159779 0.000063346 0.500000000 1.000000000
1.118083087 0.000063040 0.500000000 1.000000000
1.118083087 0.000063040 0.500000000 1.000000000
1.016719726 0.000062275 0.500000000 1.000000000
1.015028814 0.000060902 0.500000000 1.000000000
1.015028814 0.000060902 0.500000000 1.000000000
1.015028814 0.000060902 0.500000000 1.000000000
1.015028814 0.000060902 0.500000000 1.000000000
1.015028814 0.000060902 0.500000000 1.000000000
1.015028814 0.000060902 0.500000000 1.000000000
1.015028814 0.000060902 0.500000000 1.000000000
1.015028814 0.000060902 0.500000000 1.000000000
1.015028814 0.000060902 0.500000000 1.000000000
1.015028814 0.000060902 0.500000000 1.000000000
1.015028814 0.000060902 0.500000000 1.000000000
1.015028814 0.000060902 0.500000000 1.000000000
1.015028814 0.000060902 0.500000000 1.000000000
1.015028814 0.000060902 0.500000000 1.000000000
1.015028814 0.000060902 0.500000000 1.000000000
1.015028814 0.000060902 0.500000000 1.000000000
1.015028814 0.000060902 0.500000000 1.000000000
1.015028814 0.000060902 0.500000000 1.000000000
1.015028814 0.000060902 0.500000000 1.000000000
1.015028814 0.000060902 0.500000000 1.000000000
1.015028814 0.000060902 0.500000000 1.000000000
1.015028814 0.000060902 0.500000000 1.000000000
1.015028814 0.000060902 0.500000000 1.000000000
1.015028814 0.000060902 0.500000000 1.000000000
1.015028814 0.000060902 0.500000000 1.000000000
1.015028814 0.000060902 0.500000000 1.000000000
1.015028814 0.000060902 0.500000000 1.000000000
1.015028814 0.000060902 0.500000000 1.000000000
1.015028814 0.000060902 0.500000000 1.000000000
1.015028814 0.000060902 0.500000000 1.000000000
1.015028814 0.000060902 0.500000000 1.000000000
1.015028814 0.000060902 0.500000000 1.000000000
1.015028814 0.000060902 0.500000000 1.000000000
1.015028814 0.000060902 0.500000000 1.000000000
1.015028814 0.000060902 0.500000000 1.000000000
1.015028814 0.000060902 0.500000000 1.000000000
1.015028814 0.000060902 0.500000000 1.000000000
1.015028814 0.000060902 0.500000000 1.000000000
1.015028814 0.000060902 0.500000000 1.000000000
1.015028814 0.000060902 0.500000000 1.000000000
1.015028814 0.000060902 0.500000000 1.000000000
1.015028814 0.000060902 0.500000000 1.000000000
1.015028814 0.000060902 0.500000000 1.000000000
1.015028814 0.000060902 0.500000000 1.000000000
1.015028814 0.000060902 0.500000000 1.000000000
1.015028814 0.000060902 0.500000000 1.000000000
1.015028814 0.000060902 0.500000000 1.000000000
1.015028814 0.000060902 0.500000000 1.000000000
1.015028814 0.000060902 0.500000000 1.000000000
1.015028814 0.000060902 0.500000000 1.000000000
1.015028814 0.000060902 0.500000000 1.000000000
1.914021175 0.000068325 0.500000000 1.000000000
1.914021175 0.000068325 0.500000000 1.000000000
1.914021175 0.000068325 0.500000000 1.000000000
1.932662685 0.000067988 0.500000000 1.000000000
1.920182785 0.000067720 0.500000000 1.000000000
1.867132046 0.000067600 0.500000000 1.000000000
1.776494758 0.000068127 0.500000000 1.000000000
1.800454806 0.000067467 0.500000000 1.000000000
1.800454806 0.000067467 0.500000000 1.000000000
1.800454806 0.000067467 0.500000000 1.000000000
1.800454806 0.000067467 0.500000000 1.000000000
1.800454806 0.000067467 0.500000000 1.000000000
1.800454806 0.000067467 0.500000000 1.000000000
1.716687635 0.000067512 0.500000000 1.000000000
1.716687635 0.000067512 0.500000000 1.000000000
1.716687635 0.000067512 0.500000000 1.000000000
1.716687635 0.000067512 0.500000000 1.000000000
1.716687635 0.000067512 0.500000000 1.000000000
1.677661091 0.000066231 0.500000000 1.000000000
1.677661091 0.000066231 0.500000000 1.000000000
1.677661091 0.000066231 0.500000000 1.000000000
1.676791002 0.000066195 0.500000000 1.000000000
1.676791002 0.000066195 0.500000000 1.000000000
1.714042262 0.000065401 0.500000000 1.000000000
1.711055509 0.000064582 0.500000000 1.000000000
1.628440915 0.000064103 0.500000000 1.000000000
1.613307606 0.000064143 0.500000000 1.000000000
1.592057900 0.000064562 0.500000000 1.000000000
1.592057900 0.000064562 0.500000000 1.000000000
1.592057900 0.000064562 0.500000000 1.000000000
1.566842833 0.000065009 0.500000000 1.000000000
1.566842833 0.000065009 0.500000000 1.000000000
1.566842833 0.000065009 0.500000000 1.000000000
1.566842833 0.000065009 0.500000000 1.000000000
1.537873337 0.000064200 0.500000000 1.000000000
1.546238850 0.000063416 0.500000000 1.000000000
1.448160718 0.000062219 0.500000000 1.000000000
1.448160718 0.000062219 0.500000000 1.000000000
1.435903538 0.000062219 0.500000000 1.000000000
1.346438761 0.000062296 0.500000000 1.000000000
1.240559728 0.000061449 0.500000000 1.000000000
1.160682489 0.000061941 0.500000000 1.000000000
1.128577511 0.000062598 0.500000000 1.000000000
1.061096783 0.000061967 0.500000000 1.000000000
1.061096783 0.000061967 0.500000000 1.000000000
1.061096783 0.000061967 0.500000000 1.000000000
1.061096783 0.000061967 0.500000000 1.000000000
0.997329828 0.000062650 0.500000000 1.000000000
0.944294429 0.000062585 0.500000000 1.000000000
0.944294429 0.000062585 0.500000000 1.000000000
0.944294429 0.000062585 0.500000000 1.000000000
0.944294429 0.000062585 0.500000000 1.000000000
0.944294429 0.000062585 0.500000000 1.000000000
0.944294429 0.000062585 0.500000000 1.000000000
0.944294429 0.000062585 0.500000000 1.000000000
0.944294429 0.000062585 0.500000000 1.000000000
0.944294429 0.000062585 0.500000000 1.000000000
0.944294429 0.000062585 0.500000000 1.000000000
0.944294429 0.000062585 0.500000000 1.000000000
0.944294429 0.000062585 0.500000000 1.000000000
0.944294429 0.000062585 0.500000000 1.000000000
0.959702977 0.000062435 0.500000000 1.000000000
0.959702977 0.000062435 0.500000000 1.000000000
0.959702977 0.000062435 0.500000000 1.000000000
0.959702977 0.000062435 0.500000000 1.000000000
0.959702977 0.000062435 0.500000000 1.000000000
0.959702977 0.000062435 0.500000000 1.000000000
0.959702977 0.000062435 0.500000000 1.000000000
0.959702977 0.000062435 0.500000000 1.000000000
0.959702977 0.000062435 0.500000000 1.000000000
0.959702977 0.000062435 0.500000000 1.000000000
0.959702977 0.000062435 0.500000000 1.000000000
0.959702977 0.000062435 0.500000000 1.000000000
0.959702977 0.000062435 0.500000000 1.000000000
0.959702977 0.000062435 0.500000000 1.000000000
0.959702977 0.000062435 0.500000000 1.000000000
0.959702977 0.000062435 0.500000000 1.000000000
0.959702977 0.000062435 0.500000000 1.000000000
0.959702977 0.000062435 0.500000000 1.000000000
0.959702977 0.000062435 0.500000000 1.000000000
0.959702977 0.000062435 0.500000000 1.000000000
0.959702977 0.000062435 0.500000000 1.000000000
0.959702977 0.000062435 0.500000000 1.000000000
0.959702977 0.000062435 0.500000000 1.000000000
0.959702977 0.000062435 0.500000000 1.000000000
0.959702977 0.000062435 0.500000000 1.000000000
0.959702977 0.000062435 0.500000000 1.000000000
0.959702977 0.000062435 0.500000000 1.000000000
0.959702977 0.000062435 0.500000000 1.000000000
0.959702977 0.000062435 0.500000000 1.000000000
0.959702977 0.000062435 0.500000000 1.000000000
0.959702977 0.000062435 0.500000000 1.000000000
0.959702977 0.000062435 0.500000000 1.000000000
0.959702977 0.000062435 0.500000000 1.000000000
0.959702977 0.000062435 0.500000000 1.000000000
0.959702977 0.000062435 0.500000000 1.000000000
0.959702977 0.000062435 0.500000000 1.000000000
0.959702977 0.000062435 0.500000000 1.000000000
0.959702977 0.000062435 0.500000000 1.000000000
0.959702977 0.000062435 0.500000000 1.000000000
1.991620765 0.000067652 0.500000000 1.000000000
1.991620765 0.000067652 0.500000000 1.000000000
1.964060973 0.000067758 0.500000000 1.000000000
1.964060973 0.000067758 0.500000000 1.000000000
1.964060973 0.000067758 0.500000000 1.000000000
1.964060973 0.000067758 0.500000000 1.000000000
1.964060973 0.000067758 0.500000000 1.000000000
1.964060973 0.000067758 0.500000000 1.000000000
1.922828334 0.000067577 0.500000000 1.000000000
1.908465262 0.000067062 0.500000000 1.000000000
1.930823785 0.000066077 0.500000000 1.000000000
1.932248493 0.000064830 0.500000000 1.000000000
1.932248493 0.000064830 0.500000000 1.000000000
1.932248493 0.000064830 0.500000000 1.000000000
1.961595991 0.000064062 0.500000000 1.000000000
1.888408632 0.000063727 0.500000000 1.000000000
1.888408632 0.000063727 0.500000000 1.000000000
1.888408632 0.000063727 0.500000000 1.000000000
1.895051607 0.000062918 0.500000000 1.000000000
1.895051607 0.000062918 0.500000000 1.000000000
1.876696986 0.000062803 0.500000000 1.000000000
1.787652491 0.000061251 0.500000000 1.000000000
1.787652491 0.000061251 0.500000000 1.000000000
1.787652491 0.000061251 0.500000000 1.000000000
1.716712584 0.000061683 0.500000000 1.000000000
1.716712584 0.000061683 0.500000000 1.000000000
1.716712584 0.000061683 0.500000000 1.000000000
1.716712584 0.000061683 0.500000000 1.000000000
1.639136395 0.000061919 0.500000000 1.000000000
1.639136395 0.000061919 0.500000000 1.000000000
1.639136395 0.000061919 0.500000000 1.000000000
1.639136395 0.000061919 0.500000000 1.000000000
1.579375611 0.000062227 0.500000000 1.000000000
1.579375611 0.000062227 0.500000000 1.000000000
1.555164944 0.000061881 0.500000000 1.000000000
1.555164944 0.000061881 0.500000000 1.000000000
1.484860363 0.000061491 0.500000000 1.000000000
1.484860363 0.000061491 0.500000000 1.000000000
1.421878062 0.000060909 0.500000000 1.000000000
1.422383860 0.000060783 0.500000000 1.000000000
1.415956246 0.000060276 0.500000000 1.000000000
1.345998392 0.000061643 0.500000000 1.000000000
1.212548165 0.000061967 0.500000000 1.000000000
1.212548165 0.000061967 0.500000000 1.000000000
1.212548165 0.000061967 0.500000000 1.000000000
1.212548165 0.000061967 0.500000000 1.000000000
1.212548165 0.000061967 0.500000000 1.000000000
1.212548165 0.000061967 0.500000000 1.000000000
1.202830961 0.000061117 0.500000000 1.000000000
1.154754597 0.000061580 0.500000000 1.000000000
1.154754597 0.000061580 0.500000000 1.000000000
1.154754597 0.000061580 0.500000000 1.000000000
1.154754597 0.000061580 0.500000000 1.000000000
1.154754597 0.000061580 0.500000000 1.000000000
1.154754597 0.000061580 0.500000000 1.000000000
1.097895114 0.000062543 0.500000000 1.000000000
1.052387580 0.000063134 0.500000000 1.000000000
1.052387580 0.000063134 0.500000000 1.000000000
1.052387580 0.000063134 0.500000000 1.000000000
1.012157879 0.000063533 0.500000000 1.000000000
1.012157879 0.000063533 0.500000000 1.000000000
1.012157879 0.000063533 0.500000000 1.000000000
1.034552082 0.000062733 0.500000000 1.000000000
1.034552082 0.000062733 0.500000000 1.000000000
1.034552082 0.000062733 0.500000000 1.000000000
1.034552082 0.000062733 0.500000000 1.000000000
0.944948057 0.000063321 0.500000000 1.000000000
0.944948057 0.000063321 0.500000000 1.000000000
0.944948057 0.000063321 0.500000000 1.000000000
0.944948057 0.000063321 0.500000000 1.000000000
0.928513248 0.000063587 0.500000000 1.000000000
0.928513248 0.000063587 0.500000000 1.000000000
0.928513248 0.000063587 0.500000000 1.000000000
0.928513248 0.000063587 0.500000000 1.000000000
0.928513248 0.000063587 0.500000000 1.000000000
0.928513248 0.000063587 0.500000000 1.000000000
0.928513248 0.000063587 0.500000000 1.000000000
0.928513248 0.000063587 0.500000000 1.000000000
0.928513248 0.000063587 0.500000000 1.000000000
0.928513248 0.000063587 0.500000000 1.000000000
0.928513248 0.000063587 0.500000000 1.000000000
0.928513248 0.000063587 0.500000000 1.000000000
0.928513248 0.000063587 0.500000000 1.000000000
0.928513248 0.000063587 0.500000000 1.000000000
0.928513248 0.000063587 0.500000000 1.000000000
0.928513248 0.000063587 0.500000000 1.000000000
0.928513248 0.000063587 0.500000000 1.000000000
0.928513248 0.000063587 0.500000000 1.000000000
0.928513248 0.000063587 0.500000000 1.000000000
0.928513248 0.000063587 0.500000000 1.000000000
0.928513248 0.000063587 0.500000000 1.000000000
0.928513248 0.000063587 0.500000000 1.000000000
0.928513248 0.000063587 0.500000000 1.000000000
0.928513248 0.000063587 0.500000000 1.000000000
0.928513248 0.000063587 0.500000000 1.000000000
0.928513248 0.000063587 0.500000000 1.000000000
0.929740630 0.000063585 0.500000000 1.000000000
0.929740630 0.000063585 0.500000000 1.000000000
0.929740630 0.000063585 0.500000000 1.000000000
0.929740630 0.000063585 0.500000000 1.000000000
1.901117682 0.000065815 0.500000000 1.000000000
1.901953882 0.000065375 0.500000000 1.000000000
1.844831971 0.000065830 0.500000000 1.000000000
1.787312137 0.000064934 0.500000000 1.000000000
1.749627459 0.000064648 0.500000000 1.000000000
1.749627459 0.000064648 0.500000000 1.000000000
1.711385123 0.000064389 0.500000000 1.000000000
1.711385123 0.000064389 0.500000000 1.000000000
1.687618341 0.000063726 0.500000000 1.000000000
1.547980905 0.000062797 0.500000000 1.000000000
1.547980905 0.000062797 0.500000000 1.000000000
1.470539669 0.000060543 0.500000000 1.000000000
1.436856646 0.000060280 0.500000000 1.000000000
1.436856646 0.000060280 0.500000000 1.000000000
1.296932179 0.000060615 0.500000000 1.000000000
1.296932179 0.000060615 0.500000000 1.000000000
1.146637057 0.000061420 0.500000000 1.000000000
1.146637057 0.000061420 0.500000000 1.000000000
1.146637057 0.000061420 0.500000000 1.000000000
1.072700931 0.000061519 0.500000000 1.000000000
1.014114714 0.000060999 0.500000000 1.000000000
1.014114714 0.000060999 0.500000000 1.000000000
1.014114714 0.000060999 0.500000000 1.000000000
1.014114714 0.000060999 0.500000000 1.000000000
1.014114714 0.000060999 0.500000000 1.000000000
1.014114714 0.000060999 0.500000000 1.000000000
1.014114714 0.000060999 0.500000000 1.000000000
1.014114714 0.000060999 0.500000000 1.000000000
1.014114714 0.000060999 0.500000000 1.000000000
1.014114714 0.000060999 0.500000000 1.000000000
1.014114714 0.000060999 0.500000000 1.000000000
1.014114714 0.000060999 0.500000000 1.000000000
1.014114714 0.000060999 0.500000000 1.000000000
1.014114714 0.000060999 0.500000000 1.000000000
1.014114714 0.000060999 0.500000000 1.000000000
1.014114714 0.000060999 0.500000000 1.000000000
1.014114714 0.000060999 0.500000000 1.000000000
1.007177276 0.000061214 0.500000000 1.000000000
1.007177276 0.000061214 0.500000000 1.000000000
1.007177276 0.000061214 0.500000000 1.000000000
1.007177276 0.000061214 0.500000000 1.000000000
1.007177276 0.000061214 0.500000000 1.000000000
1.007177276 0.000061214 0.500000000 1.000000000
1.007177276 0.000061214 0.500000000 1.000000000
1.007177276 0.000061214 0.500000000 1.000000000
1.007177276 0.000061214 0.500000000 1.000000000
1.007177276 0.000061214 0.500000000 1.000000000
1.007177276 0.000061214 0.500000000 1.000000000
1.007177276 0.000061214 0.500000000 1.000000000
1.007177276 0.000061214 0.500000000 1.000000000
1.007177276 0.000061214 0.500000000 1.000000000
1.007177276 0.000061214 0.500000000 1.000000000
1.007177276 0.000061214 0.500000000 1.000000000
1.007177276 0.000061214 0.500000000 1.000000000
1.007177276 0.000061214 0.500000000 1.000000000
1.007177276 0.000061214 0.500000000 1.000000000
1.007177276 0.000061214 0.500000000 1.000000000
1.007177276 0.000061214 0.500000000 1.000000000
1.007177276 0.000061214 0.500000000 1.000000000
1.007177276 0.000061214 0.500000000 1.000000000
1.007177276 0.000061214 0.500000000 1.000000000
1.007177276 0.000061214 0.500000000 1.000000000
1.007177276 0.000061214 0.500000000 1.000000000
1.007177276 0.000061214 0.500000000 1.000000000
1.007177276 0.000061214 0.500000000 1.000000000
1.007177276 0.000061214 0.500000000 1.000000000
1.007177276 0.000061214 0.500000000 1.000000000
1.007177276 0.000061214 0.500000000 1.000000000
1.007177276 0.000061214 0.500000000 1.000000000
1.007177276 0.000061214 0.500000000 1.000000000
1.007177276 0.000061214 0.500000000 1.000000000
1.007177276 0.000061214 0.500000000 1.000000000
1.007177276 0.000061214 0.500000000 1.000000000
1.007177276 0.000061214 0.500000000 1.000000000
1.007177276 0.000061214 0.500000000 1.000000000
1.007177276 0.000061214 0.500000000 1.000000000
1.007177276 0.000061214 0.500000000 1.000000000
0.982987020 0.000061950 0.500000000 1.000000000
0.982987020 0.000061950 0.500000000 1.000000000
0.982987020 0.000061950 0.500000000 1.000000000
0.982987020 0.000061950 0.500000000 1.000000000
0.982987020 0.000061950 0.500000000 1.000000000
0.982987020 0.000061950 0.500000000 1.000000000
0.982987020 0.000061950 0.500000000 1.000000000
0.982987020 0.000061950 0.500000000 1.000000000
0.982987020 0.000061950 0.500000000 1.000000000
0.982987020 0.000061950 0.500000000 1.000000000
0.994258817 0.000061446 0.500000000 1.000000000
0.994258817 0.000061446 0.500000000 1.000000000
0.994258817 0.000061446 0.500000000 1.000000000
0.994258817 0.000061446 0.500000000 1.000000000
0.976550769 0.000062034 0.500000000 1.000000000
0.976550769 0.000062034 0.500000000 1.000000000
0.976550769 0.000062034 0.500000000 1.000000000
0.976550769 0.000062034 0.500000000 1.000000000
0.976550769 0.000062034 0.500000000 1.000000000
1.001234532 0.000061144 0.500000000 1.000000000
1.001234532 0.000061144 0.500000000 1.000000000
1.001234532 0.000061144 0.500000000 1.000000000
0.968749787 0.000062142 0.500000000 1.000000000
0.968749787 0.000062142 0.500000000 1.000000000
2.013843295 0.000066396 0.500000000 1.000000000
2.013843295 0.000066396 0.500000000 1.000000000
2.021845672 0.000066109 0.500000000 1.000000000
2.021845672 0.000066109 0.500000000 1.000000000
2.021845672 0.000066109 0.500000000 1.000000000
2.021845672 0.000066109 0.500000000 1.000000000
2.016623147 0.000065977 0.500000000 1.000000000
1.966766532 0.000066522 0.500000000 1.000000000
1.816051459 0.000067305 0.500000000 1.000000000
1.816051459 0.000067305 0.500000000 1.000000000
1.816051459 0.000067305 0.500000000 1.000000000
1.816051459 0.000067305 0.500000000 1.000000000
1.816051459 0.000067305 0.500000000 1.000000000
1.725435443 0.000067570 0.500000000 1.000000000
1.613818658 0.000066601 0.500000000 1.000000000
1.527851532 0.000065493 0.500000000 1.000000000
1.527851532 0.000065493 0.500000000 1.000000000
1.516308062 0.000065480 0.500000000 1.000000000
1.516308062 0.000065480 0.500000000 1.000000000
1.570609665 0.000063620 0.500000000 1.000000000
1.519227693 0.000063722 0.500000000 1.000000000
1.533060629 0.000062928 0.500000000 1.000000000
1.533060629 0.000062928 0.500000000 1.000000000
1.538869330 0.000061311 0.500000000 1.000000000
1.483645204 0.000059097 0.500000000 1.000000000
1.483645204 0.000059097 0.500000000 1.000000000
1.471673496 0.000059017 0.500000000 1.000000000
1.366835100 0.000058367 0.500000000 1.000000000
1.366835100 0.000058367 0.500000000 1.000000000
1.366835100 0.000058367 0.500000000 1.000000000
1.366835100 0.000058367 0.500000000 1.000000000
1.381198354 0.000057633 0.500000000 1.000000000
1.281373714 0.000057083 0.500000000 1.000000000
1.152528925 0.000057604 0.500000000 1.000000000
1.152528925 0.000057604 0.500000000 1.000000000
1.152528925 0.000057604 0.500000000 1.000000000
1.152528925 0.000057604 0.500000000 1.000000000
1.152528925 0.000057604 0.500000000 1.000000000
1.152528925 0.000057604 0.500000000 1.000000000
1.129066254 0.000056682 0.500000000 1.000000000
1.129066254 0.000056682 0.500000000 1.000000000
1.129066254 0.000056682 0.500000000 1.000000000
1.129066254 0.000056682 0.500000000 1.000000000
1.129066254 0.000056682 0.500000000 1.000000000
1.129066254 0.000056682 0.500000000 1.000000000
1.129066254 0.000056682 0.500000000 1.000000000
1.129066254 0.000056682 0.500000000 1.000000000
1.126034876 0.000057051 0.500000000 1.000000000
1.126034876 0.000057051 0.500000000 1.000000000
1.126034876 0.000057051 0.500000000 1.000000000
1.126034876 0.000057051 0.500000000 1.000000000
1.160959386 0.000057112 0.500000000 1.000000000
1.160959386 0.000057112 0.500000000 1.000000000
1.160959386 0.000057112 0.500000000 1.000000000
1.160959386 0.000057112 0.500000000 1.000000000
1.157196639 0.000057185 0.500000000 1.000000000
1.157196639 0.000057185 0.500000000 1.000000000
1.157196639 0.000057185 0.500000000 1.000000000
1.157196639 0.000057185 0.500000000 1.000000000
1.157196639 0.000057185 0.500000000 1.000000000
1.170286748 0.000056493 0.500000000 1.000000000
1.170286748 0.000056493 0.500000000 1.000000000
1.170286748 0.000056493 0.500000000 1.000000000
1.170286748 0.000056493 0.500000000 1.000000000
1.170286748 0.000056493 0.500000000 1.000000000
1.170286748 0.000056493 0.500000000 1.000000000
1.170286748 0.000056493 0.500000000 1.000000000
1.170286748 0.000056493 0.500000000 1.000000000
1.170286748 0.000056493 0.500000000 1.000000000
1.170286748 0.000056493 0.500000000 1.000000000
1.170286748 0.000056493 0.500000000 1.000000000
1.170286748 0.000056493 0.500000000 1.000000000
1.170286748 0.000056493 0.500000000 1.000000000
1.170286748 0.000056493 0.500000000 1.000000000
1.170286748 0.000056493 0.500000000 1.000000000
1.170286748 0.000056493 0.500000000 1.000000000
1.170286748 0.000056493 0.500000000 1.000000000
1.170286748 0.000056493 0.500000000 1.000000000
1.170286748 0.000056493 0.500000000 1.000000000
1.170286748 0.000056493 0.500000000 1.000000000
1.170286748 0.000056493 0.500000000 1.000000000
1.170286748 0.000056493 0.500000000 1.000000000
1.170286748 0.000056493 0.500000000 1.000000000
1.170286748 0.000056493 0.500000000 1.000000000
1.170286748 0.000056493 0.500000000 1.000000000
1.170286748 0.000056493 0.500000000 1.000000000
1.170286748 0.000056493 0.500000000 1.000000000
1.170286748 0.000056493 0.500000000 1.000000000
1.170286748 0.000056493 0.500000000 1.000000000
1.158923838 0.000056976 0.500000000 1.000000000
1.158923838 0.000056976 0.500000000 1.000000000
1.158923838 0.000056976 0.500000000 1.000000000
1.158923838 0.000056976 0.500000000 1.000000000
1.158923838 0.000056976 0.500000000 1.000000000
1.158923838 0.000056976 0.500000000 1.000000000
1.158923838 0.000056976 0.500000000 1.000000000
1.158923838 0.000056976 0.500000000 1.000000000
1.158923838 0.000056976 0.500000000 1.000000000
1.158923838 0.000056976 0.500000000 1.000000000
1.158923838 0.000056976 0.500000000 1.000000000
1.158923838 0.000056976 0.500000000 1.000000000
1.948056810 0.000066987 0.500000000 1.000000000
1.948056810 0.000066987 0.500000000 1.000000000
1.948056810 0.000066987 0.500000000 1.000000000
1.964702248 0.000066605 0.500000000 1.000000000
1.964702248 0.000066605 0.500000000 1.000000000
1.888614520 0.000066710 0.500000000 1.000000000
1.899597354 0.000065661 0.500000000 1.000000000
1.899597354 0.000065661 0.500000000 1.000000000
1.928541605 0.000065088 0.500000000 1.000000000
1.928541605 0.000065088 0.500000000 1.000000000
1.932157675 0.000063718 0.500000000 1.000000000
1.932157675 0.000063718 0.500000000 1.000000000
1.906514482 0.000062968 0.500000000 1.000000000
1.932040290 0.000061824 0.500000000 1.000000000
1.932040290 0.000061824 0.500000000 1.000000000
1.828012527 0.000061990 0.500000000 1.000000000
1.828012527 0.000061990 0.500000000 1.000000000
1.828012527 0.000061990 0.500000000 1.000000000
1.828012527 0.000061990 0.500000000 1.000000000
1.784070968 0.000062354 0.500000000 1.000000000
1.784070968 0.000062354 0.500000000 1.000000000
1.784070968 0.000062354 0.500000000 1.000000000
1.784070968 0.000062354 0.500000000 1.000000000
1.784070968 0.000062354 0.500000000 1.000000000
1.748397519 0.000061473 0.500000000 1.000000000
1.775254754 0.000060818 0.500000000 1.000000000
1.727455462 0.000059768 0.500000000 1.000000000
1.727455462 0.000059768 0.500000000 1.000000000
1.785557399 0.000058541 0.500000000 1.000000000
1.720143341 0.000059567 0.500000000 1.000000000
1.720143341 0.000059567 0.500000000 1.000000000
1.720143341 0.000059567 0.500000000 1.000000000
1.729680625 0.000059165 0.500000000 1.000000000
1.729680625 0.000059165 0.500000000 1.000000000
1.700915467 0.000059041 0.500000000 1.000000000
1.657399116 0.000059299 0.500000000 1.000000000
1.657399116 0.000059299 0.500000000 1.000000000
1.609188388 0.000059580 0.500000000 1.000000000
1.484188201 0.000060656 0.500000000 1.000000000
1.405537003 0.000059076 0.500000000 1.000000000
1.251383230 0.000058578 0.500000000 1.000000000
1.138589532 0.000058433 0.500000000 1.000000000
1.117245850 0.000057504 0.500000000 1.000000000
1.117245850 0.000057504 0.500000000 1.000000000
1.117245850 0.000057504 0.500000000 1.000000000
1.117245850 0.000057504 0.500000000 1.000000000
1.117245850 0.000057504 0.500000000 1.000000000
1.117245850 0.000057504 0.500000000 1.000000000
1.117245850 0.000057504 0.500000000 1.000000000
1.117245850 0.000057504 0.500000000 1.000000000
1.117245850 0.000057504 0.500000000 1.000000000
1.117245850 0.000057504 0.500000000 1.000000000
1.132839461 0.000057209 0.500000000 1.000000000
1.132839461 0.000057209 0.500000000 1.000000000
1.132839461 0.000057209 0.500000000 1.000000000
1.158248764 0.000057033 0.500000000 1.000000000
1.167453776 0.000056565 0.500000000 1.000000000
1.167453776 0.000056565 0.500000000 1.000000000
1.167453776 0.000056565 0.500000000 1.000000000
1.167453776 0.000056565 0.500000000 1.000000000
1.167453776 0.000056565 0.500000000 1.000000000
1.167453776 0.000056565 0.500000000 1.000000000
1.167453776 0.000056565 0.500000000 1.000000000
1.117689158 0.000058016 0.500000000 1.000000000
1.117689158 0.000058016 0.500000000 1.000000000
1.117689158 0.000058016 0.500000000 1.000000000
1.117689158 0.000058016 0.500000000 1.000000000
1.117689158 0.000058016 0.500000000 1.000000000
1.117689158 0.000058016 0.500000000 1.000000000
1.117689158 0.000058016 0.500000000 1.000000000
1.117689158 0.000058016 0.500000000 1.000000000
1.117689158 0.000058016 0.500000000 1.000000000
1.117689158 0.000058016 0.500000000 1.000000000
1.117689158 0.000058016 0.500000000 1.000000000
1.117689158 0.000058016 0.500000000 1.000000000
1.117689158 0.000058016 0.500000000 1.000000000
1.117689158 0.000058016 0.500000000 1.000000000
1.117689158 0.000058016 0.500000000 1.000000000
1.117689158 0.000058016 0.500000000 1.000000000
1.117689158 0.000058016 0.500000000 1.000000000
1.117689158 0.000058016 0.500000000 1.000000000
1.117689158 0.000058016 0.500000000 1.000000000
1.117689158 0.000058016 0.500000000 1.000000000
1.117689158 0.000058016 0.500000000 1.000000000
1.117689158 0.000058016 0.500000000 1.000000000
1.117689158 0.000058016 0.500000000 1.000000000
1.117689158 0.000058016 0.500000000 1.000000000
1.117689158 0.000058016 0.500000000 1.000000000
1.117689158 0.000058016 0.500000000 1.000000000
1.117689158 0.000058016 0.500000000 1.000000000
1.117689158 0.000058016 0.500000000 1.000000000
1.117689158 0.000058016 0.500000000 1.000000000
1.117689158 0.000058016 0.500000000 1.000000000
1.117689158 0.000058016 0.500000000 1.000000000
1.117689158 0.000058016 0.500000000 1.000000000
1.117689158 0.000058016 0.500000000 1.000000000
1.117689158 0.000058016 0.500000000 1.000000000
1.117689158 0.000058016 0.500000000 1.000000000
1.889205559 0.000066821 0.500000000 1.000000000
1.889205559 0.000066821 0.500000000 1.000000000
1.734745744 0.000067470 0.500000000 1.000000000
1.746122823 0.000066338 0.500000000 1.000000000
1.746122823 0.000066338 0.500000000 1.000000000
1.649142065 0.000066887 0.500000000 1.000000000
1.511340192 0.000064438 0.500000000 1.000000000
1.441371882 0.000063727 0.500000000 1.000000000
1.379151170 0.000062690 0.500000000 1.000000000
1.379151170 0.000062690 0.500000000 1.000000000
1.421888612 0.000061479 0.500000000 1.000000000
1.438902936 0.000060508 0.500000000 1.000000000
1.438902936 0.000060508 0.500000000 1.000000000
1.374446313 0.000061093 0.500000000 1.000000000
1.374446313 0.000061093 0.500000000 1.000000000
1.374446313 0.000061093 0.500000000 1.000000000
1.257926985 0.000061429 0.500000000 1.000000000
1.235817280 0.000061174 0.500000000 1.000000000
1.126119086 0.000061268 0.500000000 1.000000000
1.035653917 0.000060812 0.500000000 1.000000000
1.035653917 0.000060812 0.500000000 1.000000000
1.022974437 0.000060197 0.500000000 1.000000000
1.022974437 0.000060197 0.500000000 1.000000000
1.022974437 0.000060197 0.500000000 1.000000000
1.022974437 0.000060197 0.500000000 1.000000000
1.069110048 0.000059162 0.500000000 1.000000000
1.069110048 0.000059162 0.500000000 1.000000000
1.069110048 0.000059162 0.500000000 1.000000000
1.069110048 0.000059162 0.500000000 1.000000000
1.069110048 0.000059162 0.500000000 1.000000000
1.069110048 0.000059162 0.500000000 1.000000000
1.069110048 0.000059162 0.500000000 1.000000000
1.069110048 0.000059162 0.500000000 1.000000000
1.069110048 0.000059162 0.500000000 1.000000000
1.069110048 0.000059162 0.500000000 1.000000000
1.069110048 0.000059162 0.500000000 1.000000000
1.069110048 0.000059162 0.500000000 1.000000000
1.069110048 0.000059162 0.500000000 1.000000000
1.069110048 0.000059162 0.500000000 1.000000000
1.069110048 0.000059162 0.500000000 1.000000000
1.069110048 0.000059162 0.500000000 1.000000000
1.069110048 0.000059162 0.500000000 1.000000000
1.069110048 0.000059162 0.500000000 1.000000000
1.069110048 0.000059162 0.500000000 1.000000000
1.069110048 0.000059162 0.500000000 1.000000000
1.069110048 0.000059162 0.500000000 1.000000000
1.069110048 0.000059162 0.500000000 1.000000000
1.069110048 0.000059162 0.500000000 1.000000000
1.069110048 0.000059162 0.500000000 1.000000000
1.069110048 0.000059162 0.500000000 1.000000000
1.069110048 0.000059162 0.500000000 1.000000000
1.069110048 0.000059162 0.500000000 1.000000000
1.069110048 0.000059162 0.500000000 1.000000000
1.069110048 0.000059162 0.500000000 1.000000000
1.069110048 0.000059162 0.500000000 1.000000000
1.069110048 0.000059162 0.500000000 1.000000000
1.069110048 0.000059162 0.500000000 1.000000000
1.069110048 0.000059162 0.500000000 1.000000000
1.069110048 0.000059162 0.500000000 1.000000000
1.069110048 0.000059162 0.500000000 1.000000000
1.069110048 0.000059162 0.500000000 1.000000000
1.069110048 0.000059162 0.500000000 1.000000000
1.069110048 0.000059162 0.500000000 1.000000000
1.069110048 0.000059162 0.500000000 1.000000000
1.069110048 0.000059162 0.500000000 1.000000000
1.069110048 0.000059162 0.500000000 1.000000000
1.069110048 0.000059162 0.500000000 1.000000000
1.069110048 0.000059162 0.500000000 1.000000000
1.069110048 0.000059162 0.500000000 1.000000000
1.069110048 0.000059162 0.500000000 1.000000000
1.069110048 0.000059162 0.500000000 1.000000000
1.038817625 0.000060202 0.500000000 1.000000000
1.038817625 0.000060202 0.500000000 1.000000000
1.038817625 0.000060202 0.500000000 1.000000000
1.038817625 0.000060202 0.500000000 1.000000000
1.038817625 0.000060202 0.500000000 1.000000000
1.038817625 0.000060202 0.500000000 1.000000000
1.038817625 0.000060202 0.500000000 1.000000000
1.038817625 0.000060202 0.500000000 1.000000000
1.038817625 0.000060202 0.500000000 1.000000000
1.038817625 0.000060202 0.500000000 1.000000000
1.038817625 0.000060202 0.500000000 1.000000000
1.038817625 0.000060202 0.500000000 1.000000000
1.038817625 0.000060202 0.500000000 1.000000000
1.038817625 0.000060202 0.500000000 1.000000000
1.038817625 0.000060202 0.500000000 1.000000000
1.038817625 0.000060202 0.500000000 1.000000000
1.038817625 0.000060202 0.500000000 1.000000000
1.038817625 0.000060202 0.500000000 1.000000000
1.038817625 0.000060202 0.500000000 1.000000000
1.038817625 0.000060202 0.500000000 1.000000000
1.038817625 0.000060202 0.500000000 1.000000000
1.038817625 0.000060202 0.500000000 1.000000000
1.038817625 0.000060202 0.500000000 1.000000000
1.038817625 0.000060202 0.500000000 1.000000000
1.038817625 0.000060202 0.500000000 1.000000000
1.038817625 0.000060202 0.500000000 1.000000000
1.038817625 0.000060202 0.500000000 1.000000000
1.038817625 0.000060202 0.500000000 1.000000000
1.038817625 0.000060202 0.500000000 1.000000000
1.888398551 0.000067136 0.500000000 1.000000000
1.873453552 0.000067071 0.500000000 1.000000000
1.848107467 0.000067155 0.500000000 1.000000000
1.848107467 0.000067155 0.500000000 1.000000000
1.804241984 0.000066257 0.500000000 1.000000000
1.804241984 0.000066257 0.500000000 1.000000000
1.804241984 0.000066257 0.500000000 1.000000000
1.603260074 0.000068148 0.500000000 1.000000000
1.603260074 0.000068148 0.500000000 1.000000000
1.529850720 0.000067835 0.500000000 1.000000000
1.480653312 0.000067938 0.500000000 1.000000000
1.480653312 0.000067938 0.500000000 1.000000000
1.426577452 0.000066422 0.500000000 1.000000000
1.426577452 0.000066422 0.500000000 1.000000000
1.426577452 0.000066422 0.500000000 1.000000000
1.423028280 0.000066232 0.500000000 1.000000000
1.414991058 0.000065270 0.500000000 1.000000000
1.368178006 0.000065711 0.500000000 1.000000000
1.308845636 0.000065392 0.500000000 1.000000000
1.272646443 0.000063980 0.500000000 1.000000000
1.161708135 0.000064317 0.500000000 1.000000000
1.161708135 0.000064317 0.500000000 1.000000000
1.158602800 0.000064036 0.500000000 1.000000000
1.126786179 0.000062657 0.500000000 1.000000000
1.080100658 0.000062808 0.500000000 1.000000000
1.035214687 0.000063118 0.500000000 1.000000000
1.035214687 0.000063118 0.500000000 1.000000000
1.035214687 0.000063118 0.500000000 1.000000000
1.026202483 0.000062803 0.500000000 1.000000000
0.998397649 0.000062643 0.500000000 1.000000000
0.953455441 0.000061971 0.500000000 1.000000000
1.002768654 0.000061410 0.500000000 1.000000000
1.002768654 0.000061410 0.500000000 1.000000000
0.997751149 0.000061183 0.500000000 1.000000000
0.997751149 0.000061183 0.500000000 1.000000000
0.997751149 0.000061183 0.500000000 1.000000000
0.997751149 0.000061183 0.500000000 1.000000000
0.997751149 0.000061183 0.500000000 1.000000000
0.976737864 0.000061874 0.500000000 1.000000000
0.976737864 0.000061874 0.500000000 1.000000000
0.976737864 0.000061874 0.500000000 1.000000000
0.976737864 0.000061874 0.500000000 1.000000000
0.976737864 0.000061874 0.500000000 1.000000000
0.976737864 0.000061874 0.500000000 1.000000000
0.976737864 0.000061874 0.500000000 1.000000000
0.976737864 0.000061874 0.500000000 1.000000000
0.976737864 0.000061874 0.500000000 1.000000000
0.976737864 0.000061874 0.500000000 1.000000000
0.976737864 0.000061874 0.500000000 1.000000000
0.976737864 0.000061874 0.500000000 1.000000000
0.976737864 0.000061874 0.500000000 1.000000000
0.976737864 0.000061874 0.500000000 1.000000000
0.976737864 0.000061874 0.500000000 1.000000000
0.976737864 0.000061874 0.500000000 1.000000000
0.976737864 0.000061874 0.500000000 1.000000000
0.976737864 0.000061874 0.500000000 1.000000000
0.976737864 0.000061874 0.500000000 1.000000000
0.976737864 0.000061874 0.500000000 1.000000000
0.976737864 0.000061874 0.500000000 1.000000000
0.976737864 0.000061874 0.500000000 1.000000000
0.976737864 0.000061874 0.500000000 1.000000000
0.976737864 0.000061874 0.500000000 1.000000000
0.976737864 0.000061874 0.500000000 1.000000000
0.976737864 0.000061874 0.500000000 1.000000000
0.976737864 0.000061874 0.500000000 1.000000000
0.976737864 0.000061874 0.500000000 1.000000000
0.976737864 0.000061874 0.500000000 1.000000000
0.976737864 0.000061874 0.500000000 1.000000000
0.976737864 0.000061874 0.500000000 1.000000000
0.976737864 0.000061874 0.500000000 1.000000000
0.976737864 0.000061874 0.500000000 1.000000000
0.976737864 0.000061874 0.500000000 1.000000000
0.976737864 0.000061874 0.500000000 1.000000000
0.976737864 0.000061874 0.500000000 1.000000000
0.976737864 0.000061874 0.500000000 1.000000000
0.976737864 0.000061874 0.500000000 1.000000000
0.976737864 0.000061874 0.500000000 1.000000000
0.976737864 0.000061874 0.500000000 1.000000000
0.976737864 0.000061874 0.500000000 1.000000000
0.976737864 0.000061874 0.500000000 1.000000000
0.976737864 0.000061874 0.500000000 1.000000000
0.976737864 0.000061874 0.500000000 1.000000000
0.999609519 0.000061369 0.500000000 1.000000000
0.999609519 0.000061369 0.500000000 1.000000000
0.999609519 0.000061369 0.500000000 1.000000000
0.999609519 0.000061369 0.500000000 1.000000000
0.999609519 0.000061369 0.500000000 1.000000000
0.999609519 0.000061369 0.500000000 1.000000000
0.999609519 0.000061369 0.500000000 1.000000000
0.999609519 0.000061369 0.500000000 1.000000000
0.999609519 0.000061369 0.500000000 1.000000000
0.999609519 0.000061369 0.500000000 1.000000000
0.999609519 0.000061369 0.500000000 1.000000000
0.999609519 0.000061369 0.500000000 1.000000000
0.999609519 0.000061369 0.500000000 1.000000000
0.999609519 0.000061369 0.500000000 1.000000000
0.999609519 0.000061369 0.500000000 1.000000000
0.999609519 0.000061369 0.500000000 1.000000000
0.999609519 0.000061369 0.500000000 1.000000000
0.999609519 0.000061369 0.500000000 1.000000000
0.999609519 0.000061369 0.500000000 1.000000000
0.999609519 0.000061369 0.500000000 1.000000000
0.999609519 0.000061369 0.500000000 1.000000000
0.999609519 0.000061369 0.500000000 1.000000000
0.999609519 0.000061369 0.500000000 1.000000000
1.933058502 0.000067177 0.500000000 1.000000000
1.933058502 0.000067177 0.500000000 1.000000000
1.933058502 0.000067177 0.500000000 1.000000000
1.959575540 0.000065763 0.500000000 1.000000000
1.872864039 0.000064699 0.500000000 1.000000000
1.798580464 0.000064721 0.500000000 1.000000000
1.817316219 0.000063706 0.500000000 1.000000000
1.817316219 0.000063706 0.500000000 1.000000000
1.844358506 0.000062210 0.500000000 1.000000000
1.844358506 0.000062210 0.500000000 1.000000000
1.844358506 0.000062210 0.500000000 1.000000000
1.844358506 0.000062210 0.500000000 1.000000000
1.903378682 0.000060610 0.500000000 1.000000000
1.903378682 0.000060610 0.500000000 1.000000000
1.833234465 0.000059406 0.500000000 1.000000000
1.818324651 0.000058566 0.500000000 1.000000000
1.818324651 0.000058566 0.500000000 1.000000000
1.790144903 0.000058597 0.500000000 1.000000000
1.663302558 0.000059169 0.500000000 1.000000000
1.663302558 0.000059169 0.500000000 1.000000000
1.663302558 0.000059169 0.500000000 1.000000000
1.663302558 0.000059169 0.500000000 1.000000000
1.663302558 0.000059169 0.500000000 1.000000000
1.584491870 0.000060436 0.500000000 1.000000000
1.581908342 0.000060414 0.500000000 1.000000000
1.521991645 0.000059339 0.500000000 1.000000000
1.521991645 0.000059339 0.500000000 1.000000000
1.499610096 0.000059358 0.500000000 1.000000000
1.499610096 0.000059358 0.500000000 1.000000000
1.499610096 0.000059358 0.500000000 1.000000000
1.432885348 0.000060185 0.500000000 1.000000000
1.432885348 0.000060185 0.500000000 1.000000000
1.397837769 0.000059535 0.500000000 1.000000000
1.397837769 0.000059535 0.500000000 1.000000000
1.407885878 0.000058027 0.500000000 1.000000000
1.323422082 0.000057921 0.500000000 1.000000000
1.255633235 0.000058623 0.500000000 1.000000000
1.255633235 0.000058623 0.500000000 1.000000000
1.148902651 0.000057924 0.500000000 1.000000000
1.189713078 0.000057353 0.500000000 1.000000000
1.206562257 0.000057641 0.500000000 1.000000000
1.206562257 0.000057641 0.500000000 1.000000000
1.206562257 0.000057641 0.500000000 1.000000000
1.206562257 0.000057641 0.500000000 1.000000000
1.206562257 0.000057641 0.500000000 1.000000000
1.206562257 0.000057641 0.500000000 1.000000000
1.135976866 0.000057358 0.500000000 1.000000000
1.135976866 0.000057358 0.500000000 1.000000000
1.182875224 0.000056437 0.500000000 1.000000000
1.229395107 0.000055154 0.500000000 1.000000000
1.229395107 0.000055154 0.500000000 1.000000000
1.229395107 0.000055154 0.500000000 1.000000000
1.229515600 0.000055336 0.500000000 1.000000000
1.229515600 0.000055336 0.500000000 1.000000000
1.229515600 0.000055336 0.500000000 1.000000000
1.229515600 0.000055336 0.500000000 1.000000000
1.229515600 0.000055336 0.500000000 1.000000000
1.229515600 0.000055336 0.500000000 1.000000000
1.229515600 0.000055336 0.500000000 1.000000000
1.229515600 0.000055336 0.500000000 1.000000000
1.229515600 0.000055336 0.500000000 1.000000000
1.229515600 0.000055336 0.500000000 1.000000000
1.229515600 0.000055336 0.500000000 1.000000000
1.229515600 0.000055336 0.500000000 1.000000000
1.229515600 0.000055336 0.500000000 1.000000000
1.229515600 0.000055336 0.500000000 1.000000000
1.229515600 0.000055336 0.500000000 1.000000000
1.229515600 0.000055336 0.500000000 1.000000000
1.229515600 0.000055336 0.500000000 1.000000000
1.229515600 0.000055336 0.500000000 1.000000000
1.229515600 0.000055336 0.500000000 1.000000000
1.229515600 0.000055336 0.500000000 1.000000000
1.229515600 0.000055336 0.500000000 1.000000000
1.229515600 0.000055336 0.500000000 1.000000000
1.229515600 0.000055336 0.500000000 1.000000000
1.229515600 0.000055336 0.500000000 1.000000000
1.229515600 0.000055336 0.500000000 1.000000000
1.229515600 0.000055336 0.500000000 1.000000000
1.229515600 0.000055336 0.500000000 1.000000000
1.229515600 0.000055336 0.500000000 1.000000000
1.229515600 0.000055336 0.500000000 1.000000000
1.229515600 0.000055336 0.500000000 1.000000000
1.229515600 0.000055336 0.500000000 1.000000000
1.229515600 0.000055336 0.500000000 1.000000000
1.229515600 0.000055336 0.500000000 1.000000000
1.229515600 0.000055336 0.500000000 1.000000000
1.229515600 0.000055336 0.500000000 1.000000000
1.229515600 0.000055336 0.500000000 1.000000000
1.229515600 0.000055336 0.500000000 1.000000000
1.229515600 0.000055336 0.500000000 1.000000000
1.229515600 0.000055336 0.500000000 1.000000000
1.248674902 0.000054898 0.500000000 1.000000000
1.248674902 0.000054898 0.500000000 1.000000000
1.248674902 0.000054898 0.500000000 1.000000000
1.248674902 0.000054898 0.500000000 1.000000000
1.248674902 0.000054898 0.500000000 1.000000000
1.248674902 0.000054898 0.500000000 1.000000000
1.248674902 0.000054898 0.500000000 1.000000000
1.870351470 0.000068336 0.500000000 1.000000000
1.870351470 0.000068336 0.500000000 1.000000000
1.838454157 0.000068108 0.500000000 1.000000000
1.838454157 0.000068108 0.500000000 1.000000000
1.838454157 0.000068108 0.500000000 1.000000000
1.830747079 0.000067406 0.500000000 1.000000000
1.706834411 0.000066771 0.500000000 1.000000000
1.706834411 0.000066771 0.500000000 1.000000000
1.706834411 0.000066771 0.500000000 1.000000000
1.665428257 0.000066219 0.500000000 1.000000000
1.665428257 0.000066219 0.500000000 1.000000000
1.592322854 0.000065724 0.500000000 1.000000000
1.581851781 0.000065577 0.500000000 1.000000000
1.592496921 0.000064255 0.500000000 1.000000000
1.592496921 0.000064255 0.500000000 1.000000000
1.592496921 0.000064255 0.500000000 1.000000000
1.592496921 0.000064255 0.500000000 1.000000000
1.621037885 0.000063648 0.500000000 1.000000000
1.621037885 0.000063648 0.500000000 1.000000000
1.621037885 0.000063648 0.500000000 1.000000000
1.621037885 0.000063648 0.500000000 1.000000000
1.646415159 0.000062642 0.500000000 1.000000000
1.646415159 0.000062642 0.500000000 1.000000000
1.655041561 0.000062262 0.500000000 1.000000000
1.655041561 0.000062262 0.500000000 1.000000000
1.655041561 0.000062262 0.500000000 1.000000000
1.655041561 0.000062262 0.500000000 1.000000000
1.655041561 0.000062262 0.500000000 1.000000000
1.629390876 0.000061234 0.500000000 1.000000000
1.598891433 0.000061066 0.500000000 1.000000000
1.598891433 0.000061066 0.500000000 1.000000000
1.598891433 0.000061066 0.500000000 1.000000000
1.598891433 0.000061066 0.500000000 1.000000000
1.538617494 0.000060693 0.500000000 1.000000000
1.516629467 0.000059321 0.500000000 1.000000000
1.522656026 0.000058285 0.500000000 1.000000000
1.524839669 0.000057575 0.500000000 1.000000000
1.500797802 0.000057144 0.500000000 1.000000000
1.500797802 0.000057144 0.500000000 1.000000000
1.500797802 0.000057144 0.500000000 1.000000000
1.442117663 0.000057314 0.500000000 1.000000000
1.352344585 0.000057251 0.500000000 1.000000000
1.352344585 0.000057251 0.500000000 1.000000000
1.316561535 0.000057883 0.500000000 1.000000000
1.301112594 0.000056191 0.500000000 1.000000000
1.301112594 0.000056191 0.500000000 1.000000000
1.250972478 0.000056954 0.500000000 1.000000000
1.235307710 0.000056696 0.500000000 1.000000000
1.235307710 0.000056696 0.500000000 1.000000000
1.235307710 0.000056696 0.500000000 1.000000000
1.235307710 0.000056696 0.500000000 1.000000000
1.235307710 0.000056696 0.500000000 1.000000000
1.174675991 0.000056888 0.500000000 1.000000000
1.170491794 0.000055929 0.500000000 1.000000000
1.170491794 0.000055929 0.500000000 1.000000000
1.170491794 0.000055929 0.500000000 1.000000000
1.170491794 0.000055929 0.500000000 1.000000000
1.213351747 0.000055169 0.500000000 1.000000000
1.213351747 0.000055169 0.500000000 1.000000000
1.213351747 0.000055169 0.500000000 1.000000000
1.213351747 0.000055169 0.500000000 1.000000000
1.213351747 0.000055169 0.500000000 1.000000000
1.213351747 0.000055169 0.500000000 1.000000000
1.213351747 0.000055169 0.500000000 1.000000000
1.213351747 0.000055169 0.500000000 1.000000000
1.184703625 0.000056370 0.500000000 1.000000000
1.184703625 0.000056370 0.500000000 1.000000000
1.184703625 0.000056370 0.500000000 1.000000000
1.184703625 0.000056370 0.500000000 1.000000000
1.184703625 0.000056370 0.500000000 1.000000000
1.184703625 0.000056370 0.500000000 1.000000000
1.184703625 0.000056370 0.500000000 1.000000000
1.184703625 0.000056370 0.500000000 1.000000000
1.184703625 0.000056370 0.500000000 1.000000000
1.184703625 0.000056370 0.500000000 1.000000000
1.184703625 0.000056370 0.500000000 1.000000000
1.184703625 0.000056370 0.500000000 1.000000000
1.184703625 0.000056370 0.500000000 1.000000000
1.184703625 0.000056370 0.500000000 1.000000000
1.184703625 0.000056370 0.500000000 1.000000000
1.184703625 0.000056370 0.500000000 1.000000000
1.184703625 0.000056370 0.500000000 1.000000000
1.184703625 0.000056370 0.500000000 1.000000000
1.184703625 0.000056370 0.500000000 1.000000000
1.184703625 0.000056370 0.500000000 1.000000000
1.184703625 0.000056370 0.500000000 1.000000000
1.184703625 0.000056370 0.500000000 1.000000000
1.184703625 0.000056370 0.500000000 1.000000000
1.184703625 0.000056370 0.500000000 1.000000000
1.184703625 0.000056370 0.500000000 1.000000000
1.184703625 0.000056370 0.500000000 1.000000000
1.184703625 0.000056370 0.500000000 1.000000000
1.184703625 0.000056370 0.500000000 1.000000000
1.184703625 0.000056370 0.500000000 1.000000000
1.184703625 0.000056370 0.500000000 1.000000000
1.184703625 0.000056370 0.500000000 1.000000000
1.184703625 0.000056370 0.500000000 1.000000000
1.942679000 0.000066183 0.500000000 1.000000000
1.942679000 0.000066183 0.500000000 1.000000000
1.942679000 0.000066183 0.500000000 1.000000000
1.942679000 0.000066183 0.500000000 1.000000000
1.912537957 0.000064973 0.500000000 1.000000000
1.912537957 0.000064973 0.500000000 1.000000000
1.912537957 0.000064973 0.500000000 1.000000000
1.912537957 0.000064973 0.500000000 1.000000000
1.912537957 0.000064973 0.500000000 1.000000000
1.950308009 0.000064224 0.500000000 1.000000000
1.909411811 0.000062597 0.500000000 1.000000000
1.909411811 0.000062597 0.500000000 1.000000000
1.909411811 0.000062597 0.500000000 1.000000000
1.855138687 0.000061869 0.500000000 1.000000000
1.846830567 0.000060512 0.500000000 1.000000000
1.740356265 0.000060285 0.500000000 1.000000000
1.740356265 0.000060285 0.500000000 1.000000000
1.664778686 0.000058390 0.500000000 1.000000000
1.664778686 0.000058390 0.500000000 1.000000000
1.664778686 0.000058390 0.500000000 1.000000000
1.752471307 0.000056901 0.500000000 1.000000000
1.752471307 0.000056901 0.500000000 1.000000000
1.752471307 0.000056901 0.500000000 1.000000000
1.752471307 0.000056901 0.500000000 1.000000000
1.683902430 0.000056902 0.500000000 1.000000000
1.683902430 0.000056902 0.500000000 1.000000000
1.550723000 0.000057886 0.500000000 1.000000000
1.523427774 0.000056616 0.500000000 1.000000000
1.523427774 0.000056616 0.500000000 1.000000000
1.505277532 0.000056403 0.500000000 1.000000000
1.505277532 0.000056403 0.500000000 1.000000000
1.505277532 0.000056403 0.500000000 1.000000000
1.505277532 0.000056403 0.500000000 1.000000000
1.505277532 0.000056403 0.500000000 1.000000000
1.505277532 0.000056403 0.500000000 1.000000000
1.451041845 0.000054619 0.500000000 1.000000000
1.451041845 0.000054619 0.500000000 1.000000000
1.450886586 0.000054454 0.500000000 1.000000000
1.442252399 0.000053869 0.500000000 1.000000000
1.346655753 0.000052900 0.500000000 1.000000000
1.346655753 0.000052900 0.500000000 1.000000000
1.346655753 0.000052900 0.500000000 1.000000000
1.346655753 0.000052900 0.500000000 1.000000000
1.346655753 0.000052900 0.500000000 1.000000000
1.346655753 0.000052900 0.500000000 1.000000000
1.346655753 0.000052900 0.500000000 1.000000000
1.313492095 0.000053329 0.500000000 1.000000000
1.313492095 0.000053329 0.500000000 1.000000000
1.313492095 0.000053329 0.500000000 1.000000000
1.313492095 0.000053329 0.500000000 1.000000000
1.313492095 0.000053329 0.500000000 1.000000000
1.313492095 0.000053329 0.500000000 1.000000000
1.313492095 0.000053329 0.500000000 1.000000000
1.313492095 0.000053329 0.500000000 1.000000000
1.313492095 0.000053329 0.500000000 1.000000000
1.313492095 0.000053329 0.500000000 1.000000000
1.313492095 0.000053329 0.500000000 1.000000000
1.313492095 0.000053329 0.500000000 1.000000000
1.313492095 0.000053329 0.500000000 1.000000000
1.313492095 0.000053329 0.500000000 1.000000000
1.313492095 0.000053329 0.500000000 1.000000000
1.313492095 0.000053329 0.500000000 1.000000000
1.313492095 0.000053329 0.500000000 1.000000000
1.313492095 0.000053329 0.500000000 1.000000000
1.313492095 0.000053329 0.500000000 1.000000000
1.313492095 0.000053329 0.500000000 1.000000000
1.313492095 0.000053329 0.500000000 1.000000000
1.313492095 0.000053329 0.500000000 1.000000000
1.313492095 0.000053329 0.500000000 1.000000000
1.313492095 0.000053329 0.500000000 1.000000000
1.313492095 0.000053329 0.500000000 1.000000000
1.313492095 0.000053329 0.500000000 1.000000000
1.313492095 0.000053329 0.500000000 1.000000000
1.313492095 0.000053329 0.500000000 1.000000000
1.313492095 0.000053329 0.500000000 1.000000000
1.313492095 0.000053329 0.500000000 1.000000000
1.313492095 0.000053329 0.500000000 1.000000000
1.313492095 0.000053329 0.500000000 1.000000000
1.313492095 0.000053329 0.500000000 1.000000000
1.313492095 0.000053329 0.500000000 1.000000000
1.313492095 0.000053329 0.500000000 1.000000000
1.313492095 0.000053329 0.500000000 1.000000000
1.313492095 0.000053329 0.500000000 1.000000000
1.313492095 0.000053329 0.500000000 1.000000000
1.313492095 0.000053329 0.500000000 1.000000000
1.313492095 0.000053329 0.500000000 1.000000000
1.313492095 0.000053329 0.500000000 1.000000000
1.313492095 0.000053329 0.500000000 1.000000000
1.313492095 0.000053329 0.500000000 1.000000000
1.313492095 0.000053329 0.500000000 1.000000000
1.313492095 0.000053329 0.500000000 1.000000000
1.313492095 0.000053329 0.500000000 1.000000000
1.298070528 0.000053789 0.500000000 1.000000000
1.304802203 0.000053737 0.500000000 1.000000000
1.304802203 0.000053737 0.500000000 1.000000000
1.304802203 0.000053737 0.500000000 1.000000000
1.304802203 0.000053737 0.500000000 1.000000000
1.304802203 0.000053737 0.500000000 1.000000000
1.304802203 0.000053737 0.500000000 1.000000000
1.304802203 0.000053737 0.500000000 1.000000000
1.967092855 0.000066946 0.500000000 1.000000000
1.967092855 0.000066946 0.500000000 1.000000000
1.967092855 0.000066946 0.500000000 1.000000000
1.967092855 0.000066946 0.500000000 1.000000000
1.967092855 0.000066946 0.500000000 1.000000000
1.967092855 0.000066946 0.500000000 1.000000000
1.956938666 0.000066060 0.500000000 1.000000000
1.946560022 0.000066113 0.500000000 1.000000000
1.946560022 0.000066113 0.500000000 1.000000000
1.946560022 0.000066113 0.500000000 1.000000000
1.903601358 0.000065163 0.500000000 1.000000000
1.865999447 0.000064712 0.500000000 1.000000000
1.905297819 0.000063340 0.500000000 1.000000000
1.905297819 0.000063340 0.500000000 1.000000000
1.905297819 0.000063340 0.500000000 1.000000000
1.841649836 0.000063463 0.500000000 1.000000000
1.760739059 0.000062989 0.500000000 1.000000000
1.760739059 0.000062989 0.500000000 1.000000000
1.709881809 0.000063394 0.500000000 1.000000000
1.693121589 0.000062571 0.500000000 1.000000000
1.658519744 0.000061999 0.500000000 1.000000000
1.658519744 0.000061999 0.500000000 1.000000000
1.556490801 0.000062241 0.500000000 1.000000000
1.513350146 0.000061812 0.500000000 1.000000000
1.444567917 0.000063167 0.500000000 1.000000000
1.444567917 0.000063167 0.500000000 1.000000000
1.348336950 0.000063939 0.500000000 1.000000000
1.348336950 0.000063939 0.500000000 1.000000000
1.348336950 0.000063939 0.500000000 1.000000000
1.348336950 0.000063939 0.500000000 1.000000000
1.348336950 0.000063939 0.500000000 1.000000000
1.348336950 0.000063939 0.500000000 1.000000000
1.348336950 0.000063939 0.500000000 1.000000000
1.272653368 0.000062116 0.500000000 1.000000000
1.272653368 0.000062116 0.500000000 1.000000000
1.155771286 0.000061944 0.500000000 1.000000000
1.100102551 0.000060058 0.500000000 1.000000000
1.100102551 0.000060058 0.500000000 1.000000000
1.100102551 0.000060058 0.500000000 1.000000000
1.100102551 0.000060058 0.500000000 1.000000000
1.017602792 0.000059970 0.500000000 1.000000000
1.017602792 0.000059970 0.500000000 1.000000000
1.017602792 0.000059970 0.500000000 1.000000000
1.015495114 0.000060595 0.500000000 1.000000000
1.015495114 0.000060595 0.500000000 1.000000000
1.015495114 0.000060595 0.500000000 1.000000000
1.045035071 0.000060034 0.500000000 1.000000000
1.045035071 0.000060034 0.500000000 1.000000000
1.045035071 0.000060034 0.500000000 1.000000000
1.045035071 0.000060034 0.500000000 1.000000000
1.045035071 0.000060034 0.500000000 1.000000000
1.045035071 0.000060034 0.500000000 1.000000000
1.045035071 0.000060034 0.500000000 1.000000000
1.045035071 0.000060034 0.500000000 1.000000000
1.045035071 0.000060034 0.500000000 1.000000000
1.045035071 0.000060034 0.500000000 1.000000000
1.045035071 0.000060034 0.500000000 1.000000000
1.045035071 0.000060034 0.500000000 1.000000000
1.045035071 0.000060034 0.500000000 1.000000000
1.045035071 0.000060034 0.500000000 1.000000000
1.045035071 0.000060034 0.500000000 1.000000000
1.045035071 0.000060034 0.500000000 1.000000000
1.045035071 0.000060034 0.500000000 1.000000000
1.045035071 0.000060034 0.500000000 1.000000000
1.045035071 0.000060034 0.500000000 1.000000000
1.045035071 0.000060034 0.500000000 1.000000000
1.045035071 0.000060034 0.500000000 1.000000000
1.045035071 0.000060034 0.500000000 1.000000000
1.045035071 0.000060034 0.500000000 1.000000000
1.049506740 0.000059898 0.500000000 1.000000000
1.049506740 0.000059898 0.500000000 1.000000000
1.049506740 0.000059898 0.500000000 1.000000000
1.049506740 0.000059898 0.500000000 1.000000000
1.049506740 0.000059898 0.500000000 1.000000000
1.049506740 0.000059898 0.500000000 1.000000000
1.049506740 0.000059898 0.500000000 1.000000000
1.049506740 0.000059898 0.500000000 1.000000000
1.049506740 0.000059898 0.500000000 1.000000000
1.049506740 0.000059898 0.500000000 1.000000000
1.049506740 0.000059898 0.500000000 1.000000000
1.049506740 0.000059898 0.500000000 1.000000000
1.049506740 0.000059898 0.500000000 1.000000000
1.049506740 0.000059898 0.500000000 1.000000000
1.049506740 0.000059898 0.500000000 1.000000000
1.049506740 0.000059898 0.500000000 1.000000000
1.049506740 0.000059898 0.500000000 1.000000000
1.049506740 0.000059898 0.500000000 1.000000000
1.049506740 0.000059898 0.500000000 1.000000000
1.049506740 0.000059898 0.500000000 1.000000000
1.049506740 0.000059898 0.500000000 1.000000000
1.049506740 0.000059898 0.500000000 1.000000000
1.049506740 0.000059898 0.500000000 1.000000000
1.049506740 0.000059898 0.500000000 1.000000000
1.049506740 0.000059898 0.500000000 1.000000000
1.049506740 0.000059898 0.500000000 1.000000000
1.049506740 0.000059898 0.500000000 1.000000000
1.049506740 0.000059898 0.500000000 1.000000000
1.049506740 0.000059898 0.500000000 1.000000000
1.049506740 0.000059898 0.500000000 1.000000000
1.049506740 0.000059898 0.500000000 1.000000000
1.956810553 0.000066996 0.500000000 1.000000000
1.958931596 0.000066192 0.500000000 1.000000000
1.938259067 0.000065663 0.500000000 1.000000000
1.938259067 0.000065663 0.500000000 1.000000000
1.938259067 0.000065663 0.500000000 1.000000000
1.938259067 0.000065663 0.500000000 1.000000000
1.810567474 0.000065185 0.500000000 1.000000000
1.889348486 0.000063703 0.500000000 1.000000000
1.889348486 0.000063703 0.500000000 1.000000000
1.889348486 0.000063703 0.500000000 1.000000000
1.891815727 0.000063561 0.500000000 1.000000000
1.891815727 0.000063561 0.500000000 1.000000000
1.891815727 0.000063561 0.500000000 1.000000000
1.903979388 0.000062774 0.500000000 1.000000000
1.850827674 0.000061898 0.500000000 1.000000000
1.850827674 0.000061898 0.500000000 1.000000000
1.850827674 0.000061898 0.500000000 1.000000000
1.850827674 0.000061898 0.500000000 1.000000000
1.850827674 0.000061898 0.500000000 1.000000000
1.850827674 0.000061898 0.500000000 1.000000000
1.850827674 0.000061898 0.500000000 1.000000000
1.850827674 0.000061898 0.500000000 1.000000000
1.775217900 0.000063006 0.500000000 1.000000000
1.775217900 0.000063006 0.500000000 1.000000000
1.775217900 0.000063006 0.500000000 1.000000000
1.775217900 0.000063006 0.500000000 1.000000000
1.732021205 0.000062652 0.500000000 1.000000000
1.732021205 0.000062652 0.500000000 1.000000000
1.637609934 0.000063236 0.500000000 1.000000000
1.637609934 0.000063236 0.500000000 1.000000000
1.649350817 0.000062287 0.500000000 1.000000000
1.581815009 0.000062159 0.500000000 1.000000000
1.562673527 0.000061150 0.500000000 1.000000000
1.562673527 0.000061150 0.500000000 1.000000000
1.562673527 0.000061150 0.500000000 1.000000000
1.562673527 0.000061150 0.500000000 1.000000000
1.562673527 0.000061150 0.500000000 1.000000000
1.466868924 0.000060944 0.500000000 1.000000000
1.466868924 0.000060944 0.500000000 1.000000000
1.466868924 0.000060944 0.500000000 1.000000000
1.440943000 0.000059738 0.500000000 1.000000000
1.440943000 0.000059738 0.500000000 1.000000000
1.446662834 0.000059031 0.500000000 1.000000000
1.446662834 0.000059031 0.500000000 1.000000000
1.446662834 0.000059031 0.500000000 1.000000000
1.370992638 0.000060332 0.500000000 1.000000000
1.370992638 0.000060332 0.500000000 1.000000000
1.337756887 0.000059814 0.500000000 1.000000000
1.166915385 0.000059420 0.500000000 1.000000000
1.166915385 0.000059420 0.500000000 1.000000000
1.130738646 0.000059808 0.500000000 1.000000000
1.072543104 0.000058705 0.500000000 1.000000000
1.072543104 0.000058705 0.500000000 1.000000000
1.072543104 0.000058705 0.500000000 1.000000000
1.072543104 0.000058705 0.500000000 1.000000000
1.072543104 0.000058705 0.500000000 1.000000000
1.072543104 0.000058705 0.500000000 1.000000000
1.072543104 0.000058705 0.500000000 1.000000000
1.072543104 0.000058705 0.500000000 1.000000000
1.072543104 0.000058705 0.500000000 1.000000000
1.072543104 0.000058705 0.500000000 1.000000000
1.072543104 0.000058705 0.500000000 1.000000000
1.072543104 0.000058705 0.500000000 1.000000000
1.078939880 0.000058831 0.500000000 1.000000000
1.078939880 0.000058831 0.500000000 1.000000000
1.078939880 0.000058831 0.500000000 1.000000000
1.078939880 0.000058831 0.500000000 1.000000000
1.078939880 0.000058831 0.500000000 1.000000000
1.078939880 0.000058831 0.500000000 1.000000000
1.078939880 0.000058831 0.500000000 1.000000000
1.078939880 0.000058831 0.500000000 1.000000000
1.078939880 0.000058831 0.500000000 1.000000000
1.078939880 0.000058831 0.500000000 1.000000000
1.078939880 0.000058831 0.500000000 1.000000000
1.078939880 0.000058831 0.500000000 1.000000000
1.078939880 0.000058831 0.500000000 1.000000000
1.078939880 0.000058831 0.500000000 1.000000000
1.078939880 0.000058831 0.500000000 1.000000000
1.078939880 0.000058831 0.500000000 1.000000000
1.078939880 0.000058831 0.500000000 1.000000000
1.078939880 0.000058831 0.500000000 1.000000000
1.078939880 0.000058831 0.500000000 1.000000000
1.078939880 0.000058831 0.500000000 1.000000000
1.068780042 0.000059117 0.500000000 1.000000000
1.068780042 0.000059117 0.500000000 1.000000000
1.068780042 0.000059117 0.500000000 1.000000000
1.068780042 0.000059117 0.500000000 1.000000000
1.068780042 0.000059117 0.500000000 1.000000000
1.068780042 0.000059117 0.500000000 1.000000000
1.068780042 0.000059117 0.500000000 1.000000000
1.068780042 0.000059117 0.500000000 1.000000000
1.068780042 0.000059117 0.500000000 1.000000000
1.068780042 0.000059117 0.500000000 1.000000000
1.068780042 0.000059117 0.500000000 1.000000000
1.068780042 0.000059117 0.500000000 1.000000000
1.068780042 0.000059117 0.500000000 1.000000000
1.068780042 0.000059117 0.500000000 1.000000000
1.068780042 0.000059117 0.500000000 1.000000000
