0.000000000 0.000000000 0.000000000 0.000000000
1.818651830 0.000032214 0.500000000 1.000000000
1.855449694 0.000032206 0.500000000 1.000000000
1.915666967 0.000032101 0.500000000 1.000000000
1.915666967 0.000032101 0.500000000 1.000000000
1.915666967 0.000032101 0.500000000 1.000000000
1.915666967 0.000032101 0.500000000 1.000000000
1.915666967 0.000032101 0.500000000 1.000000000
1.944174222 0.000032559 0.500000000 1.000000000
2.009074366 0.000033154 0.500000000 1.000000000
2.009074366 0.000033154 0.500000000 1.000000000
2.009074366 0.000033154 0.500000000 1.000000000
2.064530357 0.000033304 0.500000000 1.000000000
2.064530357 0.000033304 0.500000000 1.000000000
2.064312659 0.000033524 0.500000000 1.000000000
2.064312659 0.000033524 0.500000000 1.000000000
2.064312659 0.000033524 0.500000000 1.000000000
2.078471411 0.000033813 0.500000000 1.000000000
2.078471411 0.000033813 0.500000000 1.000000000
2.112291505 0.000034101 0.500000000 1.000000000
2.112291505 0.000034101 0.500000000 1.000000000
2.112291505 0.000034101 0.500000000 1.000000000
2.100585593 0.000034566 0.500000000 1.000000000
2.100585593 0.000034566 0.500000000 1.000000000
2.128919318 0.000034648 0.500000000 1.000000000
2.129160725 0.000034784 0.500000000 1.000000000
2.151976814 0.000034655 0.500000000 1.000000000
2.151976814 0.000034655 0.500000000 1.000000000
2.151976814 0.000034655 0.500000000 1.000000000
2.151976814 0.000034655 0.500000000 1.000000000
2.125363515 0.000034931 0.500000000 1.000000000
2.117555043 0.000035176 0.500000000 1.000000000
2.117555043 0.000035176 0.500000000 1.000000000
2.139196307 0.000035380 0.500000000 1.000000000
2.144109367 0.000035569 0.500000000 1.000000000
2.144109367 0.000035569 0.500000000 1.000000000
2.184852215 0.000035466 0.500000000 1.000000000
2.151725900 0.000035740 0.500000000 1.000000000
2.145572911 0.000036423 0.500000000 1.000000000
2.145572911 0.000036423 0.500000000 1.000000000
2.145572911 0.000036423 0.500000000 1.000000000
2.185777657 0.000036662 0.500000000 1.000000000
2.168244651 0.000036926 0.500000000 1.000000000
2.162930762 0.000037704 0.500000000 1.000000000
2.172029815 0.000037834 0.500000000 1.000000000
2.132918153 0.000038888 0.500000000 1.000000000
2.160853907 0.000039116 0.500000000 1.000000000
2.115597718 0.000039521 0.500000000 1.000000000
2.115597718 0.000039521 0.500000000 1.000000000
2.100784357 0.000039719 0.500000000 1.000000000
2.100784357 0.000039719 0.500000000 1.000000000
2.100784357 0.000039719 0.500000000 1.000000000
2.121520544 0.000040242 0.500000000 1.000000000
2.136027660 0.000040723 0.500000000 1.000000000
2.176520026 0.000041332 0.500000000 1.000000000
2.183613958 0.000041459 0.500000000 1.000000000
2.161394106 0.000041432 0.500000000 1.000000000
2.161394106 0.000041432 0.500000000 1.000000000
2.161394106 0.000041432 0.500000000 1.000000000
2.161394106 0.000041432 0.500000000 1.000000000
2.192951267 0.000041453 0.500000000 1.000000000
2.192951267 0.000041453 0.500000000 1.000000000
2.192951267 0.000041453 0.500000000 1.000000000
2.192951267 0.000041453 0.500000000 1.000000000
2.192951267 0.000041453 0.500000000 1.000000000
2.174393807 0.000041567 0.500000000 1.000000000
2.174393807 0.000041567 0.500000000 1.000000000
2.185674306 0.000041633 0.500000000 1.000000000
2.185674306 0.000041633 0.500000000 1.000000000
2.185674306 0.000041633 0.500000000 1.000000000
2.200127535 0.000041406 0.500000000 1.000000000
2.200127535 0.000041406 0.500000000 1.000000000
2.146685690 0.000041474 0.500000000 1.000000000
2.146685690 0.000041474 0.500000000 1.000000000
2.147780801 0.000041431 0.500000000 1.000000000
2.147780801 0.000041431 0.500000000 1.000000000
2.147780801 0.000041431 0.500000000 1.000000000
2.147780801 0.000041431 0.500000000 1.000000000
2.147780801 0.000041431 0.500000000 1.000000000
2.147780801 0.000041431 0.500000000 1.000000000
2.163344906 0.000041484 0.500000000 1.000000000
2.184328841 0.000041131 0.500000000 1.000000000
2.184328841 0.000041131 0.500000000 1.000000000
2.187624625 0.000040814 0.500000000 1.000000000
2.187624625 0.000040814 0.500000000 1.000000000
2.211927733 0.000041043 0.500000000 1.000000000
2.208056628 0.000041218 0.500000000 1.000000000
2.208056628 0.000041218 0.500000000 1.000000000
2.208056628 0.000041218 0.500000000 1.000000000
2.181565628 0.000041220 0.500000000 1.000000000
2.181565628 0.000041220 0.500000000 1.000000000
2.184484655 0.000041651 0.500000000 1.000000000
2.184484655 0.000041651 0.500000000 1.000000000
2.186435737 0.000041287 0.500000000 1.000000000
2.191679190 0.000040908 0.500000000 1.000000000
2.153736913 0.000041676 0.500000000 1.000000000
2.153736913 0.000041676 0.500000000 1.000000000
2.132408384 0.000041328 0.500000000 1.000000000
2.163387163 0.000041569 0.500000000 1.000000000
2.149331423 0.000041603 0.500000000 1.000000000
2.149331423 0.000041603 0.500000000 1.000000000
2.135351694 0.000041952 0.500000000 1.000000000
1.855863317 0.000032102 0.500000000 1.000000000
1.868672964 0.000032467 0.500000000 1.000000000
1.868672964 0.000032467 0.500000000 1.000000000
1.868672964 0.000032467 0.500000000 1.000000000
1.868672964 0.000032467 0.500000000 1.000000000
1.887417345 0.000032443 0.500000000 1.000000000
1.834969981 0.000033388 0.500000000 1.000000000
1.858985143 0.000034172 0.500000000 1.000000000
1.858985143 0.000034172 0.500000000 1.000000000
1.858985143 0.000034172 0.500000000 1.000000000
1.872882323 0.000034298 0.500000000 1.000000000
1.872882323 0.000034298 0.500000000 1.000000000
1.872882323 0.000034298 0.500000000 1.000000000
1.872882323 0.000034298 0.500000000 1.000000000
1.883684188 0.000034328 0.500000000 1.000000000
1.883684188 0.000034328 0.500000000 1.000000000
1.883684188 0.000034328 0.500000000 1.000000000
1.883684188 0.000034328 0.500000000 1.000000000
1.915192234 0.000035156 0.500000000 1.000000000
1.907184143 0.000035518 0.500000000 1.000000000
1.879079189 0.000035863 0.500000000 1.000000000
1.879079189 0.000035863 0.500000000 1.000000000
1.879079189 0.000035863 0.500000000 1.000000000
1.878692385 0.000036256 0.500000000 1.000000000
1.878692385 0.000036256 0.500000000 1.000000000
1.878692385 0.000036256 0.500000000 1.000000000
1.878692385 0.000036256 0.500000000 1.000000000
1.871821891 0.000037088 0.500000000 1.000000000
1.884616247 0.000036925 0.500000000 1.000000000
1.864261966 0.000037656 0.500000000 1.000000000
1.864261966 0.000037656 0.500000000 1.000000000
1.864261966 0.000037656 0.500000000 1.000000000
1.873387810 0.000037680 0.500000000 1.000000000
1.873387810 0.000037680 0.500000000 1.000000000
1.873387810 0.000037680 0.500000000 1.000000000
1.873387810 0.000037680 0.500000000 1.000000000
1.873387810 0.000037680 0.500000000 1.000000000
1.873387810 0.000037680 0.500000000 1.000000000
1.952181636 0.000037971 0.500000000 1.000000000
1.990180567 0.000038165 0.500000000 1.000000000
1.990180567 0.000038165 0.500000000 1.000000000
1.990180567 0.000038165 0.500000000 1.000000000
2.011987366 0.000038404 0.500000000 1.000000000
2.017660594 0.000038368 0.500000000 1.000000000
2.001913428 0.000038522 0.500000000 1.000000000
2.001913428 0.000038522 0.500000000 1.000000000
2.001913428 0.000038522 0.500000000 1.000000000
2.061710865 0.000038365 0.500000000 1.000000000
2.065662147 0.000038496 0.500000000 1.000000000
2.065662147 0.000038496 0.500000000 1.000000000
2.065662147 0.000038496 0.500000000 1.000000000
2.065662147 0.000038496 0.500000000 1.000000000
2.065662147 0.000038496 0.500000000 1.000000000
2.065662147 0.000038496 0.500000000 1.000000000
2.065662147 0.000038496 0.500000000 1.000000000
2.065662147 0.000038496 0.500000000 1.000000000
2.065662147 0.000038496 0.500000000 1.000000000
2.055044374 0.000038602 0.500000000 1.000000000
2.084354334 0.000038825 0.500000000 1.000000000
2.084354334 0.000038825 0.500000000 1.000000000
2.087900366 0.000038654 0.500000000 1.000000000
2.103243213 0.000038676 0.500000000 1.000000000
2.103243213 0.000038676 0.500000000 1.000000000
2.103243213 0.000038676 0.500000000 1.000000000
2.144269177 0.000039245 0.500000000 1.000000000
2.135967951 0.000039544 0.500000000 1.000000000
2.179933820 0.000039569 0.500000000 1.000000000
2.179933820 0.000039569 0.500000000 1.000000000
2.179933820 0.000039569 0.500000000 1.000000000
2.179933820 0.000039569 0.500000000 1.000000000
2.179933820 0.000039569 0.500000000 1.000000000
2.179933820 0.000039569 0.500000000 1.000000000
2.179933820 0.000039569 0.500000000 1.000000000
2.200729941 0.000039921 0.500000000 1.000000000
2.169012622 0.000040320 0.500000000 1.000000000
2.169012622 0.000040320 0.500000000 1.000000000
2.169012622 0.000040320 0.500000000 1.000000000
2.169012622 0.000040320 0.500000000 1.000000000
2.165099383 0.000040672 0.500000000 1.000000000
2.165099383 0.000040672 0.500000000 1.000000000
2.165099383 0.000040672 0.500000000 1.000000000
2.165099383 0.000040672 0.500000000 1.000000000
2.165099383 0.000040672 0.500000000 1.000000000
2.165099383 0.000040672 0.500000000 1.000000000
2.165099383 0.000040672 0.500000000 1.000000000
2.159523518 0.000040844 0.500000000 1.000000000
2.138777184 0.000042154 0.500000000 1.000000000
2.138777184 0.000042154 0.500000000 1.000000000
2.138777184 0.000042154 0.500000000 1.000000000
2.112899666 0.000041785 0.500000000 1.000000000
2.120788788 0.000041808 0.500000000 1.000000000
2.120788788 0.000041808 0.500000000 1.000000000
2.118945346 0.000041988 0.500000000 1.000000000
2.118945346 0.000041988 0.500000000 1.000000000
2.118945346 0.000041988 0.500000000 1.000000000
2.118945346 0.000041988 0.500000000 1.000000000
2.118945346 0.000041988 0.500000000 1.000000000
2.118945346 0.000041988 0.500000000 1.000000000
2.140819195 0.000041653 0.500000000 1.000000000
2.140819195 0.000041653 0.500000000 1.000000000
1.861289551 0.000032362 0.500000000 1.000000000
1.861289551 0.000032362 0.500000000 1.000000000
1.861289551 0.000032362 0.500000000 1.000000000
1.884226187 0.000033217 0.500000000 1.000000000
1.884226187 0.000033217 0.500000000 1.000000000
1.884226187 0.000033217 0.500000000 1.000000000
1.942369771 0.000032967 0.500000000 1.000000000
1.933775580 0.000033091 0.500000000 1.000000000
1.933775580 0.000033091 0.500000000 1.000000000
1.933775580 0.000033091 0.500000000 1.000000000
1.933775580 0.000033091 0.500000000 1.000000000
1.956834432 0.000033296 0.500000000 1.000000000
1.914865174 0.000033676 0.500000000 1.000000000
1.941814606 0.000033592 0.500000000 1.000000000
1.976156430 0.000033655 0.500000000 1.000000000
1.991155883 0.000033906 0.500000000 1.000000000
1.991155883 0.000033906 0.500000000 1.000000000
2.027574845 0.000034269 0.500000000 1.000000000
2.012884312 0.000034450 0.500000000 1.000000000
2.012884312 0.000034450 0.500000000 1.000000000
2.001957674 0.000034566 0.500000000 1.000000000
2.038211200 0.000035066 0.500000000 1.000000000
2.065993794 0.000034938 0.500000000 1.000000000
2.126651825 0.000034748 0.500000000 1.000000000
2.126651825 0.000034748 0.500000000 1.000000000
2.126542762 0.000035198 0.500000000 1.000000000
2.173597889 0.000035096 0.500000000 1.000000000
2.173597889 0.000035096 0.500000000 1.000000000
2.163138516 0.000035699 0.500000000 1.000000000
2.163138516 0.000035699 0.500000000 1.000000000
2.162438137 0.000035718 0.500000000 1.000000000
2.162438137 0.000035718 0.500000000 1.000000000
2.191449779 0.000036372 0.500000000 1.000000000
2.191449779 0.000036372 0.500000000 1.000000000
2.191449779 0.000036372 0.500000000 1.000000000
2.248423717 0.000036101 0.500000000 1.000000000
2.248423717 0.000036101 0.500000000 1.000000000
2.248423717 0.000036101 0.500000000 1.000000000
2.248423717 0.000036101 0.500000000 1.000000000
2.248423717 0.000036101 0.500000000 1.000000000
2.256713727 0.000036247 0.500000000 1.000000000
2.239955076 0.000036990 0.500000000 1.000000000
2.308611319 0.000036920 0.500000000 1.000000000
2.308611319 0.000036920 0.500000000 1.000000000
2.308611319 0.000036920 0.500000000 1.000000000
2.338587159 0.000036980 0.500000000 1.000000000
2.353114969 0.000037246 0.500000000 1.000000000
2.353114969 0.000037246 0.500000000 1.000000000
2.353114969 0.000037246 0.500000000 1.000000000
2.353114969 0.000037246 0.500000000 1.000000000
2.353430048 0.000037775 0.500000000 1.000000000
2.378661636 0.000038170 0.500000000 1.000000000
2.437036186 0.000037983 0.500000000 1.000000000
2.486640734 0.000038380 0.500000000 1.000000000
2.486640734 0.000038380 0.500000000 1.000000000
2.486640734 0.000038380 0.500000000 1.000000000
2.478231840 0.000038597 0.500000000 1.000000000
2.478231840 0.000038597 0.500000000 1.000000000
2.478231840 0.000038597 0.500000000 1.000000000
2.473060982 0.000038837 0.500000000 1.000000000
2.493002998 0.000038612 0.500000000 1.000000000
2.493002998 0.000038612 0.500000000 1.000000000
2.493002998 0.000038612 0.500000000 1.000000000
2.511206188 0.000038812 0.500000000 1.000000000
2.511206188 0.000038812 0.500000000 1.000000000
2.485619378 0.000038702 0.500000000 1.000000000
2.485619378 0.000038702 0.500000000 1.000000000
2.485619378 0.000038702 0.500000000 1.000000000
2.520104237 0.000038471 0.500000000 1.000000000
2.520104237 0.000038471 0.500000000 1.000000000
2.515543419 0.000038153 0.500000000 1.000000000
2.466129087 0.000038622 0.500000000 1.000000000
2.476232506 0.000039031 0.500000000 1.000000000
2.472965870 0.000038607 0.500000000 1.000000000
2.472965870 0.000038607 0.500000000 1.000000000
2.431656836 0.000039149 0.500000000 1.000000000
2.431656836 0.000039149 0.500000000 1.000000000
2.424411940 0.000039246 0.500000000 1.000000000
2.424411940 0.000039246 0.500000000 1.000000000
2.424411940 0.000039246 0.500000000 1.000000000
2.457866860 0.000039220 0.500000000 1.000000000
2.457866860 0.000039220 0.500000000 1.000000000
2.457866860 0.000039220 0.500000000 1.000000000
2.457866860 0.000039220 0.500000000 1.000000000
2.457866860 0.000039220 0.500000000 1.000000000
2.457866860 0.000039220 0.500000000 1.000000000
2.435130454 0.000038983 0.500000000 1.000000000
2.435130454 0.000038983 0.500000000 1.000000000
2.435130454 0.000038983 0.500000000 1.000000000
2.450504112 0.000038778 0.500000000 1.000000000
2.450504112 0.000038778 0.500000000 1.000000000
2.473404939 0.000039001 0.500000000 1.000000000
2.435640747 0.000039155 0.500000000 1.000000000
2.435640747 0.000039155 0.500000000 1.000000000
2.417768637 0.000038982 0.500000000 1.000000000
2.417768637 0.000038982 0.500000000 1.000000000
2.417768637 0.000038982 0.500000000 1.000000000
2.417768637 0.000038982 0.500000000 1.000000000
2.417768637 0.000038982 0.500000000 1.000000000
2.433917104 0.000039187 0.500000000 1.000000000
1.820103340 0.000032349 0.500000000 1.000000000
1.820103340 0.000032349 0.500000000 1.000000000
1.820103340 0.000032349 0.500000000 1.000000000
1.820103340 0.000032349 0.500000000 1.000000000
1.823567525 0.000032886 0.500000000 1.000000000
1.823567525 0.000032886 0.500000000 1.000000000
1.823567525 0.000032886 0.500000000 1.000000000
1.823567525 0.000032886 0.500000000 1.000000000
1.894925868 0.000032898 0.500000000 1.000000000
1.929572349 0.000033108 0.500000000 1.000000000
1.934928075 0.000033612 0.500000000 1.000000000
1.953563824 0.000033906 0.500000000 1.000000000
1.983416762 0.000033917 0.500000000 1.000000000
1.983416762 0.000033917 0.500000000 1.000000000
1.983416762 0.000033917 0.500000000 1.000000000
1.983416762 0.000033917 0.500000000 1.000000000
1.964156515 0.000034229 0.500000000 1.000000000
1.950651705 0.000034375 0.500000000 1.000000000
1.950651705 0.000034375 0.500000000 1.000000000
1.994040305 0.000034354 0.500000000 1.000000000
1.994040305 0.000034354 0.500000000 1.000000000
2.060815826 0.000034931 0.500000000 1.000000000
2.084042519 0.000035089 0.500000000 1.000000000
2.084042519 0.000035089 0.500000000 1.000000000
2.084042519 0.000035089 0.500000000 1.000000000
2.084042519 0.000035089 0.500000000 1.000000000
2.119998924 0.000035113 0.500000000 1.000000000
2.119998924 0.000035113 0.500000000 1.000000000
2.119998924 0.000035113 0.500000000 1.000000000
2.119998924 0.000035113 0.500000000 1.000000000
2.148968246 0.000035692 0.500000000 1.000000000
2.159738882 0.000035627 0.500000000 1.000000000
2.159738882 0.000035627 0.500000000 1.000000000
2.180791226 0.000035933 0.500000000 1.000000000
2.180791226 0.000035933 0.500000000 1.000000000
2.180791226 0.000035933 0.500000000 1.000000000
2.236168480 0.000036130 0.500000000 1.000000000
2.236168480 0.000036130 0.500000000 1.000000000
2.236168480 0.000036130 0.500000000 1.000000000
2.210135480 0.000036418 0.500000000 1.000000000
2.210135480 0.000036418 0.500000000 1.000000000
2.182726976 0.000036717 0.500000000 1.000000000
2.182726976 0.000036717 0.500000000 1.000000000
2.178534420 0.000036874 0.500000000 1.000000000
2.178534420 0.000036874 0.500000000 1.000000000
2.234634318 0.000037398 0.500000000 1.000000000
2.300939016 0.000037487 0.500000000 1.000000000
2.300939016 0.000037487 0.500000000 1.000000000
2.300939016 0.000037487 0.500000000 1.000000000
2.300939016 0.000037487 0.500000000 1.000000000
2.300939016 0.000037487 0.500000000 1.000000000
2.300939016 0.000037487 0.500000000 1.000000000
2.300939016 0.000037487 0.500000000 1.000000000
2.312463151 0.000037735 0.500000000 1.000000000
2.309672228 0.000037855 0.500000000 1.000000000
2.309672228 0.000037855 0.500000000 1.000000000
2.309672228 0.000037855 0.500000000 1.000000000
2.309672228 0.000037855 0.500000000 1.000000000
2.339009507 0.000038331 0.500000000 1.000000000
2.367170548 0.000037924 0.500000000 1.000000000
2.440815908 0.000037596 0.500000000 1.000000000
2.505672864 0.000037412 0.500000000 1.000000000
2.505672864 0.000037412 0.500000000 1.000000000
2.505672864 0.000037412 0.500000000 1.000000000
2.574395349 0.000037534 0.500000000 1.000000000
2.574395349 0.000037534 0.500000000 1.000000000
2.533235248 0.000038351 0.500000000 1.000000000
2.533235248 0.000038351 0.500000000 1.000000000
2.556069119 0.000037876 0.500000000 1.000000000
2.553150551 0.000037900 0.500000000 1.000000000
2.536774169 0.000038036 0.500000000 1.000000000
2.536774169 0.000038036 0.500000000 1.000000000
2.584049743 0.000038178 0.500000000 1.000000000
2.584049743 0.000038178 0.500000000 1.000000000
2.614923449 0.000037764 0.500000000 1.000000000
2.614923449 0.000037764 0.500000000 1.000000000
2.613306484 0.000037992 0.500000000 1.000000000
2.605776894 0.000037675 0.500000000 1.000000000
2.605776894 0.000037675 0.500000000 1.000000000
2.604147425 0.000038011 0.500000000 1.000000000
2.618277942 0.000038031 0.500000000 1.000000000
2.618277942 0.000038031 0.500000000 1.000000000
2.618277942 0.000038031 0.500000000 1.000000000
2.580394903 0.000038067 0.500000000 1.000000000
2.522643889 0.000038397 0.500000000 1.000000000
2.491672166 0.000038339 0.500000000 1.000000000
2.509686379 0.000038574 0.500000000 1.000000000
2.553731992 0.000038429 0.500000000 1.000000000
2.553731992 0.000038429 0.500000000 1.000000000
2.559306291 0.000038248 0.500000000 1.000000000
2.559306291 0.000038248 0.500000000 1.000000000
2.559306291 0.000038248 0.500000000 1.000000000
2.532515939 0.000038252 0.500000000 1.000000000
2.532515939 0.000038252 0.500000000 1.000000000
2.515499038 0.000038497 0.500000000 1.000000000
2.515499038 0.000038497 0.500000000 1.000000000
2.515499038 0.000038497 0.500000000 1.000000000
2.515499038 0.000038497 0.500000000 1.000000000
