0.00 0.00
-8806.94 0.00
-8664.20 0.00
-8622.02 -8622.02
-8557.63 -8557.63
-8503.53 -8503.53
-8450.44 -8450.44
-8388.66 -8388.66
-8360.31 -8360.31
-8359.32 -8359.32
-8435.68 -8359.32
-8243.86 -8243.86
-8188.02 -8188.02
-8309.65 -8188.02
-8162.64 -8162.64
-8189.46 -8162.64
-8193.95 -8162.64
-8242.55 -8162.64
-8162.33 -8162.33
-8159.58 -8159.58
-8243.04 -8159.58
-8105.58 -8105.58
-8235.57 -8105.58
-8096.97 -8096.97
-8114.90 -8096.97
-8139.72 -8096.97
-8093.16 -8093.16
-7991.17 -7991.17
-8140.09 -7991.17
-8048.72 -7991.17
-8131.47 -7991.17
-8069.47 -7991.17
-8019.94 -7991.17
-8112.68 -7991.17
-7995.86 -7991.17
-8039.37 -7991.17
-8111.65 -7991.17
-8152.64 -7991.17
-8107.60 -7991.17
-8172.78 -7991.17
-8142.99 -7991.17
-8106.56 -7991.17
-8094.82 -7991.17
-8220.48 -7991.17
-7994.35 -7991.17
-8015.53 -7991.17
-7917.32 -7917.32
-7976.74 -7917.32
-8067.21 -7917.32
-7870.06 -7870.06
-7904.54 -7870.06
-8019.39 -7870.06
-7964.73 -7870.06
-7984.07 -7870.06
-7737.40 -7737.40
-7585.63 -7585.63
-7902.63 -7585.63
-7591.09 -7585.63
-7510.28 -7510.28
-7680.60 -7510.28
-7539.04 -7510.28
-7505.59 -7505.59
-7548.43 -7505.59
-7563.95 -7505.59
-7813.07 -7505.59
-7586.49 -7505.59
-7493.43 -7493.43
-7493.28 -7493.28
-7664.16 -7493.28
-7859.94 -7493.28
-7450.67 -7450.67
-7444.66 -7444.66
-7505.98 -7444.66
-7247.62 -7247.62
-7525.21 -7247.62
-7377.40 -7247.62
-7391.91 -7247.62
-7496.67 -7247.62
-7389.51 -7247.62
-7324.46 -7247.62
-7344.34 -7247.62
-7229.36 -7229.36
-7169.99 -7169.99
-7446.57 -7169.99
-7203.37 -7169.99
-7222.26 -7169.99
-7244.32 -7169.99
-7214.32 -7169.99
-7413.47 -7169.99
-7047.33 -7047.33
-7451.95 -7047.33
-7308.76 -7047.33
-7132.60 -7047.33
-7269.91 -7047.33
-6981.93 -6981.93
-7270.98 -6981.93
-7081.59 -6981.93
-6985.22 -6981.93
-7115.72 -6981.93
-7081.87 -6981.93
-7872.16 -6981.93
-7232.32 -6981.93
-8578.92 -6981.93
-8574.18 -6981.93
-8591.29 -6981.93
-8464.35 -6981.93
-8417.00 -6981.93
-8671.55 -6981.93
-8474.65 -6981.93
-8488.99 -6981.93
-8666.19 -6981.93
-8545.52 -6981.93
-8516.24 -6981.93
-8521.33 -6981.93
-8512.59 -6981.93
-8531.68 -6981.93
-8595.89 -6981.93
-8631.92 -6981.93
-8456.42 -6981.93
-8571.87 -6981.93
-8758.54 -6981.93
-8562.47 -6981.93
-8577.47 -6981.93
-8537.29 -6981.93
-8598.14 -6981.93
-8587.61 -6981.93
-8666.14 -6981.93
-8624.84 -6981.93
-8509.31 -6981.93
-8587.54 -6981.93
-8576.93 -6981.93
-8722.71 -6981.93
-8506.03 -6981.93
-8516.06 -6981.93
-8753.33 -6981.93
-8527.04 -6981.93
-8670.65 -6981.93
-8657.67 -6981.93
-8500.52 -6981.93
-8576.84 -6981.93
-8609.56 -6981.93
-8683.18 -6981.93
-8654.19 -6981.93
-8652.84 -6981.93
-8582.57 -6981.93
-8715.27 -6981.93
-8684.81 -6981.93
-8658.35 -6981.93
-8523.07 -6981.93
-8596.63 -6981.93
-8590.28 -6981.93
-8572.25 -6981.93
-8669.63 -6981.93
-8561.50 -6981.93
-8638.35 -6981.93
-8604.84 -6981.93
-8632.32 -6981.93
-8630.60 -6981.93
-8507.72 -6981.93
-8525.27 -6981.93
-8520.80 -6981.93
-8514.83 -6981.93
-8516.54 -6981.93
-8520.32 -6981.93
-8547.95 -6981.93
-8633.14 -6981.93
-8603.13 -6981.93
-8511.08 -6981.93
-8584.18 -6981.93
-8656.92 -6981.93
-8568.73 -6981.93
-8611.61 -6981.93
-8561.79 -6981.93
-8637.88 -6981.93
-8525.28 -6981.93
-8597.21 -6981.93
-8622.80 -6981.93
-8627.52 -6981.93
-8536.97 -6981.93
-8514.97 -6981.93
-8466.00 -6981.93
-8586.77 -6981.93
-8571.83 -6981.93
-8586.80 -6981.93
-8649.52 -6981.93
-8516.40 -6981.93
-8541.21 -6981.93
-8535.39 -6981.93
-8576.81 -6981.93
-8628.46 -6981.93
-8580.52 -6981.93
-8607.54 -6981.93
-8675.10 -6981.93
-8506.10 -6981.93
-8536.21 -6981.93
-8596.73 -6981.93
-8562.36 -6981.93
-8596.74 -6981.93
-8683.60 -6981.93
-8658.32 -6981.93
-8666.97 -6981.93
-8552.83 -6981.93
-8526.68 -6981.93
-8597.30 -6981.93
-8558.97 -6981.93
-8576.67 -6981.93
-8589.85 -6981.93
-8516.15 -6981.93
-8462.41 -6981.93
-8532.74 -6981.93
-8544.70 -6981.93
-8628.34 -6981.93
-8606.39 -6981.93
-8577.74 -6981.93
-8571.10 -6981.93
-8697.77 -6981.93
-8548.73 -6981.93
-8595.10 -6981.93
-8484.72 -6981.93
-8631.81 -6981.93
-8497.76 -6981.93
-8446.59 -6981.93
-8537.52 -6981.93
-8534.93 -6981.93
-8689.57 -6981.93
-8593.12 -6981.93
-8537.57 -6981.93
-8596.24 -6981.93
-8510.80 -6981.93
-8583.50 -6981.93
-8532.41 -6981.93
-8611.16 -6981.93
-8524.44 -6981.93
-8489.37 -6981.93
-8525.85 -6981.93
-8593.41 -6981.93
-8453.28 -6981.93
-8573.62 -6981.93
-8606.27 -6981.93
-8608.26 -6981.93
-8758.83 -6981.93
-8564.53 -6981.93
-8616.60 -6981.93
-8603.73 -6981.93
-8496.92 -6981.93
-8564.08 -6981.93
-8567.57 -6981.93
-8469.75 -6981.93
-8582.30 -6981.93
-8540.01 -6981.93
-8665.42 -6981.93
-8594.47 -6981.93
-8599.87 -6981.93
-8657.07 -6981.93
-8600.12 -6981.93
-8499.58 -6981.93
-8491.21 -6981.93
-8719.27 -6981.93
-8535.31 -6981.93
-8598.96 -6981.93
-8610.20 -6981.93
-8484.82 -6981.93
-8582.67 -6981.93
-8594.81 -6981.93
-8508.95 -6981.93
-8545.00 -6981.93
-8634.39 -6981.93
-8538.56 -6981.93
-8537.53 -6981.93
-8549.15 -6981.93
-8565.66 -6981.93
-8519.77 -6981.93
-8676.33 -6981.93
-8566.14 -6981.93
-8541.23 -6981.93
-8581.15 -6981.93
-8499.94 -6981.93
-8540.24 -6981.93
-8596.40 -6981.93
-8590.74 -6981.93
-8528.53 -6981.93
-8544.80 -6981.93
-8580.58 -6981.93
-8535.05 -6981.93
-8561.56 -6981.93
-8623.36 -6981.93
-8626.95 -6981.93
-8630.77 -6981.93
-8506.15 -6981.93
-8585.43 -6981.93
-8628.36 -6981.93
-8582.16 -6981.93
-8501.33 -6981.93
-8666.53 -6981.93
-8627.16 -6981.93
-8619.22 -6981.93
-8625.85 -6981.93
-8590.22 -6981.93
-8645.14 -6981.93
-8639.95 -6981.93
-8611.72 -6981.93
-8543.90 -6981.93
-8588.29 -8588.29
-8577.25 -8577.25
-8581.96 -8577.25
-8526.18 -8526.18
-8526.51 -8526.51
-8500.17 -8500.17
-8585.30 -8500.17
-8446.95 -8446.95
-8631.51 -8446.95
-8541.42 -8446.95
-8405.10 -8405.10
-8437.58 -8405.10
-8457.32 -8405.10
-8425.84 -8405.10
-8358.87 -8358.87
-8437.23 -8358.87
-8385.91 -8358.87
-8411.96 -8358.87
-8403.66 -8358.87
-8325.39 -8325.39
-8289.22 -8289.22
-8213.04 -8213.04
-8127.28 -8127.28
-8061.74 -8061.74
-8107.69 -8061.74
-7954.18 -7954.18
-7969.05 -7954.18
-7828.17 -7828.17
-7905.88 -7828.17
-7836.55 -7828.17
-7860.74 -7828.17
-7914.83 -7828.17
-7961.66 -7828.17
-7769.45 -7769.45
-7921.27 -7769.45
-7801.13 -7769.45
-8099.49 -7769.45
-7577.72 -7577.72
-7548.76 -7548.76
-7709.68 -7548.76
-7488.79 -7488.79
-7497.38 -7488.79
-7616.99 -7488.79
-7533.47 -7488.79
-7628.38 -7488.79
-7507.21 -7488.79
-7669.98 -7488.79
-7568.38 -7488.79
-7559.70 -7488.79
-7540.63 -7488.79
-7619.69 -7488.79
-7391.26 -7391.26
-7312.62 -7312.62
-7427.23 -7312.62
-7527.08 -7312.62
-7595.24 -7312.62
-7512.49 -7312.62
-7498.27 -7312.62
-7326.16 -7312.62
-7356.58 -7312.62
-7317.10 -7312.62
-7552.72 -7312.62
-7598.15 -7312.62
-7393.65 -7312.62
-7499.20 -7312.62
-7508.59 -7312.62
-7593.32 -7312.62
-7433.37 -7312.62
-7552.58 -7312.62
-7375.70 -7312.62
-7523.58 -7312.62
-7591.27 -7312.62
-7568.69 -7312.62
-7393.47 -7312.62
-7553.74 -7312.62
-7525.15 -7312.62
-7401.78 -7312.62
-7605.02 -7312.62
-7449.63 -7312.62
-7597.43 -7312.62
-7548.89 -7312.62
-7383.12 -7312.62
-7409.59 -7312.62
-7459.38 -7312.62
-7317.22 -7312.62
-7330.16 -7312.62
-7902.60 -7312.62
-7362.53 -7312.62
-7358.05 -7312.62
-7316.77 -7312.62
-7397.46 -7312.62
-7332.07 -7312.62
-7647.08 -7312.62
-7372.49 -7312.62
-7604.81 -7312.62
-7325.12 -7312.62
-7537.08 -7312.62
-7333.75 -7312.62
-7523.14 -7312.62
-7521.23 -7312.62
-8624.93 -7312.62
-8622.05 -7312.62
-8533.07 -7312.62
-8544.74 -7312.62
-8455.38 -7312.62
-8532.63 -7312.62
-8463.69 -7312.62
-8485.61 -7312.62
-8625.22 -7312.62
-8537.47 -7312.62
-8643.56 -7312.62
-8719.43 -7312.62
-8535.27 -7312.62
-8555.77 -7312.62
-8601.05 -7312.62
-8634.04 -7312.62
-8609.59 -7312.62
-8499.19 -7312.62
-8653.20 -7312.62
-8534.40 -7312.62
-8578.21 -7312.62
-8606.68 -7312.62
-8516.11 -7312.62
-8594.30 -7312.62
-8440.50 -7312.62
-8544.99 -7312.62
-8516.29 -7312.62
-8553.66 -7312.62
-8485.87 -7312.62
-8509.76 -7312.62
-8649.30 -7312.62
-8495.54 -7312.62
-8608.44 -7312.62
-8669.19 -7312.62
-8487.58 -7312.62
-8607.11 -7312.62
-8560.85 -7312.62
-8535.07 -7312.62
-8575.31 -7312.62
-8419.98 -7312.62
-8610.54 -7312.62
-8572.19 -7312.62
-8486.56 -7312.62
-8536.61 -7312.62
-8494.22 -7312.62
-8675.77 -7312.62
-8619.06 -7312.62
-8613.84 -7312.62
-8506.81 -7312.62
-8531.44 -7312.62
-8539.34 -7312.62
-8544.00 -7312.62
-8627.68 -7312.62
-8542.53 -7312.62
-8540.06 -7312.62
-8693.30 -7312.62
-8559.68 -7312.62
-8455.88 -7312.62
-8519.35 -7312.62
-8621.48 -7312.62
-8685.70 -7312.62
-8661.42 -7312.62
-8562.34 -7312.62
-8588.76 -7312.62
-8584.33 -7312.62
-8535.72 -7312.62
-8541.86 -7312.62
-8530.40 -7312.62
-8604.83 -7312.62
-8635.57 -7312.62
-8464.58 -7312.62
-8597.81 -7312.62
-8512.63 -7312.62
-8641.33 -7312.62
-8599.76 -7312.62
-8706.50 -7312.62
-8517.17 -7312.62
-8717.31 -7312.62
-8540.20 -7312.62
-8608.74 -7312.62
-8553.15 -7312.62
-8549.72 -7312.62
-8575.13 -7312.62
-8467.76 -7312.62
-8481.07 -7312.62
-8524.46 -7312.62
-8461.39 -7312.62
-8650.13 -7312.62
-8530.72 -7312.62
-8531.85 -7312.62
-8512.56 -7312.62
-8618.79 -7312.62
-8691.73 -7312.62
-8541.36 -7312.62
-8565.76 -7312.62
-8578.31 -7312.62
-8652.81 -7312.62
-8598.10 -7312.62
-8464.71 -7312.62
-8597.66 -7312.62
-8748.83 -7312.62
-8691.70 -7312.62
-8690.03 -7312.62
-8523.97 -8523.97
-8483.48 -8483.48
-8610.04 -8483.48
-8483.91 -8483.48
-8384.90 -8384.90
-8380.33 -8380.33
-8460.09 -8380.33
-8414.73 -8380.33
-8420.56 -8380.33
-8311.62 -8311.62
-8331.89 -8311.62
-8204.62 -8204.62
-8258.29 -8204.62
-8127.82 -8127.82
-8124.42 -8124.42
-8167.55 -8124.42
-7981.81 -7981.81
-8069.65 -7981.81
-8100.65 -7981.81
-8126.25 -7981.81
-8010.85 -7981.81
-7961.49 -7961.49
-8023.99 -7961.49
-7963.57 -7963.57
-8077.70 -7963.57
-7997.29 -7963.57
-7959.96 -7959.96
-8002.13 -7959.96
-8023.47 -7959.96
-7962.79 -7959.96
-8038.86 -7959.96
-7930.20 -7930.20
-7989.59 -7930.20
-7944.54 -7930.20
-7952.44 -7930.20
-7963.66 -7930.20
-7972.73 -7930.20
-8073.25 -7930.20
-7975.59 -7930.20
-8001.53 -7930.20
-7889.93 -7889.93
-7901.63 -7889.93
-7907.14 -7889.93
-7816.80 -7816.80
-7903.45 -7816.80
-7922.84 -7816.80
-7835.24 -7816.80
-7930.16 -7816.80
-7897.86 -7816.80
-7867.17 -7816.80
-7851.70 -7816.80
-7866.77 -7816.80
-7763.18 -7763.18
-7850.75 -7763.18
-7987.80 -7763.18
-7885.72 -7763.18
-7825.13 -7763.18
-7771.46 -7763.18
-7830.06 -7763.18
-7954.29 -7763.18
-7938.13 -7763.18
-7896.27 -7763.18
-7893.95 -7763.18
-7745.61 -7745.61
-7824.49 -7745.61
-7775.01 -7745.61
-7796.60 -7745.61
-7734.91 -7734.91
-7736.59 -7734.91
-7578.52 -7578.52
-7510.09 -7510.09
-7595.21 -7510.09
-7712.49 -7510.09
-7601.59 -7510.09
-7391.01 -7391.01
-7337.13 -7337.13
-7556.17 -7337.13
-7222.77 -7222.77
-7396.83 -7222.77
-7585.86 -7222.77
-7432.70 -7222.77
-7393.35 -7222.77
-7484.43 -7222.77
-7412.14 -7222.77
-7396.91 -7222.77
-7527.03 -7222.77
-7275.71 -7222.77
-7644.43 -7222.77
-7392.48 -7222.77
-7119.40 -7119.40
-7030.63 -7030.63
-7778.94 -7030.63
-7465.56 -7030.63
-7489.58 -7030.63
-7169.65 -7030.63
-7730.36 -7030.63
-7877.41 -7030.63
-8667.13 -8667.13
-8670.46 -8667.13
-8573.42 -8573.42
-8536.03 -8536.03
-8471.67 -8471.67
-8466.33 -8466.33
-8301.03 -8301.03
-8292.37 -8292.37
-8204.95 -8204.95
-8210.81 -8204.95
-8169.37 -8169.37
-8193.02 -8169.37
-8203.84 -8169.37
-8199.60 -8169.37
-8097.68 -8097.68
-8122.69 -8097.68
-8182.81 -8097.68
-8185.90 -8097.68
-8111.08 -8097.68
-8108.70 -8097.68
-8098.93 -8098.93
-8130.69 -8098.93
-8155.03 -8098.93
-8106.21 -8098.93
-8126.16 -8098.93
-7925.66 -7925.66
-8001.15 -7925.66
-7943.33 -7925.66
-7870.33 -7870.33
-7867.17 -7867.17
-7839.38 -7839.38
-7879.77 -7839.38
-8054.83 -7839.38
-7981.68 -7839.38
-7904.08 -7839.38
-7851.73 -7839.38
-7945.55 -7839.38
-7936.95 -7839.38
-7928.31 -7839.38
-7899.52 -7839.38
-8053.22 -7839.38
-7961.04 -7839.38
-7877.55 -7839.38
-7803.10 -7803.10
-7892.90 -7803.10
-7748.34 -7748.34
-7578.50 -7578.50
-7665.13 -7578.50
-7650.35 -7578.50
-7632.19 -7578.50
-7788.11 -7578.50
-7833.89 -7578.50
-7737.88 -7578.50
-7857.58 -7578.50
-7530.02 -7530.02
-7586.76 -7530.02
-7529.01 -7529.01
-7537.67 -7529.01
-7531.37 -7529.01
-7727.76 -7529.01
-7539.27 -7529.01
-7467.37 -7467.37
-7083.08 -7083.08
-7627.52 -7083.08
-7298.33 -7083.08
-7168.57 -7083.08
-7383.37 -7083.08
-7419.04 -7083.08
-7360.80 -7083.08
-7650.19 -7083.08
-7415.69 -7083.08
-7382.71 -7083.08
-7460.82 -7083.08
-7391.35 -7083.08
-7344.25 -7083.08
-7447.64 -7083.08
-7377.05 -7083.08
-7295.54 -7083.08
-7394.49 -7083.08
-7251.97 -7083.08
-7547.71 -7083.08
-7335.71 -7083.08
-7294.23 -7083.08
-7474.46 -7083.08
-7497.75 -7083.08
-7245.36 -7083.08
-7575.29 -7083.08
-7313.90 -7083.08
-7351.20 -7083.08
-7361.70 -7083.08
-7528.53 -7083.08
-7346.63 -7083.08
-7390.70 -7083.08
-7274.34 -7083.08
-7426.20 -7083.08
-7319.54 -7083.08
-7130.65 -7083.08
-7413.75 -7083.08
-7535.03 -7083.08
-7660.67 -7083.08
-8576.76 -8576.76
-8684.69 -8576.76
-8719.46 -8576.76
-8595.47 -8576.76
-8596.75 -8576.76
-8624.70 -8576.76
-8560.56 -8560.56
-8585.19 -8560.56
-8595.33 -8560.56
-8684.24 -8560.56
-8550.30 -8550.30
-8569.35 -8550.30
-8468.41 -8468.41
-8477.43 -8468.41
-8412.10 -8412.10
-8379.55 -8379.55
-8436.02 -8379.55
-8285.09 -8285.09
-8235.02 -8235.02
-8277.47 -8235.02
-8191.33 -8191.33
-8098.40 -8098.40
-8031.11 -8031.11
-8120.73 -8031.11
-7975.61 -7975.61
-7958.32 -7958.32
-8020.54 -7958.32
-8001.85 -7958.32
-8096.65 -7958.32
-8055.07 -7958.32
-7921.59 -7921.59
-7947.43 -7921.59
-7916.57 -7916.57
-7942.52 -7916.57
-7990.11 -7916.57
-7993.74 -7916.57
-7967.91 -7916.57
-7935.53 -7916.57
-8217.31 -7916.57
-7933.51 -7916.57
-7862.99 -7862.99
-7926.42 -7862.99
-7915.41 -7862.99
-7853.09 -7853.09
-7921.70 -7853.09
-7824.58 -7824.58
-7666.34 -7666.34
-7847.25 -7666.34
-7807.58 -7666.34
-7721.78 -7666.34
-7829.04 -7666.34
-7570.54 -7570.54
-7606.71 -7570.54
-7589.57 -7570.54
-7553.42 -7553.42
-7550.34 -7550.34
-7630.77 -7550.34
-7693.91 -7550.34
-7432.99 -7432.99
-7081.63 -7081.63
-7278.46 -7081.63
-7481.35 -7081.63
-7264.96 -7081.63
-7533.26 -7081.63
-7233.80 -7081.63
-7334.08 -7081.63
-7006.51 -7006.51
-7298.30 -7006.51
-7310.01 -7006.51
-7271.50 -7006.51
-7072.82 -7006.51
-7131.12 -7006.51
-7112.51 -7006.51
-7336.21 -7006.51
-7016.32 -7006.51
-7132.10 -7006.51
-7242.73 -7006.51
-7016.35 -7006.51
-7160.69 -7006.51
-7032.97 -7006.51
-7311.85 -7006.51
-7178.84 -7006.51
-7287.97 -7006.51
-6966.29 -6966.29
-6887.47 -6887.47
-7094.61 -6887.47
-7504.11 -6887.47
-7447.70 -6887.47
-7189.67 -6887.47
-7922.17 -6887.47
-7921.62 -6887.47
-7127.55 -6887.47
-7240.23 -6887.47
-7173.02 -6887.47
-7298.85 -6887.47
-7275.23 -6887.47
-6922.94 -6887.47
-7221.52 -6887.47
-6841.33 -6841.33
-7084.25 -6841.33
-8607.73 -8607.73
-8602.07 -8602.07
-8541.02 -8541.02
-8512.97 -8512.97
-8427.87 -8427.87
-8507.65 -8427.87
-8371.97 -8371.97
-8489.16 -8371.97
-8399.89 -8371.97
-8413.13 -8371.97
-8321.55 -8321.55
-8350.74 -8321.55
-8317.11 -8317.11
-8379.20 -8317.11
-8347.77 -8317.11
-8276.75 -8276.75
-8251.21 -8251.21
-8210.16 -8210.16
-8068.17 -8068.17
-8112.00 -8068.17
-8002.61 -8002.61
-7891.11 -7891.11
-7864.27 -7864.27
-7921.62 -7864.27
-7908.79 -7864.27
-7865.05 -7864.27
-7788.14 -7788.14
-7909.52 -7788.14
-7754.34 -7754.34
-7832.20 -7754.34
-7812.73 -7754.34
-7816.94 -7754.34
-7790.33 -7754.34
-7692.10 -7692.10
-7815.00 -7692.10
-7588.79 -7588.79
-7927.13 -7588.79
-7633.29 -7588.79
-7599.44 -7588.79
-7547.99 -7547.99
-7581.85 -7547.99
-7415.03 -7415.03
-7432.15 -7415.03
-7401.57 -7401.57
-7242.42 -7242.42
-7081.55 -7081.55
-7197.84 -7081.55
-7073.11 -7073.11
-7099.62 -7073.11
-7513.61 -7073.11
-6985.46 -6985.46
-7312.78 -6985.46
-7369.13 -6985.46
-7169.10 -6985.46
-6971.21 -6971.21
-7425.68 -6971.21
-7247.48 -6971.21
-7189.34 -6971.21
-7100.28 -6971.21
-7266.33 -6971.21
-6976.00 -6971.21
-7374.63 -6971.21
-7207.82 -6971.21
-7190.68 -6971.21
-7129.16 -6971.21
-7394.52 -6971.21
-7216.19 -6971.21
-7414.29 -6971.21
-7004.82 -6971.21
-6987.56 -6971.21
-7371.33 -6971.21
-7178.81 -6971.21
-7382.04 -6971.21
-7227.70 -6971.21
-7071.47 -6971.21
-7148.32 -6971.21
-6922.10 -6922.10
-7270.34 -6922.10
-7323.03 -6922.10
-7181.69 -6922.10
-7177.90 -6922.10
-7186.30 -6922.10
-7040.27 -6922.10
-7367.40 -6922.10
-7071.59 -6922.10
-7340.76 -6922.10
-6966.43 -6922.10
-7836.06 -6922.10
-7389.79 -6922.10
-6941.50 -6922.10
-7264.75 -6922.10
-7283.75 -6922.10
-7141.44 -6922.10
-7052.87 -6922.10
-7650.95 -6922.10
-6998.22 -6922.10
-6980.92 -6922.10
-7265.71 -6922.10
-6911.80 -6911.80
-6890.88 -6890.88
-8471.22 -6890.88
-8517.19 -6890.88
-8727.42 -6890.88
-8601.03 -6890.88
-8516.42 -6890.88
-8542.25 -6890.88
-8417.24 -6890.88
-8559.55 -6890.88
-8597.64 -6890.88
-8643.34 -6890.88
-8648.10 -6890.88
-8476.42 -6890.88
-8602.59 -6890.88
-8635.09 -6890.88
-8525.61 -6890.88
-8597.19 -6890.88
-8538.47 -6890.88
-8606.88 -6890.88
-8591.67 -6890.88
-8585.31 -6890.88
-8712.12 -6890.88
-8569.37 -6890.88
-8504.49 -6890.88
-8592.47 -6890.88
-8517.79 -6890.88
-8673.20 -6890.88
-8609.41 -6890.88
-8552.14 -6890.88
-8551.13 -6890.88
-8535.98 -6890.88
-8632.91 -6890.88
-8653.48 -6890.88
-8523.89 -6890.88
-8624.81 -6890.88
-8544.75 -6890.88
-8583.93 -6890.88
-8527.79 -6890.88
-8619.40 -6890.88
-8544.94 -6890.88
-8590.50 -6890.88
-8527.00 -6890.88
-8657.46 -6890.88
-8620.61 -6890.88
-8564.85 -6890.88
-8580.78 -6890.88
-8649.41 -6890.88
-8506.23 -6890.88
-8716.32 -6890.88
-8575.40 -6890.88
-8580.20 -6890.88
-8575.68 -6890.88
-8524.62 -6890.88
-8525.87 -6890.88
-8553.04 -6890.88
-8538.40 -6890.88
-8529.36 -6890.88
-8657.34 -6890.88
-8522.14 -6890.88
-8539.18 -6890.88
-8602.83 -6890.88
-8508.87 -6890.88
-8559.59 -6890.88
-8527.87 -6890.88
-8597.05 -6890.88
-8463.05 -6890.88
-8570.97 -6890.88
-8616.29 -6890.88
-8580.07 -6890.88
-8608.59 -6890.88
-8631.51 -6890.88
-8626.18 -6890.88
-8637.53 -6890.88
-8630.73 -6890.88
-8579.04 -6890.88
-8550.88 -6890.88
-8527.61 -6890.88
-8630.27 -6890.88
-8625.94 -6890.88
-8565.27 -6890.88
-8480.79 -6890.88
-8508.68 -6890.88
-8596.19 -6890.88
-8564.72 -6890.88
-8433.13 -6890.88
-8541.25 -6890.88
-8692.72 -6890.88
-8604.97 -6890.88
-8470.70 -6890.88
-8471.31 -6890.88
-8533.79 -6890.88
-8550.00 -6890.88
-8601.38 -6890.88
-8588.17 -6890.88
-8705.32 -6890.88
-8679.47 -6890.88
-8589.35 -6890.88
-8697.69 -6890.88
-8672.46 -6890.88
