0.00 0.00
-3228.21 -3228.21
-3228.16 -3228.16
-3215.01 -3215.01
-3186.54 -3186.54
-3210.75 -3186.54
-3184.68 -3184.68
-3161.81 -3161.81
-3180.76 -3161.81
-3191.02 -3161.81
-3154.33 -3154.33
-3194.41 -3154.33
-3192.17 -3154.33
-3152.80 -3152.80
-3154.84 -3152.80
-3154.37 -3154.37
-3101.50 -3101.50
-3061.43 -3061.43
-3043.41 -3043.41
-3051.30 -3043.41
-3064.67 -3043.41
-3024.67 -3024.67
-3029.23 -3024.67
-3018.79 -3018.79
-3086.23 -3018.79
-3069.15 -3018.79
-3047.29 -3018.79
-3086.35 -3018.79
-3051.08 -3018.79
-3013.71 -3013.71
-3031.54 -3013.71
-3044.39 -3013.71
-3033.35 -3013.71
-3032.34 -3013.71
-3059.18 -3013.71
-3033.18 -3013.71
-3045.48 -3013.71
-3046.94 -3013.71
-2988.21 -2988.21
-3027.15 -2988.21
-2992.30 -2988.21
-3103.87 -2988.21
-2988.81 -2988.81
-3001.08 -2988.81
-3004.30 -2988.81
-2946.36 -2946.36
-2979.90 -2946.36
-2954.34 -2946.36
-2948.85 -2946.36
-2959.96 -2946.36
-2934.27 -2934.27
-2970.74 -2934.27
-2893.77 -2893.77
-2889.17 -2889.17
-2944.88 -2889.17
-2944.35 -2889.17
-2941.68 -2889.17
-2929.19 -2889.17
-2843.13 -2843.13
-2839.59 -2839.59
-2873.56 -2839.59
-2866.61 -2839.59
-2849.72 -2839.59
-2817.48 -2817.48
-2793.55 -2793.55
-2873.62 -2793.55
-2882.92 -2793.55
-2826.23 -2793.55
-2824.08 -2793.55
-2842.49 -2793.55
-2842.21 -2793.55
-2898.84 -2793.55
-2838.80 -2793.55
-2815.31 -2793.55
-2827.90 -2793.55
-2907.83 -2793.55
-2755.19 -2755.19
-2784.08 -2755.19
-2777.95 -2755.19
-2770.44 -2755.19
-2805.47 -2755.19
-2775.59 -2755.19
-2786.83 -2755.19
-2768.74 -2755.19
-2703.90 -2703.90
-2678.75 -2678.75
-2829.70 -2678.75
-2630.05 -2630.05
-2703.63 -2630.05
-2669.39 -2630.05
-2705.76 -2630.05
-2767.11 -2630.05
-2629.20 -2629.20
-2926.87 -2629.20
-2597.71 -2597.71
-2694.26 -2597.71
-2702.44 -2597.71
-2774.55 -2597.71
-2712.04 -2597.71
-2561.55 -2561.55
-2654.60 -2561.55
-2590.78 -2561.55
-3179.84 -3179.84
-3205.78 -3179.84
-3165.72 -3165.72
-3159.92 -3159.92
-3184.33 -3159.92
-3168.82 -3159.92
-3173.23 -3159.92
-3159.38 -3159.38
-3117.25 -3117.25
-3131.17 -3117.25
-3120.53 -3117.25
-3118.98 -3117.25
-3132.79 -3117.25
-3136.23 -3117.25
-3107.37 -3107.37
-3114.33 -3107.37
-3142.17 -3107.37
-3062.36 -3062.36
-2989.77 -2989.77
-3029.53 -2989.77
-3008.33 -2989.77
-2961.73 -2961.73
-2958.85 -2958.85
-2986.63 -2958.85
-2927.06 -2927.06
-2968.91 -2927.06
-2955.31 -2927.06
-2895.32 -2895.32
-2883.30 -2883.30
-2868.31 -2868.31
-2959.16 -2868.31
-2957.55 -2868.31
-2874.26 -2868.31
-2884.25 -2868.31
-2929.02 -2868.31
-2876.08 -2868.31
-2853.25 -2853.25
-2917.62 -2853.25
-2809.83 -2809.83
-2840.29 -2809.83
-2848.91 -2809.83
-2844.51 -2809.83
-2876.49 -2809.83
-2827.61 -2809.83
-2832.49 -2809.83
-2794.58 -2794.58
-2963.97 -2794.58
-2819.99 -2794.58
-2865.46 -2794.58
-2836.46 -2794.58
-2830.00 -2794.58
-2783.71 -2783.71
-2794.40 -2783.71
-2775.61 -2775.61
-2879.68 -2775.61
-2775.83 -2775.61
-2830.66 -2775.61
-2803.27 -2775.61
-2927.79 -2775.61
-2825.16 -2775.61
-2786.62 -2775.61
-2870.68 -2775.61
-2816.32 -2775.61
-2854.70 -2775.61
-2885.77 -2775.61
-2840.79 -2775.61
-2822.05 -2775.61
-2778.55 -2775.61
-2820.73 -2775.61
-2665.68 -2665.68
-2789.45 -2665.68
-2761.67 -2665.68
-2729.75 -2665.68
-2709.54 -2665.68
-2723.34 -2665.68
-2822.86 -2665.68
-2771.56 -2665.68
-2749.77 -2665.68
-2688.49 -2665.68
-2739.17 -2665.68
-2759.54 -2665.68
-2770.93 -2665.68
-2724.80 -2665.68
-2983.12 -2665.68
-2886.75 -2665.68
-2645.88 -2645.88
-2673.98 -2645.88
-2616.25 -2616.25
-2678.05 -2616.25
-2584.56 -2584.56
-2871.29 -2584.56
-2794.53 -2584.56
-2806.16 -2584.56
-2664.08 -2584.56
-2670.63 -2584.56
-2725.29 -2584.56
-2792.67 -2584.56
-2748.06 -2584.56
-2737.97 -2584.56
-2801.69 -2584.56
-3253.04 -2584.56
-3221.50 -3221.50
-3170.86 -3170.86
-3183.40 -3170.86
-3171.63 -3171.63
-3144.31 -3144.31
-3141.58 -3141.58
-3165.44 -3141.58
-3104.39 -3104.39
-3153.98 -3104.39
-3104.03 -3104.03
-3105.70 -3105.70
-3114.76 -3105.70
-3161.82 -3105.70
-3099.84 -3099.84
-3099.84 -3099.84
-3073.25 -3073.25
-3149.82 -3073.25
-3090.97 -3073.25
-3072.71 -3072.71
-3069.38 -3069.38
-3066.19 -3066.19
-3075.42 -3066.19
-3100.61 -3066.19
-3070.96 -3066.19
-3059.79 -3059.79
-3092.78 -3059.79
-3061.36 -3059.79
-3052.24 -3052.24
-3067.52 -3052.24
-3076.40 -3052.24
-3098.26 -3052.24
-3062.41 -3052.24
-3076.65 -3052.24
-3074.30 -3052.24
-3057.87 -3052.24
-3096.51 -3052.24
-3071.77 -3052.24
-3059.72 -3052.24
-3081.59 -3052.24
-3042.71 -3042.71
-2971.84 -2971.84
-3003.91 -2971.84
-2927.89 -2927.89
-2905.85 -2905.85
-2937.81 -2905.85
-2930.11 -2905.85
-2910.67 -2905.85
-3012.19 -2905.85
-2851.32 -2851.32
-2829.04 -2829.04
-2830.07 -2830.07
-2837.70 -2830.07
-2879.70 -2830.07
-2866.23 -2830.07
-2940.73 -2830.07
-2889.80 -2830.07
-2866.63 -2830.07
-2766.53 -2766.53
-2816.82 -2766.53
-2973.42 -2766.53
-2681.31 -2681.31
-2734.69 -2681.31
-2756.31 -2681.31
-2766.30 -2681.31
-2713.46 -2681.31
-2718.53 -2681.31
-2724.33 -2681.31
-2715.79 -2681.31
-2722.33 -2681.31
-2849.90 -2681.31
-2730.10 -2681.31
-2737.70 -2681.31
-2692.76 -2681.31
-2815.13 -2681.31
-2739.83 -2681.31
-2774.76 -2681.31
-2672.75 -2672.75
-2734.43 -2672.75
-2768.55 -2672.75
-2700.44 -2672.75
-2749.90 -2672.75
-2760.38 -2672.75
-2692.02 -2672.75
-2786.41 -2672.75
-2777.90 -2672.75
-2783.58 -2672.75
-2643.58 -2643.58
-2742.47 -2643.58
-2739.94 -2643.58
-2822.53 -2643.58
-2845.16 -2643.58
-2723.77 -2643.58
-2684.65 -2643.58
-2755.37 -2643.58
-2595.37 -2595.37
-2673.93 -2595.37
-2764.44 -2595.37
-2780.23 -2595.37
-2635.26 -2595.37
-3177.82 -3177.82
-3197.87 -3177.82
-3170.45 -3170.45
-3168.74 -3168.74
-3136.16 -3136.16
-3106.20 -3106.20
-3112.82 -3106.20
-3143.80 -3106.20
-3146.33 -3106.20
-3121.80 -3106.20
-3150.64 -3106.20
-3102.09 -3102.09
-3139.92 -3102.09
-3118.39 -3102.09
-3133.95 -3102.09
-3139.58 -3102.09
-3109.55 -3102.09
-3069.35 -3069.35
-3081.67 -3069.35
-3083.63 -3069.35
-3066.95 -3066.95
-3083.67 -3066.95
-3056.55 -3056.55
-3054.63 -3054.63
-3088.81 -3054.63
-3042.01 -3042.01
-3027.48 -3027.48
-3030.78 -3027.48
-3010.18 -3010.18
-2996.66 -2996.66
-3003.22 -2996.66
-2963.80 -2963.80
-2930.06 -2930.06
-2940.52 -2930.06
-2940.19 -2930.06
-2951.64 -2930.06
-2989.28 -2930.06
-2982.90 -2930.06
-2994.02 -2930.06
-2930.26 -2930.26
-2893.44 -2893.44
-2893.05 -2893.05
-2877.85 -2877.85
-2839.13 -2839.13
-2920.48 -2839.13
-2878.04 -2839.13
-2909.27 -2839.13
-2827.21 -2827.21
-2843.80 -2827.21
-2819.07 -2819.07
-2825.33 -2819.07
-2786.76 -2786.76
-2722.41 -2722.41
-2767.15 -2722.41
-2820.69 -2722.41
-2782.00 -2722.41
-2709.01 -2709.01
-2706.79 -2706.79
-2647.15 -2647.15
-2674.69 -2647.15
-2827.22 -2647.15
-2673.46 -2647.15
-2649.98 -2647.15
-2841.25 -2647.15
-2752.27 -2647.15
-2639.11 -2639.11
-2629.22 -2629.22
-2851.92 -2629.22
-2656.20 -2629.22
-2730.77 -2629.22
-2792.94 -2629.22
-2740.55 -2629.22
-2552.39 -2552.39
-2656.92 -2552.39
-2750.06 -2552.39
-2658.83 -2552.39
-2619.17 -2552.39
-2586.94 -2552.39
-2844.78 -2552.39
-2682.41 -2552.39
-2698.07 -2552.39
-2714.67 -2552.39
-2659.47 -2552.39
-2706.02 -2552.39
-2748.06 -2552.39
-2866.73 -2552.39
-2660.91 -2552.39
-2666.52 -2552.39
-2638.66 -2552.39
-2639.45 -2552.39
-2680.66 -2552.39
-2808.44 -2552.39
-2768.71 -2552.39
-2812.31 -2552.39
-2714.32 -2552.39
-2745.85 -2552.39
-2735.83 -2552.39
-2743.79 -2552.39
-2568.75 -2552.39
-2642.42 -2552.39
-3250.39 -2552.39
-3214.19 -3214.19
-3197.97 -3197.97
-3220.57 -3197.97
-3241.08 -3197.97
-3210.14 -3197.97
-3186.93 -3186.93
-3200.47 -3186.93
-3171.66 -3171.66
-3171.35 -3171.35
-3154.71 -3154.71
-3152.67 -3152.67
-3142.81 -3142.81
-3140.38 -3140.38
-3164.49 -3140.38
-3146.00 -3140.38
-3125.47 -3125.47
-3155.60 -3125.47
-3112.83 -3112.83
-3121.18 -3112.83
-3100.48 -3100.48
-3127.22 -3100.48
-3140.98 -3100.48
-3088.81 -3088.81
-3078.21 -3078.21
-3080.97 -3078.21
-3064.64 -3064.64
-3059.86 -3059.86
-3064.59 -3059.86
-3068.84 -3059.86
-3053.64 -3053.64
-3048.64 -3048.64
-3046.59 -3046.59
-3073.56 -3046.59
-3052.62 -3046.59
-3069.35 -3046.59
-3032.97 -3032.97
-2993.83 -2993.83
-2993.17 -2993.17
-3013.27 -2993.17
-2986.37 -2986.37
-3003.85 -2986.37
-3025.54 -2986.37
-2963.96 -2963.96
-3001.97 -2963.96
-3046.59 -2963.96
-2990.02 -2963.96
-2993.05 -2963.96
-3043.45 -2963.96
-3042.40 -2963.96
-2975.64 -2963.96
-3015.67 -2963.96
-2980.23 -2963.96
-2957.80 -2957.80
-2947.38 -2947.38
-2969.93 -2947.38
-2945.95 -2945.95
-2945.37 -2945.37
-2978.42 -2945.37
-2957.84 -2945.37
-2971.31 -2945.37
-2955.67 -2945.37
-2924.89 -2924.89
-2948.71 -2924.89
-2951.86 -2924.89
-2972.14 -2924.89
-2917.43 -2917.43
-2918.37 -2917.43
-2866.01 -2866.01
-2834.41 -2834.41
-2913.46 -2834.41
-2952.26 -2834.41
-2801.97 -2801.97
-2801.97 -2801.97
-2822.92 -2801.97
-2928.30 -2801.97
-2815.61 -2801.97
-2812.13 -2801.97
-2835.56 -2801.97
-2828.97 -2801.97
-2846.12 -2801.97
-2834.96 -2801.97
-2851.32 -2801.97
-2836.55 -2801.97
-2816.27 -2801.97
-2821.58 -2801.97
-2907.07 -2801.97
-2819.06 -2801.97
-2786.54 -2786.54
-2833.57 -2786.54
-2789.12 -2789.12
-2835.62 -2789.12
-2790.93 -2789.12
-2747.69 -2747.69
-2825.31 -2747.69
-2814.30 -2747.69
-2755.93 -2747.69
-2742.28 -2742.28
-2685.74 -2685.74
-2737.54 -2685.74
-3177.77 -3177.77
-3160.68 -3160.68
-3173.05 -3160.68
-3177.53 -3160.68
-3144.84 -3144.84
-3140.57 -3140.57
-3132.45 -3132.45
-3152.35 -3132.45
-3138.18 -3132.45
-3091.20 -3091.20
-3034.30 -3034.30
-3069.45 -3034.30
-2998.23 -2998.23
-3047.96 -2998.23
-3035.02 -2998.23
-2994.34 -2994.34
-3029.32 -2994.34
-3041.01 -2994.34
-2983.89 -2983.89
-3000.00 -2983.89
-2962.39 -2962.39
-2958.82 -2958.82
-2956.88 -2956.88
-2946.16 -2946.16
-3002.17 -2946.16
-2955.79 -2946.16
-2959.38 -2946.16
-2979.32 -2946.16
-2941.46 -2941.46
-2956.80 -2941.46
-2913.63 -2913.63
-2885.27 -2885.27
-2929.91 -2885.27
-2955.56 -2885.27
-2841.46 -2841.46
-2797.60 -2797.60
-2788.81 -2788.81
-2799.61 -2788.81
-2785.34 -2785.34
-2840.36 -2785.34
-2760.12 -2760.12
-2887.23 -2760.12
-2775.70 -2760.12
-2869.76 -2760.12
-2774.41 -2760.12
-2814.78 -2760.12
-2716.84 -2716.84
-2728.93 -2716.84
-2653.04 -2653.04
-2680.70 -2653.04
-2670.60 -2653.04
-2773.17 -2653.04
-2689.50 -2653.04
-2741.54 -2653.04
-2874.43 -2653.04
-2828.28 -2653.04
-2750.92 -2653.04
-2722.72 -2653.04
-2727.44 -2653.04
-2623.71 -2623.71
-2650.55 -2623.71
-2674.95 -2623.71
-2813.78 -2623.71
-2664.78 -2623.71
-2702.44 -2623.71
-2712.92 -2623.71
-2804.02 -2623.71
-2790.47 -2623.71
-2838.38 -2623.71
-2617.99 -2617.99
-2641.63 -2617.99
-2754.37 -2617.99
-2667.04 -2617.99
-2772.31 -2617.99
-2684.29 -2617.99
-2783.26 -2617.99
-2803.52 -2617.99
-2758.13 -2617.99
-2619.45 -2617.99
-2762.78 -2617.99
-2751.64 -2617.99
-2755.49 -2617.99
-2932.58 -2617.99
-2696.80 -2617.99
-2832.42 -2617.99
-2777.70 -2617.99
-2714.32 -2617.99
-2695.07 -2617.99
-2725.62 -2617.99
-2711.76 -2617.99
-2609.52 -2609.52
-2705.72 -2609.52
-2690.04 -2609.52
-2720.88 -2609.52
-2667.34 -2609.52
-2650.78 -2609.52
-2727.87 -2609.52
-2690.21 -2609.52
-2715.52 -2609.52
-2669.70 -2609.52
-3252.37 -2609.52
-3233.17 -2609.52
-3197.17 -3197.17
-3184.85 -3184.85
-3170.10 -3170.10
-3153.49 -3153.49
-3143.72 -3143.72
-3151.06 -3143.72
-3089.59 -3089.59
-3090.97 -3089.59
-3114.92 -3089.59
-3071.56 -3071.56
-3038.14 -3038.14
-3031.33 -3031.33
-3054.51 -3031.33
-3036.50 -3031.33
-3084.39 -3031.33
-3029.61 -3029.61
-3041.94 -3029.61
-3036.17 -3029.61
-2965.63 -2965.63
-2970.42 -2965.63
-3014.59 -2965.63
-2960.00 -2960.00
-2946.09 -2946.09
-2987.03 -2946.09
-2992.23 -2946.09
-2962.17 -2946.09
-2974.44 -2946.09
-2962.04 -2946.09
-2917.91 -2917.91
-2948.85 -2917.91
-2958.27 -2917.91
-2988.91 -2917.91
-2978.39 -2917.91
-3020.10 -2917.91
-2965.67 -2917.91
-2921.97 -2917.91
-2923.75 -2917.91
-2923.27 -2917.91
-2929.84 -2917.91
-2949.30 -2917.91
-2948.29 -2917.91
-2932.12 -2917.91
-2944.42 -2917.91
-2985.14 -2917.91
-2873.53 -2873.53
-2918.82 -2873.53
-2954.71 -2873.53
-2964.39 -2873.53
-2845.44 -2845.44
-2965.25 -2845.44
-2926.75 -2845.44
-2881.25 -2845.44
-2851.30 -2845.44
-2881.37 -2845.44
-2896.69 -2845.44
-2914.54 -2845.44
-2889.44 -2845.44
-2846.83 -2845.44
-2876.30 -2845.44
-2842.21 -2842.21
-2897.90 -2842.21
-2890.15 -2842.21
-2863.49 -2842.21
-2866.68 -2842.21
-2821.14 -2821.14
-2861.07 -2821.14
-2907.15 -2821.14
-2839.58 -2821.14
-2854.07 -2821.14
-2879.28 -2821.14
-2914.21 -2821.14
-2830.08 -2821.14
-2819.05 -2819.05
-2885.67 -2819.05
-2766.71 -2766.71
-2814.70 -2766.71
-2819.45 -2766.71
-2815.94 -2766.71
-2851.51 -2766.71
-2842.36 -2766.71
-2754.61 -2754.61
-2718.28 -2718.28
-2802.26 -2718.28
-2749.51 -2718.28
-2674.12 -2674.12
-2714.34 -2674.12
-2771.24 -2674.12
-2775.87 -2674.12
-2785.64 -2674.12
-2729.03 -2674.12
-2833.78 -2674.12
-2849.25 -2674.12
-2821.92 -2674.12
-2720.89 -2674.12
-2817.90 -2674.12
-2716.82 -2674.12
-2740.78 -2674.12
-2765.28 -2674.12
-3249.45 -2674.12
-3252.64 -2674.12
-3239.82 -2674.12
-3250.20 -2674.12
-3229.44 -3229.44
-3258.55 -3229.44
-3195.64 -3195.64
-3190.50 -3190.50
-3184.28 -3184.28
-3188.12 -3184.28
-3176.09 -3176.09
-3170.27 -3170.27
-3162.44 -3162.44
-3183.92 -3162.44
-3191.55 -3162.44
-3180.58 -3162.44
-3194.68 -3162.44
-3115.85 -3115.85
-3092.04 -3092.04
-3111.52 -3092.04
-3125.63 -3092.04
-3101.14 -3092.04
-3110.41 -3092.04
-3082.85 -3082.85
-3132.36 -3082.85
-3095.39 -3082.85
-3090.65 -3082.85
-3097.71 -3082.85
-3073.92 -3073.92
-3093.66 -3073.92
-3118.75 -3073.92
-3109.85 -3073.92
-3036.89 -3036.89
-3041.84 -3036.89
-3040.88 -3036.89
-3067.55 -3036.89
-3032.35 -3032.35
-3008.34 -3008.34
-2988.72 -2988.72
-2986.80 -2986.80
-2962.80 -2962.80
-2930.69 -2930.69
-2956.78 -2930.69
-2941.50 -2930.69
-2922.89 -2922.89
-2930.91 -2922.89
-2853.13 -2853.13
-2862.07 -2853.13
-2838.86 -2838.86
-2848.06 -2838.86
-2941.62 -2838.86
-2945.02 -2838.86
-2840.68 -2838.86
-2898.81 -2838.86
-2906.95 -2838.86
-2846.83 -2838.86
-2787.21 -2787.21
-2845.34 -2787.21
-2899.84 -2787.21
-2783.95 -2783.95
-2792.40 -2783.95
-2769.32 -2769.32
-2799.08 -2769.32
-2757.06 -2757.06
-2739.83 -2739.83
-2752.98 -2739.83
-2734.49 -2734.49
-2716.30 -2716.30
-2746.05 -2716.30
-2703.24 -2703.24
-2706.33 -2703.24
-2683.60 -2683.60
-2686.97 -2683.60
-2733.56 -2683.60
-2655.27 -2655.27
-2655.08 -2655.08
-2707.38 -2655.08
-2809.19 -2655.08
-2672.87 -2655.08
-2563.09 -2563.09
-2699.39 -2563.09
-2715.93 -2563.09
-2561.71 -2561.71
-2764.37 -2561.71
-2557.28 -2557.28
-2785.47 -2557.28
-2638.70 -2557.28
-2680.16 -2557.28
-2851.30 -2557.28
-2599.41 -2557.28
-2634.90 -2557.28
-2567.92 -2557.28
-2699.87 -2557.28
-2636.19 -2557.28
-2568.46 -2557.28
-2545.40 -2545.40
-2664.38 -2545.40
-2539.80 -2539.80
-2755.47 -2539.80
-2803.25 -2539.80
-3217.98 -3217.98
-3235.41 -3217.98
-3200.28 -3200.28
-3181.42 -3181.42
-3186.46 -3181.42
-3218.33 -3181.42
-3174.89 -3174.89
-3150.69 -3150.69
-3159.23 -3150.69
-3125.43 -3125.43
-3151.26 -3125.43
-3168.86 -3125.43
-3130.05 -3125.43
-3153.86 -3125.43
-3104.69 -3104.69
-3098.52 -3098.52
-3089.48 -3089.48
-3109.89 -3089.48
-3126.50 -3089.48
-3072.55 -3072.55
-3033.44 -3033.44
-3048.81 -3033.44
-3001.78 -3001.78
-3006.66 -3001.78
-3070.63 -3001.78
-2999.58 -2999.58
-2993.98 -2993.98
-3034.61 -2993.98
-3001.73 -2993.98
-3024.38 -2993.98
-2950.29 -2950.29
-2952.39 -2950.29
-2996.40 -2950.29
-2958.65 -2950.29
-2967.05 -2950.29
-3009.16 -2950.29
-3008.03 -2950.29
-2975.38 -2950.29
-2942.43 -2942.43
-2994.45 -2942.43
-2972.42 -2942.43
-2936.20 -2936.20
-2915.81 -2915.81
-2937.49 -2915.81
-2925.92 -2915.81
-2915.60 -2915.60
-2972.89 -2915.60
-2910.83 -2910.83
-2893.04 -2893.04
-2981.73 -2893.04
-2971.16 -2893.04
-2957.98 -2893.04
-2950.36 -2893.04
-2919.81 -2893.04
-2859.54 -2859.54
-2871.18 -2859.54
-2909.26 -2859.54
-2830.72 -2830.72
-2868.41 -2830.72
-2830.15 -2830.15
-2813.27 -2813.27
-2773.51 -2773.51
-2858.49 -2773.51
-2861.72 -2773.51
-2751.78 -2751.78
-2827.27 -2751.78
-2800.75 -2751.78
-2798.53 -2751.78
-2837.35 -2751.78
-2842.62 -2751.78
-2756.95 -2751.78
-2883.84 -2751.78
-2786.07 -2751.78
-2863.05 -2751.78
-2883.92 -2751.78
-2786.01 -2751.78
-2803.58 -2751.78
-2825.33 -2751.78
-2866.77 -2751.78
-2857.70 -2751.78
-2792.25 -2751.78
-2759.25 -2751.78
-2764.32 -2751.78
-2788.80 -2751.78
-2812.33 -2751.78
-2764.44 -2751.78
-2758.36 -2751.78
-2795.80 -2751.78
-2804.30 -2751.78
-2798.62 -2751.78
-2783.79 -2751.78
-2799.72 -2751.78
-2793.28 -2751.78
-2791.95 -2751.78
-2821.89 -2751.78
-2848.10 -2751.78
-2782.15 -2751.78
-2743.65 -2743.65
-2810.08 -2743.65
-2752.15 -2743.65
-3254.93 -2743.65
-3231.57 -2743.65
-3215.59 -3215.59
-3250.11 -3215.59
-3200.69 -3200.69
-3176.60 -3176.60
-3168.92 -3168.92
-3183.34 -3168.92
-3139.86 -3139.86
-3155.50 -3139.86
-3160.34 -3139.86
-3131.90 -3131.90
-3137.33 -3131.90
-3138.84 -3131.90
-3156.12 -3131.90
-3132.46 -3132.46
-3133.59 -3132.46
-3144.12 -3132.46
-3063.35 -3063.35
-3064.04 -3063.35
-3068.35 -3063.35
-3074.95 -3063.35
-3085.27 -3063.35
-3061.41 -3061.41
-2995.53 -2995.53
-3026.46 -2995.53
-3019.75 -2995.53
-3012.50 -2995.53
-2973.34 -2973.34
-2967.95 -2967.95
-2940.56 -2940.56
-2926.57 -2926.57
-2940.01 -2926.57
-2935.10 -2926.57
-3006.66 -2926.57
-2944.25 -2926.57
-2954.36 -2926.57
-2941.53 -2926.57
-2987.90 -2926.57
-2915.52 -2915.52
-2932.88 -2915.52
-2948.31 -2915.52
-2918.47 -2915.52
-2949.94 -2915.52
-2953.56 -2915.52
-2945.53 -2915.52
-2905.05 -2905.05
-2873.75 -2873.75
-2912.01 -2873.75
-2878.51 -2873.75
-2882.42 -2873.75
-2920.44 -2873.75
-2943.73 -2873.75
-2942.58 -2873.75
-2931.77 -2873.75
-2867.38 -2867.38
-2861.91 -2861.91
-2855.86 -2855.86
-2857.67 -2855.86
-2929.16 -2855.86
-2856.74 -2855.86
-2826.46 -2826.46
-2919.71 -2826.46
-2915.56 -2826.46
-2965.83 -2826.46
-2855.76 -2826.46
-2862.74 -2826.46
-2843.70 -2826.46
-2892.06 -2826.46
-2876.31 -2826.46
-2877.00 -2826.46
-2816.60 -2816.60
-2748.80 -2748.80
-2768.43 -2748.80
-2717.77 -2717.77
-2775.65 -2717.77
-2901.89 -2717.77
-2790.67 -2717.77
-2836.67 -2717.77
-2736.50 -2717.77
-2796.77 -2717.77
-2761.73 -2717.77
-2870.13 -2717.77
-2847.72 -2717.77
-2725.82 -2717.77
-2769.09 -2717.77
-2726.07 -2717.77
-2729.32 -2717.77
-2889.74 -2717.77
-2835.07 -2717.77
-2725.10 -2717.77
-2740.44 -2717.77
-2792.76 -2717.77
-2728.01 -2717.77
-2822.58 -2717.77
-2726.21 -2717.77
-2849.83 -2717.77
-2831.26 -2717.77
