0.00 0.00
-3841.58 -3841.58
-3866.79 -3841.58
-3847.74 -3841.58
-3875.16 -3841.58
-3854.79 -3841.58
-3807.41 -3807.41
-3834.40 -3807.41
-3760.03 -3760.03
-3778.52 -3760.03
-3805.79 -3760.03
-3759.72 -3759.72
-3768.00 -3759.72
-3770.59 -3759.72
-3756.88 -3756.88
-3733.95 -3733.95
-3702.25 -3702.25
-3706.79 -3702.25
-3705.54 -3702.25
-3733.00 -3702.25
-3736.53 -3702.25
-3692.03 -3692.03
-3654.74 -3654.74
-3687.53 -3654.74
-3617.00 -3617.00
-3677.94 -3617.00
-3618.12 -3617.00
-3593.35 -3593.35
-3592.47 -3592.47
-3599.80 -3592.47
-3621.06 -3592.47
-3620.48 -3592.47
-3622.36 -3592.47
-3658.82 -3592.47
-3628.00 -3592.47
-3665.87 -3592.47
-3630.04 -3592.47
-3624.39 -3592.47
-3603.47 -3592.47
-3586.42 -3586.42
-3605.55 -3586.42
-3587.55 -3587.55
-3604.28 -3587.55
-3624.19 -3587.55
-3597.99 -3587.55
-3631.18 -3587.55
-3580.83 -3580.83
-3549.33 -3549.33
-3562.22 -3549.33
-3534.34 -3534.34
-3551.73 -3534.34
-3514.10 -3514.10
-3499.02 -3499.02
-3508.28 -3499.02
-3535.82 -3499.02
-3504.00 -3499.02
-3497.14 -3497.14
-3518.27 -3497.14
-3515.20 -3497.14
-3521.20 -3497.14
-3442.22 -3442.22
-3492.61 -3442.22
-3406.67 -3406.67
-3471.33 -3406.67
-3435.35 -3406.67
-3486.16 -3406.67
-3421.93 -3406.67
-3446.75 -3406.67
-3513.45 -3406.67
-3362.23 -3362.23
-3397.03 -3362.23
-3392.13 -3362.23
-3397.68 -3362.23
-3336.09 -3336.09
-3360.91 -3336.09
-3389.00 -3336.09
-3340.32 -3340.32
-3355.50 -3340.32
-3351.47 -3340.32
-3366.65 -3340.32
-3398.71 -3340.32
-3396.37 -3340.32
-3405.62 -3340.32
-3288.54 -3288.54
-3461.80 -3288.54
-3333.85 -3288.54
-3388.19 -3288.54
-3271.59 -3271.59
-3331.17 -3271.59
-3296.16 -3271.59
-3304.36 -3271.59
-3252.52 -3252.52
-3256.85 -3252.52
-3302.04 -3252.52
-3301.27 -3252.52
-3271.05 -3252.52
-3363.11 -3252.52
-3390.49 -3252.52
-3316.60 -3252.52
-3455.91 -3252.52
-3283.27 -3252.52
-3386.79 -3252.52
-3811.04 -3811.04
-3829.19 -3811.04
-3739.91 -3739.91
-3756.44 -3739.91
-3708.40 -3708.40
-3714.74 -3708.40
-3727.76 -3708.40
-3702.42 -3702.42
-3681.95 -3681.95
-3728.84 -3681.95
-3679.05 -3679.05
-3671.85 -3671.85
-3692.60 -3671.85
-3677.23 -3671.85
-3639.27 -3639.27
-3627.45 -3627.45
-3600.78 -3600.78
-3615.23 -3600.78
-3607.30 -3600.78
-3594.33 -3594.33
-3630.18 -3594.33
-3639.17 -3594.33
-3634.79 -3594.33
-3605.24 -3594.33
-3553.34 -3553.34
-3526.23 -3526.23
-3490.27 -3490.27
-3449.58 -3449.58
-3434.99 -3434.99
-3394.01 -3394.01
-3398.32 -3394.01
-3378.30 -3378.30
-3409.84 -3378.30
-3396.17 -3378.30
-3417.31 -3378.30
-3355.04 -3355.04
-3369.40 -3355.04
-3393.93 -3355.04
-3306.21 -3306.21
-3336.76 -3306.21
-3512.07 -3306.21
-3350.12 -3306.21
-3294.83 -3294.83
-3346.31 -3294.83
-3402.81 -3294.83
-3366.60 -3294.83
-3391.84 -3294.83
-3390.57 -3294.83
-3321.04 -3294.83
-3356.28 -3294.83
-3328.73 -3294.83
-3362.22 -3294.83
-3234.63 -3234.63
-3354.98 -3234.63
-3250.58 -3234.63
-3367.89 -3234.63
-3249.78 -3234.63
-3264.07 -3234.63
-3259.76 -3234.63
-3244.56 -3234.63
-3387.85 -3234.63
-3210.39 -3210.39
-3237.73 -3210.39
-3227.02 -3210.39
-3229.60 -3210.39
-3300.93 -3210.39
-3349.82 -3210.39
-3303.59 -3210.39
-3134.57 -3134.57
-3283.36 -3134.57
-3216.49 -3134.57
-3257.88 -3134.57
-3116.55 -3116.55
-3113.44 -3113.44
-3223.23 -3113.44
-3196.47 -3113.44
-3161.61 -3113.44
-3216.52 -3113.44
-3204.69 -3113.44
-3254.95 -3113.44
-3104.84 -3104.84
-3231.81 -3104.84
-3159.28 -3104.84
-3077.59 -3077.59
-2990.14 -2990.14
-3338.26 -2990.14
-3255.15 -2990.14
-3091.82 -2990.14
-3234.72 -2990.14
-3336.48 -2990.14
-3234.50 -2990.14
-2895.71 -2895.71
-2966.32 -2895.71
-3221.02 -2895.71
-3016.89 -2895.71
-3156.70 -2895.71
-3056.86 -2895.71
-3155.67 -2895.71
-3120.90 -2895.71
-3220.12 -2895.71
-3870.80 -2895.71
-3816.71 -3816.71
-3803.08 -3803.08
-3827.61 -3803.08
-3783.74 -3783.74
-3795.75 -3783.74
-3771.11 -3771.11
-3762.51 -3762.51
-3758.74 -3758.74
-3731.04 -3731.04
-3775.53 -3731.04
-3697.04 -3697.04
-3590.99 -3590.99
-3627.02 -3590.99
-3608.87 -3590.99
-3577.12 -3577.12
-3570.97 -3570.97
-3561.15 -3561.15
-3533.66 -3533.66
-3496.34 -3496.34
-3470.88 -3470.88
-3512.99 -3470.88
-3476.31 -3470.88
-3519.23 -3470.88
-3512.76 -3470.88
-3496.31 -3470.88
-3533.71 -3470.88
-3601.02 -3470.88
-3524.65 -3470.88
-3459.20 -3459.20
-3408.53 -3408.53
-3415.73 -3408.53
-3447.84 -3408.53
-3417.55 -3408.53
-3408.23 -3408.23
-3444.31 -3408.23
-3449.65 -3408.23
-3361.93 -3361.93
-3493.56 -3361.93
-3417.34 -3361.93
-3498.54 -3361.93
-3374.51 -3361.93
-3449.12 -3361.93
-3363.86 -3363.86
-3428.95 -3363.86
-3370.11 -3363.86
-3349.53 -3349.53
-3377.00 -3349.53
-3360.16 -3349.53
-3342.45 -3342.45
-3368.60 -3342.45
-3313.18 -3313.18
-3306.90 -3306.90
-3375.47 -3306.90
-3346.60 -3306.90
-3330.60 -3306.90
-3303.72 -3303.72
-3311.31 -3303.72
-3302.83 -3302.83
-3411.27 -3302.83
-3465.74 -3302.83
-3347.07 -3302.83
-3330.46 -3302.83
-3332.93 -3302.83
-3350.95 -3302.83
-3280.76 -3280.76
-3310.33 -3280.76
-3283.00 -3280.76
-3254.54 -3254.54
-3147.91 -3147.91
-3396.33 -3147.91
-3221.11 -3147.91
-3147.77 -3147.77
-3259.37 -3147.77
-3127.86 -3127.86
-3349.08 -3127.86
-3218.17 -3127.86
-3260.96 -3127.86
-3153.73 -3127.86
-3103.36 -3103.36
-3169.97 -3103.36
-3201.23 -3103.36
-3248.74 -3103.36
-3170.35 -3103.36
-3287.93 -3103.36
-3208.25 -3103.36
-3158.38 -3103.36
-3326.26 -3103.36
-3225.30 -3103.36
-3311.84 -3103.36
-3192.05 -3103.36
-3111.33 -3103.36
-3165.78 -3103.36
-3204.15 -3103.36
-3158.21 -3103.36
-3210.46 -3103.36
-3209.33 -3103.36
-3162.35 -3103.36
-3174.40 -3103.36
-3268.35 -3103.36
-3792.61 -3792.61
-3800.91 -3792.61
-3803.94 -3792.61
-3811.91 -3792.61
-3793.96 -3792.61
-3808.04 -3792.61
-3781.12 -3781.12
-3795.01 -3781.12
-3772.98 -3772.98
-3739.99 -3739.99
-3720.42 -3720.42
-3719.48 -3719.48
-3682.84 -3682.84
-3695.31 -3682.84
-3703.29 -3682.84
-3682.08 -3682.08
-3777.07 -3682.08
-3671.70 -3671.70
-3674.40 -3671.70
-3657.66 -3657.66
-3659.62 -3657.66
-3634.10 -3634.10
-3659.31 -3634.10
-3687.04 -3634.10
-3613.23 -3613.23
-3579.69 -3579.69
-3522.11 -3522.11
-3496.43 -3496.43
-3504.00 -3496.43
-3467.86 -3467.86
-3479.28 -3467.86
-3512.84 -3467.86
-3405.45 -3405.45
-3444.08 -3405.45
-3438.78 -3405.45
-3371.41 -3371.41
-3551.25 -3371.41
-3402.59 -3371.41
-3401.13 -3371.41
-3421.97 -3371.41
-3425.18 -3371.41
-3422.12 -3371.41
-3376.84 -3371.41
-3437.37 -3371.41
-3382.94 -3371.41
-3370.22 -3370.22
-3376.89 -3370.22
-3523.48 -3370.22
-3340.49 -3340.49
-3302.94 -3302.94
-3339.84 -3302.94
-3307.95 -3302.94
-3350.02 -3302.94
-3332.94 -3302.94
-3339.47 -3302.94
-3318.65 -3302.94
-3331.51 -3302.94
-3339.95 -3302.94
-3334.80 -3302.94
-3361.95 -3302.94
-3345.60 -3302.94
-3404.76 -3302.94
-3375.25 -3302.94
-3428.78 -3302.94
-3413.12 -3302.94
-3345.34 -3302.94
-3376.90 -3302.94
-3333.20 -3302.94
-3328.95 -3302.94
-3373.97 -3302.94
-3297.08 -3297.08
-3420.72 -3297.08
-3203.91 -3203.91
-3437.21 -3203.91
-3257.50 -3203.91
-3218.60 -3203.91
-3298.18 -3203.91
-3435.22 -3203.91
-3237.83 -3203.91
-3236.21 -3203.91
-3227.65 -3203.91
-3297.96 -3203.91
-3311.60 -3203.91
-3236.41 -3203.91
-3304.29 -3203.91
-3221.64 -3203.91
-3156.01 -3156.01
-3220.62 -3156.01
-3253.24 -3156.01
-3200.14 -3156.01
-3286.16 -3156.01
-3218.56 -3156.01
-3424.59 -3156.01
-3219.15 -3156.01
-3374.94 -3156.01
-3301.75 -3156.01
-3237.60 -3156.01
-3300.29 -3156.01
-3270.50 -3156.01
-3175.37 -3156.01
-3820.64 -3820.64
-3802.76 -3802.76
-3783.96 -3783.96
-3765.46 -3765.46
-3763.01 -3763.01
-3765.12 -3763.01
-3765.00 -3763.01
-3776.08 -3763.01
-3738.76 -3738.76
-3739.41 -3739.41
-3743.37 -3739.41
-3721.80 -3721.80
-3772.48 -3721.80
-3714.08 -3714.08
-3687.66 -3687.66
-3717.47 -3687.66
-3723.82 -3687.66
-3676.01 -3676.01
-3689.01 -3676.01
-3662.19 -3662.19
-3729.58 -3662.19
-3672.61 -3662.19
-3652.25 -3652.25
-3669.86 -3652.25
-3632.01 -3632.01
-3625.24 -3625.24
-3621.38 -3621.38
-3656.47 -3621.38
-3585.15 -3585.15
-3618.55 -3585.15
-3527.29 -3527.29
-3492.54 -3492.54
-3471.95 -3471.95
-3503.66 -3471.95
-3524.57 -3471.95
-3476.26 -3471.95
-3435.79 -3435.79
-3501.55 -3435.79
-3429.40 -3429.40
-3374.54 -3374.54
-3349.08 -3349.08
-3410.65 -3349.08
-3325.08 -3325.08
-3268.71 -3268.71
-3353.79 -3268.71
-3249.63 -3249.63
-3232.42 -3232.42
-3234.78 -3232.42
-3317.01 -3232.42
-3247.06 -3232.42
-3327.36 -3232.42
-3296.53 -3232.42
-3296.45 -3232.42
-3318.66 -3232.42
-3339.11 -3232.42
-3300.59 -3232.42
-3215.03 -3215.03
-3363.45 -3215.03
-3182.11 -3182.11
-3269.90 -3182.11
-3142.45 -3142.45
-3196.11 -3142.45
-3244.73 -3142.45
-3243.60 -3142.45
-3339.31 -3142.45
-3170.83 -3142.45
-3137.81 -3137.81
-3192.47 -3137.81
-3253.43 -3137.81
-3205.05 -3137.81
-3204.05 -3137.81
-3212.08 -3137.81
-3216.26 -3137.81
-3270.81 -3137.81
-3323.60 -3137.81
-3138.74 -3138.74
-3106.16 -3106.16
-3114.96 -3106.16
-3149.91 -3106.16
-3260.16 -3106.16
-3336.09 -3106.16
-3194.11 -3106.16
-3135.81 -3106.16
-3277.16 -3106.16
-3234.44 -3106.16
-3150.73 -3106.16
-3162.72 -3106.16
-3191.64 -3106.16
-3153.98 -3106.16
-3102.39 -3102.39
-3346.54 -3102.39
-3100.75 -3100.75
-3116.35 -3100.75
-3068.98 -3068.98
-3098.37 -3068.98
-3429.13 -3068.98
-3141.08 -3068.98
-2926.62 -2926.62
-3151.38 -2926.62
-3271.61 -2926.62
-3837.70 -3837.70
-3781.50 -3781.50
-3734.77 -3734.77
-3674.02 -3674.02
-3715.94 -3674.02
-3696.27 -3674.02
-3761.78 -3674.02
-3678.52 -3674.02
-3713.18 -3674.02
-3644.91 -3644.91
-3670.42 -3644.91
-3618.56 -3618.56
-3662.26 -3618.56
-3597.88 -3597.88
-3608.28 -3597.88
-3632.69 -3597.88
-3612.42 -3597.88
-3635.43 -3597.88
-3612.56 -3597.88
-3594.43 -3594.43
-3566.25 -3566.25
-3605.70 -3566.25
-3572.06 -3566.25
-3560.51 -3560.51
-3576.60 -3560.51
-3573.23 -3560.51
-3556.35 -3556.35
-3586.42 -3556.35
-3600.59 -3556.35
-3573.06 -3556.35
-3579.04 -3556.35
-3606.50 -3556.35
-3573.11 -3556.35
-3511.26 -3511.26
-3529.56 -3511.26
-3531.82 -3511.26
-3471.01 -3471.01
-3519.70 -3471.01
-3490.28 -3471.01
-3480.50 -3471.01
-3457.64 -3457.64
-3441.15 -3441.15
-3454.72 -3441.15
-3474.53 -3441.15
-3446.84 -3441.15
-3389.71 -3389.71
-3398.19 -3389.71
-3352.99 -3352.99
-3322.26 -3322.26
-3309.05 -3309.05
-3331.87 -3309.05
-3360.98 -3309.05
-3393.42 -3309.05
-3459.26 -3309.05
-3391.93 -3309.05
-3332.07 -3309.05
-3386.55 -3309.05
-3425.13 -3309.05
-3381.69 -3309.05
-3320.86 -3309.05
-3365.51 -3309.05
-3367.88 -3309.05
-3359.82 -3309.05
-3329.29 -3309.05
-3327.27 -3309.05
-3362.27 -3309.05
-3382.91 -3309.05
-3322.27 -3309.05
-3366.08 -3309.05
-3404.47 -3309.05
-3281.93 -3281.93
-3331.66 -3281.93
-3289.44 -3281.93
-3338.55 -3281.93
-3288.69 -3281.93
-3334.96 -3281.93
-3265.66 -3265.66
-3233.06 -3233.06
-3279.98 -3233.06
-3374.69 -3233.06
-3335.42 -3233.06
-3286.75 -3233.06
-3251.96 -3233.06
-3374.96 -3233.06
-3228.50 -3228.50
-3312.49 -3228.50
-3183.61 -3183.61
-3236.62 -3183.61
-3233.80 -3183.61
-3209.65 -3183.61
-3260.02 -3183.61
-3243.57 -3183.61
-3300.17 -3183.61
-3254.34 -3183.61
-3283.36 -3183.61
-3237.60 -3183.61
-3121.38 -3121.38
-3203.67 -3121.38
-3331.08 -3121.38
-3195.00 -3121.38
-3769.81 -3769.81
-3748.84 -3748.84
-3742.17 -3742.17
-3751.93 -3742.17
-3725.92 -3725.92
-3732.48 -3725.92
-3766.43 -3725.92
-3715.03 -3715.03
-3757.05 -3715.03
-3749.04 -3715.03
-3720.29 -3715.03
-3740.30 -3715.03
-3709.83 -3709.83
-3682.36 -3682.36
-3694.33 -3682.36
-3708.13 -3682.36
-3677.85 -3677.85
-3708.27 -3677.85
-3664.44 -3664.44
-3633.70 -3633.70
-3606.54 -3606.54
-3596.27 -3596.27
-3542.22 -3542.22
-3589.62 -3542.22
-3535.95 -3535.95
-3504.80 -3504.80
-3486.87 -3486.87
-3474.50 -3474.50
-3469.91 -3469.91
-3528.42 -3469.91
-3524.60 -3469.91
-3535.82 -3469.91
-3516.20 -3469.91
-3564.50 -3469.91
-3523.52 -3469.91
-3521.51 -3469.91
-3485.52 -3469.91
-3507.91 -3469.91
-3490.02 -3469.91
-3487.44 -3469.91
-3508.31 -3469.91
-3528.56 -3469.91
-3507.04 -3469.91
-3559.12 -3469.91
-3509.26 -3469.91
-3531.81 -3469.91
-3523.30 -3469.91
-3573.08 -3469.91
-3508.62 -3469.91
-3531.46 -3469.91
-3509.28 -3469.91
-3527.77 -3469.91
-3510.78 -3469.91
-3517.42 -3469.91
-3485.72 -3469.91
-3546.33 -3469.91
-3519.36 -3469.91
-3503.41 -3469.91
-3514.84 -3469.91
-3492.85 -3469.91
-3492.37 -3469.91
-3486.26 -3469.91
-3484.07 -3469.91
-3540.32 -3469.91
-3494.81 -3469.91
-3519.91 -3469.91
-3574.01 -3469.91
-3455.30 -3455.30
-3481.15 -3455.30
-3499.54 -3455.30
-3494.73 -3455.30
-3445.46 -3445.46
-3485.11 -3445.46
-3513.95 -3445.46
-3447.65 -3445.46
-3419.61 -3419.61
-3386.25 -3386.25
-3355.05 -3355.05
-3361.13 -3355.05
-3385.71 -3355.05
-3415.64 -3355.05
-3355.38 -3355.05
-3347.92 -3347.92
-3412.83 -3347.92
-3365.96 -3347.92
-3393.93 -3347.92
-3390.52 -3347.92
-3468.71 -3347.92
-3347.93 -3347.93
-3444.99 -3347.93
-3499.62 -3347.93
-3287.18 -3287.18
-3315.31 -3287.18
-3379.27 -3287.18
-3385.44 -3287.18
-3264.61 -3264.61
-3283.64 -3264.61
-3254.59 -3254.59
-3203.31 -3203.31
-3264.93 -3203.31
-3867.01 -3203.31
-3843.85 -3203.31
-3848.65 -3203.31
-3811.25 -3811.25
-3812.70 -3811.25
-3809.02 -3809.02
-3853.61 -3809.02
-3773.14 -3773.14
-3779.38 -3773.14
-3768.68 -3768.68
-3769.36 -3768.68
-3760.16 -3760.16
-3729.63 -3729.63
-3742.04 -3729.63
-3727.79 -3727.79
-3735.33 -3727.79
-3736.50 -3727.79
-3735.32 -3727.79
-3738.07 -3727.79
-3703.15 -3703.15
-3643.91 -3643.91
-3661.70 -3643.91
-3654.16 -3643.91
-3687.19 -3643.91
-3682.60 -3643.91
-3708.01 -3643.91
-3630.07 -3630.07
-3566.64 -3566.64
-3578.73 -3566.64
-3504.49 -3504.49
-3506.88 -3504.49
-3526.56 -3504.49
-3502.89 -3502.89
-3539.08 -3502.89
-3506.67 -3502.89
-3517.16 -3502.89
-3476.19 -3476.19
-3518.22 -3476.19
-3494.89 -3476.19
-3463.46 -3463.46
-3473.67 -3463.46
-3457.85 -3457.85
-3489.99 -3457.85
-3483.14 -3457.85
-3491.31 -3457.85
-3448.87 -3448.87
-3451.15 -3451.15
-3479.66 -3451.15
-3448.54 -3448.54
-3448.45 -3448.45
-3439.87 -3439.87
-3500.04 -3439.87
-3395.66 -3395.66
-3451.36 -3395.66
-3434.01 -3395.66
-3384.92 -3384.92
-3353.40 -3353.40
-3386.40 -3353.40
-3461.02 -3353.40
-3352.44 -3352.44
-3399.88 -3352.44
-3403.43 -3352.44
-3372.76 -3352.44
-3315.28 -3315.28
-3401.20 -3315.28
-3376.48 -3315.28
-3313.71 -3313.71
-3428.15 -3313.71
-3391.07 -3313.71
-3364.81 -3313.71
-3353.83 -3313.71
-3309.88 -3309.88
-3387.15 -3309.88
-3296.69 -3296.69
-3301.92 -3296.69
-3419.11 -3296.69
-3196.74 -3196.74
-3245.75 -3196.74
-3315.31 -3196.74
-3194.82 -3194.82
-3340.32 -3194.82
-3268.84 -3194.82
-3171.53 -3171.53
-3289.18 -3171.53
-3103.45 -3103.45
-3186.24 -3103.45
-3242.05 -3103.45
-3155.05 -3103.45
-3177.55 -3103.45
-3225.78 -3103.45
-3202.79 -3103.45
-3332.55 -3103.45
-3163.21 -3103.45
-3206.11 -3103.45
-3206.83 -3103.45
-3265.31 -3103.45
-3176.26 -3103.45
-3229.26 -3103.45
-3164.19 -3103.45
-3300.09 -3103.45
-3853.88 -3103.45
-3845.56 -3103.45
-3834.99 -3834.99
-3825.85 -3825.85
-3872.91 -3825.85
-3779.57 -3779.57
-3785.64 -3779.57
-3783.34 -3779.57
-3761.97 -3761.97
-3758.57 -3758.57
-3737.40 -3737.40
-3734.07 -3734.07
-3703.93 -3703.93
-3697.65 -3697.65
-3678.51 -3678.51
-3677.55 -3677.55
-3703.55 -3677.55
-3678.60 -3677.55
-3635.28 -3635.28
-3648.52 -3635.28
-3654.29 -3635.28
-3630.36 -3630.36
-3619.85 -3619.85
-3604.83 -3604.83
-3640.22 -3604.83
-3638.30 -3604.83
-3663.36 -3604.83
-3583.82 -3583.82
-3643.63 -3583.82
-3617.06 -3583.82
-3574.32 -3574.32
-3550.12 -3550.12
-3540.89 -3540.89
-3560.80 -3540.89
-3486.49 -3486.49
-3532.92 -3486.49
-3516.64 -3486.49
-3494.36 -3486.49
-3526.47 -3486.49
-3475.52 -3475.52
-3573.48 -3475.52
-3518.90 -3475.52
-3523.98 -3475.52
-3479.87 -3475.52
-3477.70 -3475.52
-3430.06 -3430.06
-3531.37 -3430.06
-3437.29 -3430.06
-3516.15 -3430.06
-3462.23 -3430.06
-3497.88 -3430.06
-3429.40 -3429.40
-3465.83 -3429.40
-3359.37 -3359.37
-3311.78 -3311.78
-3255.29 -3255.29
-3256.13 -3256.13
-3274.62 -3256.13
-3210.99 -3210.99
-3438.48 -3210.99
-3294.89 -3210.99
-3323.94 -3210.99
-3300.06 -3210.99
-3208.41 -3208.41
-3315.59 -3208.41
-3270.17 -3208.41
-3273.70 -3208.41
-3272.83 -3208.41
-3176.37 -3176.37
-3188.30 -3176.37
-3130.15 -3130.15
-3247.61 -3130.15
-3204.71 -3130.15
-3132.91 -3130.15
-3175.85 -3130.15
-3160.43 -3130.15
-3401.80 -3130.15
-3306.64 -3130.15
-3161.12 -3130.15
-3355.98 -3130.15
-3106.28 -3106.28
-3158.61 -3106.28
-3231.05 -3106.28
-3205.31 -3106.28
-3173.36 -3106.28
-3201.49 -3106.28
-3323.02 -3106.28
-3238.03 -3106.28
-3076.49 -3076.49
-3296.58 -3076.49
-3179.87 -3076.49
-3174.60 -3076.49
-3077.44 -3076.49
-3154.00 -3076.49
-3232.89 -3076.49
-3125.88 -3076.49
-3221.30 -3076.49
-3240.47 -3076.49
-3292.31 -3076.49
-3345.69 -3076.49
-3845.49 -3076.49
-3827.83 -3827.83
-3800.65 -3800.65
-3771.56 -3771.56
-3743.01 -3743.01
-3737.54 -3737.54
-3777.48 -3737.54
-3732.99 -3732.99
-3696.05 -3696.05
-3704.57 -3696.05
-3663.95 -3663.95
-3653.69 -3653.69
-3644.47 -3644.47
-3713.85 -3644.47
-3704.08 -3644.47
-3659.86 -3644.47
-3660.63 -3644.47
-3655.70 -3644.47
-3679.18 -3644.47
-3676.69 -3644.47
-3651.90 -3644.47
-3625.48 -3625.48
-3605.18 -3605.18
-3633.10 -3605.18
-3600.20 -3600.20
-3652.46 -3600.20
-3630.84 -3600.20
-3615.07 -3600.20
-3601.57 -3600.20
-3546.89 -3546.89
-3617.61 -3546.89
-3581.79 -3546.89
-3564.15 -3546.89
-3590.65 -3546.89
-3561.46 -3546.89
-3597.05 -3546.89
-3631.18 -3546.89
-3561.16 -3546.89
-3525.56 -3525.56
-3542.44 -3525.56
-3550.19 -3525.56
-3528.22 -3525.56
-3522.92 -3522.92
-3533.54 -3522.92
-3528.39 -3522.92
-3527.99 -3522.92
-3518.94 -3518.94
-3555.43 -3518.94
-3517.14 -3517.14
-3530.77 -3517.14
-3516.32 -3516.32
-3518.34 -3516.32
-3550.66 -3516.32
-3524.82 -3516.32
-3558.75 -3516.32
-3503.07 -3503.07
-3502.26 -3502.26
-3507.33 -3502.26
-3503.06 -3502.26
-3518.47 -3502.26
-3544.80 -3502.26
-3541.52 -3502.26
-3509.42 -3502.26
-3474.74 -3474.74
-3483.68 -3474.74
-3433.55 -3433.55
-3387.50 -3387.50
-3388.19 -3387.50
-3467.30 -3387.50
-3430.69 -3387.50
-3378.45 -3378.45
-3413.46 -3378.45
-3426.43 -3378.45
-3567.64 -3378.45
-3378.05 -3378.05
-3347.49 -3347.49
-3296.78 -3296.78
-3293.57 -3293.57
-3282.16 -3282.16
-3239.24 -3239.24
-3279.14 -3239.24
-3372.86 -3239.24
-3293.05 -3239.24
-3341.32 -3239.24
-3255.57 -3239.24
-3412.94 -3239.24
-3307.73 -3239.24
-3338.96 -3239.24
-3252.21 -3239.24
-3270.24 -3239.24
-3354.59 -3239.24
-3328.27 -3239.24
-3335.47 -3239.24
-3236.41 -3236.41
-3272.77 -3236.41
-3260.35 -3236.41
-3313.90 -3236.41
-3295.02 -3236.41
