-10000.00 -10000.00
-49012.58 -49012.58
-48587.40 -49012.58
-48217.43 -49012.58
-48852.93 -49012.58
-48603.85 -49012.58
-49286.12 -49012.58
-48263.04 -49012.58
-48919.50 -49012.58
-49026.16 -49012.58
-48798.67 -49012.58
-49057.72 -49012.58
-49071.91 -49012.58
-49282.59 -49012.58
-48544.08 -49012.58
-48832.37 -49012.58
-48146.99 -49012.58
-48735.67 -49012.58
-48770.89 -49012.58
-49105.98 -49012.58
-48952.26 -49012.58
-48210.61 -49012.58
-48705.35 -49012.58
-48490.51 -49012.58
-48224.85 -49012.58
-48585.94 -49012.58
-49248.75 -49012.58
-49023.82 -49012.58
-48564.45 -49012.58
-48969.26 -49012.58
-49052.78 -49012.58
-49039.72 -49012.58
-49032.31 -49012.58
-48693.47 -49012.58
-49448.50 -49012.58
-48504.88 -49012.58
-49664.29 -49012.58
-47668.35 -49012.58
-49307.66 -49012.58
-48734.67 -49012.58
-48687.29 -49012.58
-48782.58 -49012.58
-48489.83 -49012.58
-48872.67 -49012.58
-49169.14 -49012.58
-48671.22 -49012.58
-48797.84 -49012.58
-49033.81 -49012.58
-49162.04 -49012.58
-49384.63 -49012.58
-48957.15 -49012.58
-49317.51 -49012.58
-47712.99 -49012.58
-48668.03 -49012.58
-48882.01 -49012.58
-49449.15 -49012.58
-48097.04 -49012.58
-48711.56 -49012.58
-48988.63 -49012.58
-48697.01 -49012.58
-48398.09 -49012.58
-48135.87 -49012.58
-49595.49 -49012.58
-48724.86 -49012.58
-48956.79 -49012.58
-48362.44 -49012.58
-48762.91 -49012.58
-49071.97 -49012.58
-48999.26 -49012.58
-49066.58 -49012.58
-48332.93 -49012.58
-48768.64 -49012.58
-49139.48 -49012.58
-48903.88 -49012.58
-49096.48 -49012.58
-48681.35 -49012.58
-48833.12 -49012.58
-47730.27 -49012.58
-49090.71 -49012.58
-48546.09 -49012.58
-49629.01 -49012.58
-49189.19 -49012.58
-48737.74 -49012.58
-48089.76 -49012.58
-49009.26 -49012.58
-49424.51 -49012.58
-48546.29 -49012.58
-48664.80 -49012.58
-48643.84 -49012.58
-49299.93 -49012.58
-48550.82 -49012.58
-49031.35 -49012.58
-49068.89 -49012.58
-48171.53 -49012.58
-49046.57 -49012.58
-48834.64 -49012.58
-47687.91 -49012.58
-48415.99 -49012.58
-48108.42 -49012.58
-48460.34 -49012.58
-48715.52 -49012.58
-48336.52 -49012.58
-49131.62 -49012.58
-48929.49 -49012.58
-48733.58 -49012.58
-48050.40 -49012.58
-48699.31 -49012.58
-47938.14 -49012.58
-47931.16 -49012.58
-48651.36 -49012.58
-49172.44 -49012.58
-48822.54 -49012.58
-48234.01 -49012.58
-48805.92 -49012.58
-48901.61 -49012.58
-49218.28 -49012.58
-48995.04 -49012.58
-48360.11 -49012.58
-49104.13 -49012.58
-48209.95 -49012.58
-48937.45 -49012.58
-49233.55 -49012.58
-49103.93 -49012.58
-49105.05 -49012.58
-48838.43 -49012.58
-48928.06 -49012.58
-48691.51 -49012.58
-49334.90 -49012.58
-48446.82 -49012.58
-48856.80 -49012.58
-48590.89 -49012.58
-48218.54 -49012.58
-49145.52 -49012.58
-49543.35 -49012.58
-48734.18 -49012.58
-48690.62 -49012.58
-49225.17 -49012.58
-49112.79 -49012.58
-49866.05 -49012.58
-49528.14 -49012.58
-48089.88 -49012.58
-49862.70 -49012.58
-48998.32 -49012.58
-48866.28 -49012.58
-49571.27 -49012.58
-48678.85 -49012.58
-48907.86 -49012.58
-48230.50 -49012.58
-48970.45 -49012.58
-48407.72 -49012.58
-49195.75 -49012.58
-48794.66 -49012.58
-48820.37 -49012.58
-48769.32 -49012.58
-48920.30 -49012.58
-48986.45 -49012.58
-48017.63 -49012.58
-48487.85 -49012.58
-48647.40 -49012.58
-49250.04 -49012.58
-47995.10 -49012.58
-49026.46 -49012.58
-48590.13 -49012.58
-48676.86 -49012.58
-48563.32 -49012.58
-49362.47 -49012.58
-48699.31 -49012.58
-48936.67 -49012.58
-48712.04 -49012.58
-49058.10 -49012.58
-49027.88 -49012.58
-48860.78 -49012.58
-48469.54 -49012.58
-49115.66 -49012.58
-48851.51 -49012.58
-49128.35 -49012.58
-47869.46 -49012.58
-49069.76 -49012.58
-48736.89 -49012.58
-48974.70 -49012.58
-48198.74 -49012.58
-48619.97 -49012.58
-48569.83 -49012.58
-47994.11 -49012.58
-48382.16 -49012.58
-48990.14 -49012.58
-48578.69 -49012.58
-49334.67 -49012.58
-48724.30 -49012.58
-48463.60 -49012.58
-48690.12 -49012.58
-48799.24 -49012.58
-49286.34 -49012.58
-48366.24 -49012.58
-48688.14 -49012.58
-49001.55 -49012.58
-49365.83 -49012.58
-48496.63 -49012.58
-48625.19 -49012.58
-48582.37 -49012.58
-49108.33 -49012.58
-48384.72 -49012.58
-49562.88 -49012.58
-49030.06 -49012.58
-49053.61 -49012.58
-49206.66 -49012.58
-49496.62 -49012.58
-49059.92 -49012.58
-48774.06 -49012.58
-48988.31 -49012.58
-48544.24 -49012.58
-48222.76 -49012.58
-48942.83 -49012.58
-50345.10 -49012.58
-49302.35 -49012.58
-49358.01 -49012.58
-50128.81 -49012.58
-49048.45 -49012.58
-48656.27 -49012.58
-49045.34 -49012.58
-48914.71 -49012.58
-49346.97 -49012.58
-49659.34 -49012.58
-49068.81 -49012.58
-49390.46 -49012.58
-48909.89 -49012.58
-49181.03 -49012.58
-48902.27 -49012.58
-48721.57 -49012.58
-48923.94 -49012.58
-49269.45 -49012.58
-49444.42 -49012.58
-49771.61 -49012.58
-49143.14 -49012.58
-48717.75 -49012.58
-49215.15 -49012.58
-49105.20 -49012.58
-48668.27 -49012.58
-49087.87 -49012.58
-49212.83 -49012.58
-48984.54 -49012.58
-49251.64 -49012.58
-50248.54 -49012.58
-49462.85 -49012.58
-48765.97 -49012.58
-49157.46 -49012.58
-49091.67 -49012.58
-49024.44 -49012.58
-49922.87 -49012.58
-49075.39 -49012.58
-49092.42 -49012.58
-49284.34 -49012.58
-49243.37 -49012.58
-49270.67 -49012.58
-49057.41 -49012.58
-49259.79 -49012.58
-49429.61 -49012.58
-48899.85 -49012.58
-48960.22 -49012.58
-49564.75 -49012.58
-49754.45 -49012.58
-48970.40 -49012.58
-49472.56 -49012.58
-48488.03 -49012.58
-49113.43 -49012.58
-48621.20 -49012.58
-49198.82 -49012.58
-48861.61 -49012.58
-49134.63 -49012.58
-49140.76 -49012.58
-49153.10 -49012.58
-49587.00 -49012.58
-48875.47 -49012.58
-49885.26 -49012.58
-49128.85 -49012.58
-48540.86 -49012.58
-50519.00 -49012.58
-48537.07 -49012.58
-49016.61 -49012.58
-49367.01 -49012.58
-49052.84 -49012.58
-49429.95 -49012.58
-48669.61 -49012.58
-48718.13 -49012.58
-49079.84 -49012.58
-48967.51 -49012.58
-50401.01 -49012.58
-49007.40 -49012.58
-50117.27 -49012.58
-49018.05 -49012.58
-49916.65 -49012.58
-49087.53 -49012.58
-49003.50 -49012.58
-49425.59 -49012.58
-49609.25 -49012.58
-49075.51 -49012.58
-49171.38 -49012.58
-48875.98 -49012.58
-49013.68 -49012.58
-48882.34 -49012.58
-48622.17 -49012.58
-49267.42 -49012.58
-49105.91 -49012.58
-48394.33 -49012.58
-49106.12 -49012.58
-48863.32 -49012.58
-49017.11 -49012.58
-48546.34 -49012.58
-48966.21 -49012.58
-48859.55 -49012.58
-49477.91 -49012.58
-48882.91 -49012.58
-48963.84 -49012.58
-49139.47 -49012.58
-49136.69 -49012.58
-49281.09 -49012.58
-49295.66 -49012.58
-49558.83 -49012.58
-49014.24 -49012.58
-48739.34 -49012.58
-48777.56 -49012.58
-48703.87 -49012.58
-49023.90 -49012.58
-49165.91 -49012.58
-49009.70 -49012.58
-48835.85 -49012.58
-49414.71 -49012.58
-48637.04 -49012.58
-49592.04 -49012.58
-49184.42 -49012.58
-48877.93 -49012.58
-49118.81 -49012.58
-48550.52 -49012.58
-49425.84 -49012.58
-47843.27 -49012.58
-48448.08 -49012.58
-48531.54 -49012.58
-48174.33 -49012.58
-48837.79 -49012.58
-48849.28 -49012.58
-49035.75 -49012.58
-49070.60 -49012.58
-49782.06 -49012.58
-49109.43 -49012.58
-48284.05 -49012.58
-48678.68 -49012.58
-49071.89 -49012.58
-49346.54 -49012.58
-48844.00 -49012.58
-49160.51 -49012.58
-48144.58 -49012.58
-49304.76 -49012.58
-49054.77 -49012.58
-49112.01 -49012.58
-48542.98 -49012.58
-48750.04 -49012.58
-48290.62 -49012.58
-48173.60 -49012.58
-48667.77 -49012.58
-48605.25 -49012.58
-48734.00 -49012.58
-48995.85 -49012.58
-49038.56 -49012.58
-49175.36 -49012.58
-48942.08 -49012.58
-48666.54 -49012.58
-49044.64 -49012.58
-50048.47 -49012.58
-48958.72 -49012.58
-48976.89 -49012.58
-48857.65 -49012.58
-48483.49 -49012.58
-49866.17 -49012.58
-48749.85 -49012.58
-48700.75 -49012.58
-49003.17 -49012.58
-48469.77 -49012.58
-48762.66 -49012.58
-48379.51 -49012.58
-48592.64 -49012.58
-48516.43 -49012.58
-48536.09 -49012.58
-49381.52 -49012.58
-48626.02 -49012.58
-49561.08 -49012.58
-48835.32 -49012.58
-48796.33 -49012.58
-48944.74 -49012.58
-49341.08 -49012.58
-48742.40 -49012.58
-48943.60 -49012.58
-49237.81 -49012.58
-48876.62 -49012.58
-49119.47 -49012.58
-49133.02 -49012.58
-48609.65 -49012.58
-48592.47 -49012.58
-49106.29 -49012.58
-48927.58 -49012.58
-48885.42 -49012.58
-48951.43 -49012.58
-48911.14 -49012.58
-48884.32 -49012.58
-48761.83 -49012.58
-48999.63 -49012.58
-49144.13 -49012.58
-48459.88 -49012.58
-48693.32 -49012.58
-48543.93 -49012.58
-48729.75 -49012.58
-49604.47 -49012.58
-48671.85 -49012.58
-49237.51 -49012.58
-48622.82 -49012.58
-48455.66 -49012.58
-48360.10 -49012.58
-48366.55 -49012.58
-48817.76 -49012.58
-49054.55 -49012.58
-48559.36 -49012.58
-49210.78 -49012.58
-49308.78 -49012.58
-49000.77 -49012.58
-48501.79 -49012.58
-48825.58 -49012.58
-49455.64 -49012.58
-48617.63 -49012.58
-47750.21 -49012.58
-49134.66 -49012.58
-48856.07 -49012.58
-48609.70 -49012.58
-48942.76 -49012.58
-48501.84 -49012.58
-49343.84 -49012.58
-49564.40 -49012.58
-48835.83 -49012.58
-49373.05 -49012.58
-49115.21 -49012.58
-48808.77 -49012.58
-48672.02 -49012.58
-49103.25 -49012.58
-49316.01 -49012.58
-49162.08 -49012.58
-49441.89 -49012.58
-50185.89 -49012.58
-48927.17 -49012.58
-47830.90 -49012.58
-48870.54 -49012.58
-48947.78 -49012.58
-48659.11 -49012.58
-47785.49 -49012.58
-48725.11 -49012.58
-48728.08 -49012.58
-48480.46 -49012.58
-48261.81 -49012.58
-47859.26 -49012.58
-48627.82 -49012.58
-49287.17 -49012.58
-49477.52 -49012.58
-48386.13 -49012.58
-48904.00 -49012.58
-48716.04 -49012.58
-48831.77 -49012.58
-49427.67 -49012.58
-48041.64 -49012.58
-48733.71 -49012.58
-49094.44 -49012.58
-48576.67 -49012.58
-48595.16 -49012.58
-48733.81 -49012.58
-49292.50 -49012.58
-49020.37 -49012.58
-49253.45 -49012.58
-48999.88 -49012.58
-49002.31 -49012.58
-49281.42 -49012.58
-49024.21 -49012.58
-48543.73 -49012.58
-48391.83 -49012.58
-49262.41 -49012.58
-49215.15 -49012.58
-48756.38 -49012.58
-49222.07 -49012.58
-48935.31 -49012.58
-49451.25 -49012.58
-49552.24 -49012.58
-48870.76 -49012.58
-48718.30 -49012.58
-49419.17 -49012.58
-48766.65 -49012.58
-48567.59 -49012.58
-49134.19 -49012.58
-49143.06 -49012.58
-48789.78 -49012.58
-48811.26 -49012.58
-48699.70 -49012.58
-48917.52 -49012.58
-48493.77 -49012.58
-48794.03 -49012.58
-49463.88 -49012.58
-48550.93 -49012.58
-48280.49 -49012.58
-49288.65 -49012.58
-49050.56 -49012.58
-49696.98 -49012.58
-49050.22 -49012.58
-50394.81 -49012.58
-48761.21 -49012.58
-48908.96 -49012.58
-49106.45 -49012.58
-48855.36 -49012.58
-48623.03 -49012.58
-49105.31 -49012.58
-49327.77 -49012.58
-49021.31 -49012.58
-49054.66 -49012.58
-49297.68 -49012.58
-49619.10 -49012.58
-48624.59 -49012.58
-49096.54 -49012.58
-49209.65 -49012.58
-49115.17 -49012.58
-49110.96 -49012.58
-49102.94 -49012.58
-49159.50 -49012.58
-49123.29 -49012.58
-48991.07 -49012.58
-49802.50 -49012.58
-49529.76 -49012.58
-49457.80 -49012.58
-48531.69 -49012.58
-49031.32 -49012.58
-49242.90 -49012.58
-49274.35 -49012.58
-49007.56 -49012.58
-49291.39 -49012.58
-48842.56 -49012.58
-50037.82 -49012.58
-49796.63 -49012.58
-48966.24 -49012.58
-49036.59 -49012.58
-49406.86 -49012.58
-49096.71 -49012.58
-49636.66 -49012.58
-49309.60 -49012.58
-49198.04 -49012.58
-48463.05 -49012.58
-48932.64 -49012.58
-49644.09 -49012.58
-49244.09 -49012.58
-48561.59 -49012.58
-48827.57 -49012.58
-49132.11 -49012.58
-49914.94 -49012.58
-49625.48 -49012.58
-49198.94 -49012.58
-49162.91 -49012.58
-49125.67 -49012.58
-49023.31 -49012.58
-48989.61 -49012.58
-48732.97 -49012.58
-49333.40 -49012.58
-49031.84 -49012.58
-49112.41 -49012.58
-50029.65 -49012.58
-49057.35 -49012.58
-48936.81 -49012.58
-49419.17 -49012.58
-49343.69 -49012.58
-49224.97 -49012.58
-48692.24 -49012.58
-49202.92 -49012.58
-49845.22 -49012.58
-49636.88 -49012.58
-49092.89 -49012.58
-49080.77 -49012.58
-48837.92 -49012.58
-49428.13 -49012.58
-48932.34 -49012.58
-49466.25 -49012.58
-49323.44 -49012.58
-49309.37 -49012.58
-49661.43 -49012.58
-48445.64 -49012.58
-49567.03 -49012.58
-48887.51 -49012.58
-48511.60 -49012.58
-49322.21 -49012.58
-48492.80 -49012.58
-49536.25 -49012.58
-49079.35 -49012.58
-49430.13 -49012.58
-49567.53 -49012.58
-49336.19 -49012.58
-48394.49 -49012.58
-48980.95 -49012.58
-49365.57 -49012.58
-48761.88 -49012.58
-48689.58 -49012.58
-48974.56 -49012.58
-49254.37 -49012.58
-49342.68 -49012.58
-48473.18 -49012.58
-49757.36 -49012.58
-48877.15 -49012.58
-49597.57 -49012.58
-48931.98 -49012.58
-49184.92 -49012.58
-48292.88 -49012.58
-49593.32 -49012.58
-49017.41 -49012.58
-49144.89 -49012.58
-48693.16 -49012.58
-49273.53 -49012.58
-49013.24 -49012.58
-48590.50 -49012.58
-50400.76 -49012.58
-49416.72 -49012.58
-49763.84 -49012.58
-49000.16 -49012.58
-50627.45 -49012.58
-49179.80 -49012.58
-49082.67 -49012.58
-49399.61 -49012.58
-48849.27 -49012.58
-48613.84 -49012.58
-49064.84 -49012.58
-50389.46 -49012.58
-48764.77 -49012.58
-49316.94 -49012.58
-48672.73 -49012.58
-49262.43 -49012.58
-49101.75 -49012.58
-49431.07 -49012.58
-48672.98 -49012.58
-49456.61 -49012.58
-48849.85 -49012.58
-48856.48 -49012.58
-49746.68 -49012.58
-49005.15 -49012.58
-48781.13 -49012.58
-48691.65 -49012.58
-49640.12 -49012.58
-49362.78 -49012.58
-49233.65 -49012.58
-49437.34 -49012.58
-49207.81 -49012.58
-49312.91 -49012.58
-48891.98 -49012.58
-50034.13 -49012.58
-49288.26 -49012.58
-49414.87 -49012.58
-49845.71 -49012.58
-49481.82 -49012.58
-48935.13 -49012.58
-48996.69 -49012.58
-50138.84 -49012.58
-49396.52 -49012.58
-49178.86 -49012.58
-49191.75 -49012.58
-48702.66 -49012.58
-49803.58 -49012.58
-49124.19 -49012.58
-49617.86 -49012.58
-49860.16 -49012.58
-49486.39 -49012.58
-48902.80 -49012.58
-48365.69 -49012.58
-47822.26 -49012.58
-49748.43 -49012.58
-48584.59 -49012.58
-49557.83 -49012.58
-48674.93 -49012.58
-49367.83 -49012.58
-49460.48 -49012.58
-49452.48 -49012.58
-48513.80 -49012.58
-48572.79 -49012.58
-49031.51 -49012.58
-49118.50 -49012.58
-48939.44 -49012.58
-49643.12 -49012.58
-49537.87 -49012.58
-49643.24 -49012.58
-48770.77 -49012.58
-48697.82 -49012.58
-49060.47 -49012.58
-50160.01 -49012.58
-48698.85 -49012.58
-49131.96 -49012.58
-49924.01 -49012.58
-48450.95 -49012.58
-49201.28 -49012.58
-48817.44 -49012.58
-49567.45 -49012.58
-49305.03 -49012.58
-49761.39 -49012.58
-50104.72 -49012.58
-48441.04 -49012.58
-48877.15 -49012.58
-49065.70 -49012.58
-49678.07 -49012.58
-49734.75 -49012.58
-49284.25 -49012.58
-48657.49 -49012.58
-49402.35 -49012.58
-49503.26 -49012.58
-49232.97 -49012.58
-49197.11 -49012.58
-48646.22 -49012.58
-49043.70 -49012.58
-49202.15 -49012.58
-48492.91 -49012.58
-49082.21 -49012.58
-48904.35 -49012.58
-49837.60 -49012.58
-49250.65 -49012.58
-49106.97 -49012.58
-49191.17 -49012.58
-49009.60 -49012.58
-48865.07 -49012.58
-49754.68 -49012.58
-49306.15 -49012.58
-48912.18 -49012.58
-49681.21 -49012.58
-48983.71 -49012.58
-48955.74 -49012.58
-48967.01 -49012.58
-49268.63 -49012.58
-49146.02 -49012.58
-48955.42 -49012.58
-48946.89 -49012.58
-48829.47 -49012.58
-48866.95 -49012.58
-49090.95 -49012.58
-49202.37 -49012.58
-48489.36 -49012.58
-49926.40 -49012.58
-49765.59 -49012.58
-49149.84 -49012.58
-49078.60 -49012.58
-49221.58 -49012.58
-49800.29 -49012.58
-48887.71 -49012.58
-49079.10 -49012.58
-49222.21 -49012.58
-49317.57 -49012.58
-49256.79 -49012.58
-49327.49 -49012.58
-49624.88 -49012.58
-48926.38 -49012.58
-48586.44 -49012.58
-49471.10 -49012.58
-48771.38 -49012.58
-49228.01 -49012.58
-48533.37 -49012.58
-48615.65 -49012.58
-49391.87 -49012.58
-49050.85 -49012.58
-49178.87 -49012.58
-49417.35 -49012.58
-49415.70 -49012.58
-49117.68 -49012.58
-48753.30 -49012.58
-48776.68 -49012.58
-49206.34 -49012.58
-48041.05 -49012.58
-49197.28 -49012.58
-49889.55 -49012.58
-48920.36 -49012.58
-49052.20 -49012.58
-48738.10 -49012.58
-49048.95 -49012.58
-49390.83 -49012.58
-49259.23 -49012.58
-49690.80 -49012.58
-48899.89 -49012.58
-49168.63 -49012.58
-48529.89 -49012.58
-49021.52 -49012.58
-49137.51 -49012.58
-48753.19 -49012.58
-49689.03 -49012.58
-48629.19 -49012.58
-48617.43 -49012.58
-49089.53 -49012.58
-48949.98 -49012.58
-49161.97 -49012.58
-48948.13 -49012.58
-48807.34 -49012.58
-49092.10 -49012.58
-48682.67 -49012.58
-49160.31 -49012.58
-48685.77 -49012.58
-49672.24 -49012.58
-49352.23 -49012.58
-49596.41 -49012.58
-49209.49 -49012.58
-47883.97 -49012.58
-48434.03 -49012.58
-49922.98 -49012.58
-49904.29 -49012.58
-49809.46 -49012.58
-49463.59 -49012.58
-48624.43 -49012.58
-49129.46 -49012.58
-49203.70 -49012.58
-49118.60 -49012.58
-49076.22 -49012.58
-48867.59 -49012.58
-49078.26 -49012.58
-49784.81 -49012.58
-48478.06 -49012.58
-49052.83 -49012.58
-48864.73 -49012.58
-48654.24 -49012.58
-48616.72 -49012.58
-49892.01 -49012.58
-49529.14 -49012.58
-48979.47 -49012.58
-49481.48 -49012.58
-48897.46 -49012.58
-49629.53 -49012.58
-49428.90 -49012.58
-49296.15 -49012.58
-49486.19 -49012.58
-48494.85 -49012.58
-50156.39 -49012.58
-48938.41 -49012.58
-48976.60 -49012.58
-49573.98 -49012.58
-48808.94 -49012.58
-48972.95 -49012.58
-49210.39 -49012.58
-49228.05 -49012.58
-49410.59 -49012.58
-48284.47 -49012.58
-49087.91 -49012.58
-48991.98 -49012.58
-48738.71 -49012.58
-49493.12 -49012.58
-49121.55 -49012.58
-48719.38 -49012.58
-49228.90 -49012.58
-49008.00 -49012.58
-48633.47 -49012.58
-48607.00 -49012.58
-48870.89 -49012.58
-49162.54 -49012.58
-49435.13 -49012.58
-49987.09 -49012.58
-48851.75 -49012.58
-49557.62 -49012.58
-48928.29 -49012.58
-49284.15 -49012.58
-49340.67 -49012.58
-48816.30 -49012.58
-49287.40 -49012.58
-48469.76 -49012.58
-49900.00 -49012.58
-49893.14 -49012.58
-49161.08 -49012.58
-49053.27 -49012.58
-49610.44 -49012.58
-49412.88 -49012.58
-49174.40 -49012.58
-48473.59 -49012.58
-48840.89 -49012.58
-49689.34 -49012.58
-49162.02 -49012.58
-49458.23 -49012.58
-48744.23 -49012.58
-49198.27 -49012.58
-48948.25 -49012.58
-49186.68 -49012.58
-48881.04 -49012.58
-49397.28 -49012.58
-49537.64 -49012.58
-49150.05 -49012.58
-49230.71 -49012.58
-49328.06 -49012.58
-48647.81 -49012.58
-49325.78 -49012.58
-49504.06 -49012.58
-50109.92 -49012.58
-48894.16 -49012.58
-49185.53 -49012.58
-49471.05 -49012.58
-49563.12 -49012.58
-49597.20 -49012.58
-49153.59 -49012.58
-48872.31 -49012.58
-49420.52 -49012.58
-49778.96 -49012.58
-48755.71 -49012.58
-49093.84 -49012.58
-49301.97 -49012.58
-48787.40 -49012.58
-49255.46 -49012.58
-50640.15 -49012.58
-48988.52 -49012.58
-49210.87 -49012.58
-49171.76 -49012.58
-49549.21 -49012.58
-49430.59 -49012.58
-48907.80 -49012.58
-48674.63 -49012.58
-49885.63 -49012.58
-49198.68 -49012.58
-49208.84 -49012.58
-48606.76 -49012.58
-48483.63 -49012.58
-48443.50 -49012.58
-48854.20 -49012.58
-49492.07 -49012.58
-49126.40 -49012.58
-49666.23 -49012.58
-49273.57 -49012.58
-49021.07 -49012.58
-49372.76 -49012.58
-49000.62 -49012.58
-49251.46 -49012.58
-49666.19 -49012.58
-49983.55 -49012.58
-49432.28 -49012.58
-48929.72 -49012.58
-48940.21 -49012.58
-49137.66 -49012.58
-49728.27 -49012.58
-49115.85 -49012.58
-49739.39 -49012.58
-49526.28 -49012.58
-49009.47 -49012.58
-49017.75 -49012.58
-49426.05 -49012.58
-48957.15 -49012.58
-48867.40 -49012.58
-48881.23 -49012.58
-49118.44 -49012.58
-48830.56 -49012.58
-49183.79 -49012.58
-48333.98 -49012.58
-48835.36 -49012.58
-49461.62 -49012.58
-49084.80 -49012.58
-48585.65 -49012.58
-49596.18 -49012.58
-49493.86 -49012.58
-48851.95 -49012.58
-49006.99 -49012.58
-48954.79 -49012.58
-49493.30 -49012.58
-48890.99 -49012.58
-49068.11 -49012.58
-49252.86 -49012.58
-49091.95 -49012.58
-48979.02 -49012.58
-49370.80 -49012.58
-49712.66 -49012.58
-49287.80 -49012.58
-49310.30 -49012.58
-49125.42 -49012.58
-48491.15 -49012.58
-49046.13 -49012.58
-49234.92 -49012.58
-49635.44 -49012.58
-49230.76 -49012.58
-49959.25 -49012.58
-49416.76 -49012.58
-49669.34 -49012.58
-50308.18 -49012.58
-49643.76 -49012.58
-49275.01 -49012.58
-49536.99 -49012.58
-48961.98 -49012.58
-49158.95 -49012.58
-47809.00 -49012.58
-49200.31 -49012.58
-49144.93 -49012.58
-48568.73 -49012.58
-49079.47 -49012.58
-48629.66 -49012.58
-49677.89 -49012.58
-49610.53 -49012.58
-49227.73 -49012.58
-48319.50 -49012.58
-49017.86 -49012.58
-48751.36 -49012.58
-49445.36 -49012.58
-48720.73 -49012.58
-48891.50 -49012.58
-49486.74 -49012.58
-48658.92 -49012.58
-49108.34 -49012.58
-49002.30 -49012.58
-48944.83 -49012.58
-48988.65 -49012.58
-48861.61 -49012.58
-49325.79 -49012.58
-49297.94 -49012.58
