0.00 0.00
-2214.36 0.00
-2201.74 -2201.74
-2216.77 -2201.74
-2194.79 -2194.79
-2210.89 -2194.79
-2202.87 -2194.79
-2197.12 -2194.79
-2192.64 -2192.64
-2171.67 -2171.67
-2193.76 -2171.67
-2195.19 -2171.67
-2190.35 -2171.67
-2169.10 -2169.10
-2180.92 -2169.10
-2198.21 -2169.10
-2172.55 -2169.10
-2177.14 -2169.10
-2166.36 -2166.36
-2130.39 -2130.39
-2123.82 -2123.82
-2139.80 -2123.82
-2127.96 -2123.82
-2099.67 -2099.67
-2101.75 -2099.67
-2081.74 -2081.74
-2086.69 -2081.74
-2079.20 -2079.20
-2090.65 -2079.20
-2067.10 -2067.10
-2090.94 -2067.10
-2088.22 -2067.10
-2065.55 -2065.55
-2055.76 -2055.76
-2048.59 -2048.59
-2081.64 -2048.59
-2077.80 -2048.59
-2058.52 -2048.59
-2066.17 -2048.59
-2076.19 -2048.59
-2069.03 -2048.59
-2078.83 -2048.59
-2029.01 -2029.01
-2018.28 -2018.28
-2040.23 -2018.28
-2021.20 -2018.28
-2014.11 -2014.11
-2013.54 -2013.54
-2024.00 -2013.54
-1994.95 -1994.95
-1993.22 -1993.22
-2004.65 -1993.22
-2010.05 -1993.22
-1990.56 -1990.56
-1954.01 -1954.01
-1964.44 -1954.01
-1991.96 -1954.01
-1921.62 -1921.62
-1961.06 -1921.62
-1927.07 -1921.62
-1913.90 -1913.90
-1926.96 -1913.90
-1944.04 -1913.90
-1896.19 -1896.19
-1921.71 -1896.19
-1846.43 -1846.43
-1922.92 -1846.43
-1901.40 -1846.43
-1941.24 -1846.43
-1909.50 -1846.43
-1890.74 -1846.43
-1814.53 -1814.53
-1878.15 -1814.53
-1923.66 -1814.53
-1934.24 -1814.53
-1889.86 -1814.53
-1888.14 -1814.53
-1901.66 -1814.53
-1846.61 -1814.53
-1883.61 -1814.53
-1850.73 -1814.53
-1870.19 -1814.53
-1904.18 -1814.53
-1867.12 -1814.53
-1899.83 -1814.53
-1839.27 -1814.53
-1916.70 -1814.53
-1820.65 -1814.53
-1898.23 -1814.53
-1901.68 -1814.53
-1893.35 -1814.53
-1988.96 -1814.53
-1897.30 -1814.53
-1851.61 -1814.53
-1896.65 -1814.53
-1936.28 -1814.53
-1842.95 -1814.53
-1873.51 -1814.53
-1961.18 -1814.53
-1850.23 -1814.53
-1829.71 -1814.53
-1846.32 -1814.53
-2210.31 -2210.31
-2220.49 -2210.31
-2194.22 -2194.22
-2196.20 -2196.20
-2179.32 -2179.32
-2185.78 -2179.32
-2162.99 -2162.99
-2159.39 -2159.39
-2164.38 -2159.39
-2145.24 -2145.24
-2131.43 -2131.43
-2092.47 -2092.47
-2101.00 -2092.47
-2087.87 -2087.87
-2069.66 -2069.66
-2116.43 -2069.66
-2078.71 -2069.66
-2074.45 -2069.66
-2076.54 -2069.66
-2079.45 -2069.66
-2086.92 -2069.66
-2079.16 -2069.66
-2068.56 -2068.56
-2075.64 -2068.56
-2079.16 -2068.56
-2066.06 -2066.06
-2093.37 -2066.06
-2070.92 -2066.06
-2068.97 -2066.06
-2094.80 -2066.06
-2072.83 -2066.06
-2085.53 -2066.06
-2096.18 -2066.06
-2078.38 -2066.06
-2060.17 -2060.17
-2083.68 -2060.17
-2058.76 -2058.76
-2052.21 -2052.21
-2042.02 -2042.02
-2058.79 -2042.02
-2056.14 -2042.02
-2072.98 -2042.02
-2053.89 -2042.02
-2050.70 -2042.02
-2054.46 -2042.02
-2033.91 -2033.91
-2038.56 -2033.91
-2053.53 -2033.91
-2040.39 -2033.91
-2061.46 -2033.91
-2057.60 -2033.91
-2071.47 -2033.91
-2074.31 -2033.91
-2062.93 -2033.91
-2049.34 -2033.91
-2048.83 -2033.91
-2051.95 -2033.91
-2037.24 -2033.91
-2039.81 -2033.91
-2049.73 -2033.91
-2005.92 -2005.92
-2016.72 -2005.92
-2051.84 -2005.92
-2025.96 -2005.92
-2016.66 -2005.92
-2033.60 -2005.92
-2033.01 -2005.92
-2016.09 -2005.92
-2046.65 -2005.92
-2045.95 -2005.92
-2011.51 -2005.92
-2028.60 -2005.92
-2019.51 -2005.92
-2025.94 -2005.92
-2012.15 -2005.92
-2001.83 -2001.83
-1996.68 -1996.68
-2031.21 -1996.68
-1998.69 -1996.68
-1997.62 -1996.68
-2060.25 -1996.68
-2024.85 -1996.68
-2032.31 -1996.68
-1984.03 -1984.03
-1997.25 -1984.03
-1993.44 -1984.03
-2006.85 -1984.03
-2028.24 -1984.03
-2011.05 -1984.03
-1998.87 -1984.03
-1995.39 -1984.03
-1976.07 -1976.07
-2024.36 -1976.07
-1977.71 -1976.07
-1955.56 -1955.56
-1946.42 -1946.42
-1962.71 -1946.42
-1961.90 -1946.42
-1977.81 -1946.42
-1955.38 -1946.42
-2181.78 -2181.78
-2163.67 -2163.67
-2165.72 -2163.67
-2180.92 -2163.67
-2150.24 -2150.24
-2141.52 -2141.52
-2129.67 -2129.67
-2149.65 -2129.67
-2148.49 -2129.67
-2133.75 -2129.67
-2147.61 -2129.67
-2121.97 -2121.97
-2144.23 -2121.97
-2115.37 -2115.37
-2128.52 -2115.37
-2088.49 -2088.49
-2079.17 -2079.17
-2074.71 -2074.71
-2057.87 -2057.87
-2056.91 -2056.91
-2040.93 -2040.93
-2008.37 -2008.37
-2047.92 -2008.37
-2005.90 -2005.90
-1992.96 -1992.96
-2021.44 -1992.96
-2012.35 -1992.96
-2013.57 -1992.96
-1992.18 -1992.18
-1933.98 -1933.98
-1954.65 -1933.98
-1983.43 -1933.98
-1961.20 -1933.98
-1984.63 -1933.98
-1979.97 -1933.98
-1941.39 -1933.98
-1962.67 -1933.98
-1979.07 -1933.98
-1963.18 -1933.98
-1955.71 -1933.98
-1999.09 -1933.98
-1944.04 -1933.98
-1948.21 -1933.98
-1941.22 -1933.98
-1940.32 -1933.98
-1933.08 -1933.08
-1950.92 -1933.08
-1959.40 -1933.08
-1870.77 -1870.77
-1883.79 -1870.77
-1896.81 -1870.77
-1904.29 -1870.77
-1920.50 -1870.77
-1928.19 -1870.77
-1926.67 -1870.77
-1961.80 -1870.77
-1930.83 -1870.77
-1914.63 -1870.77
-1992.29 -1870.77
-1931.00 -1870.77
-1859.44 -1859.44
-1842.86 -1842.86
-1901.04 -1842.86
-1827.69 -1827.69
-1914.85 -1827.69
-1862.03 -1827.69
-1846.56 -1827.69
-1861.21 -1827.69
-1846.17 -1827.69
-1805.71 -1805.71
-1812.90 -1805.71
-1884.12 -1805.71
-1887.22 -1805.71
-1966.71 -1805.71
-1875.27 -1805.71
-1855.64 -1805.71
-1868.14 -1805.71
-1864.74 -1805.71
-1900.05 -1805.71
-1942.32 -1805.71
-1848.33 -1805.71
-1835.35 -1805.71
-1906.24 -1805.71
-1891.36 -1805.71
-1827.27 -1805.71
-1882.68 -1805.71
-1875.02 -1805.71
-1856.57 -1805.71
-1841.01 -1805.71
-1850.50 -1805.71
-1881.44 -1805.71
-1870.27 -1805.71
-1884.73 -1805.71
-1889.13 -1805.71
-1860.29 -1805.71
-1995.62 -1805.71
-1826.29 -1805.71
-1856.12 -1805.71
-1831.68 -1805.71
-1881.67 -1805.71
-2204.10 -2204.10
-2190.02 -2190.02
-2193.73 -2190.02
-2193.41 -2190.02
-2192.07 -2190.02
-2179.90 -2179.90
-2160.24 -2160.24
-2150.32 -2150.32
-2119.29 -2119.29
-2116.28 -2116.28
-2090.14 -2090.14
-2069.47 -2069.47
-2062.52 -2062.52
-2063.70 -2063.70
-2084.18 -2063.70
-2092.63 -2063.70
-2074.97 -2063.70
-2082.77 -2063.70
-2076.62 -2063.70
-2081.33 -2063.70
-2073.74 -2063.70
-2076.43 -2063.70
-2062.96 -2062.96
-2074.94 -2062.96
-2083.41 -2062.96
-2077.28 -2062.96
-2075.14 -2062.96
-2087.72 -2062.96
-2052.06 -2052.06
-2062.70 -2052.06
-2013.03 -2013.03
-2002.68 -2002.68
-2010.02 -2002.68
-2000.24 -2000.24
-2011.50 -2000.24
-2022.37 -2000.24
-2003.48 -2000.24
-1987.26 -1987.26
-1961.76 -1961.76
-1951.22 -1951.22
-1957.09 -1951.22
-1928.19 -1928.19
-1959.68 -1928.19
-1983.83 -1928.19
-1913.51 -1913.51
-1944.45 -1913.51
-1945.01 -1913.51
-1923.20 -1913.51
-1869.72 -1869.72
-1948.73 -1869.72
-1900.07 -1869.72
-1859.22 -1859.22
-1850.09 -1850.09
-1881.23 -1850.09
-1902.31 -1850.09
-1849.44 -1849.44
-1909.63 -1849.44
-1927.41 -1849.44
-1893.39 -1849.44
-1850.98 -1849.44
-1839.27 -1839.27
-1833.23 -1833.23
-1988.46 -1833.23
-1850.85 -1833.23
-1887.93 -1833.23
-1882.46 -1833.23
-1925.03 -1833.23
-1791.52 -1791.52
-1925.75 -1791.52
-1925.99 -1791.52
-1853.90 -1791.52
-1803.44 -1791.52
-1815.52 -1791.52
-1805.24 -1791.52
-1905.47 -1791.52
-1882.17 -1791.52
-1872.66 -1791.52
-1798.22 -1791.52
-1791.96 -1791.52
-1847.78 -1791.52
-1828.64 -1791.52
-1870.23 -1791.52
-1819.66 -1791.52
-1788.65 -1788.65
-1776.24 -1776.24
-1828.57 -1776.24
-1830.60 -1776.24
-1868.31 -1776.24
-1969.13 -1776.24
-1745.82 -1745.82
-1892.14 -1745.82
-1891.83 -1745.82
-1874.90 -1745.82
-1846.07 -1745.82
-1857.05 -1745.82
-1799.68 -1745.82
-1908.00 -1745.82
-1800.23 -1745.82
-1932.31 -1745.82
-1769.17 -1745.82
-2202.96 -2202.96
-2202.89 -2202.89
-2190.51 -2190.51
-2169.17 -2169.17
-2160.02 -2160.02
-2150.91 -2150.91
-2145.32 -2145.32
-2141.58 -2141.58
-2150.19 -2141.58
-2131.86 -2131.86
-2115.47 -2115.47
-2118.17 -2118.17
-2107.04 -2107.04
-2086.59 -2086.59
-2084.13 -2084.13
-2078.22 -2078.22
-2069.19 -2069.19
-2015.54 -2015.54
-2020.11 -2015.54
-2052.59 -2015.54
-2008.27 -2008.27
-1998.14 -1998.14
-1999.90 -1998.14
-2043.27 -1998.14
-1982.43 -1982.43
-2016.63 -1982.43
-1984.80 -1984.80
-2005.26 -1984.80
-1974.00 -1974.00
-1935.28 -1935.28
-1920.61 -1920.61
-1923.42 -1920.61
-1928.46 -1920.61
-1913.03 -1913.03
-1955.31 -1913.03
-1954.17 -1913.03
-1930.37 -1913.03
-1976.36 -1913.03
-1882.44 -1882.44
-1921.61 -1882.44
-1876.79 -1876.79
-1960.13 -1876.79
-1954.95 -1876.79
-1921.46 -1876.79
-1895.38 -1876.79
-1896.01 -1876.79
-1905.36 -1876.79
-1836.30 -1836.30
-1806.15 -1806.15
-1825.94 -1806.15
-1840.80 -1806.15
-1823.90 -1806.15
-1930.21 -1806.15
-1957.53 -1806.15
-1801.78 -1801.78
-1836.99 -1801.78
-1899.54 -1801.78
-1918.22 -1801.78
-1852.10 -1801.78
-1803.23 -1803.23
-1874.28 -1803.23
-1858.12 -1803.23
-1844.33 -1803.23
-1854.56 -1803.23
-1823.54 -1803.23
-1906.94 -1803.23
-1834.36 -1803.23
-1828.41 -1803.23
-1969.20 -1803.23
-1922.03 -1803.23
-1908.17 -1803.23
-1833.99 -1803.23
-1816.99 -1803.23
-1812.65 -1803.23
-1857.50 -1803.23
-1800.64 -1800.64
-1827.73 -1800.64
-1809.50 -1800.64
-1820.53 -1800.64
-1783.66 -1783.66
-1797.31 -1783.66
-1830.63 -1783.66
-1808.29 -1783.66
-1802.73 -1783.66
-1807.80 -1783.66
-1802.04 -1783.66
-1831.93 -1783.66
-1884.63 -1783.66
-1978.29 -1783.66
-1871.74 -1783.66
-1864.06 -1783.66
-1832.01 -1783.66
-1796.05 -1783.66
-1805.17 -1783.66
-1754.92 -1754.92
-1868.48 -1754.92
-1831.65 -1754.92
-1775.49 -1754.92
-1755.04 -1755.04
-1888.64 -1755.04
-2218.92 -2218.92
-2173.41 -2173.41
-2171.89 -2171.89
-2194.75 -2171.89
-2165.56 -2165.56
-2193.82 -2165.56
-2154.27 -2154.27
-2151.46 -2151.46
-2166.07 -2151.46
-2163.66 -2151.46
-2145.90 -2145.90
-2153.98 -2145.90
-2146.46 -2146.46
-2154.46 -2146.46
-2122.43 -2122.43
-2139.39 -2122.43
-2130.03 -2122.43
-2136.01 -2122.43
-2112.99 -2112.99
-2115.64 -2112.99
-2108.14 -2108.14
-2108.21 -2108.21
-2118.17 -2108.21
-2102.73 -2102.73
-2106.32 -2102.73
-2104.12 -2104.12
-2096.55 -2096.55
-2094.40 -2094.40
-2063.66 -2063.66
-2084.59 -2063.66
-2096.85 -2063.66
-2070.95 -2063.66
-2079.66 -2063.66
-2060.30 -2060.30
-2040.50 -2040.50
-2056.31 -2040.50
-2050.80 -2040.50
-2018.73 -2018.73
-2045.32 -2018.73
-2026.99 -2018.73
-2029.06 -2018.73
-2026.07 -2018.73
-2037.93 -2018.73
-2019.85 -2019.85
-2015.03 -2015.03
-2046.29 -2015.03
-2016.13 -2015.03
-2008.67 -2008.67
-2025.00 -2008.67
-2013.85 -2008.67
-1996.20 -1996.20
-2022.77 -1996.20
-1983.37 -1983.37
-2000.00 -1983.37
-2018.25 -1983.37
-2030.43 -1983.37
-2014.53 -1983.37
-2010.34 -1983.37
-1991.87 -1983.37
-2000.96 -1983.37
-1984.05 -1983.37
-2016.34 -1983.37
-1987.03 -1983.37
-2008.17 -1983.37
-2015.64 -1983.37
-1989.27 -1983.37
-1973.83 -1973.83
-1995.99 -1973.83
-1966.63 -1966.63
-1978.30 -1966.63
-1910.71 -1910.71
-1941.18 -1910.71
-1916.27 -1910.71
-1922.45 -1910.71
-1940.08 -1910.71
-1934.58 -1910.71
-1939.74 -1910.71
-1962.32 -1910.71
-1932.04 -1910.71
-2042.58 -1910.71
-1921.84 -1910.71
-1974.44 -1910.71
-1926.87 -1910.71
-1911.22 -1910.71
-1998.69 -1910.71
-1955.42 -1910.71
-1950.54 -1910.71
-1939.54 -1910.71
-1921.37 -1910.71
-1932.33 -1910.71
-1957.30 -1910.71
-2008.48 -1910.71
-1905.27 -1905.27
-1865.18 -1865.18
-1911.66 -1865.18
-1927.32 -1865.18
-1951.93 -1865.18
-1875.48 -1865.18
-1907.04 -1865.18
-2022.92 -1865.18
-2192.27 -2192.27
-2193.93 -2192.27
-2162.25 -2162.25
-2151.16 -2151.16
-2157.92 -2151.16
-2165.36 -2151.16
-2165.30 -2151.16
-2152.95 -2151.16
-2167.39 -2151.16
-2168.27 -2151.16
-2150.81 -2150.81
-2147.73 -2147.73
-2146.30 -2146.30
-2159.49 -2146.30
-2139.85 -2139.85
-2128.52 -2128.52
-2122.60 -2122.60
-2143.89 -2122.60
-2115.52 -2115.52
-2068.33 -2068.33
-2094.78 -2068.33
-2076.07 -2068.33
-2077.93 -2068.33
-2044.81 -2044.81
-2078.98 -2044.81
-2038.21 -2038.21
-2013.16 -2013.16
-2016.51 -2013.16
-2036.71 -2013.16
-1987.78 -1987.78
-1995.20 -1987.78
-2010.25 -1987.78
-1966.06 -1966.06
-1919.72 -1919.72
-1943.51 -1919.72
-1898.63 -1898.63
-1972.02 -1898.63
-1924.70 -1898.63
-1933.12 -1898.63
-1956.64 -1898.63
-1900.18 -1898.63
-1929.54 -1898.63
-1954.04 -1898.63
-1947.09 -1898.63
-1925.63 -1898.63
-1950.33 -1898.63
-1929.07 -1898.63
-1940.62 -1898.63
-1918.91 -1898.63
-1972.55 -1898.63
-1988.62 -1898.63
-1925.27 -1898.63
-1937.79 -1898.63
-1939.61 -1898.63
-1926.64 -1898.63
-1914.35 -1898.63
-1956.96 -1898.63
-1931.38 -1898.63
-1916.53 -1898.63
-1946.92 -1898.63
-1884.25 -1884.25
-1912.73 -1884.25
-1941.79 -1884.25
-1999.08 -1884.25
-1921.53 -1884.25
-1928.28 -1884.25
-1951.12 -1884.25
-1900.91 -1884.25
-1938.49 -1884.25
-1893.47 -1884.25
-1950.17 -1884.25
-1999.08 -1884.25
-1959.51 -1884.25
-1904.78 -1884.25
-1934.58 -1884.25
-1934.47 -1884.25
-1935.30 -1884.25
-1885.27 -1884.25
-1957.93 -1884.25
-1943.05 -1884.25
-1858.52 -1858.52
-1893.95 -1858.52
-1870.46 -1858.52
-1843.47 -1843.47
-1927.66 -1843.47
-1843.19 -1843.19
-1803.78 -1803.78
-1873.94 -1803.78
-1899.04 -1803.78
-1941.31 -1803.78
-1857.27 -1803.78
-1896.15 -1803.78
-1806.56 -1803.78
-1937.25 -1803.78
-1837.88 -1803.78
-1797.54 -1797.54
-1861.52 -1797.54
-1881.85 -1797.54
-1767.87 -1767.87
-1828.77 -1767.87
-2194.65 -2194.65
-2192.49 -2192.49
-2189.78 -2189.78
-2199.96 -2189.78
-2197.25 -2189.78
-2193.36 -2189.78
-2212.70 -2189.78
-2212.51 -2189.78
-2184.11 -2184.11
-2204.86 -2184.11
-2169.45 -2169.45
-2180.55 -2169.45
-2165.97 -2165.97
-2159.71 -2159.71
-2164.77 -2159.71
-2154.34 -2154.34
-2150.15 -2150.15
-2124.46 -2124.46
-2127.62 -2127.62
-2116.87 -2116.87
-2110.25 -2110.25
-2111.54 -2111.54
-2099.43 -2099.43
-2063.85 -2063.85
-2100.08 -2063.85
-2062.70 -2062.70
-2071.08 -2062.70
-2063.63 -2063.63
-2069.53 -2063.63
-2074.90 -2063.63
-2057.72 -2057.72
-2074.73 -2057.72
-2030.36 -2030.36
-2041.11 -2030.36
-2036.97 -2030.36
-2038.89 -2030.36
-2035.51 -2030.36
-2031.36 -2031.36
-2055.99 -2031.36
-2050.34 -2031.36
-2065.72 -2031.36
-2034.21 -2034.21
-2011.43 -2011.43
-2053.10 -2011.43
-2044.14 -2011.43
-2014.96 -2011.43
-2004.65 -2004.65
-2006.85 -2004.65
-2015.82 -2004.65
-2003.32 -2003.32
-1996.58 -1996.58
-1984.17 -1984.17
-1993.81 -1984.17
-1937.32 -1937.32
-1979.86 -1937.32
-1931.87 -1931.87
-1959.25 -1931.87
-1931.11 -1931.11
-1917.71 -1917.71
-1976.27 -1917.71
-1905.30 -1905.30
-1867.71 -1867.71
-1903.78 -1867.71
-2015.81 -1867.71
-1905.83 -1867.71
-1891.09 -1867.71
-1901.09 -1867.71
-1868.52 -1867.71
-1894.29 -1867.71
-1867.83 -1867.83
-1895.26 -1867.83
-1928.07 -1867.83
-1907.06 -1867.83
-1891.63 -1867.83
-1885.83 -1867.83
-1896.12 -1867.83
-1841.03 -1841.03
-1849.75 -1841.03
-1864.88 -1841.03
-1897.00 -1841.03
-1903.25 -1841.03
-1903.14 -1841.03
-1857.43 -1841.03
-1906.11 -1841.03
-1928.46 -1841.03
-1914.81 -1841.03
-1913.38 -1841.03
-1881.69 -1841.03
-1857.17 -1841.03
-1889.23 -1841.03
-1943.24 -1841.03
-1873.96 -1841.03
-1891.48 -1841.03
-1835.90 -1835.90
-1895.98 -1835.90
-1899.66 -1835.90
-1889.79 -1835.90
-1899.24 -1835.90
-1902.59 -1835.90
-1919.56 -1835.90
-2201.26 -2201.26
-2195.09 -2195.09
-2195.14 -2195.14
-2210.57 -2195.14
-2208.36 -2195.14
-2163.45 -2163.45
-2166.78 -2163.45
-2153.92 -2153.92
-2164.66 -2153.92
-2167.00 -2153.92
-2160.35 -2153.92
-2165.58 -2153.92
-2161.84 -2153.92
-2168.06 -2153.92
-2150.59 -2150.59
-2134.74 -2134.74
-2128.60 -2128.60
-2111.79 -2111.79
-2136.59 -2111.79
-2110.74 -2110.74
-2114.07 -2110.74
-2101.18 -2101.18
-2098.37 -2098.37
-2088.73 -2088.73
-2071.10 -2071.10
-2077.08 -2071.10
-2091.63 -2071.10
-2102.91 -2071.10
-2099.36 -2071.10
-2066.18 -2066.18
-2060.84 -2060.84
-2047.47 -2047.47
-2048.38 -2047.47
-2044.82 -2044.82
-2018.76 -2018.76
-2030.27 -2018.76
-2062.71 -2018.76
-2043.44 -2018.76
-2031.32 -2018.76
-2006.11 -2006.11
-2047.77 -2006.11
-2039.85 -2006.11
-2020.63 -2006.11
-2023.62 -2006.11
-2024.52 -2006.11
-2023.52 -2006.11
-2017.05 -2006.11
-2014.81 -2006.11
-1995.03 -1995.03
-2013.57 -1995.03
-1991.25 -1991.25
-2036.31 -1991.25
-2002.91 -1991.25
-1968.80 -1968.80
-2001.76 -1968.80
-2011.76 -1968.80
-1940.36 -1940.36
-1966.16 -1940.36
-2025.88 -1940.36
-1978.98 -1940.36
-1959.09 -1940.36
-1940.36 -1940.36
-1978.85 -1940.36
-1931.43 -1931.43
-2004.03 -1931.43
-1955.79 -1931.43
-1933.95 -1931.43
-1953.03 -1931.43
-1922.95 -1922.95
-1929.26 -1922.95
-1940.68 -1922.95
-1937.75 -1922.95
-1904.55 -1904.55
-1874.82 -1874.82
-1888.45 -1874.82
-1902.76 -1874.82
-1891.69 -1874.82
-1897.65 -1874.82
-1897.61 -1874.82
-1911.27 -1874.82
-1984.33 -1874.82
-1913.14 -1874.82
-1944.06 -1874.82
-1912.58 -1874.82
-1875.37 -1875.37
-1878.37 -1875.37
-1845.19 -1845.19
-1899.57 -1845.19
-1901.87 -1845.19
-1870.58 -1845.19
-1812.78 -1812.78
-1874.72 -1812.78
-1822.23 -1812.78
-1849.10 -1812.78
-1903.51 -1812.78
-1929.09 -1812.78
-1836.35 -1812.78
-1943.69 -1812.78
-1900.60 -1812.78
-1917.33 -1812.78
-2210.43 -2210.43
-2214.16 -2210.43
-2196.72 -2196.72
-2231.50 -2196.72
-2213.23 -2196.72
-2196.54 -2196.54
-2191.49 -2191.49
-2194.02 -2191.49
-2204.13 -2191.49
-2168.93 -2168.93
-2180.08 -2168.93
-2179.39 -2168.93
-2164.23 -2164.23
-2152.36 -2152.36
-2134.94 -2134.94
-2139.36 -2134.94
-2123.22 -2123.22
-2095.95 -2095.95
-2116.23 -2095.95
-2112.66 -2095.95
-2069.59 -2069.59
-2043.46 -2043.46
-2075.38 -2043.46
-2073.37 -2043.46
-2044.03 -2044.03
-2058.57 -2044.03
-2037.02 -2037.02
-2024.59 -2024.59
-2009.51 -2009.51
-2021.15 -2009.51
-2029.29 -2009.51
-2016.70 -2009.51
-2027.71 -2009.51
-2035.84 -2009.51
-1981.13 -1981.13
-1981.92 -1981.13
-2018.75 -1981.13
-2015.62 -1981.13
-2045.72 -1981.13
-1990.69 -1981.13
-1973.21 -1973.21
-1983.05 -1973.21
-1979.25 -1973.21
-1987.90 -1973.21
-1893.65 -1893.65
-1944.35 -1893.65
-1893.78 -1893.78
-1926.09 -1893.78
-1870.32 -1870.32
-1880.25 -1870.32
-1871.20 -1871.20
-1887.30 -1871.20
-1889.34 -1871.20
-2018.75 -1871.20
-1923.56 -1871.20
-1883.55 -1871.20
-1876.84 -1871.20
-1979.36 -1871.20
-1859.30 -1859.30
-1887.06 -1859.30
-1863.55 -1859.30
-1838.89 -1838.89
-1982.73 -1838.89
-1906.12 -1838.89
-1872.96 -1838.89
-1853.19 -1838.89
-1843.85 -1838.89
-1844.48 -1838.89
-1890.50 -1838.89
-1866.89 -1838.89
-1870.81 -1838.89
-1838.23 -1838.23
-1863.78 -1838.23
-1901.43 -1838.23
-1874.91 -1838.23
-1943.34 -1838.23
-1859.85 -1838.23
-1872.89 -1838.23
-1875.92 -1838.23
-1912.19 -1838.23
-1897.98 -1838.23
-1890.64 -1838.23
-1875.14 -1838.23
-1844.14 -1838.23
-1932.23 -1838.23
-1885.15 -1838.23
-1919.58 -1838.23
-1906.54 -1838.23
-1911.48 -1838.23
-1898.03 -1838.23
-1852.23 -1838.23
-1846.41 -1838.23
-1882.70 -1838.23
-1857.37 -1838.23
-1994.17 -1838.23
-2026.16 -1838.23
-1827.45 -1827.45
-1850.07 -1827.45
