-10000.00 -10000.00
-2655.54 -2655.54
-2692.39 -2655.54
-2663.15 -2655.54
-2659.03 -2655.54
-2668.96 -2655.54
-2644.95 -2644.95
-2647.61 -2644.95
-2677.20 -2644.95
-2622.08 -2622.08
-2680.85 -2622.08
-2619.57 -2619.57
-2575.07 -2575.07
-2595.73 -2575.07
-2557.40 -2557.40
-2582.84 -2557.40
-2535.53 -2535.53
-2513.05 -2513.05
-2491.30 -2491.30
-2464.81 -2464.81
-2500.19 -2464.81
-2444.33 -2444.33
-2469.82 -2444.33
-2464.22 -2444.33
-2449.80 -2444.33
-2427.52 -2427.52
-2471.96 -2427.52
-2410.94 -2410.94
-2482.66 -2410.94
-2395.92 -2395.92
-2475.09 -2395.92
-2390.71 -2390.71
-2426.57 -2390.71
-2481.57 -2390.71
-2387.09 -2387.09
-2394.69 -2387.09
-2366.42 -2366.42
-2412.65 -2366.42
-2506.35 -2366.42
-2337.10 -2337.10
-2442.67 -2337.10
-2428.77 -2337.10
-2468.70 -2337.10
-2548.53 -2337.10
-2400.34 -2337.10
-2474.33 -2337.10
-2385.58 -2337.10
-2388.93 -2337.10
-2447.12 -2337.10
-2373.68 -2337.10
-2371.87 -2337.10
-2319.92 -2319.92
-2416.16 -2319.92
-2325.12 -2319.92
-2426.98 -2319.92
-2303.66 -2303.66
-2343.84 -2303.66
-2354.84 -2303.66
-2326.17 -2303.66
-2483.18 -2303.66
-2361.56 -2303.66
-2355.34 -2303.66
-2293.49 -2293.49
-2259.37 -2259.37
-2349.58 -2259.37
-2328.00 -2259.37
-2456.98 -2259.37
-2481.78 -2259.37
-2358.70 -2259.37
-2343.97 -2259.37
-2292.54 -2259.37
-2407.19 -2259.37
-2325.30 -2259.37
-2280.33 -2259.37
-2373.05 -2259.37
-2316.35 -2259.37
-2434.79 -2259.37
-2319.21 -2259.37
-2193.63 -2193.63
-2365.86 -2193.63
-2343.53 -2193.63
-2362.86 -2193.63
-2357.62 -2193.63
-2388.54 -2193.63
-2310.94 -2193.63
-2328.02 -2193.63
-2489.95 -2193.63
-2300.08 -2193.63
-2366.22 -2193.63
-2246.85 -2193.63
-2274.85 -2193.63
-2437.65 -2193.63
-2473.44 -2193.63
-2267.56 -2193.63
-2350.75 -2193.63
-2394.59 -2193.63
-2294.23 -2193.63
-2392.35 -2193.63
-2480.29 -2193.63
-2293.22 -2193.63
-2332.43 -2193.63
-2349.57 -2193.63
-2657.55 -2193.63
-2668.59 -2193.63
-2651.58 -2651.58
-2707.43 -2651.58
-2668.94 -2651.58
-2685.16 -2651.58
-2651.03 -2651.03
-2640.08 -2640.08
-2640.08 -2640.08
-2649.74 -2640.08
-2635.57 -2635.57
-2648.54 -2635.57
-2630.70 -2630.70
-2628.46 -2628.46
-2655.59 -2628.46
-2632.14 -2628.46
-2646.01 -2628.46
-2644.73 -2628.46
-2641.98 -2628.46
-2605.50 -2605.50
-2562.05 -2562.05
-2554.33 -2554.33
-2605.98 -2554.33
-2606.47 -2554.33
-2560.69 -2554.33
-2541.51 -2541.51
-2533.85 -2533.85
-2539.88 -2533.85
-2551.06 -2533.85
-2538.33 -2533.85
-2464.30 -2464.30
-2472.04 -2464.30
-2531.62 -2464.30
-2464.51 -2464.51
-2522.85 -2464.51
-2467.33 -2464.51
-2440.80 -2440.80
-2470.09 -2440.80
-2462.15 -2440.80
-2512.02 -2440.80
-2427.12 -2427.12
-2514.34 -2427.12
-2553.72 -2427.12
-2443.21 -2427.12
-2451.99 -2427.12
-2449.34 -2427.12
-2449.45 -2427.12
-2467.38 -2427.12
-2490.22 -2427.12
-2484.15 -2427.12
-2557.63 -2427.12
-2563.84 -2427.12
-2457.80 -2427.12
-2459.98 -2427.12
-2500.85 -2427.12
-2433.50 -2427.12
-2470.99 -2427.12
-2471.48 -2427.12
-2471.82 -2427.12
-2433.27 -2427.12
-2442.63 -2427.12
-2484.44 -2427.12
-2449.44 -2427.12
-2461.02 -2427.12
-2527.82 -2427.12
-2485.69 -2427.12
-2491.39 -2427.12
-2452.31 -2427.12
-2497.33 -2427.12
-2429.81 -2427.12
-2494.71 -2427.12
-2474.88 -2427.12
-2445.78 -2427.12
-2477.66 -2427.12
-2448.39 -2427.12
-2428.76 -2428.76
-2438.26 -2428.76
-2419.39 -2419.39
-2486.77 -2419.39
-2427.00 -2419.39
-2465.14 -2419.39
-2436.58 -2419.39
-2431.00 -2419.39
-2443.30 -2419.39
-2473.33 -2419.39
-2430.70 -2419.39
-2404.66 -2404.66
-2422.48 -2404.66
-2426.07 -2404.66
-2452.05 -2404.66
-2373.41 -2373.41
-2497.81 -2373.41
-2371.46 -2371.46
-2445.26 -2371.46
-2358.20 -2358.20
-2378.55 -2358.20
-2427.85 -2358.20
-2420.39 -2358.20
-2375.81 -2358.20
-2406.15 -2358.20
-2640.23 -2640.23
-2676.13 -2640.23
-2633.90 -2633.90
-2626.20 -2626.20
-2644.35 -2626.20
-2641.17 -2626.20
-2630.97 -2626.20
-2626.21 -2626.21
-2645.33 -2626.21
-2620.12 -2620.12
-2620.01 -2620.01
-2589.17 -2589.17
-2562.47 -2562.47
-2600.54 -2562.47
-2623.11 -2562.47
-2566.10 -2562.47
-2598.63 -2562.47
-2636.28 -2562.47
-2594.54 -2562.47
-2580.67 -2562.47
-2597.06 -2562.47
-2580.46 -2562.47
-2564.25 -2562.47
-2554.39 -2554.39
-2572.02 -2554.39
-2535.61 -2535.61
-2545.73 -2535.61
-2482.31 -2482.31
-2489.28 -2482.31
-2453.53 -2453.53
-2426.24 -2426.24
-2425.01 -2425.01
-2414.23 -2414.23
-2447.18 -2414.23
-2473.46 -2414.23
-2470.19 -2414.23
-2399.04 -2399.04
-2384.48 -2384.48
-2370.72 -2370.72
-2359.74 -2359.74
-2365.38 -2359.74
-2272.74 -2272.74
-2295.93 -2272.74
-2476.93 -2272.74
-2290.49 -2272.74
-2464.70 -2272.74
-2400.82 -2272.74
-2350.24 -2272.74
-2328.63 -2272.74
-2383.77 -2272.74
-2378.48 -2272.74
-2342.61 -2272.74
-2349.55 -2272.74
-2380.57 -2272.74
-2324.03 -2272.74
-2323.24 -2272.74
-2329.05 -2272.74
-2355.59 -2272.74
-2348.25 -2272.74
-2397.36 -2272.74
-2402.65 -2272.74
-2277.45 -2272.74
-2434.09 -2272.74
-2353.90 -2272.74
-2306.31 -2272.74
-2285.73 -2272.74
-2407.51 -2272.74
-2318.15 -2272.74
-2379.75 -2272.74
-2307.58 -2272.74
-2279.17 -2272.74
-2344.40 -2272.74
-2492.58 -2272.74
-2288.60 -2272.74
-2287.05 -2272.74
-2374.63 -2272.74
-2294.48 -2272.74
-2396.49 -2272.74
-2409.20 -2272.74
-2262.63 -2262.63
-2399.70 -2262.63
-2350.72 -2262.63
-2320.19 -2262.63
-2280.89 -2262.63
-2342.55 -2262.63
-2266.88 -2262.63
-2261.33 -2261.33
-2416.32 -2261.33
-2300.70 -2261.33
-2321.69 -2261.33
-2337.65 -2261.33
-2435.23 -2261.33
-2260.33 -2260.33
-2229.13 -2229.13
-2318.59 -2229.13
-2390.89 -2229.13
-2318.75 -2229.13
-2375.70 -2229.13
-2263.23 -2229.13
-2203.17 -2203.17
-2656.45 -2203.17
-2660.14 -2203.17
-2684.69 -2203.17
-2664.08 -2203.17
-2630.87 -2630.87
-2647.43 -2630.87
-2644.85 -2630.87
-2649.50 -2630.87
-2645.95 -2630.87
-2621.97 -2621.97
-2633.25 -2621.97
-2622.74 -2621.97
-2604.53 -2604.53
-2631.38 -2604.53
-2572.56 -2572.56
-2602.37 -2572.56
-2616.28 -2572.56
-2561.24 -2561.24
-2646.58 -2561.24
-2598.74 -2561.24
-2537.56 -2537.56
-2560.74 -2537.56
-2544.07 -2537.56
-2572.16 -2537.56
-2604.50 -2537.56
-2546.20 -2537.56
-2549.43 -2537.56
-2554.48 -2537.56
-2549.55 -2537.56
-2541.42 -2537.56
-2570.57 -2537.56
-2521.01 -2521.01
-2527.91 -2521.01
-2463.79 -2463.79
-2458.94 -2458.94
-2473.26 -2458.94
-2521.33 -2458.94
-2472.08 -2458.94
-2528.68 -2458.94
-2486.94 -2458.94
-2475.99 -2458.94
-2440.74 -2440.74
-2474.92 -2440.74
-2523.96 -2440.74
-2498.22 -2440.74
-2410.40 -2410.40
-2363.21 -2363.21
-2450.11 -2363.21
-2328.15 -2328.15
-2366.91 -2328.15
-2350.23 -2328.15
-2427.18 -2328.15
-2530.60 -2328.15
-2369.77 -2328.15
-2323.07 -2323.07
-2244.19 -2244.19
-2341.05 -2244.19
-2229.94 -2229.94
-2322.27 -2229.94
-2401.03 -2229.94
-2320.14 -2229.94
-2446.60 -2229.94
-2237.82 -2229.94
-2210.95 -2210.95
-2342.44 -2210.95
-2330.38 -2210.95
-2303.66 -2210.95
-2273.11 -2210.95
-2544.76 -2210.95
-2280.43 -2210.95
-2389.90 -2210.95
-2262.39 -2210.95
-2298.85 -2210.95
-2368.63 -2210.95
-2210.37 -2210.37
-2309.50 -2210.37
-2411.11 -2210.37
-2344.07 -2210.37
-2231.48 -2210.37
-2310.31 -2210.37
-2217.79 -2210.37
-2278.28 -2210.37
-2328.59 -2210.37
-2234.38 -2210.37
-2347.82 -2210.37
-2286.31 -2210.37
-2289.68 -2210.37
-2238.45 -2210.37
-2298.42 -2210.37
-2408.13 -2210.37
-2328.72 -2210.37
-2257.60 -2210.37
-2238.83 -2210.37
-2380.61 -2210.37
-2281.16 -2210.37
-2312.43 -2210.37
-2218.89 -2210.37
-2409.46 -2210.37
-2354.38 -2210.37
-2391.05 -2210.37
-2646.49 -2646.49
-2612.50 -2612.50
-2628.11 -2612.50
-2580.15 -2580.15
-2597.95 -2580.15
-2611.23 -2580.15
-2619.03 -2580.15
-2562.65 -2562.65
-2588.51 -2562.65
-2595.37 -2562.65
-2574.41 -2562.65
-2609.21 -2562.65
-2602.83 -2562.65
-2574.53 -2562.65
-2555.98 -2555.98
-2553.53 -2553.53
-2611.60 -2553.53
-2600.26 -2553.53
-2578.33 -2553.53
-2605.99 -2553.53
-2564.71 -2553.53
-2564.08 -2553.53
-2567.13 -2553.53
-2540.99 -2540.99
-2525.50 -2525.50
-2571.64 -2525.50
-2514.40 -2514.40
-2527.15 -2514.40
-2582.01 -2514.40
-2524.20 -2514.40
-2547.02 -2514.40
-2521.56 -2514.40
-2550.97 -2514.40
-2511.68 -2511.68
-2529.60 -2511.68
-2504.09 -2504.09
-2465.24 -2465.24
-2423.56 -2423.56
-2430.25 -2423.56
-2388.56 -2388.56
-2399.58 -2388.56
-2435.61 -2388.56
-2430.99 -2388.56
-2418.29 -2388.56
-2433.12 -2388.56
-2445.64 -2388.56
-2484.36 -2388.56
-2496.01 -2388.56
-2388.33 -2388.33
-2386.55 -2386.55
-2446.99 -2386.55
-2475.59 -2386.55
-2436.87 -2386.55
-2403.78 -2386.55
-2376.05 -2376.05
-2476.53 -2376.05
-2413.21 -2376.05
-2425.40 -2376.05
-2370.03 -2370.03
-2394.15 -2370.03
-2455.90 -2370.03
-2373.92 -2370.03
-2433.02 -2370.03
-2352.61 -2352.61
-2349.26 -2349.26
-2403.90 -2349.26
-2370.73 -2349.26
-2414.30 -2349.26
-2368.72 -2349.26
-2387.12 -2349.26
-2363.47 -2349.26
-2306.72 -2306.72
-2406.41 -2306.72
-2409.21 -2306.72
-2297.78 -2297.78
-2540.12 -2297.78
-2327.77 -2297.78
-2344.33 -2297.78
-2399.62 -2297.78
-2367.28 -2297.78
-2297.63 -2297.63
-2404.84 -2297.63
-2292.19 -2292.19
-2253.26 -2253.26
-2300.08 -2253.26
-2311.37 -2253.26
-2359.89 -2253.26
-2227.43 -2227.43
-2313.23 -2227.43
-2211.90 -2211.90
-2336.62 -2211.90
-2298.59 -2211.90
-2159.63 -2159.63
-2290.31 -2159.63
-2206.72 -2159.63
-2419.44 -2159.63
-2278.49 -2159.63
-2292.05 -2159.63
-2299.23 -2159.63
-2264.36 -2159.63
-2638.62 -2638.62
-2606.27 -2606.27
-2601.55 -2601.55
-2589.06 -2589.06
-2597.83 -2589.06
-2597.00 -2589.06
-2644.44 -2589.06
-2603.42 -2589.06
-2627.12 -2589.06
-2588.20 -2588.20
-2582.94 -2582.94
-2571.90 -2571.90
-2595.92 -2571.90
-2590.29 -2571.90
-2590.87 -2571.90
-2564.10 -2564.10
-2552.07 -2552.07
-2543.82 -2543.82
-2540.94 -2540.94
-2525.70 -2525.70
-2562.15 -2525.70
-2533.39 -2525.70
-2541.71 -2525.70
-2539.02 -2525.70
-2541.46 -2525.70
-2582.50 -2525.70
-2565.14 -2525.70
-2583.22 -2525.70
-2568.23 -2525.70
-2551.32 -2525.70
-2585.65 -2525.70
-2525.18 -2525.18
-2514.92 -2514.92
-2538.42 -2514.92
-2531.24 -2514.92
-2551.36 -2514.92
-2554.46 -2514.92
-2479.39 -2479.39
-2502.81 -2479.39
-2495.63 -2479.39
-2513.31 -2479.39
-2533.32 -2479.39
-2463.51 -2463.51
-2561.18 -2463.51
-2449.59 -2449.59
-2502.33 -2449.59
-2483.19 -2449.59
-2447.65 -2447.65
-2429.95 -2429.95
-2456.90 -2429.95
-2541.52 -2429.95
-2452.71 -2429.95
-2477.79 -2429.95
-2456.98 -2429.95
-2447.57 -2429.95
-2464.23 -2429.95
-2437.64 -2429.95
-2473.47 -2429.95
-2439.34 -2429.95
-2438.94 -2429.95
-2447.64 -2429.95
-2441.42 -2429.95
-2456.78 -2429.95
-2444.13 -2429.95
-2438.51 -2429.95
-2505.40 -2429.95
-2492.66 -2429.95
-2480.90 -2429.95
-2456.27 -2429.95
-2463.57 -2429.95
-2479.79 -2429.95
-2466.51 -2429.95
-2452.16 -2429.95
-2484.47 -2429.95
-2456.46 -2429.95
-2461.78 -2429.95
-2486.75 -2429.95
-2566.11 -2429.95
-2494.31 -2429.95
-2442.99 -2429.95
-2470.78 -2429.95
-2409.92 -2409.92
-2448.37 -2409.92
-2447.70 -2409.92
-2466.22 -2409.92
-2428.70 -2409.92
-2379.06 -2379.06
-2459.93 -2379.06
-2361.77 -2361.77
-2415.51 -2361.77
-2411.40 -2361.77
-2412.75 -2361.77
-2383.67 -2361.77
-2416.36 -2361.77
-2450.47 -2361.77
-2448.36 -2361.77
-2435.68 -2361.77
-2420.26 -2361.77
-2454.71 -2361.77
-2467.86 -2361.77
-2641.97 -2641.97
-2673.01 -2641.97
-2656.24 -2641.97
-2653.26 -2641.97
-2626.61 -2626.61
-2627.51 -2626.61
-2666.65 -2626.61
-2611.13 -2611.13
-2647.05 -2611.13
-2670.30 -2611.13
-2581.96 -2581.96
-2572.57 -2572.57
-2584.43 -2572.57
-2578.97 -2572.57
-2578.23 -2572.57
-2565.31 -2565.31
-2570.98 -2565.31
-2570.10 -2565.31
-2594.56 -2565.31
-2573.00 -2565.31
-2577.26 -2565.31
-2573.17 -2565.31
-2543.63 -2543.63
-2572.96 -2543.63
-2516.33 -2516.33
-2466.05 -2466.05
-2503.90 -2466.05
-2427.60 -2427.60
-2468.59 -2427.60
-2431.70 -2427.60
-2450.63 -2427.60
-2483.89 -2427.60
-2513.26 -2427.60
-2423.59 -2423.59
-2544.44 -2423.59
-2448.07 -2423.59
-2433.12 -2423.59
-2491.33 -2423.59
-2435.16 -2423.59
-2446.89 -2423.59
-2478.13 -2423.59
-2445.31 -2423.59
-2382.58 -2382.58
-2446.75 -2382.58
-2501.95 -2382.58
-2440.04 -2382.58
-2432.33 -2382.58
-2463.90 -2382.58
-2420.43 -2382.58
-2445.84 -2382.58
-2412.60 -2382.58
-2398.23 -2382.58
-2543.42 -2382.58
-2514.90 -2382.58
-2410.41 -2382.58
-2376.36 -2376.36
-2378.06 -2376.36
-2336.93 -2336.93
-2323.81 -2323.81
-2395.21 -2323.81
-2295.90 -2295.90
-2272.01 -2272.01
-2348.49 -2272.01
-2392.70 -2272.01
-2291.15 -2272.01
-2376.84 -2272.01
-2398.92 -2272.01
-2399.58 -2272.01
-2339.85 -2272.01
-2418.84 -2272.01
-2370.51 -2272.01
-2405.77 -2272.01
-2330.92 -2272.01
-2286.52 -2272.01
-2387.04 -2272.01
-2312.76 -2272.01
-2449.68 -2272.01
-2317.72 -2272.01
-2317.46 -2272.01
-2366.06 -2272.01
-2337.64 -2272.01
-2341.88 -2272.01
-2283.14 -2272.01
-2359.32 -2272.01
-2364.74 -2272.01
-2312.56 -2272.01
-2444.60 -2272.01
-2364.57 -2272.01
-2414.55 -2272.01
-2380.41 -2272.01
-2411.90 -2272.01
-2369.46 -2272.01
-2344.80 -2272.01
-2251.10 -2251.10
-2319.20 -2251.10
-2318.75 -2251.10
-2272.16 -2251.10
-2334.42 -2251.10
-2423.25 -2251.10
-2421.92 -2251.10
-2614.93 -2614.93
-2607.83 -2607.83
-2599.18 -2599.18
-2611.33 -2599.18
-2627.18 -2599.18
-2593.11 -2593.11
-2653.71 -2593.11
-2578.47 -2578.47
-2588.67 -2578.47
-2582.35 -2578.47
-2562.77 -2562.77
-2585.66 -2562.77
-2585.03 -2562.77
-2568.11 -2562.77
-2607.84 -2562.77
-2585.30 -2562.77
-2619.31 -2562.77
-2647.00 -2562.77
-2546.80 -2546.80
-2567.17 -2546.80
-2525.87 -2525.87
-2506.05 -2506.05
-2531.73 -2506.05
-2489.23 -2489.23
-2455.05 -2455.05
-2402.48 -2402.48
-2397.69 -2397.69
-2393.16 -2393.16
-2387.98 -2387.98
-2433.72 -2387.98
-2443.80 -2387.98
-2322.54 -2322.54
-2369.93 -2322.54
-2337.53 -2322.54
-2313.24 -2313.24
-2326.67 -2313.24
-2237.59 -2237.59
-2331.19 -2237.59
-2318.05 -2237.59
-2337.97 -2237.59
-2320.65 -2237.59
-2421.02 -2237.59
-2306.10 -2237.59
-2341.53 -2237.59
-2307.97 -2237.59
-2321.52 -2237.59
-2259.34 -2237.59
-2295.69 -2237.59
-2361.36 -2237.59
-2483.70 -2237.59
-2255.20 -2237.59
-2389.37 -2237.59
-2388.86 -2237.59
-2276.54 -2237.59
-2358.47 -2237.59
-2299.23 -2237.59
-2279.91 -2237.59
-2231.64 -2231.64
-2332.86 -2231.64
-2415.36 -2231.64
-2356.11 -2231.64
-2362.40 -2231.64
-2319.51 -2231.64
-2244.02 -2231.64
-2257.51 -2231.64
-2201.54 -2201.54
-2288.17 -2201.54
-2373.39 -2201.54
-2191.12 -2191.12
-2279.55 -2191.12
-2276.56 -2191.12
-2265.50 -2191.12
-2268.34 -2191.12
-2177.71 -2177.71
-2316.80 -2177.71
-2359.44 -2177.71
-2408.14 -2177.71
-2367.04 -2177.71
-2262.75 -2177.71
-2329.74 -2177.71
-2183.92 -2177.71
-2293.66 -2177.71
-2471.03 -2177.71
-2342.55 -2177.71
-2324.67 -2177.71
-2263.42 -2177.71
-2266.90 -2177.71
-2405.57 -2177.71
-2235.73 -2177.71
-2333.36 -2177.71
-2191.14 -2177.71
-2303.97 -2177.71
-2317.33 -2177.71
-2267.64 -2177.71
-2349.43 -2177.71
-2237.03 -2177.71
-2262.53 -2177.71
-2299.17 -2177.71
-2296.51 -2177.71
-2226.01 -2177.71
-2656.33 -2656.33
-2656.25 -2656.25
-2641.06 -2641.06
-2671.86 -2641.06
-2641.76 -2641.06
-2685.75 -2641.06
-2697.16 -2641.06
-2632.81 -2632.81
-2667.08 -2632.81
-2642.80 -2632.81
-2624.75 -2624.75
-2627.31 -2624.75
-2611.18 -2611.18
-2621.90 -2611.18
-2662.49 -2611.18
-2638.38 -2611.18
-2640.51 -2611.18
-2612.90 -2612.90
-2619.05 -2612.90
-2574.53 -2574.53
-2571.73 -2571.73
-2569.09 -2569.09
-2556.55 -2556.55
-2608.36 -2556.55
-2564.24 -2556.55
-2544.09 -2544.09
-2579.10 -2544.09
-2587.85 -2544.09
-2540.43 -2540.43
-2494.39 -2494.39
-2540.80 -2494.39
-2521.43 -2494.39
-2540.79 -2494.39
-2475.84 -2475.84
-2491.98 -2475.84
-2461.03 -2461.03
-2484.28 -2461.03
-2466.99 -2461.03
-2495.76 -2461.03
-2434.16 -2434.16
-2431.78 -2431.78
-2453.56 -2431.78
-2389.89 -2389.89
-2457.28 -2389.89
-2306.11 -2306.11
-2505.08 -2306.11
-2371.27 -2306.11
-2284.37 -2284.37
-2379.27 -2284.37
-2377.78 -2284.37
-2408.44 -2284.37
-2318.65 -2284.37
-2414.44 -2284.37
-2381.68 -2284.37
-2384.23 -2284.37
-2310.92 -2284.37
-2272.26 -2272.26
-2331.92 -2272.26
-2354.78 -2272.26
-2368.75 -2272.26
-2345.24 -2272.26
-2351.73 -2272.26
-2338.19 -2272.26
-2287.98 -2272.26
-2392.97 -2272.26
-2309.53 -2272.26
-2413.06 -2272.26
-2367.74 -2272.26
-2308.21 -2272.26
-2354.34 -2272.26
-2447.87 -2272.26
-2275.65 -2275.65
-2396.57 -2275.65
-2301.30 -2275.65
-2411.13 -2275.65
-2391.49 -2275.65
-2262.20 -2262.20
-2305.10 -2262.20
-2395.09 -2262.20
-2351.41 -2262.20
-2348.52 -2262.20
-2341.73 -2262.20
-2374.69 -2262.20
-2379.49 -2262.20
-2379.16 -2262.20
-2429.07 -2262.20
-2365.22 -2262.20
-2381.83 -2262.20
-2303.91 -2262.20
-2371.47 -2262.20
-2400.14 -2262.20
-2330.41 -2262.20
-2315.11 -2262.20
-2349.63 -2262.20
-2275.64 -2262.20
-2416.75 -2262.20
-2336.86 -2262.20
-2415.99 -2262.20
-2309.07 -2262.20
-2338.20 -2262.20
-2683.82 -2262.20
-2642.65 -2642.65
-2623.78 -2623.78
-2655.73 -2623.78
-2631.23 -2623.78
-2664.41 -2623.78
-2643.80 -2623.78
-2643.52 -2623.78
-2656.60 -2623.78
-2669.19 -2623.78
-2666.97 -2623.78
-2650.29 -2623.78
-2599.40 -2599.40
-2544.50 -2544.50
-2574.55 -2544.50
-2550.11 -2544.50
-2548.96 -2544.50
-2570.95 -2544.50
-2538.91 -2538.91
-2563.04 -2538.91
-2521.70 -2521.70
-2532.17 -2521.70
-2572.35 -2521.70
-2533.43 -2521.70
-2536.80 -2521.70
-2500.29 -2500.29
-2452.35 -2452.35
-2478.99 -2452.35
-2430.79 -2430.79
-2459.06 -2430.79
-2392.13 -2392.13
-2459.36 -2392.13
-2427.87 -2392.13
-2406.59 -2392.13
-2453.40 -2392.13
-2412.29 -2392.13
-2465.95 -2392.13
-2359.04 -2359.04
-2540.52 -2359.04
-2398.30 -2359.04
-2495.33 -2359.04
-2412.50 -2359.04
-2478.46 -2359.04
-2512.55 -2359.04
-2449.75 -2359.04
-2392.25 -2359.04
-2451.98 -2359.04
-2341.06 -2341.06
-2272.11 -2272.11
-2364.40 -2272.11
-2530.71 -2272.11
-2332.59 -2272.11
-2321.95 -2272.11
-2327.70 -2272.11
-2387.48 -2272.11
-2300.46 -2272.11
-2307.68 -2272.11
-2335.14 -2272.11
-2358.34 -2272.11
-2443.71 -2272.11
-2292.80 -2272.11
-2329.18 -2272.11
-2268.07 -2268.07
-2365.12 -2268.07
-2395.90 -2268.07
-2343.01 -2268.07
-2421.08 -2268.07
-2302.57 -2268.07
-2321.50 -2268.07
-2367.77 -2268.07
-2284.56 -2268.07
-2350.80 -2268.07
-2299.53 -2268.07
-2391.86 -2268.07
-2313.26 -2268.07
-2300.77 -2268.07
-2416.25 -2268.07
-2341.95 -2268.07
-2429.66 -2268.07
-2457.17 -2268.07
-2348.30 -2268.07
-2367.13 -2268.07
-2313.44 -2268.07
-2407.46 -2268.07
-2331.33 -2268.07
-2351.48 -2268.07
-2364.80 -2268.07
-2415.84 -2268.07
-2345.24 -2268.07
-2485.98 -2268.07
-2366.41 -2268.07
-2301.18 -2268.07
-2382.70 -2268.07
-2317.62 -2268.07
-2357.01 -2268.07
-2494.68 -2268.07
-2363.07 -2268.07
-2443.62 -2268.07
