-10000.00 -10000.00
-7152.88 -10000.00
-7125.82 -10000.00
-7259.80 -10000.00
-7001.81 -7001.81
-7220.61 -7001.81
-7067.63 -7001.81
-7043.17 -7001.81
-7282.44 -7001.81
-7000.31 -7000.31
-7061.53 -7000.31
-7152.66 -7000.31
-7063.94 -7000.31
-7055.13 -7000.31
-7050.19 -7000.31
-7116.15 -7000.31
-7299.56 -7000.31
-6977.07 -6977.07
-7380.06 -6977.07
-7047.80 -6977.07
-7149.61 -6977.07
-6951.03 -6951.03
-7004.99 -6951.03
-6895.31 -6895.31
-7052.87 -6895.31
-7040.46 -6895.31
-7220.03 -6895.31
-7159.84 -6895.31
-6908.38 -6895.31
-7061.70 -6895.31
-6865.06 -6865.06
-7027.79 -6865.06
-7221.60 -6865.06
-7033.18 -6865.06
-7118.40 -6865.06
-6965.02 -6865.06
-7007.94 -6865.06
-7094.74 -6865.06
-6913.44 -6865.06
-7014.97 -6865.06
-7030.52 -6865.06
-6904.55 -6865.06
-6891.79 -6865.06
-7164.14 -6865.06
-6951.52 -6865.06
-7194.67 -6865.06
-6854.36 -6854.36
-6899.68 -6854.36
-6965.87 -6854.36
-7152.60 -6854.36
-7051.04 -6854.36
-7072.27 -6854.36
-6926.03 -6854.36
-6979.95 -6854.36
-6967.06 -6854.36
-6927.74 -6854.36
-6790.69 -6790.69
-6858.40 -6790.69
-6910.76 -6790.69
-6915.40 -6790.69
-7209.55 -6790.69
-6776.92 -6776.92
-6580.94 -6580.94
-6829.45 -6580.94
-6866.42 -6580.94
-6692.17 -6580.94
-6729.57 -6580.94
-6937.37 -6580.94
-6812.39 -6580.94
-6837.39 -6580.94
-6634.47 -6580.94
-6922.46 -6580.94
-6535.46 -6535.46
-6459.45 -6459.45
-6701.41 -6459.45
-6628.30 -6459.45
-6603.23 -6459.45
-6742.82 -6459.45
-6734.48 -6459.45
-6727.78 -6459.45
-7125.95 -6459.45
-6791.11 -6459.45
-6956.87 -6459.45
-6625.80 -6459.45
-6537.50 -6459.45
-6572.70 -6459.45
-6952.76 -6459.45
-6800.24 -6459.45
-6575.78 -6459.45
-6503.93 -6459.45
-6745.66 -6459.45
-7006.54 -6459.45
-6570.20 -6459.45
-6860.58 -6459.45
-6965.03 -6459.45
-6534.38 -6459.45
-6478.47 -6459.45
-6661.44 -6459.45
-6970.84 -6459.45
-6604.40 -6459.45
-6993.22 -6459.45
-6877.29 -6459.45
-6899.30 -6459.45
-6673.01 -6459.45
-6513.73 -6459.45
-6731.58 -6459.45
-6771.33 -6459.45
-6706.04 -6459.45
-6661.73 -6459.45
-6609.05 -6459.45
-6568.89 -6459.45
-6733.58 -6459.45
-6772.25 -6459.45
-6826.16 -6459.45
-6753.28 -6459.45
-6757.05 -6459.45
-6802.71 -6459.45
-6726.62 -6459.45
-6608.07 -6459.45
-6520.17 -6459.45
-6686.29 -6459.45
-6626.84 -6459.45
-6727.83 -6459.45
-6395.52 -6395.52
-6761.55 -6395.52
-6938.65 -6395.52
-6564.31 -6395.52
-6569.84 -6395.52
-6819.27 -6395.52
-6612.00 -6395.52
-6844.05 -6395.52
-6550.20 -6395.52
-6723.85 -6395.52
-6813.14 -6395.52
-6773.02 -6395.52
-6537.01 -6395.52
-6875.52 -6395.52
-7018.47 -6395.52
-7066.57 -6395.52
-6933.13 -6395.52
-6911.16 -6395.52
-6871.03 -6395.52
-6685.87 -6395.52
-6595.54 -6395.52
-6944.50 -6395.52
-6580.03 -6395.52
-6608.04 -6395.52
-6676.29 -6395.52
-6558.67 -6395.52
-7132.02 -6395.52
-6631.29 -6395.52
-6722.71 -6395.52
-6616.70 -6395.52
-6603.16 -6395.52
-6675.87 -6395.52
-6616.94 -6395.52
-6816.26 -6395.52
-6682.40 -6395.52
-6620.14 -6395.52
-6761.49 -6395.52
-6704.83 -6395.52
-6719.60 -6395.52
-6532.90 -6395.52
-6365.25 -6365.25
-6638.21 -6365.25
-6477.93 -6365.25
-6680.75 -6365.25
-6780.43 -6365.25
-6618.29 -6365.25
-6417.14 -6365.25
-6669.51 -6365.25
-6678.28 -6365.25
-6796.50 -6365.25
-6523.20 -6365.25
-7002.90 -6365.25
-6753.02 -6365.25
-6646.00 -6365.25
-6843.89 -6365.25
-6870.98 -6365.25
-6670.35 -6365.25
-6634.10 -6365.25
-6602.91 -6365.25
-6697.84 -6365.25
-6813.08 -6365.25
-6984.34 -6365.25
-6530.00 -6365.25
-6553.06 -6365.25
-6545.03 -6365.25
-6693.48 -6365.25
-6616.41 -6365.25
-7100.40 -6365.25
-6777.70 -6365.25
-6751.64 -6365.25
-6939.79 -6365.25
-6792.15 -6365.25
-6739.41 -6365.25
-6694.35 -6365.25
-6645.83 -6365.25
-6597.92 -6365.25
-6804.80 -6365.25
-6638.00 -6365.25
-6793.58 -6365.25
-6575.14 -6365.25
-6476.60 -6365.25
-6636.52 -6365.25
-6608.05 -6365.25
-6685.11 -6365.25
-6745.49 -6365.25
-6724.59 -6365.25
-6762.95 -6365.25
-6903.87 -6365.25
-6778.22 -6365.25
-6704.21 -6365.25
-6744.93 -6365.25
-6710.84 -6365.25
-6910.24 -6365.25
-7022.46 -6365.25
-6805.59 -6365.25
-6733.88 -6365.25
-6639.09 -6365.25
-6718.63 -6365.25
-6781.84 -6365.25
-6600.89 -6365.25
-6775.41 -6365.25
-6778.52 -6365.25
-6815.85 -6365.25
-6915.30 -6365.25
-6848.21 -6365.25
-6860.80 -6365.25
-6997.54 -6365.25
-6509.41 -6365.25
-6787.24 -6365.25
-6481.90 -6365.25
-6746.79 -6365.25
-6805.13 -6365.25
-6597.75 -6365.25
-6694.51 -6365.25
-7025.44 -6365.25
-6574.59 -6365.25
-6620.10 -6365.25
-6729.42 -6365.25
-6542.35 -6365.25
-7084.81 -6365.25
-6671.58 -6365.25
-6495.89 -6365.25
-6576.98 -6365.25
-6725.01 -6365.25
-6994.07 -6365.25
-6974.84 -6365.25
-6718.34 -6365.25
-6523.08 -6365.25
-6875.27 -6365.25
-6593.92 -6365.25
-6609.18 -6365.25
-6543.69 -6365.25
-6399.81 -6365.25
-7007.03 -6365.25
-6634.27 -6365.25
-6581.78 -6365.25
-6664.53 -6365.25
-6836.52 -6365.25
-6627.42 -6365.25
-6703.49 -6365.25
-6592.23 -6365.25
-6496.88 -6365.25
-6867.30 -6365.25
-6859.15 -6365.25
-6454.02 -6365.25
-6802.30 -6365.25
-6480.72 -6365.25
-6832.93 -6365.25
-6604.41 -6365.25
-6508.85 -6365.25
-6912.12 -6365.25
-6764.19 -6365.25
-6619.92 -6365.25
-6685.52 -6365.25
-6851.38 -6365.25
-6749.70 -6365.25
-6754.07 -6365.25
-6722.66 -6365.25
-6535.22 -6365.25
-6512.19 -6365.25
-6618.58 -6365.25
-6655.20 -6365.25
-6669.22 -6365.25
-6650.02 -6365.25
-6954.25 -6365.25
-6678.91 -6365.25
-6754.76 -6365.25
-6718.59 -6365.25
-6748.60 -6365.25
-6554.13 -6365.25
-7060.35 -6365.25
-6523.19 -6365.25
-6411.77 -6365.25
-6684.11 -6365.25
-6622.40 -6365.25
-6804.28 -6365.25
-7145.16 -6365.25
-6553.91 -6365.25
-6686.66 -6365.25
-6506.40 -6365.25
-6606.53 -6365.25
-6585.20 -6365.25
-6661.28 -6365.25
-6729.54 -6365.25
-6613.25 -6365.25
-6691.79 -6365.25
-6780.08 -6365.25
-6941.29 -6365.25
-6699.07 -6365.25
-6566.53 -6365.25
-6986.25 -6365.25
-6670.77 -6365.25
-6835.30 -6365.25
-6840.86 -6365.25
-6961.48 -6365.25
-6628.81 -6365.25
-6783.98 -6365.25
-6996.08 -6365.25
-6914.23 -6365.25
-6546.24 -6365.25
-6618.08 -6365.25
-6800.07 -6365.25
-6500.88 -6365.25
-6702.38 -6365.25
-6562.02 -6365.25
-6528.60 -6365.25
-6505.69 -6365.25
-6695.49 -6365.25
-6948.25 -6365.25
-6678.28 -6365.25
-6570.73 -6365.25
-6678.76 -6365.25
-6609.82 -6365.25
-6541.78 -6365.25
-7047.38 -6365.25
-6591.65 -6365.25
-6915.35 -6365.25
-6865.75 -6365.25
-6670.50 -6365.25
-6864.80 -6365.25
-6535.96 -6365.25
-6779.43 -6365.25
-6622.64 -6365.25
-6604.71 -6365.25
-6849.20 -6365.25
-6739.24 -6365.25
-6650.81 -6365.25
-6419.59 -6365.25
-6766.30 -6365.25
-6504.57 -6365.25
-6905.12 -6365.25
-6554.63 -6365.25
-6559.33 -6365.25
-6406.17 -6365.25
-6845.51 -6365.25
-6854.74 -6365.25
-6540.51 -6365.25
-6792.06 -6365.25
-6876.75 -6365.25
-6504.57 -6365.25
-6453.71 -6365.25
-6925.67 -6365.25
-6626.46 -6365.25
-6709.84 -6365.25
-6523.40 -6365.25
-6924.01 -6365.25
-6741.12 -6365.25
-6653.82 -6365.25
-6964.83 -6365.25
-6855.25 -6365.25
-6811.84 -6365.25
-6901.55 -6365.25
-6991.66 -6365.25
-6661.33 -6365.25
-6682.43 -6365.25
-6757.40 -6365.25
-6691.86 -6365.25
-6624.12 -6365.25
-6752.51 -6365.25
-6450.02 -6365.25
-6717.81 -6365.25
-6682.80 -6365.25
-6707.48 -6365.25
-6712.59 -6365.25
-6703.24 -6365.25
-6608.08 -6365.25
-6930.85 -6365.25
-6553.48 -6365.25
-6368.44 -6365.25
-7080.95 -6365.25
-6748.74 -6365.25
-6933.25 -6365.25
-6799.30 -6365.25
-6731.02 -6365.25
-6625.32 -6365.25
-6709.35 -6365.25
-6751.66 -6365.25
-7037.66 -6365.25
-6796.81 -6365.25
-6792.50 -6365.25
-7097.75 -6365.25
-6751.14 -6365.25
-6750.80 -6365.25
-6825.78 -6365.25
-6553.82 -6365.25
-6456.09 -6365.25
-6569.87 -6365.25
-6822.64 -6365.25
-6661.70 -6365.25
-6828.30 -6365.25
-6587.68 -6365.25
-6848.53 -6365.25
-6847.47 -6365.25
-6321.77 -6321.77
-6704.23 -6321.77
-7188.78 -6321.77
-7151.38 -6321.77
-6904.72 -6904.72
-7067.27 -6904.72
-7196.41 -6904.72
-7118.68 -6904.72
-6904.09 -6904.09
-7054.35 -6904.09
-6865.66 -6865.66
-7344.62 -6865.66
-6911.36 -6865.66
-7010.82 -6865.66
-7041.92 -6865.66
-7080.06 -6865.66
-7052.81 -6865.66
-7168.29 -6865.66
-6792.40 -6792.40
-7104.96 -6792.40
-6908.61 -6792.40
-6990.91 -6792.40
-7320.75 -6792.40
-6879.59 -6792.40
-6992.12 -6792.40
-6844.96 -6792.40
-6946.50 -6792.40
-7010.76 -6792.40
-6817.19 -6792.40
-6971.19 -6792.40
-7043.33 -6792.40
-6909.50 -6792.40
-6750.37 -6750.37
-6779.77 -6750.37
-6767.81 -6750.37
-6931.24 -6750.37
-7043.18 -6750.37
-7109.20 -6750.37
-6941.00 -6750.37
-7179.50 -6750.37
-6897.54 -6750.37
-7057.85 -6750.37
-6680.29 -6680.29
-6896.70 -6680.29
-7098.11 -6680.29
-6873.38 -6680.29
-6909.73 -6680.29
-6778.19 -6680.29
-6884.01 -6680.29
-7084.90 -6680.29
-7013.79 -6680.29
-6824.46 -6680.29
-7031.46 -6680.29
-6804.81 -6680.29
-6974.57 -6680.29
-6818.31 -6680.29
-6973.97 -6680.29
-6743.32 -6680.29
-7033.24 -6680.29
-6957.81 -6680.29
-6835.35 -6680.29
-6892.99 -6680.29
-6922.57 -6680.29
-6704.05 -6680.29
-7070.24 -6680.29
-6994.57 -6680.29
-6695.22 -6680.29
-6806.70 -6680.29
-7014.43 -6680.29
-6977.24 -6680.29
-6746.88 -6680.29
-6861.13 -6680.29
-6978.88 -6680.29
-7022.04 -6680.29
-6853.06 -6680.29
-7174.97 -6680.29
-6776.96 -6680.29
-6784.21 -6680.29
-6989.68 -6680.29
-7036.51 -6680.29
-6927.37 -6680.29
-7044.89 -6680.29
-6792.15 -6680.29
-6801.53 -6680.29
-6718.25 -6680.29
-6785.35 -6680.29
-6915.94 -6680.29
-6814.78 -6680.29
-6763.38 -6680.29
-6916.82 -6680.29
-6916.08 -6680.29
-6804.81 -6680.29
-6834.55 -6680.29
-7032.80 -6680.29
-6699.12 -6680.29
-7088.01 -6680.29
-6749.94 -6680.29
-6986.70 -6680.29
-6798.54 -6680.29
-6954.16 -6680.29
-6906.65 -6680.29
-6741.69 -6680.29
-6883.42 -6680.29
-6981.10 -6680.29
-6885.37 -6680.29
-6840.24 -6680.29
-7013.12 -6680.29
-6630.00 -6630.00
-7109.49 -6630.00
-6805.74 -6630.00
-6635.02 -6630.00
-7003.61 -6630.00
-6925.65 -6630.00
-6635.76 -6630.00
-6858.77 -6630.00
-7125.49 -6630.00
-6851.31 -6630.00
-6859.82 -6630.00
-6957.77 -6630.00
-6994.45 -6630.00
-6736.48 -6630.00
-6754.21 -6630.00
-6848.18 -6630.00
-6977.85 -6630.00
-6922.73 -6630.00
-6752.65 -6630.00
-6993.66 -6630.00
-6882.82 -6630.00
-7177.29 -6630.00
-6742.55 -6630.00
-6744.61 -6630.00
-6988.00 -6630.00
-6779.85 -6630.00
-6775.64 -6630.00
-7076.22 -6630.00
-6845.54 -6630.00
-6802.04 -6630.00
-7106.52 -6630.00
-6765.75 -6630.00
-6804.60 -6630.00
-6816.72 -6630.00
-6681.70 -6630.00
-6869.91 -6630.00
-6930.11 -6630.00
-6789.84 -6630.00
-6955.86 -6630.00
-6805.02 -6630.00
-6945.08 -6630.00
-6959.76 -6630.00
-6613.88 -6613.88
-6747.03 -6613.88
-7055.21 -6613.88
-6678.36 -6613.88
-6812.88 -6613.88
-6713.30 -6613.88
-6744.45 -6613.88
-6799.49 -6613.88
-6426.37 -6426.37
-6873.47 -6426.37
-6756.99 -6426.37
-6874.50 -6426.37
-6559.12 -6426.37
-6848.39 -6426.37
-6247.56 -6247.56
-6394.39 -6247.56
-6331.17 -6247.56
-6741.15 -6247.56
-6722.04 -6247.56
-6812.95 -6247.56
-6625.38 -6247.56
-6789.02 -6247.56
-6196.08 -6196.08
-6808.51 -6196.08
-6410.98 -6196.08
-6609.88 -6196.08
-6473.87 -6196.08
-6508.69 -6196.08
-6598.03 -6196.08
-6521.47 -6196.08
-6498.60 -6196.08
-6518.52 -6196.08
-6637.96 -6196.08
-6448.99 -6196.08
-7145.59 -6196.08
-6365.25 -6196.08
-6588.34 -6196.08
-6450.44 -6196.08
-6504.16 -6196.08
-6681.65 -6196.08
-6486.91 -6196.08
-6557.95 -6196.08
-6822.87 -6196.08
-6924.02 -6196.08
-6320.04 -6196.08
-6416.45 -6196.08
-6524.98 -6196.08
-6643.59 -6196.08
-6516.92 -6196.08
-6565.25 -6196.08
-6619.46 -6196.08
-6601.78 -6196.08
-6519.14 -6196.08
-6598.56 -6196.08
-6223.13 -6196.08
-6821.35 -6196.08
-6545.92 -6196.08
-6409.35 -6196.08
-6513.45 -6196.08
-6522.57 -6196.08
-6572.92 -6196.08
-6579.18 -6196.08
-6330.98 -6196.08
-6813.88 -6196.08
-6660.29 -6196.08
-6681.88 -6196.08
-6753.71 -6196.08
-6342.68 -6196.08
-6685.47 -6196.08
-6630.95 -6196.08
-6631.81 -6196.08
-7047.86 -6196.08
-6600.41 -6196.08
-6848.28 -6196.08
-6302.14 -6196.08
-6505.53 -6196.08
-6719.86 -6196.08
-6540.17 -6196.08
-6283.70 -6196.08
-6554.30 -6196.08
-6361.61 -6196.08
-6407.59 -6196.08
-6553.77 -6196.08
-7077.25 -6196.08
-6535.29 -6196.08
-6755.14 -6196.08
-6806.67 -6196.08
-6529.00 -6196.08
-6111.74 -6111.74
-6463.98 -6111.74
-6101.56 -6101.56
-6390.18 -6101.56
-6519.22 -6101.56
-6640.07 -6101.56
-6446.66 -6101.56
-6513.11 -6101.56
-6133.41 -6101.56
-6223.15 -6101.56
-6180.78 -6101.56
-6078.05 -6078.05
-6440.04 -6078.05
-6101.80 -6078.05
-6534.55 -6078.05
-6608.62 -6078.05
-5797.52 -5797.52
-6335.06 -5797.52
-6342.03 -5797.52
-6351.09 -5797.52
-6016.54 -5797.52
-6537.59 -5797.52
-5802.48 -5797.52
-6006.32 -5797.52
-5848.15 -5797.52
-5895.80 -5797.52
-6180.46 -5797.52
-6359.99 -5797.52
-6067.75 -5797.52
-6373.92 -5797.52
-6290.51 -5797.52
-6141.38 -5797.52
-6110.22 -5797.52
-6239.18 -5797.52
-5934.78 -5797.52
-5991.23 -5797.52
-6197.61 -5797.52
-6234.33 -5797.52
-6268.37 -5797.52
-6130.32 -5797.52
-6189.53 -5797.52
-5929.97 -5797.52
-6088.15 -5797.52
-6059.41 -5797.52
-6041.89 -5797.52
-6011.84 -5797.52
-6279.37 -5797.52
-6429.07 -5797.52
-6154.13 -5797.52
-6157.77 -5797.52
-6066.93 -5797.52
-6294.89 -5797.52
-6186.17 -5797.52
-6450.63 -5797.52
-6310.18 -5797.52
-6230.37 -5797.52
-6280.48 -5797.52
-6140.85 -5797.52
-6323.18 -5797.52
-6158.56 -5797.52
-6074.76 -5797.52
-5839.91 -5797.52
-5947.19 -5797.52
-6249.67 -5797.52
-6347.25 -5797.52
-6098.10 -5797.52
-6242.27 -5797.52
-6115.36 -5797.52
-6382.93 -5797.52
-6186.80 -5797.52
-6168.74 -5797.52
-5993.27 -5797.52
-6285.94 -5797.52
-6394.07 -5797.52
-6771.13 -5797.52
-6298.85 -5797.52
-5935.93 -5797.52
-6036.01 -5797.52
-6061.57 -5797.52
-6186.46 -5797.52
-6126.19 -5797.52
-6433.67 -5797.52
-6325.57 -5797.52
-6237.19 -5797.52
-6143.97 -5797.52
-6024.35 -5797.52
-6163.66 -5797.52
-6074.68 -5797.52
-6080.37 -5797.52
-6087.84 -5797.52
-6230.49 -5797.52
-6090.04 -5797.52
-6374.95 -5797.52
-6260.54 -5797.52
-6784.20 -5797.52
-6462.28 -5797.52
-6207.09 -5797.52
-6373.56 -5797.52
-6190.56 -5797.52
-6185.88 -5797.52
-6107.31 -5797.52
-6244.78 -5797.52
-6083.92 -5797.52
-6326.48 -5797.52
-6649.95 -5797.52
-6241.33 -5797.52
-6099.31 -5797.52
-6216.15 -5797.52
-6368.56 -5797.52
-6116.24 -5797.52
-6002.44 -5797.52
-6357.63 -5797.52
-6144.81 -5797.52
-6134.50 -5797.52
-6138.12 -5797.52
-6205.36 -5797.52
-6100.57 -5797.52
-6293.24 -5797.52
-6236.77 -5797.52
-6109.08 -5797.52
-6176.32 -5797.52
-6141.56 -5797.52
-6105.42 -5797.52
-6459.62 -5797.52
-5967.61 -5797.52
-6386.37 -5797.52
-6041.37 -5797.52
-5964.05 -5797.52
-6083.26 -5797.52
-6076.43 -5797.52
-6528.59 -5797.52
-6248.22 -5797.52
-6117.22 -5797.52
-6465.12 -5797.52
-6112.76 -5797.52
-5988.46 -5797.52
-6368.68 -5797.52
-6402.52 -5797.52
-6105.48 -5797.52
-6057.51 -5797.52
-6103.51 -5797.52
-6214.41 -5797.52
-6248.92 -5797.52
-6511.72 -5797.52
-6478.10 -5797.52
-6369.61 -5797.52
-6189.85 -5797.52
-6135.29 -5797.52
-5885.23 -5797.52
-6258.43 -5797.52
-6282.66 -5797.52
-6230.98 -5797.52
-6040.90 -5797.52
-6225.91 -5797.52
-6345.52 -5797.52
-5852.42 -5797.52
-6058.78 -5797.52
-6057.85 -5797.52
-6326.39 -5797.52
-5854.05 -5797.52
-6295.75 -5797.52
-5957.99 -5797.52
-6292.99 -5797.52
-6242.12 -5797.52
-5941.64 -5797.52
-6022.88 -5797.52
-6883.40 -5797.52
-6117.20 -5797.52
-6183.17 -5797.52
-6171.26 -5797.52
-6223.47 -5797.52
-6413.22 -5797.52
-6035.07 -5797.52
-6137.15 -5797.52
-6292.29 -5797.52
-6151.68 -5797.52
-6138.79 -5797.52
-6019.98 -5797.52
-6128.89 -5797.52
-6287.79 -5797.52
-6425.98 -5797.52
-7022.69 -5797.52
-7142.30 -5797.52
-7107.01 -5797.52
-7145.71 -5797.52
-7071.38 -5797.52
-7139.10 -5797.52
-7042.08 -5797.52
-7402.48 -5797.52
-7203.49 -5797.52
-6972.51 -5797.52
-6975.07 -5797.52
-7133.87 -5797.52
-7045.36 -5797.52
-6975.34 -5797.52
-7032.11 -5797.52
-7143.81 -5797.52
-7165.96 -5797.52
-7096.31 -5797.52
-7158.69 -5797.52
-7138.69 -5797.52
-6988.98 -5797.52
-7211.79 -5797.52
-7332.56 -5797.52
-7067.73 -5797.52
-7065.34 -5797.52
-7050.40 -5797.52
-7052.85 -5797.52
-6937.84 -5797.52
-7164.63 -5797.52
-7009.90 -5797.52
-7133.59 -5797.52
-7196.34 -5797.52
-7172.37 -5797.52
-7166.35 -5797.52
-7253.24 -5797.52
-6996.91 -5797.52
-7059.30 -5797.52
-7128.31 -5797.52
-7083.00 -5797.52
-7136.46 -5797.52
-6991.76 -5797.52
-7140.53 -5797.52
-6970.69 -5797.52
-7012.17 -5797.52
-7012.91 -5797.52
-7396.82 -5797.52
-7034.24 -5797.52
-6900.58 -5797.52
-6992.69 -5797.52
-7054.39 -5797.52
-7020.14 -5797.52
-7059.35 -5797.52
-7035.62 -5797.52
-7228.48 -5797.52
-7301.04 -5797.52
-6985.37 -5797.52
-7021.86 -5797.52
-7049.50 -5797.52
-7071.96 -5797.52
-7240.02 -5797.52
-7134.09 -5797.52
-7325.55 -5797.52
-7086.34 -5797.52
-7162.15 -5797.52
-7020.65 -5797.52
-7083.42 -5797.52
-7078.54 -5797.52
-7091.71 -5797.52
-7389.00 -5797.52
-7157.84 -5797.52
-7216.80 -5797.52
-7099.39 -5797.52
-7175.97 -5797.52
-7043.58 -5797.52
-7094.47 -5797.52
-7161.16 -5797.52
-7044.53 -5797.52
-7013.13 -5797.52
-7178.58 -5797.52
-6951.03 -5797.52
-7052.95 -5797.52
-7061.78 -5797.52
-7056.92 -5797.52
-7231.59 -5797.52
-7055.50 -5797.52
-7039.72 -5797.52
-7097.16 -5797.52
-7066.94 -5797.52
-7085.90 -5797.52
-6996.11 -5797.52
-7082.56 -5797.52
-7145.19 -5797.52
-7198.18 -5797.52
-7238.80 -5797.52
-7019.47 -5797.52
-6979.92 -5797.52
-7270.87 -5797.52
-6930.13 -5797.52
-7185.41 -5797.52
-7098.95 -5797.52
-7187.17 -5797.52
-7210.16 -5797.52
-7203.51 -5797.52
-7046.24 -5797.52
-7039.88 -5797.52
-7019.97 -5797.52
-7019.23 -5797.52
-7000.40 -5797.52
-7147.20 -5797.52
-6992.41 -5797.52
-7106.15 -5797.52
-7152.70 -5797.52
-7267.09 -5797.52
-7046.11 -5797.52
-6987.65 -5797.52
-7029.57 -5797.52
-7014.07 -5797.52
-7050.07 -5797.52
-7192.57 -5797.52
-7116.96 -5797.52
-6933.09 -5797.52
-7029.39 -5797.52
-7334.51 -5797.52
-7040.84 -5797.52
-7225.06 -5797.52
-6987.88 -5797.52
-7167.54 -5797.52
-7058.92 -5797.52
-7026.93 -5797.52
-7034.28 -5797.52
-7192.42 -5797.52
-7074.59 -5797.52
-7181.77 -5797.52
-7131.85 -5797.52
-7123.35 -5797.52
-7138.68 -5797.52
-7017.53 -5797.52
-7132.20 -5797.52
-7172.87 -5797.52
-7291.06 -5797.52
-7085.84 -5797.52
-7196.77 -5797.52
-7145.50 -5797.52
-7045.97 -5797.52
-7147.25 -5797.52
-7104.64 -5797.52
-7031.86 -5797.52
-7032.17 -5797.52
-7215.32 -5797.52
-7019.26 -5797.52
-7051.53 -5797.52
-7087.76 -5797.52
-6965.67 -5797.52
-7355.13 -5797.52
-6996.36 -5797.52
-7093.80 -5797.52
-7064.27 -5797.52
-6926.08 -5797.52
-7141.20 -5797.52
-6999.11 -5797.52
-7100.45 -5797.52
-7135.96 -5797.52
-7067.37 -5797.52
-7208.42 -5797.52
-7186.08 -5797.52
-7129.60 -5797.52
-7099.90 -5797.52
-7225.21 -5797.52
-7038.55 -5797.52
-7014.87 -5797.52
-7120.63 -5797.52
-7100.91 -5797.52
-7077.21 -5797.52
-7106.71 -5797.52
-7077.82 -5797.52
-6925.87 -5797.52
-7412.35 -5797.52
-7157.17 -5797.52
-7296.05 -5797.52
-7027.82 -5797.52
-7025.55 -5797.52
-7272.68 -5797.52
-7084.32 -5797.52
-7087.64 -5797.52
-7280.53 -5797.52
-7146.48 -5797.52
-7239.36 -5797.52
-7220.86 -5797.52
-7058.89 -5797.52
-6938.39 -5797.52
-7026.92 -5797.52
-7047.18 -5797.52
-6957.90 -5797.52
-6932.89 -5797.52
-7186.78 -5797.52
-7031.16 -5797.52
-7122.30 -5797.52
-7026.31 -5797.52
-7039.07 -5797.52
-7185.31 -5797.52
-7202.15 -5797.52
-7165.80 -5797.52
-6990.26 -5797.52
-7139.16 -5797.52
-7102.68 -5797.52
-7053.40 -5797.52
-7031.29 -5797.52
-7234.08 -5797.52
-7042.03 -5797.52
-7285.13 -5797.52
-7059.75 -5797.52
-7112.69 -5797.52
-7064.16 -5797.52
-7023.92 -5797.52
-7076.25 -5797.52
-7167.15 -5797.52
-7136.43 -5797.52
-7029.19 -5797.52
-7301.07 -5797.52
-7162.84 -5797.52
-6986.72 -5797.52
-7036.10 -5797.52
-7258.16 -5797.52
-7166.16 -5797.52
-6966.23 -5797.52
-7160.32 -5797.52
-7145.59 -5797.52
-7340.86 -5797.52
-7042.10 -5797.52
-7113.07 -5797.52
-7223.69 -5797.52
-7294.52 -5797.52
-7110.00 -5797.52
-7061.84 -5797.52
-7202.83 -5797.52
-7059.93 -5797.52
-7025.50 -5797.52
-7065.39 -5797.52
-7241.63 -5797.52
-7398.56 -5797.52
-7225.77 -5797.52
-7245.39 -5797.52
-7066.03 -5797.52
-7016.71 -5797.52
-7007.87 -5797.52
-6940.69 -5797.52
-7042.03 -5797.52
-7052.23 -5797.52
-6933.45 -5797.52
-7020.27 -5797.52
-7221.93 -5797.52
-7217.60 -5797.52
-7078.70 -5797.52
-6999.06 -5797.52
-7244.35 -5797.52
-7123.12 -5797.52
-7087.67 -5797.52
-7049.02 -5797.52
-7025.75 -5797.52
-7075.61 -5797.52
-7039.58 -5797.52
-7041.94 -5797.52
-7108.48 -5797.52
-7347.57 -5797.52
-7256.41 -5797.52
-6955.72 -5797.52
-7219.45 -5797.52
-7237.64 -5797.52
-7146.90 -5797.52
-7195.26 -5797.52
-7058.43 -5797.52
-7053.28 -5797.52
-7086.26 -5797.52
-7261.50 -5797.52
-7049.57 -5797.52
-7004.04 -5797.52
-6949.92 -5797.52
-7051.34 -5797.52
-7100.83 -5797.52
-7141.85 -5797.52
-7222.68 -5797.52
-7075.39 -5797.52
-7018.16 -5797.52
-7109.47 -5797.52
-7043.44 -5797.52
-7205.59 -5797.52
-7087.73 -5797.52
-7259.78 -5797.52
-7236.18 -5797.52
-7065.21 -5797.52
-6966.30 -5797.52
-7289.19 -5797.52
-7047.06 -5797.52
-7034.50 -5797.52
-7134.84 -5797.52
-7100.97 -5797.52
-7051.92 -5797.52
-7085.67 -5797.52
-7067.58 -5797.52
-7070.77 -5797.52
-7142.56 -5797.52
-7042.95 -5797.52
-7102.00 -5797.52
-6942.49 -5797.52
-7012.05 -5797.52
-7021.85 -5797.52
-7326.77 -5797.52
-7146.92 -5797.52
-6960.71 -5797.52
-7037.74 -5797.52
-7103.28 -5797.52
-7016.45 -5797.52
-7078.81 -5797.52
-7147.30 -5797.52
-7282.41 -5797.52
-7113.93 -5797.52
-7283.64 -5797.52
-7141.12 -5797.52
-7213.56 -5797.52
-7125.37 -5797.52
-7261.54 -5797.52
-7402.62 -5797.52
-7025.65 -5797.52
-7088.61 -5797.52
-7180.03 -5797.52
-7010.59 -5797.52
-7058.82 -5797.52
-7071.06 -5797.52
-7033.85 -5797.52
-6969.78 -5797.52
-7214.97 -5797.52
-7236.44 -5797.52
-7159.64 -5797.52
-7296.09 -5797.52
-7114.69 -5797.52
-6960.86 -5797.52
-7250.31 -5797.52
-7027.56 -5797.52
-7374.19 -5797.52
-7308.04 -5797.52
-7042.03 -5797.52
-7217.54 -5797.52
-7030.23 -5797.52
-7365.03 -5797.52
-7049.46 -5797.52
-7166.57 -5797.52
-7052.35 -5797.52
-7436.08 -5797.52
-7077.41 -5797.52
-6996.70 -5797.52
-7323.44 -5797.52
-7028.31 -5797.52
-7173.69 -5797.52
-7177.69 -5797.52
-7014.18 -5797.52
-7123.28 -5797.52
-7076.91 -5797.52
-7107.90 -5797.52
-7162.20 -5797.52
-7087.31 -5797.52
-7030.52 -5797.52
-7273.20 -5797.52
-7006.41 -5797.52
-7237.67 -5797.52
-7066.16 -5797.52
-6975.61 -5797.52
-7095.62 -5797.52
-7078.51 -5797.52
-7233.37 -5797.52
-7135.66 -5797.52
-7075.45 -5797.52
-6976.56 -5797.52
-7117.24 -5797.52
-7047.11 -5797.52
-6947.84 -5797.52
-7149.51 -5797.52
-7032.67 -5797.52
-7189.15 -5797.52
-7311.67 -5797.52
-7095.29 -5797.52
-7044.46 -5797.52
-7352.56 -5797.52
-7078.04 -5797.52
-6994.89 -5797.52
-7145.99 -5797.52
-7287.09 -5797.52
-7009.30 -5797.52
-7119.98 -5797.52
-7182.00 -5797.52
-7383.85 -5797.52
-7064.44 -5797.52
-7156.83 -5797.52
-7083.46 -5797.52
-7027.12 -5797.52
-7002.40 -5797.52
-7003.34 -5797.52
-7132.28 -5797.52
-7089.14 -5797.52
-7077.65 -5797.52
-7076.77 -5797.52
-7094.52 -5797.52
-6993.59 -5797.52
-7163.84 -5797.52
-7049.33 -5797.52
-7205.11 -5797.52
-7324.71 -5797.52
-7122.20 -5797.52
-7083.48 -5797.52
-7060.13 -5797.52
-7070.15 -5797.52
-7351.36 -5797.52
-7223.92 -5797.52
-7027.05 -5797.52
-7291.87 -5797.52
-7067.79 -5797.52
-7189.32 -5797.52
-7023.11 -7023.11
-7244.74 -7023.11
-6931.89 -6931.89
-7080.60 -6931.89
-7050.44 -6931.89
-7023.63 -6931.89
-7030.70 -6931.89
-7047.00 -6931.89
-7026.83 -6931.89
-6986.87 -6931.89
-7215.40 -6931.89
-6993.14 -6931.89
-7111.27 -6931.89
-6921.57 -6921.57
-7289.63 -6921.57
-7264.03 -6921.57
-7073.80 -6921.57
-7137.67 -6921.57
-7088.99 -6921.57
-7316.94 -6921.57
-6973.10 -6921.57
-7253.48 -6921.57
-7001.94 -6921.57
-6969.12 -6921.57
-7048.01 -6921.57
-7007.32 -6921.57
-6991.60 -6921.57
-7171.95 -6921.57
-7110.45 -6921.57
-6939.77 -6921.57
-7113.66 -6921.57
-7049.09 -6921.57
-7031.51 -6921.57
-7089.96 -6921.57
-6891.06 -6891.06
-7039.33 -6891.06
-6983.68 -6891.06
-7097.54 -6891.06
-6952.82 -6891.06
-7020.22 -6891.06
-7052.44 -6891.06
-7248.85 -6891.06
-7105.80 -6891.06
-6959.21 -6891.06
-6906.10 -6891.06
-7180.97 -6891.06
-7044.76 -6891.06
-6946.66 -6891.06
-7062.37 -6891.06
-7205.47 -6891.06
-7258.71 -6891.06
-7380.25 -6891.06
-7301.40 -6891.06
-7031.52 -6891.06
-7037.12 -6891.06
-7057.10 -6891.06
-6965.85 -6891.06
-7153.76 -6891.06
-7041.20 -6891.06
-7264.50 -6891.06
-6922.21 -6891.06
-7022.10 -6891.06
-7077.10 -6891.06
-7095.52 -6891.06
-7036.23 -6891.06
-7018.84 -6891.06
-7252.86 -6891.06
-7104.27 -6891.06
-6919.15 -6891.06
-7150.52 -6891.06
-6965.08 -6891.06
-7031.63 -6891.06
-7269.41 -6891.06
-6926.82 -6891.06
-6986.01 -6891.06
-7249.87 -6891.06
-7026.24 -6891.06
-6966.40 -6891.06
-7077.15 -6891.06
-6897.33 -6891.06
-7101.59 -6891.06
-7028.83 -6891.06
-7003.40 -6891.06
-7108.67 -6891.06
-7177.20 -6891.06
-6921.57 -6891.06
-6942.25 -6891.06
-7039.09 -6891.06
-6960.42 -6891.06
-7223.48 -6891.06
-7191.53 -6891.06
-7048.50 -6891.06
-7083.34 -6891.06
-6975.80 -6891.06
-6980.48 -6891.06
-7205.70 -6891.06
-7059.64 -6891.06
-7326.03 -6891.06
-7046.45 -6891.06
-7117.13 -6891.06
-7156.49 -6891.06
-6982.63 -6891.06
-6934.39 -6891.06
-7090.53 -6891.06
-7060.47 -6891.06
-7320.24 -6891.06
-7123.79 -6891.06
-7070.00 -6891.06
-7304.59 -6891.06
-7065.19 -6891.06
-7149.07 -6891.06
-7323.50 -6891.06
-6897.72 -6891.06
-7098.28 -6891.06
-6995.21 -6891.06
-6935.27 -6891.06
-6998.81 -6891.06
-7036.27 -6891.06
-7305.92 -6891.06
-7044.79 -6891.06
-7065.14 -6891.06
-7018.59 -6891.06
-7037.72 -6891.06
-7015.36 -6891.06
-7135.99 -6891.06
-7346.74 -6891.06
-6977.30 -6891.06
-7019.55 -6891.06
-7061.22 -6891.06
-7258.28 -6891.06
-7149.33 -6891.06
-7114.31 -6891.06
-7256.00 -6891.06
-7019.54 -6891.06
-7006.75 -6891.06
-7004.06 -6891.06
-6895.58 -6891.06
-7316.36 -6891.06
-7204.03 -6891.06
-6933.44 -6891.06
-6927.72 -6891.06
-6942.06 -6891.06
-7155.98 -6891.06
-7129.05 -6891.06
-7049.91 -6891.06
-7128.87 -6891.06
-7060.18 -6891.06
-7304.15 -6891.06
-7140.41 -6891.06
-6900.51 -6891.06
-7062.37 -6891.06
-7002.96 -6891.06
-7020.67 -6891.06
-6867.26 -6867.26
-7145.01 -6867.26
-7005.65 -6867.26
-7044.66 -6867.26
-6959.02 -6867.26
-7287.16 -6867.26
-6950.06 -6867.26
-6947.33 -6867.26
-7037.73 -6867.26
-6973.66 -6867.26
-7152.22 -6867.26
-7062.68 -6867.26
-6984.07 -6867.26
-7035.13 -6867.26
-7277.86 -6867.26
-7193.01 -6867.26
-7067.42 -6867.26
-7225.76 -6867.26
-7223.77 -6867.26
-6886.59 -6867.26
-7192.06 -6867.26
-6988.40 -6867.26
-6826.91 -6826.91
-7079.88 -6826.91
-7121.85 -6826.91
-7274.71 -6826.91
-7050.65 -6826.91
-6997.42 -6826.91
-7178.96 -6826.91
-6917.88 -6826.91
-6917.91 -6826.91
-6818.50 -6818.50
-6919.71 -6818.50
-7095.15 -6818.50
-6959.81 -6818.50
-6822.25 -6818.50
-7064.03 -6818.50
-6904.02 -6818.50
-6962.23 -6818.50
-6911.41 -6818.50
-6954.95 -6818.50
-7223.40 -6818.50
-6874.97 -6818.50
-7053.93 -6818.50
-6875.57 -6818.50
-6826.16 -6818.50
-6794.73 -6794.73
-7245.64 -6794.73
-7322.60 -6794.73
-7111.31 -6794.73
-6862.15 -6794.73
-6767.57 -6767.57
-6764.71 -6764.71
-6981.18 -6764.71
-6963.39 -6764.71
-6902.79 -6764.71
-6979.04 -6764.71
-7191.15 -6764.71
-7001.02 -6764.71
-6936.12 -6764.71
-7130.77 -6764.71
-6927.02 -6764.71
-6844.95 -6764.71
-6927.90 -6764.71
-7013.35 -6764.71
-6889.72 -6764.71
-6808.52 -6764.71
-7001.11 -6764.71
-6993.91 -6764.71
-6711.14 -6711.14
-6973.58 -6711.14
-6884.27 -6711.14
-6814.54 -6711.14
-7007.40 -6711.14
-6767.36 -6711.14
-6931.38 -6711.14
-6719.88 -6711.14
-6784.63 -6711.14
-6924.68 -6711.14
-7038.69 -6711.14
-6750.70 -6711.14
-6778.48 -6711.14
-6911.76 -6711.14
-6925.21 -6711.14
-7270.48 -6711.14
-6862.60 -6711.14
-7007.51 -6711.14
-6895.27 -6711.14
-7079.20 -6711.14
-6688.45 -6688.45
-6713.51 -6688.45
-6837.10 -6688.45
-6619.52 -6619.52
-6791.33 -6619.52
-6618.32 -6618.32
-6880.51 -6618.32
-6709.28 -6618.32
-6785.86 -6618.32
-6770.07 -6618.32
-6569.78 -6569.78
-6850.83 -6569.78
-6600.41 -6569.78
-6799.01 -6569.78
-6839.16 -6569.78
-6780.19 -6569.78
-6934.42 -6569.78
-6867.28 -6569.78
-6609.37 -6569.78
-6910.74 -6569.78
-6718.67 -6569.78
-6762.21 -6569.78
-6764.22 -6569.78
-6740.04 -6569.78
-6710.53 -6569.78
-6746.01 -6569.78
-6984.10 -6569.78
-6807.97 -6569.78
-6909.50 -6569.78
-6674.72 -6569.78
-6756.38 -6569.78
-6546.49 -6546.49
-6832.52 -6546.49
-6964.22 -6546.49
-6568.74 -6546.49
-6684.75 -6546.49
-6820.65 -6546.49
-6815.83 -6546.49
-6713.21 -6546.49
-6640.29 -6546.49
-6840.90 -6546.49
-6795.51 -6546.49
-6858.93 -6546.49
-6701.43 -6546.49
-6661.29 -6546.49
-6755.87 -6546.49
-6553.04 -6546.49
-6785.55 -6546.49
-6607.04 -6546.49
-6589.19 -6546.49
-6746.05 -6546.49
-6537.32 -6537.32
-6366.11 -6366.11
-6790.64 -6366.11
-6673.93 -6366.11
-6815.37 -6366.11
-6527.85 -6366.11
-6552.63 -6366.11
-6689.35 -6366.11
-6425.26 -6366.11
-6645.54 -6366.11
-6125.24 -6125.24
-6637.79 -6125.24
-6089.35 -6089.35
-6624.95 -6089.35
-6446.45 -6089.35
-6337.23 -6089.35
-6487.86 -6089.35
-6087.26 -6087.26
-6355.07 -6087.26
-6217.71 -6087.26
-6163.80 -6087.26
-6470.54 -6087.26
-5854.59 -5854.59
-6155.66 -5854.59
-6683.65 -5854.59
-5694.47 -5694.47
-6373.17 -5694.47
-5737.78 -5694.47
-6626.47 -5694.47
-6158.99 -5694.47
-6079.98 -5694.47
-6210.32 -5694.47
-5975.86 -5694.47
-6144.70 -5694.47
-5852.58 -5694.47
-6152.57 -5694.47
-5787.96 -5694.47
-6193.47 -5694.47
-6354.98 -5694.47
-6071.94 -5694.47
-5825.12 -5694.47
-5622.62 -5622.62
-6046.11 -5622.62
-6098.62 -5622.62
-6210.54 -5622.62
-5991.21 -5622.62
-6089.21 -5622.62
-5985.02 -5622.62
-5687.22 -5622.62
-5805.77 -5622.62
-6306.75 -5622.62
-6000.44 -5622.62
-5441.70 -5441.70
-6594.55 -5441.70
-5849.55 -5441.70
-6475.82 -5441.70
-6301.90 -5441.70
-5956.41 -5441.70
-6033.54 -5441.70
-6136.70 -5441.70
-5421.19 -5421.19
-6054.10 -5421.19
-6176.35 -5421.19
-5796.91 -5421.19
-5852.91 -5421.19
-6585.43 -5421.19
-6349.31 -5421.19
-5827.56 -5421.19
-5426.68 -5421.19
-5578.23 -5421.19
-5710.28 -5421.19
-6138.56 -5421.19
-5492.14 -5421.19
-5656.51 -5421.19
-5940.06 -5421.19
-5791.74 -5421.19
-5909.37 -5421.19
-6150.87 -5421.19
-5983.78 -5421.19
-5992.62 -5421.19
-5804.41 -5421.19
-6363.71 -5421.19
-5853.54 -5421.19
-5578.81 -5421.19
-6068.51 -5421.19
-5475.62 -5421.19
-6213.56 -5421.19
-6640.06 -5421.19
-5773.80 -5421.19
-5920.90 -5421.19
-6661.84 -5421.19
-5712.04 -5421.19
-5700.82 -5421.19
-6228.96 -5421.19
-5867.38 -5421.19
-5981.74 -5421.19
-5865.46 -5421.19
-6011.87 -5421.19
-5363.39 -5363.39
-6201.18 -5363.39
-5474.21 -5363.39
-6175.27 -5363.39
-5702.15 -5363.39
-5962.92 -5363.39
-5605.45 -5363.39
-6327.87 -5363.39
-5704.64 -5363.39
-5900.25 -5363.39
-5347.81 -5347.81
-6208.41 -5347.81
-6447.42 -5347.81
-5734.80 -5347.81
-5959.83 -5347.81
-6209.28 -5347.81
-5887.37 -5347.81
-5666.48 -5347.81
-5651.52 -5347.81
-6522.54 -5347.81
-5751.91 -5347.81
-5845.50 -5347.81
-5704.04 -5347.81
-6425.90 -5347.81
-5623.47 -5347.81
-7079.79 -7079.79
-7130.08 -7079.79
-7102.49 -7079.79
-6907.79 -6907.79
-7026.58 -6907.79
-7067.39 -6907.79
-7108.50 -6907.79
-7168.21 -6907.79
-7211.35 -6907.79
-7339.92 -6907.79
-7266.53 -6907.79
-6971.39 -6907.79
-7000.14 -6907.79
-7186.02 -6907.79
-7352.59 -6907.79
-7113.01 -6907.79
-7326.59 -6907.79
-7107.68 -6907.79
-7099.70 -6907.79
-7397.18 -6907.79
-7042.70 -6907.79
-7015.66 -6907.79
-7041.16 -6907.79
-6880.29 -6880.29
-7231.37 -6880.29
-7004.05 -6880.29
-6859.26 -6859.26
-7154.33 -6859.26
-6982.47 -6859.26
-6978.63 -6859.26
-7147.23 -6859.26
-6819.14 -6819.14
-6981.59 -6819.14
-7271.37 -6819.14
-6990.10 -6819.14
-6865.75 -6819.14
-7089.04 -6819.14
-7083.92 -6819.14
-6905.56 -6819.14
-7249.19 -6819.14
-6790.23 -6790.23
-7042.85 -6790.23
-6987.55 -6790.23
-6777.49 -6777.49
-6897.65 -6777.49
-6942.14 -6777.49
-6895.29 -6777.49
-6761.67 -6761.67
-6883.55 -6761.67
-7252.32 -6761.67
-6831.56 -6761.67
-7008.94 -6761.67
-7199.64 -6761.67
-6849.46 -6761.67
-6742.53 -6742.53
-7019.58 -6742.53
-6798.53 -6742.53
-7023.77 -6742.53
-6876.91 -6742.53
-6852.87 -6742.53
-6867.29 -6742.53
-6787.33 -6742.53
-6849.40 -6742.53
-6892.79 -6742.53
-6771.53 -6742.53
-6908.37 -6742.53
-6846.49 -6742.53
-6976.69 -6742.53
-6863.89 -6742.53
-7166.33 -6742.53
-7064.90 -6742.53
-6881.65 -6742.53
-6832.22 -6742.53
-7006.86 -6742.53
-6888.88 -6742.53
-6918.87 -6742.53
-6865.40 -6742.53
-6820.40 -6742.53
-7039.58 -6742.53
-6812.75 -6742.53
-7024.20 -6742.53
-6921.90 -6742.53
-6815.78 -6742.53
-7072.83 -6742.53
-6790.61 -6742.53
-6924.46 -6742.53
-7033.59 -6742.53
-6790.70 -6742.53
-6829.85 -6742.53
-6748.36 -6742.53
-6785.66 -6742.53
-6887.80 -6742.53
-6944.98 -6742.53
-6952.38 -6742.53
-7125.15 -6742.53
-6829.38 -6742.53
-6745.54 -6742.53
-6756.25 -6742.53
-6937.85 -6742.53
-7206.18 -6742.53
-7022.36 -6742.53
-6952.31 -6742.53
-6884.30 -6742.53
-7117.97 -6742.53
-6854.20 -6742.53
-7150.94 -6742.53
-6783.13 -6742.53
-6985.10 -6742.53
-6858.18 -6742.53
-6879.59 -6742.53
-6927.41 -6742.53
-7094.86 -6742.53
-7306.80 -6742.53
-6888.68 -6742.53
-6874.22 -6742.53
-7119.47 -6742.53
-6812.99 -6742.53
-7013.35 -6742.53
-6927.13 -6742.53
-6858.85 -6742.53
-6887.02 -6742.53
-6762.97 -6742.53
-6788.92 -6742.53
-6982.93 -6742.53
-6890.53 -6742.53
-6957.63 -6742.53
-7019.93 -6742.53
-6957.50 -6742.53
-6911.11 -6742.53
-7186.36 -6742.53
-7106.57 -6742.53
-6786.68 -6742.53
-6966.05 -6742.53
-6981.10 -6742.53
-7003.92 -6742.53
-6822.29 -6742.53
-6851.81 -6742.53
-6812.96 -6742.53
-6856.40 -6742.53
-6945.34 -6742.53
-7101.33 -6742.53
-6893.15 -6742.53
-6864.51 -6742.53
-7024.27 -6742.53
-6897.96 -6742.53
-6824.61 -6742.53
-6901.33 -6742.53
-6803.20 -6742.53
-6998.12 -6742.53
-6838.87 -6742.53
-6972.78 -6742.53
-6929.24 -6742.53
-6951.35 -6742.53
-6750.62 -6742.53
-7015.15 -6742.53
-6837.86 -6742.53
-6979.29 -6742.53
-6945.49 -6742.53
-7025.85 -6742.53
-6989.48 -6742.53
-6968.48 -6742.53
-6884.22 -6742.53
-6849.17 -6742.53
-7108.71 -6742.53
-6828.91 -6742.53
-6882.36 -6742.53
-6832.08 -6742.53
-7024.35 -6742.53
-6891.31 -6742.53
-7036.33 -6742.53
-7006.47 -6742.53
-7044.38 -6742.53
-6830.63 -6742.53
-6990.13 -6742.53
-7035.63 -6742.53
-7023.11 -6742.53
-7212.87 -6742.53
-7013.86 -6742.53
-6928.61 -6742.53
-6921.35 -6742.53
-7158.25 -6742.53
-6779.82 -6742.53
-6869.49 -6742.53
-6761.30 -6742.53
-6966.75 -6742.53
-6910.50 -6742.53
-6970.35 -6742.53
-7110.44 -6742.53
-6900.92 -6742.53
-7176.73 -6742.53
-6820.72 -6742.53
-7084.15 -6742.53
-6956.22 -6742.53
-6924.92 -6742.53
-7208.08 -6742.53
-7084.84 -6742.53
-6886.33 -6742.53
-6838.11 -6742.53
-7166.53 -6742.53
-6748.31 -6742.53
-7134.93 -6742.53
-6908.82 -6742.53
-6868.78 -6742.53
-6915.53 -6742.53
-6763.18 -6742.53
-6956.70 -6742.53
-6796.88 -6742.53
-6849.12 -6742.53
-6941.65 -6742.53
-6877.65 -6742.53
-6953.92 -6742.53
-6953.79 -6742.53
-6833.38 -6742.53
-7042.35 -6742.53
-6866.55 -6742.53
-6964.55 -6742.53
-6992.65 -6742.53
-6826.97 -6742.53
-7082.10 -6742.53
-6847.18 -6742.53
-6801.20 -6742.53
-7172.72 -6742.53
-7221.65 -6742.53
-6890.53 -6742.53
-6894.84 -6742.53
-7113.53 -6742.53
-6956.63 -6742.53
-6903.89 -6742.53
-6808.65 -6742.53
-6851.08 -6742.53
-6814.89 -6742.53
-6896.07 -6742.53
-6916.04 -6742.53
-6957.50 -6742.53
-6961.24 -6742.53
-6827.75 -6742.53
-6994.98 -6742.53
-7121.24 -6742.53
-6895.74 -6742.53
-7158.35 -6742.53
-6910.42 -6742.53
-6856.71 -6742.53
-6819.07 -6742.53
-7101.07 -6742.53
-6738.18 -6738.18
-6973.31 -6738.18
-6802.06 -6738.18
-6750.95 -6738.18
-6846.78 -6738.18
-6850.42 -6738.18
-6827.85 -6738.18
-7002.36 -6738.18
-6856.40 -6738.18
-6844.20 -6738.18
-6852.66 -6738.18
-6985.24 -6738.18
-6860.41 -6738.18
-6924.99 -6738.18
-6932.86 -6738.18
-7002.60 -6738.18
-7111.75 -6738.18
-6802.42 -6738.18
-6958.45 -6738.18
-6971.57 -6738.18
-6864.74 -6738.18
-6634.50 -6634.50
-7210.93 -6634.50
-6620.42 -6620.42
-6708.55 -6620.42
-6803.40 -6620.42
-6871.74 -6620.42
-6782.90 -6620.42
-6685.89 -6620.42
-6707.24 -6620.42
-6733.82 -6620.42
-6775.10 -6620.42
-6528.26 -6528.26
-6679.26 -6528.26
-6631.47 -6528.26
-6687.63 -6528.26
-6674.98 -6528.26
-6585.44 -6528.26
-6801.67 -6528.26
-6713.15 -6528.26
-6623.03 -6528.26
-6673.04 -6528.26
-6665.42 -6528.26
-6504.79 -6504.79
-6432.31 -6432.31
-6471.97 -6432.31
-6850.83 -6432.31
-6287.62 -6287.62
-6369.31 -6287.62
-6068.64 -6068.64
-6279.43 -6068.64
-6558.17 -6068.64
-6216.31 -6068.64
-6136.82 -6068.64
-6346.98 -6068.64
-6033.65 -6033.65
-6080.18 -6033.65
-6271.90 -6033.65
-6185.69 -6033.65
-6278.96 -6033.65
-6468.48 -6033.65
-6515.84 -6033.65
-6691.87 -6033.65
-6181.88 -6033.65
-6290.52 -6033.65
-6224.46 -6033.65
-6234.17 -6033.65
-6395.14 -6033.65
-6450.04 -6033.65
-6032.64 -6032.64
-6223.64 -6032.64
-6129.89 -6032.64
-6492.48 -6032.64
-6144.93 -6032.64
-6372.89 -6032.64
-5972.31 -5972.31
-6113.06 -5972.31
-6142.67 -5972.31
-6162.89 -5972.31
-5992.90 -5972.31
-5836.38 -5836.38
-6359.49 -5836.38
-6294.40 -5836.38
-6185.44 -5836.38
-5692.76 -5692.76
-6031.07 -5692.76
-6426.58 -5692.76
-5733.33 -5692.76
-6329.62 -5692.76
-5982.20 -5692.76
-6180.83 -5692.76
-5563.58 -5563.58
-5617.29 -5563.58
-5804.33 -5563.58
-6279.76 -5563.58
-6288.00 -5563.58
-5944.26 -5563.58
-5399.17 -5399.17
-6518.93 -5399.17
-5551.06 -5399.17
-6611.74 -5399.17
-5912.14 -5399.17
-5876.47 -5399.17
-5919.03 -5399.17
-5885.40 -5399.17
-6013.51 -5399.17
-5827.95 -5399.17
-6001.52 -5399.17
-6091.38 -5399.17
-5039.47 -5039.47
-5821.62 -5039.47
-5722.59 -5039.47
-5790.17 -5039.47
-5849.27 -5039.47
-6018.82 -5039.47
-6245.68 -5039.47
-5515.25 -5039.47
-6033.47 -5039.47
-5658.21 -5039.47
-5768.28 -5039.47
-5881.06 -5039.47
-6343.31 -5039.47
-6099.01 -5039.47
-5714.19 -5039.47
-6128.15 -5039.47
-5811.89 -5039.47
-5866.51 -5039.47
-6670.97 -5039.47
-6054.13 -5039.47
-5649.48 -5039.47
-5772.87 -5039.47
-5565.26 -5039.47
-5581.58 -5039.47
-5643.36 -5039.47
-6062.18 -5039.47
-5986.92 -5039.47
-5570.47 -5039.47
-5416.84 -5039.47
-5285.57 -5039.47
-5682.22 -5039.47
-6006.48 -5039.47
-5802.10 -5039.47
-6039.99 -5039.47
-5599.45 -5039.47
-5848.66 -5039.47
-6359.50 -5039.47
-5494.31 -5039.47
-5964.53 -5039.47
-5897.17 -5039.47
-5685.06 -5039.47
-5339.71 -5039.47
-6671.66 -5039.47
-6081.59 -5039.47
-5977.72 -5039.47
-5732.20 -5039.47
-5923.03 -5039.47
-5721.96 -5039.47
-5943.45 -5039.47
-5697.27 -5039.47
-5513.36 -5039.47
-5817.92 -5039.47
-5886.89 -5039.47
-5638.93 -5039.47
-6464.73 -5039.47
-5677.22 -5039.47
-6354.86 -5039.47
-5772.72 -5039.47
-5599.17 -5039.47
-6326.88 -5039.47
-6205.56 -5039.47
-6049.44 -5039.47
-5905.93 -5039.47
-7076.25 -7076.25
-7312.16 -7076.25
-7019.62 -7019.62
-7007.91 -7007.91
-7297.59 -7007.91
-7039.58 -7007.91
-7026.68 -7007.91
-7050.59 -7007.91
-7182.37 -7007.91
-7049.73 -7007.91
-7310.13 -7007.91
-6910.43 -6910.43
-7008.42 -6910.43
-6813.53 -6813.53
-6936.33 -6813.53
-6884.69 -6813.53
-7038.99 -6813.53
-6882.26 -6813.53
-6873.01 -6813.53
-7124.42 -6813.53
-7185.90 -6813.53
-6946.94 -6813.53
-6959.04 -6813.53
-7057.80 -6813.53
-6972.88 -6813.53
-6837.41 -6813.53
-7116.99 -6813.53
-7104.92 -6813.53
-6905.42 -6813.53
-6876.81 -6813.53
-6922.09 -6813.53
-6901.75 -6813.53
-6952.01 -6813.53
-6893.01 -6813.53
-7087.82 -6813.53
-6933.30 -6813.53
-6989.26 -6813.53
-7063.30 -6813.53
-7036.98 -6813.53
-7277.95 -6813.53
-6879.34 -6813.53
-6875.10 -6813.53
-6722.84 -6722.84
-7030.58 -6722.84
-7006.38 -6722.84
-7232.22 -6722.84
-6896.90 -6722.84
-7054.53 -6722.84
-6922.15 -6722.84
-6768.56 -6722.84
-7051.54 -6722.84
-6705.69 -6705.69
-6828.50 -6705.69
-6705.64 -6705.64
-6819.34 -6705.64
-6843.61 -6705.64
-7082.71 -6705.64
-6804.52 -6705.64
-6598.38 -6598.38
-6917.55 -6598.38
-6908.30 -6598.38
-7026.26 -6598.38
-6651.84 -6598.38
-6524.92 -6524.92
-6780.60 -6524.92
-6754.26 -6524.92
-6480.72 -6480.72
-6674.56 -6480.72
-6448.93 -6448.93
-6478.81 -6448.93
-6464.53 -6448.93
-6443.05 -6443.05
-6764.13 -6443.05
-6856.40 -6443.05
-6571.41 -6443.05
-6727.47 -6443.05
-6646.44 -6443.05
-6654.43 -6443.05
-6781.74 -6443.05
-6903.59 -6443.05
-6613.92 -6443.05
-6857.52 -6443.05
-6802.91 -6443.05
-6413.34 -6413.34
-6787.91 -6413.34
-6623.33 -6413.34
-6779.87 -6413.34
-6687.88 -6413.34
-6747.03 -6413.34
-6885.85 -6413.34
-6533.78 -6413.34
-6947.15 -6413.34
-6872.77 -6413.34
-6600.40 -6413.34
-6944.31 -6413.34
-6519.70 -6413.34
-6464.32 -6413.34
-6702.82 -6413.34
-6561.51 -6413.34
-6563.14 -6413.34
-6683.89 -6413.34
-6623.42 -6413.34
-6569.35 -6413.34
-6822.05 -6413.34
-6626.89 -6413.34
-6583.11 -6413.34
-6457.89 -6413.34
-6738.21 -6413.34
-6973.18 -6413.34
-6384.57 -6384.57
-6630.74 -6384.57
-6296.21 -6296.21
-6828.96 -6296.21
-6689.50 -6296.21
-6678.46 -6296.21
-6439.41 -6296.21
-6793.46 -6296.21
-6927.23 -6296.21
-6826.27 -6296.21
-6449.79 -6296.21
-6494.54 -6296.21
-6651.65 -6296.21
-6702.34 -6296.21
-6515.65 -6296.21
-6732.68 -6296.21
-6503.79 -6296.21
-6637.95 -6296.21
-7019.11 -6296.21
-7021.01 -6296.21
-6827.56 -6296.21
-6624.94 -6296.21
-6608.66 -6296.21
-6654.47 -6296.21
-6699.08 -6296.21
-6853.56 -6296.21
-6517.50 -6296.21
-6972.15 -6296.21
-6670.05 -6296.21
-6578.67 -6296.21
-6713.54 -6296.21
-6670.42 -6296.21
-6567.49 -6296.21
-6602.61 -6296.21
-6536.10 -6296.21
-7000.58 -6296.21
-6425.39 -6296.21
-6417.07 -6296.21
-6677.32 -6296.21
-7037.14 -6296.21
-6775.17 -6296.21
-6608.35 -6296.21
-6791.26 -6296.21
-6434.95 -6296.21
-6568.23 -6296.21
-6857.65 -6296.21
-6374.77 -6296.21
-6674.59 -6296.21
-6443.03 -6296.21
-6747.59 -6296.21
-6437.54 -6296.21
-6569.23 -6296.21
-6902.85 -6296.21
-6503.61 -6296.21
-6581.10 -6296.21
-6897.84 -6296.21
-6299.47 -6299.47
-6304.57 -6299.47
-6666.78 -6299.47
-6685.08 -6299.47
-6488.36 -6299.47
-6658.16 -6299.47
-6989.94 -6299.47
-6442.24 -6299.47
-6521.76 -6299.47
-6340.67 -6299.47
-6802.83 -6299.47
-6484.09 -6299.47
-6625.69 -6299.47
-6363.00 -6299.47
-6827.17 -6299.47
-6306.50 -6299.47
-6694.95 -6299.47
-6471.38 -6299.47
-6496.83 -6299.47
-6737.61 -6299.47
-6231.01 -6231.01
-6525.52 -6231.01
-6698.74 -6231.01
-6453.14 -6231.01
-6533.17 -6231.01
-6067.22 -6067.22
-6335.04 -6067.22
-6712.75 -6067.22
-6153.55 -6067.22
-6645.97 -6067.22
-6379.21 -6067.22
-6471.56 -6067.22
-6562.66 -6067.22
-6302.40 -6067.22
-6100.19 -6067.22
-6757.83 -6067.22
-6655.94 -6067.22
-6684.35 -6067.22
-6428.28 -6067.22
-6517.48 -6067.22
-6404.10 -6067.22
-6876.81 -6067.22
-6513.36 -6067.22
-6832.05 -6067.22
-6497.63 -6067.22
-6524.65 -6067.22
-6382.25 -6067.22
-6717.50 -6067.22
-6461.02 -6067.22
-6741.08 -6067.22
-6481.64 -6067.22
-6712.02 -6067.22
-6567.03 -6067.22
-6332.09 -6067.22
-6543.26 -6067.22
-6541.07 -6067.22
-6160.46 -6067.22
-6583.22 -6067.22
-6421.09 -6067.22
-6294.72 -6067.22
-6195.92 -6067.22
-6670.34 -6067.22
-6337.80 -6067.22
-6569.80 -6067.22
-6291.35 -6067.22
-6407.62 -6067.22
-6510.91 -6067.22
-6565.63 -6067.22
-6531.91 -6067.22
-6389.38 -6067.22
-6419.85 -6067.22
-6578.53 -6067.22
-6465.68 -6067.22
-6704.86 -6067.22
-6962.15 -6067.22
-6449.37 -6067.22
-6100.67 -6067.22
-6371.49 -6067.22
-6390.79 -6067.22
-6550.31 -6067.22
-6759.02 -6067.22
-6470.35 -6067.22
-6390.05 -6067.22
-7074.23 -6067.22
-6618.99 -6067.22
-6736.59 -6067.22
-6892.45 -6067.22
-6480.72 -6067.22
-6344.60 -6067.22
-6533.13 -6067.22
-6406.43 -6067.22
-6309.26 -6067.22
-6246.54 -6067.22
-6306.84 -6067.22
-6489.54 -6067.22
-6609.00 -6067.22
-6495.62 -6067.22
-6324.85 -6067.22
-6666.70 -6067.22
-6593.89 -6067.22
-6366.41 -6067.22
-6195.78 -6067.22
-6270.74 -6067.22
-6371.26 -6067.22
-6504.08 -6067.22
-6530.10 -6067.22
-6380.40 -6067.22
-6470.59 -6067.22
-6542.22 -6067.22
-6421.32 -6067.22
-6340.97 -6067.22
-6461.37 -6067.22
-6414.09 -6067.22
-6456.79 -6067.22
-6315.46 -6067.22
-6689.75 -6067.22
-6371.35 -6067.22
-6723.84 -6067.22
-6528.95 -6067.22
-6230.20 -6067.22
-6171.84 -6067.22
-6521.59 -6067.22
-6403.19 -6067.22
-6251.38 -6067.22
-6497.74 -6067.22
-6207.76 -6067.22
-6547.68 -6067.22
-6356.77 -6067.22
-6467.27 -6067.22
-6329.75 -6067.22
-6295.33 -6067.22
-6445.01 -6067.22
-6158.82 -6067.22
-6238.33 -6067.22
-6249.86 -6067.22
-6418.44 -6067.22
-6214.63 -6067.22
-6201.10 -6067.22
-6669.85 -6067.22
-6318.84 -6067.22
-6319.06 -6067.22
-6960.89 -6067.22
-6532.90 -6067.22
-6434.77 -6067.22
-6356.20 -6067.22
-6320.16 -6067.22
-6541.13 -6067.22
-6143.30 -6067.22
-6398.70 -6067.22
-6072.41 -6067.22
-6892.87 -6067.22
-6377.49 -6067.22
-6250.17 -6067.22
-6637.13 -6067.22
-6892.72 -6067.22
-6367.72 -6067.22
-6190.88 -6067.22
-6519.11 -6067.22
-6754.72 -6067.22
-6371.87 -6067.22
-6718.10 -6067.22
-6564.74 -6067.22
-6282.38 -6067.22
-6573.67 -6067.22
-6286.73 -6067.22
-6647.16 -6067.22
-6767.09 -6067.22
-6567.09 -6067.22
-6476.58 -6067.22
-6402.49 -6067.22
-6441.89 -6067.22
-6393.83 -6067.22
-5998.43 -5998.43
-6040.36 -5998.43
-6699.50 -5998.43
-6049.56 -5998.43
-6290.22 -5998.43
-6188.20 -5998.43
-6275.03 -5998.43
-6216.74 -5998.43
-6514.51 -5998.43
-6020.19 -5998.43
-5863.65 -5863.65
-6302.40 -5863.65
-6168.65 -5863.65
-6193.25 -5863.65
-5780.57 -5780.57
-6264.33 -5780.57
-6557.03 -5780.57
-5751.37 -5751.37
-6105.82 -5751.37
-6540.77 -5751.37
-6140.98 -5751.37
-6067.30 -5751.37
-6183.06 -5751.37
-5941.86 -5751.37
-5748.21 -5748.21
-6304.74 -5748.21
-5583.56 -5583.56
-5606.20 -5583.56
-5739.88 -5583.56
-5597.16 -5583.56
-5567.68 -5567.68
-5725.06 -5567.68
-5993.39 -5567.68
-5950.11 -5567.68
-6266.43 -5567.68
-5609.30 -5567.68
-6081.82 -5567.68
-6051.36 -5567.68
-6262.24 -5567.68
-5775.40 -5567.68
-5346.72 -5346.72
-5965.12 -5346.72
-5496.67 -5346.72
-6022.53 -5346.72
-5848.25 -5346.72
-5709.98 -5346.72
-5753.23 -5346.72
-5955.60 -5346.72
-6254.92 -5346.72
-5735.25 -5346.72
-5557.67 -5346.72
-5653.13 -5346.72
-6219.32 -5346.72
-5931.57 -5346.72
-6092.52 -5346.72
-5591.49 -5346.72
-5130.16 -5130.16
-6272.39 -5130.16
-5778.40 -5130.16
-5630.53 -5130.16
-5893.03 -5130.16
-5768.90 -5130.16
-6483.39 -5130.16
-5756.15 -5130.16
-5557.49 -5130.16
-5930.04 -5130.16
-5548.19 -5130.16
-5816.12 -5130.16
-5736.50 -5130.16
-5760.92 -5130.16
-5450.95 -5130.16
-6119.25 -5130.16
-5981.98 -5130.16
-5893.73 -5130.16
-5691.17 -5130.16
-5870.20 -5130.16
-6092.83 -5130.16
-5731.51 -5130.16
-5975.26 -5130.16
-7334.81 -5130.16
-7021.62 -7021.62
-7065.60 -7021.62
-7120.99 -7021.62
-7071.34 -7021.62
-7091.69 -7021.62
-7139.75 -7021.62
-7268.56 -7021.62
-7188.73 -7021.62
-7400.42 -7021.62
-7004.57 -7004.57
-7398.27 -7004.57
-7012.48 -7004.57
-7206.25 -7004.57
-6944.73 -6944.73
-7058.04 -6944.73
-7106.25 -6944.73
-7112.05 -6944.73
-6896.83 -6896.83
-7058.46 -6896.83
-6985.01 -6896.83
-7027.79 -6896.83
-6938.15 -6896.83
-7285.49 -6896.83
-7176.10 -6896.83
-7126.30 -6896.83
-7018.50 -6896.83
-7175.62 -6896.83
-7131.48 -6896.83
-6951.93 -6896.83
-7008.51 -6896.83
-6765.22 -6765.22
-6917.44 -6765.22
-6822.22 -6765.22
-7054.70 -6765.22
-6952.88 -6765.22
-7142.85 -6765.22
-6854.02 -6765.22
-6751.79 -6751.79
-6846.62 -6751.79
-6786.29 -6751.79
-6788.41 -6751.79
-6711.88 -6711.88
-7030.15 -6711.88
-6818.40 -6711.88
-6989.13 -6711.88
-7003.83 -6711.88
-6970.91 -6711.88
-6974.85 -6711.88
-6917.13 -6711.88
-6857.07 -6711.88
-6898.51 -6711.88
-6854.54 -6711.88
-7047.80 -6711.88
-6865.07 -6711.88
-6942.30 -6711.88
-6990.01 -6711.88
-6823.46 -6711.88
-6811.97 -6711.88
-6901.67 -6711.88
-6928.97 -6711.88
-6870.94 -6711.88
-6803.08 -6711.88
-6925.04 -6711.88
-7219.58 -6711.88
-6959.20 -6711.88
-7109.02 -6711.88
-6698.42 -6698.42
-6625.62 -6625.62
-6800.25 -6625.62
-6930.10 -6625.62
-6847.72 -6625.62
-6768.90 -6625.62
-7102.38 -6625.62
-6702.07 -6625.62
-7041.76 -6625.62
-6801.19 -6625.62
-6805.34 -6625.62
-6608.61 -6608.61
-6833.87 -6608.61
-6838.11 -6608.61
-6830.57 -6608.61
-6691.50 -6608.61
-7037.46 -6608.61
-6767.50 -6608.61
-6723.24 -6608.61
-6899.19 -6608.61
-6742.95 -6608.61
-7068.69 -6608.61
-6866.89 -6608.61
-7141.83 -6608.61
-6945.08 -6608.61
-7084.62 -6608.61
-6815.48 -6608.61
-6935.87 -6608.61
-6819.06 -6608.61
-7074.00 -6608.61
-6895.29 -6608.61
-7009.59 -6608.61
-6722.71 -6608.61
-6960.94 -6608.61
-7120.68 -6608.61
-6882.31 -6608.61
-6642.79 -6608.61
-6892.80 -6608.61
-6771.71 -6608.61
-6902.35 -6608.61
-6899.23 -6608.61
-6677.52 -6608.61
-7079.04 -6608.61
-7009.30 -6608.61
-7060.30 -6608.61
-6819.36 -6608.61
-6925.28 -6608.61
-6919.43 -6608.61
-6901.33 -6608.61
-6869.51 -6608.61
-6921.73 -6608.61
-6859.38 -6608.61
-6939.67 -6608.61
-6988.96 -6608.61
-6853.35 -6608.61
-6950.23 -6608.61
-6727.63 -6608.61
-6803.35 -6608.61
-6680.85 -6608.61
-6930.77 -6608.61
-7306.17 -6608.61
-7079.50 -6608.61
-6814.49 -6608.61
-7146.69 -6608.61
-7235.14 -6608.61
-6891.81 -6608.61
-6818.30 -6608.61
-6792.71 -6608.61
-6735.35 -6608.61
-6870.74 -6608.61
-6513.70 -6513.70
-6856.82 -6513.70
-6929.18 -6513.70
-6793.03 -6513.70
-6981.68 -6513.70
-6880.39 -6513.70
-6671.83 -6513.70
-6666.31 -6513.70
-6914.25 -6513.70
-6750.79 -6513.70
-6719.88 -6513.70
-6827.85 -6513.70
-6805.13 -6513.70
-6806.32 -6513.70
-7220.59 -6513.70
-6643.80 -6513.70
-7021.88 -6513.70
-6783.75 -6513.70
-6741.57 -6513.70
-6563.18 -6513.70
-6817.02 -6513.70
-6865.48 -6513.70
-6767.76 -6513.70
-6949.15 -6513.70
-6887.21 -6513.70
-7112.34 -6513.70
-6598.53 -6513.70
-6760.99 -6513.70
-6590.92 -6513.70
-6619.29 -6513.70
-6683.94 -6513.70
-6649.07 -6513.70
-6592.12 -6513.70
-6926.83 -6513.70
-6595.76 -6513.70
-6776.66 -6513.70
-6661.26 -6513.70
-6804.21 -6513.70
-7005.91 -6513.70
-6650.92 -6513.70
-6779.40 -6513.70
-6615.42 -6513.70
-6617.37 -6513.70
-6533.34 -6513.70
-6846.19 -6513.70
-6902.26 -6513.70
-6583.84 -6513.70
-6764.30 -6513.70
-6668.96 -6513.70
-7002.82 -6513.70
-7027.82 -6513.70
-7133.55 -6513.70
-7028.60 -6513.70
-6815.92 -6513.70
-7076.60 -6513.70
-6643.33 -6513.70
-6822.21 -6513.70
-6780.51 -6513.70
-7222.13 -6513.70
-6975.51 -6513.70
-6911.58 -6513.70
-6970.62 -6513.70
-6692.41 -6513.70
-6717.98 -6513.70
-6962.89 -6513.70
-6631.64 -6513.70
-6972.50 -6513.70
-6965.36 -6513.70
-7102.10 -6513.70
-6703.14 -6513.70
-7049.98 -6513.70
-6939.91 -6513.70
-7034.14 -6513.70
-7149.84 -6513.70
-6640.03 -6513.70
-6787.65 -6513.70
-6665.84 -6513.70
-7122.59 -6513.70
-6886.34 -6513.70
-6941.81 -6513.70
-6886.27 -6513.70
-6764.11 -6513.70
-6851.40 -6513.70
-6786.98 -6513.70
-6894.70 -6513.70
-6942.14 -6513.70
-6724.22 -6513.70
-6833.91 -6513.70
-7133.86 -6513.70
-7046.13 -6513.70
-6782.14 -6513.70
-6941.86 -6513.70
-6896.46 -6513.70
-6724.62 -6513.70
-6850.14 -6513.70
-6789.64 -6513.70
-6726.13 -6513.70
-6630.16 -6513.70
-6524.63 -6513.70
-6715.38 -6513.70
-6894.77 -6513.70
-6991.32 -6513.70
-6945.20 -6513.70
-6627.14 -6513.70
-7100.74 -6513.70
-6746.74 -6513.70
-6691.53 -6513.70
-6981.77 -6513.70
-6773.96 -6513.70
-6634.76 -6513.70
-6945.66 -6513.70
-6780.64 -6513.70
-6844.85 -6513.70
-6519.05 -6513.70
-6921.97 -6513.70
-6916.06 -6513.70
-6620.00 -6513.70
-6867.51 -6513.70
-6750.16 -6513.70
-6738.02 -6513.70
-6687.67 -6513.70
-6701.58 -6513.70
-6863.71 -6513.70
-6661.34 -6513.70
-7070.92 -6513.70
-6839.52 -6513.70
-6751.11 -6513.70
-7193.87 -6513.70
-6860.73 -6513.70
-6736.53 -6513.70
-7015.90 -6513.70
-6943.32 -6513.70
-6717.03 -6513.70
-6770.35 -6513.70
-6712.35 -6513.70
-6720.84 -6513.70
-6675.54 -6513.70
-6861.14 -6513.70
-7116.73 -6513.70
-7052.85 -6513.70
-6813.58 -6513.70
-6896.15 -6513.70
-6776.61 -6513.70
-6874.85 -6513.70
-6499.01 -6499.01
-6744.89 -6499.01
-6447.11 -6447.11
-6638.25 -6447.11
-7198.68 -6447.11
-6989.12 -6447.11
-6946.27 -6447.11
-6933.87 -6447.11
-6727.06 -6447.11
-6701.93 -6447.11
-6647.10 -6447.11
-6737.79 -6447.11
-6794.18 -6447.11
-6914.66 -6447.11
-6897.15 -6447.11
-6612.23 -6447.11
-6655.49 -6447.11
-6989.09 -6447.11
-6896.63 -6447.11
-6895.62 -6447.11
-6788.77 -6447.11
-7033.68 -6447.11
-6767.33 -6447.11
-6687.19 -6447.11
-6569.25 -6447.11
-6704.18 -6447.11
-6909.35 -6447.11
-6716.69 -6447.11
-6871.05 -6447.11
-6707.09 -6447.11
-6910.48 -6447.11
-6721.57 -6447.11
-6754.11 -6447.11
-6445.25 -6445.25
-6303.86 -6303.86
-6210.38 -6210.38
-5825.62 -5825.62
-5918.90 -5825.62
-6140.77 -5825.62
-6067.07 -5825.62
-6204.51 -5825.62
-5913.59 -5825.62
-6250.31 -5825.62
-6744.35 -5825.62
-6604.83 -5825.62
-6539.83 -5825.62
-6068.36 -5825.62
-6887.31 -5825.62
-6069.13 -5825.62
-6479.62 -5825.62
-6294.72 -5825.62
-5853.10 -5825.62
-6401.60 -5825.62
-6251.20 -5825.62
-5988.89 -5825.62
-6406.91 -5825.62
-6128.02 -5825.62
-6262.93 -5825.62
-6492.11 -5825.62
-6802.24 -5825.62
-6033.18 -5825.62
-6462.89 -5825.62
-6354.95 -5825.62
-6012.47 -5825.62
-6187.00 -5825.62
-5965.69 -5825.62
-6253.55 -5825.62
-6240.68 -5825.62
-6102.09 -5825.62
-6243.24 -5825.62
-5908.63 -5825.62
-6106.00 -5825.62
-6124.42 -5825.62
-6385.81 -5825.62
-5878.62 -5825.62
-6245.93 -5825.62
-5786.13 -5786.13
-6404.28 -5786.13
-6101.47 -5786.13
-6288.05 -5786.13
-6455.45 -5786.13
-6588.15 -5786.13
-6114.90 -5786.13
-6140.67 -5786.13
-6413.33 -5786.13
-6298.83 -5786.13
-6277.90 -5786.13
-6008.20 -5786.13
-5886.89 -5786.13
-5908.20 -5786.13
-6640.98 -5786.13
-6099.10 -5786.13
-6368.08 -5786.13
-6450.94 -5786.13
-6101.29 -5786.13
-6056.06 -5786.13
-6128.07 -5786.13
-6136.74 -5786.13
-6401.31 -5786.13
-6202.83 -5786.13
-5912.39 -5786.13
-6025.83 -5786.13
-6319.23 -5786.13
-6472.94 -5786.13
-6329.85 -5786.13
-5908.38 -5786.13
-6469.88 -5786.13
-6106.77 -5786.13
-6099.78 -5786.13
-6174.30 -5786.13
-6221.30 -5786.13
-6298.43 -5786.13
-6292.71 -5786.13
-6426.16 -5786.13
-6079.21 -5786.13
-5846.27 -5786.13
-5839.26 -5786.13
-6597.90 -5786.13
-6500.38 -5786.13
-6699.59 -5786.13
-6188.64 -5786.13
-6195.59 -5786.13
-6303.19 -5786.13
-6101.66 -5786.13
-6155.86 -5786.13
-6302.04 -5786.13
-6141.65 -5786.13
-6303.37 -5786.13
-6427.23 -5786.13
-5905.67 -5786.13
-5995.07 -5786.13
-6550.12 -5786.13
-6096.98 -5786.13
-6087.62 -5786.13
-6378.60 -5786.13
-7203.73 -7203.73
-7123.40 -7123.40
-7267.58 -7123.40
-7224.96 -7123.40
-7271.13 -7123.40
-6978.34 -6978.34
-7135.77 -6978.34
-7093.85 -6978.34
-7029.76 -6978.34
-7118.18 -6978.34
-6983.55 -6978.34
-7012.29 -6978.34
-7221.41 -6978.34
-7315.18 -6978.34
-6908.72 -6908.72
-7127.35 -6908.72
-7093.73 -6908.72
-6990.85 -6908.72
-6882.05 -6882.05
-6865.89 -6865.89
-6973.79 -6865.89
-6887.33 -6865.89
-6931.77 -6865.89
-6944.87 -6865.89
-6748.26 -6748.26
-6727.15 -6727.15
-6942.52 -6727.15
-6881.45 -6727.15
-6984.27 -6727.15
-6897.30 -6727.15
-6889.82 -6727.15
-6933.25 -6727.15
-6563.67 -6563.67
-6792.89 -6563.67
-6985.91 -6563.67
-7046.17 -6563.67
-7255.98 -6563.67
-6639.12 -6563.67
-6750.35 -6563.67
-6744.23 -6563.67
-6756.27 -6563.67
-6773.41 -6563.67
-6664.03 -6563.67
-6770.15 -6563.67
-6668.46 -6563.67
-6950.37 -6563.67
-6883.97 -6563.67
-6859.32 -6563.67
-6872.09 -6563.67
-6807.77 -6563.67
-7009.65 -6563.67
-6841.50 -6563.67
-6834.63 -6563.67
-6607.44 -6563.67
-6833.69 -6563.67
-6652.36 -6563.67
-6598.53 -6563.67
-6635.25 -6563.67
-6803.08 -6563.67
-6843.89 -6563.67
-6665.40 -6563.67
-6947.91 -6563.67
-7085.40 -6563.67
-6910.48 -6563.67
-6648.52 -6563.67
-6971.71 -6563.67
-6745.39 -6563.67
-6838.56 -6563.67
-6650.12 -6563.67
-6817.70 -6563.67
-6769.00 -6563.67
-6769.94 -6563.67
-7011.91 -6563.67
-7110.39 -6563.67
-6715.90 -6563.67
-6670.67 -6563.67
-6795.59 -6563.67
-6805.47 -6563.67
-7266.29 -6563.67
-6731.33 -6563.67
-7201.19 -6563.67
-6989.37 -6563.67
-6863.50 -6563.67
-6848.59 -6563.67
-6680.79 -6563.67
-6659.72 -6563.67
-6771.38 -6563.67
-6645.29 -6563.67
-7164.74 -6563.67
-6787.18 -6563.67
-6919.81 -6563.67
-6530.00 -6530.00
-6910.74 -6530.00
-6912.33 -6530.00
-6566.40 -6530.00
-6904.17 -6530.00
-6666.11 -6530.00
-6742.10 -6530.00
-6613.16 -6530.00
-6693.14 -6530.00
-6761.75 -6530.00
-6640.21 -6530.00
-7015.33 -6530.00
-6652.44 -6530.00
-7072.95 -6530.00
-6405.17 -6405.17
-6487.71 -6405.17
-6885.72 -6405.17
-6591.88 -6405.17
-7067.19 -6405.17
-6841.99 -6405.17
-6532.03 -6405.17
-6677.30 -6405.17
-6683.85 -6405.17
-6677.97 -6405.17
-6523.81 -6405.17
-6517.03 -6405.17
-6535.27 -6405.17
-6765.40 -6405.17
-7012.46 -6405.17
-6414.47 -6405.17
-6797.78 -6405.17
-6685.13 -6405.17
-6625.85 -6405.17
-6750.84 -6405.17
-6702.39 -6405.17
-6867.66 -6405.17
-6691.52 -6405.17
-6562.77 -6405.17
-6454.10 -6405.17
-6723.75 -6405.17
-6374.50 -6374.50
-6816.86 -6374.50
-6792.21 -6374.50
-6800.57 -6374.50
-7041.25 -6374.50
-6551.15 -6374.50
-6466.18 -6374.50
-6254.40 -6254.40
-6922.66 -6254.40
-6652.04 -6254.40
-6697.52 -6254.40
-6167.83 -6167.83
-6059.38 -6059.38
-6277.69 -6059.38
-6529.54 -6059.38
-6124.50 -6059.38
-6179.00 -6059.38
-5949.86 -5949.86
-6018.83 -5949.86
-6286.14 -5949.86
-6515.94 -5949.86
-5967.80 -5949.86
-6169.60 -5949.86
-5933.46 -5933.46
-6140.24 -5933.46
-6391.59 -5933.46
-6602.17 -5933.46
-6061.01 -5933.46
-6073.44 -5933.46
-5555.29 -5555.29
-5937.13 -5555.29
-6446.39 -5555.29
-5911.87 -5555.29
-5965.33 -5555.29
-5830.58 -5555.29
-5951.09 -5555.29
-5913.47 -5555.29
-6172.86 -5555.29
-5966.89 -5555.29
-5865.30 -5555.29
-5730.81 -5555.29
-5930.12 -5555.29
-5656.41 -5555.29
-5695.54 -5555.29
-5759.10 -5555.29
-5617.43 -5555.29
-5713.85 -5555.29
-6168.13 -5555.29
-6099.32 -5555.29
-5677.22 -5555.29
-5888.15 -5555.29
-5328.60 -5328.60
-6009.92 -5328.60
-5402.24 -5328.60
-5926.98 -5328.60
-6391.39 -5328.60
-6073.35 -5328.60
-6199.47 -5328.60
-5673.62 -5328.60
-5940.07 -5328.60
-5658.96 -5328.60
-6418.10 -5328.60
-5475.18 -5328.60
-5842.77 -5328.60
-6718.46 -5328.60
-6093.72 -5328.60
-5582.38 -5328.60
-6073.09 -5328.60
-5932.61 -5328.60
-5865.20 -5328.60
-6005.04 -5328.60
-5760.78 -5328.60
-5514.37 -5328.60
-6376.82 -5328.60
-6349.40 -5328.60
-5879.72 -5328.60
-5734.98 -5328.60
-5470.04 -5328.60
-5815.78 -5328.60
-5762.72 -5328.60
-5845.94 -5328.60
-5975.48 -5328.60
-5771.76 -5328.60
-5693.70 -5328.60
-5851.10 -5328.60
-5741.48 -5328.60
-5832.12 -5328.60
-5874.15 -5328.60
-5436.02 -5328.60
-5828.09 -5328.60
-6127.44 -5328.60
-5465.21 -5328.60
-5781.10 -5328.60
-5720.34 -5328.60
-5975.20 -5328.60
-6389.51 -5328.60
-6646.36 -5328.60
-5765.97 -5328.60
-6208.96 -5328.60
-5756.08 -5328.60
-5794.33 -5328.60
-5347.81 -5328.60
-6087.48 -5328.60
-6275.02 -5328.60
-5794.70 -5328.60
-5998.34 -5328.60
-5713.89 -5328.60
-6109.88 -5328.60
-5868.02 -5328.60
-5670.61 -5328.60
-5915.80 -5328.60
-5955.99 -5328.60
-5506.85 -5328.60
-5822.50 -5328.60
-5436.33 -5328.60
-5786.78 -5328.60
-5895.24 -5328.60
-5988.08 -5328.60
-5684.07 -5328.60
-5936.43 -5328.60
-5999.97 -5328.60
-5637.83 -5328.60
-6022.57 -5328.60
-5818.38 -5328.60
-6085.63 -5328.60
-5893.00 -5328.60
-5524.38 -5328.60
-5761.65 -5328.60
-5996.15 -5328.60
-6187.01 -5328.60
-5820.17 -5328.60
-5667.21 -5328.60
-5943.29 -5328.60
-5985.37 -5328.60
-5771.17 -5328.60
-5860.27 -5328.60
-5578.84 -5328.60
-5970.76 -5328.60
-5697.72 -5328.60
-5453.45 -5328.60
-5804.05 -5328.60
-6378.87 -5328.60
-5620.07 -5328.60
-5790.91 -5328.60
-5808.38 -5328.60
-5564.50 -5328.60
-5644.36 -5328.60
-5640.78 -5328.60
-5673.01 -5328.60
-6070.36 -5328.60
-6101.13 -5328.60
-6413.48 -5328.60
-5984.52 -5328.60
-6038.99 -5328.60
-5891.07 -5328.60
-5886.05 -5328.60
-5846.67 -5328.60
-5464.38 -5328.60
-6060.23 -5328.60
-6203.20 -5328.60
-5717.87 -5328.60
-5814.86 -5328.60
-5775.57 -5328.60
-5887.17 -5328.60
-5959.46 -5328.60
-5945.74 -5328.60
-5996.66 -5328.60
-6250.13 -5328.60
-6053.98 -5328.60
-5988.71 -5328.60
-5581.84 -5328.60
-6067.64 -5328.60
-6119.72 -5328.60
-5930.98 -5328.60
-5786.89 -5328.60
-5805.31 -5328.60
-5737.33 -5328.60
-6105.44 -5328.60
-5946.56 -5328.60
-6096.83 -5328.60
-5882.06 -5328.60
-5882.39 -5328.60
-5779.73 -5328.60
-5534.84 -5328.60
-6109.91 -5328.60
-5957.02 -5328.60
-5671.84 -5328.60
-6008.66 -5328.60
-5753.84 -5328.60
-6011.11 -5328.60
-5995.03 -5328.60
-5866.59 -5328.60
-5594.44 -5328.60
-5942.61 -5328.60
-5642.13 -5328.60
-5752.98 -5328.60
-5492.26 -5328.60
-5604.90 -5328.60
-5359.84 -5328.60
-5897.27 -5328.60
-5550.56 -5328.60
-5869.46 -5328.60
-5970.83 -5328.60
-5592.04 -5328.60
-5889.61 -5328.60
-6097.27 -5328.60
-5885.17 -5328.60
-6673.36 -5328.60
-5828.89 -5328.60
-6127.88 -5328.60
-6176.32 -5328.60
-5579.19 -5328.60
-5917.81 -5328.60
-5961.90 -5328.60
-5968.61 -5328.60
-5987.20 -5328.60
-5966.77 -5328.60
-5723.00 -5328.60
-5381.65 -5328.60
-6226.04 -5328.60
-5801.80 -5328.60
-5654.90 -5328.60
-5634.35 -5328.60
-5880.07 -5328.60
-6865.03 -5328.60
-5996.02 -5328.60
-5782.12 -5328.60
-5935.38 -5328.60
-5636.90 -5328.60
-5875.07 -5328.60
-5869.07 -5328.60
-5836.78 -5328.60
-5829.51 -5328.60
-5849.62 -5328.60
-5873.73 -5328.60
-5571.60 -5328.60
-5824.37 -5328.60
-5927.48 -5328.60
-5739.88 -5328.60
-5585.19 -5328.60
-5817.06 -5328.60
-5786.89 -5328.60
-6272.27 -5328.60
-5967.49 -5328.60
-5735.24 -5328.60
-5870.15 -5328.60
-5560.80 -5328.60
-5674.63 -5328.60
-6195.96 -5328.60
-5836.64 -5328.60
-5626.27 -5328.60
-6038.61 -5328.60
-6251.70 -5328.60
-5830.20 -5328.60
-5459.13 -5328.60
-6228.75 -5328.60
-6342.69 -5328.60
-5548.57 -5328.60
-6127.77 -5328.60
-5400.25 -5328.60
-5702.71 -5328.60
-6057.00 -5328.60
-5495.21 -5328.60
-6363.23 -5328.60
-5848.62 -5328.60
-5584.56 -5328.60
-5844.80 -5328.60
-6357.78 -5328.60
-6642.69 -5328.60
-5755.09 -5328.60
-5913.60 -5328.60
-6069.39 -5328.60
-6071.02 -5328.60
-5708.26 -5328.60
-5978.78 -5328.60
-6021.74 -5328.60
-5788.37 -5328.60
-6019.96 -5328.60
-6042.17 -5328.60
-5511.45 -5328.60
-6112.13 -5328.60
-5782.61 -5328.60
-5809.19 -5328.60
-5801.69 -5328.60
-6449.18 -5328.60
-7003.83 -7003.83
-7083.85 -7003.83
-7112.67 -7003.83
-7195.83 -7003.83
-7051.48 -7003.83
-7250.24 -7003.83
-7101.16 -7003.83
-7192.20 -7003.83
-7011.87 -7003.83
-7244.15 -7003.83
-7338.11 -7003.83
-7072.63 -7003.83
-7135.04 -7003.83
-7006.56 -7003.83
-7165.51 -7003.83
-7096.29 -7003.83
-7209.70 -7003.83
-7366.12 -7003.83
-7174.30 -7003.83
-7038.72 -7003.83
-7182.31 -7003.83
-7150.79 -7003.83
-7109.96 -7003.83
-7160.62 -7003.83
-7005.36 -7003.83
-7140.63 -7003.83
-7128.11 -7003.83
-6994.78 -6994.78
-7081.73 -6994.78
-7193.54 -6994.78
-7102.49 -6994.78
-7069.09 -6994.78
-6984.93 -6984.93
-7090.56 -6984.93
-7074.04 -6984.93
-7393.91 -6984.93
-7248.16 -6984.93
-7034.77 -6984.93
-7027.27 -6984.93
-7235.84 -6984.93
-7278.27 -6984.93
-7151.59 -6984.93
-7179.79 -6984.93
-7415.19 -6984.93
-7138.88 -6984.93
-7370.18 -6984.93
-7013.35 -6984.93
-6944.16 -6944.16
-7109.34 -6944.16
-6958.19 -6944.16
-7301.74 -6944.16
-7046.33 -6944.16
-7049.91 -6944.16
-7174.62 -6944.16
-7008.26 -6944.16
-7252.65 -6944.16
-6964.33 -6944.16
-7393.70 -6944.16
-7135.35 -6944.16
-7020.44 -6944.16
-7112.87 -6944.16
-7075.07 -6944.16
-7017.60 -6944.16
-7227.33 -6944.16
-7127.20 -6944.16
-7059.04 -6944.16
-7074.25 -6944.16
-7004.58 -6944.16
-7213.33 -6944.16
-7176.48 -6944.16
-7046.69 -6944.16
-6996.23 -6944.16
-7135.25 -6944.16
-7014.69 -6944.16
-7141.23 -6944.16
-7352.29 -6944.16
-7193.24 -6944.16
-7058.94 -6944.16
-7113.24 -6944.16
-7010.71 -6944.16
-7061.85 -6944.16
-6971.56 -6944.16
-6941.65 -6941.65
-7143.17 -6941.65
-7155.58 -6941.65
-6990.15 -6941.65
-7012.65 -6941.65
-7063.36 -6941.65
-7134.04 -6941.65
-7212.63 -6941.65
-6948.92 -6941.65
-7081.59 -6941.65
-7145.14 -6941.65
-6953.16 -6941.65
-7122.77 -6941.65
-7175.19 -6941.65
-7186.07 -6941.65
-7127.42 -6941.65
-7090.71 -6941.65
-7135.24 -6941.65
-7174.83 -6941.65
-7086.22 -6941.65
-7053.63 -6941.65
-7103.77 -6941.65
-7047.84 -6941.65
-7366.31 -6941.65
-6899.05 -6899.05
-7168.03 -6899.05
-7006.84 -6899.05
-7230.87 -6899.05
-7116.79 -6899.05
-7137.22 -6899.05
-7232.11 -6899.05
-6943.59 -6899.05
-7182.09 -6899.05
-6967.55 -6899.05
-7092.36 -6899.05
-7172.65 -6899.05
-7029.87 -6899.05
-7040.90 -6899.05
-7087.03 -6899.05
-7069.57 -6899.05
-7162.72 -6899.05
-7141.72 -6899.05
-7121.68 -6899.05
-6891.68 -6891.68
-6969.27 -6891.68
-6980.38 -6891.68
-7232.89 -6891.68
-7177.65 -6891.68
-6912.39 -6891.68
-6888.21 -6888.21
-6962.55 -6888.21
-7088.07 -6888.21
-7437.37 -6888.21
-6872.46 -6872.46
-7037.81 -6872.46
-7013.72 -6872.46
-7150.07 -6872.46
-7002.54 -6872.46
-7153.02 -6872.46
-7025.04 -6872.46
-7122.27 -6872.46
-6780.66 -6780.66
-6984.46 -6780.66
-6982.86 -6780.66
-6956.78 -6780.66
-7056.31 -6780.66
-6926.79 -6780.66
-6913.76 -6780.66
-7186.06 -6780.66
-6990.17 -6780.66
-6902.40 -6780.66
-6981.05 -6780.66
-6916.93 -6780.66
-7032.90 -6780.66
-6893.78 -6780.66
-6936.02 -6780.66
-7030.61 -6780.66
-6942.55 -6780.66
-7038.62 -6780.66
-7046.82 -6780.66
-6977.59 -6780.66
-6901.66 -6780.66
-6939.41 -6780.66
-6896.07 -6780.66
-6965.96 -6780.66
-6902.14 -6780.66
-6978.03 -6780.66
-7052.86 -6780.66
-6942.44 -6780.66
-6828.68 -6780.66
-6944.08 -6780.66
-7089.78 -6780.66
-6910.71 -6780.66
-6996.83 -6780.66
-6993.45 -6780.66
-7037.09 -6780.66
-6792.30 -6780.66
-6841.10 -6780.66
-7177.51 -6780.66
-7016.24 -6780.66
-6881.84 -6780.66
-6920.37 -6780.66
-7115.77 -6780.66
-7187.07 -6780.66
-7235.48 -6780.66
-6921.64 -6780.66
-7024.06 -6780.66
-7153.20 -6780.66
-6923.20 -6780.66
-6789.00 -6780.66
-7011.41 -6780.66
-7062.41 -6780.66
-7245.56 -6780.66
-7367.85 -6780.66
-7092.71 -6780.66
-7029.90 -6780.66
-7044.64 -6780.66
-6836.79 -6780.66
-6958.75 -6780.66
-7126.35 -6780.66
-6992.40 -6780.66
-7162.00 -6780.66
-7052.87 -6780.66
-6905.76 -6780.66
-7067.73 -6780.66
-6971.11 -6780.66
-6924.36 -6780.66
-7004.65 -6780.66
-7000.71 -6780.66
-7229.79 -6780.66
-7214.17 -6780.66
-6949.06 -6780.66
-6902.07 -6780.66
-6982.73 -6780.66
-7189.69 -6780.66
-7017.44 -6780.66
-6884.73 -6780.66
-6931.06 -6780.66
-6877.50 -6780.66
-6986.19 -6780.66
-6909.21 -6780.66
-7161.71 -6780.66
-6941.35 -6780.66
-7017.66 -6780.66
-6933.56 -6780.66
-7050.36 -6780.66
-6831.63 -6780.66
-7242.23 -6780.66
-7136.75 -6780.66
-6910.43 -6780.66
-6951.55 -6780.66
-7087.61 -6780.66
-7064.10 -6780.66
-7076.72 -6780.66
-7043.84 -6780.66
-6978.32 -6780.66
-7071.91 -6780.66
-6621.89 -6621.89
-7063.50 -6621.89
-6812.50 -6621.89
-6738.74 -6621.89
-6728.12 -6621.89
-6830.65 -6621.89
-6661.23 -6621.89
-6858.04 -6621.89
-6699.65 -6621.89
-6819.24 -6621.89
-6828.54 -6621.89
-6695.22 -6621.89
-6561.71 -6561.71
-6634.53 -6561.71
-7044.58 -6561.71
-7016.23 -6561.71
-6881.21 -6561.71
-6783.34 -6561.71
-6744.48 -6561.71
-6871.88 -6561.71
-6881.35 -6561.71
-6677.13 -6561.71
-6733.53 -6561.71
-7117.22 -6561.71
-7212.71 -6561.71
-6685.64 -6561.71
-6689.22 -6561.71
-6782.42 -6561.71
-6653.43 -6561.71
-6576.70 -6561.71
-6750.75 -6561.71
-7167.95 -6561.71
-6699.69 -6561.71
-6579.59 -6561.71
-6536.39 -6536.39
-6674.38 -6536.39
-6641.40 -6536.39
-6977.30 -6536.39
-6698.29 -6536.39
-6953.66 -6536.39
-7008.66 -6536.39
-6657.23 -6536.39
-6825.71 -6536.39
-6854.21 -6536.39
-7081.09 -6536.39
-6656.65 -6536.39
-6866.82 -6536.39
-7015.19 -6536.39
-6645.75 -6536.39
-6566.90 -6536.39
-7016.78 -6536.39
-6685.41 -6536.39
-6678.94 -6536.39
-6739.78 -6536.39
-6724.47 -6536.39
-6595.55 -6536.39
-6750.42 -6536.39
-6565.83 -6536.39
-6568.25 -6536.39
-6767.88 -6536.39
-6725.94 -6536.39
-7003.57 -6536.39
-6635.00 -6536.39
-6912.79 -6536.39
-6927.28 -6536.39
-6837.24 -6536.39
-6751.25 -6536.39
-6728.81 -6536.39
-7028.36 -6536.39
-7039.15 -6536.39
-6680.33 -6536.39
-6767.06 -6536.39
-6829.41 -6536.39
-6807.31 -6536.39
-7131.69 -6536.39
-7159.23 -6536.39
-6898.78 -6536.39
-6688.82 -6536.39
-7060.24 -6536.39
-6710.09 -6536.39
-7020.73 -6536.39
-6521.49 -6521.49
-6821.05 -6521.49
-6443.80 -6443.80
-6682.03 -6443.80
-6609.35 -6443.80
-6807.10 -6443.80
-6401.64 -6401.64
-6723.04 -6401.64
-6814.00 -6401.64
-6931.60 -6401.64
-6242.03 -6242.03
-6255.20 -6242.03
-6653.64 -6242.03
-6435.24 -6242.03
-6300.65 -6242.03
-6293.89 -6242.03
-6377.41 -6242.03
-6135.69 -6135.69
-6413.70 -6135.69
-6252.91 -6135.69
-6250.37 -6135.69
-6443.65 -6135.69
-6649.42 -6135.69
-6271.98 -6135.69
-6323.26 -6135.69
-6629.89 -6135.69
-6275.10 -6135.69
-6572.03 -6135.69
-6334.50 -6135.69
-6202.46 -6135.69
-6301.17 -6135.69
-6403.41 -6135.69
-6447.85 -6135.69
-6150.31 -6135.69
-6411.62 -6135.69
-6252.48 -6135.69
-6400.06 -6135.69
-6464.79 -6135.69
-6123.27 -6123.27
-6312.43 -6123.27
-5941.53 -5941.53
-6511.71 -5941.53
-6538.43 -5941.53
-6215.58 -5941.53
-6396.38 -5941.53
-6450.16 -5941.53
-6046.12 -5941.53
-6660.51 -5941.53
-6367.27 -5941.53
-6444.64 -5941.53
-6448.86 -5941.53
-6319.53 -5941.53
-6225.92 -5941.53
-5934.79 -5934.79
-5824.61 -5824.61
-5381.15 -5381.15
-6157.39 -5381.15
-5757.39 -5381.15
-5939.15 -5381.15
-5291.52 -5291.52
-6086.46 -5291.52
-6420.05 -5291.52
-5651.56 -5291.52
-5894.88 -5291.52
-6056.56 -5291.52
-5609.39 -5291.52
-5801.10 -5291.52
-5403.82 -5291.52
-6072.31 -5291.52
-5813.98 -5291.52
-5516.56 -5291.52
-5843.28 -5291.52
-5522.14 -5291.52
-5937.27 -5291.52
-6314.06 -5291.52
-6053.76 -5291.52
-5791.72 -5291.52
-5754.97 -5291.52
-5450.79 -5291.52
-6335.35 -5291.52
-5533.24 -5291.52
-6063.12 -5291.52
-5486.93 -5291.52
-5467.27 -5291.52
-5859.53 -5291.52
-5870.57 -5291.52
-5878.45 -5291.52
-5752.15 -5291.52
-5992.64 -5291.52
-5622.07 -5291.52
-5274.81 -5274.81
-5930.63 -5274.81
-5858.01 -5274.81
-6031.69 -5274.81
-6052.63 -5274.81
-5784.90 -5274.81
-7334.61 -5274.81
-7224.51 -5274.81
-7302.22 -5274.81
-7177.75 -5274.81
-7132.97 -5274.81
-7129.95 -5274.81
-6954.82 -6954.82
-7235.26 -6954.82
-7366.71 -6954.82
-7044.14 -6954.82
-7299.56 -6954.82
-7083.28 -6954.82
-7107.73 -6954.82
-7081.33 -6954.82
-7307.34 -6954.82
-7025.27 -6954.82
-7036.62 -6954.82
-7224.60 -6954.82
-7156.31 -6954.82
-6992.30 -6954.82
-7211.21 -6954.82
-7081.67 -6954.82
-7023.83 -6954.82
-7289.30 -6954.82
-7022.15 -6954.82
-7154.29 -6954.82
-7246.59 -6954.82
-7115.33 -6954.82
-7132.46 -6954.82
-7062.90 -6954.82
-7216.58 -6954.82
-7018.86 -6954.82
-6966.73 -6954.82
-7131.87 -6954.82
-7210.16 -6954.82
-6955.89 -6954.82
-7086.26 -6954.82
-7144.93 -6954.82
-6975.70 -6954.82
-6923.75 -6923.75
-6989.16 -6923.75
-7013.91 -6923.75
-6960.78 -6923.75
-7020.21 -6923.75
-7091.68 -6923.75
-7144.67 -6923.75
-6959.69 -6923.75
-7043.46 -6923.75
-7070.53 -6923.75
-7027.32 -6923.75
-6978.66 -6923.75
-6928.47 -6923.75
-7031.33 -6923.75
-7217.08 -6923.75
-7084.64 -6923.75
-7016.66 -6923.75
-7060.00 -6923.75
-7004.21 -6923.75
-7079.65 -6923.75
-6922.18 -6922.18
-7180.53 -6922.18
-7071.46 -6922.18
-7139.90 -6922.18
-7116.36 -6922.18
-7071.59 -6922.18
-6975.18 -6922.18
-7083.15 -6922.18
-7211.37 -6922.18
-7055.67 -6922.18
-7061.41 -6922.18
-6989.59 -6922.18
-7261.67 -6922.18
-7187.74 -6922.18
-7158.18 -6922.18
-7132.75 -6922.18
-7226.47 -6922.18
-7071.19 -6922.18
-7039.39 -6922.18
-7006.23 -6922.18
-6965.71 -6922.18
-7179.48 -6922.18
-7036.57 -6922.18
-7015.99 -6922.18
-7292.10 -6922.18
-6849.96 -6849.96
-6950.89 -6849.96
-7131.82 -6849.96
-7064.44 -6849.96
-7182.35 -6849.96
-7141.67 -6849.96
-7269.78 -6849.96
-7134.77 -6849.96
-6779.32 -6779.32
-7062.12 -6779.32
-7029.21 -6779.32
-6927.18 -6779.32
-7282.23 -6779.32
-6849.20 -6779.32
-6895.73 -6779.32
-7139.82 -6779.32
-6845.49 -6779.32
-6862.52 -6779.32
-7261.30 -6779.32
-6792.58 -6779.32
-6876.91 -6779.32
-6981.90 -6779.32
-6884.66 -6779.32
-6821.72 -6779.32
-6967.20 -6779.32
-7117.97 -6779.32
-6833.52 -6779.32
-6924.17 -6779.32
-6897.72 -6779.32
-6842.00 -6779.32
-7005.73 -6779.32
-7092.83 -6779.32
-6914.96 -6779.32
-7037.79 -6779.32
-6986.60 -6779.32
-7173.62 -6779.32
-7232.04 -6779.32
-7125.73 -6779.32
-7097.24 -6779.32
-6824.75 -6779.32
-6999.93 -6779.32
-7034.48 -6779.32
-6790.11 -6779.32
-6825.18 -6779.32
-6829.69 -6779.32
-6857.57 -6779.32
-7106.72 -6779.32
-6769.95 -6769.95
-6947.83 -6769.95
-7014.33 -6769.95
-7126.90 -6769.95
-6801.11 -6769.95
-6895.01 -6769.95
-6750.82 -6750.82
-6826.17 -6750.82
-6819.61 -6750.82
-7102.88 -6750.82
-6947.09 -6750.82
-6746.64 -6746.64
-7109.63 -6746.64
-7035.95 -6746.64
-7045.37 -6746.64
-6626.95 -6626.95
-6783.87 -6626.95
-6812.54 -6626.95
-6822.95 -6626.95
-6714.49 -6626.95
-6966.92 -6626.95
-6928.00 -6626.95
-6853.48 -6626.95
-6994.53 -6626.95
-6845.26 -6626.95
-6837.24 -6626.95
-6954.23 -6626.95
-6783.00 -6626.95
-6951.40 -6626.95
-7160.04 -6626.95
-7025.22 -6626.95
-6880.14 -6626.95
-6813.50 -6626.95
-6691.50 -6626.95
-6760.86 -6626.95
-6891.32 -6626.95
-6789.96 -6626.95
-6959.19 -6626.95
-6889.13 -6626.95
-6979.24 -6626.95
-6910.35 -6626.95
-6575.55 -6575.55
-6516.34 -6516.34
-6573.60 -6516.34
-6748.91 -6516.34
-6517.22 -6516.34
-6927.06 -6516.34
-6711.69 -6516.34
-6685.83 -6516.34
-6714.14 -6516.34
-7000.76 -6516.34
-6790.60 -6516.34
-6471.55 -6471.55
-6660.67 -6471.55
-6577.72 -6471.55
-6673.70 -6471.55
-6546.65 -6471.55
-6615.34 -6471.55
-6839.61 -6471.55
-6616.66 -6471.55
-6611.84 -6471.55
-7117.14 -6471.55
-6731.98 -6471.55
-6340.59 -6340.59
-6842.97 -6340.59
-6693.82 -6340.59
-6639.89 -6340.59
-6619.11 -6340.59
-6685.62 -6340.59
-6504.24 -6340.59
-6540.89 -6340.59
-6968.69 -6340.59
-6744.41 -6340.59
-6492.64 -6340.59
-6507.81 -6340.59
-6561.82 -6340.59
-6056.94 -6056.94
-6445.38 -6056.94
-6504.65 -6056.94
-6531.00 -6056.94
-6436.16 -6056.94
-6292.36 -6056.94
-6583.22 -6056.94
-6495.86 -6056.94
-6332.02 -6056.94
-6496.26 -6056.94
-6329.56 -6056.94
-6528.00 -6056.94
-6433.31 -6056.94
-6226.19 -6056.94
-6375.17 -6056.94
-6596.10 -6056.94
-6471.54 -6056.94
-5884.49 -5884.49
-6494.55 -5884.49
-6596.32 -5884.49
-6097.60 -5884.49
-6259.40 -5884.49
-5954.39 -5884.49
-6228.72 -5884.49
-6312.40 -5884.49
-6366.89 -5884.49
-6440.51 -5884.49
-6445.38 -5884.49
-6311.08 -5884.49
-5990.76 -5884.49
-6102.17 -5884.49
-6952.40 -5884.49
-6325.88 -5884.49
-6144.96 -5884.49
-6600.16 -5884.49
-6131.29 -5884.49
-6346.48 -5884.49
-6978.49 -5884.49
-6224.36 -5884.49
-6750.29 -5884.49
-6636.53 -5884.49
-6528.62 -5884.49
-6308.80 -5884.49
-5918.08 -5884.49
-6132.84 -5884.49
-6368.37 -5884.49
-6192.99 -5884.49
-6289.74 -5884.49
-6308.81 -5884.49
-6235.41 -5884.49
-6647.45 -5884.49
-6324.51 -5884.49
-6302.66 -5884.49
-6285.04 -5884.49
-6578.86 -5884.49
-6377.53 -5884.49
-6402.44 -5884.49
-6556.51 -5884.49
-6293.58 -5884.49
-6305.64 -5884.49
-6492.51 -5884.49
-6050.02 -5884.49
-6079.50 -5884.49
-6301.83 -5884.49
-6234.39 -5884.49
-6479.21 -5884.49
-6380.06 -5884.49
-6176.85 -5884.49
-6186.34 -5884.49
-6392.33 -5884.49
-6542.46 -5884.49
-6290.50 -5884.49
-6437.41 -5884.49
-6274.63 -5884.49
-6297.81 -5884.49
-6218.72 -5884.49
-6182.33 -5884.49
-6485.40 -5884.49
-6230.13 -5884.49
-6509.49 -5884.49
-6677.97 -5884.49
-6326.71 -5884.49
-6281.28 -5884.49
-6185.24 -5884.49
-6176.12 -5884.49
-6480.71 -5884.49
-6513.86 -5884.49
-6388.73 -5884.49
-6367.48 -5884.49
-6100.66 -5884.49
-6527.73 -5884.49
-6428.45 -5884.49
-6550.51 -5884.49
-6408.15 -5884.49
-6118.25 -5884.49
-6485.97 -5884.49
-6456.00 -5884.49
-6295.63 -5884.49
-6312.25 -5884.49
-6158.77 -5884.49
-6310.19 -5884.49
-6125.67 -5884.49
-6139.33 -5884.49
-5968.98 -5884.49
-6755.64 -5884.49
-6494.99 -5884.49
-6363.61 -5884.49
-6200.94 -5884.49
-6158.62 -5884.49
-6438.01 -5884.49
-6219.13 -5884.49
-6451.96 -5884.49
-6267.51 -5884.49
-6297.69 -5884.49
-6356.51 -5884.49
-6535.97 -5884.49
-6272.35 -5884.49
-6259.41 -5884.49
-6323.96 -5884.49
-6287.06 -5884.49
-6392.77 -5884.49
-6460.23 -5884.49
-6453.19 -5884.49
-6647.79 -5884.49
-6441.37 -5884.49
-6168.62 -5884.49
-6184.62 -5884.49
-6207.45 -5884.49
-6484.24 -5884.49
-6383.86 -5884.49
-6397.88 -5884.49
-6532.76 -5884.49
-6321.40 -5884.49
-6179.12 -5884.49
-5986.55 -5884.49
-5977.71 -5884.49
-6410.03 -5884.49
-6395.68 -5884.49
-6495.09 -5884.49
-6589.88 -5884.49
-6298.99 -5884.49
-6246.87 -5884.49
-6382.90 -5884.49
-6149.85 -5884.49
-6176.93 -5884.49
-6017.02 -5884.49
-6145.39 -5884.49
-6328.89 -5884.49
-6297.04 -5884.49
-6107.09 -5884.49
-6234.86 -5884.49
-6383.99 -5884.49
-6273.38 -5884.49
-6559.26 -5884.49
-6566.70 -5884.49
-6358.34 -5884.49
-6563.04 -5884.49
-6291.54 -5884.49
-6615.29 -5884.49
-6401.54 -5884.49
-6434.39 -5884.49
-6452.41 -5884.49
-6292.94 -5884.49
-6259.10 -5884.49
-6592.84 -5884.49
-6667.57 -5884.49
-6429.33 -5884.49
-6332.79 -5884.49
-6178.56 -5884.49
-6309.92 -5884.49
-6378.82 -5884.49
-6336.50 -5884.49
-6443.12 -5884.49
-5844.10 -5844.10
-6038.20 -5844.10
-6175.71 -5844.10
-6304.61 -5844.10
-6100.13 -5844.10
-6376.80 -5844.10
-6048.37 -5844.10
-6301.85 -5844.10
-6117.84 -5844.10
-6238.75 -5844.10
-6352.71 -5844.10
-6109.69 -5844.10
-5956.84 -5844.10
-6255.29 -5844.10
-6320.74 -5844.10
-5835.39 -5835.39
-6326.13 -5835.39
-5762.28 -5762.28
-6194.06 -5762.28
-5924.22 -5762.28
-6305.59 -5762.28
-5990.01 -5762.28
-5968.74 -5762.28
-6171.30 -5762.28
-5936.01 -5762.28
-5919.52 -5762.28
-6083.28 -5762.28
-5756.76 -5756.76
-6468.85 -5756.76
-6016.95 -5756.76
-5914.14 -5756.76
-6094.66 -5756.76
-6460.44 -5756.76
-5881.35 -5756.76
-6233.72 -5756.76
-6439.09 -5756.76
-7070.21 -5756.76
-7142.14 -5756.76
-7189.39 -5756.76
-7041.06 -5756.76
