-10000.00 -10000.00
-1122.73 -1122.73
-1124.66 -1122.73
-1176.86 -1122.73
-1134.25 -1122.73
-1133.79 -1122.73
-1120.81 -1120.81
-1133.03 -1120.81
-1133.07 -1120.81
-1135.00 -1120.81
-1145.04 -1120.81
-1118.16 -1118.16
-1149.80 -1118.16
-1133.14 -1118.16
-1096.00 -1096.00
-1102.02 -1096.00
-1118.79 -1096.00
-1109.44 -1096.00
-1163.77 -1096.00
-1143.17 -1096.00
-1135.49 -1096.00
-1106.11 -1096.00
-1140.62 -1096.00
-1110.37 -1096.00
-1107.65 -1096.00
-1132.37 -1096.00
-1129.12 -1096.00
-1148.68 -1096.00
-1138.47 -1096.00
-1119.05 -1096.00
-1099.55 -1096.00
-1138.25 -1096.00
-1150.61 -1096.00
-1103.98 -1096.00
-1127.76 -1096.00
-1097.64 -1096.00
-1136.46 -1096.00
-1126.84 -1096.00
-1140.77 -1096.00
-1118.03 -1096.00
-1157.54 -1096.00
-1106.81 -1096.00
-1155.63 -1096.00
-1094.08 -1094.08
-1116.06 -1094.08
-1158.85 -1094.08
-1099.45 -1094.08
-1149.94 -1094.08
-1112.86 -1094.08
-1090.95 -1090.95
-1068.09 -1068.09
-1110.04 -1068.09
-1107.12 -1068.09
-1105.86 -1068.09
-1104.56 -1068.09
-1123.62 -1068.09
-1112.86 -1068.09
-1097.91 -1068.09
-1106.13 -1068.09
-1131.24 -1068.09
-1095.74 -1068.09
-1099.30 -1068.09
-1138.82 -1068.09
-1142.71 -1068.09
-1150.68 -1068.09
-1103.29 -1068.09
-1118.08 -1068.09
-1118.30 -1068.09
-1129.96 -1068.09
-1098.52 -1068.09
-1055.90 -1055.90
-1084.32 -1055.90
-1110.83 -1055.90
-1075.05 -1055.90
-1076.42 -1055.90
-1088.40 -1055.90
-1080.84 -1055.90
-1083.17 -1055.90
-1093.44 -1055.90
-1088.76 -1055.90
-1098.29 -1055.90
-1083.43 -1055.90
-1125.25 -1055.90
-1097.20 -1055.90
-1097.39 -1055.90
-1085.41 -1055.90
-1125.83 -1055.90
-1101.24 -1055.90
-1099.73 -1055.90
-1100.53 -1055.90
-1097.13 -1055.90
-1121.52 -1055.90
-1100.34 -1055.90
-1096.36 -1055.90
-1073.33 -1055.90
-1094.35 -1055.90
-1074.92 -1055.90
-1113.26 -1055.90
-1090.51 -1055.90
-1127.58 -1055.90
-1087.81 -1055.90
-1081.33 -1055.90
-1082.24 -1055.90
-1062.38 -1055.90
-1108.03 -1055.90
-1082.37 -1055.90
-1064.88 -1055.90
-1084.53 -1055.90
-1096.95 -1055.90
-1104.00 -1055.90
-1101.60 -1055.90
-1100.64 -1055.90
-1078.90 -1055.90
-1078.86 -1055.90
-1129.44 -1055.90
-1083.51 -1055.90
-1101.56 -1055.90
-1099.34 -1055.90
-1119.90 -1055.90
-1087.40 -1055.90
-1061.31 -1055.90
-1132.42 -1055.90
-1097.03 -1055.90
-1103.06 -1055.90
-1102.41 -1055.90
-1104.88 -1055.90
-1089.60 -1055.90
-1082.22 -1055.90
-1062.40 -1055.90
-1084.30 -1055.90
-1087.53 -1055.90
-1117.56 -1055.90
-1096.02 -1055.90
-1105.02 -1055.90
-1092.48 -1055.90
-1108.64 -1055.90
-1127.53 -1055.90
-1131.06 -1055.90
-1126.65 -1055.90
-1085.52 -1055.90
-1083.57 -1055.90
-1135.16 -1055.90
-1137.89 -1055.90
-1096.86 -1055.90
-1087.58 -1055.90
-1078.59 -1055.90
-1079.95 -1055.90
-1107.38 -1055.90
-1127.37 -1055.90
-1092.96 -1055.90
-1113.44 -1055.90
-1105.01 -1055.90
-1139.25 -1055.90
-1072.81 -1055.90
-1060.60 -1055.90
-1080.45 -1055.90
-1073.14 -1055.90
-1092.27 -1055.90
-1090.20 -1055.90
-1105.71 -1055.90
-1082.10 -1055.90
-1091.50 -1055.90
-1096.03 -1055.90
-1056.11 -1056.11
-1060.18 -1056.11
-1071.73 -1056.11
-1069.74 -1056.11
-1101.64 -1056.11
-1055.55 -1055.55
-1089.33 -1055.55
-1072.58 -1055.55
-1062.04 -1055.55
-1099.79 -1055.55
-1061.44 -1055.55
-1077.14 -1055.55
-1073.79 -1055.55
-1092.77 -1055.55
-1052.36 -1052.36
-1051.96 -1051.96
-1031.64 -1031.64
-1075.50 -1031.64
-1048.46 -1031.64
-1096.91 -1031.64
-1015.27 -1015.27
-1050.60 -1015.27
-1006.71 -1006.71
-1018.89 -1006.71
-1076.09 -1006.71
-1042.71 -1006.71
-1034.73 -1006.71
-1037.42 -1006.71
-1049.83 -1006.71
-1064.39 -1006.71
-1086.96 -1006.71
-1047.81 -1006.71
-1046.02 -1006.71
-1050.97 -1006.71
-973.59 -973.59
-1020.95 -973.59
-1085.46 -973.59
-1021.74 -973.59
-1023.57 -973.59
-1017.61 -973.59
-984.70 -973.59
-1111.57 -973.59
-1038.73 -973.59
-1013.95 -973.59
-1039.63 -973.59
-980.14 -973.59
-1017.17 -973.59
-1010.25 -973.59
-1003.77 -973.59
-1054.82 -973.59
-981.27 -973.59
-1048.74 -973.59
-972.16 -972.16
-976.61 -972.16
-997.55 -972.16
-1014.08 -972.16
-997.19 -972.16
-975.16 -972.16
-984.40 -972.16
-962.28 -962.28
-962.62 -962.62
-968.40 -962.62
-906.45 -906.45
-976.52 -906.45
-984.35 -906.45
-999.90 -906.45
-920.13 -906.45
-979.55 -906.45
-843.09 -843.09
-922.75 -843.09
-949.36 -843.09
-1014.00 -843.09
-940.75 -843.09
-917.89 -843.09
-917.43 -843.09
-959.85 -843.09
-957.74 -843.09
-933.04 -843.09
-905.94 -843.09
-891.69 -843.09
-918.18 -843.09
-944.60 -843.09
-971.93 -843.09
-930.19 -843.09
-896.02 -843.09
-942.84 -843.09
-909.50 -843.09
-883.48 -843.09
-913.31 -843.09
-1002.89 -843.09
-954.97 -843.09
-988.69 -843.09
-854.00 -843.09
-991.39 -843.09
-989.30 -843.09
-917.79 -843.09
-993.51 -843.09
-902.65 -843.09
-934.92 -843.09
-918.00 -843.09
-1002.63 -843.09
-1034.73 -843.09
-902.46 -843.09
-876.23 -843.09
-943.83 -843.09
-931.69 -843.09
-943.33 -843.09
-905.03 -843.09
-945.43 -843.09
-980.60 -843.09
-860.74 -843.09
-901.99 -843.09
-910.78 -843.09
-956.80 -843.09
-1026.19 -843.09
-891.04 -843.09
-952.64 -843.09
-969.24 -843.09
-934.30 -843.09
-982.52 -843.09
-886.89 -843.09
-908.26 -843.09
-872.15 -843.09
-929.39 -843.09
-914.14 -843.09
-1024.47 -843.09
-978.78 -843.09
-925.59 -843.09
-1005.29 -843.09
-959.47 -843.09
-884.33 -843.09
-935.93 -843.09
-926.89 -843.09
-961.09 -843.09
-1070.42 -843.09
-991.38 -843.09
-944.97 -843.09
-989.43 -843.09
-977.63 -843.09
-894.77 -843.09
-918.73 -843.09
-947.76 -843.09
-881.22 -843.09
-871.18 -843.09
-906.48 -843.09
-953.50 -843.09
-987.03 -843.09
-919.16 -843.09
-945.66 -843.09
-1003.83 -843.09
-938.40 -843.09
-929.18 -843.09
-1051.86 -843.09
-988.10 -843.09
-906.29 -843.09
-942.77 -843.09
-950.32 -843.09
-968.51 -843.09
-936.85 -843.09
-928.35 -843.09
-884.06 -843.09
-947.65 -843.09
-921.26 -843.09
-898.41 -843.09
-909.11 -843.09
-942.13 -843.09
-991.09 -843.09
-920.65 -843.09
-946.49 -843.09
-912.34 -843.09
-894.24 -843.09
-913.95 -843.09
-950.62 -843.09
-999.49 -843.09
-932.58 -843.09
-946.46 -843.09
-971.22 -843.09
-871.68 -843.09
-900.61 -843.09
-919.55 -843.09
-941.57 -843.09
-891.60 -843.09
-1001.89 -843.09
-975.46 -843.09
-902.51 -843.09
-941.44 -843.09
-933.23 -843.09
-984.89 -843.09
-845.60 -843.09
-901.92 -843.09
-920.21 -843.09
-955.18 -843.09
-1003.23 -843.09
-960.43 -843.09
-917.78 -843.09
-906.82 -843.09
-898.04 -843.09
-898.34 -843.09
-885.81 -843.09
-940.08 -843.09
-932.13 -843.09
-983.84 -843.09
-929.44 -843.09
-880.84 -843.09
-907.18 -843.09
-886.30 -843.09
-948.63 -843.09
-834.91 -834.91
-995.61 -834.91
-965.29 -834.91
-822.24 -822.24
-917.44 -822.24
-958.45 -822.24
-883.14 -822.24
-953.81 -822.24
-912.02 -822.24
-898.00 -822.24
-946.36 -822.24
-913.23 -822.24
-877.98 -822.24
-885.42 -822.24
-941.24 -822.24
-962.65 -822.24
-1071.43 -822.24
-921.66 -822.24
-889.16 -822.24
-938.80 -822.24
-948.28 -822.24
-932.72 -822.24
-937.29 -822.24
-915.54 -822.24
-802.40 -802.40
-951.70 -802.40
-982.45 -802.40
-944.53 -802.40
-820.84 -802.40
-933.28 -802.40
-937.85 -802.40
-920.60 -802.40
-889.44 -802.40
-861.82 -802.40
-954.85 -802.40
-927.16 -802.40
-901.00 -802.40
-1014.28 -802.40
-940.18 -802.40
-991.24 -802.40
-937.69 -802.40
-901.86 -802.40
-1037.66 -802.40
-956.93 -802.40
-966.87 -802.40
-878.51 -802.40
-906.29 -802.40
-904.84 -802.40
-1111.34 -1111.34
-1112.96 -1112.96
-1097.92 -1097.92
-1140.29 -1097.92
-1078.03 -1078.03
-1134.52 -1078.03
-1094.89 -1078.03
-1097.91 -1078.03
-1107.63 -1078.03
-1100.17 -1078.03
-1071.44 -1071.44
-1126.90 -1071.44
-1117.89 -1071.44
-1091.56 -1071.44
-1060.66 -1060.66
-1060.73 -1060.73
-1055.59 -1055.59
-1034.71 -1034.71
-1067.62 -1034.71
-1053.92 -1034.71
-1072.35 -1034.71
-1037.96 -1034.71
-1059.26 -1034.71
-1094.66 -1034.71
-1106.01 -1034.71
-1067.60 -1034.71
-1053.02 -1034.71
-1024.01 -1024.01
-1050.69 -1024.01
-1025.55 -1024.01
-1008.98 -1008.98
-1018.08 -1008.98
-1039.55 -1008.98
-989.16 -989.16
-996.62 -989.16
-1039.51 -989.16
-962.05 -962.05
-994.24 -962.05
-990.14 -962.05
-1002.48 -962.05
-999.08 -962.05
-1046.29 -962.05
-975.22 -962.05
-1016.43 -962.05
-1007.83 -962.05
-966.74 -962.05
-1016.90 -962.05
-1034.56 -962.05
-1022.64 -962.05
-966.40 -962.05
-978.79 -962.05
-992.18 -962.05
-997.24 -962.05
-1002.12 -962.05
-989.85 -962.05
-1090.19 -962.05
-1012.50 -962.05
-987.03 -962.05
-962.37 -962.37
-1015.40 -962.37
-966.11 -962.37
-1011.43 -962.37
-967.40 -962.37
-1027.02 -962.37
-955.26 -955.26
-1019.60 -955.26
-959.31 -955.26
-1000.24 -955.26
-1004.59 -955.26
-962.97 -955.26
-980.30 -955.26
-977.02 -955.26
-956.80 -955.26
-979.18 -955.26
-932.47 -932.47
-935.81 -932.47
-942.31 -932.47
-957.38 -932.47
-970.37 -932.47
-960.73 -932.47
-949.80 -932.47
-962.23 -932.47
-984.63 -932.47
-973.39 -932.47
-1038.65 -932.47
-982.43 -932.47
-943.58 -932.47
-995.96 -932.47
-1009.38 -932.47
-1001.58 -932.47
-944.99 -932.47
-964.39 -932.47
-919.15 -919.15
-977.44 -919.15
-952.21 -919.15
-930.57 -919.15
-1003.07 -919.15
-970.38 -919.15
-878.09 -878.09
-898.55 -878.09
-961.10 -878.09
-927.45 -878.09
-925.52 -878.09
-886.38 -878.09
-917.86 -878.09
-932.96 -878.09
-969.90 -878.09
-970.82 -878.09
-1002.64 -878.09
-902.32 -878.09
-970.08 -878.09
-946.62 -878.09
-969.72 -878.09
-980.96 -878.09
-958.37 -878.09
-933.37 -878.09
-963.14 -878.09
-925.01 -878.09
-959.65 -878.09
-966.07 -878.09
-945.38 -878.09
-995.14 -878.09
-909.48 -878.09
-933.39 -878.09
-929.61 -878.09
-1049.79 -878.09
-943.83 -878.09
-870.31 -870.31
-911.94 -870.31
-928.64 -870.31
-895.68 -870.31
-900.18 -870.31
-978.58 -870.31
-874.43 -870.31
-892.58 -870.31
-1034.65 -870.31
-954.01 -870.31
-922.93 -870.31
-947.41 -870.31
-926.04 -870.31
-947.37 -870.31
-858.93 -858.93
-907.83 -858.93
-919.38 -858.93
-908.35 -858.93
-917.54 -858.93
-910.91 -858.93
-946.64 -858.93
-915.34 -858.93
-1008.08 -858.93
-882.97 -858.93
-1035.81 -858.93
-978.01 -858.93
-935.96 -858.93
-900.25 -858.93
-899.09 -858.93
-957.99 -858.93
-993.53 -858.93
-958.03 -858.93
-913.01 -858.93
-952.38 -858.93
-830.91 -830.91
-902.64 -830.91
-937.63 -830.91
-939.09 -830.91
-1076.56 -830.91
-907.25 -830.91
-937.58 -830.91
-953.20 -830.91
-936.03 -830.91
-971.22 -830.91
-1011.41 -830.91
-898.75 -830.91
-900.18 -830.91
-954.92 -830.91
-929.70 -830.91
-939.36 -830.91
-909.08 -830.91
-912.09 -830.91
-896.11 -830.91
-932.95 -830.91
-943.11 -830.91
-953.33 -830.91
-958.39 -830.91
-941.11 -830.91
-941.00 -830.91
-935.00 -830.91
-979.04 -830.91
-1013.48 -830.91
-899.91 -830.91
-937.05 -830.91
-945.36 -830.91
-916.88 -830.91
-886.66 -830.91
-868.77 -830.91
-1010.29 -830.91
-921.04 -830.91
-957.16 -830.91
-995.74 -830.91
-953.11 -830.91
-932.47 -830.91
-894.15 -830.91
-920.59 -830.91
-1015.83 -830.91
-1048.88 -830.91
-913.93 -830.91
-922.09 -830.91
-1074.33 -830.91
-884.29 -830.91
-918.16 -830.91
-873.60 -830.91
-954.66 -830.91
-925.02 -830.91
-1041.59 -830.91
-862.50 -830.91
-928.98 -830.91
-913.15 -830.91
-904.47 -830.91
-919.06 -830.91
-969.76 -830.91
-947.50 -830.91
-925.49 -830.91
-966.27 -830.91
-918.38 -830.91
-936.63 -830.91
-860.11 -830.91
-959.04 -830.91
-931.37 -830.91
-966.32 -830.91
-940.09 -830.91
-895.50 -830.91
-865.50 -830.91
-947.55 -830.91
-1023.91 -830.91
-922.46 -830.91
-928.85 -830.91
-893.87 -830.91
-896.64 -830.91
-960.65 -830.91
-915.51 -830.91
-992.27 -830.91
-931.46 -830.91
-907.51 -830.91
-861.89 -830.91
-933.10 -830.91
-952.66 -830.91
-943.89 -830.91
-945.33 -830.91
-973.87 -830.91
-987.42 -830.91
-902.98 -830.91
-951.50 -830.91
-963.80 -830.91
-928.31 -830.91
-928.94 -830.91
-962.18 -830.91
-877.35 -830.91
-1057.53 -830.91
-975.94 -830.91
-913.21 -830.91
-976.43 -830.91
-979.36 -830.91
-1004.52 -830.91
-966.93 -830.91
-889.23 -830.91
-988.47 -830.91
-954.18 -830.91
-947.19 -830.91
-898.63 -830.91
-975.48 -830.91
-956.68 -830.91
-931.73 -830.91
-926.66 -830.91
-925.92 -830.91
-950.52 -830.91
-950.49 -830.91
-881.01 -830.91
-940.11 -830.91
-1012.92 -830.91
-1053.75 -830.91
-1034.74 -830.91
-968.44 -830.91
-1013.77 -830.91
-939.78 -830.91
-884.18 -830.91
-924.56 -830.91
-957.63 -830.91
-952.41 -830.91
-917.20 -830.91
-846.96 -830.91
-962.30 -830.91
-919.58 -830.91
-894.68 -830.91
-923.89 -830.91
-924.37 -830.91
-1010.34 -830.91
-959.02 -830.91
-994.37 -830.91
-887.17 -830.91
-889.00 -830.91
-924.39 -830.91
-1064.90 -830.91
-927.01 -830.91
-1001.41 -830.91
-925.52 -830.91
-945.78 -830.91
-945.79 -830.91
-993.12 -830.91
-890.28 -830.91
-868.25 -830.91
-919.69 -830.91
-990.01 -830.91
-889.71 -830.91
-921.03 -830.91
-881.03 -830.91
-946.00 -830.91
-962.18 -830.91
-899.10 -830.91
-939.46 -830.91
-919.49 -830.91
-923.60 -830.91
-893.34 -830.91
-1047.46 -830.91
-904.16 -830.91
-946.38 -830.91
-930.13 -830.91
-972.49 -830.91
-913.00 -830.91
-884.05 -830.91
-929.35 -830.91
-918.01 -830.91
-903.61 -830.91
-927.55 -830.91
-901.88 -830.91
-940.09 -830.91
-930.85 -830.91
-892.20 -830.91
-876.59 -830.91
-926.24 -830.91
-932.62 -830.91
-887.61 -830.91
-930.10 -830.91
-978.10 -830.91
-938.91 -830.91
-947.66 -830.91
-950.80 -830.91
-870.76 -830.91
-899.37 -830.91
-937.49 -830.91
-877.32 -830.91
-1012.94 -830.91
-955.16 -830.91
-937.75 -830.91
-907.20 -830.91
-908.52 -830.91
-933.03 -830.91
-940.84 -830.91
-982.40 -830.91
-905.69 -830.91
-929.74 -830.91
-966.93 -830.91
-880.82 -830.91
-924.32 -830.91
-933.80 -830.91
-1084.20 -830.91
-929.56 -830.91
-885.45 -830.91
-998.87 -830.91
-896.17 -830.91
-1017.88 -830.91
-952.65 -830.91
-970.47 -830.91
-989.82 -830.91
-890.73 -830.91
-930.46 -830.91
-1002.94 -830.91
-934.14 -830.91
-1022.00 -830.91
-980.36 -830.91
-917.04 -830.91
-936.29 -830.91
-983.96 -830.91
-888.67 -830.91
-949.41 -830.91
-953.59 -830.91
-981.89 -830.91
-936.80 -830.91
-949.46 -830.91
-985.22 -830.91
-960.99 -830.91
-927.54 -830.91
-931.60 -830.91
-952.37 -830.91
-938.30 -830.91
-904.02 -830.91
-842.70 -830.91
-927.02 -830.91
-938.10 -830.91
-986.35 -830.91
-864.99 -830.91
-989.03 -830.91
-973.23 -830.91
-923.99 -830.91
-992.66 -830.91
-972.51 -830.91
-921.91 -830.91
-946.60 -830.91
-905.05 -830.91
-852.48 -830.91
-976.23 -830.91
-895.97 -830.91
-906.00 -830.91
-991.63 -830.91
-956.75 -830.91
-962.21 -830.91
-944.87 -830.91
-1124.28 -830.91
-1113.09 -1113.09
-1122.64 -1113.09
-1113.30 -1113.09
-1100.43 -1100.43
-1099.42 -1099.42
-1120.70 -1099.42
-1110.14 -1099.42
-1115.65 -1099.42
-1150.36 -1099.42
-1110.75 -1099.42
-1131.18 -1099.42
-1112.16 -1099.42
-1127.71 -1099.42
-1111.06 -1099.42
-1146.63 -1099.42
-1152.15 -1099.42
-1128.54 -1099.42
-1128.92 -1099.42
-1120.69 -1099.42
-1108.03 -1099.42
-1126.55 -1099.42
-1098.27 -1098.27
-1142.31 -1098.27
-1096.62 -1096.62
-1130.49 -1096.62
-1105.97 -1096.62
-1152.90 -1096.62
-1102.46 -1096.62
-1116.44 -1096.62
-1090.78 -1090.78
-1117.18 -1090.78
-1134.13 -1090.78
-1110.30 -1090.78
-1053.92 -1053.92
-1073.78 -1053.92
-1092.59 -1053.92
-1118.64 -1053.92
-1093.39 -1053.92
-1097.08 -1053.92
-1079.90 -1053.92
-1104.36 -1053.92
-1061.35 -1053.92
-1096.24 -1053.92
-1062.59 -1053.92
-1063.76 -1053.92
-1120.82 -1053.92
-1063.09 -1053.92
-1092.07 -1053.92
-1080.57 -1053.92
-1058.63 -1053.92
-1049.38 -1049.38
-1063.52 -1049.38
-1086.00 -1049.38
-1101.10 -1049.38
-1089.00 -1049.38
-1052.81 -1049.38
-1141.80 -1049.38
-1096.73 -1049.38
-1132.42 -1049.38
-1096.97 -1049.38
-1070.27 -1049.38
-1148.65 -1049.38
-1064.67 -1049.38
-1110.18 -1049.38
-1094.00 -1049.38
-1074.53 -1049.38
-1033.37 -1033.37
-1083.68 -1033.37
-1114.96 -1033.37
-1088.80 -1033.37
-1056.26 -1033.37
-1069.30 -1033.37
-1075.68 -1033.37
-1063.37 -1033.37
-1106.75 -1033.37
-1083.81 -1033.37
-1056.22 -1033.37
-1139.17 -1033.37
-1093.71 -1033.37
-1074.70 -1033.37
-1082.60 -1033.37
-1101.77 -1033.37
-1094.05 -1033.37
-1112.62 -1033.37
-1067.67 -1033.37
-1135.61 -1033.37
-1101.73 -1033.37
-1053.31 -1033.37
-1091.97 -1033.37
-1037.18 -1033.37
-1092.30 -1033.37
-1081.57 -1033.37
-1116.09 -1033.37
-1045.58 -1033.37
-1061.65 -1033.37
-1084.55 -1033.37
-1060.04 -1033.37
-1072.93 -1033.37
-1024.28 -1024.28
-1059.79 -1024.28
-1072.38 -1024.28
-984.42 -984.42
-1002.21 -984.42
-1061.81 -984.42
-997.36 -984.42
-1034.30 -984.42
-1071.70 -984.42
-1008.61 -984.42
-1012.86 -984.42
-1076.93 -984.42
-1116.01 -984.42
-1050.89 -984.42
-1025.90 -984.42
-1051.86 -984.42
-1063.14 -984.42
-1023.76 -984.42
-981.33 -981.33
-1030.54 -981.33
-995.10 -981.33
-1035.56 -981.33
-1014.83 -981.33
-975.37 -975.37
-985.22 -975.37
-1002.40 -975.37
-1020.98 -975.37
-970.10 -970.10
-1024.24 -970.10
-990.82 -970.10
-960.87 -960.87
-946.98 -946.98
-927.65 -927.65
-984.66 -927.65
-912.42 -912.42
-898.81 -898.81
-946.90 -898.81
-920.38 -898.81
-962.54 -898.81
-944.03 -898.81
-1049.93 -898.81
-934.67 -898.81
-976.28 -898.81
-958.46 -898.81
-931.38 -898.81
-956.31 -898.81
-923.00 -898.81
-909.19 -898.81
-1001.95 -898.81
-1020.30 -898.81
-1040.98 -898.81
-926.47 -898.81
-898.68 -898.68
-1045.79 -898.68
-928.85 -898.68
-947.80 -898.68
-972.46 -898.68
-930.93 -898.68
-935.49 -898.68
-913.27 -898.68
-922.35 -898.68
-930.85 -898.68
-958.13 -898.68
-915.00 -898.68
-934.47 -898.68
-992.33 -898.68
-942.69 -898.68
-944.24 -898.68
-899.62 -899.62
-954.90 -899.62
-1012.13 -899.62
-926.57 -899.62
-922.12 -899.62
-912.42 -899.62
-919.71 -899.62
-874.39 -874.39
-968.78 -874.39
-914.28 -874.39
-895.89 -874.39
-974.56 -874.39
-824.83 -824.83
-885.64 -824.83
-953.04 -824.83
-917.34 -824.83
-909.02 -824.83
-983.00 -824.83
-940.07 -824.83
-918.94 -824.83
-923.01 -824.83
-935.00 -824.83
-889.73 -824.83
-948.46 -824.83
-899.59 -824.83
-903.48 -824.83
-934.77 -824.83
-897.40 -824.83
-930.81 -824.83
-965.97 -824.83
-948.35 -824.83
-918.40 -824.83
-884.93 -824.83
-969.05 -824.83
-878.43 -824.83
-912.49 -824.83
-895.12 -824.83
-896.61 -824.83
-926.96 -824.83
-953.41 -824.83
-951.64 -824.83
-986.50 -824.83
-1019.24 -824.83
-978.47 -824.83
-934.02 -824.83
-952.42 -824.83
-915.80 -824.83
-990.29 -824.83
-947.78 -824.83
-955.53 -824.83
-963.27 -824.83
-904.33 -824.83
-853.70 -824.83
-911.33 -824.83
-936.92 -824.83
-942.83 -824.83
-961.33 -824.83
-960.54 -824.83
-937.43 -824.83
-999.32 -824.83
-890.10 -824.83
-894.35 -824.83
-881.00 -824.83
-946.44 -824.83
-866.55 -824.83
-913.07 -824.83
-981.53 -824.83
-918.96 -824.83
-948.20 -824.83
-946.95 -824.83
-916.02 -824.83
-1005.98 -824.83
-862.93 -824.83
-931.96 -824.83
-923.38 -824.83
-984.98 -824.83
-1018.00 -824.83
-881.09 -824.83
-937.74 -824.83
-886.35 -824.83
-1013.31 -824.83
-887.09 -824.83
-970.16 -824.83
-939.26 -824.83
-920.08 -824.83
-927.02 -824.83
-1014.45 -824.83
-960.29 -824.83
-963.80 -824.83
-969.64 -824.83
-896.16 -824.83
-877.27 -824.83
-902.19 -824.83
-942.36 -824.83
-1010.57 -824.83
-1038.23 -824.83
-962.43 -824.83
-938.31 -824.83
-941.98 -824.83
-927.79 -824.83
-913.78 -824.83
-986.47 -824.83
-891.60 -824.83
-930.81 -824.83
-930.23 -824.83
-869.23 -824.83
-920.60 -824.83
-954.41 -824.83
-919.45 -824.83
-929.66 -824.83
-1048.95 -824.83
-980.47 -824.83
-891.69 -824.83
-1033.44 -824.83
-942.15 -824.83
-941.18 -824.83
-1029.51 -824.83
-925.52 -824.83
-966.45 -824.83
-901.82 -824.83
-916.96 -824.83
-945.52 -824.83
-921.35 -824.83
-997.97 -824.83
-962.46 -824.83
-931.27 -824.83
-917.52 -824.83
-945.37 -824.83
-905.13 -824.83
-909.18 -824.83
-979.19 -824.83
-977.56 -824.83
-961.71 -824.83
-1000.93 -824.83
-943.92 -824.83
-930.05 -824.83
-1013.66 -824.83
-936.06 -824.83
-794.00 -794.00
-875.00 -794.00
-921.96 -794.00
-985.61 -794.00
-915.27 -794.00
-963.34 -794.00
-917.08 -794.00
-902.19 -794.00
-984.14 -794.00
-940.63 -794.00
-913.62 -794.00
-929.93 -794.00
-963.29 -794.00
-963.75 -794.00
-1036.29 -794.00
-942.80 -794.00
-891.22 -794.00
-918.20 -794.00
-930.12 -794.00
-972.98 -794.00
-928.25 -794.00
-914.58 -794.00
-910.75 -794.00
-991.86 -794.00
-982.97 -794.00
-898.08 -794.00
-925.05 -794.00
-992.77 -794.00
-870.11 -794.00
-921.28 -794.00
-936.61 -794.00
-867.92 -794.00
-972.14 -794.00
-994.41 -794.00
-934.98 -794.00
-927.46 -794.00
-961.29 -794.00
-929.18 -794.00
-894.68 -794.00
-959.99 -794.00
-949.21 -794.00
-931.42 -794.00
-913.19 -794.00
-869.65 -794.00
-1015.08 -794.00
-882.14 -794.00
-955.89 -794.00
-900.35 -794.00
-965.23 -794.00
-990.48 -794.00
-943.38 -794.00
-931.88 -794.00
-926.31 -794.00
-935.41 -794.00
-973.29 -794.00
-997.15 -794.00
-937.72 -794.00
-907.82 -794.00
-948.91 -794.00
-988.86 -794.00
-1018.43 -794.00
-915.65 -794.00
-957.61 -794.00
-943.10 -794.00
-957.25 -794.00
-910.32 -794.00
-977.10 -794.00
-952.94 -794.00
-938.81 -794.00
-946.66 -794.00
-979.33 -794.00
-911.83 -794.00
-917.23 -794.00
-993.33 -794.00
-931.42 -794.00
-935.10 -794.00
-960.71 -794.00
-929.92 -794.00
-912.10 -794.00
-920.30 -794.00
-873.65 -794.00
-952.15 -794.00
-930.81 -794.00
-915.25 -794.00
-945.03 -794.00
-978.12 -794.00
-940.13 -794.00
-907.83 -794.00
-909.43 -794.00
-980.43 -794.00
-928.60 -794.00
-917.37 -794.00
-876.43 -794.00
-1031.18 -794.00
-964.85 -794.00
-1046.52 -794.00
-916.09 -794.00
-897.00 -794.00
-977.16 -794.00
-914.34 -794.00
-931.29 -794.00
-898.98 -794.00
-862.51 -794.00
-926.49 -794.00
-968.08 -794.00
-907.40 -794.00
-919.08 -794.00
-958.62 -794.00
-915.97 -794.00
-922.80 -794.00
-1036.16 -794.00
-1130.28 -794.00
-1121.38 -1121.38
-1095.44 -1095.44
-1127.03 -1095.44
-1123.43 -1095.44
-1107.73 -1095.44
-1116.31 -1095.44
-1141.94 -1095.44
-1099.51 -1095.44
-1121.89 -1095.44
-1117.56 -1095.44
-1104.85 -1095.44
-1114.26 -1095.44
-1104.38 -1095.44
-1147.54 -1095.44
-1148.89 -1095.44
-1130.92 -1095.44
-1135.55 -1095.44
-1121.96 -1095.44
-1131.92 -1095.44
-1127.11 -1095.44
-1121.78 -1095.44
-1145.82 -1095.44
-1143.28 -1095.44
-1144.33 -1095.44
-1114.31 -1095.44
-1125.37 -1095.44
-1125.14 -1095.44
-1117.51 -1095.44
-1131.88 -1095.44
-1146.45 -1095.44
-1124.29 -1095.44
-1126.32 -1095.44
-1110.67 -1095.44
-1152.15 -1095.44
-1123.39 -1095.44
-1135.97 -1095.44
-1099.87 -1095.44
-1102.53 -1095.44
-1134.60 -1095.44
-1122.67 -1095.44
-1122.11 -1095.44
-1142.77 -1095.44
-1147.56 -1095.44
-1088.54 -1088.54
-1127.94 -1088.54
-1126.43 -1088.54
-1128.05 -1088.54
-1104.54 -1088.54
-1100.78 -1088.54
-1102.54 -1088.54
-1090.51 -1088.54
-1136.30 -1088.54
-1081.90 -1081.90
-1097.84 -1081.90
-1126.57 -1081.90
-1150.24 -1081.90
-1101.96 -1081.90
-1101.03 -1081.90
-1118.63 -1081.90
-1117.72 -1081.90
-1105.79 -1081.90
-1102.37 -1081.90
-1093.17 -1081.90
-1113.63 -1081.90
-1135.90 -1081.90
-1085.68 -1081.90
-1109.88 -1081.90
-1083.29 -1081.90
-1121.63 -1081.90
-1119.75 -1081.90
-1143.97 -1081.90
-1084.39 -1081.90
-1109.25 -1081.90
-1116.42 -1081.90
-1122.83 -1081.90
-1141.99 -1081.90
-1086.62 -1081.90
-1147.24 -1081.90
-1131.15 -1081.90
-1143.08 -1081.90
-1081.11 -1081.11
-1079.72 -1079.72
-1102.69 -1079.72
-1096.68 -1079.72
-1088.25 -1079.72
-1091.93 -1079.72
-1111.94 -1079.72
-1146.32 -1079.72
-1098.09 -1079.72
-1105.43 -1079.72
-1074.82 -1074.82
-1130.39 -1074.82
-1071.41 -1071.41
-1089.48 -1071.41
-1066.55 -1066.55
-1095.30 -1066.55
-1108.85 -1066.55
-1066.11 -1066.11
-1078.32 -1066.11
-1032.01 -1032.01
-1078.83 -1032.01
-1097.80 -1032.01
-1069.71 -1032.01
-1067.25 -1032.01
-1093.25 -1032.01
-1063.81 -1032.01
-1085.96 -1032.01
-1063.46 -1032.01
-1080.38 -1032.01
-1032.64 -1032.64
-1037.20 -1032.64
-1043.88 -1032.64
-1063.10 -1032.64
-1028.06 -1028.06
-1045.78 -1028.06
-1059.61 -1028.06
-1107.59 -1028.06
-1113.03 -1028.06
-1045.90 -1028.06
-1039.31 -1028.06
-1128.34 -1028.06
-1077.10 -1028.06
-1111.09 -1028.06
-1025.60 -1025.60
-1051.59 -1025.60
-1102.50 -1025.60
-1028.71 -1025.60
-1028.80 -1025.60
-1080.53 -1025.60
-1058.90 -1025.60
-1055.40 -1025.60
-1060.32 -1025.60
-1018.45 -1018.45
-1077.31 -1018.45
-1034.63 -1018.45
-1060.02 -1018.45
-1069.46 -1018.45
-1087.35 -1018.45
-1048.56 -1018.45
-1078.06 -1018.45
-1091.26 -1018.45
-1101.51 -1018.45
-1121.22 -1018.45
-1031.36 -1018.45
-1072.64 -1018.45
-1043.49 -1018.45
-1092.79 -1018.45
-1026.32 -1018.45
-1102.56 -1018.45
-1033.00 -1018.45
-1091.93 -1018.45
-1096.79 -1018.45
-1075.38 -1018.45
-1079.25 -1018.45
-1053.29 -1018.45
-1040.41 -1018.45
-1061.77 -1018.45
-1086.57 -1018.45
-1067.27 -1018.45
-1074.62 -1018.45
-1057.43 -1018.45
-1071.41 -1018.45
-1035.63 -1018.45
-1058.47 -1018.45
-1040.16 -1018.45
-1075.01 -1018.45
-1053.85 -1018.45
-1081.10 -1018.45
-1082.05 -1018.45
-1045.46 -1018.45
-1061.46 -1018.45
-1072.17 -1018.45
-1033.79 -1018.45
-1057.76 -1018.45
-1082.96 -1018.45
-1090.10 -1018.45
-1080.75 -1018.45
-1076.31 -1018.45
-1083.51 -1018.45
-1052.83 -1018.45
-1048.05 -1018.45
-1032.41 -1018.45
-1079.07 -1018.45
-1055.93 -1018.45
-1035.62 -1018.45
-1091.27 -1018.45
-1047.18 -1018.45
-1027.67 -1018.45
-1024.30 -1018.45
-1069.53 -1018.45
-1065.69 -1018.45
-1037.38 -1018.45
-1051.64 -1018.45
-1086.14 -1018.45
-1044.00 -1018.45
-1040.81 -1018.45
-1103.52 -1018.45
-1057.13 -1018.45
-1119.69 -1018.45
-1037.52 -1018.45
-1101.95 -1018.45
-1073.57 -1018.45
-1088.95 -1018.45
-1047.53 -1018.45
-1086.49 -1018.45
-1049.98 -1018.45
-1052.51 -1018.45
-1090.28 -1018.45
-1090.40 -1018.45
-1066.77 -1018.45
-1103.79 -1018.45
-1090.80 -1018.45
-1058.80 -1018.45
-1095.83 -1018.45
-1085.34 -1018.45
-1044.58 -1018.45
-1045.25 -1018.45
-1085.27 -1018.45
-1083.57 -1018.45
-1067.45 -1018.45
-1077.99 -1018.45
-1089.88 -1018.45
-1030.86 -1018.45
-1108.22 -1018.45
-1064.83 -1018.45
-1058.10 -1018.45
-1045.82 -1018.45
-1035.61 -1018.45
-1125.65 -1018.45
-1052.86 -1018.45
-1096.27 -1018.45
-1012.45 -1012.45
-1067.99 -1012.45
-1040.00 -1012.45
-1057.89 -1012.45
-1063.82 -1012.45
-1061.01 -1012.45
-1053.60 -1012.45
-1016.47 -1012.45
-1061.49 -1012.45
-1060.14 -1012.45
-1043.71 -1012.45
-1063.74 -1012.45
-1033.33 -1012.45
-1084.80 -1012.45
-1101.15 -1012.45
-1058.06 -1012.45
-1091.96 -1012.45
-1042.91 -1012.45
-1102.76 -1012.45
-1017.55 -1012.45
-1038.97 -1012.45
-1028.65 -1012.45
-1036.84 -1012.45
-1052.79 -1012.45
-1060.84 -1012.45
-1020.10 -1012.45
-1038.91 -1012.45
-1077.29 -1012.45
-1063.10 -1012.45
-1012.60 -1012.60
-1035.90 -1012.60
-1044.31 -1012.60
-1038.83 -1012.60
-1049.46 -1012.60
-1066.36 -1012.60
-1004.63 -1004.63
-1035.91 -1004.63
-1049.28 -1004.63
-1066.73 -1004.63
-1012.62 -1004.63
-1053.47 -1004.63
-1032.07 -1004.63
-1089.14 -1004.63
-993.58 -993.58
-1106.74 -993.58
-1075.75 -993.58
-1054.18 -993.58
-1069.84 -993.58
-1032.05 -993.58
-1079.09 -993.58
-1032.03 -993.58
-981.31 -981.31
-1026.34 -981.31
-1019.93 -981.31
-984.77 -981.31
-1019.04 -981.31
-1042.40 -981.31
-1067.26 -981.31
-995.39 -981.31
-1058.29 -981.31
-1053.63 -981.31
-1046.88 -981.31
-1045.79 -981.31
-981.56 -981.56
-1011.27 -981.56
-1066.25 -981.56
-1070.89 -981.56
-1016.15 -981.56
-971.46 -971.46
-943.14 -943.14
-988.92 -943.14
-1084.46 -943.14
-956.16 -943.14
-974.31 -943.14
-957.98 -943.14
-918.67 -918.67
-907.99 -907.99
-970.03 -907.99
-896.25 -896.25
-914.13 -896.25
-910.37 -896.25
-929.38 -896.25
-921.17 -896.25
-927.22 -896.25
-991.54 -896.25
-885.85 -885.85
-953.13 -885.85
-897.53 -885.85
-1023.94 -885.85
-934.72 -885.85
-880.97 -880.97
-869.77 -869.77
-907.02 -869.77
-928.10 -869.77
-969.35 -869.77
-1001.35 -869.77
-923.85 -869.77
-931.57 -869.77
-902.72 -869.77
-995.60 -869.77
-959.23 -869.77
-922.60 -869.77
-880.57 -869.77
-904.11 -869.77
-956.72 -869.77
-850.02 -850.02
-944.19 -850.02
-899.42 -850.02
-1037.09 -850.02
-913.00 -850.02
-932.41 -850.02
-862.25 -850.02
-897.55 -850.02
-972.70 -850.02
-984.66 -850.02
-931.59 -850.02
-882.48 -850.02
-927.70 -850.02
-928.11 -850.02
-932.12 -850.02
-917.16 -850.02
-986.04 -850.02
-929.17 -850.02
-932.94 -850.02
-829.10 -829.10
-900.21 -829.10
-912.09 -829.10
-935.69 -829.10
-927.34 -829.10
-911.83 -829.10
-943.60 -829.10
-952.27 -829.10
-917.62 -829.10
-955.33 -829.10
-950.62 -829.10
-868.42 -829.10
-924.35 -829.10
-929.04 -829.10
-998.47 -829.10
-939.83 -829.10
-907.71 -829.10
-981.93 -829.10
-892.58 -829.10
-897.07 -829.10
-912.08 -829.10
-937.66 -829.10
-1041.45 -829.10
-917.31 -829.10
-943.62 -829.10
-949.89 -829.10
-938.74 -829.10
-962.72 -829.10
-868.22 -829.10
-938.28 -829.10
-941.75 -829.10
-933.84 -829.10
-884.28 -829.10
-953.72 -829.10
-922.21 -829.10
-916.64 -829.10
-982.26 -829.10
-908.14 -829.10
-878.13 -829.10
-1031.21 -829.10
-923.07 -829.10
-951.22 -829.10
-949.43 -829.10
-921.31 -829.10
-957.91 -829.10
-927.35 -829.10
-948.17 -829.10
-1010.42 -829.10
-915.32 -829.10
-847.78 -829.10
-925.92 -829.10
-951.91 -829.10
-889.88 -829.10
-917.54 -829.10
-914.04 -829.10
-860.43 -829.10
-969.07 -829.10
-909.55 -829.10
-795.59 -795.59
-923.41 -795.59
-1126.02 -795.59
-1123.33 -1123.33
-1104.39 -1104.39
-1125.40 -1104.39
-1106.42 -1106.42
-1123.85 -1106.42
-1101.96 -1101.96
-1106.73 -1101.96
-1112.86 -1101.96
-1099.39 -1099.39
-1104.21 -1099.39
-1057.14 -1057.14
-1066.35 -1057.14
-1096.14 -1057.14
-1091.55 -1057.14
-1097.84 -1057.14
-1070.93 -1057.14
-1102.36 -1057.14
-1089.93 -1057.14
-1069.19 -1057.14
-1085.78 -1057.14
-1117.43 -1057.14
-1159.99 -1057.14
-1094.79 -1057.14
-1124.00 -1057.14
-1110.83 -1057.14
-1113.63 -1057.14
-1107.70 -1057.14
-1096.38 -1057.14
-1092.27 -1057.14
-1091.47 -1057.14
-1103.88 -1057.14
-1087.81 -1057.14
-1105.03 -1057.14
-1069.95 -1057.14
-1091.52 -1057.14
-1126.65 -1057.14
-1078.86 -1057.14
-1097.31 -1057.14
-1081.64 -1057.14
-1149.39 -1057.14
-1097.18 -1057.14
-1066.55 -1057.14
-1092.91 -1057.14
-1108.17 -1057.14
-1100.87 -1057.14
-1132.00 -1057.14
-1107.65 -1057.14
-1121.67 -1057.14
-1105.28 -1057.14
-1139.93 -1057.14
-1071.47 -1057.14
-1078.86 -1057.14
-1079.56 -1057.14
-1099.20 -1057.14
-1069.41 -1057.14
-1099.07 -1057.14
-1123.23 -1057.14
-1127.22 -1057.14
-1069.03 -1057.14
-1090.31 -1057.14
-1088.61 -1057.14
-1087.38 -1057.14
-1076.13 -1057.14
-1105.99 -1057.14
-1083.31 -1057.14
-1080.76 -1057.14
-1105.34 -1057.14
-1127.81 -1057.14
-1081.00 -1057.14
-1055.50 -1055.50
-1116.11 -1055.50
-1112.32 -1055.50
-1103.00 -1055.50
-1074.10 -1055.50
-1072.65 -1055.50
-1044.62 -1044.62
-1075.73 -1044.62
-1046.57 -1046.57
-1101.53 -1046.57
-1099.45 -1046.57
-1113.31 -1046.57
-1119.54 -1046.57
-1067.57 -1046.57
-1080.05 -1046.57
-1037.60 -1037.60
-1042.27 -1037.60
-1049.07 -1037.60
-1117.66 -1037.60
-1008.75 -1008.75
-997.70 -997.70
-1008.41 -997.70
-999.16 -997.70
-1031.28 -997.70
-1025.67 -997.70
-977.54 -977.54
-1016.26 -977.54
-1005.30 -977.54
-1060.69 -977.54
-1015.88 -977.54
-1101.53 -977.54
-1084.33 -977.54
-1052.33 -977.54
-1007.66 -977.54
-1053.41 -977.54
-1052.13 -977.54
-1053.46 -977.54
-1007.27 -977.54
-1006.29 -977.54
-1027.16 -977.54
-1005.86 -977.54
-1054.61 -977.54
-1063.76 -977.54
-1026.26 -977.54
-1030.09 -977.54
-1029.34 -977.54
-1045.20 -977.54
-997.23 -977.54
-1043.69 -977.54
-993.55 -977.54
-1066.25 -977.54
-1039.92 -977.54
-947.28 -947.28
-1049.72 -947.28
-978.73 -947.28
-1083.46 -947.28
-986.87 -947.28
-1012.25 -947.28
-1052.71 -947.28
-1041.28 -947.28
-1004.02 -947.28
-1015.71 -947.28
-1003.56 -947.28
-1036.92 -947.28
-1018.40 -947.28
-993.09 -947.28
-1022.16 -947.28
-1004.47 -947.28
-1012.55 -947.28
-1026.17 -947.28
-1040.15 -947.28
-1016.23 -947.28
-1044.23 -947.28
-1030.47 -947.28
-1013.13 -947.28
-1043.16 -947.28
-978.78 -947.28
-984.49 -947.28
-1007.83 -947.28
-993.16 -947.28
-1030.69 -947.28
-1020.61 -947.28
-981.53 -947.28
-1048.38 -947.28
-1019.16 -947.28
-1042.85 -947.28
-991.72 -947.28
-1041.02 -947.28
-1013.55 -947.28
-990.30 -947.28
-1016.09 -947.28
-1001.26 -947.28
-1042.84 -947.28
-985.63 -947.28
-1039.68 -947.28
-1034.14 -947.28
-1023.57 -947.28
-1011.59 -947.28
-1018.15 -947.28
-1016.77 -947.28
-994.94 -947.28
-1030.48 -947.28
-1073.80 -947.28
-1005.41 -947.28
-1074.00 -947.28
-981.92 -947.28
-1081.35 -947.28
-994.21 -947.28
-985.86 -947.28
-1021.19 -947.28
-1005.42 -947.28
-999.99 -947.28
-1001.07 -947.28
-1076.03 -947.28
-1054.29 -947.28
-1040.29 -947.28
-1018.32 -947.28
-1028.07 -947.28
-1049.48 -947.28
-1003.48 -947.28
-986.13 -947.28
-1033.54 -947.28
-1017.47 -947.28
-974.96 -947.28
-1023.54 -947.28
-979.03 -947.28
-1095.06 -947.28
-980.97 -947.28
-1089.74 -947.28
-1026.81 -947.28
-1039.45 -947.28
-980.03 -947.28
-1004.54 -947.28
-1013.92 -947.28
-954.19 -947.28
-1025.96 -947.28
-1021.19 -947.28
-1020.50 -947.28
-976.51 -947.28
-992.90 -947.28
-1022.31 -947.28
-1062.02 -947.28
-1009.28 -947.28
-1030.72 -947.28
-995.20 -947.28
-1024.40 -947.28
-1031.41 -947.28
-1010.62 -947.28
-1057.92 -947.28
-1026.82 -947.28
-1075.68 -947.28
-995.81 -947.28
-1027.67 -947.28
-972.46 -947.28
-990.63 -947.28
-1089.39 -947.28
-999.64 -947.28
-1044.20 -947.28
-1066.55 -947.28
-1078.79 -947.28
-984.92 -947.28
-962.69 -947.28
-1016.79 -947.28
-1032.60 -947.28
-972.39 -947.28
-1081.30 -947.28
-1032.10 -947.28
-987.28 -947.28
-1038.16 -947.28
-942.80 -942.80
-987.22 -942.80
-999.37 -942.80
-1050.96 -942.80
-1058.72 -942.80
-958.86 -942.80
-996.53 -942.80
-1064.59 -942.80
-1031.49 -942.80
-1040.51 -942.80
-968.36 -942.80
-951.80 -942.80
-979.28 -942.80
-1000.61 -942.80
-995.26 -942.80
-1010.76 -942.80
-973.99 -942.80
-995.41 -942.80
-970.93 -942.80
-1029.01 -942.80
-1014.83 -942.80
-1000.44 -942.80
-1064.45 -942.80
-967.60 -942.80
-1010.59 -942.80
-1027.99 -942.80
-1035.53 -942.80
-1003.52 -942.80
-996.18 -942.80
-992.85 -942.80
-1016.78 -942.80
-978.44 -942.80
-993.81 -942.80
-1003.55 -942.80
-1020.04 -942.80
-1050.18 -942.80
-980.26 -942.80
-1019.12 -942.80
-1056.75 -942.80
-999.79 -942.80
-994.88 -942.80
-916.04 -916.04
-940.58 -916.04
-1024.60 -916.04
-963.19 -916.04
-986.67 -916.04
-1014.65 -916.04
-980.80 -916.04
-1029.11 -916.04
-903.71 -903.71
-919.91 -903.71
-913.72 -903.71
-972.37 -903.71
-982.69 -903.71
-931.72 -903.71
-978.99 -903.71
-946.73 -903.71
-860.22 -860.22
-866.64 -860.22
-958.92 -860.22
-962.88 -860.22
-908.04 -860.22
-980.32 -860.22
-951.82 -860.22
-984.20 -860.22
-936.40 -860.22
-941.52 -860.22
-1009.01 -860.22
-886.99 -860.22
-922.06 -860.22
-971.27 -860.22
-981.55 -860.22
-967.95 -860.22
-881.17 -860.22
-975.01 -860.22
-917.60 -860.22
-921.25 -860.22
-887.61 -860.22
-948.41 -860.22
-948.02 -860.22
-932.13 -860.22
-1078.05 -860.22
-945.01 -860.22
-944.52 -860.22
-958.28 -860.22
-928.66 -860.22
-881.82 -860.22
-977.08 -860.22
-929.36 -860.22
-915.73 -860.22
-870.31 -860.22
-922.02 -860.22
-905.06 -860.22
-958.97 -860.22
-951.05 -860.22
-888.50 -860.22
-984.96 -860.22
-963.06 -860.22
-909.13 -860.22
-896.88 -860.22
-925.62 -860.22
-912.60 -860.22
-941.42 -860.22
-949.31 -860.22
-944.27 -860.22
-997.00 -860.22
-905.38 -860.22
-940.91 -860.22
-909.84 -860.22
-930.01 -860.22
-919.52 -860.22
-906.75 -860.22
-967.79 -860.22
-933.95 -860.22
-962.69 -860.22
-867.69 -860.22
-892.98 -860.22
-982.35 -860.22
-910.18 -860.22
-891.63 -860.22
-932.06 -860.22
-880.65 -860.22
-950.52 -860.22
-945.80 -860.22
-946.12 -860.22
-919.17 -860.22
-987.27 -860.22
-946.63 -860.22
-985.53 -860.22
-906.64 -860.22
-1013.43 -860.22
-1013.44 -860.22
-925.47 -860.22
-906.44 -860.22
-907.38 -860.22
-964.35 -860.22
-897.69 -860.22
-971.69 -860.22
-912.59 -860.22
-932.88 -860.22
-986.17 -860.22
-917.87 -860.22
-953.82 -860.22
-982.77 -860.22
-815.10 -815.10
-903.72 -815.10
-939.13 -815.10
-943.75 -815.10
-945.42 -815.10
-948.58 -815.10
-1017.42 -815.10
-944.27 -815.10
-887.29 -815.10
-958.60 -815.10
-894.07 -815.10
-882.47 -815.10
-1047.35 -815.10
-977.66 -815.10
-896.51 -815.10
-908.66 -815.10
-924.83 -815.10
-944.35 -815.10
-954.53 -815.10
-895.68 -815.10
-946.66 -815.10
-911.82 -815.10
-1017.00 -815.10
-927.13 -815.10
-949.53 -815.10
-936.62 -815.10
-945.71 -815.10
-995.63 -815.10
-944.95 -815.10
-957.42 -815.10
-913.05 -815.10
-947.62 -815.10
-958.76 -815.10
-1107.83 -1107.83
-1146.40 -1107.83
-1114.39 -1107.83
-1120.61 -1107.83
-1126.21 -1107.83
-1128.14 -1107.83
-1112.18 -1107.83
-1088.97 -1088.97
-1116.45 -1088.97
-1100.58 -1088.97
-1121.58 -1088.97
-1111.04 -1088.97
-1149.88 -1088.97
-1117.27 -1088.97
-1099.08 -1088.97
-1103.50 -1088.97
-1097.74 -1088.97
-1118.41 -1088.97
-1138.92 -1088.97
-1112.42 -1088.97
-1135.93 -1088.97
-1088.05 -1088.05
-1128.73 -1088.05
-1134.69 -1088.05
-1155.85 -1088.05
-1096.42 -1088.05
-1095.14 -1088.05
-1126.68 -1088.05
-1127.77 -1088.05
-1125.68 -1088.05
-1124.96 -1088.05
-1123.61 -1088.05
-1100.02 -1088.05
-1102.95 -1088.05
-1123.48 -1088.05
-1116.62 -1088.05
-1152.14 -1088.05
-1101.54 -1088.05
-1121.00 -1088.05
-1099.36 -1088.05
-1118.33 -1088.05
-1122.24 -1088.05
-1121.48 -1088.05
-1150.70 -1088.05
-1113.64 -1088.05
-1117.06 -1088.05
-1105.28 -1088.05
-1100.75 -1088.05
-1150.36 -1088.05
-1134.14 -1088.05
-1116.95 -1088.05
-1121.07 -1088.05
-1126.18 -1088.05
-1098.18 -1088.05
-1133.49 -1088.05
-1122.66 -1088.05
-1098.15 -1088.05
-1141.90 -1088.05
-1126.27 -1088.05
-1121.40 -1088.05
-1101.82 -1088.05
-1159.69 -1088.05
-1096.24 -1088.05
-1172.22 -1088.05
-1107.57 -1088.05
-1091.90 -1088.05
-1089.86 -1088.05
-1106.68 -1088.05
-1147.91 -1088.05
-1119.86 -1088.05
-1121.02 -1088.05
-1134.02 -1088.05
-1135.88 -1088.05
-1109.62 -1088.05
-1141.01 -1088.05
-1149.76 -1088.05
-1102.99 -1088.05
-1140.13 -1088.05
-1123.80 -1088.05
-1134.35 -1088.05
-1153.51 -1088.05
-1117.25 -1088.05
-1108.66 -1088.05
-1111.89 -1088.05
-1107.08 -1088.05
-1132.76 -1088.05
-1158.97 -1088.05
-1135.83 -1088.05
-1132.74 -1088.05
-1097.16 -1088.05
-1095.80 -1088.05
-1100.99 -1088.05
-1116.72 -1088.05
-1155.80 -1088.05
-1089.97 -1088.05
-1127.01 -1088.05
-1126.51 -1088.05
-1119.21 -1088.05
-1116.56 -1088.05
-1144.60 -1088.05
-1095.45 -1088.05
-1100.95 -1088.05
-1123.12 -1088.05
-1144.58 -1088.05
-1088.69 -1088.05
-1128.04 -1088.05
-1152.36 -1088.05
-1132.37 -1088.05
-1108.42 -1088.05
-1103.27 -1088.05
-1104.02 -1088.05
-1119.87 -1088.05
-1114.21 -1088.05
-1127.12 -1088.05
-1116.79 -1088.05
-1130.06 -1088.05
-1168.65 -1088.05
-1110.95 -1088.05
-1125.36 -1088.05
-1123.61 -1088.05
-1115.77 -1088.05
-1149.32 -1088.05
-1094.51 -1088.05
-1110.62 -1088.05
-1104.55 -1088.05
-1118.61 -1088.05
-1110.23 -1088.05
-1133.75 -1088.05
-1115.54 -1088.05
-1109.90 -1088.05
-1115.49 -1088.05
-1106.10 -1088.05
-1111.44 -1088.05
-1152.62 -1088.05
-1110.71 -1088.05
-1135.49 -1088.05
-1134.64 -1088.05
-1139.62 -1088.05
-1124.31 -1088.05
-1128.58 -1088.05
-1129.45 -1088.05
-1116.33 -1088.05
-1123.13 -1088.05
-1145.02 -1088.05
-1125.22 -1088.05
-1151.26 -1088.05
-1133.03 -1088.05
-1110.96 -1088.05
-1141.81 -1088.05
-1102.93 -1088.05
-1117.89 -1088.05
-1094.56 -1088.05
-1120.96 -1088.05
-1117.00 -1088.05
-1121.51 -1088.05
-1108.17 -1088.05
-1120.71 -1088.05
-1111.75 -1088.05
-1137.01 -1088.05
-1140.60 -1088.05
-1131.86 -1088.05
-1124.40 -1088.05
-1109.49 -1088.05
-1129.41 -1088.05
-1130.61 -1088.05
-1108.26 -1088.05
-1110.98 -1088.05
-1140.73 -1088.05
-1136.60 -1088.05
-1103.06 -1088.05
-1122.76 -1088.05
-1118.72 -1088.05
-1124.47 -1088.05
-1095.56 -1088.05
-1097.47 -1088.05
-1087.84 -1087.84
-1120.12 -1087.84
-1103.92 -1087.84
-1159.17 -1087.84
-1099.80 -1087.84
-1105.95 -1087.84
-1147.90 -1087.84
-1125.48 -1087.84
-1104.20 -1087.84
-1106.42 -1087.84
-1080.08 -1080.08
-1123.04 -1080.08
-1082.14 -1080.08
-1086.55 -1080.08
-1093.95 -1080.08
-1101.77 -1080.08
-1107.33 -1080.08
-1105.21 -1080.08
-1100.65 -1080.08
-1109.28 -1080.08
-1100.41 -1080.08
-1116.87 -1080.08
-1114.65 -1080.08
-1125.96 -1080.08
-1131.99 -1080.08
-1103.88 -1080.08
-1084.13 -1080.08
-1098.64 -1080.08
-1064.81 -1064.81
-1083.94 -1064.81
-1103.61 -1064.81
-1143.43 -1064.81
-1120.30 -1064.81
-1089.74 -1064.81
-1103.98 -1064.81
-1102.61 -1064.81
-1128.61 -1064.81
-1099.79 -1064.81
-1106.71 -1064.81
-1132.51 -1064.81
-1150.35 -1064.81
-1102.56 -1064.81
-1083.77 -1064.81
-1118.55 -1064.81
-1097.60 -1064.81
-1136.41 -1064.81
-1081.56 -1064.81
-1113.54 -1064.81
-1093.43 -1064.81
-1096.37 -1064.81
-1125.48 -1064.81
-1083.25 -1064.81
-1110.75 -1064.81
-1155.90 -1064.81
-1104.58 -1064.81
-1104.82 -1064.81
-1102.87 -1064.81
-1111.61 -1064.81
-1086.50 -1064.81
-1134.79 -1064.81
-1090.45 -1064.81
-1126.86 -1064.81
-1125.17 -1064.81
-1084.14 -1064.81
-1120.25 -1064.81
-1118.74 -1064.81
-1117.50 -1064.81
-1084.20 -1064.81
-1104.36 -1064.81
-1069.87 -1064.81
-1105.05 -1064.81
-1122.24 -1064.81
-1105.87 -1064.81
-1122.75 -1064.81
-1146.19 -1064.81
-1109.49 -1064.81
-1098.76 -1064.81
-1084.59 -1064.81
-1105.63 -1064.81
-1128.88 -1064.81
-1158.02 -1064.81
-1100.75 -1064.81
-1104.54 -1064.81
-1134.79 -1064.81
-1116.06 -1064.81
-1115.44 -1064.81
-1071.88 -1064.81
-1118.09 -1064.81
-1077.65 -1064.81
-1107.28 -1064.81
-1107.01 -1064.81
-1101.50 -1064.81
-1094.41 -1064.81
-1090.83 -1064.81
-1087.58 -1064.81
-1102.25 -1064.81
-1104.52 -1064.81
-1096.89 -1064.81
-1128.81 -1064.81
-1118.10 -1064.81
-1133.34 -1064.81
-1099.30 -1064.81
-1093.38 -1064.81
-1108.84 -1064.81
-1086.25 -1064.81
-1084.82 -1064.81
-1067.95 -1064.81
-1138.49 -1064.81
-1099.07 -1064.81
-1100.43 -1064.81
-1079.60 -1064.81
-1128.89 -1064.81
-1104.64 -1064.81
-1079.44 -1064.81
-1075.69 -1064.81
-1138.98 -1064.81
-1119.12 -1064.81
-1165.57 -1064.81
-1112.75 -1064.81
-1091.93 -1064.81
-1097.57 -1064.81
-1097.71 -1064.81
-1148.84 -1064.81
-1099.22 -1064.81
-1087.78 -1064.81
-1102.57 -1064.81
-1063.58 -1063.58
-1089.86 -1063.58
-1101.60 -1063.58
-1100.25 -1063.58
-1087.87 -1063.58
-1106.22 -1063.58
-1122.32 -1063.58
-1119.89 -1063.58
-1114.00 -1063.58
-1126.35 -1063.58
-1096.01 -1063.58
-1124.67 -1063.58
-1142.44 -1063.58
-1080.65 -1063.58
-1107.18 -1063.58
-1073.70 -1063.58
-1096.79 -1063.58
-1100.02 -1063.58
-1112.70 -1063.58
-1105.76 -1063.58
-1095.84 -1063.58
-1105.23 -1063.58
-1101.10 -1063.58
-1094.20 -1063.58
-1093.68 -1063.58
-1106.78 -1063.58
-1104.01 -1063.58
-1116.38 -1063.58
-1081.86 -1063.58
-1067.11 -1063.58
-1091.24 -1063.58
-1102.55 -1063.58
-1075.26 -1063.58
-1103.62 -1063.58
-1120.71 -1063.58
-1092.58 -1063.58
-1084.35 -1063.58
-1097.83 -1063.58
-1104.87 -1063.58
-1093.39 -1063.58
-1071.64 -1063.58
-1107.08 -1063.58
-1076.02 -1063.58
-1102.69 -1063.58
-1078.26 -1063.58
-1101.25 -1063.58
-1097.84 -1063.58
-1069.48 -1063.58
-1107.82 -1063.58
-1068.22 -1063.58
-1073.43 -1063.58
-1085.85 -1063.58
-1103.31 -1063.58
-1111.05 -1063.58
-1109.91 -1063.58
-1081.28 -1063.58
-1053.86 -1053.86
-1100.90 -1053.86
-1066.56 -1053.86
-1053.65 -1053.65
-1057.30 -1053.65
-1069.16 -1053.65
-1066.81 -1053.65
-1082.75 -1053.65
-1078.56 -1053.65
-1105.63 -1053.65
-1134.45 -1053.65
-1077.45 -1053.65
-1072.40 -1053.65
-1079.38 -1053.65
-1077.39 -1053.65
-1079.79 -1053.65
-1135.61 -1053.65
-1114.63 -1053.65
-1032.81 -1032.81
-1082.85 -1032.81
-1080.26 -1032.81
-1018.65 -1018.65
-1021.58 -1021.58
-1080.43 -1021.58
-1035.61 -1021.58
-1079.19 -1021.58
-1129.23 -1021.58
-1030.12 -1021.58
-1019.39 -1019.39
-1027.61 -1019.39
-1077.97 -1019.39
-981.08 -981.08
-959.16 -959.16
-989.31 -959.16
-958.12 -958.12
-993.55 -958.12
-963.98 -958.12
-956.07 -956.07
-989.23 -956.07
-1030.15 -956.07
-1021.12 -956.07
-988.37 -956.07
-922.46 -922.46
-921.16 -921.16
-923.31 -921.16
-965.14 -921.16
-966.41 -921.16
-1017.11 -921.16
-916.40 -916.40
-871.62 -871.62
-919.31 -871.62
-957.12 -871.62
-1011.72 -871.62
-913.68 -871.62
-926.64 -871.62
-898.48 -871.62
-938.62 -871.62
-890.89 -871.62
-951.86 -871.62
-1141.24 -871.62
-1112.05 -1112.05
-1123.08 -1112.05
-1116.89 -1112.05
-1122.82 -1112.05
-1126.02 -1112.05
-1139.88 -1112.05
-1149.07 -1112.05
-1172.43 -1112.05
-1123.64 -1112.05
-1114.96 -1112.05
-1120.50 -1112.05
-1120.54 -1112.05
-1131.20 -1112.05
-1156.68 -1112.05
-1129.03 -1112.05
-1126.65 -1112.05
-1112.42 -1112.42
-1111.42 -1111.42
-1128.65 -1111.42
-1139.67 -1111.42
-1163.22 -1111.42
-1162.71 -1111.42
-1130.48 -1111.42
-1144.61 -1111.42
-1123.10 -1111.42
-1133.20 -1111.42
-1128.49 -1111.42
-1120.02 -1111.42
-1161.24 -1111.42
-1157.81 -1111.42
-1123.48 -1111.42
-1123.66 -1111.42
-1134.03 -1111.42
-1140.03 -1111.42
-1119.31 -1111.42
-1138.04 -1111.42
-1151.33 -1111.42
-1113.20 -1113.20
-1121.51 -1113.20
-1115.80 -1113.20
-1121.61 -1113.20
-1133.31 -1113.20
-1162.27 -1113.20
-1118.73 -1113.20
-1127.78 -1113.20
-1121.64 -1113.20
-1118.63 -1113.20
-1127.34 -1113.20
-1128.38 -1113.20
-1100.59 -1100.59
-1134.46 -1100.59
-1119.00 -1100.59
-1106.84 -1100.59
-1114.49 -1100.59
-1118.92 -1100.59
-1106.27 -1100.59
-1118.08 -1100.59
-1097.71 -1097.71
-1122.99 -1097.71
-1102.44 -1097.71
-1135.34 -1097.71
-1118.41 -1097.71
-1102.39 -1097.71
-1128.63 -1097.71
-1090.30 -1090.30
-1110.45 -1090.30
-1115.67 -1090.30
-1106.96 -1090.30
-1111.52 -1090.30
-1122.36 -1090.30
-1139.87 -1090.30
-1164.10 -1090.30
-1101.36 -1090.30
-1103.62 -1090.30
-1092.42 -1090.30
-1134.83 -1090.30
-1132.94 -1090.30
-1111.81 -1090.30
-1126.20 -1090.30
-1111.49 -1090.30
-1133.70 -1090.30
-1141.07 -1090.30
-1127.12 -1090.30
-1102.39 -1090.30
-1116.42 -1090.30
-1107.67 -1090.30
-1096.11 -1090.30
-1166.85 -1090.30
-1150.08 -1090.30
-1088.40 -1088.40
-1140.66 -1088.40
-1094.54 -1088.40
-1114.05 -1088.40
-1089.97 -1088.40
-1101.94 -1088.40
-1147.96 -1088.40
-1118.79 -1088.40
-1135.49 -1088.40
-1107.33 -1088.40
-1122.22 -1088.40
-1117.82 -1088.40
-1071.01 -1071.01
-1130.33 -1071.01
-1131.24 -1071.01
-1101.85 -1071.01
-1094.82 -1071.01
-1111.18 -1071.01
-1090.03 -1071.01
-1073.42 -1071.01
-1093.29 -1071.01
-1119.34 -1071.01
-1109.81 -1071.01
-1096.85 -1071.01
-1071.01 -1071.01
-1115.72 -1071.01
-1155.34 -1071.01
-1074.59 -1071.01
-1117.04 -1071.01
-1111.09 -1071.01
-1113.60 -1071.01
-1138.18 -1071.01
-1094.96 -1071.01
-1071.48 -1071.48
-1085.55 -1071.48
-1089.17 -1071.48
-1111.15 -1071.48
-1079.39 -1071.48
-1092.61 -1071.48
-1092.02 -1071.48
-1101.79 -1071.48
-1101.65 -1071.48
-1092.58 -1071.48
-1088.35 -1071.48
-1102.77 -1071.48
-1093.18 -1071.48
-1080.43 -1071.48
-1081.13 -1071.48
-1102.11 -1071.48
-1137.49 -1071.48
-1090.86 -1071.48
-1082.38 -1071.48
-1112.33 -1071.48
-1091.52 -1071.48
-1118.06 -1071.48
-1072.65 -1071.48
-1092.62 -1071.48
-1130.60 -1071.48
-1115.77 -1071.48
-1076.60 -1071.48
-1116.68 -1071.48
-1087.95 -1071.48
-1086.84 -1071.48
-1101.38 -1071.48
-1107.75 -1071.48
-1088.27 -1071.48
-1107.45 -1071.48
-1077.88 -1071.48
-1123.47 -1071.48
-1086.76 -1071.48
-1083.01 -1071.48
-1073.81 -1071.48
-1123.33 -1071.48
-1117.33 -1071.48
-1098.38 -1071.48
-1061.48 -1061.48
-1076.05 -1061.48
-1108.75 -1061.48
-1087.72 -1061.48
-1078.63 -1061.48
-1108.00 -1061.48
-1062.97 -1061.48
-1097.79 -1061.48
-1082.48 -1061.48
-1103.02 -1061.48
-1090.78 -1061.48
-1081.59 -1061.48
-1124.73 -1061.48
-1084.70 -1061.48
-1105.26 -1061.48
-1152.55 -1061.48
-1145.22 -1061.48
-1087.65 -1061.48
-1102.69 -1061.48
-1066.93 -1061.48
-1090.92 -1061.48
-1109.44 -1061.48
-1073.03 -1061.48
-1152.37 -1061.48
-1072.90 -1061.48
-1082.56 -1061.48
-1105.34 -1061.48
-1071.83 -1061.48
-1142.27 -1061.48
-1090.04 -1061.48
-1090.33 -1061.48
-1087.94 -1061.48
-1121.10 -1061.48
-1087.32 -1061.48
-1081.31 -1061.48
-1081.46 -1061.48
-1142.50 -1061.48
-1117.58 -1061.48
-1159.91 -1061.48
-1071.91 -1061.48
-1083.70 -1061.48
-1063.41 -1061.48
-1152.23 -1061.48
-1098.72 -1061.48
-1087.46 -1061.48
-1119.21 -1061.48
-1072.77 -1061.48
-1092.80 -1061.48
-1152.23 -1061.48
-1137.59 -1061.48
-1110.47 -1061.48
-1134.70 -1061.48
-1083.12 -1061.48
-1089.68 -1061.48
-1082.63 -1061.48
-1067.06 -1061.48
-1085.49 -1061.48
-1116.47 -1061.48
-1064.48 -1061.48
-1138.38 -1061.48
-1076.01 -1061.48
-1072.08 -1061.48
-1136.21 -1061.48
-1066.85 -1061.48
-1094.37 -1061.48
-1084.59 -1061.48
-1058.53 -1058.53
-1114.75 -1058.53
-1072.45 -1058.53
-1085.72 -1058.53
-1076.41 -1058.53
-1134.09 -1058.53
-1108.29 -1058.53
-1068.31 -1058.53
-1070.20 -1058.53
-1063.14 -1058.53
-1143.18 -1058.53
-1093.53 -1058.53
-1087.43 -1058.53
-1119.77 -1058.53
-1092.18 -1058.53
-1077.19 -1058.53
-1105.02 -1058.53
-1083.63 -1058.53
-1060.64 -1058.53
-1082.42 -1058.53
-1083.95 -1058.53
-1096.97 -1058.53
-1100.31 -1058.53
-1082.86 -1058.53
-1100.32 -1058.53
-1067.96 -1058.53
-1075.64 -1058.53
-1139.42 -1058.53
-1079.94 -1058.53
-1090.66 -1058.53
-1080.57 -1058.53
-1145.21 -1058.53
-1079.39 -1058.53
-1108.06 -1058.53
-1111.90 -1058.53
-1061.85 -1058.53
-1055.82 -1055.82
-1110.85 -1055.82
-1100.02 -1055.82
-1076.03 -1055.82
-1102.53 -1055.82
-1066.09 -1055.82
-1071.90 -1055.82
-1097.75 -1055.82
-1082.83 -1055.82
-1079.38 -1055.82
-1057.93 -1055.82
-1100.07 -1055.82
-1106.79 -1055.82
-1056.78 -1055.82
-1079.50 -1055.82
-1059.88 -1055.82
-1134.56 -1055.82
-1067.07 -1055.82
-1068.58 -1055.82
-1092.03 -1055.82
-1133.95 -1055.82
-1062.67 -1055.82
-1081.37 -1055.82
-1049.54 -1049.54
-1076.90 -1049.54
-1046.22 -1046.22
-1063.25 -1046.22
-1061.17 -1046.22
-1072.92 -1046.22
-1057.00 -1046.22
-1071.73 -1046.22
-1054.79 -1046.22
-1054.01 -1046.22
-1059.59 -1046.22
-1073.67 -1046.22
-1042.20 -1042.20
-1114.50 -1042.20
-1097.47 -1042.20
-1123.73 -1042.20
-1069.35 -1042.20
-1103.51 -1042.20
-1069.79 -1042.20
-1075.01 -1042.20
-1077.16 -1042.20
-1042.90 -1042.20
-1053.40 -1042.20
-1013.12 -1013.12
-1042.31 -1013.12
-1076.82 -1013.12
-1070.33 -1013.12
-1065.22 -1013.12
-1095.70 -1013.12
-1123.16 -1013.12
-1060.17 -1013.12
-1077.61 -1013.12
-1070.58 -1013.12
-1131.60 -1013.12
-1100.43 -1013.12
-1109.71 -1013.12
-1062.07 -1013.12
-1060.24 -1013.12
-1076.91 -1013.12
-1051.20 -1013.12
-1042.74 -1013.12
-1036.03 -1013.12
-1063.00 -1013.12
-1016.72 -1013.12
-1042.74 -1013.12
-1107.62 -1013.12
-1114.02 -1013.12
-1066.85 -1013.12
-1084.92 -1013.12
-1096.50 -1013.12
-1047.40 -1013.12
-1070.85 -1013.12
-1037.88 -1013.12
-1076.24 -1013.12
-1044.45 -1013.12
-1053.06 -1013.12
-1118.12 -1013.12
-1078.22 -1013.12
-1067.08 -1013.12
-1055.21 -1013.12
-1088.09 -1013.12
-1037.06 -1013.12
-1071.58 -1013.12
-1115.28 -1013.12
-1084.57 -1013.12
-1067.27 -1013.12
-1064.50 -1013.12
-1062.44 -1013.12
-1057.42 -1013.12
-1060.83 -1013.12
-1028.61 -1013.12
-1080.80 -1013.12
-1100.35 -1013.12
-1060.71 -1013.12
-1053.83 -1013.12
-1095.56 -1013.12
-1062.92 -1013.12
-1045.70 -1013.12
-1070.51 -1013.12
-1096.31 -1013.12
-1054.42 -1013.12
-1023.78 -1013.12
-1067.06 -1013.12
-1081.68 -1013.12
-1068.05 -1013.12
-1085.24 -1013.12
-1056.72 -1013.12
-1068.85 -1013.12
-1076.75 -1013.12
-1070.97 -1013.12
-1079.62 -1013.12
-1087.92 -1013.12
-1027.72 -1013.12
-1057.88 -1013.12
-1065.00 -1013.12
-1062.40 -1013.12
-1067.89 -1013.12
-1097.49 -1013.12
-1099.40 -1013.12
-1062.76 -1013.12
-1129.95 -1013.12
-1016.92 -1013.12
-1056.13 -1013.12
-1025.86 -1013.12
-1094.17 -1013.12
-1112.57 -1013.12
-1057.61 -1013.12
-1076.38 -1013.12
-1044.76 -1013.12
-1084.00 -1013.12
-1062.35 -1013.12
-1101.25 -1013.12
-1051.55 -1013.12
-1104.36 -1013.12
-1069.99 -1013.12
-1099.37 -1013.12
-1090.19 -1013.12
-1067.66 -1013.12
-1084.76 -1013.12
-1090.28 -1013.12
-1054.86 -1013.12
-1075.72 -1013.12
-1097.77 -1013.12
-1092.21 -1013.12
-1047.58 -1013.12
-1046.28 -1013.12
-1113.81 -1113.81
-1088.02 -1088.02
-1108.27 -1088.02
-1114.94 -1088.02
-1092.61 -1088.02
-1109.00 -1088.02
-1104.02 -1088.02
-1093.55 -1088.02
-1074.54 -1074.54
-1087.20 -1074.54
-1094.67 -1074.54
-1080.14 -1074.54
-1085.28 -1074.54
-1089.61 -1074.54
-1105.62 -1074.54
-1100.76 -1074.54
-1087.86 -1074.54
-1101.83 -1074.54
-1089.82 -1074.54
-1130.49 -1074.54
-1080.59 -1074.54
-1102.05 -1074.54
-1138.18 -1074.54
-1098.08 -1074.54
-1123.11 -1074.54
-1085.95 -1074.54
-1082.54 -1074.54
-1102.33 -1074.54
-1108.25 -1074.54
-1119.05 -1074.54
-1128.34 -1074.54
-1126.06 -1074.54
-1087.53 -1074.54
-1114.42 -1074.54
-1115.98 -1074.54
-1085.14 -1074.54
-1095.08 -1074.54
-1114.19 -1074.54
-1078.74 -1074.54
-1098.90 -1074.54
-1080.62 -1074.54
-1097.85 -1074.54
-1080.64 -1074.54
-1084.14 -1074.54
-1105.04 -1074.54
-1096.02 -1074.54
-1104.67 -1074.54
-1087.95 -1074.54
-1116.91 -1074.54
-1087.17 -1074.54
-1106.95 -1074.54
-1112.64 -1074.54
-1106.05 -1074.54
-1125.69 -1074.54
-1074.60 -1074.60
-1071.48 -1071.48
-1086.93 -1071.48
-1066.79 -1066.79
-1094.05 -1066.79
-1124.17 -1066.79
-1136.47 -1066.79
-1117.08 -1066.79
-1081.02 -1066.79
-1113.35 -1066.79
-1098.74 -1066.79
-1078.01 -1066.79
-1087.77 -1066.79
-1096.04 -1066.79
-1083.11 -1066.79
-1066.99 -1066.99
-1100.05 -1066.99
-1080.29 -1066.99
-1076.07 -1066.99
-1146.98 -1066.99
-1101.07 -1066.99
-1086.73 -1066.99
-1111.29 -1066.99
-1079.65 -1066.99
-1051.70 -1051.70
-1049.04 -1049.04
-1089.52 -1049.04
-1108.34 -1049.04
-1075.82 -1049.04
-1074.23 -1049.04
-1115.92 -1049.04
-1115.25 -1049.04
-1089.26 -1049.04
-1056.18 -1049.04
-1077.69 -1049.04
-1089.72 -1049.04
-1074.26 -1049.04
-1080.91 -1049.04
-1065.42 -1049.04
-1095.49 -1049.04
-1074.58 -1049.04
-1078.50 -1049.04
-1048.80 -1048.80
-1057.64 -1048.80
-1034.99 -1034.99
-1071.81 -1034.99
-1041.31 -1034.99
-1060.03 -1034.99
-1066.77 -1034.99
-1037.48 -1034.99
-1089.56 -1034.99
-1098.47 -1034.99
-1098.71 -1034.99
-1066.96 -1034.99
-1069.36 -1034.99
-1085.99 -1034.99
-1130.62 -1034.99
-1096.16 -1034.99
-1035.97 -1035.97
-1028.46 -1028.46
-1048.78 -1028.46
-1040.93 -1028.46
-1082.19 -1028.46
-1077.67 -1028.46
-1018.95 -1018.95
-1035.67 -1018.95
-1057.65 -1018.95
-1005.70 -1005.70
-977.15 -977.15
-998.14 -977.15
-991.09 -977.15
-971.18 -971.18
-988.32 -971.18
-1005.63 -971.18
-958.46 -958.46
-967.31 -958.46
-971.04 -958.46
-1094.25 -958.46
-969.49 -958.46
-964.55 -958.46
-1006.15 -958.46
-964.07 -958.46
-930.68 -930.68
-958.19 -930.68
-1025.22 -930.68
-990.60 -930.68
-1013.58 -930.68
-950.36 -930.68
-990.54 -930.68
-1051.87 -930.68
-990.25 -930.68
-997.79 -930.68
-991.44 -930.68
-985.59 -930.68
-984.82 -930.68
-1003.73 -930.68
-931.96 -930.68
-987.34 -930.68
-966.13 -930.68
-1004.16 -930.68
-1002.58 -930.68
-984.43 -930.68
-954.15 -930.68
-1018.18 -930.68
-956.64 -930.68
-956.00 -930.68
-1003.18 -930.68
-951.76 -930.68
-958.35 -930.68
-965.46 -930.68
-990.75 -930.68
-999.00 -930.68
-1044.73 -930.68
-1021.40 -930.68
-987.57 -930.68
-918.60 -918.60
-955.71 -918.60
-995.91 -918.60
-1016.36 -918.60
-999.51 -918.60
-966.46 -918.60
-965.34 -918.60
-962.79 -918.60
-987.49 -918.60
-999.16 -918.60
-1006.14 -918.60
-1001.18 -918.60
-991.49 -918.60
-963.08 -918.60
-1012.10 -918.60
-967.06 -918.60
-967.68 -918.60
-993.25 -918.60
-964.30 -918.60
-930.13 -918.60
-975.18 -918.60
-932.53 -918.60
-994.11 -918.60
-1035.50 -918.60
-1038.79 -918.60
-1015.96 -918.60
-1011.18 -918.60
-998.90 -918.60
-991.74 -918.60
-996.53 -918.60
-1060.45 -918.60
-986.27 -918.60
-990.37 -918.60
-968.00 -918.60
-1027.00 -918.60
-1023.46 -918.60
-993.33 -918.60
-1026.71 -918.60
-979.82 -918.60
-1010.57 -918.60
-966.87 -918.60
-1029.37 -918.60
-999.85 -918.60
-1001.39 -918.60
-899.18 -899.18
-974.30 -899.18
-1019.55 -899.18
-933.95 -899.18
-985.49 -899.18
-961.52 -899.18
-1015.86 -899.18
-910.44 -899.18
-990.37 -899.18
-1022.74 -899.18
-947.07 -899.18
-954.16 -899.18
-982.72 -899.18
-950.83 -899.18
-981.11 -899.18
-971.15 -899.18
-1023.63 -899.18
-1037.59 -899.18
-997.48 -899.18
-880.34 -880.34
-886.01 -880.34
-998.40 -880.34
-879.95 -879.95
-925.15 -879.95
-923.64 -879.95
-918.36 -879.95
-946.97 -879.95
-920.94 -879.95
-885.49 -879.95
-1010.13 -879.95
-899.51 -879.95
-905.61 -879.95
-929.50 -879.95
-882.44 -879.95
-867.80 -867.80
-896.80 -867.80
-970.95 -867.80
-900.51 -867.80
-899.87 -867.80
-953.89 -867.80
-947.02 -867.80
-976.80 -867.80
-903.46 -867.80
-949.13 -867.80
-909.22 -867.80
-964.55 -867.80
-907.63 -867.80
-880.45 -867.80
-1002.43 -867.80
-920.25 -867.80
-965.73 -867.80
-967.35 -867.80
-965.88 -867.80
-938.36 -867.80
-939.01 -867.80
-961.99 -867.80
-955.96 -867.80
-948.00 -867.80
-976.50 -867.80
-963.53 -867.80
-945.45 -867.80
-904.76 -867.80
-941.11 -867.80
-874.11 -867.80
-964.74 -867.80
-891.92 -867.80
-944.31 -867.80
-955.65 -867.80
-932.08 -867.80
-1084.27 -867.80
-948.85 -867.80
-1032.88 -867.80
-965.45 -867.80
-960.34 -867.80
-933.78 -867.80
-877.07 -867.80
-913.32 -867.80
-976.06 -867.80
-870.13 -870.13
-998.24 -870.13
-865.22 -865.22
-895.44 -865.22
-886.92 -865.22
-947.83 -865.22
-887.60 -865.22
-1050.99 -865.22
-902.28 -865.22
-877.02 -865.22
-876.04 -865.22
-884.64 -865.22
-852.62 -852.62
-870.25 -852.62
-968.09 -852.62
-976.09 -852.62
-987.63 -852.62
-873.24 -852.62
-940.19 -852.62
-983.51 -852.62
-998.73 -852.62
-1024.74 -852.62
-915.92 -852.62
-919.61 -852.62
-948.83 -852.62
-937.05 -852.62
-950.65 -852.62
-949.67 -852.62
-927.55 -852.62
-934.10 -852.62
-932.92 -852.62
-932.13 -852.62
-944.14 -852.62
-985.02 -852.62
-932.26 -852.62
-895.67 -852.62
-983.05 -852.62
-1033.06 -852.62
-889.48 -852.62
-912.90 -852.62
-923.61 -852.62
-957.85 -852.62
-1028.43 -852.62
-942.21 -852.62
-982.58 -852.62
-928.60 -852.62
-1027.74 -852.62
-908.64 -852.62
-955.18 -852.62
-919.76 -852.62
-966.04 -852.62
-945.38 -852.62
-917.27 -852.62
-946.51 -852.62
-917.05 -852.62
-1005.93 -852.62
-911.01 -852.62
-948.82 -852.62
-928.74 -852.62
-884.96 -852.62
-965.70 -852.62
-951.05 -852.62
-1049.57 -852.62
-917.09 -852.62
-966.50 -852.62
-919.38 -852.62
-899.98 -852.62
-936.28 -852.62
-960.18 -852.62
-894.00 -852.62
-1026.09 -852.62
-951.60 -852.62
-933.51 -852.62
-976.60 -852.62
-836.19 -836.19
-1009.03 -836.19
-985.51 -836.19
-971.17 -836.19
-936.77 -836.19
-922.08 -836.19
-943.91 -836.19
-881.68 -836.19
-918.63 -836.19
-913.99 -836.19
-886.45 -836.19
-901.04 -836.19
-972.55 -836.19
-906.38 -836.19
-939.65 -836.19
-959.01 -836.19
-944.32 -836.19
-929.35 -836.19
-926.52 -836.19
-952.54 -836.19
-976.01 -836.19
-926.74 -836.19
-938.70 -836.19
-940.19 -836.19
-1002.99 -836.19
-925.53 -836.19
-953.30 -836.19
-944.72 -836.19
-849.58 -836.19
-933.49 -836.19
-930.87 -836.19
-936.25 -836.19
-994.61 -836.19
-863.28 -836.19
-929.07 -836.19
-884.36 -836.19
-886.92 -836.19
-894.29 -836.19
-941.23 -836.19
-880.68 -836.19
-916.33 -836.19
-948.64 -836.19
-945.09 -836.19
-1017.30 -836.19
-891.10 -836.19
-1002.41 -836.19
-955.89 -836.19
-879.42 -836.19
-954.13 -836.19
-894.75 -836.19
-960.03 -836.19
-1120.02 -1120.02
-1133.14 -1120.02
-1100.62 -1100.62
-1118.09 -1100.62
-1123.76 -1100.62
-1144.58 -1100.62
-1095.02 -1095.02
-1127.27 -1095.02
-1151.26 -1095.02
-1139.92 -1095.02
-1111.47 -1095.02
-1151.70 -1095.02
-1124.24 -1095.02
-1095.99 -1095.02
-1115.62 -1095.02
-1090.72 -1090.72
-1120.58 -1090.72
-1137.48 -1090.72
-1097.71 -1090.72
-1136.31 -1090.72
-1148.02 -1090.72
-1103.97 -1090.72
-1127.27 -1090.72
-1114.26 -1090.72
-1109.59 -1090.72
-1085.68 -1085.68
-1134.76 -1085.68
-1103.23 -1085.68
-1088.43 -1085.68
-1122.35 -1085.68
-1103.97 -1085.68
-1126.17 -1085.68
-1116.21 -1085.68
-1118.53 -1085.68
-1101.76 -1085.68
-1145.39 -1085.68
-1125.70 -1085.68
-1138.32 -1085.68
-1125.99 -1085.68
-1141.33 -1085.68
-1106.72 -1085.68
-1141.28 -1085.68
-1116.59 -1085.68
-1085.92 -1085.68
-1110.36 -1085.68
-1150.73 -1085.68
-1091.47 -1085.68
-1122.84 -1085.68
-1111.58 -1085.68
-1111.24 -1085.68
-1097.83 -1085.68
-1107.88 -1085.68
-1110.88 -1085.68
-1111.75 -1085.68
-1157.76 -1085.68
-1117.27 -1085.68
-1087.51 -1085.68
-1110.49 -1085.68
-1118.34 -1085.68
-1093.45 -1085.68
-1100.84 -1085.68
-1088.78 -1088.78
-1096.27 -1088.78
-1127.67 -1088.78
-1132.59 -1088.78
-1111.06 -1088.78
-1124.64 -1088.78
-1103.80 -1088.78
-1095.14 -1088.78
-1101.79 -1088.78
-1104.32 -1088.78
-1094.47 -1088.78
-1098.58 -1088.78
-1107.95 -1088.78
-1115.00 -1088.78
-1098.79 -1088.78
-1091.66 -1088.78
-1088.67 -1088.67
-1111.02 -1088.67
-1147.25 -1088.67
-1090.91 -1088.67
-1083.15 -1083.15
-1096.24 -1083.15
-1113.32 -1083.15
-1122.70 -1083.15
-1107.74 -1083.15
-1086.96 -1083.15
-1105.28 -1083.15
-1107.15 -1083.15
-1112.80 -1083.15
-1078.54 -1078.54
-1093.93 -1078.54
-1079.40 -1079.40
-1106.02 -1079.40
-1126.23 -1079.40
-1093.72 -1079.40
-1104.60 -1079.40
-1114.44 -1079.40
-1090.40 -1079.40
-1104.63 -1079.40
-1150.84 -1079.40
-1146.41 -1079.40
-1104.08 -1079.40
-1070.71 -1070.71
-1070.32 -1070.32
-1067.09 -1067.09
-1051.79 -1051.79
-1060.72 -1051.79
-1110.98 -1051.79
-1041.95 -1041.95
-1092.31 -1041.95
-1105.06 -1041.95
-1019.81 -1019.81
-1035.45 -1019.81
-1070.01 -1019.81
-1128.95 -1019.81
-1012.06 -1012.06
-981.00 -981.00
-1018.59 -981.00
-969.42 -969.42
-989.51 -969.42
-981.97 -969.42
-1099.03 -969.42
-973.35 -969.42
-994.92 -969.42
-993.69 -969.42
-967.63 -967.63
-1001.63 -967.63
-980.23 -967.63
-976.08 -967.63
-980.27 -967.63
-923.55 -923.55
-1009.09 -923.55
-960.71 -923.55
-954.72 -923.55
-1001.76 -923.55
-943.19 -923.55
-960.55 -923.55
-981.79 -923.55
-962.18 -923.55
-986.60 -923.55
-968.43 -923.55
-945.45 -923.55
-926.23 -923.55
-981.99 -923.55
-977.84 -923.55
-958.62 -923.55
-997.50 -923.55
-946.22 -923.55
-944.78 -923.55
-976.13 -923.55
-963.85 -923.55
-985.12 -923.55
-926.84 -923.55
-965.47 -923.55
-981.72 -923.55
-967.36 -923.55
-977.27 -923.55
-958.65 -923.55
-960.00 -923.55
-1006.60 -923.55
-936.90 -923.55
-964.65 -923.55
-931.52 -923.55
-966.91 -923.55
-943.16 -923.55
-964.54 -923.55
-1011.13 -923.55
-911.18 -911.18
-911.04 -911.04
-909.48 -909.48
-939.71 -909.48
-934.28 -909.48
-924.29 -909.48
-964.44 -909.48
-972.13 -909.48
-947.02 -909.48
-893.35 -893.35
-931.09 -893.35
-922.95 -893.35
-880.77 -880.77
-957.96 -880.77
-937.78 -880.77
-936.82 -880.77
-976.95 -880.77
-943.75 -880.77
-890.13 -880.77
-956.73 -880.77
-901.66 -880.77
-946.79 -880.77
-921.65 -880.77
-904.64 -880.77
-914.52 -880.77
-928.97 -880.77
-903.88 -880.77
-964.61 -880.77
-931.44 -880.77
-1000.83 -880.77
-891.08 -880.77
-901.91 -880.77
-1001.41 -880.77
-938.14 -880.77
-976.96 -880.77
-938.11 -880.77
-904.37 -880.77
-995.55 -880.77
-860.14 -860.14
-919.30 -860.14
-915.34 -860.14
-838.77 -838.77
-906.29 -838.77
-909.04 -838.77
-959.79 -838.77
-821.17 -821.17
-902.74 -821.17
-889.12 -821.17
-912.87 -821.17
-891.48 -821.17
-900.05 -821.17
-909.65 -821.17
-1020.35 -821.17
-1034.31 -821.17
-844.16 -821.17
-916.06 -821.17
-867.10 -821.17
-952.94 -821.17
-927.30 -821.17
-919.96 -821.17
-936.77 -821.17
-922.43 -821.17
-893.18 -821.17
-944.29 -821.17
-893.15 -821.17
-932.52 -821.17
-938.00 -821.17
-934.37 -821.17
-1014.40 -821.17
-906.88 -821.17
-957.76 -821.17
-983.64 -821.17
-925.47 -821.17
-934.61 -821.17
-936.77 -821.17
-1032.51 -821.17
-920.64 -821.17
-864.67 -821.17
-949.69 -821.17
-892.62 -821.17
-965.30 -821.17
-923.00 -821.17
-907.90 -821.17
-909.45 -821.17
-923.35 -821.17
-889.61 -821.17
-980.87 -821.17
-973.74 -821.17
-1007.72 -821.17
-909.27 -821.17
-941.25 -821.17
-947.87 -821.17
-906.25 -821.17
-888.62 -821.17
-880.07 -821.17
-904.68 -821.17
-1084.09 -821.17
-946.87 -821.17
-939.14 -821.17
-866.75 -821.17
-887.14 -821.17
-887.70 -821.17
-890.25 -821.17
-938.47 -821.17
-917.43 -821.17
-921.78 -821.17
-914.81 -821.17
-945.80 -821.17
-942.44 -821.17
-928.31 -821.17
-920.32 -821.17
-944.33 -821.17
-881.04 -821.17
-1056.66 -821.17
-939.21 -821.17
-970.50 -821.17
-1024.07 -821.17
-944.77 -821.17
-924.46 -821.17
-907.70 -821.17
-955.65 -821.17
-949.80 -821.17
-951.18 -821.17
-1032.19 -821.17
-969.36 -821.17
-912.81 -821.17
-892.36 -821.17
-1009.02 -821.17
-957.03 -821.17
-888.76 -821.17
-792.25 -792.25
-974.77 -792.25
-983.59 -792.25
-895.29 -792.25
-858.80 -792.25
-1009.67 -792.25
-891.09 -792.25
-992.77 -792.25
-934.49 -792.25
-965.13 -792.25
-913.07 -792.25
-932.08 -792.25
-947.15 -792.25
-933.86 -792.25
-884.38 -792.25
-893.77 -792.25
-905.76 -792.25
-1050.88 -792.25
-946.46 -792.25
-893.38 -792.25
-1075.44 -792.25
-902.84 -792.25
-961.56 -792.25
-974.86 -792.25
-904.74 -792.25
-893.98 -792.25
-899.25 -792.25
-939.05 -792.25
-848.32 -792.25
-933.75 -792.25
-866.38 -792.25
-1018.25 -792.25
-835.95 -792.25
-917.98 -792.25
-936.14 -792.25
-899.46 -792.25
-878.33 -792.25
-915.75 -792.25
-1002.72 -792.25
-989.80 -792.25
-955.62 -792.25
-898.10 -792.25
-976.23 -792.25
-964.59 -792.25
-985.41 -792.25
-895.98 -792.25
-885.77 -792.25
-945.36 -792.25
-872.76 -792.25
-881.92 -792.25
-926.18 -792.25
-991.10 -792.25
-929.56 -792.25
-953.95 -792.25
-971.51 -792.25
-885.56 -792.25
-901.20 -792.25
-968.76 -792.25
-941.45 -792.25
-949.41 -792.25
-898.05 -792.25
-912.09 -792.25
-906.60 -792.25
-927.61 -792.25
-915.33 -792.25
-913.85 -792.25
-953.85 -792.25
-902.78 -792.25
-935.86 -792.25
-918.75 -792.25
-917.51 -792.25
-898.10 -792.25
-920.30 -792.25
-897.71 -792.25
-917.96 -792.25
-846.37 -792.25
-887.39 -792.25
-888.90 -792.25
-906.21 -792.25
-964.07 -792.25
-918.50 -792.25
-841.58 -792.25
-898.89 -792.25
-890.49 -792.25
-915.60 -792.25
-925.98 -792.25
-965.13 -792.25
-918.65 -792.25
-903.21 -792.25
-915.48 -792.25
-960.62 -792.25
-878.45 -792.25
-960.52 -792.25
-871.89 -792.25
-978.89 -792.25
-1008.08 -792.25
-964.21 -792.25
-867.54 -792.25
-961.35 -792.25
-947.18 -792.25
-873.07 -792.25
-884.76 -792.25
-1007.36 -792.25
-1001.65 -792.25
-1008.75 -792.25
-932.13 -792.25
-886.77 -792.25
-883.48 -792.25
-860.81 -792.25
-891.04 -792.25
-967.95 -792.25
-924.92 -792.25
-1029.41 -792.25
-956.23 -792.25
-954.93 -792.25
-959.46 -792.25
-1011.06 -792.25
-888.84 -792.25
-1148.67 -792.25
-1125.38 -792.25
-1128.37 -792.25
-1160.23 -792.25
-1122.18 -1122.18
-1103.71 -1103.71
-1127.55 -1103.71
-1110.36 -1103.71
-1139.91 -1103.71
-1127.18 -1103.71
-1111.29 -1103.71
-1131.39 -1103.71
-1118.17 -1103.71
-1112.99 -1103.71
-1125.67 -1103.71
-1096.53 -1096.53
-1153.99 -1096.53
-1118.90 -1096.53
-1108.77 -1096.53
-1087.27 -1087.27
-1098.72 -1087.27
-1126.58 -1087.27
-1078.46 -1078.46
-1151.41 -1078.46
-1080.77 -1078.46
-1097.72 -1078.46
-1133.84 -1078.46
-1130.67 -1078.46
-1125.20 -1078.46
-1114.45 -1078.46
-1099.36 -1078.46
-1135.90 -1078.46
-1102.56 -1078.46
-1117.00 -1078.46
-1093.50 -1078.46
-1109.66 -1078.46
-1116.01 -1078.46
-1153.46 -1078.46
-1098.20 -1078.46
-1113.67 -1078.46
-1099.77 -1078.46
-1105.84 -1078.46
-1087.68 -1078.46
-1106.49 -1078.46
-1081.00 -1078.46
-1097.05 -1078.46
-1088.42 -1078.46
-1118.10 -1078.46
-1141.46 -1078.46
-1110.30 -1078.46
-1108.33 -1078.46
-1096.26 -1078.46
-1142.50 -1078.46
-1105.02 -1078.46
-1106.85 -1078.46
-1117.27 -1078.46
-1091.30 -1078.46
-1103.89 -1078.46
-1104.92 -1078.46
-1090.43 -1078.46
-1110.75 -1078.46
-1079.68 -1078.46
-1085.67 -1078.46
-1115.24 -1078.46
-1119.39 -1078.46
-1090.50 -1078.46
-1132.90 -1078.46
-1108.08 -1078.46
-1122.73 -1078.46
-1094.45 -1078.46
-1103.15 -1078.46
-1130.64 -1078.46
-1113.08 -1078.46
-1120.47 -1078.46
-1071.41 -1071.41
-1061.36 -1061.36
-1126.27 -1061.36
-1099.01 -1061.36
-1107.37 -1061.36
-1113.36 -1061.36
-1107.58 -1061.36
-1135.25 -1061.36
-1082.86 -1061.36
-1105.12 -1061.36
-1097.91 -1061.36
-1089.40 -1061.36
-1126.79 -1061.36
-1090.69 -1061.36
-1117.01 -1061.36
-1075.66 -1061.36
-1107.98 -1061.36
-1105.58 -1061.36
-1088.59 -1061.36
-1116.39 -1061.36
-1113.34 -1061.36
-1093.90 -1061.36
-1098.86 -1061.36
-1079.02 -1061.36
-1155.23 -1061.36
-1110.49 -1061.36
-1097.50 -1061.36
-1092.57 -1061.36
-1115.07 -1061.36
-1133.03 -1061.36
-1101.79 -1061.36
-1074.21 -1061.36
-1084.78 -1061.36
-1083.51 -1061.36
-1094.35 -1061.36
-1095.79 -1061.36
-1085.33 -1061.36
-1129.59 -1061.36
-1071.95 -1061.36
-1087.47 -1061.36
-1085.33 -1061.36
-1128.76 -1061.36
-1096.78 -1061.36
-1088.81 -1061.36
-1099.57 -1061.36
-1074.73 -1061.36
-1126.07 -1061.36
-1149.21 -1061.36
-1074.91 -1061.36
-1094.77 -1061.36
-1072.92 -1061.36
-1100.40 -1061.36
-1084.62 -1061.36
-1073.50 -1061.36
-1079.45 -1061.36
-1114.86 -1061.36
-1131.15 -1061.36
-1106.23 -1061.36
-1095.65 -1061.36
-1141.33 -1061.36
-1063.44 -1061.36
-1079.44 -1061.36
-1075.70 -1061.36
-1062.62 -1061.36
-1066.24 -1061.36
-1090.44 -1061.36
-1049.86 -1049.86
-1077.90 -1049.86
-1090.76 -1049.86
-1079.42 -1049.86
-1081.95 -1049.86
-1084.74 -1049.86
-1117.47 -1049.86
-1079.22 -1049.86
-1094.91 -1049.86
-1075.66 -1049.86
-1096.25 -1049.86
-1099.19 -1049.86
-1081.77 -1049.86
-1085.45 -1049.86
-1108.84 -1049.86
-1130.17 -1049.86
-1078.97 -1049.86
-1118.25 -1049.86
-1097.15 -1049.86
-1084.62 -1049.86
-1066.36 -1049.86
-1117.58 -1049.86
-1105.75 -1049.86
-1092.46 -1049.86
-1099.78 -1049.86
-1078.51 -1049.86
-1064.21 -1049.86
-1094.23 -1049.86
-1116.57 -1049.86
-1114.07 -1049.86
-1108.04 -1049.86
-1083.84 -1049.86
-1097.34 -1049.86
-1079.86 -1049.86
-1072.43 -1049.86
-1106.31 -1049.86
-1062.62 -1049.86
-1081.56 -1049.86
-1082.52 -1049.86
-1093.39 -1049.86
-1093.39 -1049.86
-1066.52 -1049.86
-1073.33 -1049.86
-1105.16 -1049.86
-1127.78 -1049.86
-1125.93 -1049.86
-1100.73 -1049.86
-1144.40 -1049.86
-1095.16 -1049.86
-1047.33 -1047.33
-1067.34 -1047.33
-1070.34 -1047.33
-1054.46 -1047.33
-1095.80 -1047.33
-1108.99 -1047.33
-1074.20 -1047.33
-1128.46 -1047.33
-1043.87 -1043.87
-1067.87 -1043.87
-1080.37 -1043.87
-1074.68 -1043.87
-1072.66 -1043.87
-1091.18 -1043.87
-1108.97 -1043.87
-1084.64 -1043.87
-1065.55 -1043.87
-1057.28 -1043.87
-1120.17 -1043.87
-1057.25 -1043.87
-1057.32 -1043.87
-1116.96 -1043.87
-1061.02 -1043.87
-1077.00 -1043.87
-1045.26 -1045.26
-1061.91 -1045.26
-1080.67 -1045.26
-1076.99 -1045.26
-1062.73 -1045.26
-1087.33 -1045.26
-1027.92 -1027.92
-1041.05 -1027.92
-1088.67 -1027.92
-1066.74 -1027.92
-1094.56 -1027.92
-1087.89 -1027.92
-1076.73 -1027.92
-1091.45 -1027.92
-1077.72 -1027.92
-1072.60 -1027.92
-1058.14 -1027.92
-1057.81 -1027.92
-1060.89 -1027.92
-1064.57 -1027.92
-1053.95 -1027.92
-1040.03 -1027.92
-1126.73 -1027.92
-1086.81 -1027.92
-1060.19 -1027.92
-1059.61 -1027.92
-1067.88 -1027.92
-1074.08 -1027.92
-1081.80 -1027.92
-1079.08 -1027.92
-1030.34 -1030.34
-1055.87 -1030.34
-1027.78 -1027.78
-1122.77 -1027.78
-1051.33 -1027.78
-1057.22 -1027.78
-1090.79 -1027.78
-1081.22 -1027.78
-1105.22 -1027.78
-1094.55 -1027.78
-1050.10 -1027.78
-1031.01 -1027.78
-1032.19 -1027.78
-1072.31 -1027.78
-1032.02 -1027.78
-1078.65 -1027.78
-1066.33 -1027.78
-1068.50 -1027.78
-1041.86 -1027.78
-1095.14 -1027.78
-1079.92 -1027.78
-1030.20 -1027.78
-1067.19 -1027.78
-1120.24 -1027.78
-1095.40 -1027.78
-1083.12 -1027.78
-1099.30 -1027.78
-1093.66 -1027.78
-1107.89 -1027.78
-1105.10 -1027.78
-1077.46 -1027.78
-1046.86 -1027.78
-1048.38 -1027.78
-1036.93 -1027.78
-1061.85 -1027.78
-1062.24 -1027.78
-1100.64 -1027.78
-1067.06 -1027.78
-1051.38 -1027.78
-1040.74 -1027.78
-1085.27 -1027.78
-1112.44 -1027.78
-1060.02 -1027.78
-1047.16 -1027.78
-1108.22 -1027.78
-1089.07 -1027.78
-1038.85 -1027.78
-1054.58 -1027.78
-1038.92 -1027.78
-1060.51 -1027.78
-1068.14 -1027.78
-1112.02 -1027.78
-1050.57 -1027.78
-1093.26 -1027.78
-1020.60 -1020.60
-1077.66 -1020.60
-1029.63 -1020.60
-1031.33 -1020.60
-1023.79 -1020.60
-1020.58 -1020.58
-1068.74 -1020.58
-1009.30 -1009.30
-1001.26 -1001.26
-1030.77 -1001.26
-1002.70 -1001.26
-998.88 -998.88
-977.64 -977.64
-937.67 -937.67
-990.96 -937.67
-1003.21 -937.67
-998.21 -937.67
-974.26 -937.67
-1029.35 -937.67
-971.88 -937.67
-990.42 -937.67
-980.51 -937.67
-1034.07 -937.67
-966.15 -937.67
-995.68 -937.67
-986.68 -937.67
-1015.51 -937.67
-1012.78 -937.67
-976.43 -937.67
-1010.82 -937.67
-1042.11 -937.67
-993.83 -937.67
-1056.53 -937.67
-1080.98 -937.67
-1015.72 -937.67
-1025.40 -937.67
-1034.51 -937.67
-1034.37 -937.67
-976.59 -937.67
-995.55 -937.67
-995.22 -937.67
-993.63 -937.67
-964.64 -937.67
-999.47 -937.67
-1047.11 -937.67
-1008.25 -937.67
-994.28 -937.67
-983.85 -937.67
-1054.06 -937.67
-1009.14 -937.67
-1013.07 -937.67
-1014.04 -937.67
-1017.26 -937.67
-1005.63 -937.67
-961.78 -937.67
-1018.68 -937.67
-992.39 -937.67
-1035.63 -937.67
-966.05 -937.67
-940.10 -937.67
-1003.27 -937.67
-996.46 -937.67
-1008.64 -937.67
-985.38 -937.67
-1006.40 -937.67
-1028.95 -937.67
-1030.14 -937.67
-987.75 -937.67
-1057.36 -937.67
-977.95 -937.67
-991.64 -937.67
-997.13 -937.67
-965.16 -937.67
-954.52 -937.67
-1120.29 -937.67
-952.60 -937.67
-1084.35 -937.67
-1001.15 -937.67
-1049.80 -937.67
-996.25 -937.67
-942.89 -937.67
-1005.00 -937.67
-995.57 -937.67
-1017.16 -937.67
-957.61 -937.67
-1005.64 -937.67
-992.73 -937.67
-960.22 -937.67
-954.97 -937.67
-1061.42 -937.67
-1001.23 -937.67
-989.13 -937.67
-1025.75 -937.67
-972.48 -937.67
-988.14 -937.67
-1038.47 -937.67
-1011.00 -937.67
-983.22 -937.67
-985.15 -937.67
-1055.21 -937.67
-1004.55 -937.67
-1037.37 -937.67
-979.78 -937.67
-982.15 -937.67
-1104.14 -937.67
-1060.38 -937.67
-990.13 -937.67
-1081.44 -937.67
-989.87 -937.67
-966.09 -937.67
-1091.76 -937.67
-993.37 -937.67
-1023.59 -937.67
-994.66 -937.67
-1060.75 -937.67
-1027.31 -937.67
-1013.43 -937.67
-979.84 -937.67
-993.45 -937.67
-1105.94 -1105.94
-1137.23 -1105.94
-1128.08 -1105.94
-1121.28 -1105.94
