-10000.00 -10000.00
-2112.49 -2112.49
-2080.58 -2080.58
-2037.63 -2037.63
-2064.52 -2037.63
-2159.51 -2037.63
-2115.91 -2037.63
-2090.18 -2037.63
-2064.10 -2037.63
-2076.41 -2037.63
-2076.89 -2037.63
-2063.04 -2037.63
-2074.36 -2037.63
-2047.28 -2037.63
-2059.89 -2037.63
-2063.85 -2037.63
-2105.46 -2037.63
-2049.58 -2037.63
-2130.34 -2037.63
-2092.19 -2037.63
-2069.24 -2037.63
-2094.31 -2037.63
-2129.72 -2037.63
-2061.90 -2037.63
-2039.35 -2037.63
-2051.66 -2037.63
-2104.33 -2037.63
-2095.75 -2037.63
-2095.94 -2037.63
-2084.92 -2037.63
-2079.95 -2037.63
-2014.63 -2014.63
-2068.56 -2014.63
-2042.14 -2014.63
-2084.66 -2014.63
-2097.75 -2014.63
-2159.13 -2014.63
-2090.44 -2014.63
-2044.20 -2014.63
-2015.26 -2015.26
-2032.25 -2015.26
-2090.57 -2015.26
-2066.20 -2015.26
-2056.08 -2015.26
-2036.83 -2015.26
-2025.63 -2015.26
-2078.42 -2015.26
-2074.33 -2015.26
-2171.40 -2015.26
-2065.12 -2015.26
-2021.31 -2015.26
-2060.99 -2015.26
-1998.52 -1998.52
-2051.13 -1998.52
-2117.22 -1998.52
-2056.34 -1998.52
-2046.85 -1998.52
-2018.77 -1998.52
-2007.08 -1998.52
-2021.96 -1998.52
-1991.32 -1991.32
-2040.37 -1991.32
-2108.08 -1991.32
-2050.19 -1991.32
-2074.61 -1991.32
-2073.14 -1991.32
-2028.00 -1991.32
-1974.44 -1974.44
-2010.58 -1974.44
-2030.64 -1974.44
-1994.56 -1974.44
-2015.58 -1974.44
-2034.87 -1974.44
-2028.52 -1974.44
-2030.34 -1974.44
-2109.33 -1974.44
-2037.17 -1974.44
-2000.76 -1974.44
-2075.47 -1974.44
-2063.21 -1974.44
-2109.20 -1974.44
-2013.97 -1974.44
-1990.76 -1974.44
-2080.81 -1974.44
-1988.91 -1974.44
-2105.24 -1974.44
-2029.15 -1974.44
-2049.61 -1974.44
-2128.70 -1974.44
-2032.75 -1974.44
-1980.70 -1974.44
-2145.55 -1974.44
-2047.91 -1974.44
-2038.52 -1974.44
-2095.25 -1974.44
-2044.82 -1974.44
-2125.99 -1974.44
-2035.60 -1974.44
-2092.93 -1974.44
-2087.48 -1974.44
-2058.80 -1974.44
-2007.77 -1974.44
-1970.77 -1970.77
-1947.77 -1947.77
-2015.19 -1947.77
-2061.90 -1947.77
-1979.30 -1947.77
-1898.40 -1898.40
-2040.75 -1898.40
-1949.16 -1898.40
-1976.55 -1898.40
-1959.57 -1898.40
-2038.90 -1898.40
-2027.75 -1898.40
-2034.54 -1898.40
-1945.34 -1898.40
-1961.01 -1898.40
-1981.09 -1898.40
-2053.16 -1898.40
-1927.86 -1898.40
-1980.59 -1898.40
-2046.10 -1898.40
-1910.81 -1898.40
-2062.59 -1898.40
-2095.30 -1898.40
-1982.12 -1898.40
-2026.04 -1898.40
-2076.69 -1898.40
-1931.61 -1898.40
-1981.99 -1898.40
-2000.68 -1898.40
-2004.13 -1898.40
-2000.41 -1898.40
-1958.80 -1898.40
-2071.50 -1898.40
-1939.61 -1898.40
-2089.97 -1898.40
-1946.19 -1898.40
-1946.13 -1898.40
-1946.51 -1898.40
-1982.46 -1898.40
-1986.33 -1898.40
-1947.35 -1898.40
-1999.44 -1898.40
-1991.79 -1898.40
-2056.90 -1898.40
-2063.88 -1898.40
-2022.57 -1898.40
-2056.71 -1898.40
-2087.10 -1898.40
-2050.66 -1898.40
-1920.65 -1898.40
-2081.00 -1898.40
-1993.08 -1898.40
-1921.66 -1898.40
-1995.25 -1898.40
-1967.88 -1898.40
-1936.57 -1898.40
-1951.11 -1898.40
-1981.70 -1898.40
-2027.47 -1898.40
-2067.31 -1898.40
-1962.53 -1898.40
-1984.82 -1898.40
-1952.90 -1898.40
-2042.96 -1898.40
-1964.72 -1898.40
-2013.30 -1898.40
-1959.40 -1898.40
-2080.31 -1898.40
-2044.21 -1898.40
-2038.78 -1898.40
-1959.25 -1898.40
-2021.60 -1898.40
-1976.54 -1898.40
-2030.30 -1898.40
-1932.98 -1898.40
-1976.36 -1898.40
-1982.23 -1898.40
-2000.92 -1898.40
-2069.63 -1898.40
-1960.20 -1898.40
-1975.42 -1898.40
-1961.88 -1898.40
-2079.72 -1898.40
-2005.35 -1898.40
-2062.31 -1898.40
-1994.57 -1898.40
-2005.74 -1898.40
-1944.34 -1898.40
-1941.40 -1898.40
-1999.11 -1898.40
-1978.96 -1898.40
-2148.55 -1898.40
-1984.39 -1898.40
-1933.01 -1898.40
-1942.38 -1898.40
-2030.33 -1898.40
-2039.39 -1898.40
-1949.83 -1898.40
-1910.31 -1898.40
-1936.91 -1898.40
-2003.58 -1898.40
-2050.00 -1898.40
-2017.41 -1898.40
-1984.45 -1898.40
-2078.81 -1898.40
-1974.67 -1898.40
-2029.40 -1898.40
-2106.55 -1898.40
-1998.95 -1898.40
-2040.44 -1898.40
-1986.19 -1898.40
-2042.80 -1898.40
-1995.98 -1898.40
-2087.76 -1898.40
-1939.52 -1898.40
-2087.39 -1898.40
-2026.47 -1898.40
-1976.98 -1898.40
-1991.96 -1898.40
-1982.95 -1898.40
-2018.61 -1898.40
-2076.17 -1898.40
-2068.42 -1898.40
-2034.94 -1898.40
-1992.14 -1898.40
-1977.60 -1898.40
-2023.97 -1898.40
-1955.97 -1898.40
-1891.73 -1891.73
-1992.76 -1891.73
-2016.62 -1891.73
-1974.16 -1891.73
-2019.46 -1891.73
-2070.70 -1891.73
-2016.61 -1891.73
-2005.02 -1891.73
-1995.00 -1891.73
-1896.33 -1891.73
-1837.65 -1837.65
-1994.86 -1837.65
-1976.41 -1837.65
-2069.03 -1837.65
-1957.01 -1837.65
-1927.06 -1837.65
-2086.04 -1837.65
-2023.79 -1837.65
-1923.11 -1837.65
-1969.35 -1837.65
-2042.57 -1837.65
-1947.62 -1837.65
-1984.08 -1837.65
-1988.29 -1837.65
-2026.59 -1837.65
-2063.58 -1837.65
-2039.74 -1837.65
-2018.92 -1837.65
-1947.67 -1837.65
-1956.54 -1837.65
-2082.32 -1837.65
-1897.50 -1837.65
-2037.30 -1837.65
-1995.35 -1837.65
-1929.71 -1837.65
-1880.74 -1837.65
-1910.46 -1837.65
-1978.60 -1837.65
-1985.02 -1837.65
-2037.41 -1837.65
-1909.18 -1837.65
-1977.58 -1837.65
-1987.95 -1837.65
-1980.39 -1837.65
-1933.48 -1837.65
-1967.13 -1837.65
-1990.24 -1837.65
-2021.71 -1837.65
-1980.70 -1837.65
-1898.49 -1837.65
-1915.32 -1837.65
-2082.81 -1837.65
-2038.01 -1837.65
-1936.75 -1837.65
-2023.67 -1837.65
-2007.85 -1837.65
-1908.47 -1837.65
-1975.85 -1837.65
-1976.19 -1837.65
-1935.59 -1837.65
-1993.73 -1837.65
-2062.58 -1837.65
-1969.20 -1837.65
-2012.77 -1837.65
-2022.11 -1837.65
-1967.90 -1837.65
-1994.76 -1837.65
-1952.09 -1837.65
-1914.99 -1837.65
-1948.94 -1837.65
-2020.45 -1837.65
-1997.21 -1837.65
-1987.48 -1837.65
-1892.64 -1837.65
-1942.71 -1837.65
-1902.73 -1837.65
-2013.55 -1837.65
-1994.18 -1837.65
-2007.21 -1837.65
-1912.09 -1837.65
-2085.15 -1837.65
-1987.51 -1837.65
-1899.36 -1837.65
-1837.34 -1837.34
-1928.82 -1837.34
-1982.43 -1837.34
-1903.63 -1837.34
-1964.75 -1837.34
-1916.80 -1837.34
-1928.99 -1837.34
-1976.14 -1837.34
-1895.52 -1837.34
-1942.65 -1837.34
-1937.41 -1837.34
-1966.40 -1837.34
-1879.24 -1837.34
-2107.77 -1837.34
-2033.71 -1837.34
-1974.62 -1837.34
-1890.01 -1837.34
-2004.96 -1837.34
-1931.20 -1837.34
-2030.35 -1837.34
-1941.59 -1837.34
-1833.63 -1833.63
-1785.34 -1785.34
-1931.52 -1785.34
-1870.67 -1785.34
-1783.17 -1783.17
-1967.34 -1783.17
-1920.03 -1783.17
-1811.43 -1783.17
-2036.75 -1783.17
-1843.40 -1783.17
-1794.72 -1783.17
-1872.68 -1783.17
-1891.17 -1783.17
-1850.56 -1783.17
-1894.36 -1783.17
-1900.33 -1783.17
-1833.53 -1783.17
-1948.84 -1783.17
-1738.55 -1738.55
-1890.77 -1738.55
-1891.06 -1738.55
-1957.10 -1738.55
-1764.97 -1738.55
-1914.73 -1738.55
-1839.94 -1738.55
-1863.76 -1738.55
-1766.30 -1738.55
-1770.54 -1738.55
-1961.95 -1738.55
-1863.92 -1738.55
-1862.92 -1738.55
-1827.26 -1738.55
-1799.23 -1738.55
-1814.33 -1738.55
-1841.16 -1738.55
-1852.00 -1738.55
-1787.44 -1738.55
-1892.36 -1738.55
-1899.34 -1738.55
-1809.51 -1738.55
-1930.75 -1738.55
-1796.89 -1738.55
-1939.00 -1738.55
-1839.90 -1738.55
-1854.65 -1738.55
-1798.49 -1738.55
-1759.32 -1738.55
-1898.69 -1738.55
-1870.16 -1738.55
-1858.44 -1738.55
-1730.31 -1730.31
-1929.83 -1730.31
-1826.82 -1730.31
-1851.19 -1730.31
-1812.29 -1730.31
-2001.04 -1730.31
-1816.71 -1730.31
-1843.18 -1730.31
-1698.68 -1698.68
-1889.14 -1698.68
-1820.51 -1698.68
-1777.51 -1698.68
-1765.89 -1698.68
-1836.80 -1698.68
-1774.46 -1698.68
-1822.06 -1698.68
-1668.96 -1668.96
-1725.54 -1668.96
-1885.76 -1668.96
-1694.83 -1668.96
-1681.32 -1668.96
-1781.57 -1668.96
-1736.86 -1668.96
-1622.27 -1622.27
-1785.44 -1622.27
-1788.47 -1622.27
-1766.40 -1622.27
-1718.48 -1622.27
-1584.17 -1584.17
-1774.63 -1584.17
-1734.57 -1584.17
-1785.85 -1584.17
-1583.10 -1583.10
-1750.58 -1583.10
-2058.01 -2058.01
-2099.56 -2058.01
-2049.40 -2049.40
-2077.07 -2049.40
-2133.58 -2049.40
-2032.28 -2032.28
-2026.37 -2026.37
-2108.51 -2026.37
-2093.96 -2026.37
-2137.06 -2026.37
-2089.14 -2026.37
-2086.02 -2026.37
-2034.20 -2026.37
-2073.18 -2026.37
-2071.79 -2026.37
-2133.16 -2026.37
-2026.63 -2026.63
-2054.06 -2026.63
-2113.92 -2026.63
-2079.33 -2026.63
-2004.51 -2004.51
-2033.63 -2004.51
-2060.88 -2004.51
-2114.54 -2004.51
-2047.27 -2004.51
-2042.37 -2004.51
-2074.75 -2004.51
-2114.92 -2004.51
-2110.00 -2004.51
-1983.79 -1983.79
-2084.41 -1983.79
-2018.27 -1983.79
-1985.74 -1983.79
-2032.82 -1983.79
-2023.75 -1983.79
-2061.33 -1983.79
-2083.34 -1983.79
-2112.90 -1983.79
-2027.54 -1983.79
-2080.76 -1983.79
-1979.26 -1979.26
-1981.76 -1981.76
-2011.67 -1981.76
-2030.00 -1981.76
-1994.32 -1981.76
-2083.62 -1981.76
-2162.05 -1981.76
-2144.73 -1981.76
-2093.55 -1981.76
-2041.52 -1981.76
-2009.05 -1981.76
-1974.16 -1974.16
-1975.89 -1974.16
-1988.76 -1974.16
-2014.00 -1974.16
-2004.90 -1974.16
-2048.85 -1974.16
-2109.25 -1974.16
-2042.59 -1974.16
-2028.64 -1974.16
-2040.89 -1974.16
-2048.77 -1974.16
-2110.35 -1974.16
-2110.78 -1974.16
-2065.74 -1974.16
-2112.83 -1974.16
-1999.67 -1974.16
-1955.18 -1955.18
-1975.14 -1955.18
-2018.78 -1955.18
-1972.35 -1955.18
-1983.80 -1955.18
-2119.86 -1955.18
-2053.16 -1955.18
-2069.01 -1955.18
-2013.81 -1955.18
-1967.55 -1955.18
-2071.77 -1955.18
-2036.28 -1955.18
-2038.26 -1955.18
-1973.70 -1955.18
-1981.71 -1955.18
-2031.77 -1955.18
-2104.88 -1955.18
-1961.19 -1955.18
-1970.26 -1955.18
-1965.51 -1955.18
-2050.91 -1955.18
-1955.70 -1955.18
-2026.24 -1955.18
-1995.72 -1955.18
-1995.94 -1955.18
-1978.92 -1955.18
-2026.80 -1955.18
-2011.69 -1955.18
-1951.31 -1951.31
-2088.12 -1951.31
-1974.14 -1951.31
-2060.33 -1951.31
-2002.35 -1951.31
-2037.01 -1951.31
-2000.88 -1951.31
-2008.93 -1951.31
-2019.59 -1951.31
-2041.29 -1951.31
-2014.84 -1951.31
-2060.61 -1951.31
-2089.77 -1951.31
-2009.39 -1951.31
-2046.55 -1951.31
-1967.26 -1951.31
-1998.48 -1951.31
-1950.28 -1950.28
-1967.89 -1950.28
-2048.93 -1950.28
-2022.70 -1950.28
-2044.94 -1950.28
-1989.75 -1950.28
-2007.47 -1950.28
-2029.51 -1950.28
-1984.41 -1950.28
-2011.24 -1950.28
-2100.34 -1950.28
-1980.44 -1950.28
-2044.33 -1950.28
-1954.63 -1950.28
-2015.57 -1950.28
-1980.59 -1950.28
-2052.57 -1950.28
-1999.12 -1950.28
-1991.03 -1950.28
-1960.49 -1950.28
-2068.24 -1950.28
-2112.18 -1950.28
-2055.95 -1950.28
-2096.71 -1950.28
-2141.13 -1950.28
-1979.17 -1950.28
-2013.95 -1950.28
-1968.74 -1950.28
-2108.04 -1950.28
-2013.39 -1950.28
-2084.32 -1950.28
-2034.53 -1950.28
-1940.45 -1940.45
-2071.23 -1940.45
-2050.33 -1940.45
-2114.23 -1940.45
-2103.33 -1940.45
-2083.67 -1940.45
-2062.38 -1940.45
-2051.89 -1940.45
-1982.81 -1940.45
-1963.60 -1940.45
-2106.17 -1940.45
-2015.28 -1940.45
-1964.15 -1940.45
-2006.43 -1940.45
-2060.10 -1940.45
-2113.32 -1940.45
-2075.35 -1940.45
-2025.49 -1940.45
-2031.15 -1940.45
-2069.74 -1940.45
-2016.71 -1940.45
-2014.88 -1940.45
-2036.08 -1940.45
-2027.44 -1940.45
-2026.78 -1940.45
-1939.02 -1939.02
-2000.34 -1939.02
-2034.95 -1939.02
-2051.77 -1939.02
-2069.26 -1939.02
-2097.73 -1939.02
-1994.02 -1939.02
-2040.27 -1939.02
-2058.72 -1939.02
-1973.63 -1939.02
-2040.18 -1939.02
-2032.89 -1939.02
-1949.78 -1939.02
-2097.78 -1939.02
-1954.08 -1939.02
-2029.96 -1939.02
-1957.53 -1939.02
-2105.18 -1939.02
-2023.73 -1939.02
-1982.68 -1939.02
-2105.66 -1939.02
-2016.35 -1939.02
-2194.61 -1939.02
-2078.99 -1939.02
-2033.74 -1939.02
-2079.74 -1939.02
-2017.80 -1939.02
-2002.15 -1939.02
-1998.30 -1939.02
-2028.53 -1939.02
-2016.86 -1939.02
-1995.25 -1939.02
-2033.81 -1939.02
-1989.09 -1939.02
-2114.08 -1939.02
-2046.23 -1939.02
-2003.08 -1939.02
-2022.91 -1939.02
-2058.63 -1939.02
-2030.50 -1939.02
-2000.90 -1939.02
-1998.12 -1939.02
-2065.97 -1939.02
-1959.41 -1939.02
-1980.37 -1939.02
-2102.99 -1939.02
-2013.29 -1939.02
-1940.08 -1940.08
-2017.83 -1940.08
-2045.18 -1940.08
-2022.41 -1940.08
-2055.71 -1940.08
-1990.22 -1940.08
-1991.83 -1940.08
-1997.81 -1940.08
-2022.92 -1940.08
-2061.47 -1940.08
-2012.77 -1940.08
-2031.32 -1940.08
-1929.32 -1929.32
-1948.22 -1929.32
-1971.15 -1929.32
-2100.66 -1929.32
-1954.10 -1929.32
-1979.90 -1929.32
-1975.49 -1929.32
-1921.66 -1921.66
-1969.89 -1921.66
-2019.30 -1921.66
-2057.26 -1921.66
-1979.94 -1921.66
-2028.35 -1921.66
-2092.65 -1921.66
-1923.53 -1921.66
-1991.32 -1921.66
-2004.01 -1921.66
-2093.29 -1921.66
-2070.56 -1921.66
-1872.56 -1872.56
-2006.17 -1872.56
-1946.25 -1872.56
-1973.92 -1872.56
-1958.84 -1872.56
-2077.41 -1872.56
-1838.91 -1838.91
-1852.20 -1838.91
-1811.92 -1811.92
-1846.32 -1811.92
-1724.42 -1724.42
-1742.87 -1724.42
-1777.43 -1724.42
-1664.35 -1664.35
-1714.99 -1664.35
-1693.00 -1664.35
-1748.48 -1664.35
-1802.85 -1664.35
-1688.65 -1664.35
-1680.18 -1664.35
-1969.68 -1664.35
-1683.01 -1664.35
-1850.65 -1664.35
-2007.19 -1664.35
-1689.63 -1664.35
-1765.13 -1664.35
-1822.49 -1664.35
-1668.86 -1664.35
-1733.59 -1664.35
-1791.84 -1664.35
-1676.30 -1664.35
-1677.96 -1664.35
-1735.75 -1664.35
-1722.55 -1664.35
-1854.54 -1664.35
-1840.32 -1664.35
-1718.02 -1664.35
-1858.39 -1664.35
-1817.39 -1664.35
-1795.30 -1664.35
-1764.24 -1664.35
-1681.92 -1664.35
-1614.01 -1614.01
-1804.31 -1614.01
-1824.99 -1614.01
-1896.87 -1614.01
-1921.77 -1614.01
-1763.44 -1614.01
-1700.92 -1614.01
-1743.50 -1614.01
-1730.58 -1614.01
-1693.06 -1614.01
-1705.73 -1614.01
-1916.44 -1614.01
-1915.75 -1614.01
-1682.00 -1614.01
-1745.55 -1614.01
-1751.06 -1614.01
-1743.49 -1614.01
-1748.83 -1614.01
-1720.15 -1614.01
-1619.80 -1614.01
-1721.54 -1614.01
-1649.45 -1614.01
-1904.59 -1614.01
-1774.62 -1614.01
-1757.36 -1614.01
-1756.52 -1614.01
-1740.63 -1614.01
-1778.66 -1614.01
-1748.33 -1614.01
-1696.06 -1614.01
-1762.19 -1614.01
-1841.49 -1614.01
-1793.64 -1614.01
-1768.45 -1614.01
-1767.50 -1614.01
-1720.71 -1614.01
-1734.88 -1614.01
-1685.73 -1614.01
-1841.26 -1614.01
-1697.03 -1614.01
-1868.61 -1614.01
-1701.86 -1614.01
-1647.39 -1614.01
-1666.10 -1614.01
-1664.83 -1614.01
-1732.55 -1614.01
-1802.40 -1614.01
-1694.21 -1614.01
-1804.48 -1614.01
-1756.98 -1614.01
-1753.21 -1614.01
-1743.68 -1614.01
-1817.89 -1614.01
-1855.46 -1614.01
-1682.11 -1614.01
-1772.35 -1614.01
-1711.34 -1614.01
-1785.05 -1614.01
-1824.80 -1614.01
-1875.68 -1614.01
-1747.48 -1614.01
-1682.76 -1614.01
-1681.91 -1614.01
-1641.72 -1614.01
-1737.93 -1614.01
-1625.14 -1614.01
-1691.56 -1614.01
-1934.57 -1614.01
-1900.08 -1614.01
-1797.07 -1614.01
-1698.95 -1614.01
-1731.02 -1614.01
-1792.51 -1614.01
-1743.07 -1614.01
-1776.05 -1614.01
-1830.82 -1614.01
-1905.78 -1614.01
-1663.06 -1614.01
-1784.54 -1614.01
-1742.90 -1614.01
-1790.49 -1614.01
-1731.41 -1614.01
-1820.02 -1614.01
-1731.83 -1614.01
-1784.48 -1614.01
-1740.41 -1614.01
-1792.21 -1614.01
-1778.81 -1614.01
-1871.87 -1614.01
-1729.39 -1614.01
-1825.91 -1614.01
-1702.41 -1614.01
-1780.00 -1614.01
-1721.30 -1614.01
-1765.14 -1614.01
-1717.24 -1614.01
-1755.05 -1614.01
-1728.91 -1614.01
-1776.90 -1614.01
-1783.77 -1614.01
-1648.32 -1614.01
-1755.33 -1614.01
-1767.03 -1614.01
-1978.97 -1614.01
-1675.08 -1614.01
-1750.59 -1614.01
-1747.24 -1614.01
-1792.30 -1614.01
-1734.84 -1614.01
-1738.92 -1614.01
-1717.43 -1614.01
-1792.48 -1614.01
-1743.47 -1614.01
-1732.59 -1614.01
-1789.41 -1614.01
-1807.77 -1614.01
-1697.31 -1614.01
-1570.23 -1570.23
-1693.83 -1570.23
-1933.47 -1570.23
-1775.75 -1570.23
-1789.52 -1570.23
-1792.36 -1570.23
-1669.02 -1570.23
-1782.19 -1570.23
-1695.27 -1570.23
-1751.20 -1570.23
-2070.16 -2070.16
-2028.37 -2028.37
-2126.41 -2028.37
-2032.86 -2028.37
-2116.33 -2028.37
-2065.04 -2028.37
-2071.05 -2028.37
-2132.72 -2028.37
-2047.30 -2028.37
-2119.55 -2028.37
-2081.14 -2028.37
-2067.21 -2028.37
-2027.71 -2027.71
-2043.21 -2027.71
-2065.46 -2027.71
-2040.87 -2027.71
-2020.91 -2020.91
-2052.46 -2020.91
-2006.78 -2006.78
-2067.65 -2006.78
-2065.22 -2006.78
-2064.16 -2006.78
-2059.89 -2006.78
-2083.43 -2006.78
-2035.69 -2006.78
-2011.01 -2006.78
-1969.32 -1969.32
-2029.73 -1969.32
-2047.95 -1969.32
-2082.57 -1969.32
-1995.42 -1969.32
-2031.61 -1969.32
-2005.78 -1969.32
-2097.58 -1969.32
-2067.57 -1969.32
-2092.99 -1969.32
-2064.55 -1969.32
-1968.43 -1968.43
-2003.59 -1968.43
-2023.08 -1968.43
-2038.18 -1968.43
-1952.07 -1952.07
-1995.55 -1952.07
-2019.33 -1952.07
-2127.65 -1952.07
-2005.58 -1952.07
-2080.36 -1952.07
-2144.21 -1952.07
-1966.93 -1952.07
-1950.16 -1950.16
-1993.52 -1950.16
-1995.41 -1950.16
-2061.74 -1950.16
-1955.44 -1950.16
-2039.55 -1950.16
-1991.87 -1950.16
-1969.75 -1950.16
-1976.09 -1950.16
-2032.89 -1950.16
-2051.18 -1950.16
-1953.97 -1950.16
-2004.72 -1950.16
-2066.86 -1950.16
-2009.13 -1950.16
-2020.43 -1950.16
-1957.59 -1950.16
-1967.39 -1950.16
-2071.06 -1950.16
-1986.53 -1950.16
-1934.91 -1934.91
-2024.80 -1934.91
-2016.86 -1934.91
-1978.00 -1934.91
-1978.31 -1934.91
-1993.06 -1934.91
-1929.71 -1929.71
-2070.82 -1929.71
-1927.49 -1927.49
-1910.73 -1910.73
-2094.91 -1910.73
-1983.37 -1910.73
-2005.65 -1910.73
-2028.17 -1910.73
-1942.18 -1910.73
-1980.73 -1910.73
-2028.56 -1910.73
-2064.49 -1910.73
-2009.89 -1910.73
-1948.76 -1910.73
-2072.25 -1910.73
-2052.37 -1910.73
-1925.41 -1910.73
-1921.62 -1910.73
-1899.07 -1899.07
-1943.42 -1899.07
-1924.26 -1899.07
-1886.96 -1886.96
-2042.38 -1886.96
-1923.05 -1886.96
-1865.04 -1865.04
-1999.07 -1865.04
-1781.79 -1781.79
-1899.08 -1781.79
-1907.14 -1781.79
-2002.44 -1781.79
-1867.26 -1781.79
-1838.70 -1781.79
-1872.87 -1781.79
-1891.20 -1781.79
-1859.28 -1781.79
-1941.97 -1781.79
-1921.76 -1781.79
-1849.96 -1781.79
-1902.43 -1781.79
-1879.97 -1781.79
-2053.71 -1781.79
-1836.13 -1781.79
-1970.84 -1781.79
-1909.57 -1781.79
-1937.87 -1781.79
-1891.48 -1781.79
-1902.52 -1781.79
-1869.78 -1781.79
-1912.31 -1781.79
-1831.35 -1781.79
-1870.21 -1781.79
-1847.82 -1781.79
-1890.14 -1781.79
-1914.87 -1781.79
-1976.06 -1781.79
-1899.72 -1781.79
-1920.43 -1781.79
-1829.05 -1781.79
-1968.37 -1781.79
-1874.04 -1781.79
-1817.02 -1781.79
-1882.87 -1781.79
-1915.39 -1781.79
-2046.51 -1781.79
-1914.45 -1781.79
-2039.98 -1781.79
-1860.77 -1781.79
-1846.25 -1781.79
-1886.39 -1781.79
-1901.27 -1781.79
-1920.64 -1781.79
-1952.17 -1781.79
-1955.36 -1781.79
-1924.62 -1781.79
-1815.28 -1781.79
-1950.61 -1781.79
-1797.76 -1781.79
-1956.70 -1781.79
-1792.65 -1781.79
-1985.54 -1781.79
-1926.94 -1781.79
-1940.77 -1781.79
-1930.78 -1781.79
-2003.52 -1781.79
-1882.82 -1781.79
-1915.69 -1781.79
-1750.50 -1750.50
-1898.66 -1750.50
-1735.96 -1735.96
-1718.30 -1718.30
-1755.49 -1718.30
-1692.64 -1692.64
-1937.84 -1692.64
-1862.81 -1692.64
-1830.97 -1692.64
-1867.81 -1692.64
-1700.15 -1692.64
-1865.96 -1692.64
-1591.37 -1591.37
-1742.71 -1591.37
-1912.43 -1591.37
-1758.23 -1591.37
-1768.59 -1591.37
-1765.68 -1591.37
-1777.92 -1591.37
-1745.14 -1591.37
-1922.14 -1591.37
-1813.72 -1591.37
-1679.69 -1591.37
-1729.70 -1591.37
-1666.13 -1591.37
-1679.03 -1591.37
-1941.76 -1591.37
-1704.13 -1591.37
-1846.93 -1591.37
-1702.98 -1591.37
-1892.86 -1591.37
-1792.88 -1591.37
-1667.28 -1591.37
-1838.82 -1591.37
-1840.16 -1591.37
-1767.41 -1591.37
-1802.91 -1591.37
-1581.96 -1581.96
-1760.68 -1581.96
-1776.63 -1581.96
-1793.66 -1581.96
-1755.38 -1581.96
-1817.43 -1581.96
-1820.64 -1581.96
-1735.67 -1581.96
-1644.82 -1581.96
-1714.29 -1581.96
-1913.17 -1581.96
-1756.22 -1581.96
-1751.96 -1581.96
-1966.89 -1581.96
-1851.80 -1581.96
-1698.32 -1581.96
-1796.18 -1581.96
-1779.20 -1581.96
-1771.59 -1581.96
-1621.89 -1581.96
-1725.17 -1581.96
-1785.01 -1581.96
-1688.83 -1581.96
-1586.58 -1581.96
-1746.53 -1581.96
-1801.44 -1581.96
-1839.07 -1581.96
-1743.26 -1581.96
-1728.88 -1581.96
-1808.38 -1581.96
-1677.02 -1581.96
-1790.19 -1581.96
-1709.08 -1581.96
-1681.00 -1581.96
-1710.58 -1581.96
-1852.49 -1581.96
-1684.93 -1581.96
-1738.23 -1581.96
-1714.58 -1581.96
-1787.99 -1581.96
-1735.83 -1581.96
-1863.41 -1581.96
-1676.61 -1581.96
-1762.86 -1581.96
-1811.51 -1581.96
-1784.04 -1581.96
-1902.71 -1581.96
-1672.05 -1581.96
-1784.19 -1581.96
-1699.55 -1581.96
-1832.81 -1581.96
-1964.52 -1581.96
-1659.76 -1581.96
-1660.59 -1581.96
-1774.42 -1581.96
-1796.55 -1581.96
-1902.50 -1581.96
-1770.00 -1581.96
-1687.36 -1581.96
-1639.62 -1581.96
-1756.44 -1581.96
-1779.32 -1581.96
-1647.99 -1581.96
-1671.81 -1581.96
-1891.10 -1581.96
-1673.18 -1581.96
-1762.61 -1581.96
-1788.03 -1581.96
-1876.58 -1581.96
-1914.87 -1581.96
-1725.91 -1581.96
-1739.29 -1581.96
-1876.49 -1581.96
-1703.27 -1581.96
-1825.98 -1581.96
-1918.50 -1581.96
-1762.45 -1581.96
-1839.24 -1581.96
-1806.82 -1581.96
-1693.74 -1581.96
-1691.42 -1581.96
-1739.66 -1581.96
-1773.53 -1581.96
-1836.01 -1581.96
-1771.09 -1581.96
-1668.73 -1581.96
-1726.35 -1581.96
-1871.79 -1581.96
-1792.72 -1581.96
-1809.24 -1581.96
-1830.72 -1581.96
-1812.66 -1581.96
-1891.63 -1581.96
-1730.03 -1581.96
-1732.86 -1581.96
-1733.06 -1581.96
-1618.77 -1581.96
-1750.95 -1581.96
-1866.53 -1581.96
-1838.55 -1581.96
-1759.17 -1581.96
-1792.22 -1581.96
-1718.58 -1581.96
-1775.63 -1581.96
-1821.16 -1581.96
-1797.46 -1581.96
-1704.44 -1581.96
-1816.60 -1581.96
-1781.54 -1581.96
-1787.78 -1581.96
-1758.70 -1581.96
-1724.48 -1581.96
-1616.86 -1581.96
-1728.30 -1581.96
-1835.44 -1581.96
-1804.30 -1581.96
-1876.69 -1581.96
-1700.66 -1581.96
-1897.64 -1581.96
-1805.68 -1581.96
-1728.28 -1581.96
-1868.13 -1581.96
-1752.77 -1581.96
-1832.52 -1581.96
-1784.67 -1581.96
-1737.28 -1581.96
-1799.79 -1581.96
-1763.56 -1581.96
-1699.38 -1581.96
-1772.83 -1581.96
-1720.00 -1581.96
-1819.09 -1581.96
-1727.03 -1581.96
-1717.37 -1581.96
-1744.41 -1581.96
-1736.09 -1581.96
-1830.72 -1581.96
-1646.69 -1581.96
-1505.14 -1505.14
-1815.40 -1505.14
-1838.51 -1505.14
-1608.39 -1505.14
-1659.53 -1505.14
-1715.27 -1505.14
-1840.32 -1505.14
-1792.09 -1505.14
-1673.35 -1505.14
-1653.00 -1505.14
-1789.19 -1505.14
-1800.38 -1505.14
-1705.97 -1505.14
-1664.33 -1505.14
-1738.33 -1505.14
-1557.35 -1505.14
-1665.47 -1505.14
-1770.91 -1505.14
-1945.71 -1505.14
-1782.52 -1505.14
-1799.42 -1505.14
-1724.61 -1505.14
-1785.27 -1505.14
-1767.49 -1505.14
-1688.64 -1505.14
-1684.39 -1505.14
-1699.71 -1505.14
-1938.52 -1505.14
-1673.58 -1505.14
-1904.72 -1505.14
-1790.04 -1505.14
-1759.44 -1505.14
-1939.98 -1505.14
-1781.34 -1505.14
-1858.93 -1505.14
-1844.95 -1505.14
-1742.25 -1505.14
-1742.93 -1505.14
-1648.38 -1505.14
-1774.35 -1505.14
-1821.21 -1505.14
-1782.95 -1505.14
-1723.54 -1505.14
-1712.37 -1505.14
-1643.59 -1505.14
-1857.02 -1505.14
-1817.96 -1505.14
-1743.56 -1505.14
-1698.18 -1505.14
-1746.77 -1505.14
-1726.12 -1505.14
-1646.43 -1505.14
-1659.14 -1505.14
-1965.91 -1505.14
-1817.23 -1505.14
-1806.07 -1505.14
-1910.17 -1505.14
-1833.75 -1505.14
-1831.05 -1505.14
-1735.37 -1505.14
-1767.24 -1505.14
-1703.25 -1505.14
-1766.55 -1505.14
-1679.96 -1505.14
-1724.83 -1505.14
-1730.17 -1505.14
-1856.07 -1505.14
-1630.49 -1505.14
-1763.68 -1505.14
-1670.92 -1505.14
-1714.78 -1505.14
-1862.16 -1505.14
-1663.21 -1505.14
-1778.18 -1505.14
-1774.80 -1505.14
-1806.00 -1505.14
-1727.93 -1505.14
-1691.17 -1505.14
-1841.92 -1505.14
-1742.93 -1505.14
-2142.33 -1505.14
-2164.40 -1505.14
-2043.93 -2043.93
-2091.81 -2043.93
-2066.72 -2043.93
-2099.76 -2043.93
-2060.16 -2043.93
-2133.56 -2043.93
-2032.13 -2032.13
-2109.22 -2032.13
-2054.47 -2032.13
-2078.49 -2032.13
-2080.75 -2032.13
-2066.01 -2032.13
-2103.79 -2032.13
-2107.99 -2032.13
-2166.14 -2032.13
-2106.95 -2032.13
-2094.40 -2032.13
-2127.30 -2032.13
-2118.55 -2032.13
-2096.90 -2032.13
-2072.59 -2032.13
-2047.61 -2032.13
-2022.82 -2022.82
-2154.84 -2022.82
-2035.95 -2022.82
-2025.38 -2022.82
-2126.14 -2022.82
-2066.55 -2022.82
-2030.69 -2022.82
-2135.90 -2022.82
-2028.48 -2022.82
-2050.80 -2022.82
-2096.48 -2022.82
-2071.24 -2022.82
-2103.93 -2022.82
-2041.26 -2022.82
-2059.88 -2022.82
-2081.52 -2022.82
-2020.71 -2020.71
-2134.88 -2020.71
-2084.15 -2020.71
-2078.16 -2020.71
-2084.15 -2020.71
-2072.05 -2020.71
-2022.77 -2020.71
-2104.64 -2020.71
-2095.31 -2020.71
-2065.21 -2020.71
-2088.87 -2020.71
-1975.01 -1975.01
-1934.91 -1934.91
-1915.51 -1915.51
-2017.48 -1915.51
-1940.60 -1915.51
-1883.60 -1883.60
-2044.01 -1883.60
-2000.27 -1883.60
-2006.71 -1883.60
-1916.23 -1883.60
-1894.22 -1883.60
-2080.26 -1883.60
-1993.36 -1883.60
-1969.20 -1883.60
-1948.72 -1883.60
-1964.92 -1883.60
-1952.47 -1883.60
-1930.39 -1883.60
-1999.97 -1883.60
-1965.34 -1883.60
-1971.67 -1883.60
-1986.14 -1883.60
-2070.86 -1883.60
-1984.23 -1883.60
-2012.72 -1883.60
-1999.82 -1883.60
-1946.58 -1883.60
-1914.76 -1883.60
-1970.68 -1883.60
-1979.34 -1883.60
-2015.03 -1883.60
-1963.33 -1883.60
-1957.00 -1883.60
-1962.16 -1883.60
-2025.61 -1883.60
-2011.14 -1883.60
-1935.68 -1883.60
-1943.64 -1883.60
-2009.29 -1883.60
-1962.05 -1883.60
-1898.70 -1883.60
-1969.39 -1883.60
-2046.41 -1883.60
-1984.18 -1883.60
-1873.03 -1873.03
-1906.29 -1873.03
-1822.34 -1822.34
-1978.29 -1822.34
-1908.22 -1822.34
-1926.47 -1822.34
-1930.44 -1822.34
-1982.25 -1822.34
-1898.42 -1822.34
-1962.49 -1822.34
-1872.88 -1822.34
-2033.53 -1822.34
-2041.03 -1822.34
-1952.52 -1822.34
-1865.64 -1822.34
-1872.54 -1822.34
-1969.70 -1822.34
-1984.25 -1822.34
-1999.00 -1822.34
-1932.80 -1822.34
-1943.29 -1822.34
-1954.95 -1822.34
-1909.42 -1822.34
-1902.15 -1822.34
-1897.67 -1822.34
-1890.71 -1822.34
-1986.07 -1822.34
-1951.33 -1822.34
-1987.38 -1822.34
-1936.39 -1822.34
-1942.62 -1822.34
-1959.36 -1822.34
-1827.51 -1822.34
-1963.27 -1822.34
-1998.37 -1822.34
-1887.62 -1822.34
-1903.88 -1822.34
-1912.48 -1822.34
-1957.32 -1822.34
-1972.73 -1822.34
-1981.85 -1822.34
-1871.93 -1822.34
-1902.60 -1822.34
-1837.65 -1822.34
-1959.94 -1822.34
-2077.06 -1822.34
-1941.57 -1822.34
-1880.85 -1822.34
-1823.17 -1822.34
-1875.28 -1822.34
-1863.90 -1822.34
-1873.92 -1822.34
-1863.05 -1822.34
-2048.60 -1822.34
-1954.60 -1822.34
-1889.16 -1822.34
-1920.62 -1822.34
-1952.67 -1822.34
-2047.17 -1822.34
-1944.58 -1822.34
-1924.21 -1822.34
-2031.47 -1822.34
-1861.60 -1822.34
-1823.70 -1823.70
-1872.01 -1823.70
-1847.06 -1823.70
-1939.28 -1823.70
-1910.98 -1823.70
-1971.07 -1823.70
-1925.50 -1823.70
-2001.00 -1823.70
-1954.66 -1823.70
-1876.56 -1823.70
-1941.98 -1823.70
-1894.12 -1823.70
-2051.90 -1823.70
-1832.22 -1823.70
-1919.02 -1823.70
-1949.86 -1823.70
-1848.48 -1823.70
-1971.43 -1823.70
-1848.18 -1823.70
-1836.85 -1823.70
-1949.28 -1823.70
-2012.58 -1823.70
-1971.95 -1823.70
-2023.08 -1823.70
-2002.67 -1823.70
-2013.55 -1823.70
-1905.32 -1823.70
-1845.63 -1823.70
-1930.68 -1823.70
-2041.33 -1823.70
-1956.19 -1823.70
-1913.00 -1823.70
-1925.86 -1823.70
-1996.54 -1823.70
-1952.61 -1823.70
-1833.44 -1823.70
-1871.82 -1823.70
-1945.87 -1823.70
-1867.50 -1823.70
-1882.22 -1823.70
-1948.93 -1823.70
-1974.64 -1823.70
-1943.10 -1823.70
-1943.87 -1823.70
-1936.27 -1823.70
-1959.56 -1823.70
-1909.20 -1823.70
-1961.21 -1823.70
-1946.06 -1823.70
-1888.87 -1823.70
-1841.36 -1823.70
-1891.55 -1823.70
-1962.13 -1823.70
-1925.20 -1823.70
-1947.44 -1823.70
-2014.90 -1823.70
-1912.94 -1823.70
-1938.25 -1823.70
-1858.69 -1823.70
-1968.22 -1823.70
-1853.12 -1823.70
-1845.51 -1823.70
-1890.07 -1823.70
-1869.84 -1823.70
-1931.19 -1823.70
-2018.37 -1823.70
-1832.74 -1823.70
-1922.74 -1823.70
-1940.50 -1823.70
-1967.30 -1823.70
-1950.41 -1823.70
-1926.83 -1823.70
-1882.66 -1823.70
-2044.01 -1823.70
-1982.29 -1823.70
-1897.70 -1823.70
-2077.71 -1823.70
-1877.70 -1823.70
-1965.36 -1823.70
-1908.78 -1823.70
-1910.11 -1823.70
-1889.52 -1823.70
-1956.12 -1823.70
-1933.71 -1823.70
-1924.34 -1823.70
-1928.38 -1823.70
-1982.34 -1823.70
-1984.92 -1823.70
-1889.24 -1823.70
-2041.45 -1823.70
-1947.81 -1823.70
-1901.58 -1823.70
-2009.68 -1823.70
-1997.25 -1823.70
-1794.64 -1794.64
-2082.41 -1794.64
-1870.06 -1794.64
-1835.68 -1794.64
-1852.17 -1794.64
-1885.13 -1794.64
-1980.94 -1794.64
-2002.50 -1794.64
-1958.69 -1794.64
-2071.78 -1794.64
-1956.12 -1794.64
-1916.46 -1794.64
-1934.83 -1794.64
-1882.94 -1794.64
-1914.16 -1794.64
-1946.51 -1794.64
-1946.99 -1794.64
-1898.60 -1794.64
-2017.48 -1794.64
-1888.87 -1794.64
-2061.53 -1794.64
-2058.91 -1794.64
-1898.84 -1794.64
-1882.71 -1794.64
-1932.91 -1794.64
-1891.31 -1794.64
-1918.30 -1794.64
-1896.06 -1794.64
-1986.78 -1794.64
-1946.19 -1794.64
-1910.53 -1794.64
-1875.66 -1794.64
-1904.29 -1794.64
-1961.36 -1794.64
-1995.06 -1794.64
-1852.11 -1794.64
-1814.43 -1794.64
-1975.16 -1794.64
-1844.57 -1794.64
-1836.93 -1794.64
-1923.43 -1794.64
-1933.08 -1794.64
-1872.80 -1794.64
-1850.25 -1794.64
-1912.58 -1794.64
-1903.32 -1794.64
-1928.88 -1794.64
-1943.95 -1794.64
-1825.72 -1794.64
-2047.62 -1794.64
-1913.47 -1794.64
-1974.51 -1794.64
-1891.73 -1794.64
-1851.85 -1794.64
-1918.55 -1794.64
-1955.47 -1794.64
-1889.86 -1794.64
-1809.43 -1794.64
-1840.18 -1794.64
-1967.11 -1794.64
-1884.02 -1794.64
-1945.09 -1794.64
-1838.74 -1794.64
-1912.94 -1794.64
-1889.10 -1794.64
-1984.07 -1794.64
-1798.78 -1794.64
-1923.68 -1794.64
-1855.67 -1794.64
-1798.68 -1794.64
-1934.25 -1794.64
-1885.66 -1794.64
-1837.71 -1794.64
-1947.30 -1794.64
-1893.19 -1794.64
-1970.13 -1794.64
-1907.69 -1794.64
-1963.18 -1794.64
-1946.16 -1794.64
-1998.40 -1794.64
-1936.69 -1794.64
-1951.74 -1794.64
-1841.67 -1794.64
-2017.95 -1794.64
-1895.06 -1794.64
-1862.78 -1794.64
-1940.53 -1794.64
-2058.86 -1794.64
-1830.45 -1794.64
-1910.02 -1794.64
-1925.28 -1794.64
-1896.63 -1794.64
-1896.74 -1794.64
-1922.94 -1794.64
-1817.31 -1794.64
-1992.32 -1794.64
-1931.08 -1794.64
-1909.66 -1794.64
-1750.61 -1750.61
-1879.46 -1750.61
-1945.14 -1750.61
-1845.80 -1750.61
-1925.84 -1750.61
-1869.34 -1750.61
-1853.28 -1750.61
-1818.95 -1750.61
-1875.23 -1750.61
-1766.39 -1750.61
-1869.12 -1750.61
-1811.77 -1750.61
-1840.91 -1750.61
-1917.37 -1750.61
-1817.83 -1750.61
-1933.18 -1750.61
-1789.14 -1750.61
-1915.34 -1750.61
-1780.22 -1750.61
-1916.52 -1750.61
-1805.74 -1750.61
-1952.00 -1750.61
-1891.79 -1750.61
-1847.68 -1750.61
-1773.99 -1750.61
-1830.94 -1750.61
-1831.61 -1750.61
-1796.49 -1750.61
-1812.57 -1750.61
-1847.99 -1750.61
-1826.69 -1750.61
-1871.52 -1750.61
-1834.37 -1750.61
-1792.70 -1750.61
-1932.83 -1750.61
-1934.30 -1750.61
-1828.78 -1750.61
-1815.91 -1750.61
-1857.13 -1750.61
-1821.70 -1750.61
-1784.58 -1750.61
-1847.25 -1750.61
-1860.77 -1750.61
-1862.38 -1750.61
-1902.54 -1750.61
-1763.32 -1750.61
-1945.09 -1750.61
-1899.68 -1750.61
-1799.57 -1750.61
-1772.79 -1750.61
-1916.38 -1750.61
-1890.00 -1750.61
-1794.35 -1750.61
-1936.48 -1750.61
-1756.01 -1750.61
-1904.40 -1750.61
-1849.82 -1750.61
-1867.74 -1750.61
-1847.10 -1750.61
-1780.13 -1750.61
-1873.72 -1750.61
-2092.09 -1750.61
-1875.74 -1750.61
-1831.55 -1750.61
-1907.84 -1750.61
-1806.03 -1750.61
-2090.68 -2090.68
-2063.03 -2063.03
-2108.95 -2063.03
-2132.64 -2063.03
-2183.38 -2063.03
-2102.04 -2063.03
-2046.95 -2046.95
-2091.85 -2046.95
-2087.80 -2046.95
-2043.00 -2043.00
-2050.47 -2043.00
-2062.52 -2043.00
-2037.85 -2037.85
-2083.94 -2037.85
-2045.02 -2037.85
-2022.10 -2022.10
-2076.22 -2022.10
-2111.26 -2022.10
-2109.79 -2022.10
-2082.44 -2022.10
-2084.03 -2022.10
-2053.98 -2022.10
-2086.73 -2022.10
-2084.86 -2022.10
-2087.64 -2022.10
-2055.98 -2022.10
-2002.32 -2002.32
-2074.11 -2002.32
-1983.40 -1983.40
-1981.54 -1981.54
-1995.12 -1981.54
-2072.09 -1981.54
-1967.69 -1967.69
-2009.60 -1967.69
-2145.13 -1967.69
-1971.09 -1971.09
-2060.06 -1971.09
-2044.08 -1971.09
-1927.37 -1927.37
-1962.98 -1927.37
-1927.92 -1927.37
-2027.00 -1927.37
-1900.89 -1900.89
-1896.71 -1896.71
-2013.45 -1896.71
-1999.88 -1896.71
-2018.51 -1896.71
-1938.09 -1896.71
-2056.94 -1896.71
-1941.43 -1896.71
-1931.18 -1896.71
-1891.13 -1891.13
-2010.43 -1891.13
-1934.81 -1891.13
-2005.10 -1891.13
-1885.97 -1885.97
-1877.26 -1877.26
-1969.49 -1877.26
-1845.61 -1845.61
-1824.64 -1824.64
-1908.11 -1824.64
-1887.78 -1824.64
-1910.74 -1824.64
-1765.45 -1765.45
-1871.52 -1765.45
-1902.14 -1765.45
-1756.17 -1756.17
-1769.81 -1756.17
-1857.20 -1756.17
-1862.90 -1756.17
-1776.32 -1756.17
-1835.54 -1756.17
-1748.86 -1748.86
-1877.44 -1748.86
-1744.15 -1744.15
-1773.18 -1744.15
-1731.92 -1731.92
-1749.09 -1731.92
-1839.17 -1731.92
-1740.18 -1731.92
-1894.35 -1731.92
-1804.06 -1731.92
-1769.03 -1731.92
-1769.71 -1731.92
-1705.55 -1705.55
-1742.70 -1705.55
-1769.35 -1705.55
-1803.81 -1705.55
-1746.68 -1705.55
-1894.36 -1705.55
-1763.55 -1705.55
-1741.31 -1705.55
-1830.57 -1705.55
-1878.64 -1705.55
-1765.02 -1705.55
-1837.51 -1705.55
-1710.40 -1705.55
-1669.80 -1669.80
-1711.24 -1669.80
-1670.03 -1669.80
-1969.06 -1669.80
-1922.53 -1669.80
-1689.85 -1669.80
-1720.59 -1669.80
-1787.33 -1669.80
-1899.79 -1669.80
-1834.59 -1669.80
-1737.13 -1669.80
-1682.12 -1669.80
-1814.36 -1669.80
-1807.69 -1669.80
-1958.67 -1669.80
-1693.71 -1669.80
-1893.68 -1669.80
-1648.14 -1648.14
-1811.73 -1648.14
-1822.25 -1648.14
-1717.44 -1648.14
-1622.26 -1622.26
-1836.96 -1622.26
-1743.92 -1622.26
-1811.95 -1622.26
-1705.88 -1622.26
-1631.72 -1622.26
-1749.91 -1622.26
-1937.41 -1622.26
-1931.76 -1622.26
-1686.27 -1622.26
-1872.82 -1622.26
-1746.16 -1622.26
-1759.74 -1622.26
-1812.32 -1622.26
-1979.94 -1622.26
-1633.68 -1622.26
-1688.53 -1622.26
-1753.90 -1622.26
-1735.37 -1622.26
-1711.77 -1622.26
-1796.50 -1622.26
-1722.77 -1622.26
-1903.41 -1622.26
-1627.67 -1622.26
-1692.98 -1622.26
-1963.88 -1622.26
-1850.60 -1622.26
-1723.41 -1622.26
-1738.14 -1622.26
-1845.44 -1622.26
-1702.21 -1622.26
-1907.61 -1622.26
-1697.26 -1622.26
-1714.85 -1622.26
-1909.54 -1622.26
-1702.13 -1622.26
-1795.09 -1622.26
-1717.99 -1622.26
-1740.34 -1622.26
-1721.51 -1622.26
-1772.54 -1622.26
-1669.82 -1622.26
-1623.18 -1623.18
-1626.52 -1623.18
-1745.78 -1623.18
-1798.13 -1623.18
-1782.75 -1623.18
-1815.42 -1623.18
-1593.41 -1593.41
-1699.63 -1593.41
-1766.72 -1593.41
-1772.82 -1593.41
-1820.27 -1593.41
-1843.79 -1593.41
-1772.72 -1593.41
-1702.62 -1593.41
-1755.49 -1593.41
-1686.64 -1593.41
-1620.71 -1593.41
-1819.00 -1593.41
-1829.13 -1593.41
-1809.96 -1593.41
-1900.31 -1593.41
-1771.64 -1593.41
-1772.99 -1593.41
-1793.26 -1593.41
-1726.41 -1593.41
-1776.55 -1593.41
-1717.43 -1593.41
-1778.34 -1593.41
-1737.43 -1593.41
-1811.09 -1593.41
-1590.26 -1590.26
-1673.52 -1590.26
-1704.11 -1590.26
-1644.01 -1590.26
-1632.67 -1590.26
-1882.30 -1590.26
-1726.86 -1590.26
-1874.08 -1590.26
-1723.48 -1590.26
-1827.22 -1590.26
-1810.30 -1590.26
-1812.18 -1590.26
-1789.79 -1590.26
-1740.79 -1590.26
-1879.07 -1590.26
-1717.75 -1590.26
-1817.39 -1590.26
-1630.27 -1590.26
-1815.68 -1590.26
-1727.80 -1590.26
-1776.70 -1590.26
-1715.37 -1590.26
-1759.30 -1590.26
-1812.37 -1590.26
-1671.03 -1590.26
-1714.91 -1590.26
-1685.27 -1590.26
-1989.48 -1590.26
-1741.38 -1590.26
-1772.30 -1590.26
-1701.94 -1590.26
-1734.48 -1590.26
-1762.86 -1590.26
-1675.95 -1590.26
-1849.15 -1590.26
-1702.37 -1590.26
-1784.90 -1590.26
-1705.25 -1590.26
-1774.63 -1590.26
-1720.90 -1590.26
-1793.54 -1590.26
-1730.82 -1590.26
-1698.38 -1590.26
-1714.64 -1590.26
-1861.20 -1590.26
-1723.62 -1590.26
-1783.95 -1590.26
-1772.76 -1590.26
-1769.49 -1590.26
-1695.91 -1590.26
-1826.61 -1590.26
-1876.06 -1590.26
-1816.92 -1590.26
-1731.86 -1590.26
-1747.82 -1590.26
-1749.96 -1590.26
-1721.92 -1590.26
-1764.18 -1590.26
-1724.98 -1590.26
-1953.32 -1590.26
-1560.91 -1560.91
-1772.64 -1560.91
-1814.45 -1560.91
-1749.69 -1560.91
-1663.92 -1560.91
-1904.28 -1560.91
-1829.85 -1560.91
-1705.05 -1560.91
-1663.84 -1560.91
-1757.23 -1560.91
-1732.24 -1560.91
-1782.08 -1560.91
-1702.61 -1560.91
-1654.99 -1560.91
-1719.13 -1560.91
-1708.72 -1560.91
-1785.20 -1560.91
-1599.40 -1560.91
-1812.56 -1560.91
-1675.61 -1560.91
-1761.79 -1560.91
-1675.38 -1560.91
-1758.29 -1560.91
-1744.62 -1560.91
-1761.77 -1560.91
-1915.80 -1560.91
-1762.48 -1560.91
-1722.14 -1560.91
-1748.38 -1560.91
-1723.08 -1560.91
-1739.52 -1560.91
-1692.55 -1560.91
-1693.42 -1560.91
-1708.81 -1560.91
-1977.86 -1560.91
-1787.84 -1560.91
-1867.08 -1560.91
-1744.92 -1560.91
-1700.99 -1560.91
-1714.87 -1560.91
-1760.06 -1560.91
-1620.67 -1560.91
-1763.92 -1560.91
-1755.95 -1560.91
-1814.55 -1560.91
-1951.12 -1560.91
-1794.20 -1560.91
-1807.14 -1560.91
-1831.05 -1560.91
-1716.04 -1560.91
-1644.26 -1560.91
-1688.60 -1560.91
-1736.30 -1560.91
-1683.97 -1560.91
-1769.27 -1560.91
-1781.54 -1560.91
-1588.12 -1560.91
-1676.28 -1560.91
-1778.60 -1560.91
-1784.02 -1560.91
-1600.21 -1560.91
-1703.92 -1560.91
-1742.65 -1560.91
-1654.53 -1560.91
-1710.57 -1560.91
-1660.91 -1560.91
-1708.02 -1560.91
-1706.65 -1560.91
-1745.52 -1560.91
-1740.56 -1560.91
-1718.18 -1560.91
-1673.70 -1560.91
-1633.36 -1560.91
-1810.37 -1560.91
-1703.46 -1560.91
-1783.95 -1560.91
-1790.71 -1560.91
-1676.68 -1560.91
-1928.03 -1560.91
-1645.98 -1560.91
-1677.92 -1560.91
-1765.19 -1560.91
-1707.61 -1560.91
-1841.14 -1560.91
-1694.82 -1560.91
-1688.88 -1560.91
-1883.85 -1560.91
-1820.41 -1560.91
-1734.15 -1560.91
-1637.01 -1560.91
-1872.97 -1560.91
-1762.04 -1560.91
-1714.01 -1560.91
-1688.69 -1560.91
-1764.03 -1560.91
-1571.49 -1560.91
-1825.27 -1560.91
-1785.38 -1560.91
-1758.80 -1560.91
-1759.99 -1560.91
-1857.17 -1560.91
-1705.37 -1560.91
-1869.70 -1560.91
-1842.17 -1560.91
-1892.04 -1560.91
-1731.56 -1560.91
-1648.66 -1560.91
-1766.90 -1560.91
-1744.32 -1560.91
-1829.21 -1560.91
-1644.85 -1560.91
-1785.00 -1560.91
-1672.29 -1560.91
-1728.45 -1560.91
-1790.25 -1560.91
-1863.63 -1560.91
-2041.10 -1560.91
-1691.55 -1560.91
-1686.53 -1560.91
-1750.29 -1560.91
-1856.51 -1560.91
-1685.74 -1560.91
-1753.55 -1560.91
-1837.21 -1560.91
-1768.51 -1560.91
-1665.64 -1560.91
-1807.62 -1560.91
-1894.62 -1560.91
-1758.42 -1560.91
-1728.08 -1560.91
-1906.71 -1560.91
-1835.71 -1560.91
-1694.22 -1560.91
-1705.11 -1560.91
-1676.42 -1560.91
-1676.02 -1560.91
-1761.59 -1560.91
-1686.76 -1560.91
-1773.01 -1560.91
-1633.00 -1560.91
-1646.89 -1560.91
-1748.63 -1560.91
-1749.61 -1560.91
-1859.52 -1560.91
-1844.39 -1560.91
-1772.69 -1560.91
-1787.68 -1560.91
-1865.17 -1560.91
-1646.40 -1560.91
-1674.41 -1560.91
-1736.65 -1560.91
-1669.27 -1560.91
-1587.63 -1560.91
-1827.75 -1560.91
-1918.26 -1560.91
-1773.72 -1560.91
-1686.48 -1560.91
-1671.53 -1560.91
-1717.60 -1560.91
-1740.98 -1560.91
-1679.24 -1560.91
-1805.65 -1560.91
-1831.23 -1560.91
-1675.03 -1560.91
-1872.54 -1560.91
-1900.93 -1560.91
-2064.28 -2064.28
-2087.24 -2064.28
-2123.59 -2064.28
-2132.65 -2064.28
-2062.41 -2062.41
-2060.36 -2060.36
-2028.32 -2028.32
-2095.16 -2028.32
-2034.39 -2028.32
-2041.99 -2028.32
-2082.75 -2028.32
-2105.29 -2028.32
-2077.89 -2028.32
-2176.40 -2028.32
-2024.83 -2024.83
-1984.22 -1984.22
-2135.74 -1984.22
-2035.41 -1984.22
-1961.98 -1961.98
-1959.49 -1959.49
-1988.38 -1959.49
-1960.62 -1959.49
-1974.22 -1959.49
-1953.10 -1953.10
-2035.95 -1953.10
-2057.36 -1953.10
-1977.20 -1953.10
-1931.63 -1931.63
-1998.12 -1931.63
-1960.39 -1931.63
-1962.77 -1931.63
-1960.41 -1931.63
-1947.87 -1931.63
-1930.34 -1930.34
-1947.93 -1930.34
-1952.50 -1930.34
-2072.69 -1930.34
-2067.59 -1930.34
-1935.50 -1930.34
-1981.06 -1930.34
-1986.36 -1930.34
-2000.64 -1930.34
-2028.35 -1930.34
-1900.66 -1900.66
-1885.08 -1885.08
-1953.30 -1885.08
-1979.94 -1885.08
-1949.73 -1885.08
-1902.56 -1885.08
-1908.89 -1885.08
-1933.37 -1885.08
-1835.21 -1835.21
-1790.14 -1790.14
-1864.49 -1790.14
-1869.08 -1790.14
-2009.93 -1790.14
-1869.72 -1790.14
-1941.32 -1790.14
-1896.46 -1790.14
-1911.61 -1790.14
-1924.79 -1790.14
-1896.53 -1790.14
-1899.63 -1790.14
-1872.44 -1790.14
-1692.61 -1692.61
-1819.34 -1692.61
-1775.39 -1692.61
-1829.20 -1692.61
-1900.96 -1692.61
-1842.32 -1692.61
-1699.62 -1692.61
-1954.25 -1692.61
-1863.86 -1692.61
-1848.41 -1692.61
-1809.19 -1692.61
-1700.02 -1692.61
-1792.80 -1692.61
-1782.20 -1692.61
-1838.20 -1692.61
-1786.19 -1692.61
-1834.45 -1692.61
-1970.51 -1692.61
-1870.26 -1692.61
-1861.75 -1692.61
-1887.21 -1692.61
-1919.70 -1692.61
-1826.61 -1692.61
-1902.40 -1692.61
-1790.35 -1692.61
-1804.37 -1692.61
-1855.71 -1692.61
-1772.34 -1692.61
-1761.41 -1692.61
-1814.86 -1692.61
-1849.88 -1692.61
-1841.59 -1692.61
-1796.26 -1692.61
-1790.78 -1692.61
-1868.14 -1692.61
-1900.93 -1692.61
-1803.41 -1692.61
-1894.66 -1692.61
-1822.66 -1692.61
-1868.62 -1692.61
-1841.77 -1692.61
-1841.59 -1692.61
-1940.94 -1692.61
-1776.73 -1692.61
-1791.82 -1692.61
-1850.13 -1692.61
-1823.26 -1692.61
-1762.10 -1692.61
-1840.64 -1692.61
-1767.35 -1692.61
-1933.79 -1692.61
-1802.05 -1692.61
-1813.90 -1692.61
-1831.69 -1692.61
-1792.42 -1692.61
-1737.68 -1692.61
-1763.12 -1692.61
-1763.88 -1692.61
-1990.80 -1692.61
-1822.04 -1692.61
-1823.62 -1692.61
-1820.86 -1692.61
-1806.40 -1692.61
-1859.17 -1692.61
-1801.77 -1692.61
-1894.79 -1692.61
-1766.63 -1692.61
-1896.32 -1692.61
-1845.88 -1692.61
-1850.60 -1692.61
-1710.33 -1692.61
-1820.11 -1692.61
-1803.14 -1692.61
-1867.36 -1692.61
-1794.30 -1692.61
-1668.92 -1668.92
-1692.57 -1668.92
-1786.79 -1668.92
-1786.59 -1668.92
-1773.61 -1668.92
-1733.64 -1668.92
-1782.86 -1668.92
-1900.77 -1668.92
-1862.12 -1668.92
-1813.90 -1668.92
-1884.17 -1668.92
-1705.24 -1668.92
-1925.82 -1668.92
-1780.45 -1668.92
-1779.28 -1668.92
-1811.66 -1668.92
-1831.36 -1668.92
-1788.96 -1668.92
-1784.69 -1668.92
-1677.30 -1668.92
-1818.24 -1668.92
-1794.78 -1668.92
-1804.84 -1668.92
-1788.51 -1668.92
-1809.33 -1668.92
-1795.86 -1668.92
-1758.99 -1668.92
-1837.14 -1668.92
-1838.42 -1668.92
-1727.04 -1668.92
-1731.91 -1668.92
-1758.30 -1668.92
-1776.70 -1668.92
-1824.41 -1668.92
-1709.00 -1668.92
-1782.44 -1668.92
-1885.50 -1668.92
-1995.35 -1668.92
-1739.60 -1668.92
-1797.03 -1668.92
-1841.08 -1668.92
-1876.69 -1668.92
-1804.70 -1668.92
-1658.15 -1658.15
-1766.82 -1658.15
-1873.61 -1658.15
-1815.63 -1658.15
-1692.94 -1658.15
-1741.51 -1658.15
-1841.12 -1658.15
-1713.94 -1658.15
-1727.46 -1658.15
-1852.23 -1658.15
-1728.50 -1658.15
-1793.16 -1658.15
-1824.17 -1658.15
-1961.56 -1658.15
-1856.07 -1658.15
-1718.10 -1658.15
-1729.54 -1658.15
-1876.47 -1658.15
-1814.28 -1658.15
-1782.55 -1658.15
-1818.33 -1658.15
-1814.35 -1658.15
-1898.83 -1658.15
-1817.64 -1658.15
-1708.98 -1658.15
-1705.20 -1658.15
-1756.43 -1658.15
-1792.90 -1658.15
-1793.37 -1658.15
-1944.56 -1658.15
-1792.59 -1658.15
-1864.83 -1658.15
-1794.56 -1658.15
-1888.65 -1658.15
-1892.56 -1658.15
-1746.47 -1658.15
-1716.62 -1658.15
-1712.64 -1658.15
-1780.35 -1658.15
-1660.34 -1658.15
-1890.95 -1658.15
-1775.55 -1658.15
-1799.76 -1658.15
-1751.06 -1658.15
-1739.81 -1658.15
-1759.53 -1658.15
-1984.92 -1658.15
-1786.81 -1658.15
-1796.59 -1658.15
-1846.10 -1658.15
-1684.84 -1658.15
-1781.19 -1658.15
-1853.42 -1658.15
-1881.71 -1658.15
-1827.70 -1658.15
-1903.82 -1658.15
-1735.69 -1658.15
-1793.20 -1658.15
-1674.90 -1658.15
-1775.82 -1658.15
-1643.02 -1643.02
-1714.00 -1643.02
-1818.63 -1643.02
-1841.27 -1643.02
-1802.74 -1643.02
-1771.96 -1643.02
-1851.46 -1643.02
-1805.40 -1643.02
-1614.56 -1614.56
-1802.92 -1614.56
-1817.07 -1614.56
-1735.61 -1614.56
-1781.41 -1614.56
-1752.43 -1614.56
-1793.48 -1614.56
-1754.14 -1614.56
-1940.75 -1614.56
-1676.82 -1614.56
-1726.11 -1614.56
-1829.95 -1614.56
-1695.51 -1614.56
-1746.80 -1614.56
-1919.22 -1614.56
-1766.07 -1614.56
-1796.97 -1614.56
-1788.21 -1614.56
-1764.20 -1614.56
-1742.93 -1614.56
-1836.07 -1614.56
-1744.88 -1614.56
-1907.86 -1614.56
-1663.98 -1614.56
-1639.56 -1614.56
-1789.41 -1614.56
-1742.52 -1614.56
-1728.92 -1614.56
-1765.22 -1614.56
-1771.69 -1614.56
-1905.67 -1614.56
-1784.50 -1614.56
-1722.21 -1614.56
-1775.41 -1614.56
-1751.43 -1614.56
-1741.05 -1614.56
-1875.61 -1614.56
-1794.06 -1614.56
-1712.80 -1614.56
-1748.07 -1614.56
-1682.81 -1614.56
-1786.35 -1614.56
-1732.50 -1614.56
-1925.20 -1614.56
-1757.68 -1614.56
-1662.70 -1614.56
-1833.99 -1614.56
-1743.68 -1614.56
-1780.18 -1614.56
-1863.08 -1614.56
-1841.70 -1614.56
-1880.55 -1614.56
-1845.37 -1614.56
-1668.49 -1614.56
-1729.75 -1614.56
-1821.59 -1614.56
-1699.19 -1614.56
-1824.61 -1614.56
-1836.76 -1614.56
-1779.08 -1614.56
-1753.60 -1614.56
-1801.93 -1614.56
-1851.77 -1614.56
-1712.06 -1614.56
-1744.63 -1614.56
-1737.84 -1614.56
-1784.71 -1614.56
-1748.51 -1614.56
-1797.66 -1614.56
-1860.20 -1614.56
-1999.84 -1614.56
-1645.95 -1614.56
-1755.59 -1614.56
-1782.84 -1614.56
-1737.55 -1614.56
-1754.06 -1614.56
-1771.23 -1614.56
-1612.23 -1612.23
-1677.48 -1612.23
-1693.41 -1612.23
-1770.57 -1612.23
-1604.95 -1604.95
-1675.64 -1604.95
-1713.37 -1604.95
-1775.32 -1604.95
-1797.88 -1604.95
-1783.99 -1604.95
-1994.84 -1604.95
-1557.79 -1557.79
-1696.12 -1557.79
-1787.15 -1557.79
-1766.21 -1557.79
-1678.51 -1557.79
-1976.92 -1557.79
-1765.30 -1557.79
-1748.84 -1557.79
-1904.49 -1557.79
-1929.15 -1557.79
-1732.17 -1557.79
-1800.63 -1557.79
-1791.89 -1557.79
-1708.38 -1557.79
-1666.78 -1557.79
-1854.90 -1557.79
-1735.64 -1557.79
-1777.11 -1557.79
-1669.49 -1557.79
-1765.88 -1557.79
-1902.27 -1557.79
-1825.47 -1557.79
-1671.87 -1557.79
-1832.31 -1557.79
-1750.40 -1557.79
-1654.61 -1557.79
-1766.69 -1557.79
-1708.60 -1557.79
-1869.28 -1557.79
-1706.73 -1557.79
-1848.80 -1557.79
-1790.49 -1557.79
-1708.10 -1557.79
-1776.33 -1557.79
-1741.54 -1557.79
-1712.12 -1557.79
-1586.80 -1557.79
-1636.69 -1557.79
-1836.30 -1557.79
-1606.44 -1557.79
-1797.33 -1557.79
-1686.92 -1557.79
-1791.54 -1557.79
-1755.88 -1557.79
-1794.90 -1557.79
-1799.55 -1557.79
-1716.04 -1557.79
-1787.60 -1557.79
-1799.98 -1557.79
-1668.93 -1557.79
-1852.55 -1557.79
-1754.71 -1557.79
-1846.59 -1557.79
-1873.51 -1557.79
-1721.77 -1557.79
-1778.65 -1557.79
-1681.68 -1557.79
-1732.23 -1557.79
-1765.82 -1557.79
-1639.54 -1557.79
-1682.72 -1557.79
-1720.45 -1557.79
-1624.53 -1557.79
-1682.02 -1557.79
-1683.03 -1557.79
-1723.04 -1557.79
-1814.39 -1557.79
-1744.51 -1557.79
-1792.46 -1557.79
-1620.59 -1557.79
-1620.93 -1557.79
-1677.79 -1557.79
-1906.21 -1557.79
-1771.36 -1557.79
-1698.11 -1557.79
-1824.31 -1557.79
-1752.28 -1557.79
-1742.88 -1557.79
-2067.63 -2067.63
-2122.53 -2067.63
-2054.99 -2054.99
-2076.56 -2054.99
-2110.61 -2054.99
-2150.91 -2054.99
-2127.50 -2054.99
-2103.74 -2054.99
-2056.99 -2054.99
-2103.91 -2054.99
-2090.28 -2054.99
-2073.91 -2054.99
-2088.57 -2054.99
-2185.14 -2054.99
-2127.73 -2054.99
-2096.87 -2054.99
-2088.09 -2054.99
-2110.66 -2054.99
-2155.72 -2054.99
-2072.59 -2054.99
-2183.17 -2054.99
-2070.11 -2054.99
-2077.85 -2054.99
-2082.16 -2054.99
-2124.82 -2054.99
-2063.50 -2054.99
-2092.59 -2054.99
-2125.87 -2054.99
-2073.59 -2054.99
-2043.26 -2043.26
-2128.59 -2043.26
-2150.99 -2043.26
-2102.91 -2043.26
-2039.33 -2039.33
-2039.26 -2039.26
-2047.77 -2039.26
-1981.41 -1981.41
-1985.71 -1981.41
-2099.41 -1981.41
-2085.60 -1981.41
-2037.74 -1981.41
-2051.82 -1981.41
-2040.83 -1981.41
-1995.87 -1981.41
-1981.46 -1981.46
-1966.95 -1966.95
-1940.84 -1940.84
-2119.24 -1940.84
-2148.60 -1940.84
-1956.93 -1940.84
-2046.07 -1940.84
-2107.23 -1940.84
-1986.61 -1940.84
-2010.25 -1940.84
-2119.13 -1940.84
-2151.28 -1940.84
-2027.62 -1940.84
-2082.19 -1940.84
-1922.90 -1922.90
-1985.22 -1922.90
-2005.65 -1922.90
-1908.01 -1908.01
-1876.58 -1876.58
-1955.36 -1876.58
-1976.15 -1876.58
-1971.21 -1876.58
-1923.12 -1876.58
-2054.07 -1876.58
-2071.01 -1876.58
-1882.45 -1876.58
-2014.07 -1876.58
-2081.21 -1876.58
-1981.29 -1876.58
-1954.85 -1876.58
-1913.67 -1876.58
-1929.49 -1876.58
-2063.28 -1876.58
-1940.59 -1876.58
-1955.74 -1876.58
-1913.23 -1876.58
-2021.21 -1876.58
-2094.39 -1876.58
-2002.94 -1876.58
-1954.68 -1876.58
-2057.86 -1876.58
-2078.93 -1876.58
-2024.76 -1876.58
-1923.69 -1876.58
-2104.19 -1876.58
-1976.27 -1876.58
-1941.73 -1876.58
-1922.15 -1876.58
-1868.97 -1868.97
-2019.16 -1868.97
-1976.05 -1868.97
-1915.69 -1868.97
-1872.23 -1868.97
-2001.83 -1868.97
-1987.45 -1868.97
-2028.17 -1868.97
-2005.30 -1868.97
-1990.48 -1868.97
-1908.34 -1868.97
-1925.43 -1868.97
-1977.80 -1868.97
-1945.66 -1868.97
-1915.94 -1868.97
-2000.19 -1868.97
-1908.10 -1868.97
-1845.70 -1845.70
-1914.43 -1845.70
-1959.17 -1845.70
-1900.94 -1845.70
-1921.68 -1845.70
-1932.80 -1845.70
-1842.91 -1842.91
-1890.02 -1842.91
-1864.33 -1842.91
-1795.29 -1795.29
-1799.97 -1795.29
-1910.26 -1795.29
-1888.40 -1795.29
-1985.51 -1795.29
-1879.17 -1795.29
-1806.28 -1795.29
-1843.90 -1795.29
-1922.88 -1795.29
-1865.51 -1795.29
-1880.03 -1795.29
-1752.60 -1752.60
-1762.80 -1752.60
-1868.74 -1752.60
-1830.27 -1752.60
-1941.72 -1752.60
-2030.12 -1752.60
-1885.49 -1752.60
-1834.64 -1752.60
-1737.93 -1737.93
-1917.96 -1737.93
-1729.45 -1729.45
-1797.84 -1729.45
-1837.02 -1729.45
-1723.22 -1723.22
-1846.75 -1723.22
-1887.02 -1723.22
-1836.37 -1723.22
-1699.83 -1699.83
-1886.48 -1699.83
-1790.34 -1699.83
-1758.29 -1699.83
-1991.24 -1699.83
-1801.55 -1699.83
-1861.65 -1699.83
-1822.91 -1699.83
-1785.49 -1699.83
-1766.32 -1699.83
-1899.81 -1699.83
-1755.34 -1699.83
-1831.00 -1699.83
-1827.75 -1699.83
-1914.98 -1699.83
-1783.15 -1699.83
-1810.14 -1699.83
-1789.58 -1699.83
-1612.02 -1612.02
-1845.04 -1612.02
-1606.07 -1606.07
-1728.47 -1606.07
-1573.55 -1573.55
-1822.56 -1573.55
-1670.63 -1573.55
-1825.16 -1573.55
-1703.92 -1573.55
-1649.91 -1573.55
-1784.63 -1573.55
-1661.32 -1573.55
-1766.67 -1573.55
-1797.44 -1573.55
-2008.57 -1573.55
-1802.35 -1573.55
-1711.59 -1573.55
-1861.26 -1573.55
-1730.47 -1573.55
-1747.36 -1573.55
-1728.46 -1573.55
-1804.69 -1573.55
-1791.06 -1573.55
-1615.90 -1573.55
-1618.75 -1573.55
-1907.89 -1573.55
-1672.76 -1573.55
-1718.45 -1573.55
-1787.44 -1573.55
-1811.11 -1573.55
-1875.50 -1573.55
-1625.19 -1573.55
-1680.34 -1573.55
-1725.53 -1573.55
-1698.40 -1573.55
-1730.23 -1573.55
-1604.41 -1573.55
-1704.87 -1573.55
-1723.64 -1573.55
-1990.43 -1573.55
-1764.31 -1573.55
-1677.93 -1573.55
-1605.30 -1573.55
-1672.33 -1573.55
-1691.66 -1573.55
-1615.51 -1573.55
-1788.44 -1573.55
-1729.63 -1573.55
-1851.76 -1573.55
-1703.85 -1573.55
-1766.23 -1573.55
-1832.23 -1573.55
-1671.42 -1573.55
-1533.06 -1533.06
-1659.35 -1533.06
-1604.95 -1533.06
-1731.84 -1533.06
-1744.12 -1533.06
-1666.36 -1533.06
-1797.52 -1533.06
-1706.86 -1533.06
-1656.44 -1533.06
-1675.80 -1533.06
-1832.64 -1533.06
-1804.03 -1533.06
-1718.62 -1533.06
-1982.56 -1533.06
-1735.33 -1533.06
-1828.17 -1533.06
-1827.24 -1533.06
-1754.77 -1533.06
-1666.13 -1533.06
-1746.49 -1533.06
-1980.68 -1533.06
-1606.57 -1533.06
-1776.52 -1533.06
-1763.21 -1533.06
-1803.03 -1533.06
-1812.73 -1533.06
-1761.08 -1533.06
-1818.13 -1533.06
-1730.40 -1533.06
-1676.13 -1533.06
-1671.58 -1533.06
-1716.61 -1533.06
-1841.86 -1533.06
-1793.65 -1533.06
-1847.51 -1533.06
-1770.28 -1533.06
-1697.51 -1533.06
-1841.72 -1533.06
-1836.26 -1533.06
-1805.12 -1533.06
-1857.61 -1533.06
-1796.47 -1533.06
-1846.55 -1533.06
-1727.83 -1533.06
-1810.32 -1533.06
-1700.32 -1533.06
-1788.11 -1533.06
-1856.32 -1533.06
-1826.35 -1533.06
-1756.36 -1533.06
-1829.86 -1533.06
-1640.10 -1533.06
-1745.35 -1533.06
-1678.91 -1533.06
-1777.45 -1533.06
-1665.90 -1533.06
-1734.76 -1533.06
-1754.62 -1533.06
-1702.51 -1533.06
-1639.08 -1533.06
-1854.48 -1533.06
-1589.51 -1533.06
-1712.71 -1533.06
-1837.68 -1533.06
-1901.57 -1533.06
-1706.76 -1533.06
-1654.03 -1533.06
-1733.68 -1533.06
-1867.19 -1533.06
-1753.45 -1533.06
-1716.88 -1533.06
-1766.82 -1533.06
-1667.55 -1533.06
-1843.22 -1533.06
-1767.20 -1533.06
-1878.68 -1533.06
-1723.53 -1533.06
-1780.02 -1533.06
-1658.37 -1533.06
-1769.61 -1533.06
-1823.87 -1533.06
-1861.26 -1533.06
-1779.70 -1533.06
-1798.74 -1533.06
-1809.01 -1533.06
-1639.09 -1533.06
-1792.82 -1533.06
-1790.05 -1533.06
-1829.71 -1533.06
-1677.61 -1533.06
-1715.58 -1533.06
-1802.10 -1533.06
-1866.40 -1533.06
-1550.41 -1533.06
-1667.01 -1533.06
-1689.48 -1533.06
-1753.04 -1533.06
-1772.39 -1533.06
-1721.56 -1533.06
-1872.68 -1533.06
-1767.90 -1533.06
-1757.09 -1533.06
-1611.37 -1533.06
-1762.04 -1533.06
-1693.62 -1533.06
-1639.34 -1533.06
-1943.05 -1533.06
-1651.26 -1533.06
-1923.58 -1533.06
-1927.66 -1533.06
-1884.88 -1533.06
-1686.11 -1533.06
-1841.87 -1533.06
-1781.77 -1533.06
-1763.21 -1533.06
-1765.54 -1533.06
-1655.52 -1533.06
-1823.32 -1533.06
-1614.84 -1533.06
-1761.71 -1533.06
-1732.24 -1533.06
-1926.45 -1533.06
-1851.87 -1533.06
-1762.91 -1533.06
-1905.14 -1533.06
-1785.06 -1533.06
-1763.81 -1533.06
-1764.99 -1533.06
-1825.59 -1533.06
-1674.96 -1533.06
-1724.55 -1533.06
-1685.62 -1533.06
-1840.02 -1533.06
-1773.35 -1533.06
-2008.67 -1533.06
-1796.64 -1533.06
-1736.46 -1533.06
-1715.57 -1533.06
-1614.40 -1533.06
-1654.85 -1533.06
-1821.48 -1533.06
-1775.02 -1533.06
-1765.71 -1533.06
-1766.65 -1533.06
-1646.45 -1533.06
-1790.25 -1533.06
-1763.42 -1533.06
-1783.05 -1533.06
-1801.67 -1533.06
-1698.24 -1533.06
-1650.08 -1533.06
-1754.54 -1533.06
-1794.86 -1533.06
-1803.84 -1533.06
-1784.79 -1533.06
-1984.23 -1533.06
-1868.97 -1533.06
-1765.97 -1533.06
-1760.49 -1533.06
-1750.99 -1533.06
-1612.20 -1533.06
-1706.85 -1533.06
-1610.51 -1533.06
-1813.30 -1533.06
-1870.92 -1533.06
-1908.22 -1533.06
-1787.19 -1533.06
-1825.02 -1533.06
-1808.09 -1533.06
-1700.24 -1533.06
-1714.42 -1533.06
-1703.77 -1533.06
-1951.75 -1533.06
-1828.30 -1533.06
-1649.13 -1533.06
-1860.37 -1533.06
-1814.21 -1533.06
-1713.94 -1533.06
-1669.98 -1533.06
-1861.24 -1533.06
-1677.15 -1533.06
-1840.12 -1533.06
-1770.64 -1533.06
-1807.01 -1533.06
-1727.98 -1533.06
-1839.11 -1533.06
-1785.06 -1533.06
-1790.30 -1533.06
-1788.25 -1533.06
-1739.54 -1533.06
-1977.65 -1533.06
-1648.98 -1533.06
-1893.49 -1533.06
-1748.50 -1533.06
-1693.81 -1533.06
-1750.59 -1533.06
-1811.38 -1533.06
-1833.70 -1533.06
-1877.23 -1533.06
-2064.07 -2064.07
-2068.07 -2064.07
-2111.04 -2064.07
-2060.86 -2060.86
-2162.24 -2060.86
-2093.63 -2060.86
-2187.52 -2060.86
-2038.31 -2038.31
-2069.40 -2038.31
-2053.85 -2038.31
-2067.91 -2038.31
-2028.14 -2028.14
-2057.21 -2028.14
-2054.48 -2028.14
-2089.10 -2028.14
-2021.77 -2021.77
-2135.31 -2021.77
-2117.27 -2021.77
-2046.34 -2021.77
-2048.41 -2021.77
-2122.29 -2021.77
-2124.44 -2021.77
-2084.61 -2021.77
-2037.38 -2021.77
-2120.38 -2021.77
-2082.84 -2021.77
-2122.12 -2021.77
-2082.88 -2021.77
-2048.04 -2021.77
-2055.33 -2021.77
-2114.53 -2021.77
-2070.09 -2021.77
-2021.74 -2021.74
-2071.34 -2021.74
-2035.75 -2021.74
-2131.59 -2021.74
-2179.97 -2021.74
-2039.79 -2021.74
-2028.97 -2021.74
-2095.70 -2021.74
-2008.48 -2008.48
-2018.25 -2008.48
-2068.67 -2008.48
-2071.71 -2008.48
-2062.77 -2008.48
-2037.75 -2008.48
-2088.46 -2008.48
-2101.81 -2008.48
-2074.33 -2008.48
-2079.92 -2008.48
-2136.56 -2008.48
-2059.16 -2008.48
-2116.46 -2008.48
-2043.57 -2008.48
-2065.72 -2008.48
-2100.58 -2008.48
-2165.89 -2008.48
-2017.07 -2008.48
-2130.53 -2008.48
-2019.51 -2008.48
-2038.02 -2008.48
-2055.40 -2008.48
-2048.64 -2008.48
-2096.81 -2008.48
-2015.45 -2008.48
-2023.63 -2008.48
-2075.08 -2008.48
-2078.34 -2008.48
-2072.04 -2008.48
-2038.83 -2008.48
-2084.65 -2008.48
-2048.58 -2008.48
-2088.12 -2008.48
-2102.53 -2008.48
-2066.68 -2008.48
-2061.60 -2008.48
-2079.21 -2008.48
-2042.82 -2008.48
-2031.27 -2008.48
-2035.09 -2008.48
-2039.77 -2008.48
-2038.08 -2008.48
-2037.79 -2008.48
-2025.53 -2008.48
-2023.21 -2008.48
-2103.72 -2008.48
-2034.00 -2008.48
-2055.44 -2008.48
-2124.98 -2008.48
-2060.74 -2008.48
-2036.79 -2008.48
-2022.84 -2008.48
-2078.22 -2008.48
-2084.16 -2008.48
-2067.40 -2008.48
-2030.48 -2008.48
-2124.60 -2008.48
-2082.73 -2008.48
-2035.92 -2008.48
-2007.12 -2007.12
-2051.09 -2007.12
-2046.55 -2007.12
-2050.89 -2007.12
-2060.19 -2007.12
-2060.29 -2007.12
-2101.22 -2007.12
-2037.40 -2007.12
-2095.91 -2007.12
-2050.21 -2007.12
-2089.04 -2007.12
-2079.52 -2007.12
-2110.30 -2007.12
-2142.85 -2007.12
-2154.33 -2007.12
-2032.90 -2007.12
-1990.47 -1990.47
-2015.01 -1990.47
-2073.46 -1990.47
-2081.88 -1990.47
-2057.31 -1990.47
-2081.97 -1990.47
-2077.15 -1990.47
-2073.56 -1990.47
-2000.89 -1990.47
-1982.14 -1982.14
-2043.73 -1982.14
-2158.80 -1982.14
-2034.80 -1982.14
-2003.31 -1982.14
-2086.25 -1982.14
-2020.85 -1982.14
-2110.39 -1982.14
-2093.55 -1982.14
-2139.17 -1982.14
-2040.14 -1982.14
-2053.35 -1982.14
-1988.54 -1982.14
-1981.76 -1981.76
-2034.38 -1981.76
-2036.69 -1981.76
-2000.14 -1981.76
-1979.98 -1979.98
-1967.12 -1967.12
-2023.83 -1967.12
-2098.15 -1967.12
-2024.63 -1967.12
-2023.41 -1967.12
-2056.73 -1967.12
-2019.31 -1967.12
-2019.24 -1967.12
-1967.91 -1967.91
-2132.36 -1967.91
-2058.34 -1967.91
-2003.37 -1967.91
-2007.60 -1967.91
-2132.57 -1967.91
-2045.91 -1967.91
-2056.49 -1967.91
-2040.63 -1967.91
-2163.27 -1967.91
-2101.94 -1967.91
-2020.70 -1967.91
-1991.80 -1967.91
-2027.00 -1967.91
-1949.37 -1949.37
-2045.55 -1949.37
-2020.54 -1949.37
-2009.99 -1949.37
-1964.36 -1949.37
-2032.98 -1949.37
-1971.13 -1949.37
-2036.98 -1949.37
-2037.87 -1949.37
-1976.68 -1949.37
-1953.09 -1949.37
-1996.74 -1949.37
-2060.85 -1949.37
-1964.84 -1949.37
-2042.03 -1949.37
-2014.87 -1949.37
-2059.22 -1949.37
-2008.44 -1949.37
-2011.64 -1949.37
-2019.76 -1949.37
-1921.70 -1921.70
-2097.86 -1921.70
-1954.71 -1921.70
-2016.51 -1921.70
-2045.41 -1921.70
-1976.90 -1921.70
-2018.44 -1921.70
-1964.89 -1921.70
-2016.56 -1921.70
-2046.56 -1921.70
-1931.98 -1921.70
-1963.56 -1921.70
-2029.66 -1921.70
-1996.68 -1921.70
-2015.84 -1921.70
-1998.20 -1921.70
-2001.27 -1921.70
-1985.34 -1921.70
-1993.87 -1921.70
-1958.24 -1921.70
-2029.82 -1921.70
-2047.13 -1921.70
-2003.91 -1921.70
-2021.26 -1921.70
-2027.36 -1921.70
-1913.23 -1913.23
-1959.02 -1913.23
-1981.50 -1913.23
-2074.63 -1913.23
-2157.24 -1913.23
-1962.80 -1913.23
-2011.13 -1913.23
-1973.89 -1913.23
-1953.73 -1913.23
-2007.31 -1913.23
-1980.35 -1913.23
-1984.07 -1913.23
-2038.85 -1913.23
-2032.86 -1913.23
-2033.76 -1913.23
-2009.15 -1913.23
-1981.05 -1913.23
-2053.04 -1913.23
-2001.38 -1913.23
-1968.46 -1913.23
-1982.27 -1913.23
-2058.55 -1913.23
-2057.55 -1913.23
-1982.02 -1913.23
-1977.57 -1913.23
-1986.47 -1913.23
-1887.90 -1887.90
-2047.55 -1887.90
-1951.48 -1887.90
-2029.52 -1887.90
-1959.59 -1887.90
-1988.69 -1887.90
-2061.98 -1887.90
-1943.87 -1887.90
-2016.44 -1887.90
-1950.72 -1887.90
-1965.37 -1887.90
-1901.46 -1887.90
-1999.72 -1887.90
-1985.22 -1887.90
-2050.14 -1887.90
-2006.02 -1887.90
-1969.33 -1887.90
-2083.57 -1887.90
-2063.06 -1887.90
-2000.17 -1887.90
-2010.74 -1887.90
-2061.03 -1887.90
-1967.92 -1887.90
-1950.91 -1887.90
-1885.69 -1885.69
-1962.79 -1885.69
-1973.80 -1885.69
-2092.71 -1885.69
-1942.65 -1885.69
-1901.57 -1885.69
-1880.46 -1880.46
-2007.37 -1880.46
-1918.66 -1880.46
-1887.78 -1880.46
-1978.20 -1880.46
-1946.93 -1880.46
-1980.16 -1880.46
-1920.67 -1880.46
-2036.07 -1880.46
-1957.87 -1880.46
-1935.06 -1880.46
-1927.90 -1880.46
-1869.15 -1869.15
-1977.02 -1869.15
-2041.56 -1869.15
-1931.12 -1869.15
-1850.03 -1850.03
-1852.43 -1850.03
-1923.23 -1850.03
-1870.94 -1850.03
-1907.95 -1850.03
-1893.43 -1850.03
-1939.45 -1850.03
-1915.75 -1850.03
-1947.16 -1850.03
-1913.46 -1850.03
-1841.21 -1841.21
-1920.59 -1841.21
-1824.50 -1824.50
-2041.75 -1824.50
-1901.66 -1824.50
-1819.08 -1819.08
-1898.79 -1819.08
-1911.48 -1819.08
-1827.13 -1819.08
-1850.45 -1819.08
-1922.95 -1819.08
-1866.69 -1819.08
-1836.34 -1819.08
-1783.62 -1783.62
-1858.00 -1783.62
-1825.45 -1783.62
-1796.61 -1783.62
-1846.07 -1783.62
-1802.89 -1783.62
-1852.06 -1783.62
-1883.08 -1783.62
-1830.34 -1783.62
-1917.04 -1783.62
-1548.09 -1548.09
-1860.42 -1548.09
-1751.26 -1548.09
-1664.34 -1548.09
-1693.45 -1548.09
-1789.72 -1548.09
-1658.99 -1548.09
-1676.02 -1548.09
-1737.64 -1548.09
-1741.09 -1548.09
-1704.53 -1548.09
-1762.95 -1548.09
-1726.07 -1548.09
-1762.26 -1548.09
-1722.27 -1548.09
-1720.24 -1548.09
-1842.49 -1548.09
-1663.32 -1548.09
-1593.57 -1548.09
-1539.56 -1539.56
-1808.98 -1539.56
-1765.29 -1539.56
-1667.32 -1539.56
-1689.16 -1539.56
-1743.24 -1539.56
-1888.80 -1539.56
-1794.90 -1539.56
-1791.72 -1539.56
-1830.24 -1539.56
-1760.36 -1539.56
-1703.35 -1539.56
-1732.12 -1539.56
-1732.81 -1539.56
-1763.19 -1539.56
-1769.46 -1539.56
-1738.71 -1539.56
-1654.85 -1539.56
-1782.66 -1539.56
-1780.45 -1539.56
-1673.08 -1539.56
-1877.32 -1539.56
-1752.02 -1539.56
-1759.15 -1539.56
-1850.52 -1539.56
-1785.90 -1539.56
-1725.79 -1539.56
-1729.58 -1539.56
-1552.44 -1539.56
-1692.09 -1539.56
-1806.46 -1539.56
-1836.42 -1539.56
-1654.53 -1539.56
-1782.64 -1539.56
-1809.91 -1539.56
-1725.46 -1539.56
-1906.47 -1539.56
-1763.95 -1539.56
-1714.51 -1539.56
-1817.43 -1539.56
-1712.41 -1539.56
-1607.54 -1539.56
-1691.17 -1539.56
-1728.43 -1539.56
-1766.07 -1539.56
-1812.01 -1539.56
-1855.44 -1539.56
-1706.43 -1539.56
-1742.48 -1539.56
-1681.82 -1539.56
-1742.55 -1539.56
-1742.67 -1539.56
-1625.44 -1539.56
-1798.09 -1539.56
-1761.76 -1539.56
-1780.04 -1539.56
-1742.18 -1539.56
-1754.68 -1539.56
-1827.12 -1539.56
-1725.65 -1539.56
-1637.04 -1539.56
-1657.65 -1539.56
-1729.96 -1539.56
-1804.59 -1539.56
-1658.31 -1539.56
-1912.27 -1539.56
-1759.79 -1539.56
-1688.87 -1539.56
-1637.53 -1539.56
-1793.35 -1539.56
-1648.27 -1539.56
-1859.76 -1539.56
-1488.41 -1488.41
-1743.61 -1488.41
-1920.21 -1488.41
-1630.36 -1488.41
-1699.37 -1488.41
-1728.22 -1488.41
-1822.62 -1488.41
-1655.72 -1488.41
-1767.11 -1488.41
-1746.84 -1488.41
-1627.02 -1488.41
-2078.09 -2078.09
-2093.08 -2078.09
-2073.12 -2073.12
-2111.65 -2073.12
-2064.14 -2064.14
-2103.11 -2064.14
-2093.22 -2064.14
-2081.29 -2064.14
-2072.59 -2064.14
-2098.13 -2064.14
-2094.81 -2064.14
-2093.95 -2064.14
-2094.74 -2064.14
-2119.65 -2064.14
-2087.85 -2064.14
-2076.69 -2064.14
-2044.03 -2044.03
-2098.98 -2044.03
-2076.55 -2044.03
-2046.76 -2044.03
-2163.24 -2044.03
-2077.52 -2044.03
-2138.69 -2044.03
-2047.39 -2044.03
-2104.64 -2044.03
-2085.68 -2044.03
-2066.27 -2044.03
-2040.21 -2040.21
-2057.39 -2040.21
-2049.55 -2040.21
-2045.45 -2040.21
-2100.35 -2040.21
-2176.29 -2040.21
-2055.92 -2040.21
-2143.88 -2040.21
-2040.52 -2040.21
-2073.51 -2040.21
-2067.49 -2040.21
-2057.26 -2040.21
-2015.94 -2015.94
-2066.04 -2015.94
-2053.98 -2015.94
-2048.43 -2015.94
-2074.84 -2015.94
-2035.91 -2015.94
-2133.95 -2015.94
-2089.19 -2015.94
-2059.40 -2015.94
-1993.67 -1993.67
-2104.86 -1993.67
-2084.21 -1993.67
-2109.19 -1993.67
-2049.50 -1993.67
-2094.85 -1993.67
-2035.57 -1993.67
-2034.75 -1993.67
-2096.98 -1993.67
-2026.26 -1993.67
-2060.16 -1993.67
-2175.67 -1993.67
-2117.36 -1993.67
-2019.11 -1993.67
-2053.36 -1993.67
-2040.42 -1993.67
-2149.18 -1993.67
-2006.34 -1993.67
-2062.65 -1993.67
-1993.72 -1993.72
-2067.71 -1993.72
-2039.42 -1993.72
-2098.59 -1993.72
-2038.36 -1993.72
-2009.12 -1993.72
-2072.80 -1993.72
-2151.09 -1993.72
-2077.75 -1993.72
-2037.41 -1993.72
-2026.66 -1993.72
-2071.21 -1993.72
-1994.83 -1994.83
-2057.22 -1994.83
-2038.67 -1994.83
-2080.92 -1994.83
-2108.99 -1994.83
-2006.85 -1994.83
-2023.16 -1994.83
-2130.92 -1994.83
-2009.89 -1994.83
-1993.22 -1993.22
-2030.94 -1993.22
-1964.08 -1964.08
-2041.08 -1964.08
-2023.45 -1964.08
-2019.61 -1964.08
-2134.01 -1964.08
-2016.19 -1964.08
-2065.34 -1964.08
-2061.55 -1964.08
-2074.40 -1964.08
-2006.80 -1964.08
-2037.41 -1964.08
-2034.73 -1964.08
-2009.19 -1964.08
-2006.10 -1964.08
-2133.56 -1964.08
-2004.15 -1964.08
-2026.64 -1964.08
-2051.03 -1964.08
-1993.39 -1964.08
-1988.41 -1964.08
-2031.85 -1964.08
-2010.52 -1964.08
-2055.12 -1964.08
-2004.59 -1964.08
-2028.73 -1964.08
-2055.30 -1964.08
-2130.27 -1964.08
-2006.02 -1964.08
-2047.73 -1964.08
-2051.45 -1964.08
-2017.18 -1964.08
-2018.35 -1964.08
-2018.71 -1964.08
-2111.36 -1964.08
-2046.54 -1964.08
-2085.93 -1964.08
-2039.17 -1964.08
-2099.71 -1964.08
-2101.11 -1964.08
-1988.47 -1964.08
-2080.95 -1964.08
-2019.79 -1964.08
-2008.79 -1964.08
-2053.91 -1964.08
-2070.62 -1964.08
-2141.68 -1964.08
-2122.94 -1964.08
-2005.80 -1964.08
-2118.29 -1964.08
-2017.28 -1964.08
-2024.64 -1964.08
-2018.15 -1964.08
-2087.59 -1964.08
-1996.81 -1964.08
-2025.63 -1964.08
-1965.30 -1965.30
-2017.28 -1965.30
-2026.57 -1965.30
-1973.31 -1965.30
-2123.57 -1965.30
-1965.61 -1965.30
-2075.84 -1965.30
-1933.45 -1933.45
-2087.25 -1933.45
-2066.66 -1933.45
-1967.37 -1933.45
-2035.82 -1933.45
-2007.97 -1933.45
-2024.74 -1933.45
-1933.14 -1933.14
-1934.41 -1933.14
-1965.41 -1933.14
-1940.65 -1933.14
-2023.36 -1933.14
-2051.83 -1933.14
-1915.37 -1915.37
-1835.86 -1835.86
-1942.84 -1835.86
-1959.11 -1835.86
-1965.28 -1835.86
-1967.68 -1835.86
-1963.40 -1835.86
-1895.75 -1835.86
-1933.80 -1835.86
-1885.37 -1835.86
-1993.68 -1835.86
-1962.57 -1835.86
-1892.53 -1835.86
-1949.66 -1835.86
-1861.54 -1835.86
-1875.45 -1835.86
-1807.90 -1807.90
-1845.76 -1807.90
-1824.71 -1807.90
-1848.44 -1807.90
-1854.86 -1807.90
-1853.68 -1807.90
-1876.46 -1807.90
-1795.78 -1795.78
-1884.22 -1795.78
-1698.76 -1698.76
-1690.70 -1690.70
-1794.45 -1690.70
-1745.89 -1690.70
-1724.76 -1690.70
-1901.75 -1690.70
-1694.88 -1690.70
-1887.61 -1690.70
-1840.22 -1690.70
-1803.74 -1690.70
-1755.42 -1690.70
-1794.88 -1690.70
-1928.45 -1690.70
-1777.89 -1690.70
-1776.83 -1690.70
-1805.58 -1690.70
-1738.52 -1690.70
-1678.90 -1678.90
-1641.89 -1641.89
-1736.72 -1641.89
-1790.28 -1641.89
-1783.92 -1641.89
-1708.69 -1641.89
-1809.09 -1641.89
-1686.80 -1641.89
-1820.64 -1641.89
-1817.60 -1641.89
-1710.15 -1641.89
-1817.08 -1641.89
-1680.43 -1641.89
-1725.79 -1641.89
-1765.59 -1641.89
-1782.05 -1641.89
-1780.89 -1641.89
-1711.21 -1641.89
-1738.90 -1641.89
-1741.53 -1641.89
-1738.65 -1641.89
-1762.23 -1641.89
-1676.31 -1641.89
-1793.94 -1641.89
-1890.19 -1641.89
-1729.72 -1641.89
-1765.93 -1641.89
-1813.74 -1641.89
-1743.55 -1641.89
-1896.01 -1641.89
-1676.06 -1641.89
-1714.65 -1641.89
-1888.12 -1641.89
-1679.82 -1641.89
-1710.25 -1641.89
-1666.57 -1641.89
-1711.61 -1641.89
-1760.66 -1641.89
-1784.52 -1641.89
-1692.48 -1641.89
-1765.17 -1641.89
-1694.64 -1641.89
-1773.15 -1641.89
-1873.56 -1641.89
-1654.05 -1641.89
-1748.66 -1641.89
-1770.70 -1641.89
-1908.12 -1641.89
-1698.34 -1641.89
-1727.04 -1641.89
-1699.60 -1641.89
-1792.89 -1641.89
-1743.29 -1641.89
-1725.38 -1641.89
-1785.23 -1641.89
-1780.45 -1641.89
-1690.38 -1641.89
-1726.25 -1641.89
-1809.59 -1641.89
-1798.91 -1641.89
-1819.38 -1641.89
-1671.64 -1641.89
-1669.09 -1641.89
-1812.50 -1641.89
-1851.28 -1641.89
-1826.61 -1641.89
-1966.44 -1641.89
-1820.95 -1641.89
-1853.88 -1641.89
-1838.80 -1641.89
-1629.96 -1629.96
-1611.70 -1611.70
-1918.90 -1611.70
-1696.35 -1611.70
-1802.00 -1611.70
-1810.01 -1611.70
-1821.56 -1611.70
-1827.38 -1611.70
-1788.15 -1611.70
-1678.18 -1611.70
-1731.39 -1611.70
-1724.84 -1611.70
-1828.42 -1611.70
-1615.09 -1611.70
-1879.61 -1611.70
-1720.13 -1611.70
-1789.68 -1611.70
-1713.46 -1611.70
-1694.19 -1611.70
-1741.65 -1611.70
-1777.89 -1611.70
-1746.17 -1611.70
-1731.28 -1611.70
-1905.45 -1611.70
-1730.89 -1611.70
-1735.59 -1611.70
-1757.12 -1611.70
-2009.05 -1611.70
-1867.50 -1611.70
-1832.97 -1611.70
-1843.63 -1611.70
-1648.27 -1611.70
-1684.66 -1611.70
-1842.02 -1611.70
-1698.63 -1611.70
-1845.67 -1611.70
-1662.82 -1611.70
-1727.97 -1611.70
-1720.07 -1611.70
-1858.26 -1611.70
-1719.30 -1611.70
-1842.14 -1611.70
-1774.44 -1611.70
-1788.38 -1611.70
-1846.22 -1611.70
-1824.15 -1611.70
-1707.65 -1611.70
-1836.23 -1611.70
-1714.45 -1611.70
-1949.75 -1611.70
-1889.49 -1611.70
-1674.33 -1611.70
-1764.87 -1611.70
-1723.54 -1611.70
-1791.49 -1611.70
-1698.29 -1611.70
-1802.27 -1611.70
-1786.98 -1611.70
-1858.90 -1611.70
-1620.67 -1611.70
-1774.51 -1611.70
-1631.07 -1611.70
-1971.28 -1611.70
-1826.31 -1611.70
-1759.38 -1611.70
-1869.31 -1611.70
-1787.91 -1611.70
-1865.77 -1611.70
-1854.06 -1611.70
-1762.51 -1611.70
-1775.15 -1611.70
-1810.73 -1611.70
-1876.85 -1611.70
-1654.08 -1611.70
-1710.45 -1611.70
-1938.34 -1611.70
-1892.51 -1611.70
-1808.33 -1611.70
-1768.86 -1611.70
-1669.27 -1611.70
-1768.44 -1611.70
-1791.04 -1611.70
-1914.15 -1611.70
-1827.92 -1611.70
-1794.84 -1611.70
-1661.54 -1611.70
-1832.43 -1611.70
-1954.18 -1611.70
-1620.64 -1611.70
-1963.67 -1611.70
-1882.05 -1611.70
-1599.61 -1599.61
-1679.28 -1599.61
-1908.56 -1599.61
-1856.21 -1599.61
-1724.73 -1599.61
-1840.59 -1599.61
-1779.75 -1599.61
-1821.36 -1599.61
-1827.74 -1599.61
-1675.54 -1599.61
-1769.49 -1599.61
-1729.06 -1599.61
-1806.45 -1599.61
-1691.81 -1599.61
-1794.17 -1599.61
-1724.59 -1599.61
-1886.49 -1599.61
-1881.47 -1599.61
-1898.94 -1599.61
-1744.59 -1599.61
-1716.43 -1599.61
-1685.84 -1599.61
-1737.23 -1599.61
-1788.91 -1599.61
-1743.04 -1599.61
-1820.61 -1599.61
-1738.15 -1599.61
-1688.93 -1599.61
-1604.21 -1599.61
-1814.09 -1599.61
-1855.64 -1599.61
-1738.24 -1599.61
-1750.43 -1599.61
-1753.27 -1599.61
-1608.69 -1599.61
-1702.29 -1599.61
-1745.46 -1599.61
-1713.42 -1599.61
-1861.33 -1599.61
-1881.60 -1599.61
-1907.01 -1599.61
-1805.71 -1599.61
-1847.62 -1599.61
-1729.96 -1599.61
-1903.67 -1599.61
-1696.30 -1599.61
-1831.05 -1599.61
-1837.94 -1599.61
-2055.71 -2055.71
-2075.70 -2055.71
-2038.69 -2038.69
-2082.76 -2038.69
-2091.62 -2038.69
-2096.81 -2038.69
-2085.10 -2038.69
-2063.41 -2038.69
-2079.99 -2038.69
-2050.08 -2038.69
-2091.60 -2038.69
-2028.89 -2028.89
-2069.48 -2028.89
-2088.74 -2028.89
-2137.71 -2028.89
-2043.04 -2028.89
-2122.78 -2028.89
-2101.17 -2028.89
-2067.50 -2028.89
-2079.41 -2028.89
-2043.01 -2028.89
-2049.95 -2028.89
-2082.55 -2028.89
-2024.37 -2024.37
-2095.81 -2024.37
-2050.30 -2024.37
-2047.08 -2024.37
-2067.70 -2024.37
-2051.25 -2024.37
-2094.61 -2024.37
-2034.57 -2024.37
-2026.73 -2024.37
-2034.22 -2024.37
-2138.46 -2024.37
-2058.75 -2024.37
-2038.15 -2024.37
-2084.82 -2024.37
-2060.71 -2024.37
-2011.22 -2011.22
-2053.94 -2011.22
-2040.65 -2011.22
-2025.29 -2011.22
-2141.67 -2011.22
-2057.91 -2011.22
-2040.77 -2011.22
-2098.99 -2011.22
-2058.31 -2011.22
-2037.71 -2011.22
-2044.99 -2011.22
-2022.09 -2011.22
-2061.13 -2011.22
-2074.09 -2011.22
-2078.55 -2011.22
-2028.97 -2011.22
-2130.36 -2011.22
-2061.22 -2011.22
-2090.14 -2011.22
-2120.70 -2011.22
-2019.93 -2011.22
-2013.81 -2011.22
-2045.61 -2011.22
-2078.20 -2011.22
-2149.82 -2011.22
-2082.20 -2011.22
-2076.19 -2011.22
-2056.47 -2011.22
-1993.60 -1993.60
-2066.49 -1993.60
-2061.88 -1993.60
-2080.01 -1993.60
-2081.37 -1993.60
-2074.08 -1993.60
-2028.23 -1993.60
-2105.18 -1993.60
-2090.27 -1993.60
-2031.69 -1993.60
-2040.96 -1993.60
-2048.91 -1993.60
-2113.34 -1993.60
-2015.89 -1993.60
-2015.86 -1993.60
-2044.95 -1993.60
-2070.27 -1993.60
-2010.19 -1993.60
-2030.17 -1993.60
-2024.86 -1993.60
-2026.05 -1993.60
-2038.01 -1993.60
-2109.76 -1993.60
-2155.81 -1993.60
-2105.42 -1993.60
-2002.93 -1993.60
-2086.97 -1993.60
-2066.87 -1993.60
-2099.03 -1993.60
-2071.41 -1993.60
-2053.45 -1993.60
-2057.38 -1993.60
-2114.20 -1993.60
-2043.43 -1993.60
-2031.60 -1993.60
-2036.82 -1993.60
-2026.18 -1993.60
-2043.67 -1993.60
-2025.21 -1993.60
-2102.69 -1993.60
-1998.23 -1993.60
-2057.33 -1993.60
-2048.03 -1993.60
-2062.66 -1993.60
-2037.71 -1993.60
-2059.73 -1993.60
-2033.23 -1993.60
-2036.57 -1993.60
-2115.68 -1993.60
-2021.61 -1993.60
-2094.97 -1993.60
-2127.67 -1993.60
-2031.14 -1993.60
-2056.28 -1993.60
-1984.04 -1984.04
-2027.70 -1984.04
-1951.98 -1951.98
-2065.51 -1951.98
-1972.22 -1951.98
-2042.83 -1951.98
-2091.71 -1951.98
-2018.00 -1951.98
-2008.98 -1951.98
-2032.22 -1951.98
-1974.54 -1951.98
-2016.62 -1951.98
-2025.35 -1951.98
-2108.35 -1951.98
-2041.55 -1951.98
-2052.99 -1951.98
-1999.93 -1951.98
-1991.40 -1951.98
-2112.10 -1951.98
-1977.60 -1951.98
-1991.27 -1951.98
-2015.49 -1951.98
-2063.76 -1951.98
-2052.09 -1951.98
-1990.99 -1951.98
-2005.61 -1951.98
-1986.27 -1951.98
-2035.29 -1951.98
-2105.48 -1951.98
-2049.99 -1951.98
-2028.15 -1951.98
-2032.78 -1951.98
-2135.94 -1951.98
-1953.77 -1951.98
-2030.22 -1951.98
-2027.53 -1951.98
-2080.73 -1951.98
-2012.26 -1951.98
-2016.29 -1951.98
-1998.85 -1951.98
-2031.67 -1951.98
-2111.98 -1951.98
-2041.21 -1951.98
-2054.45 -1951.98
-2087.17 -1951.98
-2032.47 -1951.98
-1950.33 -1950.33
-1945.61 -1945.61
-1899.13 -1899.13
-1925.18 -1899.13
-2032.59 -1899.13
-1970.77 -1899.13
-1977.69 -1899.13
-1912.44 -1899.13
-1961.17 -1899.13
-1972.04 -1899.13
-2006.19 -1899.13
-1943.14 -1899.13
-1922.44 -1899.13
-1989.50 -1899.13
-1937.44 -1899.13
-2020.67 -1899.13
-1957.84 -1899.13
-1964.92 -1899.13
-2052.30 -1899.13
-2081.00 -1899.13
-1933.34 -1899.13
-1949.77 -1899.13
-1943.18 -1899.13
-1978.05 -1899.13
-1879.07 -1879.07
-1871.57 -1871.57
-1936.06 -1871.57
-1985.11 -1871.57
-2099.55 -1871.57
-1881.52 -1871.57
-1930.83 -1871.57
-2041.10 -1871.57
-2090.63 -1871.57
-1991.33 -1871.57
-1889.17 -1871.57
-2050.21 -1871.57
-1933.95 -1871.57
-1900.24 -1871.57
-1957.68 -1871.57
-1897.79 -1871.57
-1965.62 -1871.57
-1940.86 -1871.57
-1907.90 -1871.57
-1891.81 -1871.57
-1978.96 -1871.57
-1864.42 -1864.42
-1926.26 -1864.42
-1888.39 -1864.42
-1841.14 -1841.14
-1817.74 -1817.74
-1786.52 -1786.52
-1806.48 -1786.52
-1832.39 -1786.52
-1862.01 -1786.52
-1783.97 -1783.97
-1814.24 -1783.97
-1790.80 -1783.97
-1881.43 -1783.97
-1913.20 -1783.97
-1720.80 -1720.80
-1703.29 -1703.29
-1687.21 -1687.21
-1777.63 -1687.21
-1675.11 -1675.11
-1863.27 -1675.11
-1713.22 -1675.11
-1668.07 -1668.07
-1731.75 -1668.07
-1753.98 -1668.07
-1687.83 -1668.07
-1692.67 -1668.07
-1706.13 -1668.07
-1670.66 -1668.07
-1959.45 -1668.07
-1680.19 -1668.07
-1744.58 -1668.07
-1910.10 -1668.07
-1796.36 -1668.07
-1693.33 -1668.07
-1712.27 -1668.07
-1726.43 -1668.07
-1928.63 -1668.07
-1850.73 -1668.07
-1929.83 -1668.07
-1726.77 -1668.07
-1787.81 -1668.07
-1744.88 -1668.07
-1722.56 -1668.07
-1703.54 -1668.07
-1752.78 -1668.07
-1753.27 -1668.07
-1798.69 -1668.07
-1694.63 -1668.07
-1753.58 -1668.07
-1804.81 -1668.07
-1692.71 -1668.07
-1636.06 -1636.06
-1819.10 -1636.06
-1695.13 -1636.06
-1761.72 -1636.06
-1715.77 -1636.06
-1776.03 -1636.06
-1772.30 -1636.06
-1738.27 -1636.06
-1835.42 -1636.06
-1718.64 -1636.06
-1747.70 -1636.06
-1716.02 -1636.06
-1776.67 -1636.06
-1804.63 -1636.06
-1756.58 -1636.06
-1941.12 -1636.06
-1694.77 -1636.06
-1783.26 -1636.06
-1712.75 -1636.06
-1713.94 -1636.06
-1735.08 -1636.06
-1679.25 -1636.06
-1759.95 -1636.06
-1655.57 -1636.06
-1782.26 -1636.06
-1769.36 -1636.06
-1664.50 -1636.06
-1864.63 -1636.06
-1774.41 -1636.06
-1771.16 -1636.06
-1783.18 -1636.06
-1704.14 -1636.06
-1854.94 -1636.06
-1674.39 -1636.06
-1763.10 -1636.06
-1736.06 -1636.06
-1820.77 -1636.06
-1677.34 -1636.06
-1825.67 -1636.06
-1822.09 -1636.06
-1702.99 -1636.06
-1737.03 -1636.06
-1715.24 -1636.06
-1784.83 -1636.06
-1648.39 -1636.06
-1734.12 -1636.06
-1694.25 -1636.06
-1846.40 -1636.06
-1837.88 -1636.06
-1765.45 -1636.06
-1808.06 -1636.06
-1586.21 -1586.21
-1861.59 -1586.21
-1920.80 -1586.21
-1847.41 -1586.21
-1728.33 -1586.21
-1954.29 -1586.21
-1695.32 -1586.21
-1656.62 -1586.21
-1813.46 -1586.21
-1940.79 -1586.21
-1715.99 -1586.21
-1708.06 -1586.21
-1891.69 -1586.21
-1792.88 -1586.21
-1807.46 -1586.21
-1749.60 -1586.21
-1717.87 -1586.21
-1697.23 -1586.21
-1733.09 -1586.21
-1671.29 -1586.21
-1745.69 -1586.21
-1671.77 -1586.21
-1708.12 -1586.21
-1868.99 -1586.21
-1775.62 -1586.21
-1839.99 -1586.21
-1887.41 -1586.21
-1728.94 -1586.21
-1755.80 -1586.21
-1707.73 -1586.21
-1837.07 -1586.21
-1797.02 -1586.21
-1638.04 -1586.21
-1684.55 -1586.21
-1829.04 -1586.21
-1960.16 -1586.21
-1751.31 -1586.21
-1695.97 -1586.21
-1780.44 -1586.21
-1669.26 -1586.21
-1786.45 -1586.21
-1855.86 -1586.21
-1775.99 -1586.21
-1833.47 -1586.21
-1783.93 -1586.21
-1636.16 -1586.21
-1972.07 -1586.21
-1685.14 -1586.21
-1731.89 -1586.21
-1944.56 -1586.21
-1846.68 -1586.21
-1778.78 -1586.21
-1761.21 -1586.21
-1840.73 -1586.21
-1850.19 -1586.21
-1749.60 -1586.21
-1763.45 -1586.21
-1734.23 -1586.21
-1659.54 -1586.21
-1688.43 -1586.21
-1755.72 -1586.21
-1661.90 -1586.21
-1714.59 -1586.21
-1765.61 -1586.21
-1744.15 -1586.21
-1727.14 -1586.21
-1781.25 -1586.21
-1782.76 -1586.21
-1684.36 -1586.21
-1650.94 -1586.21
-1717.35 -1586.21
-1750.55 -1586.21
-1896.38 -1586.21
-1678.95 -1586.21
-1723.61 -1586.21
-1888.33 -1586.21
-1663.43 -1586.21
-1799.26 -1586.21
-1744.46 -1586.21
-1686.68 -1586.21
-1853.06 -1586.21
-1826.29 -1586.21
-1774.60 -1586.21
-1777.30 -1586.21
-1630.31 -1586.21
-1836.77 -1586.21
-1731.19 -1586.21
-1936.50 -1586.21
-1804.01 -1586.21
-1703.33 -1586.21
-1793.83 -1586.21
-1710.15 -1586.21
-1804.89 -1586.21
-1709.83 -1586.21
-1695.13 -1586.21
-1723.96 -1586.21
-1714.11 -1586.21
-1646.77 -1586.21
-1871.19 -1586.21
-1712.86 -1586.21
-1700.75 -1586.21
-1710.89 -1586.21
-1650.76 -1586.21
-2172.71 -1586.21
-2100.92 -2100.92
-2150.96 -2100.92
-2143.91 -2100.92
