-10000.00 -10000.00
-3230.33 -3230.33
-3341.09 -3230.33
-3272.41 -3230.33
-3315.58 -3230.33
-3390.28 -3230.33
-3240.77 -3230.33
-3185.91 -3185.91
-3224.17 -3185.91
-3118.17 -3118.17
-3172.89 -3118.17
-3200.15 -3118.17
-3210.01 -3118.17
-3287.88 -3118.17
-3174.46 -3118.17
-3129.49 -3118.17
-3271.92 -3118.17
-3228.30 -3118.17
-3265.05 -3118.17
-3251.90 -3118.17
-3144.12 -3118.17
-3254.42 -3118.17
-3106.60 -3106.60
-3245.08 -3106.60
-3352.81 -3106.60
-3149.83 -3106.60
-3216.37 -3106.60
-3156.68 -3106.60
-3216.73 -3106.60
-3157.30 -3106.60
-3368.40 -3106.60
-3189.59 -3106.60
-3136.74 -3106.60
-3280.61 -3106.60
-3175.31 -3106.60
-3135.48 -3106.60
-3154.10 -3106.60
-3134.18 -3106.60
-3170.27 -3106.60
-3228.20 -3106.60
-3146.32 -3106.60
-3219.65 -3106.60
-3212.27 -3106.60
-3255.10 -3106.60
-3073.46 -3073.46
-3143.91 -3073.46
-3113.33 -3073.46
-3114.78 -3073.46
-3145.88 -3073.46
-3164.30 -3073.46
-3160.60 -3073.46
-3140.69 -3073.46
-3149.84 -3073.46
-3164.33 -3073.46
-3170.43 -3073.46
-3142.22 -3073.46
-3130.55 -3073.46
-3240.45 -3073.46
-3181.77 -3073.46
-3222.95 -3073.46
-3120.27 -3073.46
-3125.10 -3073.46
-3142.78 -3073.46
-3173.03 -3073.46
-3182.65 -3073.46
-3107.50 -3073.46
-3129.51 -3073.46
-3204.27 -3073.46
-3093.54 -3073.46
-3333.83 -3073.46
-3162.63 -3073.46
-3175.70 -3073.46
-3325.48 -3073.46
-3108.79 -3073.46
-3121.82 -3073.46
-3088.86 -3073.46
-3146.00 -3073.46
-3181.76 -3073.46
-3205.32 -3073.46
-3176.23 -3073.46
-3084.62 -3073.46
-3085.36 -3073.46
-3085.44 -3073.46
-3185.45 -3073.46
-3288.95 -3073.46
-3161.82 -3073.46
-3294.39 -3073.46
-3130.96 -3073.46
-3186.91 -3073.46
-3178.93 -3073.46
-3122.99 -3073.46
-3151.00 -3073.46
-3148.03 -3073.46
-3096.77 -3073.46
-3141.05 -3073.46
-3168.56 -3073.46
-3103.79 -3073.46
-3119.16 -3073.46
-3335.23 -3073.46
-3314.69 -3073.46
-3251.93 -3073.46
-3196.77 -3073.46
-3132.00 -3073.46
-3128.36 -3073.46
-3158.38 -3073.46
-3179.56 -3073.46
-3136.55 -3073.46
-3242.71 -3073.46
-3183.33 -3073.46
-3176.53 -3073.46
-3258.46 -3073.46
-3273.41 -3073.46
-3135.41 -3073.46
-3259.64 -3073.46
-3183.89 -3073.46
-3300.12 -3073.46
-3166.54 -3073.46
-3168.14 -3073.46
-3113.90 -3073.46
-3157.90 -3073.46
-3173.61 -3073.46
-3200.82 -3073.46
-3082.11 -3073.46
-3255.82 -3073.46
-3168.62 -3073.46
-3133.02 -3073.46
-3199.75 -3073.46
-3101.72 -3073.46
-3140.71 -3073.46
-3183.10 -3073.46
-3192.91 -3073.46
-3137.32 -3073.46
-3082.63 -3073.46
-3142.96 -3073.46
-3183.07 -3073.46
-3155.93 -3073.46
-3138.15 -3073.46
-3153.20 -3073.46
-3329.42 -3073.46
-3163.44 -3073.46
-3214.66 -3073.46
-3267.83 -3073.46
-3153.56 -3073.46
-3226.68 -3073.46
-3186.14 -3073.46
-3113.22 -3073.46
-3148.33 -3073.46
-3162.02 -3073.46
-3090.21 -3073.46
-3160.13 -3073.46
-3155.97 -3073.46
-3100.00 -3073.46
-3160.19 -3073.46
-3148.57 -3073.46
-3210.39 -3073.46
-3179.12 -3073.46
-3136.14 -3073.46
-3203.34 -3073.46
-3335.05 -3073.46
-3158.56 -3073.46
-3178.35 -3073.46
-3273.20 -3073.46
-3045.08 -3045.08
-3057.94 -3045.08
-3172.07 -3045.08
-3147.07 -3045.08
-3274.63 -3045.08
-3078.97 -3045.08
-3201.44 -3045.08
-3145.33 -3045.08
-3170.16 -3045.08
-3283.77 -3045.08
-3121.07 -3045.08
-3186.09 -3045.08
-3109.96 -3045.08
-3185.25 -3045.08
-3149.20 -3045.08
-3236.09 -3045.08
-3236.12 -3045.08
-3192.23 -3045.08
-3132.41 -3045.08
-3199.93 -3045.08
-3070.37 -3045.08
-3133.48 -3045.08
-3165.74 -3045.08
-3134.09 -3045.08
-3089.31 -3045.08
-3079.63 -3045.08
-3201.02 -3045.08
-3148.27 -3045.08
-3175.59 -3045.08
-3199.34 -3045.08
-3142.94 -3045.08
-3259.57 -3045.08
-3196.56 -3045.08
-3210.90 -3045.08
-3079.63 -3045.08
-3092.13 -3045.08
-3292.75 -3045.08
-3150.10 -3045.08
-3176.33 -3045.08
-3161.75 -3045.08
-3081.80 -3045.08
-3177.97 -3045.08
-3235.16 -3045.08
-3313.95 -3045.08
-3149.26 -3045.08
-3193.34 -3045.08
-3081.69 -3045.08
-3099.04 -3045.08
-3094.73 -3045.08
-3175.69 -3045.08
-3111.98 -3045.08
-3254.67 -3045.08
-3251.65 -3045.08
-3170.02 -3045.08
-3331.91 -3045.08
-3098.68 -3045.08
-3170.67 -3045.08
-3176.74 -3045.08
-3131.04 -3045.08
-3144.58 -3045.08
-3139.73 -3045.08
-3293.51 -3045.08
-3186.08 -3045.08
-3160.41 -3045.08
-3155.81 -3045.08
-3298.47 -3045.08
-3130.20 -3045.08
-3103.46 -3045.08
-3107.53 -3045.08
-3172.21 -3045.08
-3132.42 -3045.08
-3223.08 -3045.08
-3168.31 -3045.08
-3082.72 -3045.08
-3091.82 -3045.08
-3159.89 -3045.08
-3132.79 -3045.08
-3139.21 -3045.08
-3133.99 -3045.08
-3079.59 -3045.08
-3226.16 -3045.08
-3079.16 -3045.08
-3275.69 -3045.08
-3241.23 -3045.08
-3261.89 -3045.08
-3219.12 -3045.08
-3132.79 -3045.08
-3252.39 -3045.08
-3057.90 -3045.08
-3159.63 -3045.08
-3206.58 -3045.08
-3154.01 -3045.08
-3109.34 -3045.08
-3156.55 -3045.08
-3079.84 -3045.08
-3105.70 -3045.08
-3291.68 -3045.08
-3124.93 -3045.08
-3186.39 -3045.08
-3165.02 -3045.08
-3126.49 -3045.08
-3083.08 -3045.08
-3123.77 -3045.08
-3148.09 -3045.08
-3117.07 -3045.08
-3304.98 -3045.08
-3189.37 -3045.08
-3210.56 -3045.08
-3276.62 -3045.08
-3243.57 -3045.08
-3136.53 -3045.08
-3214.90 -3045.08
-3148.09 -3045.08
-3201.07 -3045.08
-3147.84 -3045.08
-3170.03 -3045.08
-3229.85 -3045.08
-3271.55 -3045.08
-3106.08 -3045.08
-3150.06 -3045.08
-3182.20 -3045.08
-3081.31 -3045.08
-3053.05 -3045.08
-3347.66 -3045.08
-3102.79 -3045.08
-3127.99 -3045.08
-3194.63 -3045.08
-3250.03 -3045.08
-3198.37 -3045.08
-3178.22 -3045.08
-3162.79 -3045.08
-3137.07 -3045.08
-3118.48 -3045.08
-3169.13 -3045.08
-3305.04 -3045.08
-3187.99 -3045.08
-3123.07 -3045.08
-3107.42 -3045.08
-3082.72 -3045.08
-3132.82 -3045.08
-3149.25 -3045.08
-3169.88 -3045.08
-3113.21 -3045.08
-3113.58 -3045.08
-3141.47 -3045.08
-3018.13 -3018.13
-3265.47 -3018.13
-3168.33 -3018.13
-2999.63 -2999.63
-3047.91 -2999.63
-3174.17 -2999.63
-3103.70 -2999.63
-3175.53 -2999.63
-3048.90 -2999.63
-3054.42 -2999.63
-3095.85 -2999.63
-3038.54 -2999.63
-3047.00 -2999.63
-3161.87 -2999.63
-3122.18 -2999.63
-3158.71 -2999.63
-3188.18 -2999.63
-3082.68 -2999.63
-3015.55 -2999.63
-3231.21 -2999.63
-3070.57 -2999.63
-3063.42 -2999.63
-3056.53 -2999.63
-3001.83 -2999.63
-3118.81 -2999.63
-3084.81 -2999.63
-3077.56 -2999.63
-3094.49 -2999.63
-3213.30 -2999.63
-3073.84 -2999.63
-3010.25 -2999.63
-3192.93 -2999.63
-3088.99 -2999.63
-3116.28 -2999.63
-3143.32 -2999.63
-3009.85 -2999.63
-3040.67 -2999.63
-3111.48 -2999.63
-3187.64 -2999.63
-3018.53 -2999.63
-3072.25 -2999.63
-3174.33 -2999.63
-3068.63 -2999.63
-3210.49 -2999.63
-3064.36 -2999.63
-3013.20 -2999.63
-3062.18 -2999.63
-3061.15 -2999.63
-3136.83 -2999.63
-3088.31 -2999.63
-3012.55 -2999.63
-3073.71 -2999.63
-3056.17 -2999.63
-3039.57 -2999.63
-3154.95 -2999.63
-3057.62 -2999.63
-3035.68 -2999.63
-3071.84 -2999.63
-3174.33 -2999.63
-3134.23 -2999.63
-3084.74 -2999.63
-3104.74 -2999.63
-3048.40 -2999.63
-3080.03 -2999.63
-3025.87 -2999.63
-3090.70 -2999.63
-3145.98 -2999.63
-3047.02 -2999.63
-2942.03 -2942.03
-3016.70 -2942.03
-3039.46 -2942.03
-3047.67 -2942.03
-3094.80 -2942.03
-3057.77 -2942.03
-3117.44 -2942.03
-3098.14 -2942.03
-3216.30 -2942.03
-3051.61 -2942.03
-3010.44 -2942.03
-3059.31 -2942.03
-3004.36 -2942.03
-3066.31 -2942.03
-2921.21 -2921.21
-3030.14 -2921.21
-3129.45 -2921.21
-2896.76 -2896.76
-2980.89 -2896.76
-2759.95 -2759.95
-2956.75 -2759.95
-2958.51 -2759.95
-2997.26 -2759.95
-3057.90 -2759.95
-2929.08 -2759.95
-2840.90 -2759.95
-3053.69 -2759.95
-2999.55 -2759.95
-2871.08 -2759.95
-3034.17 -2759.95
-2996.18 -2759.95
-2948.39 -2759.95
-3171.41 -2759.95
-2891.53 -2759.95
-3051.13 -2759.95
-2896.07 -2759.95
-2920.80 -2759.95
-3106.74 -2759.95
-3024.10 -2759.95
-3044.73 -2759.95
-3121.11 -2759.95
-3055.70 -2759.95
-2985.45 -2759.95
-3213.58 -3213.58
-3180.81 -3180.81
-3344.58 -3180.81
-3250.91 -3180.81
-3223.93 -3180.81
-3339.50 -3180.81
-3245.68 -3180.81
-3203.98 -3180.81
-3320.34 -3180.81
-3259.28 -3180.81
-3262.97 -3180.81
-3255.85 -3180.81
-3336.29 -3180.81
-3305.53 -3180.81
-3219.09 -3180.81
-3279.90 -3180.81
-3242.44 -3180.81
-3177.37 -3177.37
-3192.23 -3177.37
-3338.80 -3177.37
-3170.65 -3170.65
-3207.39 -3170.65
-3173.73 -3170.65
-3179.02 -3170.65
-3182.81 -3170.65
-3205.48 -3170.65
-3244.66 -3170.65
-3313.66 -3170.65
-3281.57 -3170.65
-3204.77 -3170.65
-3369.97 -3170.65
-3358.54 -3170.65
-3302.54 -3170.65
-3315.14 -3170.65
-3359.62 -3170.65
-3348.88 -3170.65
-3315.87 -3170.65
-3271.43 -3170.65
-3284.73 -3170.65
-3192.75 -3170.65
-3373.82 -3170.65
-3208.30 -3170.65
-3209.88 -3170.65
-3256.77 -3170.65
-3180.70 -3170.65
-3204.02 -3170.65
-3175.44 -3170.65
-3175.79 -3170.65
-3211.98 -3170.65
-3203.89 -3170.65
-3319.94 -3170.65
-3366.60 -3170.65
-3320.86 -3170.65
-3212.11 -3170.65
-3206.08 -3170.65
-3215.18 -3170.65
-3237.14 -3170.65
-3297.59 -3170.65
-3216.92 -3170.65
-3281.40 -3170.65
-3204.27 -3170.65
-3246.16 -3170.65
-3170.17 -3170.17
-3180.26 -3170.17
-3212.32 -3170.17
-3234.58 -3170.17
-3174.28 -3170.17
-3144.68 -3144.68
-3179.15 -3144.68
-3249.75 -3144.68
-3260.15 -3144.68
-3170.52 -3144.68
-3176.32 -3144.68
-3165.39 -3144.68
-3213.67 -3144.68
-3183.36 -3144.68
-3179.67 -3144.68
-3245.25 -3144.68
-3210.92 -3144.68
-3132.07 -3132.07
-3216.03 -3132.07
-3320.98 -3132.07
-3153.59 -3132.07
-3285.05 -3132.07
-3255.87 -3132.07
-3261.56 -3132.07
-3167.92 -3132.07
-3194.89 -3132.07
-3308.93 -3132.07
-3254.56 -3132.07
-3319.96 -3132.07
-3144.62 -3132.07
-3287.19 -3132.07
-3287.91 -3132.07
-3140.87 -3132.07
-3217.57 -3132.07
-3318.01 -3132.07
-3195.43 -3132.07
-3209.78 -3132.07
-3182.81 -3132.07
-3225.03 -3132.07
-3254.00 -3132.07
-3249.68 -3132.07
-3254.00 -3132.07
-3209.50 -3132.07
-3267.07 -3132.07
-3182.10 -3132.07
-3224.81 -3132.07
-3219.43 -3132.07
-3376.01 -3132.07
-3262.68 -3132.07
-3203.95 -3132.07
-3190.50 -3132.07
-3246.44 -3132.07
-3200.73 -3132.07
-3214.34 -3132.07
-3333.67 -3132.07
-3221.40 -3132.07
-3186.64 -3132.07
-3251.36 -3132.07
-3129.96 -3129.96
-3207.99 -3129.96
-3163.36 -3129.96
-3253.06 -3129.96
-3187.49 -3129.96
-3323.15 -3129.96
-3233.86 -3129.96
-3160.61 -3129.96
-3212.90 -3129.96
-3246.36 -3129.96
-3225.16 -3129.96
-3182.44 -3129.96
-3341.38 -3129.96
-3202.23 -3129.96
-3231.78 -3129.96
-3183.73 -3129.96
-3197.03 -3129.96
-3130.36 -3130.36
-3263.24 -3130.36
-3251.11 -3130.36
-3124.68 -3124.68
-3136.85 -3124.68
-3186.53 -3124.68
-3184.46 -3124.68
-3096.86 -3096.86
-3170.90 -3096.86
-3206.43 -3096.86
-3054.50 -3054.50
-3269.25 -3054.50
-3175.02 -3054.50
-3056.67 -3054.50
-3188.20 -3054.50
-3089.54 -3054.50
-3150.16 -3054.50
-3119.66 -3054.50
-2955.10 -2955.10
-3076.18 -2955.10
-2994.92 -2955.10
-3124.07 -2955.10
-3031.95 -2955.10
-2979.82 -2955.10
-3103.58 -2955.10
-2968.00 -2955.10
-3127.69 -2955.10
-3074.05 -2955.10
-3221.95 -2955.10
-3193.65 -2955.10
-3161.35 -2955.10
-3032.96 -2955.10
-3165.71 -2955.10
-3179.42 -2955.10
-3058.53 -2955.10
-3084.72 -2955.10
-3187.94 -2955.10
-3070.52 -2955.10
-3119.00 -2955.10
-3113.45 -2955.10
-3166.31 -2955.10
-3033.21 -2955.10
-3023.95 -2955.10
-3172.86 -2955.10
-3293.98 -2955.10
-3022.11 -2955.10
-3334.39 -2955.10
-3079.92 -2955.10
-3137.56 -2955.10
-3176.98 -2955.10
-3074.61 -2955.10
-3211.30 -2955.10
-3074.66 -2955.10
-3100.35 -2955.10
-3047.54 -2955.10
-3294.37 -2955.10
-3064.66 -2955.10
-3231.06 -2955.10
-3169.76 -2955.10
-3016.75 -2955.10
-3086.71 -2955.10
-3021.80 -2955.10
-3097.77 -2955.10
-3004.33 -2955.10
-3208.88 -2955.10
-3083.99 -2955.10
-3007.51 -2955.10
-3071.93 -2955.10
-3083.64 -2955.10
-3092.36 -2955.10
-3227.82 -2955.10
-3240.01 -2955.10
-3137.43 -2955.10
-3125.22 -2955.10
-3223.42 -2955.10
-3198.91 -2955.10
-3165.51 -2955.10
-3078.28 -2955.10
-2990.66 -2955.10
-2951.70 -2951.70
-3039.65 -2951.70
-3051.81 -2951.70
-3068.25 -2951.70
-3108.49 -2951.70
-3067.25 -2951.70
-3027.67 -2951.70
-2990.58 -2951.70
-3027.46 -2951.70
-3149.69 -2951.70
-3094.66 -2951.70
-3209.82 -2951.70
-3066.11 -2951.70
-3016.06 -2951.70
-3097.53 -2951.70
-3132.06 -2951.70
-3103.22 -2951.70
-2969.64 -2951.70
-3012.28 -2951.70
-3103.99 -2951.70
-3136.46 -2951.70
-3137.25 -2951.70
-3125.79 -2951.70
-3101.69 -2951.70
-3109.55 -2951.70
-3017.47 -2951.70
-2970.76 -2951.70
-3119.77 -2951.70
-3069.68 -2951.70
-3008.49 -2951.70
-3033.16 -2951.70
-3067.93 -2951.70
-3118.79 -2951.70
-3076.18 -2951.70
-3038.57 -2951.70
-2987.56 -2951.70
-2995.83 -2951.70
-3058.36 -2951.70
-3099.04 -2951.70
-3050.62 -2951.70
-3083.57 -2951.70
-3129.65 -2951.70
-2966.58 -2951.70
-3132.76 -2951.70
-3180.40 -2951.70
-3103.43 -2951.70
-3118.59 -2951.70
-3141.33 -2951.70
-3018.94 -2951.70
-3143.03 -2951.70
-3100.05 -2951.70
-3129.52 -2951.70
-2924.57 -2924.57
-3050.92 -2924.57
-3087.57 -2924.57
-3130.75 -2924.57
-3106.30 -2924.57
-3092.49 -2924.57
-3245.59 -2924.57
-3194.54 -2924.57
-3056.18 -2924.57
-3122.14 -2924.57
-3085.22 -2924.57
-3028.51 -2924.57
-3004.83 -2924.57
-3059.49 -2924.57
-3162.25 -2924.57
-2987.40 -2924.57
-3048.55 -2924.57
-3213.70 -2924.57
-3079.27 -2924.57
-3122.33 -2924.57
-3143.82 -2924.57
-3032.47 -2924.57
-3205.99 -2924.57
-3108.12 -2924.57
-3003.56 -2924.57
-3031.91 -2924.57
-3172.34 -2924.57
-3068.55 -2924.57
-3044.96 -2924.57
-3183.63 -2924.57
-3007.02 -2924.57
-2994.31 -2924.57
-3077.00 -2924.57
-3027.34 -2924.57
-3067.64 -2924.57
-3030.39 -2924.57
-3052.74 -2924.57
-2998.47 -2924.57
-3124.61 -2924.57
-3109.33 -2924.57
-3053.00 -2924.57
-3149.11 -2924.57
-3160.57 -2924.57
-3146.13 -2924.57
-3034.09 -2924.57
-2964.02 -2924.57
-3086.88 -2924.57
-3121.08 -2924.57
-3039.82 -2924.57
-2999.59 -2924.57
-3028.76 -2924.57
-3001.10 -2924.57
-3218.77 -2924.57
-3165.90 -2924.57
-3121.53 -2924.57
-2931.50 -2924.57
-3151.82 -2924.57
-3140.35 -2924.57
-3094.16 -2924.57
-3035.75 -2924.57
-3284.50 -2924.57
-3146.97 -2924.57
-3028.30 -2924.57
-3010.95 -2924.57
-3099.72 -2924.57
-3071.95 -2924.57
-3017.09 -2924.57
-3092.25 -2924.57
-3075.37 -2924.57
-3037.70 -2924.57
-3101.09 -2924.57
-3013.16 -2924.57
-3058.57 -2924.57
-3092.67 -2924.57
-3062.14 -2924.57
-3075.62 -2924.57
-2922.22 -2922.22
-2930.61 -2922.22
-3089.82 -2922.22
-3017.23 -2922.22
-2959.28 -2922.22
-2936.34 -2922.22
-3223.66 -2922.22
-3013.37 -2922.22
-3038.13 -2922.22
-2974.63 -2922.22
-3011.37 -2922.22
-3219.38 -2922.22
-2984.20 -2922.22
-2936.13 -2922.22
-3053.14 -2922.22
-3079.00 -2922.22
-2965.98 -2922.22
-3183.05 -2922.22
-3091.30 -2922.22
-3030.44 -2922.22
-3297.65 -2922.22
-2929.14 -2922.22
-3136.07 -2922.22
-2845.68 -2845.68
-3133.27 -2845.68
-2953.94 -2845.68
-3221.82 -2845.68
-3090.80 -2845.68
-2915.79 -2845.68
-2950.95 -2845.68
-2814.26 -2814.26
-2864.09 -2814.26
-2786.07 -2786.07
-2774.45 -2774.45
-2989.70 -2774.45
-2926.57 -2774.45
-2728.78 -2728.78
-2920.60 -2728.78
-2672.63 -2672.63
-2579.67 -2579.67
-2789.49 -2579.67
-2604.88 -2579.67
-2753.54 -2579.67
-2735.64 -2579.67
-2568.63 -2568.63
-2669.54 -2568.63
-2741.09 -2568.63
-2594.41 -2568.63
-2829.90 -2568.63
-2720.98 -2568.63
-2561.77 -2561.77
-2676.97 -2561.77
-2741.82 -2561.77
-2315.14 -2315.14
-2972.13 -2315.14
-2836.15 -2315.14
-2496.77 -2315.14
-2521.93 -2315.14
-2586.27 -2315.14
-2882.01 -2315.14
-2698.67 -2315.14
-2880.18 -2315.14
-2876.22 -2315.14
-2531.17 -2315.14
-2690.02 -2315.14
-2773.67 -2315.14
-2740.87 -2315.14
-2797.92 -2315.14
-2799.51 -2315.14
-2885.93 -2315.14
-2841.09 -2315.14
-2626.52 -2315.14
-3185.24 -3185.24
-3277.31 -3185.24
-3227.98 -3185.24
-3249.00 -3185.24
-3246.90 -3185.24
-3345.48 -3185.24
-3245.97 -3185.24
-3208.14 -3185.24
-3208.24 -3185.24
-3253.51 -3185.24
-3199.52 -3185.24
-3298.82 -3185.24
-3294.59 -3185.24
-3210.21 -3185.24
-3127.51 -3127.51
-3162.73 -3127.51
-3236.00 -3127.51
-3200.05 -3127.51
-3247.39 -3127.51
-3234.21 -3127.51
-3208.92 -3127.51
-3202.39 -3127.51
-3193.66 -3127.51
-3222.56 -3127.51
-3209.67 -3127.51
-3324.68 -3127.51
-3166.65 -3127.51
-3199.31 -3127.51
-3304.46 -3127.51
-3131.79 -3127.51
-3161.35 -3127.51
-3138.12 -3127.51
-3361.18 -3127.51
-3150.75 -3127.51
-3206.87 -3127.51
-3094.32 -3094.32
-3095.13 -3095.13
-3173.45 -3095.13
-3201.52 -3095.13
-3176.65 -3095.13
-3229.44 -3095.13
-3252.83 -3095.13
-3137.21 -3095.13
-3222.65 -3095.13
-3170.15 -3095.13
-3348.65 -3095.13
-3153.00 -3095.13
-3141.70 -3095.13
-3130.36 -3095.13
-3177.42 -3095.13
-3225.27 -3095.13
-3254.10 -3095.13
-3170.39 -3095.13
-3180.60 -3095.13
-3323.55 -3095.13
-3144.44 -3095.13
-3086.21 -3086.21
-3106.76 -3086.21
-3124.33 -3086.21
-3237.72 -3086.21
-3133.94 -3086.21
-3054.18 -3054.18
-3043.11 -3043.11
-3131.10 -3043.11
-3112.84 -3043.11
-3175.55 -3043.11
-3225.26 -3043.11
-3202.66 -3043.11
-3259.24 -3043.11
-3336.29 -3043.11
-3052.05 -3043.11
-3179.94 -3043.11
-3038.31 -3038.31
-3152.39 -3038.31
-3030.98 -3030.98
-3016.86 -3016.86
-3085.36 -3016.86
-3125.90 -3016.86
-3107.70 -3016.86
-3034.81 -3016.86
-3135.64 -3016.86
-3114.81 -3016.86
-3118.10 -3016.86
-3172.57 -3016.86
-3073.42 -3016.86
-3036.91 -3016.86
-3167.94 -3016.86
-3086.11 -3016.86
-3092.06 -3016.86
-3133.92 -3016.86
-3001.66 -3001.66
-3120.98 -3001.66
-3032.19 -3001.66
-3012.89 -3001.66
-3187.90 -3001.66
-3162.65 -3001.66
-3224.57 -3001.66
-3099.53 -3001.66
-2956.46 -2956.46
-2917.30 -2917.30
-3032.19 -2917.30
-3023.09 -2917.30
-3039.54 -2917.30
-3106.73 -2917.30
-2799.38 -2799.38
-2890.07 -2799.38
-2933.99 -2799.38
-2818.91 -2799.38
-2831.20 -2799.38
-2939.88 -2799.38
-2885.52 -2799.38
-3038.90 -2799.38
-3067.77 -2799.38
-2954.70 -2799.38
-2966.93 -2799.38
-3041.44 -2799.38
-2936.57 -2799.38
-3036.15 -2799.38
-2888.59 -2799.38
-2923.02 -2799.38
-2766.87 -2766.87
-2868.37 -2766.87
-2837.87 -2766.87
-2876.08 -2766.87
-2867.18 -2766.87
-2890.68 -2766.87
-2935.98 -2766.87
-2836.85 -2766.87
-2741.40 -2741.40
-2791.65 -2741.40
-2885.42 -2741.40
-2804.29 -2741.40
-2604.40 -2604.40
-2724.41 -2604.40
-2736.60 -2604.40
-2651.62 -2604.40
-2656.71 -2604.40
-2713.29 -2604.40
-2789.82 -2604.40
-2782.89 -2604.40
-2816.73 -2604.40
-2726.76 -2604.40
-3135.18 -2604.40
-2637.57 -2604.40
-2766.22 -2604.40
-2864.54 -2604.40
-2690.86 -2604.40
-2663.98 -2604.40
-2707.42 -2604.40
-2752.90 -2604.40
-2774.23 -2604.40
-2877.95 -2604.40
-2906.59 -2604.40
-2743.89 -2604.40
-2802.61 -2604.40
-2742.23 -2604.40
-2832.08 -2604.40
-2782.99 -2604.40
-2559.68 -2559.68
-2641.94 -2559.68
-2507.07 -2507.07
-2636.47 -2507.07
-2841.33 -2507.07
-2673.17 -2507.07
-2692.94 -2507.07
-2730.29 -2507.07
-2738.71 -2507.07
-2581.68 -2507.07
-2698.26 -2507.07
-2723.06 -2507.07
-2775.14 -2507.07
-2761.60 -2507.07
-2842.62 -2507.07
-2722.77 -2507.07
-2470.62 -2470.62
-2490.44 -2470.62
-2787.50 -2470.62
-2642.20 -2470.62
-2741.78 -2470.62
-2809.92 -2470.62
-2986.66 -2470.62
-2538.82 -2470.62
-2692.17 -2470.62
-2588.42 -2470.62
-2596.89 -2470.62
-2696.63 -2470.62
-2777.68 -2470.62
-2630.92 -2470.62
-2753.64 -2470.62
-2632.59 -2470.62
-2690.90 -2470.62
-2906.54 -2470.62
-2526.13 -2470.62
-2719.26 -2470.62
-2607.61 -2470.62
-2641.19 -2470.62
-2726.58 -2470.62
-2641.16 -2470.62
-2710.65 -2470.62
-2698.53 -2470.62
-2689.42 -2470.62
-2628.83 -2470.62
-2885.20 -2470.62
-2802.58 -2470.62
-2630.89 -2470.62
-2601.39 -2470.62
-2691.54 -2470.62
-2747.97 -2470.62
-2517.13 -2470.62
-2597.70 -2470.62
-2474.38 -2470.62
-2594.83 -2470.62
-2463.71 -2463.71
-2940.71 -2463.71
-2597.16 -2463.71
-2649.54 -2463.71
-2515.02 -2463.71
-2717.41 -2463.71
-2528.58 -2463.71
-2722.45 -2463.71
-2747.08 -2463.71
-2534.28 -2463.71
-2853.41 -2463.71
-2619.31 -2463.71
-2749.72 -2463.71
-2796.19 -2463.71
-2681.64 -2463.71
-2970.44 -2463.71
-2869.94 -2463.71
-2665.17 -2463.71
-2890.83 -2463.71
-2844.65 -2463.71
-2568.56 -2463.71
-2602.95 -2463.71
-2739.52 -2463.71
-2553.98 -2463.71
-3049.99 -2463.71
-2513.39 -2463.71
-2709.11 -2463.71
-2705.54 -2463.71
-2580.88 -2463.71
-2887.32 -2463.71
-2656.54 -2463.71
-2486.15 -2463.71
-2664.86 -2463.71
-2727.17 -2463.71
-2842.53 -2463.71
-2594.63 -2463.71
-2978.86 -2463.71
-2638.72 -2463.71
-2626.41 -2463.71
-2861.14 -2463.71
-2916.64 -2463.71
-2763.58 -2463.71
-2493.79 -2463.71
-2923.58 -2463.71
-2725.74 -2463.71
-2662.01 -2463.71
-2709.50 -2463.71
-2795.04 -2463.71
-2784.24 -2463.71
-2816.07 -2463.71
-2597.15 -2463.71
-2645.99 -2463.71
-2655.06 -2463.71
-2774.84 -2463.71
-2638.74 -2463.71
-2665.66 -2463.71
-2595.69 -2463.71
-2548.65 -2463.71
-2855.08 -2463.71
-2734.57 -2463.71
-2797.71 -2463.71
-2703.28 -2463.71
-2714.68 -2463.71
-2583.55 -2463.71
-2623.49 -2463.71
-2790.95 -2463.71
-2790.20 -2463.71
-2739.87 -2463.71
-2541.60 -2463.71
-2596.81 -2463.71
-2570.08 -2463.71
-2810.04 -2463.71
-2805.53 -2463.71
-2755.63 -2463.71
-2712.79 -2463.71
-2691.13 -2463.71
-2611.87 -2463.71
-2803.87 -2463.71
-2938.75 -2463.71
-2647.07 -2463.71
-2986.91 -2463.71
-2859.82 -2463.71
-2691.81 -2463.71
-2642.41 -2463.71
-2697.79 -2463.71
-2933.66 -2463.71
-2580.61 -2463.71
-2494.27 -2463.71
-2730.52 -2463.71
-2776.47 -2463.71
-3001.05 -2463.71
-2704.61 -2463.71
-2681.97 -2463.71
-2648.67 -2463.71
-3075.44 -2463.71
-2667.13 -2463.71
-2871.93 -2463.71
-2828.18 -2463.71
-2871.93 -2463.71
-2852.79 -2463.71
-2586.12 -2463.71
-2735.53 -2463.71
-2825.26 -2463.71
-2598.46 -2463.71
-2701.68 -2463.71
-2866.46 -2463.71
-2536.69 -2463.71
-2548.54 -2463.71
-2587.84 -2463.71
-2709.44 -2463.71
-2584.74 -2463.71
-2800.83 -2463.71
-2962.50 -2463.71
-2706.38 -2463.71
-2877.00 -2463.71
-2797.18 -2463.71
-2630.80 -2463.71
-2690.55 -2463.71
-2554.52 -2463.71
-2756.47 -2463.71
-2887.46 -2463.71
-2607.70 -2463.71
-2676.55 -2463.71
-2601.47 -2463.71
-2876.72 -2463.71
-2760.32 -2463.71
-2804.69 -2463.71
-2593.09 -2463.71
-2628.60 -2463.71
-2689.45 -2463.71
-2570.78 -2463.71
-2590.68 -2463.71
-2756.32 -2463.71
-2773.41 -2463.71
-2634.22 -2463.71
-2471.65 -2463.71
-2971.91 -2463.71
-2834.93 -2463.71
-2742.06 -2463.71
-2647.93 -2463.71
-2913.05 -2463.71
-2751.05 -2463.71
-2718.39 -2463.71
-2627.91 -2463.71
-2630.72 -2463.71
-2625.56 -2463.71
-2810.08 -2463.71
-2399.16 -2399.16
-2669.67 -2399.16
-2700.44 -2399.16
-2788.54 -2399.16
-2543.55 -2399.16
-2639.37 -2399.16
-2529.74 -2399.16
-2897.37 -2399.16
-2638.85 -2399.16
-2436.10 -2399.16
-2676.38 -2399.16
-2793.99 -2399.16
-2676.37 -2399.16
-2632.42 -2399.16
-2578.18 -2399.16
-2642.26 -2399.16
-2563.04 -2399.16
-2819.08 -2399.16
-2656.65 -2399.16
-2719.06 -2399.16
-2280.69 -2280.69
-2635.66 -2280.69
-2763.50 -2280.69
-2707.64 -2280.69
-2760.94 -2280.69
-2607.66 -2280.69
-2758.48 -2280.69
-2837.93 -2280.69
-2690.26 -2280.69
-2725.00 -2280.69
-2950.73 -2280.69
-2788.90 -2280.69
-2723.40 -2280.69
-2603.53 -2280.69
-3056.89 -2280.69
-2696.00 -2280.69
-2741.14 -2280.69
-2695.22 -2280.69
-2601.31 -2280.69
-2750.33 -2280.69
-2816.25 -2280.69
-2725.00 -2280.69
-2812.51 -2280.69
-2789.64 -2280.69
-2592.17 -2280.69
-3035.56 -2280.69
-2841.00 -2280.69
-2836.00 -2280.69
-2972.09 -2280.69
-2647.79 -2280.69
-2733.79 -2280.69
-2715.19 -2280.69
-2532.95 -2280.69
-2691.85 -2280.69
-2858.65 -2280.69
-2689.52 -2280.69
-2606.12 -2280.69
-3289.97 -2280.69
-3231.49 -2280.69
-3286.61 -2280.69
-3178.54 -3178.54
-3230.60 -3178.54
-3194.90 -3178.54
-3275.59 -3178.54
-3219.22 -3178.54
-3255.78 -3178.54
-3347.40 -3178.54
-3225.32 -3178.54
-3366.70 -3178.54
-3299.93 -3178.54
-3256.45 -3178.54
-3347.90 -3178.54
-3160.00 -3160.00
-3220.08 -3160.00
-3138.68 -3138.68
-3112.22 -3112.22
-3117.41 -3112.22
-3215.44 -3112.22
-3162.98 -3112.22
-3295.46 -3112.22
-3206.48 -3112.22
-3322.73 -3112.22
-3208.74 -3112.22
-3146.24 -3112.22
-3202.28 -3112.22
-3214.51 -3112.22
-3227.72 -3112.22
-3122.10 -3112.22
-3202.16 -3112.22
-3249.36 -3112.22
-3190.90 -3112.22
-3167.61 -3112.22
-3204.47 -3112.22
-3112.49 -3112.49
-3149.18 -3112.49
-3231.57 -3112.49
-3227.26 -3112.49
-3233.49 -3112.49
-3333.89 -3112.49
-3151.25 -3112.49
-3299.04 -3112.49
-3189.66 -3112.49
-3294.87 -3112.49
-3274.57 -3112.49
-3227.55 -3112.49
-3173.07 -3112.49
-3114.29 -3112.49
-3238.84 -3112.49
-3308.51 -3112.49
-3176.59 -3112.49
-3327.90 -3112.49
-3126.36 -3112.49
-3193.69 -3112.49
-3154.31 -3112.49
-3240.16 -3112.49
-3219.65 -3112.49
-3276.69 -3112.49
-3158.76 -3112.49
-3258.01 -3112.49
-3171.60 -3112.49
-3237.48 -3112.49
-3196.55 -3112.49
-3205.59 -3112.49
-3216.32 -3112.49
-3285.36 -3112.49
-3189.19 -3112.49
-3169.10 -3112.49
-3288.95 -3112.49
-3263.62 -3112.49
-3263.73 -3112.49
-3224.60 -3112.49
-3297.40 -3112.49
-3234.36 -3112.49
-3177.39 -3112.49
-3382.16 -3112.49
-3242.37 -3112.49
-3205.63 -3112.49
-3125.65 -3112.49
-3312.18 -3112.49
-3321.94 -3112.49
-3331.31 -3112.49
-3128.52 -3112.49
-3126.68 -3112.49
-3219.33 -3112.49
-3216.63 -3112.49
-3209.51 -3112.49
-3198.47 -3112.49
-3249.54 -3112.49
-3208.30 -3112.49
-3144.64 -3112.49
-3229.75 -3112.49
-3169.94 -3112.49
-3340.67 -3112.49
-3168.17 -3112.49
-3236.27 -3112.49
-3250.67 -3112.49
-3154.42 -3112.49
-3229.23 -3112.49
-3205.13 -3112.49
-3281.33 -3112.49
-3199.47 -3112.49
-3174.46 -3112.49
-3257.67 -3112.49
-3170.90 -3112.49
-3164.60 -3112.49
-3143.80 -3112.49
-3170.79 -3112.49
-3179.24 -3112.49
-3310.37 -3112.49
-3157.77 -3112.49
-3185.67 -3112.49
-3234.29 -3112.49
-3280.99 -3112.49
-3208.48 -3112.49
-3144.15 -3112.49
-3117.19 -3112.49
-3253.46 -3112.49
-3194.17 -3112.49
-3300.61 -3112.49
-3161.42 -3112.49
-3234.59 -3112.49
-3367.28 -3112.49
-3279.95 -3112.49
-3181.44 -3112.49
-3129.56 -3112.49
-3228.67 -3112.49
-3260.51 -3112.49
-3382.16 -3112.49
-3088.52 -3088.52
-3202.23 -3088.52
-3232.80 -3088.52
-3079.05 -3079.05
-3134.22 -3079.05
-3143.44 -3079.05
-3159.56 -3079.05
-3218.28 -3079.05
-3236.11 -3079.05
-3224.75 -3079.05
-3172.94 -3079.05
-3129.07 -3079.05
-3159.75 -3079.05
-3144.25 -3079.05
-3366.83 -3079.05
-3100.51 -3079.05
-3147.36 -3079.05
-3144.86 -3079.05
-3200.86 -3079.05
-3145.46 -3079.05
-3180.97 -3079.05
-3142.25 -3079.05
-3143.45 -3079.05
-3105.84 -3079.05
-3201.06 -3079.05
-3298.10 -3079.05
-3104.63 -3079.05
-3115.55 -3079.05
-3308.95 -3079.05
-3329.67 -3079.05
-3068.46 -3068.46
-3144.85 -3068.46
-3098.58 -3068.46
-3164.82 -3068.46
-3270.01 -3068.46
-3077.66 -3068.46
-3173.19 -3068.46
-3141.74 -3068.46
-3132.12 -3068.46
-3179.99 -3068.46
-3112.97 -3068.46
-3184.18 -3068.46
-3184.14 -3068.46
-3158.31 -3068.46
-3109.96 -3068.46
-3157.09 -3068.46
-3051.27 -3051.27
-3137.64 -3051.27
-3298.53 -3051.27
-3236.85 -3051.27
-3114.28 -3051.27
-3153.90 -3051.27
-3177.01 -3051.27
-3115.34 -3051.27
-3160.45 -3051.27
-3158.16 -3051.27
-3165.42 -3051.27
-3094.48 -3051.27
-3179.54 -3051.27
-3168.80 -3051.27
-3173.72 -3051.27
-3139.48 -3051.27
-3140.78 -3051.27
-3088.08 -3051.27
-3241.75 -3051.27
-3186.02 -3051.27
-3137.94 -3051.27
-3191.11 -3051.27
-3152.92 -3051.27
-3181.19 -3051.27
-3233.04 -3051.27
-3155.44 -3051.27
-3152.86 -3051.27
-3092.94 -3051.27
-3168.77 -3051.27
-3122.75 -3051.27
-3107.06 -3051.27
-3117.07 -3051.27
-3149.35 -3051.27
-3160.43 -3051.27
-3264.20 -3051.27
-3171.49 -3051.27
-3106.52 -3051.27
-3165.24 -3051.27
-3145.72 -3051.27
-3132.68 -3051.27
-3166.25 -3051.27
-3050.64 -3050.64
-3269.54 -3050.64
-3157.51 -3050.64
-3082.10 -3050.64
-3081.88 -3050.64
-3010.38 -3010.38
-3175.71 -3010.38
-3234.57 -3010.38
-3125.37 -3010.38
-3034.48 -3010.38
-3104.59 -3010.38
-3135.08 -3010.38
-3097.60 -3010.38
-3130.08 -3010.38
-3102.66 -3010.38
-3252.94 -3010.38
-3115.15 -3010.38
-3111.07 -3010.38
-3192.22 -3010.38
-3110.43 -3010.38
-3095.25 -3010.38
-3085.63 -3010.38
-3113.58 -3010.38
-3120.47 -3010.38
-3084.32 -3010.38
-3146.97 -3010.38
-3144.24 -3010.38
-3143.24 -3010.38
-3106.76 -3010.38
-3093.55 -3010.38
-3105.85 -3010.38
-3027.94 -3010.38
-3099.53 -3010.38
-3010.19 -3010.19
-3254.71 -3010.19
-3156.12 -3010.19
-3021.85 -3010.19
-3013.31 -3010.19
-2975.93 -2975.93
-3061.25 -2975.93
-3103.36 -2975.93
-2992.03 -2975.93
-3027.79 -2975.93
-3096.06 -2975.93
-3068.08 -2975.93
-3131.96 -2975.93
-3052.18 -2975.93
-2930.56 -2930.56
-3135.23 -2930.56
-3119.20 -2930.56
-2997.73 -2930.56
-2930.86 -2930.86
-3028.00 -2930.86
-3021.19 -2930.86
-3086.64 -2930.86
-3072.78 -2930.86
-3063.52 -2930.86
-3127.65 -2930.86
-3110.64 -2930.86
-3131.27 -2930.86
-3107.27 -2930.86
-3013.48 -2930.86
-2932.22 -2930.86
-3055.03 -2930.86
-3265.90 -2930.86
-3194.01 -2930.86
-2928.58 -2928.58
-2880.40 -2880.40
-3140.07 -2880.40
-3116.39 -2880.40
-2956.59 -2880.40
-3142.45 -2880.40
-2900.35 -2880.40
-2921.92 -2880.40
-3077.95 -2880.40
-3040.52 -2880.40
-2980.46 -2880.40
-2957.94 -2880.40
-3115.43 -2880.40
-2976.02 -2880.40
-2957.84 -2880.40
-2953.78 -2880.40
-3122.95 -2880.40
-3030.92 -2880.40
-2898.72 -2880.40
-2930.25 -2880.40
-3042.22 -2880.40
-2876.38 -2876.38
-2730.33 -2730.33
-2990.88 -2730.33
-2834.42 -2730.33
-2860.53 -2730.33
-2946.80 -2730.33
-2852.05 -2730.33
-2826.91 -2730.33
-2959.33 -2730.33
-2899.52 -2730.33
-2841.76 -2730.33
-2841.41 -2730.33
-3055.42 -2730.33
-2885.50 -2730.33
-2973.00 -2730.33
-2855.69 -2730.33
-2927.45 -2730.33
-2868.62 -2730.33
-2841.03 -2730.33
-2794.06 -2730.33
-2912.42 -2730.33
-2805.09 -2730.33
-2853.35 -2730.33
-2764.08 -2730.33
-2843.67 -2730.33
-2953.01 -2730.33
-2907.19 -2730.33
-2867.68 -2730.33
-2988.83 -2730.33
-2804.30 -2730.33
-2827.83 -2730.33
-2808.39 -2730.33
-2859.61 -2730.33
-2797.04 -2730.33
-2827.39 -2730.33
-2823.10 -2730.33
-2948.25 -2730.33
-2982.68 -2730.33
-2820.99 -2730.33
-2848.66 -2730.33
-2827.57 -2730.33
-2825.86 -2730.33
-2793.52 -2730.33
-2880.26 -2730.33
-2910.87 -2730.33
-2948.16 -2730.33
-2791.43 -2730.33
-2800.72 -2730.33
-2786.18 -2730.33
-2739.97 -2730.33
-2797.77 -2730.33
-2977.14 -2730.33
-2897.88 -2730.33
-2959.73 -2730.33
-2896.50 -2730.33
-2811.67 -2730.33
-2778.52 -2730.33
-2917.58 -2730.33
-2856.58 -2730.33
-2869.39 -2730.33
-2899.70 -2730.33
-2698.24 -2698.24
-2796.08 -2698.24
-2860.85 -2698.24
-2857.59 -2698.24
-2781.03 -2698.24
-2874.86 -2698.24
-2777.98 -2698.24
-2880.39 -2698.24
-2821.53 -2698.24
-3041.52 -2698.24
-2980.52 -2698.24
-2842.69 -2698.24
-2843.34 -2698.24
-2927.09 -2698.24
-2871.70 -2698.24
-2956.50 -2698.24
-2887.03 -2698.24
-2752.02 -2698.24
-2802.97 -2698.24
-2922.42 -2698.24
-2893.85 -2698.24
-2830.78 -2698.24
-2893.78 -2698.24
-2895.22 -2698.24
-2790.43 -2698.24
-2812.55 -2698.24
-2826.82 -2698.24
-2907.25 -2698.24
-3032.25 -2698.24
-2713.98 -2698.24
-2937.68 -2698.24
-2858.50 -2698.24
-2874.18 -2698.24
-2847.35 -2698.24
-2784.70 -2698.24
-2897.46 -2698.24
-2902.71 -2698.24
-2880.43 -2698.24
-2898.55 -2698.24
-2920.33 -2698.24
-2911.38 -2698.24
-3028.52 -2698.24
-2941.86 -2698.24
-2760.83 -2698.24
-2764.20 -2698.24
-2822.96 -2698.24
-3090.50 -2698.24
-2802.23 -2698.24
-2838.46 -2698.24
-2915.66 -2698.24
-3230.10 -3230.10
-3346.43 -3230.10
-3257.74 -3230.10
-3187.50 -3187.50
-3242.62 -3187.50
-3153.99 -3153.99
-3173.11 -3153.99
-3238.01 -3153.99
-3171.23 -3153.99
-3278.12 -3153.99
-3178.75 -3153.99
-3215.20 -3153.99
-3263.38 -3153.99
-3263.17 -3153.99
-3321.61 -3153.99
-3252.32 -3153.99
-3196.40 -3153.99
-3292.32 -3153.99
-3317.66 -3153.99
-3186.59 -3153.99
-3148.94 -3148.94
-3242.84 -3148.94
-3164.41 -3148.94
-3272.13 -3148.94
-3132.89 -3132.89
-3211.16 -3132.89
-3169.36 -3132.89
-3134.99 -3132.89
-3279.26 -3132.89
-3244.23 -3132.89
-3217.85 -3132.89
-3156.98 -3132.89
-3141.60 -3132.89
-3204.11 -3132.89
-3153.17 -3132.89
-3223.55 -3132.89
-3183.00 -3132.89
-3268.16 -3132.89
-3125.19 -3125.19
-3177.12 -3125.19
-3215.57 -3125.19
-3159.83 -3125.19
-3207.13 -3125.19
-3331.40 -3125.19
-3121.64 -3121.64
-3189.98 -3121.64
-3184.18 -3121.64
-3347.39 -3121.64
-3179.88 -3121.64
-3103.93 -3103.93
-3095.59 -3095.59
-3241.31 -3095.59
-3226.85 -3095.59
-3138.74 -3095.59
-3070.02 -3070.02
-3150.55 -3070.02
-3165.46 -3070.02
-3082.20 -3070.02
-3160.20 -3070.02
-3215.97 -3070.02
-3118.85 -3070.02
-3117.05 -3070.02
-3079.73 -3070.02
-3081.04 -3070.02
-3136.32 -3070.02
-3096.16 -3070.02
-3166.68 -3070.02
-3287.01 -3070.02
-3057.27 -3057.27
-3238.26 -3057.27
-3160.81 -3057.27
-3123.63 -3057.27
-3117.04 -3057.27
-3151.54 -3057.27
-3149.80 -3057.27
-3137.90 -3057.27
-3237.05 -3057.27
-3197.58 -3057.27
-3208.44 -3057.27
-3161.67 -3057.27
-3136.08 -3057.27
-3006.84 -3006.84
-3209.04 -3006.84
-3088.50 -3006.84
-3317.25 -3006.84
-3129.26 -3006.84
-3152.62 -3006.84
-3047.69 -3006.84
-3072.09 -3006.84
-3088.98 -3006.84
-3048.28 -3006.84
-3035.76 -3006.84
-2911.69 -2911.69
-3008.03 -2911.69
-3128.00 -2911.69
-3281.82 -2911.69
-2981.81 -2911.69
-3040.58 -2911.69
-3149.97 -2911.69
-3180.97 -2911.69
-2966.27 -2911.69
-3042.52 -2911.69
-3228.35 -2911.69
-3162.88 -2911.69
-3053.64 -2911.69
-3074.75 -2911.69
-3012.58 -2911.69
-3088.52 -2911.69
-3025.00 -2911.69
-3046.47 -2911.69
-3048.65 -2911.69
-3038.66 -2911.69
-3109.29 -2911.69
-3101.00 -2911.69
-2974.58 -2911.69
-3113.93 -2911.69
-3215.58 -2911.69
-3083.74 -2911.69
-3192.49 -2911.69
-3077.20 -2911.69
-3061.96 -2911.69
-3104.35 -2911.69
-2886.82 -2886.82
-3227.60 -2886.82
-3084.69 -2886.82
-3005.48 -2886.82
-3135.81 -2886.82
-3060.39 -2886.82
-2988.53 -2886.82
-3014.34 -2886.82
-3150.58 -2886.82
-3078.74 -2886.82
-3097.03 -2886.82
-3016.01 -2886.82
-3007.15 -2886.82
-3028.05 -2886.82
-3131.19 -2886.82
-3100.01 -2886.82
-3075.75 -2886.82
-3142.18 -2886.82
-3161.98 -2886.82
-3237.60 -2886.82
-3013.13 -2886.82
-3092.46 -2886.82
-3104.90 -2886.82
-3181.69 -2886.82
-3050.77 -2886.82
-3089.71 -2886.82
-3030.83 -2886.82
-3050.03 -2886.82
-3138.83 -2886.82
-3078.58 -2886.82
-3069.19 -2886.82
-2980.82 -2886.82
-3174.13 -2886.82
-3092.32 -2886.82
-3175.02 -2886.82
-3066.90 -2886.82
-3053.18 -2886.82
-3048.00 -2886.82
-3052.02 -2886.82
-3008.17 -2886.82
-3042.98 -2886.82
-3123.70 -2886.82
-3038.49 -2886.82
-3018.91 -2886.82
-3102.28 -2886.82
-3064.92 -2886.82
-3044.77 -2886.82
-3018.72 -2886.82
-3188.30 -2886.82
-3061.51 -2886.82
-3074.54 -2886.82
-3166.80 -2886.82
-3020.12 -2886.82
-3213.87 -2886.82
-3095.80 -2886.82
-3255.47 -2886.82
-2972.68 -2886.82
-2960.45 -2886.82
-3041.55 -2886.82
-2979.62 -2886.82
-3140.44 -2886.82
-3076.10 -2886.82
-3104.28 -2886.82
-3126.36 -2886.82
-3043.57 -2886.82
-3115.54 -2886.82
-2947.40 -2886.82
-3016.65 -2886.82
-3126.27 -2886.82
-2984.92 -2886.82
-3060.81 -2886.82
-3096.58 -2886.82
-3005.83 -2886.82
-3056.42 -2886.82
-3089.40 -2886.82
-3062.08 -2886.82
-3181.52 -2886.82
-3109.70 -2886.82
-3025.51 -2886.82
-3043.65 -2886.82
-2967.66 -2886.82
-3137.45 -2886.82
-3028.12 -2886.82
-3051.34 -2886.82
-3107.19 -2886.82
-3035.70 -2886.82
-3035.39 -2886.82
-3121.50 -2886.82
-2987.20 -2886.82
-3067.20 -2886.82
-3092.27 -2886.82
-2954.54 -2886.82
-3101.53 -2886.82
-2999.00 -2886.82
-3160.44 -2886.82
-3049.04 -2886.82
-3091.50 -2886.82
-3015.15 -2886.82
-3048.78 -2886.82
-3140.59 -2886.82
-3226.50 -2886.82
-3242.62 -2886.82
-3249.39 -2886.82
-3052.35 -2886.82
-3130.60 -2886.82
-3137.27 -2886.82
-3075.85 -2886.82
-3112.85 -2886.82
-3246.49 -2886.82
-3196.73 -2886.82
-3016.03 -2886.82
-3016.89 -2886.82
-3102.68 -2886.82
-3054.92 -2886.82
-3306.58 -2886.82
-3231.26 -2886.82
-2931.58 -2886.82
-3088.52 -2886.82
-3074.85 -2886.82
-3128.19 -2886.82
-3012.35 -2886.82
-3034.94 -2886.82
-3092.35 -2886.82
-3079.93 -2886.82
-3128.39 -2886.82
-3204.80 -2886.82
-3026.20 -2886.82
-3143.49 -2886.82
-3252.68 -2886.82
-3012.94 -2886.82
-3002.02 -2886.82
-3048.63 -2886.82
-3103.12 -2886.82
-3108.98 -2886.82
-3085.60 -2886.82
-3055.91 -2886.82
-3026.39 -2886.82
-3107.48 -2886.82
-3120.28 -2886.82
-3058.56 -2886.82
-3121.78 -2886.82
-3013.84 -2886.82
-3210.51 -2886.82
-3147.04 -2886.82
-3264.37 -2886.82
-3049.52 -2886.82
-3073.56 -2886.82
-3109.10 -2886.82
-3070.05 -2886.82
-3209.45 -2886.82
-3106.03 -2886.82
-3069.02 -2886.82
-2992.40 -2886.82
-3076.62 -2886.82
-3225.18 -2886.82
-3061.93 -2886.82
-3101.24 -2886.82
-3020.60 -2886.82
-3097.33 -2886.82
-3016.57 -2886.82
-3029.33 -2886.82
-3016.18 -2886.82
-3052.02 -2886.82
-3013.42 -2886.82
-3110.64 -2886.82
-3136.81 -2886.82
-3083.98 -2886.82
-3168.53 -2886.82
-3015.66 -2886.82
-3237.88 -2886.82
-3212.68 -2886.82
-3106.26 -2886.82
-3124.61 -2886.82
-3053.30 -2886.82
-3252.34 -2886.82
-3053.34 -2886.82
-3047.06 -2886.82
-3080.12 -2886.82
-3069.51 -2886.82
-3138.51 -2886.82
-3122.43 -2886.82
-3109.37 -2886.82
-3062.24 -2886.82
-3183.63 -2886.82
-2955.53 -2886.82
-2980.93 -2886.82
-3102.66 -2886.82
-3024.63 -2886.82
-3022.11 -2886.82
-3273.97 -2886.82
-3204.26 -2886.82
-3106.12 -2886.82
-3082.06 -2886.82
-3068.45 -2886.82
-3060.20 -2886.82
-3131.63 -2886.82
-3052.19 -2886.82
-3059.62 -2886.82
-3116.20 -2886.82
-3257.50 -2886.82
-3012.58 -2886.82
-3093.90 -2886.82
-3097.10 -2886.82
-3061.09 -2886.82
-3073.48 -2886.82
-3176.81 -2886.82
-3072.51 -2886.82
-3040.80 -2886.82
-2960.19 -2886.82
-2990.66 -2886.82
-3259.18 -2886.82
-2930.72 -2886.82
-3238.98 -2886.82
-3221.79 -2886.82
-3069.71 -2886.82
-3191.18 -2886.82
-3137.19 -2886.82
-3102.04 -2886.82
-3175.67 -2886.82
-2957.58 -2886.82
-3084.05 -2886.82
-3087.99 -2886.82
-3136.12 -2886.82
-3133.22 -2886.82
-3023.79 -2886.82
-3012.54 -2886.82
-3070.52 -2886.82
-3306.59 -2886.82
-3123.30 -2886.82
-3098.65 -2886.82
-3066.40 -2886.82
-3147.84 -2886.82
-3118.91 -2886.82
-3095.87 -2886.82
-3106.34 -2886.82
-3100.22 -2886.82
-3043.60 -2886.82
-3065.83 -2886.82
-3257.50 -2886.82
-3127.24 -2886.82
-3102.58 -2886.82
-3088.93 -2886.82
-3122.07 -2886.82
-3168.22 -2886.82
-3104.59 -2886.82
-3204.59 -2886.82
-3132.79 -2886.82
-3327.22 -2886.82
-2959.89 -2886.82
-3052.76 -2886.82
-3054.03 -2886.82
-3075.39 -2886.82
-3104.90 -2886.82
-2994.95 -2886.82
-3084.19 -2886.82
-3104.24 -2886.82
-3043.33 -2886.82
-3040.33 -2886.82
-3057.96 -2886.82
-2956.20 -2886.82
-3122.42 -2886.82
-2993.26 -2886.82
-3085.43 -2886.82
-3171.29 -2886.82
-3025.08 -2886.82
-2961.08 -2886.82
-3092.00 -2886.82
-3014.25 -2886.82
-2919.36 -2886.82
-3090.68 -2886.82
-3028.62 -2886.82
-3021.74 -2886.82
-3011.61 -2886.82
-3055.02 -2886.82
-2971.39 -2886.82
-3010.89 -2886.82
-3055.78 -2886.82
-3001.25 -2886.82
-2973.46 -2886.82
-3150.78 -2886.82
-3104.55 -2886.82
-3067.02 -2886.82
-2995.33 -2886.82
-3004.83 -2886.82
-3078.86 -2886.82
-3124.00 -2886.82
-3090.41 -2886.82
-3046.98 -2886.82
-3043.55 -2886.82
-3073.16 -2886.82
-3048.06 -2886.82
-3041.16 -2886.82
-3036.76 -2886.82
-3104.96 -2886.82
-3287.67 -2886.82
-3230.88 -3230.88
-3191.86 -3191.86
-3287.98 -3191.86
-3350.32 -3191.86
-3277.28 -3191.86
-3214.89 -3191.86
-3191.58 -3191.58
-3388.37 -3191.58
-3220.53 -3191.58
-3209.48 -3191.58
-3228.55 -3191.58
-3262.04 -3191.58
-3365.40 -3191.58
-3225.73 -3191.58
-3234.95 -3191.58
-3263.49 -3191.58
-3201.24 -3191.58
-3270.27 -3191.58
-3234.08 -3191.58
-3257.73 -3191.58
-3209.90 -3191.58
-3187.25 -3187.25
-3151.45 -3151.45
-3225.36 -3151.45
-3212.81 -3151.45
-3282.78 -3151.45
-3322.12 -3151.45
-3075.77 -3075.77
-3171.22 -3075.77
-3135.66 -3075.77
-3163.13 -3075.77
-3114.17 -3075.77
-3176.34 -3075.77
-3273.62 -3075.77
-3230.66 -3075.77
-3091.57 -3075.77
-3112.42 -3075.77
-3209.16 -3075.77
-3189.05 -3075.77
-3212.95 -3075.77
-3131.51 -3075.77
-3053.49 -3053.49
-3219.87 -3053.49
-3113.17 -3053.49
-3039.27 -3039.27
-3165.18 -3039.27
-3059.42 -3039.27
-3174.36 -3039.27
-3115.70 -3039.27
-3124.22 -3039.27
-3141.33 -3039.27
-3080.18 -3039.27
-3066.05 -3039.27
-3062.71 -3039.27
-3144.57 -3039.27
-3030.20 -3030.20
-3049.77 -3030.20
-2986.16 -2986.16
-3019.77 -2986.16
-3088.68 -2986.16
-2978.63 -2978.63
-3132.63 -2978.63
-3115.95 -2978.63
-2985.07 -2978.63
-3019.34 -2978.63
-3053.47 -2978.63
-3027.81 -2978.63
-3007.94 -2978.63
-2864.05 -2864.05
-2897.43 -2864.05
-2968.59 -2864.05
-3084.20 -2864.05
-2914.07 -2864.05
-2952.31 -2864.05
-2922.08 -2864.05
-3052.83 -2864.05
-3174.87 -2864.05
-3181.03 -2864.05
-2955.65 -2864.05
-2866.58 -2864.05
-2938.22 -2864.05
-2861.66 -2861.66
-2979.78 -2861.66
-2852.05 -2852.05
-2854.51 -2852.05
-3138.28 -2852.05
-2898.38 -2852.05
-2927.79 -2852.05
-2967.29 -2852.05
-2892.47 -2852.05
-2799.32 -2799.32
-2864.67 -2799.32
-2508.86 -2508.86
-2696.17 -2508.86
-2861.97 -2508.86
-2766.04 -2508.86
-2572.69 -2508.86
-2731.70 -2508.86
-2904.52 -2508.86
-2530.80 -2508.86
-2685.97 -2508.86
-2481.40 -2481.40
-2655.10 -2481.40
-2679.11 -2481.40
-2586.62 -2481.40
-2741.42 -2481.40
-2736.16 -2481.40
-2776.30 -2481.40
-2688.92 -2481.40
-2722.07 -2481.40
-2795.31 -2481.40
-2668.85 -2481.40
-2799.24 -2481.40
-2826.00 -2481.40
-2842.16 -2481.40
-2462.98 -2462.98
-2877.24 -2462.98
-2796.66 -2462.98
-2558.22 -2462.98
-2701.53 -2462.98
-2618.64 -2462.98
-2747.01 -2462.98
-2563.35 -2462.98
-2601.74 -2462.98
-2762.77 -2462.98
-2701.52 -2462.98
-2679.52 -2462.98
-2746.86 -2462.98
-2614.70 -2462.98
-2632.25 -2462.98
-2700.93 -2462.98
-2629.31 -2462.98
-2781.24 -2462.98
-2618.85 -2462.98
-2641.53 -2462.98
-2727.72 -2462.98
-2794.86 -2462.98
-2636.69 -2462.98
-2534.30 -2462.98
-2720.19 -2462.98
-2659.81 -2462.98
-2998.95 -2462.98
-2727.78 -2462.98
-2559.40 -2462.98
-2553.88 -2462.98
-2535.62 -2462.98
-2558.64 -2462.98
-2618.63 -2462.98
-2649.79 -2462.98
-2794.27 -2462.98
-2778.07 -2462.98
-2724.60 -2462.98
-2717.34 -2462.98
-2575.66 -2462.98
-2740.38 -2462.98
-2641.25 -2462.98
-2571.91 -2462.98
-2679.89 -2462.98
-2815.31 -2462.98
-2750.12 -2462.98
-2879.08 -2462.98
-2799.78 -2462.98
-2469.67 -2462.98
-2744.52 -2462.98
-2642.60 -2462.98
-2776.59 -2462.98
-2647.21 -2462.98
-2655.86 -2462.98
-2715.05 -2462.98
-2864.03 -2462.98
-2592.62 -2462.98
-2687.51 -2462.98
-2687.82 -2462.98
-2758.66 -2462.98
-2579.85 -2462.98
-2681.18 -2462.98
-2827.52 -2462.98
-2680.28 -2462.98
-2752.84 -2462.98
-3026.82 -2462.98
-2663.02 -2462.98
-2776.08 -2462.98
-2602.96 -2462.98
-2583.43 -2462.98
-2519.87 -2462.98
-2712.36 -2462.98
-2709.88 -2462.98
-2658.90 -2462.98
-2751.07 -2462.98
-2598.09 -2462.98
-2461.51 -2461.51
-2572.79 -2461.51
-2708.08 -2461.51
-2559.47 -2461.51
-2622.08 -2461.51
-2781.98 -2461.51
-2775.56 -2461.51
-2905.31 -2461.51
-2943.76 -2461.51
-2551.98 -2461.51
-2663.40 -2461.51
-2810.78 -2461.51
-2714.10 -2461.51
-2609.75 -2461.51
-2566.63 -2461.51
-2787.79 -2461.51
-2674.77 -2461.51
-2672.38 -2461.51
-2793.14 -2461.51
-2812.87 -2461.51
-2781.29 -2461.51
-2638.73 -2461.51
-2800.44 -2461.51
-2662.22 -2461.51
-3106.91 -2461.51
-2708.77 -2461.51
-2598.34 -2461.51
-2762.34 -2461.51
-2906.22 -2461.51
-2616.73 -2461.51
-2691.42 -2461.51
-2819.32 -2461.51
-2637.74 -2461.51
-2869.31 -2461.51
-2812.13 -2461.51
-2764.69 -2461.51
-2775.15 -2461.51
-2848.78 -2461.51
-2641.10 -2461.51
-2707.82 -2461.51
-2658.29 -2461.51
-2776.70 -2461.51
-2771.08 -2461.51
-2768.87 -2461.51
-2717.84 -2461.51
-2754.25 -2461.51
-2551.20 -2461.51
-2658.00 -2461.51
-2717.12 -2461.51
-2799.14 -2461.51
-2504.84 -2461.51
-2640.43 -2461.51
-2700.99 -2461.51
-2606.56 -2461.51
-2731.77 -2461.51
-2690.90 -2461.51
-2626.72 -2461.51
-2836.14 -2461.51
-2796.43 -2461.51
-2834.47 -2461.51
-2721.97 -2461.51
-2683.43 -2461.51
-2738.28 -2461.51
-2577.69 -2461.51
-2655.89 -2461.51
-2602.39 -2461.51
-2722.86 -2461.51
-2690.79 -2461.51
-2660.34 -2461.51
-2668.66 -2461.51
-2595.04 -2461.51
-2500.76 -2461.51
-2583.06 -2461.51
-2576.68 -2461.51
-2771.33 -2461.51
-2705.82 -2461.51
-2710.16 -2461.51
-2465.92 -2461.51
-2763.37 -2461.51
-2783.49 -2461.51
-2563.93 -2461.51
-2507.07 -2461.51
-2677.41 -2461.51
-2708.86 -2461.51
-2633.00 -2461.51
-2783.78 -2461.51
-2897.69 -2461.51
-2653.63 -2461.51
-2518.61 -2461.51
-2722.97 -2461.51
-2797.57 -2461.51
-2899.90 -2461.51
-2838.72 -2461.51
-2551.81 -2461.51
-2749.86 -2461.51
-2703.68 -2461.51
-2590.63 -2461.51
-2868.68 -2461.51
-2803.47 -2461.51
-2544.76 -2461.51
-2630.92 -2461.51
-2788.47 -2461.51
-2747.99 -2461.51
-2589.16 -2461.51
-2670.54 -2461.51
-2720.86 -2461.51
-2565.12 -2461.51
-2478.45 -2461.51
-2564.12 -2461.51
-2754.86 -2461.51
-2850.20 -2461.51
-2750.22 -2461.51
-2578.74 -2461.51
-2549.87 -2461.51
-2771.86 -2461.51
-2808.76 -2461.51
-2580.35 -2461.51
-2841.75 -2461.51
-2771.38 -2461.51
-2617.00 -2461.51
-2651.14 -2461.51
-2563.43 -2461.51
-2535.73 -2461.51
-2837.78 -2461.51
-2562.73 -2461.51
-2587.67 -2461.51
-2692.15 -2461.51
-2724.78 -2461.51
-2654.96 -2461.51
-2515.25 -2461.51
-2511.05 -2461.51
-2919.61 -2461.51
-2775.54 -2461.51
-2656.58 -2461.51
-2849.79 -2461.51
-2685.87 -2461.51
-2921.39 -2461.51
-2664.24 -2461.51
-2734.97 -2461.51
-2714.88 -2461.51
-2528.93 -2461.51
-2762.15 -2461.51
-2463.53 -2461.51
-2788.80 -2461.51
-2687.08 -2461.51
-2655.90 -2461.51
-2701.41 -2461.51
-2630.53 -2461.51
-2776.52 -2461.51
-3031.23 -2461.51
-2634.45 -2461.51
-2667.30 -2461.51
-2688.38 -2461.51
-2936.89 -2461.51
-2770.18 -2461.51
-2733.44 -2461.51
-2744.89 -2461.51
-2612.63 -2461.51
-2751.84 -2461.51
-2518.82 -2461.51
-2498.48 -2461.51
-2521.86 -2461.51
-2650.54 -2461.51
-2799.61 -2461.51
-2632.69 -2461.51
-2817.35 -2461.51
-2669.61 -2461.51
-2554.40 -2461.51
-2679.94 -2461.51
-2654.08 -2461.51
-2820.90 -2461.51
-2593.66 -2461.51
-2719.21 -2461.51
-2587.32 -2461.51
-2687.65 -2461.51
-2637.46 -2461.51
-2627.89 -2461.51
-2790.51 -2461.51
-2813.02 -2461.51
-2563.97 -2461.51
-2708.77 -2461.51
-2620.13 -2461.51
-2720.83 -2461.51
-2566.32 -2461.51
-2637.91 -2461.51
-2567.19 -2461.51
-2738.07 -2461.51
-2818.66 -2461.51
-2567.63 -2461.51
-2812.02 -2461.51
-2891.38 -2461.51
-2610.62 -2461.51
-2876.56 -2461.51
-2732.00 -2461.51
-2671.46 -2461.51
-2832.51 -2461.51
-2600.73 -2461.51
-2616.86 -2461.51
-2718.58 -2461.51
-2630.82 -2461.51
-2801.27 -2461.51
-3031.23 -2461.51
-2995.63 -2461.51
-3031.44 -2461.51
-2716.16 -2461.51
-2640.94 -2461.51
-2671.54 -2461.51
-2673.61 -2461.51
-2719.17 -2461.51
-2733.62 -2461.51
-2803.66 -2461.51
-2782.58 -2461.51
-2587.92 -2461.51
-2702.27 -2461.51
-2761.09 -2461.51
-2683.07 -2461.51
-2666.40 -2461.51
-2922.53 -2461.51
-2748.06 -2461.51
-2652.11 -2461.51
-2752.27 -2461.51
-2630.41 -2461.51
-2679.10 -2461.51
-2855.08 -2461.51
-2547.15 -2461.51
-3252.94 -2461.51
-3265.07 -2461.51
-3265.41 -2461.51
-3216.96 -3216.96
-3406.83 -3216.96
-3233.90 -3216.96
-3377.60 -3216.96
-3300.72 -3216.96
-3357.58 -3216.96
-3249.09 -3216.96
-3250.66 -3216.96
-3166.63 -3166.63
-3179.63 -3166.63
-3254.20 -3166.63
-3219.65 -3166.63
-3164.70 -3164.70
-3367.00 -3164.70
-3353.96 -3164.70
-3189.65 -3164.70
-3262.46 -3164.70
-3226.57 -3164.70
-3288.99 -3164.70
-3274.71 -3164.70
-3205.51 -3164.70
-3221.02 -3164.70
-3281.21 -3164.70
-3197.29 -3164.70
-3214.76 -3164.70
-3276.72 -3164.70
-3266.56 -3164.70
-3242.80 -3164.70
-3218.81 -3164.70
-3216.35 -3164.70
-3229.11 -3164.70
-3319.34 -3164.70
-3314.34 -3164.70
-3239.72 -3164.70
-3304.72 -3164.70
-3287.24 -3164.70
-3242.87 -3164.70
-3325.17 -3164.70
-3155.63 -3155.63
-3318.83 -3155.63
-3235.45 -3155.63
-3158.19 -3155.63
-3213.06 -3155.63
-3194.39 -3155.63
-3219.54 -3155.63
-3218.92 -3155.63
-3170.88 -3155.63
-3199.99 -3155.63
-3241.74 -3155.63
-3325.17 -3155.63
-3256.09 -3155.63
-3172.07 -3155.63
-3249.09 -3155.63
-3352.19 -3155.63
-3230.10 -3155.63
-3217.00 -3155.63
-3206.40 -3155.63
-3262.42 -3155.63
-3290.13 -3155.63
-3322.51 -3155.63
-3177.27 -3155.63
-3189.57 -3155.63
-3241.42 -3155.63
-3307.26 -3155.63
-3229.90 -3155.63
-3341.36 -3155.63
-3228.05 -3155.63
-3314.49 -3155.63
-3345.82 -3155.63
-3158.38 -3155.63
-3155.63 -3155.63
-3233.33 -3155.63
-3152.30 -3152.30
-3210.95 -3152.30
-3157.60 -3152.30
-3195.14 -3152.30
-3284.86 -3152.30
-3270.39 -3152.30
-3180.26 -3152.30
-3188.67 -3152.30
-3183.30 -3152.30
-3276.73 -3152.30
-3262.94 -3152.30
-3216.02 -3152.30
-3306.57 -3152.30
-3177.12 -3152.30
-3286.98 -3152.30
-3170.63 -3152.30
-3217.66 -3152.30
-3289.09 -3152.30
-3357.46 -3152.30
-3197.21 -3152.30
-3299.30 -3152.30
-3181.38 -3152.30
-3369.22 -3152.30
-3201.83 -3152.30
-3201.19 -3152.30
-3233.95 -3152.30
-3220.62 -3152.30
-3205.02 -3152.30
-3221.96 -3152.30
-3218.08 -3152.30
-3311.19 -3152.30
-3206.42 -3152.30
-3257.68 -3152.30
-3212.74 -3152.30
-3206.10 -3152.30
-3181.97 -3152.30
-3263.04 -3152.30
-3187.71 -3152.30
-3208.48 -3152.30
-3389.56 -3152.30
-3326.29 -3152.30
-3272.34 -3152.30
-3162.29 -3152.30
-3257.02 -3152.30
-3248.64 -3152.30
-3201.98 -3152.30
-3346.73 -3152.30
-3244.64 -3152.30
-3219.08 -3152.30
-3179.42 -3152.30
-3227.31 -3152.30
-3374.62 -3152.30
-3273.81 -3152.30
-3274.35 -3152.30
-3211.06 -3152.30
-3294.66 -3152.30
-3160.95 -3152.30
-3358.54 -3152.30
-3208.46 -3152.30
-3223.73 -3152.30
-3342.00 -3152.30
-3198.59 -3152.30
-3232.98 -3152.30
-3283.50 -3152.30
-3245.34 -3152.30
-3343.22 -3152.30
-3182.52 -3152.30
-3363.64 -3152.30
-3117.25 -3117.25
-3196.21 -3117.25
-3351.77 -3117.25
-3183.87 -3117.25
-3282.39 -3117.25
-3289.24 -3117.25
-3271.63 -3117.25
-3238.20 -3117.25
-3169.33 -3117.25
-3161.75 -3117.25
-3214.18 -3117.25
-3145.29 -3117.25
-3205.32 -3117.25
-3143.59 -3117.25
-3196.76 -3117.25
-3311.81 -3117.25
-3207.24 -3117.25
-3229.55 -3117.25
-3270.41 -3117.25
-3340.35 -3117.25
-3135.32 -3117.25
-3137.38 -3117.25
-3225.54 -3117.25
-3348.58 -3117.25
-3236.43 -3117.25
-3218.20 -3117.25
-3240.46 -3117.25
-3238.64 -3117.25
-3204.58 -3117.25
-3188.55 -3117.25
-3279.42 -3117.25
-3218.11 -3117.25
-3131.77 -3117.25
-3241.40 -3117.25
-3168.15 -3117.25
-3162.99 -3117.25
-3260.75 -3117.25
-3193.73 -3117.25
-3190.53 -3117.25
-3223.18 -3117.25
-3232.43 -3117.25
-3194.52 -3117.25
-3325.37 -3117.25
-3217.96 -3117.25
-3170.36 -3117.25
-3229.58 -3117.25
-3172.80 -3117.25
-3149.07 -3117.25
-3149.02 -3117.25
-3212.30 -3117.25
-3183.04 -3117.25
-3289.09 -3117.25
-3224.42 -3117.25
-3199.24 -3117.25
-3255.48 -3117.25
-3188.76 -3117.25
-3142.67 -3117.25
-3126.58 -3117.25
-3273.65 -3117.25
-3147.60 -3117.25
-3282.52 -3117.25
-3216.93 -3117.25
-3204.78 -3117.25
-3222.63 -3117.25
-3250.46 -3117.25
-3162.62 -3117.25
-3217.98 -3117.25
-3200.25 -3117.25
-3148.07 -3117.25
-3195.98 -3117.25
-3229.51 -3117.25
-3195.00 -3117.25
-3203.12 -3117.25
-3252.70 -3117.25
-3263.34 -3117.25
-3170.98 -3117.25
-3161.58 -3117.25
-3205.29 -3117.25
-3275.47 -3117.25
-3263.78 -3117.25
-3274.52 -3117.25
-3166.56 -3117.25
-3186.51 -3117.25
-3230.25 -3117.25
-3246.52 -3117.25
-3195.24 -3117.25
-3279.89 -3117.25
-3328.73 -3117.25
-3266.68 -3117.25
-3250.12 -3117.25
-3147.85 -3117.25
-3313.04 -3117.25
-3111.30 -3111.30
-3140.33 -3111.30
-3236.45 -3111.30
-3229.83 -3111.30
-3281.55 -3111.30
-3136.89 -3111.30
-3150.12 -3111.30
-3277.37 -3111.30
-3106.72 -3106.72
-3133.35 -3106.72
-3179.19 -3106.72
-3239.58 -3106.72
-3197.26 -3106.72
-3248.94 -3106.72
-3205.41 -3106.72
-3248.74 -3106.72
-3208.00 -3106.72
-3157.99 -3106.72
-3193.87 -3106.72
-3283.02 -3106.72
-3184.02 -3106.72
-3250.80 -3106.72
-3279.28 -3106.72
-3199.61 -3106.72
-3312.25 -3106.72
-3212.79 -3106.72
-3188.89 -3106.72
-3238.85 -3106.72
-3187.98 -3106.72
-3186.21 -3106.72
-3218.75 -3106.72
-3219.37 -3106.72
-3151.63 -3106.72
-3179.88 -3106.72
-3170.16 -3106.72
-3286.06 -3106.72
-3179.15 -3106.72
-3252.63 -3106.72
-3250.20 -3106.72
-3213.31 -3106.72
-3131.60 -3106.72
-3203.27 -3106.72
-3218.35 -3106.72
-3287.39 -3106.72
-3246.79 -3106.72
-3164.84 -3106.72
-3184.46 -3106.72
-3212.21 -3106.72
-3289.02 -3106.72
-3204.14 -3106.72
-3226.90 -3106.72
-3129.74 -3106.72
-3239.92 -3106.72
-3195.66 -3106.72
-3179.69 -3106.72
-3150.64 -3106.72
-3298.92 -3106.72
-3181.08 -3106.72
-3143.36 -3106.72
-3191.39 -3106.72
-3172.22 -3106.72
-3271.11 -3106.72
-3120.48 -3106.72
-3236.02 -3106.72
-3198.63 -3106.72
-3231.40 -3106.72
-3139.41 -3106.72
-3264.03 -3106.72
-3218.74 -3106.72
-3301.36 -3106.72
-3195.61 -3106.72
-3176.94 -3106.72
-3314.26 -3106.72
-3152.10 -3106.72
-3154.43 -3106.72
-3185.29 -3106.72
-3142.29 -3106.72
-3234.16 -3106.72
-3247.75 -3106.72
-3232.08 -3106.72
-3368.70 -3106.72
-3135.35 -3106.72
-3188.50 -3106.72
-3151.45 -3106.72
-3329.51 -3106.72
-3129.09 -3106.72
-3129.45 -3106.72
-3251.71 -3106.72
-3182.58 -3106.72
-3320.22 -3106.72
-3199.78 -3106.72
-3141.57 -3106.72
-3187.69 -3106.72
-3199.70 -3106.72
-3247.93 -3106.72
-3243.51 -3106.72
-3300.09 -3106.72
-3191.97 -3106.72
-3249.80 -3106.72
-3150.67 -3106.72
-3152.03 -3106.72
-3164.48 -3106.72
-3233.58 -3106.72
-3167.66 -3106.72
-3204.40 -3106.72
-3161.98 -3106.72
-3281.14 -3106.72
-3275.92 -3106.72
-3202.10 -3106.72
-3207.42 -3106.72
-3189.04 -3106.72
-3276.67 -3106.72
-3357.06 -3106.72
-3243.41 -3106.72
-3279.56 -3106.72
-3269.68 -3106.72
-3215.57 -3106.72
-3247.26 -3106.72
-3206.09 -3106.72
-3268.63 -3106.72
-3210.35 -3106.72
-3144.48 -3106.72
-3275.29 -3106.72
-3328.81 -3106.72
-3220.80 -3106.72
-3175.71 -3106.72
-3179.91 -3106.72
-3246.82 -3106.72
-3230.40 -3106.72
-3283.02 -3106.72
-3231.72 -3106.72
-3159.46 -3106.72
-3156.48 -3106.72
-3116.37 -3106.72
-3215.05 -3106.72
-3197.60 -3106.72
-3186.91 -3106.72
-3163.24 -3106.72
-3201.45 -3106.72
-3143.99 -3106.72
-3229.86 -3106.72
-3246.64 -3106.72
-3220.22 -3106.72
-3151.29 -3106.72
-3195.06 -3106.72
-3176.25 -3106.72
-3199.44 -3106.72
-3167.87 -3106.72
-3254.19 -3106.72
-3195.61 -3106.72
-3139.80 -3106.72
-3233.47 -3106.72
-3214.01 -3106.72
-3228.85 -3106.72
-3205.10 -3106.72
-3212.94 -3106.72
-3137.48 -3106.72
-3233.82 -3106.72
-3148.62 -3106.72
-3257.26 -3106.72
-3149.36 -3106.72
-3353.15 -3106.72
-3181.22 -3106.72
-3204.66 -3106.72
-3233.40 -3106.72
-3150.03 -3106.72
-3191.49 -3106.72
-3151.62 -3106.72
-3254.55 -3106.72
-3177.82 -3106.72
-3253.29 -3106.72
-3182.93 -3106.72
-3221.07 -3106.72
-3238.99 -3106.72
-3237.33 -3106.72
-3163.80 -3106.72
-3169.22 -3106.72
-3182.79 -3106.72
-3160.99 -3106.72
-3294.09 -3106.72
-3248.61 -3106.72
-3160.38 -3160.38
-3213.12 -3160.38
-3318.27 -3160.38
-3280.96 -3160.38
-3246.53 -3160.38
-3176.93 -3160.38
-3271.69 -3160.38
-3276.52 -3160.38
-3238.02 -3160.38
-3264.91 -3160.38
-3269.52 -3160.38
-3331.67 -3160.38
-3265.36 -3160.38
-3220.80 -3160.38
-3213.70 -3160.38
-3191.31 -3160.38
-3314.15 -3160.38
-3282.27 -3160.38
-3233.53 -3160.38
-3270.74 -3160.38
-3223.46 -3160.38
-3223.24 -3160.38
-3359.95 -3160.38
-3307.86 -3160.38
-3249.48 -3160.38
-3383.07 -3160.38
-3271.17 -3160.38
-3171.74 -3160.38
-3269.16 -3160.38
-3281.51 -3160.38
-3304.86 -3160.38
-3314.23 -3160.38
-3169.23 -3160.38
-3192.73 -3160.38
-3201.67 -3160.38
-3285.38 -3160.38
-3284.67 -3160.38
-3264.91 -3160.38
-3229.06 -3160.38
-3209.41 -3160.38
-3340.67 -3160.38
-3196.24 -3160.38
-3177.65 -3160.38
-3275.38 -3160.38
-3235.98 -3160.38
-3216.09 -3160.38
-3369.02 -3160.38
-3334.75 -3160.38
-3200.78 -3160.38
-3192.82 -3160.38
-3328.81 -3160.38
-3373.11 -3160.38
-3203.20 -3160.38
-3164.00 -3160.38
-3212.57 -3160.38
-3200.02 -3160.38
-3169.24 -3160.38
-3243.93 -3160.38
-3266.69 -3160.38
-3181.65 -3160.38
-3250.48 -3160.38
-3209.92 -3160.38
-3226.94 -3160.38
-3235.72 -3160.38
-3246.79 -3160.38
-3321.32 -3160.38
-3300.04 -3160.38
-3282.32 -3160.38
-3225.75 -3160.38
-3262.26 -3160.38
-3277.59 -3160.38
-3223.75 -3160.38
-3157.73 -3157.73
-3255.46 -3157.73
-3301.75 -3157.73
-3225.52 -3157.73
-3228.77 -3157.73
-3339.40 -3157.73
-3241.64 -3157.73
-3137.16 -3137.16
-3185.64 -3137.16
-3324.49 -3137.16
-3240.21 -3137.16
-3223.78 -3137.16
-3284.51 -3137.16
-3191.91 -3137.16
-3302.43 -3137.16
-3258.95 -3137.16
-3223.10 -3137.16
-3220.89 -3137.16
-3174.84 -3137.16
-3192.55 -3137.16
-3181.12 -3137.16
-3188.54 -3137.16
-3425.13 -3137.16
-3252.63 -3137.16
-3139.69 -3137.16
-3235.18 -3137.16
-3200.61 -3137.16
-3208.61 -3137.16
-3332.74 -3137.16
-3182.63 -3137.16
-3198.81 -3137.16
-3199.58 -3137.16
-3206.45 -3137.16
-3169.09 -3137.16
-3336.80 -3137.16
-3137.16 -3137.16
-3207.74 -3137.16
-3172.36 -3137.16
-3258.06 -3137.16
-3222.57 -3137.16
-3278.70 -3137.16
-3213.29 -3137.16
-3183.97 -3137.16
-3210.05 -3137.16
-3206.89 -3137.16
-3287.50 -3137.16
-3179.91 -3137.16
-3206.86 -3137.16
-3231.50 -3137.16
-3205.40 -3137.16
-3186.19 -3137.16
-3237.94 -3137.16
-3212.39 -3137.16
-3193.52 -3137.16
-3230.56 -3137.16
-3231.31 -3137.16
-3241.43 -3137.16
-3246.90 -3137.16
-3238.28 -3137.16
-3206.12 -3137.16
-3215.35 -3137.16
-3257.32 -3137.16
-3184.65 -3137.16
-3296.41 -3137.16
-3239.78 -3137.16
-3216.92 -3137.16
-3177.62 -3137.16
-3165.86 -3137.16
-3227.64 -3137.16
-3301.29 -3137.16
-3222.78 -3137.16
-3140.18 -3137.16
-3135.34 -3135.34
-3220.52 -3135.34
-3186.87 -3135.34
-3240.05 -3135.34
-3178.35 -3135.34
-3260.93 -3135.34
-3259.86 -3135.34
-3094.17 -3094.17
-3161.85 -3094.17
-3191.11 -3094.17
-3096.18 -3094.17
-3089.06 -3089.06
-3146.94 -3089.06
-3061.83 -3061.83
-3175.51 -3061.83
-3196.45 -3061.83
-3309.31 -3061.83
-3217.52 -3061.83
-3137.17 -3061.83
-3116.56 -3061.83
-3158.43 -3061.83
-3098.32 -3061.83
-3231.22 -3061.83
-3181.66 -3061.83
-3135.34 -3061.83
-3114.83 -3061.83
-3109.20 -3061.83
-3177.62 -3061.83
-3297.01 -3061.83
-3097.36 -3061.83
-3014.03 -3014.03
-3233.80 -3014.03
-3212.14 -3014.03
-3237.58 -3014.03
-3042.99 -3014.03
-3243.16 -3014.03
-3063.91 -3014.03
-3102.99 -3014.03
-3125.36 -3014.03
-3197.29 -3014.03
-3047.96 -3014.03
-3142.94 -3014.03
-3047.93 -3014.03
-3260.62 -3014.03
-3122.58 -3014.03
-3046.18 -3014.03
-3116.80 -3014.03
-3055.83 -3014.03
-3162.25 -3014.03
-3063.23 -3014.03
-3044.87 -3014.03
-3070.70 -3014.03
-3150.52 -3014.03
-3023.67 -3014.03
-3100.64 -3014.03
-3173.65 -3014.03
-3129.38 -3014.03
-3031.89 -3014.03
-3228.56 -3014.03
-3084.05 -3014.03
-3125.20 -3014.03
-3106.43 -3014.03
-3096.71 -3014.03
-3230.95 -3014.03
-3076.93 -3014.03
-3171.49 -3014.03
-2996.48 -2996.48
-2998.95 -2996.48
-3273.49 -2996.48
-3097.61 -2996.48
-3148.22 -2996.48
-3026.48 -2996.48
-3110.00 -2996.48
-3069.31 -2996.48
-3170.90 -2996.48
-3055.90 -2996.48
-3114.54 -2996.48
-3008.19 -2996.48
-3050.02 -2996.48
-3086.19 -2996.48
-3205.13 -2996.48
-3043.41 -2996.48
-3134.88 -2996.48
-3198.85 -2996.48
-3160.37 -2996.48
-3154.24 -2996.48
-3231.58 -2996.48
-3111.56 -2996.48
-3135.71 -2996.48
-3017.26 -2996.48
-3240.28 -2996.48
-3084.59 -2996.48
-3264.65 -2996.48
-3138.11 -2996.48
-3134.03 -2996.48
-3275.58 -2996.48
-2904.62 -2904.62
-3008.90 -2904.62
-3077.37 -2904.62
-3087.01 -2904.62
-2875.18 -2875.18
-2796.49 -2796.49
-2965.32 -2796.49
-3008.75 -2796.49
-3094.79 -2796.49
-2951.49 -2796.49
-2929.92 -2796.49
-2944.45 -2796.49
-2835.39 -2796.49
-2938.61 -2796.49
-3002.90 -2796.49
-2979.92 -2796.49
-2835.03 -2796.49
-2971.92 -2796.49
-2945.33 -2796.49
-2928.28 -2796.49
-2933.21 -2796.49
-2858.25 -2796.49
-2888.36 -2796.49
-3045.05 -2796.49
-2900.57 -2796.49
-3024.74 -2796.49
-3187.71 -2796.49
-2956.33 -2796.49
-3003.24 -2796.49
-2968.56 -2796.49
-2934.80 -2796.49
-2842.84 -2796.49
-2966.32 -2796.49
-3051.62 -2796.49
-3121.99 -2796.49
-3026.13 -2796.49
-3017.43 -2796.49
-2941.03 -2796.49
-2945.22 -2796.49
-3030.82 -2796.49
-2928.35 -2796.49
-3069.38 -2796.49
-2852.32 -2796.49
-2882.97 -2796.49
-3164.91 -2796.49
-2955.37 -2796.49
-2953.31 -2796.49
-2851.36 -2796.49
-2849.68 -2796.49
-3082.63 -2796.49
-2963.70 -2796.49
-2887.20 -2796.49
-2879.48 -2796.49
-2960.03 -2796.49
-3003.72 -2796.49
-3125.48 -2796.49
-2985.32 -2796.49
-2848.81 -2796.49
-2944.83 -2796.49
-2954.85 -2796.49
-2986.92 -2796.49
-3012.73 -2796.49
-2927.49 -2796.49
-2999.12 -2796.49
-2945.52 -2796.49
-3057.82 -2796.49
-3030.23 -2796.49
-2933.83 -2796.49
-2985.08 -2796.49
-3101.27 -2796.49
-2871.05 -2796.49
-2970.07 -2796.49
-2807.04 -2796.49
-2953.46 -2796.49
-2878.09 -2796.49
-2946.85 -2796.49
-2865.64 -2796.49
-2923.43 -2796.49
-3015.53 -2796.49
-2953.90 -2796.49
-2916.36 -2796.49
-3050.58 -2796.49
-2924.08 -2796.49
-2896.76 -2796.49
-3028.62 -2796.49
-2922.72 -2796.49
-2950.12 -2796.49
-3026.96 -2796.49
-3161.74 -2796.49
-3135.78 -2796.49
-3023.40 -2796.49
-2904.23 -2796.49
-2925.57 -2796.49
-2970.67 -2796.49
-3139.30 -2796.49
-2937.75 -2796.49
-2949.67 -2796.49
-2932.15 -2796.49
-2946.30 -2796.49
-3091.92 -2796.49
-2934.91 -2796.49
-2963.95 -2796.49
-2993.49 -2796.49
-2909.20 -2796.49
-2883.86 -2796.49
-3131.05 -2796.49
-2923.11 -2796.49
-2925.50 -2796.49
-3091.33 -2796.49
-2906.46 -2796.49
-3095.19 -2796.49
-3092.94 -2796.49
-2878.80 -2796.49
-2937.16 -2796.49
-3125.19 -2796.49
-2934.44 -2796.49
-2939.63 -2796.49
-3144.00 -2796.49
-2953.53 -2796.49
-2827.94 -2796.49
-2937.77 -2796.49
-2952.18 -2796.49
-3011.66 -2796.49
-3039.23 -2796.49
-2861.12 -2796.49
-2999.63 -2796.49
-3122.67 -2796.49
-2993.90 -2796.49
-2932.60 -2796.49
-3025.02 -2796.49
-3022.41 -2796.49
-2916.74 -2796.49
-2995.38 -2796.49
-2889.25 -2796.49
-3146.09 -2796.49
-3072.32 -2796.49
-2906.29 -2796.49
-3036.97 -2796.49
-2865.93 -2796.49
-3105.48 -2796.49
-2905.76 -2796.49
-2914.63 -2796.49
-2954.46 -2796.49
-3038.00 -2796.49
-2973.15 -2796.49
-3032.31 -2796.49
-2965.39 -2796.49
-2761.24 -2761.24
-2949.43 -2761.24
-2914.58 -2761.24
-2955.65 -2761.24
-2910.74 -2761.24
-2841.22 -2761.24
-3011.52 -2761.24
-3003.20 -2761.24
-2872.61 -2761.24
-2919.73 -2761.24
-2852.68 -2761.24
-3181.37 -2761.24
-2852.03 -2761.24
-2961.21 -2761.24
-2999.74 -2761.24
-2840.23 -2761.24
-2972.33 -2761.24
-3016.32 -2761.24
-2767.92 -2761.24
-3025.36 -2761.24
-3004.18 -2761.24
-2732.14 -2732.14
-3038.61 -2732.14
-2936.57 -2732.14
-2814.35 -2732.14
-2866.17 -2732.14
-2761.84 -2732.14
-3019.97 -2732.14
-2973.50 -2732.14
-3273.32 -2732.14
-3279.75 -2732.14
-3211.03 -3211.03
-3297.26 -3211.03
-3193.12 -3193.12
-3217.34 -3193.12
-3248.43 -3193.12
-3224.28 -3193.12
-3194.91 -3193.12
-3233.52 -3193.12
-3196.40 -3193.12
-3210.33 -3193.12
-3315.16 -3193.12
-3362.56 -3193.12
-3223.06 -3193.12
-3349.05 -3193.12
-3242.46 -3193.12
-3262.77 -3193.12
-3121.73 -3121.73
-3182.88 -3121.73
-3236.12 -3121.73
-3204.16 -3121.73
-3335.34 -3121.73
-3253.35 -3121.73
-3218.27 -3121.73
-3220.19 -3121.73
-3244.71 -3121.73
-3272.84 -3121.73
-3240.42 -3121.73
-3302.10 -3121.73
-3263.64 -3121.73
-3277.32 -3121.73
-3198.93 -3121.73
-3360.33 -3121.73
-3325.28 -3121.73
-3356.01 -3121.73
-3220.92 -3121.73
-3143.79 -3121.73
-3326.86 -3121.73
-3229.98 -3121.73
-3218.66 -3121.73
-3191.79 -3121.73
-3329.80 -3121.73
-3307.52 -3121.73
-3207.97 -3121.73
-3223.43 -3121.73
-3195.27 -3121.73
-3214.41 -3121.73
-3158.88 -3121.73
-3297.82 -3121.73
-3196.02 -3121.73
-3229.83 -3121.73
-3156.87 -3121.73
-3371.08 -3121.73
-3291.75 -3121.73
-3226.41 -3121.73
-3300.45 -3121.73
-3239.32 -3121.73
-3274.18 -3121.73
-3238.95 -3121.73
-3311.48 -3121.73
-3254.04 -3121.73
-3261.66 -3121.73
-3306.86 -3121.73
-3175.01 -3121.73
-3203.14 -3121.73
-3288.55 -3121.73
-3166.40 -3121.73
-3299.09 -3121.73
-3286.61 -3121.73
-3198.59 -3121.73
-3199.73 -3121.73
-3206.61 -3121.73
-3268.74 -3121.73
-3188.20 -3121.73
-3244.12 -3121.73
-3240.13 -3121.73
-3258.24 -3121.73
-3152.31 -3121.73
-3208.90 -3121.73
-3225.14 -3121.73
-3316.64 -3121.73
-3188.59 -3121.73
-3186.92 -3121.73
-3316.43 -3121.73
-3197.25 -3121.73
-3214.52 -3121.73
-3188.78 -3121.73
-3179.07 -3121.73
-3242.13 -3121.73
-3201.14 -3121.73
-3172.52 -3121.73
-3169.57 -3121.73
-3160.78 -3121.73
-3253.50 -3121.73
-3260.27 -3121.73
-3230.06 -3121.73
-3211.84 -3121.73
-3240.96 -3121.73
-3246.51 -3121.73
-3240.99 -3121.73
-3199.74 -3121.73
-3318.85 -3121.73
-3161.08 -3121.73
-3387.01 -3121.73
-3326.48 -3121.73
-3192.07 -3121.73
-3264.72 -3121.73
-3200.87 -3121.73
-3235.22 -3121.73
-3174.28 -3121.73
-3305.24 -3121.73
-3303.78 -3121.73
-3186.33 -3121.73
-3331.16 -3121.73
-3195.90 -3121.73
-3125.27 -3121.73
-3246.21 -3121.73
-3285.62 -3121.73
-3279.28 -3121.73
-3380.17 -3121.73
-3204.61 -3121.73
-3182.61 -3121.73
-3178.73 -3121.73
-3348.93 -3121.73
-3205.01 -3121.73
-3201.82 -3121.73
-3246.72 -3121.73
-3171.54 -3121.73
-3251.64 -3121.73
-3227.84 -3121.73
-3207.21 -3121.73
-3196.89 -3121.73
-3142.79 -3121.73
-3195.65 -3121.73
-3238.86 -3121.73
-3189.38 -3121.73
-3172.30 -3121.73
-3232.27 -3121.73
-3212.92 -3121.73
-3274.70 -3121.73
-3212.03 -3121.73
-3201.24 -3121.73
-3284.38 -3121.73
-3182.81 -3121.73
-3250.00 -3121.73
-3218.10 -3121.73
-3231.89 -3121.73
-3165.33 -3121.73
-3284.51 -3121.73
-3230.84 -3121.73
-3259.08 -3121.73
-3217.54 -3121.73
-3248.36 -3121.73
-3259.73 -3121.73
-3146.53 -3121.73
-3243.10 -3121.73
-3248.82 -3121.73
-3274.49 -3121.73
-3171.72 -3121.73
-3240.74 -3121.73
-3212.24 -3121.73
-3227.75 -3121.73
-3316.45 -3121.73
-3233.90 -3121.73
-3222.42 -3121.73
-3299.85 -3121.73
-3288.97 -3121.73
-3314.94 -3121.73
-3185.53 -3121.73
-3166.59 -3121.73
-3246.00 -3121.73
-3182.62 -3121.73
-3195.36 -3121.73
-3112.59 -3112.59
-3209.57 -3112.59
-3246.20 -3112.59
-3204.26 -3112.59
-3136.14 -3112.59
-3259.44 -3112.59
-3228.55 -3112.59
-3175.70 -3112.59
-3260.11 -3112.59
-3375.31 -3112.59
-3153.42 -3112.59
-3092.73 -3092.73
-3093.31 -3093.31
-3137.52 -3093.31
-3145.26 -3093.31
-3164.70 -3093.31
-3106.80 -3093.31
-3125.05 -3093.31
-3143.93 -3093.31
-3172.65 -3093.31
-3154.62 -3093.31
-3242.31 -3093.31
-3165.79 -3093.31
-3156.34 -3093.31
-3173.92 -3093.31
-3107.14 -3093.31
-3157.69 -3093.31
-3262.70 -3093.31
-3189.86 -3093.31
-3341.80 -3093.31
-3211.79 -3093.31
-3091.43 -3091.43
-3281.60 -3091.43
-3235.28 -3091.43
-3294.51 -3091.43
-3118.03 -3091.43
-3134.23 -3091.43
-3131.49 -3091.43
-3254.54 -3091.43
-3219.06 -3091.43
-3141.05 -3091.43
-3211.18 -3091.43
-3334.70 -3091.43
-3182.03 -3091.43
-3265.31 -3091.43
-3186.51 -3091.43
-3201.01 -3091.43
-3157.42 -3091.43
-3225.58 -3091.43
-3200.81 -3091.43
-3161.61 -3091.43
-3323.61 -3091.43
-3232.00 -3091.43
-3256.49 -3091.43
-3295.85 -3091.43
-3101.69 -3091.43
-3112.29 -3091.43
-3305.78 -3091.43
-3259.55 -3091.43
-3245.45 -3091.43
-3216.84 -3091.43
-3090.59 -3090.59
-3117.39 -3090.59
-3043.94 -3043.94
-3211.83 -3043.94
-3109.07 -3043.94
-3123.94 -3043.94
-3113.27 -3043.94
-3236.20 -3043.94
-3215.04 -3043.94
-3272.76 -3043.94
-3212.16 -3043.94
-3162.22 -3043.94
-3329.99 -3043.94
-3181.21 -3043.94
-3116.27 -3043.94
-3192.25 -3043.94
-3091.08 -3043.94
-3125.82 -3043.94
-3163.13 -3043.94
-3104.47 -3043.94
-3182.31 -3043.94
-3197.52 -3043.94
-3223.40 -3043.94
-3218.21 -3043.94
-3291.68 -3043.94
-3128.53 -3043.94
-3225.57 -3043.94
-3105.55 -3043.94
-3165.90 -3043.94
-3254.82 -3043.94
-3127.81 -3043.94
-3090.30 -3043.94
-3241.88 -3043.94
-3248.62 -3043.94
-3013.30 -3013.30
-3109.24 -3013.30
-3097.21 -3013.30
-3115.47 -3013.30
-3189.15 -3013.30
-3085.55 -3013.30
-3027.14 -3013.30
-2953.93 -2953.93
-2998.49 -2953.93
-3145.92 -2953.93
-3094.69 -2953.93
-3085.65 -2953.93
-3107.57 -2953.93
-3069.13 -2953.93
-3059.02 -2953.93
-3064.92 -2953.93
-3021.73 -2953.93
-3155.00 -2953.93
-3081.63 -2953.93
-3095.03 -2953.93
-2998.59 -2953.93
-3204.65 -2953.93
-3016.10 -2953.93
-3299.11 -2953.93
-3092.38 -2953.93
-3199.32 -2953.93
-3008.34 -2953.93
-3034.93 -2953.93
-2983.34 -2953.93
-2994.29 -2953.93
-3051.64 -2953.93
-3270.86 -2953.93
-3130.46 -2953.93
-3159.04 -2953.93
-3218.31 -2953.93
-3097.63 -2953.93
-3053.46 -2953.93
-3060.41 -2953.93
-3101.38 -2953.93
-3180.27 -2953.93
-3024.08 -2953.93
-3204.25 -2953.93
-3074.26 -2953.93
-3114.73 -2953.93
-3157.80 -2953.93
-3130.67 -2953.93
-3174.02 -2953.93
-3139.43 -2953.93
-2998.49 -2953.93
-3215.49 -2953.93
-3064.94 -2953.93
-3194.38 -2953.93
-3092.13 -2953.93
-3136.14 -2953.93
-3064.42 -2953.93
-3120.19 -2953.93
-3067.97 -2953.93
-3094.16 -2953.93
-3099.93 -2953.93
-3156.85 -2953.93
-3051.97 -2953.93
-3125.20 -2953.93
-3261.05 -2953.93
-3107.52 -2953.93
-3040.96 -2953.93
-3064.76 -2953.93
-3227.49 -2953.93
-3165.40 -2953.93
-3098.34 -2953.93
-3206.31 -2953.93
-3096.37 -2953.93
-3053.95 -2953.93
-2996.23 -2953.93
-2996.62 -2953.93
-3104.97 -2953.93
-3064.37 -2953.93
-3228.23 -2953.93
-3107.25 -2953.93
-3054.94 -2953.93
-3062.11 -2953.93
-3016.03 -2953.93
-3257.38 -2953.93
-3050.59 -2953.93
-3044.07 -2953.93
-3038.75 -2953.93
-3106.12 -2953.93
-2997.28 -2953.93
-3016.09 -2953.93
-3102.41 -2953.93
-3057.98 -2953.93
-3109.60 -2953.93
-3010.61 -2953.93
-3246.76 -2953.93
-3170.00 -2953.93
-3136.49 -2953.93
-3234.09 -2953.93
-3106.77 -2953.93
-3099.60 -2953.93
-3056.52 -2953.93
-3093.13 -2953.93
-3080.14 -2953.93
-3149.47 -2953.93
-3194.27 -2953.93
-3182.71 -2953.93
-3127.20 -2953.93
-3128.81 -2953.93
-3033.13 -2953.93
-3037.06 -2953.93
-3012.99 -2953.93
-3007.43 -2953.93
-3145.19 -2953.93
-3340.30 -2953.93
-3110.81 -2953.93
-3212.23 -2953.93
-3010.46 -2953.93
-3078.42 -2953.93
-3135.85 -2953.93
-3038.84 -2953.93
-3080.31 -2953.93
-3067.53 -2953.93
-3223.28 -2953.93
-3041.58 -2953.93
-3036.59 -2953.93
-3148.65 -2953.93
-3101.74 -2953.93
-3216.28 -2953.93
-3035.19 -2953.93
-3117.80 -2953.93
-3089.02 -2953.93
-3153.21 -2953.93
-3043.33 -2953.93
-3017.90 -2953.93
-3018.04 -2953.93
-3138.22 -2953.93
-3100.50 -2953.93
-3108.47 -2953.93
-3122.27 -2953.93
-3145.49 -2953.93
-3118.58 -2953.93
-3152.89 -2953.93
-3048.90 -2953.93
-3114.98 -2953.93
-3152.24 -2953.93
-3113.63 -2953.93
-3136.99 -2953.93
-3061.59 -2953.93
-3026.38 -2953.93
-3206.84 -3206.84
-3323.74 -3206.84
-3196.61 -3196.61
-3329.20 -3196.61
-3152.13 -3152.13
-3284.10 -3152.13
-3131.12 -3131.12
-3146.51 -3131.12
-3143.42 -3131.12
-3255.39 -3131.12
-3223.47 -3131.12
-3259.70 -3131.12
-3139.11 -3131.12
-3189.46 -3131.12
-3340.11 -3131.12
-3200.42 -3131.12
-3154.89 -3131.12
-3231.12 -3131.12
-3122.91 -3122.91
-3196.14 -3122.91
-3162.10 -3122.91
-3141.55 -3122.91
-3139.05 -3122.91
-3154.79 -3122.91
-3178.86 -3122.91
-3320.76 -3122.91
-3221.53 -3122.91
-3225.42 -3122.91
-3214.64 -3122.91
-3095.75 -3095.75
-3133.49 -3095.75
-3139.17 -3095.75
-3110.40 -3095.75
-3243.77 -3095.75
-3193.97 -3095.75
-3120.14 -3095.75
-3145.86 -3095.75
-3129.87 -3095.75
-3139.29 -3095.75
-3249.26 -3095.75
-3077.48 -3077.48
-3144.91 -3077.48
-3183.82 -3077.48
-3298.67 -3077.48
-3232.74 -3077.48
-3185.55 -3077.48
-3095.51 -3077.48
-3214.22 -3077.48
-3113.51 -3077.48
-3161.92 -3077.48
-3316.70 -3077.48
-3141.50 -3077.48
-3147.37 -3077.48
-3141.72 -3077.48
-3174.61 -3077.48
-3188.48 -3077.48
-3164.42 -3077.48
-3066.94 -3066.94
-3138.50 -3066.94
-3117.92 -3066.94
-3206.06 -3066.94
-3164.89 -3066.94
-3192.92 -3066.94
-3186.83 -3066.94
-3084.26 -3066.94
-3028.93 -3028.93
-3092.83 -3028.93
-3146.13 -3028.93
-3081.59 -3028.93
-3171.22 -3028.93
-3197.16 -3028.93
-3207.88 -3028.93
-3112.99 -3028.93
-3207.80 -3028.93
-3222.42 -3028.93
-3193.30 -3028.93
-3295.22 -3028.93
-3136.07 -3028.93
-3190.17 -3028.93
-3086.94 -3028.93
-3043.11 -3028.93
-3210.92 -3028.93
-3173.74 -3028.93
-3189.10 -3028.93
-3102.43 -3028.93
-3065.47 -3028.93
-3170.82 -3028.93
-3128.66 -3028.93
-3158.40 -3028.93
-3184.04 -3028.93
-3178.47 -3028.93
-3092.06 -3028.93
-3205.30 -3028.93
-3065.91 -3028.93
-3286.33 -3028.93
-3153.43 -3028.93
-3045.64 -3028.93
-3177.00 -3028.93
-3083.51 -3028.93
-3072.74 -3028.93
-3218.98 -3028.93
-3076.78 -3028.93
-3112.76 -3028.93
-3194.70 -3028.93
-2986.11 -2986.11
-3065.53 -2986.11
-3083.06 -2986.11
-3051.88 -2986.11
-3270.97 -2986.11
-2993.29 -2986.11
-3157.79 -2986.11
-3073.98 -2986.11
-3100.44 -2986.11
-3072.82 -2986.11
-3139.91 -2986.11
-3090.70 -2986.11
-3186.52 -2986.11
-3090.65 -2986.11
-3264.20 -2986.11
-3049.24 -2986.11
-3066.86 -2986.11
-3186.84 -2986.11
-3066.25 -2986.11
-3119.54 -2986.11
-3196.58 -2986.11
-3019.20 -2986.11
-3148.42 -2986.11
-3049.00 -2986.11
-3062.07 -2986.11
-3099.17 -2986.11
-3295.22 -2986.11
-3084.04 -2986.11
-3219.30 -2986.11
-3131.36 -2986.11
-3166.93 -2986.11
-3124.31 -2986.11
-3013.18 -2986.11
-3134.14 -2986.11
-2975.04 -2975.04
-3070.70 -2975.04
-3191.84 -2975.04
-3047.52 -2975.04
-3062.22 -2975.04
-3198.44 -2975.04
-3028.73 -2975.04
-3107.05 -2975.04
-3083.99 -2975.04
-3056.27 -2975.04
-3198.42 -2975.04
-3105.85 -2975.04
-3023.58 -2975.04
-3123.63 -2975.04
-3060.00 -2975.04
-3112.56 -2975.04
-3108.06 -2975.04
-3026.13 -2975.04
-3153.52 -2975.04
-3239.45 -2975.04
-3061.35 -2975.04
-3048.29 -2975.04
-3009.18 -2975.04
-3245.79 -2975.04
-3139.52 -2975.04
-3211.16 -2975.04
-3031.01 -2975.04
-3133.19 -2975.04
-3256.74 -2975.04
-3127.07 -2975.04
-3098.18 -2975.04
-3031.92 -2975.04
-3172.73 -2975.04
-3089.10 -2975.04
-3120.58 -2975.04
-3066.54 -2975.04
-3084.49 -2975.04
-3094.20 -2975.04
-3105.09 -2975.04
-3116.60 -2975.04
-3029.71 -2975.04
-3001.22 -2975.04
-3068.36 -2975.04
-3049.71 -2975.04
-3288.41 -2975.04
-3110.37 -2975.04
-3137.24 -2975.04
-3153.22 -2975.04
-3203.32 -2975.04
-3122.76 -2975.04
-3169.45 -2975.04
-2984.81 -2975.04
-3094.50 -2975.04
-3151.66 -2975.04
-3045.46 -2975.04
-3031.08 -2975.04
-3087.26 -2975.04
-3157.45 -2975.04
-3070.25 -2975.04
-3175.11 -2975.04
-3154.79 -2975.04
-3118.10 -2975.04
-3052.16 -2975.04
-3162.72 -2975.04
-3040.08 -2975.04
-3011.30 -2975.04
-3181.55 -2975.04
-3124.46 -2975.04
-3186.96 -2975.04
-3151.72 -2975.04
-3147.38 -2975.04
-3267.71 -2975.04
-3042.35 -2975.04
-3084.77 -2975.04
-3027.80 -2975.04
-3098.52 -2975.04
-3118.66 -2975.04
-3124.64 -2975.04
-3050.22 -2975.04
-3133.34 -2975.04
-3069.86 -2975.04
-3061.09 -2975.04
-2973.31 -2973.31
-2993.90 -2973.31
-3081.25 -2973.31
-3193.09 -2973.31
-3165.69 -2973.31
-3146.03 -2973.31
-3077.11 -2973.31
-3167.48 -2973.31
-3132.61 -2973.31
-3311.93 -2973.31
-3197.59 -2973.31
-3194.85 -2973.31
-3191.94 -2973.31
-3106.89 -2973.31
-3110.57 -2973.31
-2974.32 -2973.31
-3132.39 -2973.31
-3045.45 -2973.31
-3097.19 -2973.31
-3111.18 -2973.31
-3161.04 -2973.31
-3129.67 -2973.31
-3065.58 -2973.31
-3147.34 -2973.31
-2981.61 -2973.31
-3056.09 -2973.31
-3181.90 -2973.31
-3145.21 -2973.31
-3108.79 -2973.31
-3163.29 -2973.31
-3124.31 -2973.31
-3133.72 -2973.31
-3236.31 -2973.31
-3164.18 -2973.31
-3149.06 -2973.31
-3005.72 -2973.31
-3170.79 -2973.31
-2977.92 -2977.92
-3194.26 -2977.92
-3142.50 -2977.92
-3166.04 -2977.92
-3234.66 -2977.92
-2990.99 -2977.92
-3119.55 -2977.92
-3176.92 -2977.92
-3136.43 -2977.92
-3236.83 -2977.92
-3069.52 -2977.92
-3100.29 -2977.92
-3121.26 -2977.92
-3052.89 -2977.92
-3293.07 -2977.92
-3147.32 -2977.92
-2981.67 -2977.92
-3161.34 -2977.92
-3115.75 -2977.92
-3027.78 -2977.92
-3002.48 -2977.92
-3064.53 -2977.92
-3215.31 -2977.92
-3238.67 -2977.92
-3183.68 -2977.92
-3146.30 -2977.92
-3099.63 -2977.92
-3244.33 -2977.92
-2981.13 -2977.92
-3201.66 -2977.92
-3096.80 -2977.92
-3130.99 -2977.92
-3031.39 -2977.92
-3048.21 -2977.92
-3088.06 -2977.92
-3070.99 -2977.92
-3162.31 -2977.92
-3059.86 -2977.92
-3021.46 -2977.92
-3096.11 -2977.92
-3076.25 -2977.92
-3062.40 -2977.92
-3011.03 -2977.92
-3058.75 -2977.92
-3029.53 -2977.92
-3008.34 -2977.92
-3070.11 -2977.92
-3108.74 -2977.92
-3121.82 -2977.92
-3043.39 -2977.92
-3021.87 -2977.92
-3109.29 -2977.92
-3086.36 -2977.92
-3116.71 -2977.92
-3233.62 -2977.92
-3109.63 -2977.92
-3024.78 -2977.92
-3092.76 -2977.92
-3314.37 -2977.92
-2952.24 -2952.24
-3029.86 -2952.24
-3098.51 -2952.24
-3127.24 -2952.24
-3038.24 -2952.24
-3074.61 -2952.24
-3009.92 -2952.24
-3107.26 -2952.24
-2995.33 -2952.24
-3148.21 -2952.24
-3211.07 -2952.24
-3010.91 -2952.24
-3075.05 -2952.24
-3199.87 -2952.24
-3104.42 -2952.24
-3062.19 -2952.24
-2921.22 -2921.22
-2912.00 -2912.00
-3100.12 -2912.00
-3036.61 -2912.00
-2955.37 -2912.00
-2925.07 -2912.00
-3034.85 -2912.00
-2977.99 -2912.00
-3130.70 -2912.00
-2960.82 -2912.00
-2923.79 -2912.00
-2994.84 -2912.00
-3032.97 -2912.00
-3004.97 -2912.00
-3008.74 -2912.00
-2975.00 -2912.00
-2863.25 -2863.25
-3024.08 -2863.25
-3026.65 -2863.25
-2890.99 -2863.25
-3147.02 -2863.25
-3173.02 -2863.25
-2978.95 -2863.25
-3005.54 -2863.25
-3016.27 -2863.25
-3023.61 -2863.25
-2862.80 -2862.80
-2942.40 -2862.80
-2823.50 -2823.50
-2932.84 -2823.50
-3016.05 -2823.50
-2851.48 -2823.50
-3065.60 -2823.50
-3189.37 -2823.50
-2981.79 -2823.50
-2925.86 -2823.50
-2908.21 -2823.50
-2986.87 -2823.50
-2846.22 -2823.50
-3051.38 -2823.50
-3064.67 -2823.50
-2807.84 -2807.84
-3066.03 -2807.84
-2923.52 -2807.84
-2991.21 -2807.84
-2857.06 -2807.84
-3042.73 -2807.84
-2879.90 -2807.84
-2992.11 -2807.84
-3007.24 -2807.84
-2991.61 -2807.84
-2988.79 -2807.84
-2914.13 -2807.84
-2939.38 -2807.84
-2832.25 -2807.84
-2945.54 -2807.84
-2881.63 -2807.84
-3015.20 -2807.84
-3060.23 -2807.84
-2970.39 -2807.84
-3053.02 -2807.84
-3131.13 -2807.84
-2939.42 -2807.84
-2889.71 -2807.84
-2923.24 -2807.84
-2934.47 -2807.84
-2964.98 -2807.84
-2937.68 -2807.84
-2867.33 -2807.84
-2936.06 -2807.84
-2991.44 -2807.84
-2874.54 -2807.84
-2924.99 -2807.84
-2943.33 -2807.84
-2962.09 -2807.84
-3068.75 -2807.84
-3205.84 -2807.84
-2953.35 -2807.84
-2929.04 -2807.84
-2877.28 -2807.84
-2944.15 -2807.84
-3223.77 -2807.84
-2934.77 -2807.84
-2982.95 -2807.84
-3285.42 -2807.84
-3235.40 -2807.84
-3251.20 -2807.84
-3247.61 -2807.84
