-10000.00 -10000.00
-1449.92 -1449.92
-1467.32 -1449.92
-1472.26 -1449.92
-1428.82 -1428.82
-1449.00 -1428.82
-1477.24 -1428.82
-1466.78 -1428.82
-1434.57 -1428.82
-1445.29 -1428.82
-1451.92 -1428.82
-1433.59 -1428.82
-1446.47 -1428.82
-1430.40 -1428.82
-1435.11 -1428.82
-1431.16 -1428.82
-1441.58 -1428.82
-1456.91 -1428.82
-1483.79 -1428.82
-1501.02 -1428.82
-1498.16 -1428.82
-1447.24 -1428.82
-1437.37 -1428.82
-1453.72 -1428.82
-1412.55 -1412.55
-1484.36 -1412.55
-1443.50 -1412.55
-1429.63 -1412.55
-1483.09 -1412.55
-1427.42 -1412.55
-1419.69 -1412.55
-1426.94 -1412.55
-1518.18 -1412.55
-1494.94 -1412.55
-1452.71 -1412.55
-1394.92 -1394.92
-1431.86 -1394.92
-1454.39 -1394.92
-1442.25 -1394.92
-1447.51 -1394.92
-1421.08 -1394.92
-1427.99 -1394.92
-1438.88 -1394.92
-1423.74 -1394.92
-1452.54 -1394.92
-1444.80 -1394.92
-1445.20 -1394.92
-1459.89 -1394.92
-1409.37 -1394.92
-1434.61 -1394.92
-1430.83 -1394.92
-1473.43 -1394.92
-1413.22 -1394.92
-1419.03 -1394.92
-1433.97 -1394.92
-1431.65 -1394.92
-1447.31 -1394.92
-1477.65 -1394.92
-1429.94 -1394.92
-1435.29 -1394.92
-1425.78 -1394.92
-1465.56 -1394.92
-1473.86 -1394.92
-1410.14 -1394.92
-1471.81 -1394.92
-1434.42 -1394.92
-1418.84 -1394.92
-1434.08 -1394.92
-1441.89 -1394.92
-1454.94 -1394.92
-1475.62 -1394.92
-1506.60 -1394.92
-1489.54 -1394.92
-1431.20 -1394.92
-1415.24 -1394.92
-1500.66 -1394.92
-1429.83 -1394.92
-1422.14 -1394.92
-1419.42 -1394.92
-1425.62 -1394.92
-1417.15 -1394.92
-1414.94 -1394.92
-1475.28 -1394.92
-1430.88 -1394.92
-1446.60 -1394.92
-1419.78 -1394.92
-1392.57 -1392.57
-1473.16 -1392.57
-1433.16 -1392.57
-1414.58 -1392.57
-1430.28 -1392.57
-1410.56 -1392.57
-1398.66 -1392.57
-1409.45 -1392.57
-1435.93 -1392.57
-1440.80 -1392.57
-1440.20 -1392.57
-1443.72 -1392.57
-1514.12 -1392.57
-1422.74 -1392.57
-1417.52 -1392.57
-1430.78 -1392.57
-1429.57 -1392.57
-1435.48 -1392.57
-1451.31 -1392.57
-1493.13 -1392.57
-1420.00 -1392.57
-1433.44 -1392.57
-1411.24 -1392.57
-1452.43 -1392.57
-1386.01 -1386.01
-1386.78 -1386.01
-1424.14 -1386.01
-1474.50 -1386.01
-1395.31 -1386.01
-1409.24 -1386.01
-1426.23 -1386.01
-1410.06 -1386.01
-1459.14 -1386.01
-1400.26 -1386.01
-1416.17 -1386.01
-1422.03 -1386.01
-1417.79 -1386.01
-1369.06 -1369.06
-1445.76 -1369.06
-1498.37 -1369.06
-1436.98 -1369.06
-1380.18 -1369.06
-1372.45 -1369.06
-1409.26 -1369.06
-1454.53 -1369.06
-1380.88 -1369.06
-1450.93 -1369.06
-1470.46 -1369.06
-1432.72 -1369.06
-1400.04 -1369.06
-1379.51 -1369.06
-1490.34 -1369.06
-1404.71 -1369.06
-1394.97 -1369.06
-1418.43 -1369.06
-1415.60 -1369.06
-1400.92 -1369.06
-1418.65 -1369.06
-1509.85 -1369.06
-1409.97 -1369.06
-1436.35 -1369.06
-1435.13 -1369.06
-1419.01 -1369.06
-1418.37 -1369.06
-1431.37 -1369.06
-1403.94 -1369.06
-1423.54 -1369.06
-1413.80 -1369.06
-1407.85 -1369.06
-1395.53 -1369.06
-1436.78 -1369.06
-1397.33 -1369.06
-1374.08 -1369.06
-1402.71 -1369.06
-1428.87 -1369.06
-1451.51 -1369.06
-1433.34 -1369.06
-1437.30 -1369.06
-1460.06 -1369.06
-1441.94 -1369.06
-1416.26 -1369.06
-1483.37 -1369.06
-1412.53 -1369.06
-1442.59 -1369.06
-1388.52 -1369.06
-1388.02 -1369.06
-1415.09 -1369.06
-1411.58 -1369.06
-1410.52 -1369.06
-1394.65 -1369.06
-1406.55 -1369.06
-1400.05 -1369.06
-1382.32 -1369.06
-1367.77 -1367.77
-1345.72 -1345.72
-1378.83 -1345.72
-1336.31 -1336.31
-1437.65 -1336.31
-1379.44 -1336.31
-1359.58 -1336.31
-1366.39 -1336.31
-1318.46 -1318.46
-1369.60 -1318.46
-1401.02 -1318.46
-1336.15 -1318.46
-1377.15 -1318.46
-1339.28 -1318.46
-1340.31 -1318.46
-1380.18 -1318.46
-1313.00 -1313.00
-1333.61 -1313.00
-1357.45 -1313.00
-1376.63 -1313.00
-1216.17 -1216.17
-1203.46 -1203.46
-1227.90 -1203.46
-1207.85 -1203.46
-1182.29 -1182.29
-1246.16 -1182.29
-1130.10 -1130.10
-1242.59 -1130.10
-1263.09 -1130.10
-1158.81 -1130.10
-1281.82 -1130.10
-1224.99 -1130.10
-1214.15 -1130.10
-1171.30 -1130.10
-1218.59 -1130.10
-1136.45 -1130.10
-1222.70 -1130.10
-1153.97 -1130.10
-1219.02 -1130.10
-1201.89 -1130.10
-1198.86 -1130.10
-1156.85 -1130.10
-1273.02 -1130.10
-1161.67 -1130.10
-1248.07 -1130.10
-1218.18 -1130.10
-1152.73 -1130.10
-1226.63 -1130.10
-1170.96 -1130.10
-1218.36 -1130.10
-1170.54 -1130.10
-1194.11 -1130.10
-1283.65 -1130.10
-1249.73 -1130.10
-1200.70 -1130.10
-1233.39 -1130.10
-1095.46 -1095.46
-1260.40 -1095.46
-1157.02 -1095.46
-1267.19 -1095.46
-1214.55 -1095.46
-1199.76 -1095.46
-1140.13 -1095.46
-1214.08 -1095.46
-1227.92 -1095.46
-1246.62 -1095.46
-1160.23 -1095.46
-1227.01 -1095.46
-1203.28 -1095.46
-1226.95 -1095.46
-1235.50 -1095.46
-1271.33 -1095.46
-1178.20 -1095.46
-1242.89 -1095.46
-1282.70 -1095.46
-1150.95 -1095.46
-1233.14 -1095.46
-1232.26 -1095.46
-1159.95 -1095.46
-1390.97 -1095.46
-1171.79 -1095.46
-1223.46 -1095.46
-1130.73 -1095.46
-1232.26 -1095.46
-1160.64 -1095.46
-1222.77 -1095.46
-1223.51 -1095.46
-1194.16 -1095.46
-1168.39 -1095.46
-1283.80 -1095.46
-1237.95 -1095.46
-1142.54 -1095.46
-1112.25 -1095.46
-1251.27 -1095.46
-1127.08 -1095.46
-1349.18 -1095.46
-1209.27 -1095.46
-1202.60 -1095.46
-1206.90 -1095.46
-1180.97 -1095.46
-1169.93 -1095.46
-1209.94 -1095.46
-1241.12 -1095.46
-1098.30 -1095.46
-1231.07 -1095.46
-1235.28 -1095.46
-1197.19 -1095.46
-1196.64 -1095.46
-1197.43 -1095.46
-1202.24 -1095.46
-1258.45 -1095.46
-1322.99 -1095.46
-1197.92 -1095.46
-1170.49 -1095.46
-1200.93 -1095.46
-1210.80 -1095.46
-1197.97 -1095.46
-1206.91 -1095.46
-1214.14 -1095.46
-1278.39 -1095.46
-1237.27 -1095.46
-1182.80 -1095.46
-1125.04 -1095.46
-1182.79 -1095.46
-1205.60 -1095.46
-1208.86 -1095.46
-1231.47 -1095.46
-1166.54 -1095.46
-1304.51 -1095.46
-1190.99 -1095.46
-1256.93 -1095.46
-1180.71 -1095.46
-1185.09 -1095.46
-1192.26 -1095.46
-1239.25 -1095.46
-1157.38 -1095.46
-1186.78 -1095.46
-1192.51 -1095.46
-1203.84 -1095.46
-1151.74 -1095.46
-1187.68 -1095.46
-1291.27 -1095.46
-1240.65 -1095.46
-1139.22 -1095.46
-1289.50 -1095.46
-1246.08 -1095.46
-1244.80 -1095.46
-1204.15 -1095.46
-1234.87 -1095.46
-1194.70 -1095.46
-1306.18 -1095.46
-1229.31 -1095.46
-1202.02 -1095.46
-1282.92 -1095.46
-1192.12 -1095.46
-1245.21 -1095.46
-1258.28 -1095.46
-1323.18 -1095.46
-1241.98 -1095.46
-1247.84 -1095.46
-1290.40 -1095.46
-1177.47 -1095.46
-1210.59 -1095.46
-1202.53 -1095.46
-1159.71 -1095.46
-1215.18 -1095.46
-1189.71 -1095.46
-1274.58 -1095.46
-1224.94 -1095.46
-1240.66 -1095.46
-1190.16 -1095.46
-1230.55 -1095.46
-1153.64 -1095.46
-1265.41 -1095.46
-1161.75 -1095.46
-1261.84 -1095.46
-1265.54 -1095.46
-1217.48 -1095.46
-1166.35 -1095.46
-1277.65 -1095.46
-1232.71 -1095.46
-1247.93 -1095.46
-1158.96 -1095.46
-1185.69 -1095.46
-1332.21 -1095.46
-1188.85 -1095.46
-1200.67 -1095.46
-1206.07 -1095.46
-1217.38 -1095.46
-1160.35 -1095.46
-1285.90 -1095.46
-1350.17 -1095.46
-1231.95 -1095.46
-1170.64 -1095.46
-1196.84 -1095.46
-1250.18 -1095.46
-1222.89 -1095.46
-1230.47 -1095.46
-1312.54 -1095.46
-1199.22 -1095.46
-1319.74 -1095.46
-1192.25 -1095.46
-1274.24 -1095.46
-1264.32 -1095.46
-1247.83 -1095.46
-1224.43 -1095.46
-1226.75 -1095.46
-1196.73 -1095.46
-1238.92 -1095.46
-1248.53 -1095.46
-1184.38 -1095.46
-1174.70 -1095.46
-1193.73 -1095.46
-1150.10 -1095.46
-1150.23 -1095.46
-1186.37 -1095.46
-1198.37 -1095.46
-1298.64 -1095.46
-1304.72 -1095.46
-1251.48 -1095.46
-1205.43 -1095.46
-1192.30 -1095.46
-1231.01 -1095.46
-1214.60 -1095.46
-1218.54 -1095.46
-1181.93 -1095.46
-1262.41 -1095.46
-1259.59 -1095.46
-1192.16 -1095.46
-1230.10 -1095.46
-1131.00 -1095.46
-1285.63 -1095.46
-1232.47 -1095.46
-1241.49 -1095.46
-1351.90 -1095.46
-1269.41 -1095.46
-1198.78 -1095.46
-1215.14 -1095.46
-1165.45 -1095.46
-1498.14 -1095.46
-1445.32 -1445.32
-1462.21 -1445.32
-1464.94 -1445.32
-1452.66 -1445.32
-1469.26 -1445.32
-1460.41 -1445.32
-1422.09 -1422.09
-1459.08 -1422.09
-1437.82 -1422.09
-1446.19 -1422.09
-1477.62 -1422.09
-1477.06 -1422.09
-1456.57 -1422.09
-1433.54 -1422.09
-1484.28 -1422.09
-1449.00 -1422.09
-1473.63 -1422.09
-1468.01 -1422.09
-1463.59 -1422.09
-1453.20 -1422.09
-1445.65 -1422.09
-1439.75 -1422.09
-1428.59 -1422.09
-1463.28 -1422.09
-1458.57 -1422.09
-1456.27 -1422.09
-1440.81 -1422.09
-1458.89 -1422.09
-1435.77 -1422.09
-1442.29 -1422.09
-1503.36 -1422.09
-1490.22 -1422.09
-1450.11 -1422.09
-1466.25 -1422.09
-1470.99 -1422.09
-1517.63 -1422.09
-1472.66 -1422.09
-1456.94 -1422.09
-1442.19 -1422.09
-1418.56 -1418.56
-1505.13 -1418.56
-1443.19 -1418.56
-1465.83 -1418.56
-1445.37 -1418.56
-1495.11 -1418.56
-1428.15 -1418.56
-1446.68 -1418.56
-1528.80 -1418.56
-1471.48 -1418.56
-1447.49 -1418.56
-1442.96 -1418.56
-1462.49 -1418.56
-1465.16 -1418.56
-1427.37 -1418.56
-1464.50 -1418.56
-1427.21 -1418.56
-1424.52 -1418.56
-1479.05 -1418.56
-1462.78 -1418.56
-1461.32 -1418.56
-1460.62 -1418.56
-1505.52 -1418.56
-1441.67 -1418.56
-1493.66 -1418.56
-1454.25 -1418.56
-1430.11 -1418.56
-1449.21 -1418.56
-1449.65 -1418.56
-1448.83 -1418.56
-1487.21 -1418.56
-1454.97 -1418.56
-1437.97 -1418.56
-1440.46 -1418.56
-1481.91 -1418.56
-1436.53 -1418.56
-1455.80 -1418.56
-1415.75 -1415.75
-1435.32 -1415.75
-1471.20 -1415.75
-1437.63 -1415.75
-1453.80 -1415.75
-1433.66 -1415.75
-1426.26 -1415.75
-1449.21 -1415.75
-1407.33 -1407.33
-1439.26 -1407.33
-1406.26 -1406.26
-1492.14 -1406.26
-1369.06 -1369.06
-1415.67 -1369.06
-1430.05 -1369.06
-1398.27 -1369.06
-1412.78 -1369.06
-1418.26 -1369.06
-1413.59 -1369.06
-1401.41 -1369.06
-1421.48 -1369.06
-1448.45 -1369.06
-1377.35 -1369.06
-1473.83 -1369.06
-1415.56 -1369.06
-1420.42 -1369.06
-1456.74 -1369.06
-1401.81 -1369.06
-1401.89 -1369.06
-1472.85 -1369.06
-1397.38 -1369.06
-1457.91 -1369.06
-1430.67 -1369.06
-1446.43 -1369.06
-1455.90 -1369.06
-1483.92 -1369.06
-1466.24 -1369.06
-1415.74 -1369.06
-1413.40 -1369.06
-1379.91 -1369.06
-1372.56 -1369.06
-1409.54 -1369.06
-1406.39 -1369.06
-1412.41 -1369.06
-1391.43 -1369.06
-1465.55 -1369.06
-1424.74 -1369.06
-1451.81 -1369.06
-1430.31 -1369.06
-1418.23 -1369.06
-1416.65 -1369.06
-1462.19 -1369.06
-1382.34 -1369.06
-1374.60 -1369.06
-1450.18 -1369.06
-1455.13 -1369.06
-1429.49 -1369.06
-1468.29 -1369.06
-1403.37 -1369.06
-1452.10 -1369.06
-1401.50 -1369.06
-1442.89 -1369.06
-1406.35 -1369.06
-1468.69 -1369.06
-1446.17 -1369.06
-1483.07 -1369.06
-1408.26 -1369.06
-1492.85 -1369.06
-1426.02 -1369.06
-1478.04 -1369.06
-1381.93 -1369.06
-1472.36 -1369.06
-1453.23 -1369.06
-1443.83 -1369.06
-1388.61 -1369.06
-1426.86 -1369.06
-1429.42 -1369.06
-1442.70 -1369.06
-1441.01 -1369.06
-1429.00 -1369.06
-1415.13 -1369.06
-1426.85 -1369.06
-1446.21 -1369.06
-1416.34 -1369.06
-1385.45 -1369.06
-1408.82 -1369.06
-1412.01 -1369.06
-1414.51 -1369.06
-1465.15 -1369.06
-1450.07 -1369.06
-1372.56 -1369.06
-1413.70 -1369.06
-1441.26 -1369.06
-1471.53 -1369.06
-1427.46 -1369.06
-1421.91 -1369.06
-1449.46 -1369.06
-1397.80 -1369.06
-1425.14 -1369.06
-1390.28 -1369.06
-1443.96 -1369.06
-1389.32 -1369.06
-1390.80 -1369.06
-1401.54 -1369.06
-1460.44 -1369.06
-1458.94 -1369.06
-1445.05 -1369.06
-1410.27 -1369.06
-1424.86 -1369.06
-1466.24 -1369.06
-1377.22 -1369.06
-1397.54 -1369.06
-1487.02 -1369.06
-1419.23 -1369.06
-1415.83 -1369.06
-1452.28 -1369.06
-1422.56 -1369.06
-1407.73 -1369.06
-1443.83 -1369.06
-1404.69 -1369.06
-1391.11 -1369.06
-1367.10 -1367.10
-1405.53 -1367.10
-1398.85 -1367.10
-1443.25 -1367.10
-1405.90 -1367.10
-1388.61 -1367.10
-1388.27 -1367.10
-1443.60 -1367.10
-1375.77 -1367.10
-1399.06 -1367.10
-1429.73 -1367.10
-1391.67 -1367.10
-1426.34 -1367.10
-1401.13 -1367.10
-1386.26 -1367.10
-1401.68 -1367.10
-1371.70 -1367.10
-1404.06 -1367.10
-1408.87 -1367.10
-1401.34 -1367.10
-1425.20 -1367.10
-1471.93 -1367.10
-1458.33 -1367.10
-1414.17 -1367.10
-1392.98 -1367.10
-1410.75 -1367.10
-1390.38 -1367.10
-1371.27 -1367.10
-1437.19 -1367.10
-1430.23 -1367.10
-1373.98 -1367.10
-1434.70 -1367.10
-1478.81 -1367.10
-1429.40 -1367.10
-1392.89 -1367.10
-1409.87 -1367.10
-1400.05 -1367.10
-1402.58 -1367.10
-1370.27 -1367.10
-1421.13 -1367.10
-1399.72 -1367.10
-1425.46 -1367.10
-1463.19 -1367.10
-1446.21 -1367.10
-1404.60 -1367.10
-1369.56 -1369.56
-1383.59 -1369.56
-1412.61 -1369.56
-1384.96 -1369.56
-1456.16 -1369.56
-1361.22 -1361.22
-1376.26 -1361.22
-1345.69 -1345.69
-1318.48 -1318.48
-1335.04 -1318.48
-1355.04 -1318.48
-1346.67 -1318.48
-1323.25 -1318.48
-1300.53 -1300.53
-1373.11 -1300.53
-1330.33 -1300.53
-1371.88 -1300.53
-1359.64 -1300.53
-1324.47 -1300.53
-1335.51 -1300.53
-1391.04 -1300.53
-1287.22 -1287.22
-1326.43 -1287.22
-1320.92 -1287.22
-1404.52 -1287.22
-1286.62 -1286.62
-1339.69 -1286.62
-1392.84 -1286.62
-1355.73 -1286.62
-1357.56 -1286.62
-1356.80 -1286.62
-1351.05 -1286.62
-1398.63 -1286.62
-1364.13 -1286.62
-1435.86 -1286.62
-1392.99 -1286.62
-1360.10 -1286.62
-1385.90 -1286.62
-1340.01 -1286.62
-1408.53 -1286.62
-1419.93 -1286.62
-1350.56 -1286.62
-1377.90 -1286.62
-1374.80 -1286.62
-1377.47 -1286.62
-1359.27 -1286.62
-1380.02 -1286.62
-1369.51 -1286.62
-1426.81 -1286.62
-1388.79 -1286.62
-1406.72 -1286.62
-1323.54 -1286.62
-1392.88 -1286.62
-1359.99 -1286.62
-1352.86 -1286.62
-1310.01 -1286.62
-1404.06 -1286.62
-1303.59 -1286.62
-1342.92 -1286.62
-1306.68 -1286.62
-1378.56 -1286.62
-1349.87 -1286.62
-1348.74 -1286.62
-1395.04 -1286.62
-1389.81 -1286.62
-1357.82 -1286.62
-1350.93 -1286.62
-1383.26 -1286.62
-1351.98 -1286.62
-1373.20 -1286.62
-1342.23 -1286.62
-1400.11 -1286.62
-1349.91 -1286.62
-1342.16 -1286.62
-1322.06 -1286.62
-1353.38 -1286.62
-1291.14 -1286.62
-1350.42 -1286.62
-1324.16 -1286.62
-1452.00 -1286.62
-1362.23 -1286.62
-1448.51 -1286.62
-1342.28 -1286.62
-1382.00 -1286.62
-1371.61 -1286.62
-1332.42 -1286.62
-1350.20 -1286.62
-1349.74 -1286.62
-1339.31 -1286.62
-1345.79 -1286.62
-1377.81 -1286.62
-1373.88 -1286.62
-1322.84 -1286.62
-1368.29 -1286.62
-1450.07 -1286.62
-1337.47 -1286.62
-1339.39 -1286.62
-1431.33 -1286.62
-1400.95 -1286.62
-1387.96 -1286.62
-1306.83 -1286.62
-1343.77 -1286.62
-1359.48 -1286.62
-1458.67 -1286.62
-1420.65 -1286.62
-1409.91 -1286.62
-1403.40 -1286.62
-1387.24 -1286.62
-1366.62 -1286.62
-1353.72 -1286.62
-1384.83 -1286.62
-1341.39 -1286.62
-1365.39 -1286.62
-1389.36 -1286.62
-1357.95 -1286.62
-1346.89 -1286.62
-1320.87 -1286.62
-1379.22 -1286.62
-1410.13 -1286.62
-1325.14 -1286.62
-1399.56 -1286.62
-1302.63 -1286.62
-1276.50 -1276.50
-1312.53 -1276.50
-1426.06 -1276.50
-1318.69 -1276.50
-1266.86 -1266.86
-1346.42 -1266.86
-1360.83 -1266.86
-1336.89 -1266.86
-1275.21 -1266.86
-1282.37 -1266.86
-1300.51 -1266.86
-1294.58 -1266.86
-1349.40 -1266.86
-1259.96 -1259.96
-1282.08 -1259.96
-1244.55 -1244.55
-1335.16 -1244.55
-1255.82 -1244.55
-1317.00 -1244.55
-1138.47 -1138.47
-1261.89 -1138.47
-1319.52 -1138.47
-1203.15 -1138.47
-1249.16 -1138.47
-1130.93 -1130.93
-1346.01 -1130.93
-1247.24 -1130.93
-1176.30 -1130.93
-1254.14 -1130.93
-1248.00 -1130.93
-1230.69 -1130.93
-1119.70 -1119.70
-1178.61 -1119.70
-1151.37 -1119.70
-1119.56 -1119.56
-1334.51 -1119.56
-1168.24 -1119.56
-1253.25 -1119.56
-1137.03 -1119.56
-1173.58 -1119.56
-1225.97 -1119.56
-1234.80 -1119.56
-1181.28 -1119.56
-1210.77 -1119.56
-1159.71 -1119.56
-1251.12 -1119.56
-1332.58 -1119.56
-1251.97 -1119.56
-1287.84 -1119.56
-1185.13 -1119.56
-1303.61 -1119.56
-1469.42 -1119.56
-1443.00 -1443.00
-1472.49 -1443.00
-1464.18 -1443.00
-1472.84 -1443.00
-1480.89 -1443.00
-1476.70 -1443.00
-1473.75 -1443.00
-1465.11 -1443.00
-1450.95 -1443.00
-1492.21 -1443.00
-1490.42 -1443.00
-1495.37 -1443.00
-1502.14 -1443.00
-1475.54 -1443.00
-1453.68 -1443.00
-1456.45 -1443.00
-1456.32 -1443.00
-1529.62 -1443.00
-1466.66 -1443.00
-1473.85 -1443.00
-1461.02 -1443.00
-1469.89 -1443.00
-1510.92 -1443.00
-1464.08 -1443.00
-1454.70 -1443.00
-1463.72 -1443.00
-1480.62 -1443.00
-1505.25 -1443.00
-1532.67 -1443.00
-1474.82 -1443.00
-1478.10 -1443.00
-1446.87 -1443.00
-1483.36 -1443.00
-1484.29 -1443.00
-1520.50 -1443.00
-1461.85 -1443.00
-1482.30 -1443.00
-1449.58 -1443.00
-1450.97 -1443.00
-1472.13 -1443.00
-1482.68 -1443.00
-1474.45 -1443.00
-1476.72 -1443.00
-1468.64 -1443.00
-1464.48 -1443.00
-1511.11 -1443.00
-1479.62 -1443.00
-1468.86 -1443.00
-1468.30 -1443.00
-1472.88 -1443.00
-1481.59 -1443.00
-1462.92 -1443.00
-1467.31 -1443.00
-1477.61 -1443.00
-1463.78 -1443.00
-1470.90 -1443.00
-1505.45 -1443.00
-1501.69 -1443.00
-1489.28 -1443.00
-1475.72 -1443.00
-1492.73 -1443.00
-1442.73 -1442.73
-1430.29 -1430.29
-1484.61 -1430.29
-1466.13 -1430.29
-1465.19 -1430.29
-1465.34 -1430.29
-1452.06 -1430.29
-1474.59 -1430.29
-1494.86 -1430.29
-1436.10 -1430.29
-1451.38 -1430.29
-1458.73 -1430.29
-1442.28 -1430.29
-1462.68 -1430.29
-1473.70 -1430.29
-1481.35 -1430.29
-1478.16 -1430.29
-1535.75 -1430.29
-1448.48 -1430.29
-1517.17 -1430.29
-1506.14 -1430.29
-1457.71 -1430.29
-1488.21 -1430.29
-1433.21 -1430.29
-1467.70 -1430.29
-1438.76 -1430.29
-1466.30 -1430.29
-1454.13 -1430.29
-1480.59 -1430.29
-1471.79 -1430.29
-1461.19 -1430.29
-1445.85 -1430.29
-1488.40 -1430.29
-1452.40 -1430.29
-1470.04 -1430.29
-1443.62 -1430.29
-1458.76 -1430.29
-1509.04 -1430.29
-1480.92 -1430.29
-1456.39 -1430.29
-1464.73 -1430.29
-1469.41 -1430.29
-1505.48 -1430.29
-1445.69 -1430.29
-1494.42 -1430.29
-1510.95 -1430.29
-1518.71 -1430.29
-1445.68 -1430.29
-1448.43 -1430.29
-1475.33 -1430.29
-1471.65 -1430.29
-1481.72 -1430.29
-1472.58 -1430.29
-1460.41 -1430.29
-1463.96 -1430.29
-1464.54 -1430.29
-1502.15 -1430.29
-1472.11 -1430.29
-1479.83 -1430.29
-1434.75 -1430.29
-1526.57 -1430.29
-1423.60 -1423.60
-1431.95 -1423.60
-1509.01 -1423.60
-1438.48 -1423.60
-1465.66 -1423.60
-1432.07 -1423.60
-1454.32 -1423.60
-1466.29 -1423.60
-1448.92 -1423.60
-1468.98 -1423.60
-1437.11 -1423.60
-1461.63 -1423.60
-1491.13 -1423.60
-1421.04 -1421.04
-1414.13 -1414.13
-1412.33 -1412.33
-1435.75 -1412.33
-1511.03 -1412.33
-1430.14 -1412.33
-1406.26 -1406.26
-1390.92 -1390.92
-1440.37 -1390.92
-1415.09 -1390.92
-1362.22 -1362.22
-1457.15 -1362.22
-1420.48 -1362.22
-1380.97 -1362.22
-1465.96 -1362.22
-1372.91 -1362.22
-1408.79 -1362.22
-1362.69 -1362.22
-1406.93 -1362.22
-1419.96 -1362.22
-1483.10 -1362.22
-1431.44 -1362.22
-1473.87 -1362.22
-1416.12 -1362.22
-1415.89 -1362.22
-1458.59 -1362.22
-1423.31 -1362.22
-1377.96 -1362.22
-1436.50 -1362.22
-1369.38 -1362.22
-1432.57 -1362.22
-1440.08 -1362.22
-1381.75 -1362.22
-1428.58 -1362.22
-1378.07 -1362.22
-1418.16 -1362.22
-1476.57 -1362.22
-1411.15 -1362.22
-1424.08 -1362.22
-1383.63 -1362.22
-1396.45 -1362.22
-1424.13 -1362.22
-1449.21 -1362.22
-1472.19 -1362.22
-1426.73 -1362.22
-1437.75 -1362.22
-1408.27 -1362.22
-1414.40 -1362.22
-1424.31 -1362.22
-1425.71 -1362.22
-1386.64 -1362.22
-1388.91 -1362.22
-1359.15 -1359.15
-1433.52 -1359.15
-1412.13 -1359.15
-1377.85 -1359.15
-1400.40 -1359.15
-1415.10 -1359.15
-1384.97 -1359.15
-1326.26 -1326.26
-1413.28 -1326.26
-1370.02 -1326.26
-1382.53 -1326.26
-1370.28 -1326.26
-1410.02 -1326.26
-1374.18 -1326.26
-1386.93 -1326.26
-1371.50 -1326.26
-1344.71 -1326.26
-1408.99 -1326.26
-1357.18 -1326.26
-1403.12 -1326.26
-1372.39 -1326.26
-1437.80 -1326.26
-1373.73 -1326.26
-1422.51 -1326.26
-1402.01 -1326.26
-1455.69 -1326.26
-1396.60 -1326.26
-1424.80 -1326.26
-1368.72 -1326.26
-1400.91 -1326.26
-1343.08 -1326.26
-1394.07 -1326.26
-1382.22 -1326.26
-1352.98 -1326.26
-1383.12 -1326.26
-1361.81 -1326.26
-1377.84 -1326.26
-1359.89 -1326.26
-1455.56 -1326.26
-1468.16 -1326.26
-1401.60 -1326.26
-1365.17 -1326.26
-1440.73 -1326.26
-1375.94 -1326.26
-1478.72 -1326.26
-1467.55 -1326.26
-1379.61 -1326.26
-1362.91 -1326.26
-1374.90 -1326.26
-1378.97 -1326.26
-1438.00 -1326.26
-1432.83 -1326.26
-1370.17 -1326.26
-1464.34 -1326.26
-1396.19 -1326.26
-1438.65 -1326.26
-1443.19 -1326.26
-1342.84 -1326.26
-1387.04 -1326.26
-1389.85 -1326.26
-1470.78 -1326.26
-1416.36 -1326.26
-1351.11 -1326.26
-1404.56 -1326.26
-1369.55 -1326.26
-1414.70 -1326.26
-1452.59 -1326.26
-1342.73 -1326.26
-1390.01 -1326.26
-1395.16 -1326.26
-1406.04 -1326.26
-1385.70 -1326.26
-1343.55 -1326.26
-1390.80 -1326.26
-1413.21 -1326.26
-1399.43 -1326.26
-1409.71 -1326.26
-1388.84 -1326.26
-1435.92 -1326.26
-1380.89 -1326.26
-1357.00 -1326.26
-1375.99 -1326.26
-1374.04 -1326.26
-1459.51 -1326.26
-1385.46 -1326.26
-1384.40 -1326.26
-1401.67 -1326.26
-1392.72 -1326.26
-1416.43 -1326.26
-1392.19 -1326.26
-1420.37 -1326.26
-1358.73 -1326.26
-1375.60 -1326.26
-1420.06 -1326.26
-1412.89 -1326.26
-1386.64 -1326.26
-1454.75 -1326.26
-1381.21 -1326.26
-1376.81 -1326.26
-1408.09 -1326.26
-1392.65 -1326.26
-1418.20 -1326.26
-1418.09 -1326.26
-1386.24 -1326.26
-1358.70 -1326.26
-1353.71 -1326.26
-1375.79 -1326.26
-1440.99 -1326.26
-1425.46 -1326.26
-1346.88 -1326.26
-1350.66 -1326.26
-1347.56 -1326.26
-1408.98 -1326.26
-1349.98 -1326.26
-1347.58 -1326.26
-1449.39 -1326.26
-1373.31 -1326.26
-1437.08 -1326.26
-1387.40 -1326.26
-1396.58 -1326.26
-1415.71 -1326.26
-1378.53 -1326.26
-1471.14 -1326.26
-1362.83 -1326.26
-1373.70 -1326.26
-1440.41 -1326.26
-1389.62 -1326.26
-1347.61 -1326.26
-1362.91 -1326.26
-1394.10 -1326.26
-1406.32 -1326.26
-1381.75 -1326.26
-1396.71 -1326.26
-1387.67 -1326.26
-1359.55 -1326.26
-1358.57 -1326.26
-1343.91 -1326.26
-1449.74 -1326.26
-1381.59 -1326.26
-1369.60 -1326.26
-1416.28 -1326.26
-1311.25 -1311.25
-1385.85 -1311.25
-1402.26 -1311.25
-1353.42 -1311.25
-1355.04 -1311.25
-1349.11 -1311.25
-1340.15 -1311.25
-1306.79 -1306.79
-1286.44 -1286.44
-1310.66 -1286.44
-1282.10 -1282.10
-1231.80 -1231.80
-1226.24 -1226.24
-1291.31 -1226.24
-1256.34 -1226.24
-1208.54 -1208.54
-1236.57 -1208.54
-1236.27 -1208.54
-1307.48 -1208.54
-1222.95 -1208.54
-1295.65 -1208.54
-1279.99 -1208.54
-1236.80 -1208.54
-1272.17 -1208.54
-1199.82 -1199.82
-1194.69 -1194.69
-1268.87 -1194.69
-1257.04 -1194.69
-1279.35 -1194.69
-1353.31 -1194.69
-1391.05 -1194.69
-1188.15 -1188.15
-1282.26 -1188.15
-1258.62 -1188.15
-1336.27 -1188.15
-1382.65 -1188.15
-1138.06 -1138.06
-1098.01 -1098.01
-1170.31 -1098.01
-1223.26 -1098.01
-1222.40 -1098.01
-1173.01 -1098.01
-1263.19 -1098.01
-1208.20 -1098.01
-1148.12 -1098.01
-1093.92 -1093.92
-1186.25 -1093.92
-1186.59 -1093.92
-1199.88 -1093.92
-1178.43 -1093.92
-1240.28 -1093.92
-1269.22 -1093.92
-1126.35 -1093.92
-1197.85 -1093.92
-1261.56 -1093.92
-1205.03 -1093.92
-1200.16 -1093.92
-1161.60 -1093.92
-1124.45 -1093.92
-1219.16 -1093.92
-1134.81 -1093.92
-1243.44 -1093.92
-1188.07 -1093.92
-1184.22 -1093.92
-1211.95 -1093.92
-1168.70 -1093.92
-1141.77 -1093.92
-1239.79 -1093.92
-1194.17 -1093.92
-1128.92 -1093.92
-1209.59 -1093.92
-1153.18 -1093.92
-1199.74 -1093.92
-1139.94 -1093.92
-1199.20 -1093.92
-1212.32 -1093.92
-1290.51 -1093.92
-1267.61 -1093.92
-1193.65 -1093.92
-1251.64 -1093.92
-1146.69 -1093.92
-1245.40 -1093.92
-1241.69 -1093.92
-1213.40 -1093.92
-1160.87 -1093.92
-1164.85 -1093.92
-1224.59 -1093.92
-1495.73 -1093.92
-1464.99 -1093.92
-1510.75 -1093.92
-1462.68 -1093.92
-1454.38 -1093.92
-1480.24 -1093.92
-1497.51 -1093.92
-1506.50 -1093.92
-1486.38 -1093.92
-1494.12 -1093.92
-1432.71 -1432.71
-1456.05 -1432.71
-1435.37 -1432.71
-1497.95 -1432.71
-1468.03 -1432.71
-1446.70 -1432.71
-1461.74 -1432.71
-1455.98 -1432.71
-1432.87 -1432.87
-1473.50 -1432.87
-1410.67 -1410.67
-1431.41 -1410.67
-1482.24 -1410.67
-1425.18 -1410.67
-1454.89 -1410.67
-1391.33 -1391.33
-1402.82 -1391.33
-1428.76 -1391.33
-1412.07 -1391.33
-1446.64 -1391.33
-1434.80 -1391.33
-1407.81 -1391.33
-1437.34 -1391.33
-1425.63 -1391.33
-1436.43 -1391.33
-1415.83 -1391.33
-1385.55 -1385.55
-1400.73 -1385.55
-1438.83 -1385.55
-1436.91 -1385.55
-1408.46 -1385.55
-1385.74 -1385.74
-1438.27 -1385.74
-1434.17 -1385.74
-1442.12 -1385.74
-1462.61 -1385.74
-1463.02 -1385.74
-1415.57 -1385.74
-1388.98 -1385.74
-1431.67 -1385.74
-1426.39 -1385.74
-1386.88 -1386.88
-1436.14 -1386.88
-1484.42 -1386.88
-1437.35 -1386.88
-1459.38 -1386.88
-1403.82 -1386.88
-1472.33 -1386.88
-1398.65 -1386.88
-1363.92 -1363.92
-1437.95 -1363.92
-1425.90 -1363.92
-1422.13 -1363.92
-1453.95 -1363.92
-1384.37 -1363.92
-1394.89 -1363.92
-1364.27 -1363.92
-1460.69 -1363.92
-1450.21 -1363.92
-1410.56 -1363.92
-1377.03 -1363.92
-1419.48 -1363.92
-1457.82 -1363.92
-1403.26 -1363.92
-1411.30 -1363.92
-1372.13 -1363.92
-1445.82 -1363.92
-1429.76 -1363.92
-1431.66 -1363.92
-1413.33 -1363.92
-1388.45 -1363.92
-1431.88 -1363.92
-1495.84 -1363.92
-1406.65 -1363.92
-1409.51 -1363.92
-1400.38 -1363.92
-1396.40 -1363.92
-1425.52 -1363.92
-1414.70 -1363.92
-1379.14 -1363.92
-1386.23 -1363.92
-1449.09 -1363.92
-1412.88 -1363.92
-1380.94 -1363.92
-1398.35 -1363.92
-1353.49 -1353.49
-1438.89 -1353.49
-1388.58 -1353.49
-1373.74 -1353.49
-1372.19 -1353.49
-1382.69 -1353.49
-1472.64 -1353.49
-1380.18 -1353.49
-1450.55 -1353.49
-1480.32 -1353.49
-1376.58 -1353.49
-1373.76 -1353.49
-1415.68 -1353.49
-1377.32 -1353.49
-1367.77 -1353.49
-1411.85 -1353.49
-1377.53 -1353.49
-1425.24 -1353.49
-1375.59 -1353.49
-1435.57 -1353.49
-1412.56 -1353.49
-1445.16 -1353.49
-1445.67 -1353.49
-1408.66 -1353.49
-1403.60 -1353.49
-1389.10 -1353.49
-1384.83 -1353.49
-1369.74 -1353.49
-1396.47 -1353.49
-1386.56 -1353.49
-1378.29 -1353.49
-1415.32 -1353.49
-1428.87 -1353.49
-1365.15 -1353.49
-1414.05 -1353.49
-1382.59 -1353.49
-1402.07 -1353.49
-1436.19 -1353.49
-1417.90 -1353.49
-1402.72 -1353.49
-1411.35 -1353.49
-1368.53 -1353.49
-1357.18 -1353.49
-1432.60 -1353.49
-1427.25 -1353.49
-1425.49 -1353.49
-1412.53 -1353.49
-1357.99 -1353.49
-1360.47 -1353.49
-1446.56 -1353.49
-1397.16 -1353.49
-1426.29 -1353.49
-1389.43 -1353.49
-1368.26 -1353.49
-1449.90 -1353.49
-1323.80 -1323.80
-1357.25 -1323.80
-1392.72 -1323.80
-1386.81 -1323.80
-1364.04 -1323.80
-1373.43 -1323.80
-1374.92 -1323.80
-1377.82 -1323.80
-1330.29 -1323.80
-1425.33 -1323.80
-1430.64 -1323.80
-1368.74 -1323.80
-1383.27 -1323.80
-1410.32 -1323.80
-1424.21 -1323.80
-1418.12 -1323.80
-1369.62 -1323.80
-1362.04 -1323.80
-1345.35 -1323.80
-1403.31 -1323.80
-1468.24 -1323.80
-1312.20 -1312.20
-1349.87 -1312.20
-1327.62 -1312.20
-1350.95 -1312.20
-1286.84 -1286.84
-1331.10 -1286.84
-1455.72 -1286.84
-1382.72 -1286.84
-1320.31 -1286.84
-1344.72 -1286.84
-1334.96 -1286.84
-1438.44 -1286.84
-1366.25 -1286.84
-1397.67 -1286.84
-1396.92 -1286.84
-1406.82 -1286.84
-1469.19 -1286.84
-1326.29 -1286.84
-1337.65 -1286.84
-1304.12 -1286.84
-1411.05 -1286.84
-1332.68 -1286.84
-1353.97 -1286.84
-1378.35 -1286.84
-1393.85 -1286.84
-1348.21 -1286.84
-1356.34 -1286.84
-1354.60 -1286.84
-1356.06 -1286.84
-1334.92 -1286.84
-1417.88 -1286.84
-1343.68 -1286.84
-1410.58 -1286.84
-1424.43 -1286.84
-1443.67 -1286.84
-1334.05 -1286.84
-1297.12 -1286.84
-1312.66 -1286.84
-1316.66 -1286.84
-1374.23 -1286.84
-1378.45 -1286.84
-1398.52 -1286.84
-1367.95 -1286.84
-1340.96 -1286.84
-1348.57 -1286.84
-1324.30 -1286.84
-1283.93 -1283.93
-1356.19 -1283.93
-1324.61 -1283.93
-1345.96 -1283.93
-1400.44 -1283.93
-1372.02 -1283.93
-1289.33 -1283.93
-1363.45 -1283.93
-1383.53 -1283.93
-1443.69 -1283.93
-1353.99 -1283.93
-1445.53 -1283.93
-1325.66 -1283.93
-1386.21 -1283.93
-1291.50 -1283.93
-1364.32 -1283.93
-1346.86 -1283.93
-1266.16 -1266.16
-1268.29 -1268.29
-1315.17 -1268.29
-1295.41 -1268.29
-1301.20 -1268.29
-1307.91 -1268.29
-1293.23 -1268.29
-1301.55 -1268.29
-1333.77 -1268.29
-1272.25 -1268.29
-1232.21 -1232.21
-1281.54 -1232.21
-1296.43 -1232.21
-1319.88 -1232.21
-1258.83 -1232.21
-1314.56 -1232.21
-1300.67 -1232.21
-1330.62 -1232.21
-1284.88 -1232.21
-1205.99 -1205.99
-1276.72 -1205.99
-1200.48 -1200.48
-1278.93 -1200.48
-1283.76 -1200.48
-1209.14 -1200.48
-1151.79 -1151.79
-1192.09 -1151.79
-1214.88 -1151.79
-1115.05 -1115.05
-1282.87 -1115.05
-1238.57 -1115.05
-1129.78 -1115.05
-1222.67 -1115.05
-1120.16 -1115.05
-1199.31 -1115.05
-1225.00 -1115.05
-1340.67 -1115.05
-1174.50 -1115.05
-1239.97 -1115.05
-1119.17 -1115.05
-1176.37 -1115.05
-1320.76 -1115.05
-1183.61 -1115.05
-1204.76 -1115.05
-1226.39 -1115.05
-1133.03 -1115.05
-1300.29 -1115.05
-1267.23 -1115.05
-1128.24 -1115.05
-1187.88 -1115.05
-1202.82 -1115.05
-1176.21 -1115.05
-1349.40 -1115.05
-1201.87 -1115.05
-1361.42 -1115.05
-1186.30 -1115.05
-1107.94 -1107.94
-1173.77 -1107.94
-1197.86 -1107.94
-1267.97 -1107.94
-1209.13 -1107.94
-1291.66 -1107.94
-1244.42 -1107.94
-1225.31 -1107.94
-1164.40 -1107.94
-1220.73 -1107.94
-1289.22 -1107.94
-1195.98 -1107.94
-1193.06 -1107.94
-1236.10 -1107.94
-1218.04 -1107.94
-1208.83 -1107.94
-1206.51 -1107.94
-1158.88 -1107.94
-1270.55 -1107.94
-1224.15 -1107.94
-1182.85 -1107.94
-1268.44 -1107.94
-1234.55 -1107.94
-1196.59 -1107.94
-1142.58 -1107.94
-1259.90 -1107.94
-1161.68 -1107.94
-1220.58 -1107.94
-1239.09 -1107.94
-1201.96 -1107.94
-1263.92 -1107.94
-1297.64 -1107.94
-1220.88 -1107.94
-1220.98 -1107.94
-1238.56 -1107.94
-1215.23 -1107.94
-1176.02 -1107.94
-1149.94 -1107.94
-1222.89 -1107.94
-1211.31 -1107.94
-1252.85 -1107.94
-1215.94 -1107.94
-1138.45 -1107.94
-1315.48 -1107.94
-1162.85 -1107.94
-1227.71 -1107.94
-1109.26 -1107.94
-1331.00 -1107.94
-1236.58 -1107.94
-1280.35 -1107.94
-1208.42 -1107.94
-1232.76 -1107.94
-1313.41 -1107.94
-1192.12 -1107.94
-1121.41 -1107.94
-1263.91 -1107.94
-1179.59 -1107.94
-1259.95 -1107.94
-1189.83 -1107.94
-1265.53 -1107.94
-1191.10 -1107.94
-1187.28 -1107.94
-1232.78 -1107.94
-1241.46 -1107.94
-1044.16 -1044.16
-1256.90 -1044.16
-1184.80 -1044.16
-1200.41 -1044.16
-1095.47 -1044.16
-1169.81 -1044.16
-1321.09 -1044.16
-1137.72 -1044.16
-1324.30 -1044.16
-1259.13 -1044.16
-1250.16 -1044.16
-1356.53 -1044.16
-1238.45 -1044.16
-1115.78 -1044.16
-1134.26 -1044.16
-1295.67 -1044.16
-1182.06 -1044.16
-1212.17 -1044.16
-1262.76 -1044.16
-1146.75 -1044.16
-1232.94 -1044.16
-1184.92 -1044.16
-1276.39 -1044.16
-1194.69 -1044.16
-1201.53 -1044.16
-1182.94 -1044.16
-1192.24 -1044.16
-1213.39 -1044.16
-1199.88 -1044.16
-1196.42 -1044.16
-1302.79 -1044.16
-1165.81 -1044.16
-1283.70 -1044.16
-1191.88 -1044.16
-1188.15 -1044.16
-1247.05 -1044.16
-1179.93 -1044.16
-1268.91 -1044.16
-1220.97 -1044.16
-1214.64 -1044.16
-1290.71 -1044.16
-1232.14 -1044.16
-1236.87 -1044.16
-1196.28 -1044.16
-1225.97 -1044.16
-1172.32 -1044.16
-1241.75 -1044.16
-1274.00 -1044.16
-1225.15 -1044.16
-1247.90 -1044.16
-1192.45 -1044.16
-1203.85 -1044.16
-1201.38 -1044.16
-1237.04 -1044.16
-1192.08 -1044.16
-1226.97 -1044.16
-1237.06 -1044.16
-1154.98 -1044.16
-1259.59 -1044.16
-1171.52 -1044.16
-1172.94 -1044.16
-1314.90 -1044.16
-1484.63 -1044.16
-1454.18 -1044.16
-1458.65 -1044.16
-1440.95 -1440.95
-1468.45 -1440.95
-1458.06 -1440.95
-1480.89 -1440.95
-1446.50 -1440.95
-1495.50 -1440.95
-1493.23 -1440.95
-1453.98 -1440.95
-1434.84 -1434.84
-1439.38 -1434.84
-1437.69 -1434.84
-1452.55 -1434.84
-1432.62 -1432.62
-1459.54 -1432.62
-1476.18 -1432.62
-1511.09 -1432.62
-1456.48 -1432.62
-1459.78 -1432.62
-1502.79 -1432.62
-1418.60 -1418.60
-1470.45 -1418.60
-1443.68 -1418.60
-1442.00 -1418.60
-1450.99 -1418.60
-1431.64 -1418.60
-1441.40 -1418.60
-1477.66 -1418.60
-1453.88 -1418.60
-1441.30 -1418.60
-1433.41 -1418.60
-1504.76 -1418.60
-1444.86 -1418.60
-1424.75 -1418.60
-1464.30 -1418.60
-1467.12 -1418.60
-1489.22 -1418.60
-1475.57 -1418.60
-1506.16 -1418.60
-1469.18 -1418.60
-1429.82 -1418.60
-1461.96 -1418.60
-1464.98 -1418.60
-1441.84 -1418.60
-1426.86 -1418.60
-1470.68 -1418.60
-1475.51 -1418.60
-1432.13 -1418.60
-1463.45 -1418.60
-1472.20 -1418.60
-1451.17 -1418.60
-1451.73 -1418.60
-1431.65 -1418.60
-1432.16 -1418.60
-1457.85 -1418.60
-1452.32 -1418.60
-1470.81 -1418.60
-1432.48 -1418.60
-1461.57 -1418.60
-1476.17 -1418.60
-1437.20 -1418.60
-1468.27 -1418.60
-1456.73 -1418.60
-1490.28 -1418.60
-1418.92 -1418.92
-1426.21 -1418.92
-1402.50 -1402.50
-1401.40 -1401.40
-1453.62 -1401.40
-1430.21 -1401.40
-1445.49 -1401.40
-1462.18 -1401.40
-1437.06 -1401.40
-1446.02 -1401.40
-1452.75 -1401.40
-1475.02 -1401.40
-1441.99 -1401.40
-1430.53 -1401.40
-1499.69 -1401.40
-1479.69 -1401.40
-1422.57 -1401.40
-1412.46 -1401.40
-1474.37 -1401.40
-1459.13 -1401.40
-1414.19 -1401.40
-1441.34 -1401.40
-1426.16 -1401.40
-1442.05 -1401.40
-1431.92 -1401.40
-1429.04 -1401.40
-1446.84 -1401.40
-1427.69 -1401.40
-1427.73 -1401.40
-1428.53 -1401.40
-1413.92 -1401.40
-1423.63 -1401.40
-1427.68 -1401.40
-1475.82 -1401.40
-1423.71 -1401.40
-1472.50 -1401.40
-1520.83 -1401.40
-1480.48 -1401.40
-1463.26 -1401.40
-1420.30 -1401.40
-1422.88 -1401.40
-1484.30 -1401.40
-1453.42 -1401.40
-1419.72 -1401.40
-1412.01 -1401.40
-1443.62 -1401.40
-1458.06 -1401.40
-1494.66 -1401.40
-1417.52 -1401.40
-1440.17 -1401.40
-1504.46 -1401.40
-1437.94 -1401.40
-1425.53 -1401.40
-1497.46 -1401.40
-1443.69 -1401.40
-1426.96 -1401.40
-1484.21 -1401.40
-1437.87 -1401.40
-1400.91 -1400.91
-1402.76 -1400.91
-1387.09 -1387.09
-1477.67 -1387.09
-1418.75 -1387.09
-1424.84 -1387.09
-1470.78 -1387.09
-1403.71 -1387.09
-1441.67 -1387.09
-1411.53 -1387.09
-1412.63 -1387.09
-1462.55 -1387.09
-1453.16 -1387.09
-1459.43 -1387.09
-1459.82 -1387.09
-1407.49 -1387.09
-1489.95 -1387.09
-1400.08 -1387.09
-1452.31 -1387.09
-1399.81 -1387.09
-1396.70 -1387.09
-1401.51 -1387.09
-1403.59 -1387.09
-1406.46 -1387.09
-1486.50 -1387.09
-1431.36 -1387.09
-1452.86 -1387.09
-1413.45 -1387.09
-1419.63 -1387.09
-1484.71 -1387.09
-1410.31 -1387.09
-1379.77 -1379.77
-1400.80 -1379.77
-1370.91 -1370.91
-1445.32 -1370.91
-1410.90 -1370.91
-1361.77 -1361.77
-1404.07 -1361.77
-1405.85 -1361.77
-1402.51 -1361.77
-1375.95 -1361.77
-1380.63 -1361.77
-1411.01 -1361.77
-1377.48 -1361.77
-1365.22 -1361.77
-1396.41 -1361.77
-1407.41 -1361.77
-1394.51 -1361.77
-1357.65 -1357.65
-1337.46 -1337.46
-1325.29 -1325.29
-1442.85 -1325.29
-1403.52 -1325.29
-1387.98 -1325.29
-1370.93 -1325.29
-1468.82 -1325.29
-1383.63 -1325.29
-1335.15 -1325.29
-1436.03 -1325.29
-1373.30 -1325.29
-1379.71 -1325.29
-1368.15 -1325.29
-1384.80 -1325.29
-1412.64 -1325.29
-1373.05 -1325.29
-1367.27 -1325.29
-1430.78 -1325.29
-1367.72 -1325.29
-1404.75 -1325.29
-1343.64 -1325.29
-1379.44 -1325.29
-1314.47 -1314.47
-1378.20 -1314.47
-1367.98 -1314.47
-1341.15 -1314.47
-1399.13 -1314.47
-1367.07 -1314.47
-1383.54 -1314.47
-1395.55 -1314.47
-1343.19 -1314.47
-1353.37 -1314.47
-1303.30 -1303.30
-1349.28 -1303.30
-1385.26 -1303.30
-1421.71 -1303.30
-1308.36 -1303.30
-1355.61 -1303.30
-1335.30 -1303.30
-1352.77 -1303.30
-1412.54 -1303.30
-1285.66 -1285.66
-1291.00 -1285.66
-1381.82 -1285.66
-1322.15 -1285.66
-1348.90 -1285.66
-1272.63 -1272.63
-1325.81 -1272.63
-1329.39 -1272.63
-1273.38 -1272.63
-1267.00 -1267.00
-1221.32 -1221.32
-1348.29 -1221.32
-1332.01 -1221.32
-1340.52 -1221.32
-1257.47 -1221.32
-1351.74 -1221.32
-1344.77 -1221.32
-1323.64 -1221.32
-1305.31 -1221.32
-1334.90 -1221.32
-1378.00 -1221.32
-1320.29 -1221.32
-1328.22 -1221.32
-1284.76 -1221.32
-1246.75 -1221.32
-1375.41 -1221.32
-1328.12 -1221.32
-1230.78 -1221.32
-1374.19 -1221.32
-1313.16 -1221.32
-1269.97 -1221.32
-1360.31 -1221.32
-1329.46 -1221.32
-1268.54 -1221.32
-1304.40 -1221.32
-1299.51 -1221.32
-1343.11 -1221.32
-1303.10 -1221.32
-1323.05 -1221.32
-1275.84 -1221.32
-1355.79 -1221.32
-1288.31 -1221.32
-1311.96 -1221.32
-1414.05 -1221.32
-1399.23 -1221.32
-1327.77 -1221.32
-1290.45 -1221.32
-1311.67 -1221.32
-1345.96 -1221.32
-1325.64 -1221.32
-1301.60 -1221.32
-1248.29 -1221.32
-1351.35 -1221.32
-1267.57 -1221.32
-1254.55 -1221.32
-1277.30 -1221.32
-1254.59 -1221.32
-1258.82 -1221.32
-1262.81 -1221.32
-1307.80 -1221.32
-1329.85 -1221.32
-1245.96 -1221.32
-1205.78 -1205.78
-1253.58 -1205.78
-1333.20 -1205.78
-1279.58 -1205.78
-1294.65 -1205.78
-1304.87 -1205.78
-1217.14 -1205.78
-1244.50 -1205.78
-1300.10 -1205.78
-1276.57 -1205.78
-1311.10 -1205.78
-1337.32 -1205.78
-1318.10 -1205.78
-1303.53 -1205.78
-1276.51 -1205.78
-1260.41 -1205.78
-1249.42 -1205.78
-1252.02 -1205.78
-1233.94 -1205.78
-1263.34 -1205.78
-1257.61 -1205.78
-1341.64 -1205.78
-1297.60 -1205.78
-1243.73 -1205.78
-1259.76 -1205.78
-1321.94 -1205.78
-1268.60 -1205.78
-1283.08 -1205.78
-1310.50 -1205.78
-1263.14 -1205.78
-1252.84 -1205.78
-1293.15 -1205.78
-1308.95 -1205.78
-1252.41 -1205.78
-1283.61 -1205.78
-1305.31 -1205.78
-1188.61 -1188.61
-1322.34 -1188.61
-1274.14 -1188.61
-1303.19 -1188.61
-1279.03 -1188.61
-1199.32 -1188.61
-1248.65 -1188.61
-1215.97 -1188.61
-1254.21 -1188.61
-1220.97 -1188.61
-1322.14 -1188.61
-1331.68 -1188.61
-1274.41 -1188.61
-1217.94 -1188.61
-1188.12 -1188.12
-1209.79 -1188.12
-1246.64 -1188.12
-1186.56 -1186.56
-1277.39 -1186.56
-1230.28 -1186.56
-1249.54 -1186.56
-1221.29 -1186.56
-1232.04 -1186.56
-1137.01 -1137.01
-1328.28 -1137.01
-1125.82 -1125.82
-1201.01 -1125.82
-1207.70 -1125.82
-1153.25 -1125.82
-1201.01 -1125.82
-1200.98 -1125.82
-1175.56 -1125.82
-1255.31 -1125.82
-1185.75 -1125.82
-1183.26 -1125.82
-1160.80 -1125.82
-1197.24 -1125.82
-1261.29 -1125.82
-1121.44 -1121.44
-1221.04 -1121.44
-1243.52 -1121.44
-1242.30 -1121.44
-1235.88 -1121.44
-1224.38 -1121.44
-1221.40 -1121.44
-1202.03 -1121.44
-1188.07 -1121.44
-1202.51 -1121.44
-1262.85 -1121.44
-1289.91 -1121.44
-1259.77 -1121.44
-1187.77 -1121.44
-1341.77 -1121.44
-1160.98 -1121.44
-1241.49 -1121.44
-1242.06 -1121.44
-1148.25 -1121.44
-1178.96 -1121.44
-1371.26 -1121.44
-1261.14 -1121.44
-1225.58 -1121.44
-1130.01 -1121.44
-1158.56 -1121.44
-1224.54 -1121.44
-1246.56 -1121.44
-1200.87 -1121.44
-1200.86 -1121.44
-1228.21 -1121.44
-1251.35 -1121.44
-1200.26 -1121.44
-1321.68 -1121.44
-1171.42 -1121.44
-1149.77 -1121.44
-1290.98 -1121.44
-1278.32 -1121.44
-1180.95 -1121.44
-1234.64 -1121.44
-1210.16 -1121.44
-1227.68 -1121.44
-1173.75 -1121.44
-1177.06 -1121.44
-1246.42 -1121.44
-1192.23 -1121.44
-1176.30 -1121.44
-1228.75 -1121.44
-1366.67 -1121.44
-1117.38 -1117.38
-1268.57 -1117.38
-1109.34 -1109.34
-1272.34 -1109.34
-1267.50 -1109.34
-1213.75 -1109.34
-1186.27 -1109.34
-1130.01 -1109.34
-1129.36 -1109.34
-1279.85 -1109.34
-1185.76 -1109.34
-1221.11 -1109.34
-1185.08 -1109.34
-1305.80 -1109.34
-1141.27 -1109.34
-1301.62 -1109.34
-1213.92 -1109.34
-1276.78 -1109.34
-1519.38 -1109.34
-1468.76 -1109.34
-1485.91 -1109.34
-1448.56 -1448.56
-1506.07 -1448.56
-1449.51 -1449.51
-1442.53 -1442.53
-1486.17 -1442.53
-1485.37 -1442.53
-1473.62 -1442.53
-1442.65 -1442.53
-1515.23 -1442.53
-1476.66 -1442.53
-1475.15 -1442.53
-1504.00 -1442.53
-1475.16 -1442.53
-1515.95 -1442.53
-1468.84 -1442.53
-1506.42 -1442.53
-1434.81 -1434.81
-1464.84 -1434.81
-1461.86 -1434.81
-1446.93 -1434.81
-1455.44 -1434.81
-1461.00 -1434.81
-1531.18 -1434.81
-1471.91 -1434.81
-1454.53 -1434.81
-1489.65 -1434.81
-1481.08 -1434.81
-1475.79 -1434.81
-1456.81 -1434.81
-1442.08 -1434.81
-1432.60 -1432.60
-1442.09 -1432.60
-1456.78 -1432.60
-1444.36 -1432.60
-1428.72 -1428.72
-1428.44 -1428.44
-1417.78 -1417.78
-1446.83 -1417.78
-1453.16 -1417.78
-1423.89 -1417.78
-1443.12 -1417.78
-1412.35 -1412.35
-1434.21 -1412.35
-1428.12 -1412.35
-1428.37 -1412.35
-1430.01 -1412.35
-1438.15 -1412.35
-1466.20 -1412.35
-1460.22 -1412.35
-1439.78 -1412.35
-1403.96 -1403.96
-1416.88 -1403.96
-1457.97 -1403.96
-1430.66 -1403.96
-1437.08 -1403.96
-1483.56 -1403.96
-1412.96 -1403.96
-1448.72 -1403.96
-1448.93 -1403.96
-1423.29 -1403.96
-1400.72 -1400.72
-1369.89 -1369.89
-1448.97 -1369.89
-1418.60 -1369.89
-1417.82 -1369.89
-1402.99 -1369.89
-1428.89 -1369.89
-1435.10 -1369.89
-1397.53 -1369.89
-1395.64 -1369.89
-1454.79 -1369.89
-1444.37 -1369.89
-1413.36 -1369.89
-1456.19 -1369.89
-1449.44 -1369.89
-1469.66 -1369.89
-1403.19 -1369.89
-1425.70 -1369.89
-1429.87 -1369.89
-1408.55 -1369.89
-1405.93 -1369.89
-1460.11 -1369.89
-1381.63 -1369.89
-1387.79 -1369.89
-1470.64 -1369.89
-1387.65 -1369.89
-1478.11 -1369.89
-1474.54 -1369.89
-1435.96 -1369.89
-1441.13 -1369.89
-1405.61 -1369.89
-1411.87 -1369.89
-1406.30 -1369.89
-1373.42 -1373.42
-1423.39 -1373.42
-1410.16 -1373.42
-1405.58 -1373.42
-1427.31 -1373.42
-1448.97 -1373.42
-1401.86 -1373.42
-1441.76 -1373.42
-1358.22 -1358.22
-1379.93 -1358.22
-1485.89 -1358.22
-1370.36 -1358.22
-1432.64 -1358.22
-1365.29 -1358.22
-1355.38 -1355.38
-1418.85 -1355.38
-1414.67 -1355.38
-1386.42 -1355.38
-1380.73 -1355.38
-1370.81 -1355.38
-1388.51 -1355.38
-1376.53 -1355.38
-1399.71 -1355.38
-1345.32 -1345.32
-1376.32 -1345.32
-1303.64 -1303.64
-1294.92 -1294.92
-1350.93 -1294.92
-1391.69 -1294.92
-1361.69 -1294.92
-1312.37 -1294.92
-1369.70 -1294.92
-1353.97 -1294.92
-1349.32 -1294.92
-1317.62 -1294.92
-1404.28 -1294.92
-1313.45 -1294.92
-1346.12 -1294.92
-1412.46 -1294.92
-1384.65 -1294.92
-1305.90 -1294.92
-1293.69 -1293.69
-1373.49 -1293.69
-1354.96 -1293.69
-1282.74 -1282.74
-1289.46 -1282.74
-1280.82 -1280.82
-1268.61 -1268.61
-1266.79 -1266.79
-1264.45 -1264.45
-1308.63 -1264.45
-1284.84 -1264.45
-1222.14 -1222.14
-1221.93 -1221.93
-1298.92 -1221.93
-1255.81 -1221.93
-1263.01 -1221.93
-1277.11 -1221.93
-1219.83 -1219.83
-1340.87 -1219.83
-1289.63 -1219.83
-1314.59 -1219.83
-1247.97 -1219.83
-1260.73 -1219.83
-1309.57 -1219.83
-1281.69 -1219.83
-1233.98 -1219.83
-1194.83 -1194.83
-1212.28 -1194.83
-1185.45 -1185.45
-1239.84 -1185.45
-1210.01 -1185.45
-1135.26 -1135.26
-1149.81 -1135.26
-1354.96 -1135.26
-1170.61 -1135.26
-1172.89 -1135.26
-1225.74 -1135.26
-1193.71 -1135.26
-1242.31 -1135.26
-1213.20 -1135.26
-1173.04 -1135.26
-1194.46 -1135.26
-1275.15 -1135.26
-1242.41 -1135.26
-1219.16 -1135.26
-1173.08 -1135.26
-1208.87 -1135.26
-1235.23 -1135.26
-1268.44 -1135.26
-1203.08 -1135.26
-1190.44 -1135.26
-1240.52 -1135.26
-1222.85 -1135.26
-1180.71 -1135.26
-1211.68 -1135.26
-1202.47 -1135.26
-1316.51 -1135.26
-1144.46 -1135.26
-1160.96 -1135.26
-1161.56 -1135.26
-1175.37 -1135.26
-1225.31 -1135.26
-1217.51 -1135.26
-1168.27 -1135.26
-1187.45 -1135.26
-1290.37 -1135.26
-1127.77 -1127.77
-1142.83 -1127.77
-1330.51 -1127.77
-1365.49 -1127.77
-1225.20 -1127.77
-1202.17 -1127.77
-1198.36 -1127.77
-1235.35 -1127.77
-1261.91 -1127.77
-1131.96 -1127.77
-1212.95 -1127.77
-1355.20 -1127.77
-1201.52 -1127.77
-1225.66 -1127.77
-1210.16 -1127.77
-1222.74 -1127.77
-1199.08 -1127.77
-1264.90 -1127.77
-1255.16 -1127.77
-1328.01 -1127.77
-1277.08 -1127.77
-1214.58 -1127.77
-1205.77 -1127.77
-1241.63 -1127.77
-1345.61 -1127.77
-1293.36 -1127.77
-1240.54 -1127.77
-1278.01 -1127.77
-1253.12 -1127.77
-1241.41 -1127.77
-1128.13 -1128.13
-1347.63 -1128.13
-1344.72 -1128.13
-1188.15 -1128.13
-1186.97 -1128.13
-1241.27 -1128.13
-1251.79 -1128.13
-1148.61 -1128.13
-1194.66 -1128.13
-1238.00 -1128.13
-1347.67 -1128.13
-1221.71 -1128.13
-1193.11 -1128.13
-1160.54 -1128.13
-1283.36 -1128.13
-1273.67 -1128.13
-1206.76 -1128.13
-1142.83 -1128.13
-1247.11 -1128.13
-1246.81 -1128.13
-1230.33 -1128.13
-1188.91 -1128.13
-1447.96 -1128.13
-1185.65 -1128.13
-1271.47 -1128.13
-1171.12 -1128.13
-1110.94 -1110.94
-1242.46 -1110.94
-1188.99 -1110.94
-1204.79 -1110.94
-1207.03 -1110.94
-1203.51 -1110.94
-1201.31 -1110.94
-1198.65 -1110.94
-1197.58 -1110.94
-1198.93 -1110.94
-1223.98 -1110.94
-1287.39 -1110.94
-1216.39 -1110.94
-1150.06 -1110.94
-1213.94 -1110.94
-1145.62 -1110.94
-1188.25 -1110.94
-1179.90 -1110.94
-1259.57 -1110.94
-1317.55 -1110.94
-1169.14 -1110.94
-1268.79 -1110.94
-1193.02 -1110.94
-1264.78 -1110.94
-1211.80 -1110.94
-1145.17 -1110.94
-1191.98 -1110.94
-1229.87 -1110.94
-1188.74 -1110.94
-1293.12 -1110.94
-1236.62 -1110.94
-1231.54 -1110.94
-1162.26 -1110.94
-1233.19 -1110.94
-1251.20 -1110.94
-1280.26 -1110.94
-1282.87 -1110.94
-1269.19 -1110.94
-1293.54 -1110.94
-1236.85 -1110.94
-1155.07 -1110.94
-1172.26 -1110.94
-1157.38 -1110.94
-1202.11 -1110.94
-1200.92 -1110.94
-1272.70 -1110.94
-1146.53 -1110.94
-1200.26 -1110.94
-1181.75 -1110.94
-1262.25 -1110.94
-1151.39 -1110.94
-1192.74 -1110.94
-1221.52 -1110.94
-1174.01 -1110.94
-1201.61 -1110.94
-1205.16 -1110.94
-1137.28 -1110.94
-1235.70 -1110.94
-1166.19 -1110.94
-1310.02 -1110.94
-1269.65 -1110.94
-1157.30 -1110.94
-1209.62 -1110.94
-1263.92 -1110.94
-1332.44 -1110.94
-1211.74 -1110.94
-1099.16 -1099.16
-1214.92 -1099.16
-1301.24 -1099.16
-1228.70 -1099.16
-1182.85 -1099.16
-1322.88 -1099.16
-1334.52 -1099.16
-1373.69 -1099.16
-1267.90 -1099.16
-1317.64 -1099.16
-1234.15 -1099.16
-1281.16 -1099.16
-1220.84 -1099.16
-1305.09 -1099.16
-1216.22 -1099.16
-1212.00 -1099.16
-1269.89 -1099.16
-1259.59 -1099.16
-1189.84 -1099.16
-1314.76 -1099.16
-1185.32 -1099.16
-1138.79 -1099.16
-1243.28 -1099.16
-1217.23 -1099.16
-1229.28 -1099.16
-1248.64 -1099.16
-1329.25 -1099.16
-1324.10 -1099.16
-1317.87 -1099.16
-1343.27 -1099.16
-1226.36 -1099.16
-1252.94 -1099.16
-1159.04 -1099.16
-1219.34 -1099.16
-1250.65 -1099.16
-1255.82 -1099.16
-1113.30 -1099.16
-1208.96 -1099.16
-1206.57 -1099.16
-1219.93 -1099.16
-1195.39 -1099.16
-1217.36 -1099.16
-1135.19 -1099.16
-1145.82 -1099.16
-1245.27 -1099.16
-1245.81 -1099.16
-1243.65 -1099.16
-1171.23 -1099.16
-1202.99 -1099.16
-1203.78 -1099.16
-1236.56 -1099.16
-1205.88 -1099.16
-1255.75 -1099.16
-1167.86 -1099.16
-1206.28 -1099.16
-1234.80 -1099.16
-1222.58 -1099.16
-1361.88 -1099.16
-1255.28 -1099.16
-1198.54 -1099.16
-1203.98 -1099.16
-1292.35 -1099.16
-1313.50 -1099.16
-1238.72 -1099.16
-1376.03 -1099.16
-1293.46 -1099.16
-1280.35 -1099.16
-1320.00 -1099.16
-1234.67 -1099.16
-1172.79 -1099.16
-1248.50 -1099.16
-1236.74 -1099.16
-1173.49 -1099.16
-1224.92 -1099.16
-1147.24 -1099.16
-1136.70 -1099.16
-1200.18 -1099.16
-1225.47 -1099.16
-1242.49 -1099.16
-1228.45 -1099.16
-1201.10 -1099.16
-1163.78 -1099.16
-1191.60 -1099.16
-1264.37 -1099.16
-1228.23 -1099.16
-1243.38 -1099.16
-1169.32 -1099.16
-1316.15 -1099.16
-1264.44 -1099.16
-1346.04 -1099.16
-1219.48 -1099.16
-1463.03 -1099.16
-1483.58 -1099.16
-1442.28 -1442.28
-1487.89 -1442.28
-1412.99 -1412.99
-1452.30 -1412.99
-1439.75 -1412.99
-1456.73 -1412.99
-1481.79 -1412.99
-1466.64 -1412.99
-1452.84 -1412.99
-1511.93 -1412.99
-1443.80 -1412.99
-1475.46 -1412.99
-1501.44 -1412.99
-1467.49 -1412.99
-1474.95 -1412.99
-1474.96 -1412.99
-1459.59 -1412.99
-1460.56 -1412.99
-1423.45 -1412.99
-1461.94 -1412.99
-1512.64 -1412.99
-1492.56 -1412.99
-1494.78 -1412.99
-1455.68 -1412.99
-1442.76 -1412.99
-1475.20 -1412.99
-1467.27 -1412.99
-1455.07 -1412.99
-1484.18 -1412.99
-1445.23 -1412.99
-1448.30 -1412.99
-1461.75 -1412.99
-1463.73 -1412.99
-1437.88 -1412.99
-1466.92 -1412.99
-1483.02 -1412.99
-1456.12 -1412.99
-1493.25 -1412.99
-1471.34 -1412.99
-1448.38 -1412.99
-1467.94 -1412.99
-1443.06 -1412.99
-1421.26 -1412.99
-1429.70 -1412.99
-1469.55 -1412.99
-1463.40 -1412.99
-1464.72 -1412.99
-1432.91 -1412.99
-1460.08 -1412.99
-1441.20 -1412.99
-1503.05 -1412.99
-1445.80 -1412.99
-1500.74 -1412.99
-1439.09 -1412.99
-1448.12 -1412.99
-1422.99 -1412.99
-1431.78 -1412.99
-1461.47 -1412.99
-1437.45 -1412.99
-1432.82 -1412.99
-1440.30 -1412.99
-1459.13 -1412.99
-1476.82 -1412.99
-1488.91 -1412.99
-1464.93 -1412.99
-1482.49 -1412.99
-1426.55 -1412.99
-1509.02 -1412.99
-1464.74 -1412.99
-1471.48 -1412.99
-1432.04 -1412.99
-1466.67 -1412.99
-1420.22 -1412.99
-1503.72 -1412.99
-1431.85 -1412.99
-1469.60 -1412.99
-1427.47 -1412.99
-1470.17 -1412.99
-1479.03 -1412.99
-1463.52 -1412.99
-1505.86 -1412.99
-1480.16 -1412.99
-1419.30 -1412.99
-1523.05 -1412.99
-1491.68 -1412.99
-1477.25 -1412.99
-1453.33 -1412.99
-1451.67 -1412.99
-1485.58 -1412.99
-1448.41 -1412.99
-1476.09 -1412.99
-1477.90 -1412.99
-1498.33 -1412.99
-1431.33 -1412.99
-1427.72 -1412.99
-1437.76 -1412.99
-1446.41 -1412.99
-1402.69 -1402.69
-1418.87 -1402.69
-1465.15 -1402.69
-1452.74 -1402.69
-1442.81 -1402.69
-1398.11 -1398.11
-1407.27 -1398.11
-1373.68 -1373.68
-1402.49 -1373.68
-1399.15 -1373.68
-1367.10 -1367.10
-1401.08 -1367.10
-1414.91 -1367.10
-1390.97 -1367.10
-1388.72 -1367.10
-1375.00 -1367.10
-1395.25 -1367.10
-1408.57 -1367.10
-1395.59 -1367.10
-1372.93 -1367.10
-1369.63 -1367.10
-1483.62 -1367.10
-1359.47 -1359.47
-1401.84 -1359.47
-1378.52 -1359.47
-1403.49 -1359.47
-1424.86 -1359.47
-1416.77 -1359.47
-1463.44 -1359.47
-1345.04 -1345.04
-1412.51 -1345.04
-1383.70 -1345.04
-1348.07 -1345.04
-1345.69 -1345.69
-1311.84 -1311.84
-1340.57 -1311.84
-1343.68 -1311.84
-1356.22 -1311.84
-1359.54 -1311.84
-1369.70 -1311.84
-1311.32 -1311.32
-1325.04 -1311.32
-1285.82 -1285.82
-1339.88 -1285.82
-1300.10 -1285.82
-1347.16 -1285.82
-1276.13 -1276.13
-1212.63 -1212.63
-1272.10 -1212.63
-1344.60 -1212.63
-1297.87 -1212.63
-1322.72 -1212.63
-1234.52 -1212.63
-1307.77 -1212.63
-1323.13 -1212.63
-1287.10 -1212.63
-1239.88 -1212.63
-1289.54 -1212.63
-1291.53 -1212.63
-1291.34 -1212.63
-1369.19 -1212.63
-1259.34 -1212.63
-1358.91 -1212.63
-1291.28 -1212.63
-1253.80 -1212.63
-1298.85 -1212.63
-1288.46 -1212.63
-1282.02 -1212.63
-1200.48 -1200.48
-1180.15 -1180.15
-1240.25 -1180.15
-1243.81 -1180.15
-1245.78 -1180.15
-1232.32 -1180.15
-1200.82 -1180.15
-1318.54 -1180.15
-1224.03 -1180.15
-1188.98 -1180.15
-1233.64 -1180.15
-1253.25 -1180.15
-1125.47 -1125.47
-1179.90 -1125.47
-1117.60 -1117.60
-1204.53 -1117.60
-1167.23 -1117.60
-1247.04 -1117.60
-1328.11 -1117.60
-1339.11 -1117.60
-1294.51 -1117.60
-1237.64 -1117.60
-1270.47 -1117.60
-1235.38 -1117.60
-1177.86 -1117.60
-1263.61 -1117.60
-1129.17 -1117.60
-1208.11 -1117.60
-1276.82 -1117.60
-1391.13 -1117.60
-1253.52 -1117.60
-1138.27 -1117.60
-1244.50 -1117.60
-1170.95 -1117.60
-1197.02 -1117.60
-1180.71 -1117.60
-1145.64 -1117.60
-1152.77 -1117.60
-1240.01 -1117.60
-1239.41 -1117.60
-1169.76 -1117.60
-1381.26 -1117.60
-1142.35 -1117.60
-1174.07 -1117.60
-1279.63 -1117.60
-1272.93 -1117.60
-1245.89 -1117.60
-1141.43 -1117.60
-1192.73 -1117.60
-1153.64 -1117.60
-1197.71 -1117.60
-1197.53 -1117.60
-1228.34 -1117.60
-1215.97 -1117.60
-1175.24 -1117.60
-1034.63 -1034.63
-1201.71 -1034.63
-1190.97 -1034.63
-1128.40 -1034.63
-1240.68 -1034.63
-1161.69 -1034.63
-1287.11 -1034.63
-1204.66 -1034.63
-1173.87 -1034.63
-1197.95 -1034.63
-1140.04 -1034.63
-1187.04 -1034.63
-1212.01 -1034.63
-1198.49 -1034.63
-1191.86 -1034.63
-1196.55 -1034.63
-1251.32 -1034.63
-1272.09 -1034.63
-1217.48 -1034.63
-1311.57 -1034.63
-1122.27 -1034.63
-1176.09 -1034.63
-1200.12 -1034.63
-1216.89 -1034.63
-1223.17 -1034.63
-1246.18 -1034.63
-1242.81 -1034.63
-1287.82 -1034.63
-1279.66 -1034.63
-1246.69 -1034.63
-1249.74 -1034.63
-1268.96 -1034.63
-1268.26 -1034.63
-1227.09 -1034.63
-1135.81 -1034.63
-1205.42 -1034.63
-1081.12 -1034.63
-1218.81 -1034.63
-1215.51 -1034.63
-1362.26 -1034.63
-1278.96 -1034.63
-1250.00 -1034.63
-1204.43 -1034.63
-1205.29 -1034.63
-1256.28 -1034.63
-1196.25 -1034.63
-1221.39 -1034.63
-1354.93 -1034.63
-1132.36 -1034.63
-1376.03 -1034.63
-1164.43 -1034.63
-1244.26 -1034.63
-1186.02 -1034.63
-1198.73 -1034.63
-1218.74 -1034.63
-1147.47 -1034.63
-1141.61 -1034.63
-1250.24 -1034.63
-1267.82 -1034.63
-1212.09 -1034.63
-1129.71 -1034.63
-1213.48 -1034.63
-1196.17 -1034.63
-1243.57 -1034.63
-1185.08 -1034.63
-1126.97 -1034.63
-1334.47 -1034.63
-1196.92 -1034.63
-1233.15 -1034.63
-1296.33 -1034.63
-1300.32 -1034.63
-1191.10 -1034.63
-1178.38 -1034.63
-1217.21 -1034.63
-1250.24 -1034.63
-1187.74 -1034.63
-1210.62 -1034.63
-1246.53 -1034.63
-1243.35 -1034.63
-1194.01 -1034.63
-1242.57 -1034.63
-1195.98 -1034.63
-1183.05 -1034.63
-1300.04 -1034.63
-1253.28 -1034.63
-1228.78 -1034.63
-1083.18 -1034.63
-1295.95 -1034.63
-1211.70 -1034.63
-1251.21 -1034.63
-1224.88 -1034.63
-1148.39 -1034.63
-1235.77 -1034.63
-1173.77 -1034.63
-1257.03 -1034.63
-1245.54 -1034.63
-1196.03 -1034.63
-1250.18 -1034.63
-1232.43 -1034.63
-1221.16 -1034.63
-1169.92 -1034.63
-1247.87 -1034.63
-1147.10 -1034.63
-1248.73 -1034.63
-1119.17 -1034.63
-1214.80 -1034.63
-1211.05 -1034.63
-1300.17 -1034.63
-1095.23 -1034.63
-1108.24 -1034.63
-1233.20 -1034.63
-1162.03 -1034.63
-1216.54 -1034.63
-1303.61 -1034.63
-1249.44 -1034.63
-1221.78 -1034.63
-1228.87 -1034.63
-1254.26 -1034.63
-1229.96 -1034.63
-1181.73 -1034.63
-1292.29 -1034.63
-1245.78 -1034.63
-1245.19 -1034.63
-1156.40 -1034.63
-1243.02 -1034.63
-1253.81 -1034.63
-1193.31 -1034.63
-1200.40 -1034.63
-1151.73 -1034.63
-1161.66 -1034.63
-1254.13 -1034.63
-1248.87 -1034.63
-1266.28 -1034.63
-1157.45 -1034.63
-1229.03 -1034.63
-1246.12 -1034.63
-1182.86 -1034.63
-1303.91 -1034.63
-1195.52 -1034.63
-1199.82 -1034.63
-1398.71 -1034.63
-1299.14 -1034.63
-1243.13 -1034.63
-1218.19 -1034.63
-1155.30 -1034.63
-1212.56 -1034.63
-1227.83 -1034.63
-1223.56 -1034.63
-1197.78 -1034.63
-1259.91 -1034.63
-1207.68 -1034.63
-1198.59 -1034.63
-1199.66 -1034.63
-1213.95 -1034.63
-1415.38 -1034.63
-1315.19 -1034.63
-1278.37 -1034.63
-1186.18 -1034.63
-1242.16 -1034.63
-1152.23 -1034.63
-1198.83 -1034.63
-1211.56 -1034.63
-1244.38 -1034.63
-1308.46 -1034.63
-1322.47 -1034.63
-1029.09 -1029.09
-1212.62 -1029.09
-1194.09 -1029.09
-1309.90 -1029.09
-1236.74 -1029.09
-1221.94 -1029.09
-1188.71 -1029.09
-1250.87 -1029.09
-1158.05 -1029.09
-1145.57 -1029.09
-1203.08 -1029.09
-1177.56 -1029.09
-1274.83 -1029.09
-1349.20 -1029.09
-1149.07 -1029.09
-1198.48 -1029.09
-1177.65 -1029.09
-1195.72 -1029.09
-1231.95 -1029.09
-1184.74 -1029.09
-1133.02 -1029.09
-1144.50 -1029.09
-1195.15 -1029.09
-1196.87 -1029.09
-1203.26 -1029.09
-1160.42 -1029.09
-1338.61 -1029.09
-1286.52 -1029.09
-1191.17 -1029.09
-1454.07 -1029.09
-1474.75 -1029.09
-1478.88 -1029.09
-1474.71 -1029.09
-1487.10 -1029.09
-1453.31 -1029.09
-1436.44 -1436.44
-1441.54 -1436.44
-1508.59 -1436.44
-1440.41 -1436.44
-1465.86 -1436.44
-1461.77 -1436.44
-1449.40 -1436.44
-1442.38 -1436.44
-1483.73 -1436.44
-1455.94 -1436.44
-1446.36 -1436.44
-1480.51 -1436.44
-1462.65 -1436.44
-1491.56 -1436.44
-1501.66 -1436.44
-1462.07 -1436.44
-1479.75 -1436.44
-1445.32 -1436.44
-1466.06 -1436.44
-1450.23 -1436.44
-1465.34 -1436.44
-1464.43 -1436.44
-1468.68 -1436.44
-1466.32 -1436.44
-1476.59 -1436.44
-1468.00 -1436.44
-1444.30 -1436.44
-1511.03 -1436.44
-1502.77 -1436.44
-1444.07 -1436.44
-1465.36 -1436.44
-1437.66 -1436.44
-1466.93 -1436.44
-1448.42 -1436.44
-1465.65 -1436.44
-1456.28 -1436.44
-1446.19 -1436.44
-1432.92 -1432.92
-1468.53 -1432.92
-1458.24 -1432.92
-1462.34 -1432.92
-1520.53 -1432.92
-1523.64 -1432.92
-1482.28 -1432.92
-1463.92 -1432.92
-1518.27 -1432.92
-1481.18 -1432.92
-1496.38 -1432.92
-1501.66 -1432.92
-1487.77 -1432.92
-1480.68 -1432.92
-1480.70 -1432.92
-1449.51 -1432.92
-1477.48 -1432.92
-1484.64 -1432.92
-1458.17 -1432.92
-1443.52 -1432.92
-1478.87 -1432.92
-1478.96 -1432.92
-1490.61 -1432.92
-1480.64 -1432.92
-1452.59 -1432.92
-1451.93 -1432.92
-1487.28 -1432.92
-1460.37 -1432.92
-1480.64 -1432.92
-1490.52 -1432.92
-1467.07 -1432.92
-1473.74 -1432.92
-1446.72 -1432.92
-1467.23 -1432.92
-1465.38 -1432.92
-1445.61 -1432.92
-1520.64 -1432.92
-1487.49 -1432.92
-1496.08 -1432.92
-1442.73 -1432.92
-1486.87 -1432.92
-1445.05 -1432.92
-1460.77 -1432.92
-1481.93 -1432.92
-1504.39 -1432.92
-1449.29 -1432.92
-1459.76 -1432.92
-1449.47 -1432.92
-1460.57 -1432.92
-1523.66 -1432.92
-1439.97 -1432.92
-1511.85 -1432.92
-1478.51 -1432.92
-1498.07 -1432.92
-1489.04 -1432.92
-1439.35 -1432.92
-1454.18 -1432.92
-1451.27 -1432.92
-1496.13 -1432.92
-1480.36 -1432.92
-1448.57 -1432.92
-1499.35 -1432.92
-1497.46 -1432.92
-1448.23 -1432.92
-1474.02 -1432.92
-1514.82 -1432.92
-1515.76 -1432.92
-1467.59 -1432.92
-1479.45 -1432.92
-1474.13 -1432.92
-1464.14 -1432.92
-1448.32 -1432.92
-1465.09 -1432.92
-1488.20 -1432.92
-1456.25 -1432.92
-1482.09 -1432.92
-1404.96 -1404.96
-1429.74 -1404.96
-1466.11 -1404.96
-1428.07 -1404.96
-1401.76 -1401.76
-1538.72 -1401.76
-1478.99 -1401.76
-1441.22 -1401.76
-1383.24 -1383.24
-1381.33 -1381.33
-1413.57 -1381.33
-1391.34 -1381.33
-1467.96 -1381.33
-1416.70 -1381.33
-1383.96 -1381.33
-1409.99 -1381.33
-1411.94 -1381.33
-1391.61 -1381.33
-1406.90 -1381.33
-1374.31 -1374.31
-1384.27 -1374.31
-1363.30 -1363.30
-1395.24 -1363.30
-1391.81 -1363.30
-1394.43 -1363.30
-1365.04 -1365.04
-1525.52 -1365.04
-1409.45 -1365.04
-1394.32 -1365.04
-1381.23 -1365.04
-1382.00 -1365.04
-1448.17 -1365.04
-1378.74 -1365.04
-1372.48 -1365.04
-1399.19 -1365.04
-1450.95 -1365.04
-1371.59 -1365.04
-1404.78 -1365.04
-1362.94 -1362.94
-1406.72 -1362.94
-1397.94 -1362.94
-1392.34 -1362.94
-1402.76 -1362.94
-1306.79 -1306.79
-1343.33 -1306.79
-1318.11 -1306.79
-1314.90 -1306.79
-1359.74 -1306.79
-1381.98 -1306.79
-1336.06 -1306.79
-1326.87 -1306.79
-1336.97 -1306.79
-1345.25 -1306.79
-1351.55 -1306.79
-1328.28 -1306.79
-1396.60 -1306.79
-1391.30 -1306.79
-1379.52 -1306.79
-1398.56 -1306.79
-1428.76 -1306.79
-1382.26 -1306.79
-1393.22 -1306.79
-1352.91 -1306.79
-1313.03 -1306.79
-1386.83 -1306.79
-1348.60 -1306.79
-1365.91 -1306.79
-1403.55 -1306.79
-1446.59 -1306.79
-1396.05 -1306.79
-1325.21 -1306.79
-1383.11 -1306.79
-1377.21 -1306.79
-1491.74 -1306.79
-1383.14 -1306.79
-1389.21 -1306.79
-1349.82 -1306.79
-1468.52 -1306.79
-1403.08 -1306.79
-1394.69 -1306.79
-1389.62 -1306.79
-1415.80 -1306.79
-1404.94 -1306.79
-1428.57 -1306.79
-1389.25 -1306.79
-1316.61 -1306.79
-1386.52 -1306.79
-1407.61 -1306.79
-1382.64 -1306.79
-1363.86 -1306.79
-1337.09 -1306.79
-1308.40 -1306.79
-1378.70 -1306.79
-1429.36 -1306.79
-1332.96 -1306.79
-1382.66 -1306.79
-1358.88 -1306.79
-1341.35 -1306.79
-1355.35 -1306.79
-1367.37 -1306.79
-1326.18 -1306.79
-1382.92 -1306.79
-1381.97 -1306.79
-1387.86 -1306.79
-1339.72 -1306.79
-1362.44 -1306.79
-1361.62 -1306.79
-1348.46 -1306.79
-1257.29 -1257.29
-1312.33 -1257.29
-1351.86 -1257.29
-1327.02 -1257.29
-1293.46 -1257.29
-1329.72 -1257.29
-1328.84 -1257.29
-1330.69 -1257.29
-1311.53 -1257.29
-1375.50 -1257.29
-1387.99 -1257.29
-1388.16 -1257.29
-1309.37 -1257.29
-1334.76 -1257.29
-1377.96 -1257.29
-1384.28 -1257.29
-1281.18 -1257.29
-1400.00 -1257.29
-1296.66 -1257.29
-1316.15 -1257.29
-1339.87 -1257.29
-1408.74 -1257.29
-1364.08 -1257.29
-1429.23 -1257.29
-1374.98 -1257.29
-1307.95 -1257.29
-1309.43 -1257.29
-1345.21 -1257.29
-1410.05 -1257.29
-1376.05 -1257.29
-1340.00 -1257.29
-1340.91 -1257.29
-1285.31 -1257.29
-1393.04 -1257.29
-1393.70 -1257.29
-1379.49 -1257.29
-1323.48 -1257.29
-1315.91 -1257.29
-1319.52 -1257.29
-1334.49 -1257.29
-1290.09 -1257.29
-1311.17 -1257.29
-1398.67 -1257.29
-1321.14 -1257.29
-1241.77 -1241.77
-1389.67 -1241.77
-1328.42 -1241.77
-1332.01 -1241.77
-1303.03 -1241.77
-1342.07 -1241.77
-1265.36 -1241.77
-1324.32 -1241.77
-1291.21 -1241.77
-1294.92 -1241.77
-1286.48 -1241.77
-1294.88 -1241.77
-1349.13 -1241.77
-1326.50 -1241.77
-1369.17 -1241.77
-1422.04 -1241.77
-1386.90 -1241.77
-1359.65 -1241.77
-1337.31 -1241.77
-1323.58 -1241.77
-1326.41 -1241.77
-1319.74 -1241.77
-1343.66 -1241.77
-1332.44 -1241.77
-1313.45 -1241.77
-1291.30 -1241.77
-1332.04 -1241.77
-1343.32 -1241.77
-1346.78 -1241.77
-1370.20 -1241.77
-1380.38 -1241.77
-1275.35 -1241.77
-1286.81 -1241.77
-1317.42 -1241.77
-1310.65 -1241.77
-1306.28 -1241.77
-1358.29 -1241.77
-1445.76 -1241.77
-1321.89 -1241.77
-1360.27 -1241.77
-1321.25 -1241.77
-1278.05 -1241.77
-1323.28 -1241.77
-1355.59 -1241.77
-1410.16 -1241.77
-1343.87 -1241.77
-1343.40 -1241.77
-1338.71 -1241.77
-1358.94 -1241.77
-1280.56 -1241.77
-1307.91 -1241.77
-1362.78 -1241.77
-1328.71 -1241.77
-1375.10 -1241.77
-1276.05 -1241.77
-1355.89 -1241.77
-1391.64 -1241.77
-1344.14 -1241.77
-1329.85 -1241.77
-1332.61 -1241.77
-1275.59 -1241.77
-1264.72 -1241.77
-1265.60 -1241.77
-1320.15 -1241.77
-1370.36 -1241.77
-1275.05 -1241.77
-1333.99 -1241.77
-1303.26 -1241.77
-1380.19 -1241.77
-1364.98 -1241.77
-1334.00 -1241.77
-1320.22 -1241.77
-1371.14 -1241.77
-1318.73 -1241.77
-1355.42 -1241.77
-1317.17 -1241.77
-1260.60 -1241.77
-1300.91 -1241.77
-1352.89 -1241.77
-1300.32 -1241.77
-1311.98 -1241.77
-1318.59 -1241.77
-1270.24 -1241.77
-1341.09 -1241.77
-1335.58 -1241.77
-1348.52 -1241.77
-1251.57 -1241.77
-1292.59 -1241.77
-1299.98 -1241.77
-1311.10 -1241.77
-1334.12 -1241.77
-1319.98 -1241.77
-1351.46 -1241.77
-1273.25 -1241.77
-1392.65 -1241.77
-1324.67 -1241.77
-1342.27 -1241.77
-1281.54 -1241.77
-1296.43 -1241.77
-1355.99 -1241.77
-1274.01 -1241.77
-1299.73 -1241.77
-1343.77 -1241.77
-1364.25 -1241.77
-1328.50 -1241.77
-1323.95 -1241.77
-1331.10 -1241.77
-1338.17 -1241.77
-1300.27 -1241.77
-1318.79 -1241.77
-1246.39 -1241.77
-1305.05 -1241.77
-1304.65 -1241.77
-1328.18 -1241.77
-1318.59 -1241.77
-1328.65 -1241.77
-1318.67 -1241.77
-1345.39 -1241.77
-1305.93 -1241.77
-1346.70 -1241.77
-1327.12 -1241.77
-1296.27 -1241.77
-1450.25 -1241.77
-1330.85 -1241.77
-1270.34 -1241.77
-1287.45 -1241.77
-1283.12 -1241.77
-1332.00 -1241.77
-1310.44 -1241.77
-1320.01 -1241.77
-1302.06 -1241.77
-1348.33 -1241.77
-1324.61 -1241.77
-1388.08 -1241.77
-1309.20 -1241.77
-1236.90 -1236.90
-1325.97 -1236.90
-1350.81 -1236.90
-1323.86 -1236.90
-1323.67 -1236.90
-1325.30 -1236.90
-1314.78 -1236.90
-1344.66 -1236.90
-1270.86 -1236.90
-1297.81 -1236.90
-1472.95 -1236.90
-1489.45 -1236.90
-1467.07 -1236.90
-1466.60 -1236.90
-1502.09 -1236.90
-1515.87 -1236.90
-1451.06 -1236.90
-1451.41 -1236.90
-1473.16 -1236.90
-1511.94 -1236.90
-1535.67 -1236.90
-1525.55 -1236.90
-1467.97 -1236.90
-1470.39 -1236.90
-1480.59 -1236.90
-1448.30 -1448.30
-1495.47 -1448.30
-1456.21 -1448.30
-1431.98 -1431.98
-1443.83 -1431.98
-1489.45 -1431.98
-1447.10 -1431.98
-1482.49 -1431.98
-1453.44 -1431.98
-1447.91 -1431.98
-1513.32 -1431.98
-1457.91 -1431.98
-1477.94 -1431.98
-1446.19 -1431.98
-1449.79 -1431.98
-1493.04 -1431.98
-1452.67 -1431.98
-1461.85 -1431.98
-1446.92 -1431.98
-1446.18 -1431.98
-1465.44 -1431.98
-1453.93 -1431.98
-1468.95 -1431.98
-1474.30 -1431.98
-1463.73 -1431.98
-1440.81 -1431.98
-1485.82 -1431.98
-1478.82 -1431.98
-1451.98 -1431.98
-1471.14 -1431.98
-1494.03 -1431.98
-1441.61 -1431.98
-1469.61 -1431.98
-1425.60 -1425.60
-1437.06 -1425.60
-1428.19 -1425.60
-1503.08 -1425.60
-1438.13 -1425.60
-1482.12 -1425.60
-1444.46 -1425.60
-1444.14 -1425.60
-1422.32 -1422.32
-1446.30 -1422.32
-1496.38 -1422.32
-1414.05 -1414.05
-1473.85 -1414.05
-1467.83 -1414.05
-1429.41 -1414.05
-1480.60 -1414.05
-1476.23 -1414.05
-1446.70 -1414.05
-1519.08 -1414.05
-1440.76 -1414.05
-1473.44 -1414.05
-1456.46 -1414.05
-1456.33 -1414.05
-1476.77 -1414.05
-1507.54 -1414.05
-1454.25 -1414.05
-1423.58 -1414.05
-1471.76 -1414.05
-1422.43 -1414.05
-1464.03 -1414.05
-1450.78 -1414.05
-1430.81 -1414.05
-1441.45 -1414.05
-1440.01 -1414.05
-1467.63 -1414.05
-1451.93 -1414.05
-1392.11 -1392.11
-1437.32 -1392.11
-1421.35 -1392.11
-1435.42 -1392.11
-1403.58 -1392.11
-1419.73 -1392.11
-1421.35 -1392.11
-1462.14 -1392.11
-1434.27 -1392.11
-1450.10 -1392.11
-1433.65 -1392.11
-1439.20 -1392.11
-1400.22 -1392.11
-1401.26 -1392.11
-1419.14 -1392.11
-1442.53 -1392.11
-1416.74 -1392.11
-1480.44 -1392.11
-1433.10 -1392.11
-1471.87 -1392.11
-1423.78 -1392.11
-1409.29 -1392.11
-1484.02 -1392.11
-1468.59 -1392.11
-1422.56 -1392.11
-1417.32 -1392.11
-1437.22 -1392.11
-1411.30 -1392.11
-1443.30 -1392.11
-1487.03 -1392.11
-1473.76 -1392.11
-1436.72 -1392.11
-1480.09 -1392.11
-1431.00 -1392.11
-1434.17 -1392.11
-1404.62 -1392.11
-1413.81 -1392.11
-1420.17 -1392.11
-1406.48 -1392.11
-1446.49 -1392.11
-1440.10 -1392.11
-1456.42 -1392.11
-1441.92 -1392.11
-1441.14 -1392.11
-1416.40 -1392.11
-1424.19 -1392.11
-1455.20 -1392.11
-1432.79 -1392.11
-1425.53 -1392.11
-1485.97 -1392.11
-1411.77 -1392.11
-1475.27 -1392.11
-1506.84 -1392.11
-1442.66 -1392.11
-1455.61 -1392.11
-1406.22 -1392.11
-1447.73 -1392.11
-1443.59 -1392.11
-1403.65 -1392.11
-1440.42 -1392.11
-1434.60 -1392.11
-1453.71 -1392.11
-1439.08 -1392.11
-1428.48 -1392.11
-1430.37 -1392.11
-1451.42 -1392.11
-1397.40 -1392.11
-1420.50 -1392.11
-1416.59 -1392.11
-1407.12 -1392.11
-1442.75 -1392.11
-1461.13 -1392.11
-1466.80 -1392.11
-1389.67 -1389.67
-1456.45 -1389.67
-1490.52 -1389.67
-1435.37 -1389.67
-1442.87 -1389.67
-1428.82 -1389.67
-1478.71 -1389.67
-1470.06 -1389.67
-1480.93 -1389.67
-1441.49 -1389.67
-1419.97 -1389.67
-1466.91 -1389.67
-1470.31 -1389.67
-1406.90 -1389.67
-1446.54 -1389.67
-1416.32 -1389.67
-1418.28 -1389.67
-1491.77 -1389.67
-1429.48 -1389.67
-1400.89 -1389.67
-1487.95 -1389.67
-1471.38 -1389.67
-1468.00 -1389.67
-1449.92 -1389.67
-1387.28 -1387.28
-1427.23 -1387.28
-1443.13 -1387.28
-1440.42 -1387.28
-1469.48 -1387.28
-1421.16 -1387.28
-1414.64 -1387.28
-1420.75 -1387.28
-1440.92 -1387.28
-1458.31 -1387.28
-1442.91 -1387.28
-1438.68 -1387.28
-1420.90 -1387.28
-1433.86 -1387.28
-1470.57 -1387.28
-1474.40 -1387.28
-1434.30 -1387.28
-1433.75 -1387.28
-1433.73 -1387.28
-1451.21 -1387.28
-1399.67 -1387.28
-1407.27 -1387.28
-1508.18 -1387.28
-1446.89 -1387.28
-1380.51 -1380.51
-1439.38 -1380.51
-1440.63 -1380.51
-1413.21 -1380.51
-1401.32 -1380.51
-1444.70 -1380.51
-1405.33 -1380.51
-1460.60 -1380.51
-1435.62 -1380.51
-1403.98 -1380.51
-1409.54 -1380.51
-1440.78 -1380.51
-1420.59 -1380.51
-1422.38 -1380.51
-1472.86 -1380.51
-1442.25 -1380.51
-1358.32 -1358.32
-1396.30 -1358.32
-1454.64 -1358.32
-1411.00 -1358.32
-1421.22 -1358.32
-1478.07 -1358.32
-1443.86 -1358.32
-1396.60 -1358.32
-1423.04 -1358.32
-1377.46 -1358.32
-1458.32 -1358.32
-1422.62 -1358.32
-1450.08 -1358.32
-1418.86 -1358.32
-1438.02 -1358.32
-1382.66 -1358.32
-1432.29 -1358.32
-1367.92 -1358.32
-1443.90 -1358.32
-1386.84 -1358.32
-1409.62 -1358.32
-1412.31 -1358.32
-1405.34 -1358.32
-1406.51 -1358.32
-1429.54 -1358.32
-1383.70 -1358.32
-1466.98 -1358.32
-1384.50 -1358.32
-1432.31 -1358.32
-1395.13 -1358.32
-1410.50 -1358.32
-1442.17 -1358.32
-1428.98 -1358.32
-1412.89 -1358.32
-1457.84 -1358.32
-1460.60 -1358.32
-1431.04 -1358.32
-1375.71 -1358.32
-1404.09 -1358.32
-1384.49 -1358.32
-1412.94 -1358.32
-1439.78 -1358.32
-1467.04 -1358.32
-1426.55 -1358.32
-1402.16 -1358.32
-1397.47 -1358.32
-1420.68 -1358.32
-1420.85 -1358.32
-1452.02 -1358.32
-1387.85 -1358.32
-1359.83 -1358.32
-1378.85 -1358.32
-1478.52 -1358.32
-1422.90 -1358.32
-1395.13 -1358.32
-1414.82 -1358.32
-1437.12 -1358.32
-1469.91 -1358.32
-1422.65 -1358.32
-1416.68 -1358.32
-1506.56 -1358.32
-1384.68 -1358.32
-1417.32 -1358.32
-1403.79 -1358.32
-1492.37 -1358.32
-1435.78 -1358.32
-1391.77 -1358.32
-1490.96 -1358.32
-1367.24 -1358.32
-1424.98 -1358.32
-1435.63 -1358.32
-1378.84 -1358.32
-1460.35 -1358.32
-1466.09 -1358.32
-1374.92 -1358.32
-1450.17 -1358.32
-1426.99 -1358.32
-1396.30 -1358.32
-1406.95 -1358.32
-1417.92 -1358.32
-1484.63 -1358.32
-1398.25 -1358.32
-1407.87 -1358.32
-1384.46 -1358.32
-1403.78 -1358.32
-1456.30 -1358.32
-1406.45 -1358.32
-1439.91 -1358.32
-1392.32 -1358.32
-1473.56 -1358.32
-1387.75 -1358.32
-1399.31 -1358.32
-1388.95 -1358.32
-1395.28 -1358.32
-1440.67 -1358.32
-1383.82 -1358.32
-1428.58 -1358.32
-1462.96 -1358.32
-1405.86 -1358.32
-1461.99 -1358.32
-1383.00 -1358.32
-1430.63 -1358.32
-1458.78 -1358.32
-1399.13 -1358.32
-1409.66 -1358.32
-1401.38 -1358.32
-1433.86 -1358.32
-1409.82 -1358.32
-1438.38 -1358.32
-1394.19 -1358.32
-1405.14 -1358.32
-1404.01 -1358.32
-1399.89 -1358.32
-1429.59 -1358.32
-1405.22 -1358.32
-1367.07 -1358.32
-1390.72 -1358.32
-1415.47 -1358.32
-1416.88 -1358.32
-1413.76 -1358.32
-1451.21 -1358.32
-1392.88 -1358.32
-1435.26 -1358.32
-1382.91 -1358.32
-1458.67 -1358.32
-1415.24 -1358.32
-1469.48 -1358.32
-1417.95 -1358.32
-1415.34 -1358.32
-1415.83 -1358.32
-1386.66 -1358.32
-1371.88 -1358.32
-1401.71 -1358.32
-1422.57 -1358.32
-1396.35 -1358.32
-1407.84 -1358.32
-1429.42 -1358.32
-1340.33 -1340.33
-1454.79 -1340.33
-1479.51 -1340.33
-1408.49 -1340.33
-1380.64 -1340.33
-1401.61 -1340.33
-1448.08 -1340.33
-1448.63 -1340.33
-1384.66 -1340.33
-1418.26 -1340.33
-1432.25 -1340.33
-1383.70 -1340.33
-1450.16 -1340.33
-1385.41 -1340.33
-1371.51 -1340.33
-1415.25 -1340.33
-1365.31 -1340.33
-1389.74 -1340.33
-1355.54 -1340.33
-1417.97 -1340.33
-1373.81 -1340.33
-1427.19 -1340.33
-1410.48 -1340.33
-1394.65 -1340.33
-1383.31 -1340.33
-1394.15 -1340.33
-1402.92 -1340.33
-1415.36 -1340.33
-1389.57 -1340.33
-1445.25 -1340.33
-1362.88 -1340.33
-1383.29 -1340.33
-1396.47 -1340.33
-1414.54 -1340.33
-1420.85 -1340.33
-1470.26 -1340.33
-1364.00 -1340.33
-1420.29 -1340.33
-1472.70 -1340.33
-1386.85 -1340.33
-1377.64 -1340.33
-1439.17 -1340.33
-1404.75 -1340.33
-1380.38 -1340.33
-1392.66 -1340.33
-1352.96 -1340.33
-1416.36 -1340.33
-1430.83 -1340.33
-1434.85 -1340.33
-1461.97 -1340.33
-1466.61 -1340.33
-1430.16 -1340.33
-1440.23 -1340.33
-1399.90 -1340.33
-1403.60 -1340.33
-1414.51 -1340.33
-1415.36 -1340.33
-1411.32 -1340.33
-1450.11 -1450.11
-1486.36 -1450.11
-1488.33 -1450.11
-1464.15 -1450.11
-1477.58 -1450.11
-1453.19 -1450.11
-1439.74 -1439.74
-1463.77 -1439.74
-1432.51 -1432.51
-1460.17 -1432.51
-1461.00 -1432.51
-1471.93 -1432.51
-1438.64 -1432.51
-1510.97 -1432.51
-1452.56 -1432.51
-1511.71 -1432.51
-1451.73 -1432.51
-1493.88 -1432.51
-1462.49 -1432.51
-1445.24 -1432.51
-1471.42 -1432.51
-1445.46 -1432.51
-1505.78 -1432.51
-1462.18 -1432.51
-1462.30 -1432.51
-1468.75 -1432.51
-1425.33 -1425.33
-1474.26 -1425.33
-1426.07 -1425.33
-1456.57 -1425.33
-1460.63 -1425.33
-1433.46 -1425.33
-1448.90 -1425.33
-1461.46 -1425.33
-1465.83 -1425.33
-1456.61 -1425.33
-1430.76 -1425.33
-1448.44 -1425.33
-1482.62 -1425.33
-1458.26 -1425.33
-1513.14 -1425.33
-1407.68 -1407.68
-1401.14 -1401.14
-1431.31 -1401.14
-1461.07 -1401.14
-1475.30 -1401.14
-1405.05 -1401.14
-1415.42 -1401.14
-1429.59 -1401.14
-1416.45 -1401.14
-1415.68 -1401.14
-1440.77 -1401.14
-1415.69 -1401.14
-1439.99 -1401.14
-1439.44 -1401.14
-1403.93 -1401.14
-1502.57 -1401.14
-1406.81 -1401.14
-1418.56 -1401.14
-1438.21 -1401.14
-1437.07 -1401.14
-1442.28 -1401.14
-1416.95 -1401.14
-1441.65 -1401.14
-1447.40 -1401.14
-1430.69 -1401.14
-1404.93 -1401.14
-1477.61 -1401.14
-1417.85 -1401.14
-1468.92 -1401.14
-1466.36 -1401.14
-1428.18 -1401.14
-1427.80 -1401.14
-1394.48 -1394.48
-1456.77 -1394.48
-1437.42 -1394.48
-1441.34 -1394.48
-1462.58 -1394.48
-1449.65 -1394.48
-1416.10 -1394.48
-1441.66 -1394.48
-1428.26 -1394.48
-1444.96 -1394.48
-1399.65 -1394.48
-1422.53 -1394.48
-1472.93 -1394.48
-1415.14 -1394.48
-1393.37 -1393.37
-1428.97 -1393.37
-1400.99 -1393.37
-1434.57 -1393.37
-1434.01 -1393.37
-1413.15 -1393.37
-1418.98 -1393.37
-1442.41 -1393.37
-1430.94 -1393.37
-1413.88 -1393.37
-1386.54 -1386.54
-1425.70 -1386.54
-1410.04 -1386.54
-1399.86 -1386.54
-1456.39 -1386.54
-1394.65 -1386.54
-1373.96 -1373.96
-1333.89 -1333.89
-1363.29 -1333.89
-1429.06 -1333.89
-1370.83 -1333.89
-1404.32 -1333.89
-1415.70 -1333.89
-1452.71 -1333.89
-1340.39 -1333.89
-1406.34 -1333.89
-1374.76 -1333.89
-1396.13 -1333.89
-1399.13 -1333.89
-1416.67 -1333.89
-1390.84 -1333.89
-1428.06 -1333.89
-1364.09 -1333.89
-1379.81 -1333.89
-1449.85 -1333.89
-1385.75 -1333.89
-1319.32 -1319.32
-1408.31 -1319.32
-1410.40 -1319.32
-1393.80 -1319.32
-1395.29 -1319.32
-1337.99 -1319.32
-1282.76 -1282.76
-1330.78 -1282.76
-1259.45 -1259.45
-1271.91 -1259.45
-1315.77 -1259.45
-1339.77 -1259.45
-1384.64 -1259.45
-1420.48 -1259.45
-1289.63 -1259.45
-1354.24 -1259.45
-1304.65 -1259.45
-1332.51 -1259.45
-1313.36 -1259.45
-1422.85 -1259.45
-1318.88 -1259.45
-1295.68 -1259.45
-1350.86 -1259.45
-1244.26 -1244.26
-1292.19 -1244.26
-1308.78 -1244.26
-1313.69 -1244.26
-1186.17 -1186.17
-1252.79 -1186.17
-1219.63 -1186.17
-1239.04 -1186.17
-1246.68 -1186.17
-1265.30 -1186.17
-1187.02 -1187.02
-1205.92 -1187.02
-1264.12 -1187.02
-1224.71 -1187.02
-1252.38 -1187.02
-1334.70 -1187.02
-1156.68 -1156.68
-1154.65 -1154.65
-1163.01 -1154.65
-1219.38 -1154.65
-1172.27 -1154.65
-1181.03 -1154.65
-1195.35 -1154.65
-1061.40 -1061.40
-1330.07 -1061.40
-1167.42 -1061.40
-1376.21 -1061.40
-1203.22 -1061.40
-1227.69 -1061.40
-1200.92 -1061.40
-1219.09 -1061.40
-1202.96 -1061.40
-1303.99 -1061.40
-1239.77 -1061.40
-1198.01 -1061.40
-1167.54 -1061.40
-1212.09 -1061.40
-1247.29 -1061.40
-1165.32 -1061.40
-1178.22 -1061.40
-1379.66 -1061.40
-1203.98 -1061.40
-1202.18 -1061.40
-1156.51 -1061.40
-1176.05 -1061.40
-1285.26 -1061.40
-1191.42 -1061.40
-1182.63 -1061.40
-1166.83 -1061.40
-1273.85 -1061.40
-1128.93 -1061.40
-1179.08 -1061.40
-1209.22 -1061.40
-1355.30 -1061.40
-1305.93 -1061.40
-1215.48 -1061.40
-1255.29 -1061.40
-1254.27 -1061.40
-1278.10 -1061.40
-1151.18 -1061.40
-1323.64 -1061.40
-1174.78 -1061.40
-1234.79 -1061.40
-1372.28 -1061.40
-1196.90 -1061.40
-1244.71 -1061.40
-1251.78 -1061.40
-1238.95 -1061.40
-1200.61 -1061.40
-1230.67 -1061.40
-1323.84 -1061.40
-1246.64 -1061.40
-1322.63 -1061.40
-1149.39 -1061.40
-1185.02 -1061.40
-1157.16 -1061.40
-1261.34 -1061.40
-1094.41 -1061.40
-1202.20 -1061.40
-1228.48 -1061.40
-1152.39 -1061.40
-1128.08 -1061.40
-1191.58 -1061.40
-1262.90 -1061.40
-1154.94 -1061.40
-1181.93 -1061.40
-1291.32 -1061.40
-1328.51 -1061.40
-1232.19 -1061.40
-1208.21 -1061.40
-1262.74 -1061.40
-1239.27 -1061.40
-1231.48 -1061.40
-1217.61 -1061.40
-1164.30 -1061.40
-1116.58 -1061.40
-1238.89 -1061.40
-1169.65 -1061.40
-1287.07 -1061.40
-1189.34 -1061.40
-1168.72 -1061.40
-1307.99 -1061.40
-1117.20 -1061.40
-1218.07 -1061.40
-1212.56 -1061.40
-1284.15 -1061.40
-1154.44 -1061.40
-1310.81 -1061.40
-1212.97 -1061.40
-1175.57 -1061.40
-1126.67 -1061.40
-1218.47 -1061.40
-1137.72 -1061.40
-1105.72 -1061.40
-1284.82 -1061.40
-1239.11 -1061.40
-1244.81 -1061.40
-1131.27 -1061.40
-1186.47 -1061.40
-1221.19 -1061.40
-1228.08 -1061.40
-1299.93 -1061.40
-1153.89 -1061.40
-1192.98 -1061.40
-1184.82 -1061.40
-1207.03 -1061.40
-1207.73 -1061.40
-1153.11 -1061.40
-1259.95 -1061.40
-1148.06 -1061.40
-1266.62 -1061.40
-1140.99 -1061.40
-1190.53 -1061.40
-1215.61 -1061.40
-1273.42 -1061.40
-1235.09 -1061.40
-1253.13 -1061.40
-1230.70 -1061.40
-1171.67 -1061.40
-1208.89 -1061.40
-1227.86 -1061.40
-1214.70 -1061.40
-1254.93 -1061.40
-1121.85 -1061.40
-1219.83 -1061.40
-1160.82 -1061.40
-1165.73 -1061.40
-1218.09 -1061.40
-1213.45 -1061.40
-1213.86 -1061.40
-1162.19 -1061.40
-1259.28 -1061.40
-1231.44 -1061.40
-1303.39 -1061.40
-1282.44 -1061.40
-1201.54 -1061.40
-1248.37 -1061.40
-1157.01 -1061.40
-1167.39 -1061.40
-1252.19 -1061.40
-1159.50 -1061.40
-1197.89 -1061.40
-1217.88 -1061.40
-1170.97 -1061.40
-1150.43 -1061.40
-1181.64 -1061.40
-1258.15 -1061.40
-1206.64 -1061.40
-1224.44 -1061.40
-1279.11 -1061.40
-1240.27 -1061.40
-1325.86 -1061.40
-1289.59 -1061.40
-1332.34 -1061.40
-1177.36 -1061.40
-1245.28 -1061.40
-1306.54 -1061.40
-1238.86 -1061.40
-1226.68 -1061.40
-1146.48 -1061.40
-1235.65 -1061.40
-1186.47 -1061.40
-1197.72 -1061.40
-1325.20 -1061.40
-1208.31 -1061.40
-1184.18 -1061.40
-1192.82 -1061.40
-1106.37 -1061.40
-1204.68 -1061.40
-1152.19 -1061.40
-1268.32 -1061.40
-1246.43 -1061.40
-1370.74 -1061.40
-1137.64 -1061.40
-1271.39 -1061.40
-1323.61 -1061.40
-1142.51 -1061.40
-1098.73 -1061.40
-1170.11 -1061.40
-1177.06 -1061.40
-1377.27 -1061.40
-1204.54 -1061.40
-1236.33 -1061.40
-1139.84 -1061.40
-1237.54 -1061.40
-1358.29 -1061.40
-1202.90 -1061.40
-1244.38 -1061.40
-1200.21 -1061.40
-1231.99 -1061.40
-1230.90 -1061.40
-1248.03 -1061.40
-1187.08 -1061.40
-1226.92 -1061.40
-1237.06 -1061.40
-1173.59 -1061.40
-1153.90 -1061.40
-1298.68 -1061.40
-1235.91 -1061.40
-1172.92 -1061.40
-1147.12 -1061.40
-1272.99 -1061.40
-1268.83 -1061.40
-1265.54 -1061.40
-1045.50 -1045.50
-1270.93 -1045.50
-1220.53 -1045.50
-1216.68 -1045.50
-1236.21 -1045.50
-1209.29 -1045.50
-1208.91 -1045.50
-1084.25 -1045.50
-1182.85 -1045.50
-1211.82 -1045.50
-1221.71 -1045.50
-1116.66 -1045.50
-1173.72 -1045.50
-1149.58 -1045.50
-1092.19 -1045.50
-1186.76 -1045.50
-1190.97 -1045.50
-1138.04 -1045.50
-1143.85 -1045.50
-1203.29 -1045.50
-1169.70 -1045.50
-1239.47 -1045.50
-1104.64 -1045.50
-1271.64 -1045.50
-1258.83 -1045.50
-1277.80 -1045.50
-1171.01 -1045.50
-1228.43 -1045.50
-1241.95 -1045.50
-1292.09 -1045.50
-1256.46 -1045.50
-1110.94 -1045.50
-1262.72 -1045.50
-1171.69 -1045.50
-1200.63 -1045.50
-1206.00 -1045.50
-1191.97 -1045.50
-1135.56 -1045.50
-1182.58 -1045.50
-1258.41 -1045.50
-1252.48 -1045.50
-1268.81 -1045.50
-1347.41 -1045.50
-1149.51 -1045.50
-1194.81 -1045.50
-1208.45 -1045.50
-1450.22 -1045.50
-1454.48 -1045.50
-1446.93 -1446.93
-1453.03 -1446.93
