-10000.00 -10000.00
-17143.73 -17143.73
-17321.14 -17143.73
-16972.03 -16972.03
-16633.14 -16633.14
-16639.13 -16633.14
-17477.86 -16633.14
-16560.70 -16560.70
-17006.79 -16560.70
-16534.82 -16534.82
-17291.94 -16534.82
-16522.23 -16522.23
-16666.98 -16522.23
-16662.86 -16522.23
-16732.56 -16522.23
-17483.65 -16522.23
-16444.69 -16444.69
-16671.61 -16444.69
-17154.93 -16444.69
-16831.44 -16444.69
-16907.38 -16444.69
-16698.03 -16444.69
-17245.29 -16444.69
-16781.28 -16444.69
-17524.47 -16444.69
-16891.94 -16444.69
-17161.76 -16444.69
-17045.16 -16444.69
-16737.65 -16444.69
-17359.98 -16444.69
-16746.76 -16444.69
-16799.39 -16444.69
-16773.99 -16444.69
-16435.63 -16435.63
-16205.91 -16205.91
-16963.17 -16205.91
-16512.22 -16205.91
-16495.01 -16205.91
-16573.54 -16205.91
-16131.78 -16131.78
-16298.12 -16131.78
-16591.62 -16131.78
-16258.84 -16131.78
-16244.27 -16131.78
-16033.39 -16033.39
-17312.00 -16033.39
-16078.00 -16033.39
-15984.43 -15984.43
-16513.00 -15984.43
-16412.33 -15984.43
-16307.56 -15984.43
-16574.98 -15984.43
-15680.46 -15680.46
-16392.12 -15680.46
-15436.22 -15436.22
-15380.65 -15380.65
-15917.67 -15380.65
-14706.05 -14706.05
-15484.65 -14706.05
-15498.64 -14706.05
-15987.71 -14706.05
-15783.92 -14706.05
-15416.88 -14706.05
-15904.39 -14706.05
-15320.01 -14706.05
-15080.34 -14706.05
-16125.73 -14706.05
-14800.22 -14706.05
-15351.24 -14706.05
-15801.58 -14706.05
-15210.93 -14706.05
-15592.35 -14706.05
-14789.50 -14706.05
-15413.70 -14706.05
-16477.72 -14706.05
-15328.69 -14706.05
-15056.49 -14706.05
-14841.43 -14706.05
-16363.68 -14706.05
-15077.52 -14706.05
-15928.48 -14706.05
-15424.64 -14706.05
-16157.57 -14706.05
-14705.69 -14705.69
-15402.14 -14705.69
-14775.45 -14705.69
-15194.29 -14705.69
-15929.70 -14705.69
-15126.56 -14705.69
-14816.70 -14705.69
-14611.41 -14611.41
-15209.02 -14611.41
-14680.29 -14611.41
-14780.37 -14611.41
-15496.55 -14611.41
-14180.95 -14180.95
-13842.41 -13842.41
-15487.90 -13842.41
-14534.49 -13842.41
-16066.79 -13842.41
-14799.77 -13842.41
-13185.90 -13185.90
-13717.50 -13185.90
-14152.82 -13185.90
-14462.60 -13185.90
-14747.53 -13185.90
-14397.85 -13185.90
-12925.70 -12925.70
-14387.30 -12925.70
-14494.62 -12925.70
-14161.88 -12925.70
-14420.54 -12925.70
-14125.34 -12925.70
-14090.75 -12925.70
-13973.50 -12925.70
-13445.37 -12925.70
-14308.99 -12925.70
-14588.00 -12925.70
-14834.83 -12925.70
-15715.85 -12925.70
-13692.84 -12925.70
-14859.41 -12925.70
-14235.57 -12925.70
-14497.62 -12925.70
-14417.07 -12925.70
-16083.03 -12925.70
-14002.82 -12925.70
-13098.88 -12925.70
-13757.66 -12925.70
-14094.44 -12925.70
-14215.75 -12925.70
-14504.62 -12925.70
-13266.20 -12925.70
-14877.21 -12925.70
-14128.51 -12925.70
-14092.84 -12925.70
-14639.91 -12925.70
-14146.00 -12925.70
-13898.68 -12925.70
-13783.29 -12925.70
-15743.93 -12925.70
-13078.38 -12925.70
-14513.96 -12925.70
-14034.60 -12925.70
-14208.94 -12925.70
-13590.81 -12925.70
-13156.58 -12925.70
-14409.79 -12925.70
-13763.42 -12925.70
-14520.79 -12925.70
-14617.54 -12925.70
-14006.77 -12925.70
-14850.09 -12925.70
-13747.98 -12925.70
-14660.10 -12925.70
-13994.91 -12925.70
-13271.77 -12925.70
-13388.91 -12925.70
-13115.16 -12925.70
-13768.65 -12925.70
-15138.53 -12925.70
-14171.33 -12925.70
-13587.60 -12925.70
-16236.06 -12925.70
-13400.17 -12925.70
-13797.33 -12925.70
-14276.22 -12925.70
-14192.16 -12925.70
-13792.25 -12925.70
-15324.15 -12925.70
-13788.60 -12925.70
-14264.92 -12925.70
-14045.87 -12925.70
-13468.90 -12925.70
-13435.63 -12925.70
-14026.01 -12925.70
-14573.12 -12925.70
-14496.31 -12925.70
-14630.37 -12925.70
-13971.85 -12925.70
-13715.80 -12925.70
-16482.29 -12925.70
-14265.25 -12925.70
-14502.61 -12925.70
-14117.00 -12925.70
-14023.66 -12925.70
-12601.09 -12601.09
-14876.79 -12601.09
-14607.23 -12601.09
-14069.28 -12601.09
-14558.21 -12601.09
-14584.52 -12601.09
-14135.73 -12601.09
-14457.61 -12601.09
-14540.29 -12601.09
-14362.16 -12601.09
-15325.96 -12601.09
-14324.63 -12601.09
-14437.07 -12601.09
-13595.74 -12601.09
-14598.94 -12601.09
-13814.03 -12601.09
-14307.04 -12601.09
-13577.84 -12601.09
-15560.81 -12601.09
-13818.55 -12601.09
-14141.90 -12601.09
-14876.30 -12601.09
-13535.70 -12601.09
-14110.65 -12601.09
-14720.14 -12601.09
-14019.36 -12601.09
-12851.58 -12601.09
-15136.01 -12601.09
-14322.79 -12601.09
-15842.81 -12601.09
-13940.57 -12601.09
-14451.21 -12601.09
-13328.82 -12601.09
-13807.73 -12601.09
-14327.98 -12601.09
-13791.88 -12601.09
-14234.27 -12601.09
-14393.39 -12601.09
-14938.46 -12601.09
-14018.59 -12601.09
-14194.06 -12601.09
-13815.47 -12601.09
-14276.62 -12601.09
-13711.87 -12601.09
-14622.11 -12601.09
-14199.51 -12601.09
-13149.67 -12601.09
-16405.38 -12601.09
-14537.10 -12601.09
-14994.12 -12601.09
-14276.82 -12601.09
-14083.59 -12601.09
-13273.51 -12601.09
-13988.41 -12601.09
-14335.52 -12601.09
-14549.97 -12601.09
-14195.11 -12601.09
-16812.16 -12601.09
-14259.76 -12601.09
-13353.53 -12601.09
-14872.58 -12601.09
-14646.85 -12601.09
-14950.92 -12601.09
-14090.69 -12601.09
-13812.55 -12601.09
-14731.26 -12601.09
-13074.53 -12601.09
-15962.09 -12601.09
-14684.35 -12601.09
-13963.53 -12601.09
-14191.98 -12601.09
-14779.31 -12601.09
-13121.65 -12601.09
-14121.86 -12601.09
-14673.87 -12601.09
-14898.12 -12601.09
-13881.08 -12601.09
-13004.15 -12601.09
-13674.52 -12601.09
-13630.45 -12601.09
-13661.08 -12601.09
-14068.93 -12601.09
-14161.72 -12601.09
-14450.03 -12601.09
-13168.84 -12601.09
-14245.80 -12601.09
-13904.14 -12601.09
-13712.83 -12601.09
-14121.23 -12601.09
-15047.45 -12601.09
-15648.49 -12601.09
-13731.59 -12601.09
-13472.40 -12601.09
-13293.69 -12601.09
-14010.30 -12601.09
-14428.03 -12601.09
-14011.04 -12601.09
-13769.82 -12601.09
-14587.16 -12601.09
-13494.76 -12601.09
-13144.43 -12601.09
-14522.55 -12601.09
-13824.60 -12601.09
-14194.97 -12601.09
-14600.64 -12601.09
-14264.30 -12601.09
-13505.12 -12601.09
-15328.38 -12601.09
-14152.63 -12601.09
-13303.03 -12601.09
-13848.32 -12601.09
-13950.33 -12601.09
-14472.24 -12601.09
-14527.19 -12601.09
-14243.53 -12601.09
-14451.58 -12601.09
-15188.39 -12601.09
-13916.52 -12601.09
-13912.96 -12601.09
-14818.20 -12601.09
-13912.09 -12601.09
-13861.37 -12601.09
-15155.86 -12601.09
-14105.89 -12601.09
-14521.12 -12601.09
-14518.43 -12601.09
-14222.47 -12601.09
-14153.95 -12601.09
-14160.76 -12601.09
-13477.11 -12601.09
-14806.12 -12601.09
-14267.53 -12601.09
-13835.61 -12601.09
-14791.88 -12601.09
-14325.10 -12601.09
-14179.39 -12601.09
-15300.97 -12601.09
-13990.93 -12601.09
-14658.37 -12601.09
-14865.51 -12601.09
-13767.77 -12601.09
-14852.54 -12601.09
-14045.09 -12601.09
-14379.21 -12601.09
-14272.56 -12601.09
-14871.14 -12601.09
-13941.30 -12601.09
-14165.84 -12601.09
-14240.06 -12601.09
-15096.89 -12601.09
-14517.19 -12601.09
-14969.89 -12601.09
-14301.79 -12601.09
-15402.53 -12601.09
-15038.46 -12601.09
-13930.31 -12601.09
-13332.95 -12601.09
-14194.63 -12601.09
-13802.91 -12601.09
-14140.62 -12601.09
-15918.02 -12601.09
-14232.69 -12601.09
-14433.15 -12601.09
-14577.43 -12601.09
-14606.17 -12601.09
-14692.96 -12601.09
-14300.42 -12601.09
-13898.11 -12601.09
-14037.88 -12601.09
-14018.01 -12601.09
-14291.24 -12601.09
-14237.57 -12601.09
-13717.50 -12601.09
-15071.03 -12601.09
-14538.81 -12601.09
-14108.05 -12601.09
-14196.41 -12601.09
-14959.80 -12601.09
-14644.56 -12601.09
-13736.46 -12601.09
-13634.80 -12601.09
-14753.90 -12601.09
-14422.53 -12601.09
-13664.39 -12601.09
-15127.33 -12601.09
-14138.06 -12601.09
-16305.22 -12601.09
-15942.53 -12601.09
-14081.97 -12601.09
-13526.57 -12601.09
-14316.89 -12601.09
-14016.87 -12601.09
-14795.03 -12601.09
-13836.05 -12601.09
-13527.33 -12601.09
-14834.94 -12601.09
-13685.82 -12601.09
-14163.71 -12601.09
-13675.84 -12601.09
-14307.55 -12601.09
-13368.34 -12601.09
-14438.25 -12601.09
-13904.69 -12601.09
-14125.06 -12601.09
-14594.61 -12601.09
-14620.30 -12601.09
-13777.30 -12601.09
-13087.52 -12601.09
-13766.59 -12601.09
-13791.95 -12601.09
-13950.90 -12601.09
-14156.36 -12601.09
-14161.91 -12601.09
-13701.52 -12601.09
-13396.72 -12601.09
-14739.47 -12601.09
-14374.80 -12601.09
-14723.19 -12601.09
-14478.46 -12601.09
-13904.19 -12601.09
-14486.59 -12601.09
-13497.01 -12601.09
-14718.00 -12601.09
-14709.63 -12601.09
-14106.97 -12601.09
-13691.83 -12601.09
-14646.93 -12601.09
-14082.09 -12601.09
-13793.68 -12601.09
-14277.51 -12601.09
-14233.21 -12601.09
-15543.85 -12601.09
-16666.65 -12601.09
-16997.34 -12601.09
-17030.03 -12601.09
-16964.04 -12601.09
-16483.52 -12601.09
-16765.92 -12601.09
-17282.90 -12601.09
-17506.52 -12601.09
-17004.74 -12601.09
-16986.53 -12601.09
-17278.08 -12601.09
-17681.93 -12601.09
-17090.23 -12601.09
-17530.79 -12601.09
-16911.80 -12601.09
-17118.31 -12601.09
-17009.68 -12601.09
-17091.86 -12601.09
-17280.76 -12601.09
-17165.73 -12601.09
-16865.31 -12601.09
-16912.96 -12601.09
-17199.92 -12601.09
-17328.48 -12601.09
-17701.50 -12601.09
-16888.36 -12601.09
-16965.03 -12601.09
-16705.34 -12601.09
-16684.37 -12601.09
-17166.50 -12601.09
-17538.75 -12601.09
-17016.38 -12601.09
-17150.80 -12601.09
-16876.04 -12601.09
-17516.38 -12601.09
-17184.98 -12601.09
-17115.44 -12601.09
-17066.15 -12601.09
-16808.44 -12601.09
-16997.83 -12601.09
-17553.13 -12601.09
-17488.92 -12601.09
-17386.04 -12601.09
-16992.65 -12601.09
-17499.10 -12601.09
-17282.23 -12601.09
-17241.37 -12601.09
-16703.11 -12601.09
-17735.02 -12601.09
-16765.06 -12601.09
-16630.00 -12601.09
-17199.75 -12601.09
-17881.98 -12601.09
-17070.96 -12601.09
-17232.59 -12601.09
-16977.89 -12601.09
-17792.97 -12601.09
-17311.68 -12601.09
-16956.41 -12601.09
-17250.70 -12601.09
-17568.19 -12601.09
-17110.52 -12601.09
-16985.54 -12601.09
-16966.54 -12601.09
-16955.27 -12601.09
-17015.67 -12601.09
-17410.35 -12601.09
-16721.18 -12601.09
-16669.61 -12601.09
-17325.38 -12601.09
-16820.49 -12601.09
-16907.20 -12601.09
-17207.75 -12601.09
-16672.97 -12601.09
-17082.15 -12601.09
-17226.20 -12601.09
-17391.21 -12601.09
-16786.24 -12601.09
-17260.69 -12601.09
-17040.97 -12601.09
-17128.38 -12601.09
-16976.76 -12601.09
-17078.97 -12601.09
-16772.21 -12601.09
-17400.29 -12601.09
-17546.74 -12601.09
-16821.80 -12601.09
-16912.96 -12601.09
-16940.78 -12601.09
-17355.53 -12601.09
-16853.88 -12601.09
-17296.88 -12601.09
-17119.31 -12601.09
-17182.02 -12601.09
-16955.82 -12601.09
-17472.09 -12601.09
-17447.69 -12601.09
-17102.57 -12601.09
-17074.73 -12601.09
-17732.16 -12601.09
-17091.18 -12601.09
-17623.34 -12601.09
-17214.38 -12601.09
-17402.47 -12601.09
-17160.80 -12601.09
-17303.18 -12601.09
-17238.34 -12601.09
-17544.10 -12601.09
-17245.10 -12601.09
-17697.33 -12601.09
-17447.71 -12601.09
-17701.24 -12601.09
-17325.52 -12601.09
-17675.02 -12601.09
-17216.63 -12601.09
-17798.20 -12601.09
-17387.73 -12601.09
-17360.78 -12601.09
-17484.02 -12601.09
-17293.04 -12601.09
-17080.19 -12601.09
-16965.03 -12601.09
-17721.33 -12601.09
-17835.01 -12601.09
-17528.18 -12601.09
-16885.61 -12601.09
-17508.47 -12601.09
-17687.63 -12601.09
-17108.85 -12601.09
-17601.88 -12601.09
-17197.03 -12601.09
-17150.61 -12601.09
-17443.82 -12601.09
-16874.67 -12601.09
-17043.08 -12601.09
-17298.28 -12601.09
-17465.39 -12601.09
-17042.38 -12601.09
-16893.11 -12601.09
-16804.74 -12601.09
-17236.24 -12601.09
-16542.54 -12601.09
-17248.68 -12601.09
-17006.05 -12601.09
-17569.93 -12601.09
-17012.07 -12601.09
-17284.07 -12601.09
-17273.68 -12601.09
-16888.94 -12601.09
-17246.23 -12601.09
-17761.68 -12601.09
-17192.55 -12601.09
-17775.68 -12601.09
-17149.18 -12601.09
-17040.33 -12601.09
-17617.59 -12601.09
-16994.05 -12601.09
-16980.93 -12601.09
-16895.26 -12601.09
-17420.05 -12601.09
-17226.66 -12601.09
-17436.76 -12601.09
-17260.59 -12601.09
-17290.45 -12601.09
-17348.45 -12601.09
-17172.05 -12601.09
-16917.89 -12601.09
-17017.49 -12601.09
-17309.00 -12601.09
-17565.23 -12601.09
-17344.62 -12601.09
-16873.68 -12601.09
-17003.53 -12601.09
-17299.94 -12601.09
-17548.91 -12601.09
-17204.58 -12601.09
-17141.95 -12601.09
-17124.65 -12601.09
-16992.12 -12601.09
-17384.19 -12601.09
-17353.54 -12601.09
-17179.94 -12601.09
-16644.69 -12601.09
-17785.90 -12601.09
-17429.66 -12601.09
-17147.60 -12601.09
-16573.88 -12601.09
-17064.95 -12601.09
-17189.10 -12601.09
-16981.44 -12601.09
-17273.97 -12601.09
-17158.31 -12601.09
-17241.64 -12601.09
-17210.85 -12601.09
-17822.60 -12601.09
-17384.14 -12601.09
-16875.36 -12601.09
-16681.24 -12601.09
-17447.70 -12601.09
-17242.69 -12601.09
-17029.59 -12601.09
-17206.58 -12601.09
-17254.12 -12601.09
-16889.46 -12601.09
-16810.46 -12601.09
-17646.73 -12601.09
-17316.38 -12601.09
-17246.50 -12601.09
-17039.55 -12601.09
-16812.23 -12601.09
-17351.00 -12601.09
-16752.82 -12601.09
-17008.80 -12601.09
-16959.70 -12601.09
-17281.53 -12601.09
-17152.31 -12601.09
-16692.35 -12601.09
-17404.29 -12601.09
-17143.26 -12601.09
-17177.28 -12601.09
-17948.24 -12601.09
-16998.21 -12601.09
-17205.81 -12601.09
-17123.84 -12601.09
-16969.85 -12601.09
-16978.51 -12601.09
-17287.90 -12601.09
-17335.81 -12601.09
-17085.68 -12601.09
-16902.33 -12601.09
-16811.32 -12601.09
-17037.23 -12601.09
-16852.13 -12601.09
-17158.20 -12601.09
-16913.11 -12601.09
-17341.79 -12601.09
-16988.72 -12601.09
-17336.81 -12601.09
-17090.19 -12601.09
-17095.64 -12601.09
-17291.67 -12601.09
-16839.77 -12601.09
-16786.27 -12601.09
-16644.71 -12601.09
-16907.87 -12601.09
-17671.68 -12601.09
-16753.35 -12601.09
-17068.55 -12601.09
-17676.05 -12601.09
-16999.70 -12601.09
-17074.99 -12601.09
-16967.01 -12601.09
-16993.97 -12601.09
-17054.30 -12601.09
-17206.38 -12601.09
-17615.02 -12601.09
-17449.53 -12601.09
-16901.02 -12601.09
-17129.04 -12601.09
-16751.63 -12601.09
-17235.95 -12601.09
-16983.09 -12601.09
-17105.80 -12601.09
-17487.58 -12601.09
-17375.38 -12601.09
-17003.02 -12601.09
-17383.66 -12601.09
-17138.48 -12601.09
-17061.29 -12601.09
-17662.26 -12601.09
-17417.93 -12601.09
-17150.37 -12601.09
-17435.35 -12601.09
-17267.28 -12601.09
-17022.69 -12601.09
-16913.30 -12601.09
-17218.92 -12601.09
-17123.35 -12601.09
-17018.82 -12601.09
-17441.42 -12601.09
-17484.62 -12601.09
-17471.21 -12601.09
-16692.35 -12601.09
-16944.49 -12601.09
-16850.92 -12601.09
-17761.83 -12601.09
-17112.29 -12601.09
-17051.42 -12601.09
-17091.07 -12601.09
-17249.92 -12601.09
-17851.75 -12601.09
-17199.79 -12601.09
-17139.61 -12601.09
-17299.41 -12601.09
-17351.22 -12601.09
-16508.98 -12601.09
-16920.44 -12601.09
-17425.13 -12601.09
-17308.80 -12601.09
-17020.29 -12601.09
-16961.28 -12601.09
-16991.23 -12601.09
-17449.68 -12601.09
-17359.51 -12601.09
-17358.83 -12601.09
-17088.21 -12601.09
-17558.34 -12601.09
-16921.75 -12601.09
-16651.11 -12601.09
-17854.70 -12601.09
-17553.62 -12601.09
-16824.26 -12601.09
-17076.90 -12601.09
-17002.02 -12601.09
-17046.21 -12601.09
-17383.52 -12601.09
-17193.65 -12601.09
-16931.03 -12601.09
-16918.26 -12601.09
-16730.22 -12601.09
-17042.25 -12601.09
-16870.05 -12601.09
-16967.86 -12601.09
-17079.55 -12601.09
-17062.32 -12601.09
-16936.56 -12601.09
-17289.19 -12601.09
-17126.83 -12601.09
-16996.23 -12601.09
-17279.59 -12601.09
-17099.88 -12601.09
-17123.50 -12601.09
-17296.17 -12601.09
-17852.66 -12601.09
-16869.04 -12601.09
-17054.91 -12601.09
-17314.47 -12601.09
-17588.59 -12601.09
-17239.57 -12601.09
-17578.01 -12601.09
-17080.01 -12601.09
-17060.97 -12601.09
-17095.01 -12601.09
-17301.83 -12601.09
-17498.84 -12601.09
-17514.41 -12601.09
-17205.29 -12601.09
-17759.77 -12601.09
-17248.35 -12601.09
-16832.21 -12601.09
-17001.49 -12601.09
-17897.79 -12601.09
-17182.05 -12601.09
-17522.28 -12601.09
-16859.06 -12601.09
-17126.52 -12601.09
-17051.93 -12601.09
-17271.83 -12601.09
-17425.96 -12601.09
-17486.78 -12601.09
-16721.23 -12601.09
-17242.12 -12601.09
-17072.06 -12601.09
-17830.06 -12601.09
-17160.78 -12601.09
-17455.12 -12601.09
-17155.53 -12601.09
-16979.34 -12601.09
-17083.78 -12601.09
-16981.46 -12601.09
-16876.04 -12601.09
-17439.09 -12601.09
-17007.59 -12601.09
-17042.49 -12601.09
-17541.96 -12601.09
-17183.90 -12601.09
-17009.06 -12601.09
-17514.41 -12601.09
-16794.35 -12601.09
-17292.26 -12601.09
-17642.42 -12601.09
-16771.02 -12601.09
-16762.16 -12601.09
-17655.62 -12601.09
-16878.51 -12601.09
-16976.49 -12601.09
-17073.17 -12601.09
-16829.73 -12601.09
-16957.06 -12601.09
-17131.36 -12601.09
-17118.97 -12601.09
-17174.02 -12601.09
-17177.31 -12601.09
-16921.07 -12601.09
-17485.83 -12601.09
-17394.01 -12601.09
-17526.05 -12601.09
-17323.48 -12601.09
-17242.38 -12601.09
-17072.39 -12601.09
-17034.72 -12601.09
-17155.29 -12601.09
-17665.48 -12601.09
-17258.68 -12601.09
-17877.77 -12601.09
-17293.44 -12601.09
-16927.61 -12601.09
-17276.89 -12601.09
-17061.01 -12601.09
-16831.69 -12601.09
-17241.18 -12601.09
-16929.66 -12601.09
-17349.26 -12601.09
-16976.37 -12601.09
-16827.59 -12601.09
-17590.61 -12601.09
-16985.94 -12601.09
-16893.91 -12601.09
-17082.97 -12601.09
-17210.25 -12601.09
-17896.16 -12601.09
-17478.30 -12601.09
-17002.86 -12601.09
-16853.42 -12601.09
-17210.87 -12601.09
-17091.82 -12601.09
-17249.57 -12601.09
-17574.78 -12601.09
-17031.66 -12601.09
-17194.89 -12601.09
-17632.80 -12601.09
-17483.86 -12601.09
-17077.22 -12601.09
-17628.30 -12601.09
-17133.35 -12601.09
-17010.05 -12601.09
-16835.93 -12601.09
-17675.28 -12601.09
-17296.94 -12601.09
-17677.22 -12601.09
-16876.58 -12601.09
-17599.30 -12601.09
-17254.14 -12601.09
-17271.29 -12601.09
-17240.16 -12601.09
-17140.45 -12601.09
-17013.01 -12601.09
-17199.02 -12601.09
-17159.67 -12601.09
-17233.34 -12601.09
-17111.68 -12601.09
-17284.54 -12601.09
-17790.63 -12601.09
-17581.77 -12601.09
-17163.79 -12601.09
-17230.65 -12601.09
-17071.06 -12601.09
-17096.55 -12601.09
-17091.99 -12601.09
-16813.98 -12601.09
-17417.97 -12601.09
-17083.19 -12601.09
-17387.06 -12601.09
-16943.26 -12601.09
-16913.06 -12601.09
-17167.68 -12601.09
-17860.35 -12601.09
-16948.75 -12601.09
-17003.35 -12601.09
-17007.06 -12601.09
-16962.82 -12601.09
-17698.37 -12601.09
-16947.02 -12601.09
-16999.10 -12601.09
-16791.95 -12601.09
-17056.08 -12601.09
-17394.39 -12601.09
-17001.04 -12601.09
-17060.73 -12601.09
-17137.91 -12601.09
-17443.33 -12601.09
-16772.20 -12601.09
-17056.59 -12601.09
-17353.22 -12601.09
-17636.78 -12601.09
-16928.62 -12601.09
-17300.38 -12601.09
-17345.12 -12601.09
-16809.14 -12601.09
-17166.01 -12601.09
-17212.21 -12601.09
-17038.27 -12601.09
-16997.07 -12601.09
-16948.22 -12601.09
-17337.55 -12601.09
-17231.76 -12601.09
-17245.81 -12601.09
-17446.42 -12601.09
-16983.72 -12601.09
-17631.65 -12601.09
-17299.41 -12601.09
-16985.58 -12601.09
-16749.74 -12601.09
-16952.31 -12601.09
-17524.07 -12601.09
-17114.55 -12601.09
-17055.67 -12601.09
-17089.10 -12601.09
-17312.45 -12601.09
-16904.10 -12601.09
-17253.38 -12601.09
-17306.72 -12601.09
-17248.89 -12601.09
-17476.51 -12601.09
-16999.86 -12601.09
-17023.11 -12601.09
-17327.21 -12601.09
-17771.78 -12601.09
-16925.55 -12601.09
-17202.53 -12601.09
-16745.22 -12601.09
-17091.93 -12601.09
-16935.27 -12601.09
-17385.47 -12601.09
-17311.80 -12601.09
-16788.97 -12601.09
-17273.54 -12601.09
-17501.34 -12601.09
-17172.99 -12601.09
-17215.95 -12601.09
-17274.17 -12601.09
-17717.31 -12601.09
-17412.05 -12601.09
-17642.52 -12601.09
-17173.71 -12601.09
-16780.34 -12601.09
-17397.53 -12601.09
-17116.44 -12601.09
-17171.34 -12601.09
-17323.87 -12601.09
-17511.58 -12601.09
-17409.88 -12601.09
-16811.43 -12601.09
-17230.77 -12601.09
-17290.35 -12601.09
-17616.09 -12601.09
-17015.69 -12601.09
-16812.93 -12601.09
-16842.02 -12601.09
-16892.72 -12601.09
-17308.92 -12601.09
-17102.54 -12601.09
-16948.09 -12601.09
-17159.48 -12601.09
-17363.83 -12601.09
-17560.31 -12601.09
-17293.01 -12601.09
-17029.98 -12601.09
-17022.88 -12601.09
-16848.13 -12601.09
-17620.31 -12601.09
-17496.23 -12601.09
-17242.95 -12601.09
-17256.88 -12601.09
-16928.74 -12601.09
-17613.08 -12601.09
-17745.81 -12601.09
-17042.63 -12601.09
-17409.01 -12601.09
-17583.01 -12601.09
-17663.11 -12601.09
-16857.91 -12601.09
-17140.00 -12601.09
-17049.10 -12601.09
-16994.12 -12601.09
-17058.85 -12601.09
-16854.77 -12601.09
-17433.99 -12601.09
-17451.34 -12601.09
-17189.15 -12601.09
-16617.77 -12601.09
-17347.40 -12601.09
-17578.48 -12601.09
-17730.82 -12601.09
-17383.64 -12601.09
-17553.74 -12601.09
-17059.77 -12601.09
-16939.37 -12601.09
-17297.92 -12601.09
-17096.72 -12601.09
-17088.10 -12601.09
-17078.63 -12601.09
-16790.77 -12601.09
-17642.55 -12601.09
-17195.21 -12601.09
-17058.64 -12601.09
-16710.08 -12601.09
-17037.23 -12601.09
-17198.16 -12601.09
-16961.12 -12601.09
-17102.29 -12601.09
-17606.88 -12601.09
-17609.44 -12601.09
-17737.27 -12601.09
-17021.83 -12601.09
-16864.62 -12601.09
-17631.05 -12601.09
-17518.25 -12601.09
-17932.22 -12601.09
-16963.30 -12601.09
-17383.25 -12601.09
-16807.65 -12601.09
-17210.51 -12601.09
-17286.59 -12601.09
-17642.09 -12601.09
-16736.13 -12601.09
-16941.30 -12601.09
-17050.26 -12601.09
-16952.82 -12601.09
-16781.31 -12601.09
-17793.36 -12601.09
-16976.73 -12601.09
-16896.36 -12601.09
-17858.80 -12601.09
-17096.40 -12601.09
-17170.26 -12601.09
-17723.28 -12601.09
-16881.05 -12601.09
-16702.36 -12601.09
-17583.09 -12601.09
-17008.86 -12601.09
-17289.97 -12601.09
-16661.26 -12601.09
-17300.88 -12601.09
-16908.15 -12601.09
-17094.53 -12601.09
-17085.31 -12601.09
-16836.92 -12601.09
-16823.31 -12601.09
-17448.89 -12601.09
-17056.41 -12601.09
-16973.47 -12601.09
-16741.33 -12601.09
-16947.92 -12601.09
-17101.91 -12601.09
-17286.33 -12601.09
-16989.46 -12601.09
-17112.92 -12601.09
-17433.50 -12601.09
-16809.46 -12601.09
-17238.82 -12601.09
-17375.28 -12601.09
-16840.41 -12601.09
-17186.44 -12601.09
-17289.19 -12601.09
-16979.37 -12601.09
-16931.86 -12601.09
-17367.31 -12601.09
-16826.61 -12601.09
-17596.53 -12601.09
-17320.35 -12601.09
-17673.81 -12601.09
-17194.78 -12601.09
-17080.49 -12601.09
-16733.46 -12601.09
-17640.02 -12601.09
-17231.80 -12601.09
-17258.48 -12601.09
-16779.82 -12601.09
-16936.10 -12601.09
-17035.42 -12601.09
-17185.63 -12601.09
-16945.45 -12601.09
-16674.21 -12601.09
-17780.02 -12601.09
-17001.99 -12601.09
-17059.82 -12601.09
-17140.46 -12601.09
-17150.71 -12601.09
-17238.69 -12601.09
-17063.94 -12601.09
-17400.24 -12601.09
-17196.39 -12601.09
-16768.19 -12601.09
-17089.63 -12601.09
-16786.31 -12601.09
-17247.95 -12601.09
-17124.19 -12601.09
-17047.31 -12601.09
-17428.25 -12601.09
-17365.73 -12601.09
-17340.62 -12601.09
-16867.04 -12601.09
-16870.63 -12601.09
-17411.54 -12601.09
-16773.90 -12601.09
-17293.52 -12601.09
-17278.03 -12601.09
-16968.67 -12601.09
-17430.11 -12601.09
-16827.86 -12601.09
-16914.90 -12601.09
-16935.77 -12601.09
-17241.25 -12601.09
-16935.56 -12601.09
-16892.76 -12601.09
-17278.08 -12601.09
-17522.46 -12601.09
-17139.17 -12601.09
-17620.87 -12601.09
-17058.66 -12601.09
-17087.01 -12601.09
-17142.44 -12601.09
-16830.27 -12601.09
-16797.43 -12601.09
-17301.52 -12601.09
-17337.98 -12601.09
-16905.09 -12601.09
-17083.16 -12601.09
-17016.65 -12601.09
-17212.08 -12601.09
-16632.86 -12601.09
-17170.80 -12601.09
-17004.36 -12601.09
-17743.91 -12601.09
-17761.87 -12601.09
-17055.35 -12601.09
-17267.64 -12601.09
-17254.31 -12601.09
-17889.13 -12601.09
-17405.03 -12601.09
-16812.49 -12601.09
-17201.91 -12601.09
-16805.98 -12601.09
-16833.17 -12601.09
-17120.93 -12601.09
-16914.91 -12601.09
-17020.79 -12601.09
-16828.47 -12601.09
-16823.31 -12601.09
-17372.08 -12601.09
-17325.02 -12601.09
-16669.11 -12601.09
-16892.45 -12601.09
-16873.84 -12601.09
-17186.23 -12601.09
-17273.65 -12601.09
-16971.75 -12601.09
-17093.74 -12601.09
-17137.91 -12601.09
-17338.58 -12601.09
-17118.47 -12601.09
-17329.05 -12601.09
-17081.16 -12601.09
-17676.87 -12601.09
-17019.22 -12601.09
-17141.97 -12601.09
-17185.15 -12601.09
-16687.29 -12601.09
-17649.16 -12601.09
-17022.06 -12601.09
-17134.59 -12601.09
-17390.53 -12601.09
-17560.99 -12601.09
-17922.22 -12601.09
-16829.35 -12601.09
-16900.81 -12601.09
-17355.97 -12601.09
-17563.32 -12601.09
-17312.10 -12601.09
-16998.21 -12601.09
-17338.80 -12601.09
-17363.52 -12601.09
-16928.76 -12601.09
-16909.71 -12601.09
-17202.80 -12601.09
-17261.94 -12601.09
-17223.34 -12601.09
-17007.41 -12601.09
-17061.31 -12601.09
-16816.66 -12601.09
-16850.66 -12601.09
-17056.32 -12601.09
-17134.81 -12601.09
-17171.50 -12601.09
-17067.23 -12601.09
-16812.91 -12601.09
-16990.32 -12601.09
-17957.73 -12601.09
-16950.22 -12601.09
-17013.73 -12601.09
-17199.13 -12601.09
-17242.20 -12601.09
-16905.62 -12601.09
-17201.73 -12601.09
-17559.87 -12601.09
-16940.83 -12601.09
-17072.81 -12601.09
-16990.13 -12601.09
-17076.81 -12601.09
-17332.32 -12601.09
-16790.46 -12601.09
-17307.44 -12601.09
-17114.73 -12601.09
-16692.95 -12601.09
-17181.31 -12601.09
-16895.31 -12601.09
-17183.12 -12601.09
-17369.56 -12601.09
-17553.31 -12601.09
-16979.68 -12601.09
-17402.72 -12601.09
-17303.84 -12601.09
-17376.19 -12601.09
-17335.09 -12601.09
-17653.08 -12601.09
-17351.90 -12601.09
-17256.18 -12601.09
-17019.45 -12601.09
-17083.05 -12601.09
-17825.51 -12601.09
-17281.86 -12601.09
-17138.88 -12601.09
-17600.85 -12601.09
-17056.46 -12601.09
-17151.69 -12601.09
-17007.29 -12601.09
-17236.65 -12601.09
-17367.73 -12601.09
-17596.56 -12601.09
-17108.33 -12601.09
-17234.45 -12601.09
-17561.11 -12601.09
-17641.27 -12601.09
-17365.95 -12601.09
-17114.76 -12601.09
-17152.27 -12601.09
-16993.97 -12601.09
-17363.55 -12601.09
-16875.24 -12601.09
-17334.03 -12601.09
-17276.97 -12601.09
-17585.75 -12601.09
-17050.14 -12601.09
-16914.23 -12601.09
-16779.25 -12601.09
-17097.99 -12601.09
-17088.36 -12601.09
-17080.57 -12601.09
-17169.10 -12601.09
-16987.45 -12601.09
-16916.16 -12601.09
-17640.52 -12601.09
-17092.57 -12601.09
-16956.48 -12601.09
-17487.47 -12601.09
-17520.21 -12601.09
-17810.65 -12601.09
-17407.87 -12601.09
-16983.16 -12601.09
-16864.97 -12601.09
-17172.87 -12601.09
-17283.71 -12601.09
-17014.85 -12601.09
-16809.30 -12601.09
-17169.76 -12601.09
-17375.46 -12601.09
-17411.41 -12601.09
-17483.43 -12601.09
-17298.54 -12601.09
-16795.35 -12601.09
-17385.03 -12601.09
-16807.49 -12601.09
-16750.74 -12601.09
-17599.69 -12601.09
-17603.99 -12601.09
-17005.46 -12601.09
-17761.68 -12601.09
-17293.68 -12601.09
-16903.88 -12601.09
-16957.91 -12601.09
-16554.89 -12601.09
-17177.04 -12601.09
-16953.37 -12601.09
-17651.36 -12601.09
-16666.00 -12601.09
-17668.47 -12601.09
-17042.44 -12601.09
-16677.09 -12601.09
-16803.67 -12601.09
-16950.18 -12601.09
-17015.23 -12601.09
-16938.32 -12601.09
-16932.64 -12601.09
-16965.85 -12601.09
-17138.95 -12601.09
-16965.42 -12601.09
-16967.09 -12601.09
-17319.60 -12601.09
-16942.60 -12601.09
-16872.51 -12601.09
-16988.85 -12601.09
-17363.59 -12601.09
-16878.04 -12601.09
-17844.69 -12601.09
-17182.70 -12601.09
-16694.74 -12601.09
-17082.53 -12601.09
-17050.24 -12601.09
-17033.88 -12601.09
-17520.00 -12601.09
-16949.70 -12601.09
-16781.16 -12601.09
-17144.69 -12601.09
-17304.70 -12601.09
-16961.18 -12601.09
-17445.91 -12601.09
-17258.05 -12601.09
-17047.26 -12601.09
-16975.01 -12601.09
-16949.05 -12601.09
-17102.37 -12601.09
-17194.76 -12601.09
-17386.10 -12601.09
-17217.56 -12601.09
-16623.93 -12601.09
-16772.21 -12601.09
-17482.62 -12601.09
-17027.58 -12601.09
-17145.53 -12601.09
-17357.00 -12601.09
-16853.07 -12601.09
-17305.66 -12601.09
-17342.93 -12601.09
-16805.35 -12601.09
-17404.48 -12601.09
-16814.61 -12601.09
-17243.42 -12601.09
-17501.81 -12601.09
-17287.78 -12601.09
-17122.26 -12601.09
-17130.78 -12601.09
-17011.58 -12601.09
-17547.09 -12601.09
-17273.15 -12601.09
-17136.34 -12601.09
-16979.92 -12601.09
-16870.05 -12601.09
-17092.04 -12601.09
-16951.28 -12601.09
-17175.31 -12601.09
-17056.56 -12601.09
-17288.32 -12601.09
-16931.48 -12601.09
-17716.69 -12601.09
-17147.93 -12601.09
-17115.16 -12601.09
-17015.57 -12601.09
-17423.50 -12601.09
-17337.38 -12601.09
-17677.43 -12601.09
-17350.81 -12601.09
-17703.45 -12601.09
-17141.41 -12601.09
-17487.30 -12601.09
-17517.15 -12601.09
-17082.72 -12601.09
-17058.01 -12601.09
-17028.85 -12601.09
-16777.18 -12601.09
-17496.73 -12601.09
-17187.73 -12601.09
-16983.16 -12601.09
-17006.50 -12601.09
-17183.65 -12601.09
-17848.96 -12601.09
-16836.94 -12601.09
-16987.53 -12601.09
-17192.20 -12601.09
-16958.98 -12601.09
-17019.51 -12601.09
-17307.86 -12601.09
-17438.55 -12601.09
-17130.97 -12601.09
-17728.21 -12601.09
-17822.38 -12601.09
-17308.11 -12601.09
-17224.34 -12601.09
-17463.64 -12601.09
-16939.03 -12601.09
-17022.06 -12601.09
-16982.54 -12601.09
-16976.10 -12601.09
-16779.16 -12601.09
-17607.44 -12601.09
-17855.91 -12601.09
-16652.08 -12601.09
-16838.48 -12601.09
-16933.43 -12601.09
-16953.09 -12601.09
-17240.55 -12601.09
-17263.11 -12601.09
-17771.78 -12601.09
-17615.60 -12601.09
-17370.47 -12601.09
-16788.40 -12601.09
-16790.04 -12601.09
-17552.13 -12601.09
-17176.14 -12601.09
-16867.38 -12601.09
-16856.83 -12601.09
-17231.35 -12601.09
-17460.45 -12601.09
-17013.78 -12601.09
-17248.09 -12601.09
-17110.90 -12601.09
-16836.87 -12601.09
-17375.05 -12601.09
-16982.62 -12601.09
-17214.19 -12601.09
-17221.99 -12601.09
-17580.57 -12601.09
-16846.96 -12601.09
-16870.94 -12601.09
-16940.15 -12601.09
-17111.78 -12601.09
-16785.67 -12601.09
-17213.06 -12601.09
-17081.84 -12601.09
-16830.17 -12601.09
-16619.34 -12601.09
-17133.74 -12601.09
-17740.27 -12601.09
-17247.84 -12601.09
-16820.74 -12601.09
-16877.65 -12601.09
-17283.79 -12601.09
-17020.64 -12601.09
-16986.04 -12601.09
-16828.12 -12601.09
-17254.03 -12601.09
-17206.08 -12601.09
-16706.31 -12601.09
-16770.05 -12601.09
-17115.77 -12601.09
-16828.86 -12601.09
-17275.94 -12601.09
-16970.18 -12601.09
-17184.79 -12601.09
-17095.01 -12601.09
-16771.02 -12601.09
-17544.29 -12601.09
-17253.18 -12601.09
-16741.35 -12601.09
-16887.85 -12601.09
-17162.20 -12601.09
-17005.92 -12601.09
-17256.39 -12601.09
-17160.12 -12601.09
-17447.35 -12601.09
-17316.80 -12601.09
-17374.56 -12601.09
-17261.76 -12601.09
-17207.55 -12601.09
-17474.02 -12601.09
-17319.19 -12601.09
-17404.82 -12601.09
-17104.15 -12601.09
-17230.78 -12601.09
-17014.42 -12601.09
-17449.22 -12601.09
-16675.48 -12601.09
-17087.49 -12601.09
-17096.12 -12601.09
-17074.64 -12601.09
-16888.89 -12601.09
-16868.68 -12601.09
-17493.66 -12601.09
-17473.44 -12601.09
-17210.38 -12601.09
-17120.29 -12601.09
-17106.28 -12601.09
-17054.20 -12601.09
-17496.99 -12601.09
-16994.07 -12601.09
-16907.70 -12601.09
-17315.67 -12601.09
-17451.00 -12601.09
-16696.90 -12601.09
-17256.02 -12601.09
-17837.66 -12601.09
-17214.77 -12601.09
-17247.62 -12601.09
-16978.44 -12601.09
-17051.45 -12601.09
-16806.14 -12601.09
-17334.74 -12601.09
-17588.28 -12601.09
-16912.89 -12601.09
-17079.54 -12601.09
-17345.12 -12601.09
-17139.78 -12601.09
-17190.51 -12601.09
-17305.00 -12601.09
-17030.28 -12601.09
-16873.75 -12601.09
-17541.52 -12601.09
-17692.73 -12601.09
-17190.44 -12601.09
-17293.90 -12601.09
-17557.63 -12601.09
-17104.25 -12601.09
-17385.27 -12601.09
-16939.69 -12601.09
-17312.72 -12601.09
-17454.72 -12601.09
-17261.62 -12601.09
-17208.61 -12601.09
-17252.56 -12601.09
-17328.55 -12601.09
-17500.08 -12601.09
-17034.57 -12601.09
-17179.17 -12601.09
-17398.84 -12601.09
-17224.35 -12601.09
-17390.63 -12601.09
-17292.31 -12601.09
-16799.21 -12601.09
-17771.85 -12601.09
-17158.40 -12601.09
-17291.11 -12601.09
-17710.23 -12601.09
-17245.42 -12601.09
-17402.92 -12601.09
-17214.32 -12601.09
-17332.98 -12601.09
-17121.95 -12601.09
-17311.33 -12601.09
-17098.94 -12601.09
-16989.69 -12601.09
-17107.41 -12601.09
-16875.01 -12601.09
-17070.89 -12601.09
-17403.09 -12601.09
-17137.21 -12601.09
-17197.02 -12601.09
-17125.71 -12601.09
-16801.42 -12601.09
-16791.86 -12601.09
-17684.13 -12601.09
-17548.83 -12601.09
-17178.18 -12601.09
-16549.85 -12601.09
-17377.73 -12601.09
-17115.40 -12601.09
-17002.38 -12601.09
-17287.67 -12601.09
-17153.91 -12601.09
-17112.73 -12601.09
-17829.64 -12601.09
-17154.20 -12601.09
-17097.41 -12601.09
-16827.92 -12601.09
-17388.29 -12601.09
-16795.26 -12601.09
-16848.42 -12601.09
-16864.99 -12601.09
-17159.38 -12601.09
-17394.80 -12601.09
-17272.47 -12601.09
-17620.83 -12601.09
-17829.05 -12601.09
-16659.86 -12601.09
-17110.82 -12601.09
-17536.50 -12601.09
-16797.41 -12601.09
-17589.28 -12601.09
-17112.41 -12601.09
-17302.59 -12601.09
-17362.03 -12601.09
-17457.64 -12601.09
-16874.86 -12601.09
-17344.89 -12601.09
-17251.92 -12601.09
-16946.53 -12601.09
-16811.23 -12601.09
-17009.69 -12601.09
-17781.30 -12601.09
-17175.29 -12601.09
-16972.33 -12601.09
-16693.28 -12601.09
-17545.79 -12601.09
-17001.77 -12601.09
-17215.89 -12601.09
-16915.80 -12601.09
-16942.01 -12601.09
-16859.53 -12601.09
-16754.93 -12601.09
-17169.36 -12601.09
-16927.36 -12601.09
-17523.74 -12601.09
-17348.43 -12601.09
-17330.14 -12601.09
-17757.41 -12601.09
-17369.76 -12601.09
-16669.74 -12601.09
-17126.40 -12601.09
-16970.67 -12601.09
-17124.99 -12601.09
-16723.03 -12601.09
-16790.87 -12601.09
-17003.96 -12601.09
-16880.57 -12601.09
-17137.98 -12601.09
-17553.10 -12601.09
-16672.44 -12601.09
-16629.22 -12601.09
-17129.08 -12601.09
-16853.38 -12601.09
-17623.38 -12601.09
-16861.59 -12601.09
-16979.36 -12601.09
-17276.46 -12601.09
-17299.28 -12601.09
-17680.67 -12601.09
-17127.54 -12601.09
-16921.53 -12601.09
-17152.32 -12601.09
-17169.30 -12601.09
-17073.53 -12601.09
-17022.87 -12601.09
-17124.75 -12601.09
-17010.57 -12601.09
-17298.85 -12601.09
-16826.62 -12601.09
-16974.53 -12601.09
-17388.43 -12601.09
-17410.35 -12601.09
-16836.43 -12601.09
-17171.50 -12601.09
-17083.29 -12601.09
-17114.29 -12601.09
-16978.43 -12601.09
-17355.84 -12601.09
-17014.30 -12601.09
-17035.04 -12601.09
-17037.73 -12601.09
-16709.60 -12601.09
-16703.59 -16703.59
-16867.62 -16703.59
-16709.20 -16703.59
-16939.64 -16703.59
-16741.11 -16703.59
-16805.76 -16703.59
-16825.29 -16703.59
-16941.36 -16703.59
-16988.76 -16703.59
-17074.23 -16703.59
-16598.45 -16598.45
-16862.99 -16598.45
-16619.04 -16598.45
-16745.02 -16598.45
-17663.24 -16598.45
-16934.23 -16598.45
-16793.48 -16598.45
-16836.88 -16598.45
-17063.74 -16598.45
-16764.98 -16598.45
-17197.36 -16598.45
-16549.70 -16549.70
-16443.50 -16443.50
-17017.08 -16443.50
-16788.04 -16443.50
-16310.34 -16310.34
-17093.95 -16310.34
-15935.73 -15935.73
-16669.01 -15935.73
-16387.16 -15935.73
-16238.24 -15935.73
-16641.68 -15935.73
-16395.41 -15935.73
-16728.34 -15935.73
-16561.95 -15935.73
-16068.91 -15935.73
-16747.52 -15935.73
-16780.73 -15935.73
-17128.36 -15935.73
-16559.04 -15935.73
-16086.48 -15935.73
-16955.46 -15935.73
-16491.96 -15935.73
-17011.06 -15935.73
-16485.16 -15935.73
-17081.14 -15935.73
-16425.24 -15935.73
-16193.56 -15935.73
-16229.78 -15935.73
-16075.76 -15935.73
-16477.13 -15935.73
-16019.46 -15935.73
-16744.68 -15935.73
-17136.72 -15935.73
-16162.45 -15935.73
-16010.60 -15935.73
-16757.26 -15935.73
-17099.52 -15935.73
-16790.38 -15935.73
-16457.16 -15935.73
-16512.20 -15935.73
-16712.36 -15935.73
-15953.83 -15935.73
-16572.50 -15935.73
-16173.39 -15935.73
-16394.38 -15935.73
-16911.44 -15935.73
-17151.11 -15935.73
-16566.02 -15935.73
-16690.52 -15935.73
-16746.03 -15935.73
-16326.99 -15935.73
-16618.67 -15935.73
-16725.20 -15935.73
-16352.50 -15935.73
-16587.40 -15935.73
-15506.95 -15506.95
-16353.27 -15506.95
-16301.38 -15506.95
-16335.09 -15506.95
-16252.65 -15506.95
-16438.65 -15506.95
-15821.74 -15506.95
-16874.28 -15506.95
-16121.58 -15506.95
-15814.64 -15506.95
-16678.04 -15506.95
-16139.45 -15506.95
-16522.67 -15506.95
-16424.15 -15506.95
-16688.51 -15506.95
-17316.82 -15506.95
-16389.79 -15506.95
-16165.42 -15506.95
-16170.50 -15506.95
-16656.09 -15506.95
-17310.62 -15506.95
-16363.98 -15506.95
-16060.54 -15506.95
-15842.66 -15506.95
-16085.18 -15506.95
-15656.32 -15506.95
-16127.67 -15506.95
-15997.82 -15506.95
-16429.02 -15506.95
-16298.80 -15506.95
-16477.85 -15506.95
-17014.39 -15506.95
-15787.86 -15506.95
-15892.72 -15506.95
-16422.15 -15506.95
-17434.93 -15506.95
-16040.46 -15506.95
-16888.29 -15506.95
-15501.72 -15501.72
-16843.70 -15501.72
-15611.60 -15501.72
-16827.75 -15501.72
-16004.80 -15501.72
-15825.66 -15501.72
-16024.88 -15501.72
-16181.97 -15501.72
-16158.61 -15501.72
-15953.83 -15501.72
-16101.93 -15501.72
-16183.00 -15501.72
-16010.70 -15501.72
-16649.42 -15501.72
-16580.38 -15501.72
-16006.63 -15501.72
-16250.52 -15501.72
-16603.46 -15501.72
-16117.85 -15501.72
-16781.67 -15501.72
-16303.37 -15501.72
-16078.26 -15501.72
-16467.98 -15501.72
-16762.00 -15501.72
-16127.99 -15501.72
-16199.33 -15501.72
-16401.37 -15501.72
-15907.87 -15501.72
-16889.28 -15501.72
-16089.05 -15501.72
-16030.85 -15501.72
-15493.10 -15493.10
-15457.66 -15457.66
-16884.73 -15457.66
-15783.05 -15457.66
-15525.18 -15457.66
-15646.72 -15457.66
-15779.97 -15457.66
-15728.92 -15457.66
-15932.57 -15457.66
-16356.57 -15457.66
-16306.48 -15457.66
-16444.74 -15457.66
-16574.07 -15457.66
-16040.57 -15457.66
-16381.18 -15457.66
-15520.06 -15457.66
-16549.56 -15457.66
-16264.64 -15457.66
-15441.78 -15441.78
-15860.32 -15441.78
-16207.71 -15441.78
-16703.48 -15441.78
-16204.20 -15441.78
-16816.17 -15441.78
-17092.00 -15441.78
-15717.81 -15441.78
-16728.25 -15441.78
-15522.33 -15441.78
-15657.42 -15441.78
-15641.44 -15441.78
-15781.79 -15441.78
-15656.17 -15441.78
-16527.67 -15441.78
-15608.36 -15441.78
-16505.77 -15441.78
-15416.73 -15416.73
-16104.40 -15416.73
-15010.64 -15010.64
-15279.08 -15010.64
-15665.41 -15010.64
-15938.82 -15010.64
-15420.66 -15010.64
-15244.39 -15010.64
-15374.71 -15010.64
-16020.61 -15010.64
-15475.71 -15010.64
-15432.54 -15010.64
-15292.11 -15010.64
-15376.39 -15010.64
-15299.35 -15010.64
-15553.77 -15010.64
-15073.33 -15010.64
-15123.48 -15010.64
-15440.41 -15010.64
-15344.25 -15010.64
-16567.27 -15010.64
-15233.00 -15010.64
-14949.21 -14949.21
-15368.72 -14949.21
-14578.38 -14578.38
-14742.98 -14578.38
-15220.71 -14578.38
-15308.29 -14578.38
-15307.98 -14578.38
-15280.25 -14578.38
-14486.73 -14486.73
-14297.62 -14297.62
-14352.86 -14297.62
-14096.35 -14096.35
-15191.38 -14096.35
-14057.60 -14057.60
-14610.41 -14057.60
-13521.07 -13521.07
-13985.96 -13521.07
-14219.19 -13521.07
-13654.76 -13521.07
-14292.66 -13521.07
-14118.61 -13521.07
-13867.92 -13521.07
-14051.69 -13521.07
-14385.56 -13521.07
-15109.11 -13521.07
-13363.42 -13363.42
-14492.94 -13363.42
-14023.34 -13363.42
-12509.00 -12509.00
-14101.62 -12509.00
-14058.65 -12509.00
-15016.83 -12509.00
-13619.59 -12509.00
-13162.47 -12509.00
-13143.66 -12509.00
-14362.85 -12509.00
-14393.63 -12509.00
-15250.26 -12509.00
-14382.47 -12509.00
-13594.24 -12509.00
-14867.51 -12509.00
-14425.78 -12509.00
-13750.40 -12509.00
-16045.51 -12509.00
-14248.27 -12509.00
-14264.19 -12509.00
-14635.57 -12509.00
-13940.96 -12509.00
-14768.01 -12509.00
-14835.60 -12509.00
-13642.62 -12509.00
-14116.63 -12509.00
-13612.72 -12509.00
-14970.99 -12509.00
-13497.65 -12509.00
-14205.20 -12509.00
-14125.38 -12509.00
-13882.51 -12509.00
-13799.46 -12509.00
-14626.24 -12509.00
-14256.72 -12509.00
-13771.67 -12509.00
-13559.42 -12509.00
-13486.45 -12509.00
-12679.54 -12509.00
-14536.12 -12509.00
-13786.64 -12509.00
-14231.51 -12509.00
-14149.14 -12509.00
-14248.86 -12509.00
-13847.68 -12509.00
-14427.03 -12509.00
-15237.18 -12509.00
-15591.67 -12509.00
-13602.93 -12509.00
-14067.80 -12509.00
-14029.75 -12509.00
-13427.75 -12509.00
-15143.30 -12509.00
-13801.03 -12509.00
-14865.07 -12509.00
-13868.28 -12509.00
-15562.51 -12509.00
-13699.82 -12509.00
-15088.42 -12509.00
-14642.06 -12509.00
-14441.85 -12509.00
-13764.68 -12509.00
-13163.75 -12509.00
-14751.02 -12509.00
-13274.39 -12509.00
-15401.29 -12509.00
-13910.30 -12509.00
-13830.46 -12509.00
-14849.92 -12509.00
-14113.29 -12509.00
-14538.24 -12509.00
-14292.67 -12509.00
-15214.80 -12509.00
-15459.40 -12509.00
-13911.81 -12509.00
-14576.42 -12509.00
-13709.39 -12509.00
-14037.86 -12509.00
-14148.34 -12509.00
-15089.81 -12509.00
-14800.38 -12509.00
-14202.33 -12509.00
-13899.98 -12509.00
-13960.05 -12509.00
-14587.14 -12509.00
-14622.13 -12509.00
-13831.92 -12509.00
-14119.02 -12509.00
-13375.13 -12509.00
-14184.97 -12509.00
-14076.55 -12509.00
-14947.48 -12509.00
-13943.74 -12509.00
-13651.09 -12509.00
-14560.00 -12509.00
-13373.10 -12509.00
-14042.95 -12509.00
-14609.35 -12509.00
-14431.30 -12509.00
-13998.98 -12509.00
-15894.08 -12509.00
-14260.90 -12509.00
-13609.19 -12509.00
-14080.81 -12509.00
-13629.23 -12509.00
-14716.64 -12509.00
-16087.49 -12509.00
-14689.16 -12509.00
-15489.21 -12509.00
-14099.93 -12509.00
-13866.17 -12509.00
-14102.76 -12509.00
-15062.94 -12509.00
-14361.27 -12509.00
-13809.75 -12509.00
-14547.57 -12509.00
-13131.32 -12509.00
-14382.04 -12509.00
-13723.53 -12509.00
-13507.35 -12509.00
-13885.59 -12509.00
-14339.85 -12509.00
-14490.27 -12509.00
-14245.34 -12509.00
-15652.17 -12509.00
-14159.37 -12509.00
-14267.82 -12509.00
-14504.49 -12509.00
-15665.14 -12509.00
-15476.55 -12509.00
-15543.73 -12509.00
-14335.81 -12509.00
-14652.45 -12509.00
-14681.50 -12509.00
-14381.69 -12509.00
-13035.64 -12509.00
-13720.28 -12509.00
-14962.45 -12509.00
-13819.91 -12509.00
-13903.24 -12509.00
-14633.31 -12509.00
-14033.52 -12509.00
-13601.52 -12509.00
-14240.67 -12509.00
-14085.20 -12509.00
-14324.75 -12509.00
-14075.35 -12509.00
-14353.76 -12509.00
-15887.41 -12509.00
-13693.36 -12509.00
-15071.05 -12509.00
-14599.49 -12509.00
-14752.14 -12509.00
-14484.83 -12509.00
-13821.16 -12509.00
-13313.65 -12509.00
-14898.66 -12509.00
-13041.22 -12509.00
-13923.55 -12509.00
-14541.94 -12509.00
-13717.82 -12509.00
-14084.94 -12509.00
-13416.13 -12509.00
-13806.47 -12509.00
-13692.59 -12509.00
-14630.20 -12509.00
-14296.67 -12509.00
-14696.15 -12509.00
-14641.55 -12509.00
-14365.50 -12509.00
-14248.37 -12509.00
-13975.06 -12509.00
-13603.57 -12509.00
-14860.83 -12509.00
-13759.39 -12509.00
-14318.40 -12509.00
-14726.72 -12509.00
-14505.94 -12509.00
-14296.77 -12509.00
-14664.58 -12509.00
-15349.46 -12509.00
-13438.63 -12509.00
-13654.90 -12509.00
-14798.59 -12509.00
-14042.80 -12509.00
-13348.43 -12509.00
-14301.71 -12509.00
-14539.39 -12509.00
-16875.13 -12509.00
-16717.18 -12509.00
-17079.39 -12509.00
-16796.93 -12509.00
-17061.82 -12509.00
-17166.86 -12509.00
-16871.51 -12509.00
-16952.49 -12509.00
-16542.53 -12509.00
-17291.52 -12509.00
-16954.29 -12509.00
-17137.26 -12509.00
-16998.16 -12509.00
-16762.75 -12509.00
-16983.43 -12509.00
-17109.83 -12509.00
-17258.96 -12509.00
-17082.53 -12509.00
-17524.64 -12509.00
-17193.05 -12509.00
-17515.51 -12509.00
-16850.31 -12509.00
-17635.73 -12509.00
-16785.86 -12509.00
-17472.98 -12509.00
-16671.82 -12509.00
-17482.66 -12509.00
-16932.92 -12509.00
-17141.14 -12509.00
-17086.29 -12509.00
-17231.60 -12509.00
-17302.87 -12509.00
-17038.42 -12509.00
-17255.40 -12509.00
-17249.87 -12509.00
-17732.92 -12509.00
-17656.13 -12509.00
-17465.41 -12509.00
-16964.20 -12509.00
-17110.53 -12509.00
-17273.15 -12509.00
-16995.70 -12509.00
-17061.98 -12509.00
-16994.74 -12509.00
-17174.19 -12509.00
-17476.57 -12509.00
-17048.58 -12509.00
-16996.18 -12509.00
-16655.67 -12509.00
-16782.07 -12509.00
-17209.99 -12509.00
-16808.04 -12509.00
-16704.83 -12509.00
-17613.37 -12509.00
-17054.65 -12509.00
-17176.10 -12509.00
-17601.54 -12509.00
-17064.13 -12509.00
-17176.52 -12509.00
-17302.04 -12509.00
-17074.86 -12509.00
-17547.81 -12509.00
-17689.41 -12509.00
-16792.65 -12509.00
-17294.45 -12509.00
-17146.53 -12509.00
-17029.12 -12509.00
-16882.88 -12509.00
-16939.57 -12509.00
-17347.41 -12509.00
-16849.62 -12509.00
-17108.77 -12509.00
-17482.86 -12509.00
-17030.74 -12509.00
-17244.73 -12509.00
-17353.58 -12509.00
-16679.18 -12509.00
-17004.51 -12509.00
-17235.11 -12509.00
-17048.47 -12509.00
-17030.02 -12509.00
-17406.40 -12509.00
-17243.82 -12509.00
-17423.01 -12509.00
-17131.94 -12509.00
-16970.21 -12509.00
-17271.35 -12509.00
-17030.83 -12509.00
-16693.29 -12509.00
-17118.57 -12509.00
-16849.50 -12509.00
-16790.80 -12509.00
-16837.96 -12509.00
-17654.61 -12509.00
-17361.98 -12509.00
-17219.27 -12509.00
-16868.19 -12509.00
-17386.45 -12509.00
-17201.11 -12509.00
-17761.36 -12509.00
-17196.54 -12509.00
-17049.65 -12509.00
-16859.95 -12509.00
-17000.20 -12509.00
-17097.10 -12509.00
-17289.16 -12509.00
-16823.33 -12509.00
-17041.01 -12509.00
-17089.10 -12509.00
-17395.48 -12509.00
-17125.45 -12509.00
-17325.92 -12509.00
-17651.18 -12509.00
-17640.38 -12509.00
-16913.59 -12509.00
-16887.98 -12509.00
-16995.98 -12509.00
-17546.88 -12509.00
-17553.98 -12509.00
-16838.75 -12509.00
-17029.27 -12509.00
-16888.18 -12509.00
-17041.74 -12509.00
-17201.42 -12509.00
-16959.89 -12509.00
-16994.07 -12509.00
-17113.28 -12509.00
-17321.49 -12509.00
-17017.92 -12509.00
-16763.87 -12509.00
-17101.75 -12509.00
-16919.53 -12509.00
-16952.37 -12509.00
-17215.12 -12509.00
-17218.33 -12509.00
-17001.07 -12509.00
-17073.55 -12509.00
-16907.30 -12509.00
-17628.54 -12509.00
-16965.53 -12509.00
-16945.46 -12509.00
-17335.55 -12509.00
-17179.63 -12509.00
-17229.79 -12509.00
-17164.18 -12509.00
-16848.21 -12509.00
-17203.93 -12509.00
-17110.17 -12509.00
-17400.24 -12509.00
-17055.35 -12509.00
-17292.58 -12509.00
-17264.78 -12509.00
-17408.71 -12509.00
-17501.66 -12509.00
-16954.06 -12509.00
-17178.40 -12509.00
-16657.83 -12509.00
-16936.75 -12509.00
-16900.04 -12509.00
-17107.96 -12509.00
-17342.34 -12509.00
-16874.53 -12509.00
-17030.73 -12509.00
-17146.69 -12509.00
-17950.58 -12509.00
-17122.60 -12509.00
-17098.57 -12509.00
-17438.51 -12509.00
-17341.87 -12509.00
-17435.59 -12509.00
-17006.12 -12509.00
-17576.29 -12509.00
-16648.67 -12509.00
-17070.11 -12509.00
-17238.97 -12509.00
-16758.67 -12509.00
-17190.61 -12509.00
-17086.99 -12509.00
-17409.95 -12509.00
-17786.59 -12509.00
-17257.87 -12509.00
-17360.17 -12509.00
-16934.14 -12509.00
-17093.63 -12509.00
-16937.87 -12509.00
-17591.51 -12509.00
-17150.81 -12509.00
-16778.52 -12509.00
-17725.28 -12509.00
-17215.65 -12509.00
-16991.35 -12509.00
-17014.44 -12509.00
-17784.35 -12509.00
-17689.82 -12509.00
-17564.89 -12509.00
-17126.48 -12509.00
-16923.95 -12509.00
-16937.71 -12509.00
-16766.43 -12509.00
-17069.27 -12509.00
-17054.54 -12509.00
-17292.19 -12509.00
-17045.24 -12509.00
-17406.88 -12509.00
-16971.16 -12509.00
-17050.63 -12509.00
-17036.64 -12509.00
-16806.99 -12509.00
-17424.86 -12509.00
-16913.57 -12509.00
-17194.15 -12509.00
-16922.34 -12509.00
-16970.43 -12509.00
-16969.68 -12509.00
-17079.65 -12509.00
-17394.74 -12509.00
-17603.30 -12509.00
-17109.74 -12509.00
-16829.68 -12509.00
-17447.70 -12509.00
-17392.04 -12509.00
-17467.82 -12509.00
-17150.23 -12509.00
-17058.85 -12509.00
-17450.95 -12509.00
-17114.10 -12509.00
-16819.35 -12509.00
-17079.39 -12509.00
-17320.45 -12509.00
-17123.53 -12509.00
-17489.98 -12509.00
-16874.28 -12509.00
-17196.56 -12509.00
-17620.26 -12509.00
-16734.43 -12509.00
-17599.34 -12509.00
-17122.05 -12509.00
-17207.02 -12509.00
-17452.30 -12509.00
-17454.22 -12509.00
-17091.30 -12509.00
-17419.42 -12509.00
-17644.61 -12509.00
-17232.01 -12509.00
-16941.20 -12509.00
-17351.26 -12509.00
-17094.83 -12509.00
-17104.40 -12509.00
-17229.53 -12509.00
-17019.16 -12509.00
-17159.66 -12509.00
-17020.53 -12509.00
-17198.21 -12509.00
-17628.37 -12509.00
-17602.42 -12509.00
-17250.51 -12509.00
-17193.37 -12509.00
-16922.64 -12509.00
-16860.31 -12509.00
-16821.70 -12509.00
-16908.39 -12509.00
-17217.35 -12509.00
-16958.16 -12509.00
-17465.99 -12509.00
-17017.54 -12509.00
-17293.13 -12509.00
-17323.30 -12509.00
-17600.76 -12509.00
-16770.46 -12509.00
-17114.21 -12509.00
-17356.15 -12509.00
-17500.46 -12509.00
-17738.94 -12509.00
-17536.22 -12509.00
-16938.33 -12509.00
-17056.65 -12509.00
-17045.93 -12509.00
-17155.60 -12509.00
-17242.67 -12509.00
-16985.16 -12509.00
-17103.23 -12509.00
-16948.54 -12509.00
-17401.65 -12509.00
-17105.74 -12509.00
-17114.21 -12509.00
-17479.30 -12509.00
-17238.56 -12509.00
-17305.54 -12509.00
-17445.68 -12509.00
-17243.79 -12509.00
-17708.30 -12509.00
-17718.58 -12509.00
-17744.74 -12509.00
-16664.43 -12509.00
-16916.84 -12509.00
-17242.07 -12509.00
-16681.11 -12509.00
-17536.50 -12509.00
-17129.33 -12509.00
-17123.02 -12509.00
-17258.28 -12509.00
-17106.68 -12509.00
-17034.77 -12509.00
-17109.44 -12509.00
-17023.23 -12509.00
-17323.21 -12509.00
-17052.76 -12509.00
-17161.90 -12509.00
-17221.55 -12509.00
-17010.09 -12509.00
-17009.77 -12509.00
-17107.68 -12509.00
-16873.60 -12509.00
-17181.88 -12509.00
-17071.51 -12509.00
-17308.31 -12509.00
-16594.53 -12509.00
-16762.22 -12509.00
-16772.68 -12509.00
-16963.93 -12509.00
-17679.94 -12509.00
-17314.58 -12509.00
-16777.70 -12509.00
-17011.33 -12509.00
-17006.00 -12509.00
-16912.34 -12509.00
-16792.34 -12509.00
-16917.97 -12509.00
-17315.60 -12509.00
-17246.74 -12509.00
-17244.41 -12509.00
-17609.30 -12509.00
-17167.90 -12509.00
-17021.05 -12509.00
-16936.25 -12509.00
-17376.55 -12509.00
-17176.02 -12509.00
-17182.53 -12509.00
-17373.28 -12509.00
-17250.67 -12509.00
-16978.82 -12509.00
-17314.93 -12509.00
-17484.28 -12509.00
-17225.61 -12509.00
-17211.51 -12509.00
-16791.11 -12509.00
-16879.73 -12509.00
-17539.41 -12509.00
-16857.74 -12509.00
-17324.18 -12509.00
-17081.90 -12509.00
-17434.97 -12509.00
-17312.72 -12509.00
-17417.61 -12509.00
-17890.16 -12509.00
-17120.77 -12509.00
-17212.13 -12509.00
-17483.04 -12509.00
-16954.68 -12509.00
-16943.77 -12509.00
-16894.42 -12509.00
-17379.63 -12509.00
-17716.52 -12509.00
-17012.96 -12509.00
-16975.93 -12509.00
-17266.11 -12509.00
-16978.77 -12509.00
-16782.15 -12509.00
-17059.81 -12509.00
-17319.60 -12509.00
-17272.67 -12509.00
-16851.94 -12509.00
-17216.02 -12509.00
-16805.06 -12509.00
-16758.31 -12509.00
-16849.48 -12509.00
-17142.60 -12509.00
-16780.53 -12509.00
-16967.54 -12509.00
-17331.52 -12509.00
-17739.60 -12509.00
-17335.05 -12509.00
-17502.68 -12509.00
-17362.82 -12509.00
-17181.94 -12509.00
-17191.33 -12509.00
-16959.93 -12509.00
-17345.11 -12509.00
-17313.24 -12509.00
-17245.04 -12509.00
-17173.88 -12509.00
-17036.05 -12509.00
-16875.17 -12509.00
-17320.71 -12509.00
-17776.83 -12509.00
-17844.87 -12509.00
-17389.06 -12509.00
-16912.37 -12509.00
-17214.29 -12509.00
-17087.62 -12509.00
-16864.83 -12509.00
-16636.90 -12509.00
-17245.55 -12509.00
-16964.65 -12509.00
-16865.25 -12509.00
-17394.25 -12509.00
-17375.06 -12509.00
-17274.34 -12509.00
-17104.06 -12509.00
-17293.76 -12509.00
-17364.94 -12509.00
-16967.47 -12509.00
-17546.56 -12509.00
-17103.93 -12509.00
-16905.37 -12509.00
-17724.43 -12509.00
-17135.48 -12509.00
-16966.70 -12509.00
-17485.17 -12509.00
-17162.27 -12509.00
-17412.51 -12509.00
-17591.47 -12509.00
-17040.37 -12509.00
-17173.73 -12509.00
-16982.20 -12509.00
-17526.07 -12509.00
-17000.63 -12509.00
-16648.11 -12509.00
-17004.69 -12509.00
-17272.64 -12509.00
-17407.31 -12509.00
-17372.87 -12509.00
-17074.73 -12509.00
-16953.97 -12509.00
-17014.39 -12509.00
-17106.13 -12509.00
-17243.67 -12509.00
-17202.74 -12509.00
-17208.93 -12509.00
-16925.87 -12509.00
-17468.19 -12509.00
-17236.85 -12509.00
-17408.86 -12509.00
-16931.20 -12509.00
-17446.30 -12509.00
-17278.15 -12509.00
-17283.64 -12509.00
-17629.99 -12509.00
-17492.68 -12509.00
-17394.71 -12509.00
-17081.67 -12509.00
-17072.45 -12509.00
-17603.67 -12509.00
-16802.57 -12509.00
-17384.89 -12509.00
-17230.73 -12509.00
-16921.22 -12509.00
-17276.61 -12509.00
-17233.49 -12509.00
-16621.09 -12509.00
-17165.02 -12509.00
-16807.02 -12509.00
-17637.26 -12509.00
-16762.94 -12509.00
-17639.67 -12509.00
-16909.01 -12509.00
-17409.17 -12509.00
-17010.05 -12509.00
-17523.38 -12509.00
-17033.89 -12509.00
-16857.12 -12509.00
-17410.28 -12509.00
-17414.21 -12509.00
-17632.21 -12509.00
-16974.90 -12509.00
-16936.20 -12509.00
-17124.28 -12509.00
-17000.20 -12509.00
-17054.93 -12509.00
-17128.00 -12509.00
-17127.93 -12509.00
-17380.00 -12509.00
-17013.53 -12509.00
-17578.39 -12509.00
-17461.05 -12509.00
-17514.94 -12509.00
-17855.56 -12509.00
-17456.34 -12509.00
-17480.28 -12509.00
-17512.12 -12509.00
-16839.36 -12509.00
-16802.10 -12509.00
-17594.61 -12509.00
-17441.24 -12509.00
-17626.67 -12509.00
-17556.99 -12509.00
-17150.36 -12509.00
-17470.04 -12509.00
-16852.22 -12509.00
-17051.12 -12509.00
-17022.75 -12509.00
-17132.10 -12509.00
-17442.22 -12509.00
-17379.78 -12509.00
-17226.20 -12509.00
-17646.65 -12509.00
-17387.47 -12509.00
-16980.25 -12509.00
-17488.02 -12509.00
-16933.84 -12509.00
-17507.45 -12509.00
-17129.98 -12509.00
-17624.07 -12509.00
-17292.26 -12509.00
-16683.86 -12509.00
-17473.65 -12509.00
-17256.80 -12509.00
-17055.75 -12509.00
-17778.96 -12509.00
-16987.87 -12509.00
-17068.16 -12509.00
-17408.71 -12509.00
-17449.78 -12509.00
-17125.72 -12509.00
-17163.00 -12509.00
-17026.36 -12509.00
-17145.84 -12509.00
-17358.19 -12509.00
-17461.02 -12509.00
-17085.55 -12509.00
-17608.23 -12509.00
-17168.35 -12509.00
-17460.23 -12509.00
-17632.02 -12509.00
-17201.13 -12509.00
-17223.96 -12509.00
-16999.01 -12509.00
-16964.05 -12509.00
-16931.89 -12509.00
-17160.75 -12509.00
-17109.94 -12509.00
-17127.77 -12509.00
-17133.72 -12509.00
-17061.91 -12509.00
-17129.16 -12509.00
-17173.91 -12509.00
-17186.81 -12509.00
-17422.52 -12509.00
-17263.75 -12509.00
-17840.20 -12509.00
-17103.09 -12509.00
-17151.96 -12509.00
-16850.87 -12509.00
-17085.12 -12509.00
-17582.01 -12509.00
-17106.44 -12509.00
-17351.03 -12509.00
-16817.96 -12509.00
-17380.25 -12509.00
-17169.94 -12509.00
-16850.89 -12509.00
-17114.54 -12509.00
-17240.15 -12509.00
-17077.40 -12509.00
-16841.86 -12509.00
-17101.38 -12509.00
-16928.00 -12509.00
-17280.26 -12509.00
-17672.82 -12509.00
-16934.91 -12509.00
-17457.66 -12509.00
-17454.16 -12509.00
-16861.27 -12509.00
-17036.16 -12509.00
-17117.23 -12509.00
-17361.78 -12509.00
-17308.60 -12509.00
-16988.85 -12509.00
-17246.74 -12509.00
-17141.53 -12509.00
-17169.31 -12509.00
-16776.96 -12509.00
-17021.28 -12509.00
-17861.45 -12509.00
-17092.09 -12509.00
-17017.10 -12509.00
-16960.89 -12509.00
-17265.75 -12509.00
-17378.82 -12509.00
-16854.22 -12509.00
-17464.96 -12509.00
-16876.68 -12509.00
-17383.32 -12509.00
-17102.44 -12509.00
-17185.41 -12509.00
-17445.65 -12509.00
-17269.09 -12509.00
-17068.41 -12509.00
-16761.49 -12509.00
-17292.47 -12509.00
-17080.62 -12509.00
-17325.37 -12509.00
-16981.65 -12509.00
-17420.31 -12509.00
-16981.53 -12509.00
-17058.00 -12509.00
-17290.96 -12509.00
-17093.80 -12509.00
-17440.31 -12509.00
-16970.81 -12509.00
-17005.49 -12509.00
-16864.78 -12509.00
-17476.09 -12509.00
-16889.91 -12509.00
-17093.83 -12509.00
-17417.96 -12509.00
-17150.43 -12509.00
-17182.31 -12509.00
-17451.00 -12509.00
-17220.50 -12509.00
-17865.38 -12509.00
-17121.03 -12509.00
-17206.08 -12509.00
-16897.92 -12509.00
-16912.79 -12509.00
-17062.41 -12509.00
-17599.66 -12509.00
-17172.62 -12509.00
-17152.35 -12509.00
-17029.17 -12509.00
-17000.16 -12509.00
-17538.35 -12509.00
-17449.87 -12509.00
-17040.55 -12509.00
-17016.79 -12509.00
-17601.54 -12509.00
-17127.93 -12509.00
-17276.45 -12509.00
-16886.30 -12509.00
-16917.28 -12509.00
-17395.52 -12509.00
-17372.70 -12509.00
-16659.86 -12509.00
-17084.15 -12509.00
-16683.85 -12509.00
-17176.51 -12509.00
-16961.38 -12509.00
-17112.34 -12509.00
-17780.02 -12509.00
-17288.77 -12509.00
-17482.12 -12509.00
-17348.99 -12509.00
-17208.02 -12509.00
-17288.96 -12509.00
-16984.32 -12509.00
-17321.47 -12509.00
-17537.63 -12509.00
-17126.15 -12509.00
-16619.15 -12509.00
-16888.23 -12509.00
-16831.00 -12509.00
-17177.51 -12509.00
-17186.31 -12509.00
-16618.04 -12509.00
-17353.25 -12509.00
-17819.62 -12509.00
-17161.36 -12509.00
-17740.01 -12509.00
-17810.49 -12509.00
-16765.88 -12509.00
-17137.42 -12509.00
-17242.25 -12509.00
-17047.21 -12509.00
-17483.10 -12509.00
-16830.94 -12509.00
-17174.83 -12509.00
-17395.76 -12509.00
-17323.76 -12509.00
-17052.14 -12509.00
-16692.32 -12509.00
-16627.83 -12509.00
-17005.23 -12509.00
-16978.43 -12509.00
-17378.18 -12509.00
-17302.16 -12509.00
-16945.79 -12509.00
-16937.35 -12509.00
-17193.27 -12509.00
-17123.84 -12509.00
-17294.47 -12509.00
-17848.39 -12509.00
-17482.31 -12509.00
-16883.70 -12509.00
-17146.12 -12509.00
-17154.40 -12509.00
-17106.12 -12509.00
-16985.80 -12509.00
-17598.88 -12509.00
-17253.95 -12509.00
-17813.79 -12509.00
-17114.24 -12509.00
-17371.66 -12509.00
-16959.72 -12509.00
-17275.37 -12509.00
-17475.06 -12509.00
-17391.17 -12509.00
-17374.03 -12509.00
-16956.73 -12509.00
-17243.56 -12509.00
-17114.32 -12509.00
-17836.39 -12509.00
-17193.65 -12509.00
-17231.94 -12509.00
-17103.17 -12509.00
-16992.14 -12509.00
-17157.72 -12509.00
-16999.36 -12509.00
-17256.40 -12509.00
-17313.23 -12509.00
-17002.28 -12509.00
-18016.58 -12509.00
-16930.11 -12509.00
-17560.77 -12509.00
-17737.03 -12509.00
-17471.11 -12509.00
-17573.44 -12509.00
-17481.20 -12509.00
-16951.64 -12509.00
-17000.73 -12509.00
-17166.75 -12509.00
-17899.93 -12509.00
-17258.18 -12509.00
-17261.43 -12509.00
-17256.84 -12509.00
-17321.34 -12509.00
-17067.07 -12509.00
-16828.32 -12509.00
-17516.79 -12509.00
-17029.83 -12509.00
-17625.11 -12509.00
-17041.80 -12509.00
-17374.45 -12509.00
-17023.37 -12509.00
-16799.15 -12509.00
-16890.10 -12509.00
-16995.89 -12509.00
-17159.86 -12509.00
-17439.23 -12509.00
-16851.61 -12509.00
-17260.37 -12509.00
-17042.60 -12509.00
-17140.88 -12509.00
-17243.32 -12509.00
-17581.76 -12509.00
-17030.82 -12509.00
-17174.99 -12509.00
-16991.13 -12509.00
-17342.33 -12509.00
-17375.69 -12509.00
-17541.41 -12509.00
-17760.25 -12509.00
-17342.73 -12509.00
-17549.59 -12509.00
-17027.57 -12509.00
-17007.67 -12509.00
-17462.73 -12509.00
-17155.19 -12509.00
-17246.41 -12509.00
-16981.10 -12509.00
-17046.16 -12509.00
-16933.87 -12509.00
-17195.05 -12509.00
-17192.61 -12509.00
-17612.38 -12509.00
-17122.88 -12509.00
-17140.71 -12509.00
-16925.88 -12509.00
-17484.45 -12509.00
-17133.77 -12509.00
-17083.12 -12509.00
-17770.41 -12509.00
-17115.76 -12509.00
-17366.93 -12509.00
-17528.67 -12509.00
-17562.89 -12509.00
-17258.91 -12509.00
-17504.92 -12509.00
-17429.70 -12509.00
-16883.46 -12509.00
-17404.20 -12509.00
-17718.70 -12509.00
-17503.05 -12509.00
-16899.29 -12509.00
-17159.92 -12509.00
-17280.34 -12509.00
-17806.53 -12509.00
-17422.58 -12509.00
-16911.35 -12509.00
-17397.54 -12509.00
-17260.55 -12509.00
-17173.16 -12509.00
-17050.82 -12509.00
-17036.35 -12509.00
-17412.60 -12509.00
-17228.30 -12509.00
-17226.40 -12509.00
-17042.77 -12509.00
-16911.74 -12509.00
-17062.16 -12509.00
-16716.35 -12509.00
-17381.34 -12509.00
-17088.72 -12509.00
-17372.39 -12509.00
-17338.72 -12509.00
-17254.79 -12509.00
-17298.16 -12509.00
-17412.17 -12509.00
-17503.26 -12509.00
-17810.61 -12509.00
-17362.56 -12509.00
-17067.15 -12509.00
-16875.62 -12509.00
-17078.51 -12509.00
-16990.58 -12509.00
-17731.11 -12509.00
-17007.67 -12509.00
-17199.70 -12509.00
-16909.00 -12509.00
-16975.43 -12509.00
-17265.63 -12509.00
-17082.21 -12509.00
-17110.82 -12509.00
-17180.51 -17180.51
-17275.61 -17180.51
-17021.82 -17021.82
-17410.53 -17021.82
-16920.36 -16920.36
-16869.28 -16869.28
-17667.37 -16869.28
-17102.54 -16869.28
-17137.87 -16869.28
-17244.42 -16869.28
-16922.73 -16869.28
-16614.95 -16614.95
-16546.86 -16546.86
-17128.78 -16546.86
-16705.00 -16546.86
-16837.04 -16546.86
-17741.03 -16546.86
-17003.91 -16546.86
-16836.14 -16546.86
-16676.27 -16546.86
-16831.75 -16546.86
-17344.20 -16546.86
-17078.95 -16546.86
-17074.27 -16546.86
-17183.67 -16546.86
-16743.10 -16546.86
-17313.84 -16546.86
-17204.50 -16546.86
-17253.84 -16546.86
-16810.38 -16546.86
-17219.62 -16546.86
-17056.68 -16546.86
-17289.10 -16546.86
-16541.82 -16541.82
-17176.76 -16541.82
-16805.89 -16541.82
-17100.89 -16541.82
-17302.70 -16541.82
-16589.87 -16541.82
-16875.75 -16541.82
-17018.99 -16541.82
-16574.55 -16541.82
-16532.13 -16532.13
-17045.75 -16532.13
-16679.58 -16532.13
-17228.97 -16532.13
-16599.87 -16532.13
-16621.69 -16532.13
-16705.82 -16532.13
-17009.70 -16532.13
-17185.16 -16532.13
-17385.76 -16532.13
-17117.44 -16532.13
-16999.37 -16532.13
-17276.44 -16532.13
-16734.51 -16532.13
-16863.00 -16532.13
-17385.91 -16532.13
-16877.58 -16532.13
-16817.52 -16532.13
-16729.27 -16532.13
-17038.09 -16532.13
-16819.70 -16532.13
-17574.42 -16532.13
-16764.47 -16532.13
-17222.54 -16532.13
-16876.44 -16532.13
-17384.54 -16532.13
-16662.67 -16532.13
-16708.62 -16532.13
-16718.70 -16532.13
-17191.65 -16532.13
-17574.60 -16532.13
-17199.74 -16532.13
-16540.16 -16532.13
-16797.42 -16532.13
-16939.71 -16532.13
-16849.46 -16532.13
-17230.02 -16532.13
-17156.61 -16532.13
-16968.56 -16532.13
-16676.67 -16532.13
-16540.40 -16532.13
-16749.19 -16532.13
-16410.34 -16410.34
-16614.12 -16410.34
-16689.02 -16410.34
-16929.96 -16410.34
-16746.34 -16410.34
-16685.54 -16410.34
-16834.80 -16410.34
-16534.95 -16410.34
-16550.87 -16410.34
-16979.33 -16410.34
-17003.59 -16410.34
-17611.53 -16410.34
-16339.52 -16339.52
-16728.66 -16339.52
-16747.05 -16339.52
-16582.10 -16339.52
-16902.81 -16339.52
-16311.87 -16311.87
-16528.92 -16311.87
-16840.73 -16311.87
-16065.08 -16065.08
-16368.18 -16065.08
-16649.59 -16065.08
-16755.00 -16065.08
-16600.09 -16065.08
-16323.80 -16065.08
-16331.65 -16065.08
-16290.45 -16065.08
-16225.62 -16065.08
-16573.83 -16065.08
-16773.95 -16065.08
-16803.56 -16065.08
-17068.31 -16065.08
-16645.04 -16065.08
-16570.15 -16065.08
-16590.14 -16065.08
-17177.00 -16065.08
-16851.49 -16065.08
-16659.52 -16065.08
-16551.28 -16065.08
-17718.96 -16065.08
-17302.68 -16065.08
-16606.04 -16065.08
-16342.91 -16065.08
-17067.55 -16065.08
-16480.01 -16065.08
-16642.46 -16065.08
-16428.07 -16065.08
-16686.88 -16065.08
-16376.41 -16065.08
-16396.40 -16065.08
-16572.28 -16065.08
-17576.20 -16065.08
-17081.79 -16065.08
-16611.73 -16065.08
-16533.55 -16065.08
-16730.21 -16065.08
-17288.03 -16065.08
-16660.93 -16065.08
-16281.27 -16065.08
-16617.20 -16065.08
-16525.18 -16065.08
-16204.24 -16065.08
-16820.19 -16065.08
-17192.20 -16065.08
-17139.88 -16065.08
-17052.74 -16065.08
-16656.33 -16065.08
-17184.27 -16065.08
-16641.41 -16065.08
-16531.93 -16065.08
-16288.96 -16065.08
-16710.22 -16065.08
-16695.75 -16065.08
-16830.23 -16065.08
-16905.17 -16065.08
-17291.19 -16065.08
-16875.39 -16065.08
-16387.42 -16065.08
-16772.89 -16065.08
-15949.40 -15949.40
-16183.05 -15949.40
-16753.03 -15949.40
-16830.90 -15949.40
-16623.18 -15949.40
-16042.76 -15949.40
-17316.88 -15949.40
-16522.44 -15949.40
-16046.19 -15949.40
-16367.18 -15949.40
-15801.28 -15801.28
-16446.03 -15801.28
-16634.22 -15801.28
-15943.40 -15801.28
-16415.05 -15801.28
-16343.49 -15801.28
-16122.00 -15801.28
-15838.37 -15801.28
-16696.06 -15801.28
-16515.67 -15801.28
-16192.57 -15801.28
-16070.38 -15801.28
-16387.84 -15801.28
-16051.83 -15801.28
-16265.11 -15801.28
-15746.51 -15746.51
-16510.24 -15746.51
-15976.15 -15746.51
-16787.55 -15746.51
-16244.96 -15746.51
-15705.50 -15705.50
-15849.71 -15705.50
-16543.85 -15705.50
-15939.83 -15705.50
-15338.90 -15338.90
-16199.33 -15338.90
-15871.35 -15338.90
-15481.72 -15338.90
-15583.95 -15338.90
-15075.35 -15075.35
-15841.47 -15075.35
-15189.79 -15075.35
-16324.54 -15075.35
-15908.40 -15075.35
-15645.13 -15075.35
-16146.78 -15075.35
-15888.05 -15075.35
-16838.53 -15075.35
-15882.00 -15075.35
-15951.18 -15075.35
-14978.53 -14978.53
-15483.62 -14978.53
-16216.32 -14978.53
-15711.14 -14978.53
-15779.00 -14978.53
-16823.23 -14978.53
-16963.70 -14978.53
-15680.49 -14978.53
-15532.82 -14978.53
-15266.86 -14978.53
-15842.64 -14978.53
-16106.90 -14978.53
-15384.33 -14978.53
-15803.29 -14978.53
-16785.46 -14978.53
-15363.61 -14978.53
-15776.67 -14978.53
-15620.57 -14978.53
-16090.85 -14978.53
-15018.08 -14978.53
-15787.26 -14978.53
-15610.41 -14978.53
-15436.29 -14978.53
-15568.09 -14978.53
-16307.21 -14978.53
-15366.77 -14978.53
-15312.04 -14978.53
-15151.63 -14978.53
-15734.18 -14978.53
-14372.46 -14372.46
-15147.37 -14372.46
-15007.46 -14372.46
-15969.34 -14372.46
-15016.18 -14372.46
-16988.67 -14372.46
-15334.99 -14372.46
-14903.68 -14372.46
-15211.17 -14372.46
-15338.97 -14372.46
-14767.81 -14372.46
-15492.94 -14372.46
-15745.68 -14372.46
-16340.17 -14372.46
-15559.49 -14372.46
-16788.02 -14372.46
-15251.76 -14372.46
-15132.91 -14372.46
-15283.08 -14372.46
-15692.27 -14372.46
-15584.13 -14372.46
-15269.28 -14372.46
-14826.93 -14372.46
-15913.54 -14372.46
-15777.58 -14372.46
-15168.16 -14372.46
-15178.69 -14372.46
-16087.06 -14372.46
-16319.82 -14372.46
-15153.49 -14372.46
-15472.29 -14372.46
-14316.46 -14316.46
-15837.30 -14316.46
-14896.82 -14316.46
-15692.69 -14316.46
-14306.68 -14306.68
-13359.20 -13359.20
-13870.79 -13359.20
-13803.06 -13359.20
-16086.69 -13359.20
-13953.99 -13359.20
-13157.33 -13157.33
-14064.99 -13157.33
-14231.75 -13157.33
-14318.05 -13157.33
-13790.53 -13157.33
-14273.59 -13157.33
-13609.00 -13157.33
-13742.72 -13157.33
-14057.29 -13157.33
-13993.03 -13157.33
-13731.88 -13157.33
-13905.34 -13157.33
-13472.64 -13157.33
-13705.25 -13157.33
-13780.40 -13157.33
-14162.39 -13157.33
-15050.25 -13157.33
-14239.92 -13157.33
-14310.91 -13157.33
-16119.47 -13157.33
-14001.15 -13157.33
-14118.38 -13157.33
-13934.42 -13157.33
-14487.06 -13157.33
-14199.42 -13157.33
-14798.91 -13157.33
-14795.00 -13157.33
-15084.72 -13157.33
-14222.12 -13157.33
-15406.65 -13157.33
-13875.36 -13157.33
-14055.11 -13157.33
-14482.85 -13157.33
-15262.63 -13157.33
-14479.77 -13157.33
-14386.16 -13157.33
-14003.62 -13157.33
-15167.71 -13157.33
-14216.00 -13157.33
-14938.76 -13157.33
-14330.00 -13157.33
-14714.74 -13157.33
-13495.47 -13157.33
-13213.63 -13157.33
-13040.79 -13040.79
-15318.26 -13040.79
-13943.87 -13040.79
-14072.43 -13040.79
-14572.79 -13040.79
-14157.62 -13040.79
-13316.20 -13040.79
-16580.17 -13040.79
-13670.67 -13040.79
-14101.19 -13040.79
-15100.92 -13040.79
-14248.20 -13040.79
-15881.07 -13040.79
-14147.08 -13040.79
-13742.74 -13040.79
-14075.06 -13040.79
-14441.40 -13040.79
-16009.58 -13040.79
-14422.45 -13040.79
-14138.16 -13040.79
-13986.89 -13040.79
-15159.41 -13040.79
-14862.50 -13040.79
-14994.24 -13040.79
-13648.47 -13040.79
-13986.83 -13040.79
-16059.76 -13040.79
-14657.98 -13040.79
-16606.36 -13040.79
-14061.81 -13040.79
-13982.27 -13040.79
-14847.83 -13040.79
-15810.68 -13040.79
-13947.04 -13040.79
-14066.51 -13040.79
-13327.16 -13040.79
-14551.55 -13040.79
-13981.90 -13040.79
-15230.73 -13040.79
-12778.09 -12778.09
-14525.07 -12778.09
-13323.33 -12778.09
-13347.26 -12778.09
-13525.83 -12778.09
-14087.95 -12778.09
-14702.19 -12778.09
-15175.68 -12778.09
-14328.68 -12778.09
-14288.93 -12778.09
-13952.29 -12778.09
-14312.75 -12778.09
-14459.88 -12778.09
-13709.75 -12778.09
-13691.66 -12778.09
-13701.55 -12778.09
-14839.87 -12778.09
-14017.13 -12778.09
-13790.82 -12778.09
-13309.39 -12778.09
-15066.32 -12778.09
-14001.12 -12778.09
-13529.60 -12778.09
-14186.09 -12778.09
-15080.33 -12778.09
-14499.06 -12778.09
-14086.25 -12778.09
-14267.94 -12778.09
-15511.28 -12778.09
-13207.28 -12778.09
-14682.80 -12778.09
-13974.83 -12778.09
-13527.87 -12778.09
-14720.91 -12778.09
-14039.92 -12778.09
-14007.11 -12778.09
-14229.62 -12778.09
-14085.53 -12778.09
-14164.73 -12778.09
-14438.65 -12778.09
-14004.90 -12778.09
-13587.53 -12778.09
-12790.48 -12778.09
-15162.74 -12778.09
-13480.84 -12778.09
-14459.25 -12778.09
-15805.72 -12778.09
-14254.21 -12778.09
-13113.57 -12778.09
-17282.41 -12778.09
-17628.36 -12778.09
-17020.55 -12778.09
-17086.60 -12778.09
-17239.13 -12778.09
-17008.08 -12778.09
-17638.21 -12778.09
-17380.18 -12778.09
-17125.53 -12778.09
-17251.14 -12778.09
-17150.54 -12778.09
-17784.84 -12778.09
-17495.72 -12778.09
-16970.17 -12778.09
-17205.08 -12778.09
-17180.48 -12778.09
-17036.55 -12778.09
-17114.08 -12778.09
-17307.05 -12778.09
-16961.70 -12778.09
-16877.28 -12778.09
-17556.11 -12778.09
-17312.68 -12778.09
-17656.58 -12778.09
-17408.84 -12778.09
-16780.51 -12778.09
-17197.89 -12778.09
-16869.71 -12778.09
-16971.79 -12778.09
-16785.96 -12778.09
-17425.84 -12778.09
-17137.45 -12778.09
-16897.81 -12778.09
-16994.81 -12778.09
-17008.80 -12778.09
-16795.80 -12778.09
-16969.40 -12778.09
-17109.72 -12778.09
-17632.21 -12778.09
-16926.32 -12778.09
-16875.45 -12778.09
-17011.29 -12778.09
-17863.19 -12778.09
-16665.57 -12778.09
-17441.29 -12778.09
-17154.66 -12778.09
-17200.55 -12778.09
-17815.35 -12778.09
-17094.75 -12778.09
-17511.11 -12778.09
-16969.21 -12778.09
-17049.70 -12778.09
-17265.84 -12778.09
-17564.14 -12778.09
-17176.16 -12778.09
-17100.46 -12778.09
-17297.09 -12778.09
-17313.79 -12778.09
-17127.16 -12778.09
-16868.73 -12778.09
-17371.13 -12778.09
-17188.96 -12778.09
-16960.88 -12778.09
-17680.06 -12778.09
-17211.99 -12778.09
-17741.65 -12778.09
-16881.59 -12778.09
-16860.31 -12778.09
-17249.15 -12778.09
-16948.61 -12778.09
-17512.58 -12778.09
-17689.92 -12778.09
-17485.38 -12778.09
-16916.82 -12778.09
-17583.10 -12778.09
-16913.40 -12778.09
-16972.02 -12778.09
-17394.76 -12778.09
-16878.59 -12778.09
-16836.46 -12778.09
-17110.03 -12778.09
-16851.15 -12778.09
-17165.76 -12778.09
-16907.73 -12778.09
-16992.39 -12778.09
-17132.18 -12778.09
-17072.88 -12778.09
-17179.08 -12778.09
-17178.84 -12778.09
-17076.52 -12778.09
-17273.97 -12778.09
-16981.54 -12778.09
-17710.27 -12778.09
-17157.64 -12778.09
-17172.65 -12778.09
-16742.09 -12778.09
-17176.56 -12778.09
-16821.46 -12778.09
-16951.79 -12778.09
-16989.30 -12778.09
-17125.71 -12778.09
-16856.13 -12778.09
-16952.31 -12778.09
-17222.45 -12778.09
-17116.83 -12778.09
-17268.33 -12778.09
-17241.07 -12778.09
-16772.20 -12778.09
-16818.75 -12778.09
-17114.08 -12778.09
-17027.93 -12778.09
-17250.20 -12778.09
-17387.76 -12778.09
-16627.00 -12778.09
-16861.00 -12778.09
-17083.46 -12778.09
-17330.67 -12778.09
-17164.53 -12778.09
-17410.71 -12778.09
-16797.79 -12778.09
-17213.07 -12778.09
-17423.81 -12778.09
-16919.67 -12778.09
-16994.83 -12778.09
-17462.89 -12778.09
-17814.50 -12778.09
-17057.03 -12778.09
-16614.31 -12778.09
-17719.50 -12778.09
-17755.29 -12778.09
-16875.82 -12778.09
-17053.45 -12778.09
-16823.49 -12778.09
-17324.08 -12778.09
-16582.50 -12778.09
-17329.74 -12778.09
-17687.06 -12778.09
-16937.82 -12778.09
-17072.74 -12778.09
-17326.75 -12778.09
-17727.57 -12778.09
-17550.07 -12778.09
-16937.44 -12778.09
-17222.49 -12778.09
-17193.76 -12778.09
-17102.57 -12778.09
-16793.31 -12778.09
-17505.29 -12778.09
-17038.03 -12778.09
-16924.80 -12778.09
-17044.88 -12778.09
-17472.13 -12778.09
-16858.52 -12778.09
-16901.40 -12778.09
-16930.86 -12778.09
-16982.91 -12778.09
-17022.64 -12778.09
-17127.65 -12778.09
-17743.47 -12778.09
-17082.86 -12778.09
-16906.17 -12778.09
-17107.66 -12778.09
-17484.01 -12778.09
-17120.04 -12778.09
-17436.13 -12778.09
-17202.55 -12778.09
-16985.16 -12778.09
-17044.20 -12778.09
-17521.94 -12778.09
-17332.41 -12778.09
-17008.85 -12778.09
-17374.01 -12778.09
-17078.33 -12778.09
-17079.17 -12778.09
-17216.65 -12778.09
-17524.96 -12778.09
-16980.04 -12778.09
-17186.79 -12778.09
-17154.43 -12778.09
-17227.96 -12778.09
-17041.11 -12778.09
-17337.12 -12778.09
-17008.62 -12778.09
-17102.54 -12778.09
-17369.45 -12778.09
-16995.56 -12778.09
-16944.13 -12778.09
-17241.91 -12778.09
-16503.69 -12778.09
-17190.87 -12778.09
-17743.91 -12778.09
-17199.58 -12778.09
-17533.45 -12778.09
-17081.99 -12778.09
-17237.48 -12778.09
-17869.96 -12778.09
-17458.76 -12778.09
-16992.43 -12778.09
-17472.27 -12778.09
-16786.64 -12778.09
-17086.90 -12778.09
-16853.85 -12778.09
-17514.01 -12778.09
-17699.06 -12778.09
-16792.65 -12778.09
-16974.03 -12778.09
-17142.47 -12778.09
-17459.11 -12778.09
-17490.58 -12778.09
-17018.95 -12778.09
-17093.00 -12778.09
-17487.30 -12778.09
-16855.64 -12778.09
-17031.57 -12778.09
-17121.48 -12778.09
-17258.83 -12778.09
-17254.05 -12778.09
-17384.65 -12778.09
-17181.23 -12778.09
-17247.06 -12778.09
-17079.87 -12778.09
-16891.25 -12778.09
-16859.07 -12778.09
-17258.24 -12778.09
-16939.36 -12778.09
-17594.46 -12778.09
-17863.29 -12778.09
-16715.03 -12778.09
-17049.92 -12778.09
-16626.72 -12778.09
-17100.62 -12778.09
-17100.23 -12778.09
-17179.17 -12778.09
-17503.05 -12778.09
-17039.18 -12778.09
-16734.43 -12778.09
-17043.38 -12778.09
-17217.36 -12778.09
-17326.06 -12778.09
-17045.92 -12778.09
-17647.69 -12778.09
-16949.58 -12778.09
-17106.90 -12778.09
-17228.97 -12778.09
-17914.79 -12778.09
-17096.20 -12778.09
-17128.14 -12778.09
-17882.97 -12778.09
-17183.49 -12778.09
-17191.15 -12778.09
-17654.06 -12778.09
-16788.61 -12778.09
-17027.63 -12778.09
-16833.68 -12778.09
-17580.06 -12778.09
-17618.69 -12778.09
-17064.86 -12778.09
-17174.77 -12778.09
-17225.28 -12778.09
-16830.07 -12778.09
-16675.34 -12778.09
-17024.30 -12778.09
-16859.20 -12778.09
-17248.51 -12778.09
-16822.83 -12778.09
-17780.65 -12778.09
-17353.32 -12778.09
-17133.55 -12778.09
-17357.42 -12778.09
-17145.67 -12778.09
-16898.55 -12778.09
-17120.70 -12778.09
-16796.93 -12778.09
-17312.42 -12778.09
-17007.43 -12778.09
-17121.21 -12778.09
-17173.26 -12778.09
-17117.62 -12778.09
-16996.46 -12778.09
-17032.15 -12778.09
-17286.30 -12778.09
-17187.16 -12778.09
-17081.50 -12778.09
-17666.79 -12778.09
-17030.30 -12778.09
-17143.25 -12778.09
-17664.59 -12778.09
-16998.93 -12778.09
-17295.81 -12778.09
-16983.85 -12778.09
-17324.31 -12778.09
-17365.26 -12778.09
-17536.29 -12778.09
-16666.89 -12778.09
-16831.75 -12778.09
-16983.02 -12778.09
-17096.13 -12778.09
-17722.86 -12778.09
-16744.05 -12778.09
-17342.96 -12778.09
-16729.21 -12778.09
-16778.30 -12778.09
-16950.83 -12778.09
-17410.66 -12778.09
-16876.31 -12778.09
-17267.61 -12778.09
-17042.57 -12778.09
-17289.24 -12778.09
-17322.43 -12778.09
-17050.17 -12778.09
-16934.46 -12778.09
-16653.72 -12778.09
-17024.60 -12778.09
-17393.29 -12778.09
-17069.50 -12778.09
-17027.72 -12778.09
-17024.86 -12778.09
-16884.86 -12778.09
-17437.59 -12778.09
-17035.02 -12778.09
-17371.06 -12778.09
-17508.49 -12778.09
-17104.95 -12778.09
-16981.93 -12778.09
-17072.62 -12778.09
-17147.92 -12778.09
-17601.54 -12778.09
-17541.32 -12778.09
-16935.30 -12778.09
-17012.98 -12778.09
-16754.44 -12778.09
-17003.50 -12778.09
-17557.00 -12778.09
-17261.80 -12778.09
-16997.78 -12778.09
-16709.44 -12778.09
-17110.88 -12778.09
-17626.24 -12778.09
-16827.73 -12778.09
-16880.98 -12778.09
-17155.61 -12778.09
-16969.77 -12778.09
-17276.62 -12778.09
-16880.53 -12778.09
-17113.88 -12778.09
-17402.46 -12778.09
-17103.38 -12778.09
-17226.25 -12778.09
-17017.81 -12778.09
-17243.78 -12778.09
-16842.51 -12778.09
-17040.03 -12778.09
-16718.47 -12778.09
-17495.18 -12778.09
-17008.80 -12778.09
-16585.97 -12778.09
-16947.83 -12778.09
-17303.40 -12778.09
-16935.14 -12778.09
-16968.88 -12778.09
-17159.98 -12778.09
-17442.67 -12778.09
-16907.87 -12778.09
-17580.93 -12778.09
-17121.19 -12778.09
-17180.19 -12778.09
-16966.20 -12778.09
-16824.58 -12778.09
-17416.25 -12778.09
-17268.03 -12778.09
-16824.58 -12778.09
-16901.40 -12778.09
-17426.38 -12778.09
-16836.61 -12778.09
-17351.86 -12778.09
-17042.52 -12778.09
-17130.81 -12778.09
-17328.52 -12778.09
-17642.36 -12778.09
-16703.11 -12778.09
-16595.40 -12778.09
-17315.44 -12778.09
-17101.23 -12778.09
-17701.18 -12778.09
-16935.46 -12778.09
-17030.73 -12778.09
-17753.64 -12778.09
-17431.02 -12778.09
-17005.68 -12778.09
-17326.11 -12778.09
-17083.79 -12778.09
-17916.07 -12778.09
-16974.92 -12778.09
-17750.79 -12778.09
-16943.06 -12778.09
-17439.20 -12778.09
-17456.81 -12778.09
-17020.64 -12778.09
-17259.21 -12778.09
-17513.79 -12778.09
-17109.07 -12778.09
-16995.85 -12778.09
-17213.80 -12778.09
-17001.16 -12778.09
-17218.79 -12778.09
-17055.00 -12778.09
-17184.05 -12778.09
-17320.52 -12778.09
-17309.77 -12778.09
-17668.09 -12778.09
-16819.54 -12778.09
-17113.87 -12778.09
-18008.31 -12778.09
-17152.28 -12778.09
-17186.16 -12778.09
-17278.39 -12778.09
-17053.47 -12778.09
-17302.56 -12778.09
-17098.29 -12778.09
-17089.17 -12778.09
-17249.81 -12778.09
-17616.99 -12778.09
-16924.06 -12778.09
-17688.83 -12778.09
-17402.51 -12778.09
-17244.81 -12778.09
-17170.20 -12778.09
-17299.59 -12778.09
-17176.56 -12778.09
-17153.77 -12778.09
-17281.84 -12778.09
-16680.81 -12778.09
-16792.56 -12778.09
-17183.90 -12778.09
-16948.26 -12778.09
-17380.56 -12778.09
-16829.55 -12778.09
-17428.69 -12778.09
-17474.77 -12778.09
-17050.75 -12778.09
-16842.81 -12778.09
-17171.89 -12778.09
-17196.18 -12778.09
-16758.14 -12778.09
-16883.68 -12778.09
-17135.34 -12778.09
-17187.16 -12778.09
-17240.92 -12778.09
-17357.31 -12778.09
-17689.65 -12778.09
-17197.70 -12778.09
-17544.11 -12778.09
-17419.09 -12778.09
-16979.76 -12778.09
-17316.32 -12778.09
-17289.24 -12778.09
-17572.13 -12778.09
-16952.19 -12778.09
-17225.42 -12778.09
-17515.51 -12778.09
-17080.98 -12778.09
-17710.39 -12778.09
-17218.03 -12778.09
-17873.50 -12778.09
-17784.72 -12778.09
-17135.50 -12778.09
-17358.53 -12778.09
-17242.38 -12778.09
-16698.76 -12778.09
-16615.21 -12778.09
-17073.24 -12778.09
-17260.15 -12778.09
-16920.32 -12778.09
-17296.16 -12778.09
-17013.77 -12778.09
-17006.84 -12778.09
-16712.44 -12778.09
-17081.97 -12778.09
-17284.75 -12778.09
-17972.32 -12778.09
-17047.19 -12778.09
-17011.23 -12778.09
-17080.90 -12778.09
-16883.28 -12778.09
-16919.44 -12778.09
-17107.64 -12778.09
-16965.77 -12778.09
-17598.41 -12778.09
-17179.40 -12778.09
-17345.77 -12778.09
-17360.18 -12778.09
-17426.34 -12778.09
-16816.84 -12778.09
-16984.32 -12778.09
-17599.63 -12778.09
-17186.78 -12778.09
-17306.25 -12778.09
-17568.11 -12778.09
-17193.35 -12778.09
-17480.02 -12778.09
-17056.49 -12778.09
-16686.74 -12778.09
-16906.96 -12778.09
-17148.47 -12778.09
-17033.68 -12778.09
-17508.63 -12778.09
-17109.31 -12778.09
-16912.20 -12778.09
-17279.40 -12778.09
-16996.26 -12778.09
-17088.72 -12778.09
-17109.94 -12778.09
-17238.35 -12778.09
-17420.76 -12778.09
-17077.23 -12778.09
-17307.46 -12778.09
-17077.51 -12778.09
-16862.53 -12778.09
-17000.58 -12778.09
-16794.42 -12778.09
-17105.21 -12778.09
-16981.15 -12778.09
-16761.05 -12778.09
-17243.82 -12778.09
-17051.42 -12778.09
-16886.27 -12778.09
-16935.76 -12778.09
-17121.21 -12778.09
-16880.53 -12778.09
-17133.45 -12778.09
-17298.23 -12778.09
-17094.52 -12778.09
-17848.23 -12778.09
-17279.43 -12778.09
-16797.21 -12778.09
-17330.91 -12778.09
-17193.31 -12778.09
-16948.88 -12778.09
-17252.96 -12778.09
-17198.60 -12778.09
-17394.91 -12778.09
-17119.60 -12778.09
-17482.40 -12778.09
-17117.71 -12778.09
-17480.86 -12778.09
-17205.34 -12778.09
-17033.67 -12778.09
-17019.37 -12778.09
-17434.33 -12778.09
-17371.71 -12778.09
-16883.36 -12778.09
-17315.68 -12778.09
-16796.00 -12778.09
-17495.93 -12778.09
-17062.09 -12778.09
-17125.02 -12778.09
-17347.55 -12778.09
-17564.68 -12778.09
-17402.46 -12778.09
-16726.48 -12778.09
-17100.61 -12778.09
-16980.02 -12778.09
-17107.94 -12778.09
-16848.22 -12778.09
-16890.78 -12778.09
-16906.90 -12778.09
-17197.37 -12778.09
-17167.90 -12778.09
-17315.60 -12778.09
-17270.74 -12778.09
-16981.92 -12778.09
-17301.33 -12778.09
-17117.53 -12778.09
-17134.01 -12778.09
-17346.28 -12778.09
-17155.28 -12778.09
-17386.12 -12778.09
-16892.33 -12778.09
-17303.92 -12778.09
-17020.20 -12778.09
-16663.59 -12778.09
-16743.90 -12778.09
-17340.31 -12778.09
-17207.59 -12778.09
-17067.30 -12778.09
-17480.19 -12778.09
-17717.20 -12778.09
-17248.66 -12778.09
-17240.61 -12778.09
-17528.19 -12778.09
-17324.61 -12778.09
-17250.25 -12778.09
-16915.33 -12778.09
-16886.62 -12778.09
-17353.79 -12778.09
-17535.61 -12778.09
-17588.67 -12778.09
-17797.74 -12778.09
-16830.27 -12778.09
-17735.55 -12778.09
-16835.36 -12778.09
-16822.36 -12778.09
-17059.76 -12778.09
-17497.88 -12778.09
-17590.91 -12778.09
-17225.15 -12778.09
-16749.44 -12778.09
-17205.08 -12778.09
-17256.80 -12778.09
-17276.98 -12778.09
-17199.77 -12778.09
-17264.43 -12778.09
-16998.83 -12778.09
-16782.71 -12778.09
-16831.45 -12778.09
-17428.24 -12778.09
-16772.29 -12778.09
-16905.05 -12778.09
-16967.45 -12778.09
-17074.92 -12778.09
-17005.18 -12778.09
-17701.38 -12778.09
-17634.19 -12778.09
-16818.32 -12778.09
-16824.77 -12778.09
-17459.56 -12778.09
-17437.71 -12778.09
-16915.75 -12778.09
-17226.60 -12778.09
-17242.65 -12778.09
-16981.94 -12778.09
-17560.47 -12778.09
-17136.46 -12778.09
-16623.28 -12778.09
-17742.51 -12778.09
-17328.62 -12778.09
-16945.83 -12778.09
-17460.75 -12778.09
-16840.65 -12778.09
-16856.15 -12778.09
-17341.15 -12778.09
-17234.45 -12778.09
-17222.01 -12778.09
-17571.22 -12778.09
-17116.91 -12778.09
-16848.15 -12778.09
-17124.55 -12778.09
-17094.27 -12778.09
-17104.86 -12778.09
-16783.62 -12778.09
-16650.93 -12778.09
-16949.43 -12778.09
-17019.96 -12778.09
-16913.60 -12778.09
-17638.98 -12778.09
-17060.51 -12778.09
-16864.30 -12778.09
-16997.23 -12778.09
-16698.76 -12778.09
-17659.98 -12778.09
-16907.98 -12778.09
-17243.11 -12778.09
-17074.54 -12778.09
-17368.66 -12778.09
-17603.29 -12778.09
-16818.75 -12778.09
-16491.23 -12778.09
-16999.18 -12778.09
-17714.17 -12778.09
-16832.79 -12778.09
-17622.01 -12778.09
-17642.05 -12778.09
-16930.33 -12778.09
-16985.56 -12778.09
-16796.05 -12778.09
-17163.19 -12778.09
-17435.69 -12778.09
-17355.11 -12778.09
-17479.43 -12778.09
-17191.93 -12778.09
-17419.83 -12778.09
-17173.87 -12778.09
-16984.52 -12778.09
-16850.20 -12778.09
-16995.53 -12778.09
-16865.49 -12778.09
-17196.60 -12778.09
-17137.35 -12778.09
-16858.19 -12778.09
-17127.10 -12778.09
-17540.39 -12778.09
-16758.90 -12778.09
-17648.39 -12778.09
-17317.54 -12778.09
-17546.77 -12778.09
-17232.89 -12778.09
-17335.25 -12778.09
-16898.11 -12778.09
-17744.59 -12778.09
-17055.41 -12778.09
-17474.00 -12778.09
-16935.22 -12778.09
-17243.10 -12778.09
-17052.78 -12778.09
-17216.59 -12778.09
-16890.31 -12778.09
-17338.03 -12778.09
-17442.01 -12778.09
-16881.12 -12778.09
-17371.62 -12778.09
-16990.66 -12778.09
-16847.63 -12778.09
-16886.86 -12778.09
-17464.45 -12778.09
-17105.02 -12778.09
-17064.59 -12778.09
-17330.16 -12778.09
-16923.62 -12778.09
-16855.31 -12778.09
-17078.33 -12778.09
-17481.74 -12778.09
-17045.21 -12778.09
-17042.61 -12778.09
-16973.32 -12778.09
-16939.99 -12778.09
-17213.51 -12778.09
-16913.06 -12778.09
-17394.92 -12778.09
-17207.21 -12778.09
-17653.39 -12778.09
-17171.15 -12778.09
-17336.32 -12778.09
-17069.62 -12778.09
-17560.35 -12778.09
-17021.09 -12778.09
-17296.74 -12778.09
-17011.48 -12778.09
-17024.81 -12778.09
-17529.82 -12778.09
-16866.18 -12778.09
-16851.93 -12778.09
-17019.23 -12778.09
-17081.06 -12778.09
-17324.25 -12778.09
-16755.71 -12778.09
-16918.02 -12778.09
-17558.05 -12778.09
-16749.75 -12778.09
-17633.16 -12778.09
-16759.56 -12778.09
-17267.14 -12778.09
-17285.22 -12778.09
-17153.77 -12778.09
-17055.80 -12778.09
-17309.79 -12778.09
-17873.91 -12778.09
-17767.65 -12778.09
-17134.41 -12778.09
-17489.45 -12778.09
-16873.85 -12778.09
-17640.02 -12778.09
-17795.41 -12778.09
-16672.10 -12778.09
-17051.97 -12778.09
-16780.37 -12778.09
-17173.76 -12778.09
-17454.10 -12778.09
-17055.03 -12778.09
-17359.70 -12778.09
-17202.12 -12778.09
-17025.94 -12778.09
-17616.04 -12778.09
-17387.65 -12778.09
-16810.09 -12778.09
-17208.79 -12778.09
-17242.73 -12778.09
-17032.26 -12778.09
-17049.32 -12778.09
-16705.76 -12778.09
-17276.10 -12778.09
-17020.24 -12778.09
-17282.67 -12778.09
-17588.67 -12778.09
-17402.77 -12778.09
-16779.53 -12778.09
-16819.41 -12778.09
-16659.80 -12778.09
-17235.78 -12778.09
-17124.59 -12778.09
-16956.44 -12778.09
-17908.76 -12778.09
-17286.44 -12778.09
-17004.31 -12778.09
-16988.36 -12778.09
-16986.53 -12778.09
-17075.06 -12778.09
-16713.65 -12778.09
-17219.90 -12778.09
-17022.14 -12778.09
-17114.56 -12778.09
-17066.06 -12778.09
-17472.27 -12778.09
-16810.55 -12778.09
-17227.62 -12778.09
-17323.98 -12778.09
-17441.15 -12778.09
-16950.48 -12778.09
-16718.59 -12778.09
-17548.67 -12778.09
-17115.61 -12778.09
-17021.16 -12778.09
-17345.74 -12778.09
-16758.05 -12778.09
-17617.99 -12778.09
-17128.24 -12778.09
-17580.57 -12778.09
-16882.61 -12778.09
-16874.68 -12778.09
-17180.52 -12778.09
-17130.52 -12778.09
-17310.13 -12778.09
-16990.96 -12778.09
-16937.52 -12778.09
-16892.01 -12778.09
-17220.50 -12778.09
-16933.50 -12778.09
-17040.27 -12778.09
-17302.18 -12778.09
-17278.77 -12778.09
-17136.73 -12778.09
-16829.58 -12778.09
-17070.65 -12778.09
-17783.93 -12778.09
-17556.81 -12778.09
-17462.25 -12778.09
-16684.43 -12778.09
