-10000.00 -10000.00
-1545.46 -1545.46
-1530.87 -1530.87
-1526.37 -1526.37
-1594.16 -1526.37
-1530.81 -1526.37
-1545.32 -1526.37
-1540.59 -1526.37
-1598.46 -1526.37
-1572.45 -1526.37
-1593.12 -1526.37
-1533.92 -1526.37
-1512.14 -1512.14
-1574.59 -1512.14
-1543.22 -1512.14
-1547.19 -1512.14
-1600.04 -1512.14
-1560.15 -1512.14
-1555.67 -1512.14
-1552.83 -1512.14
-1532.20 -1512.14
-1561.93 -1512.14
-1601.58 -1512.14
-1524.45 -1512.14
-1569.33 -1512.14
-1548.29 -1512.14
-1502.57 -1502.57
-1603.58 -1502.57
-1533.91 -1502.57
-1594.92 -1502.57
-1553.55 -1502.57
-1569.33 -1502.57
-1557.16 -1502.57
-1547.02 -1502.57
-1528.91 -1502.57
-1565.48 -1502.57
-1520.91 -1502.57
-1558.36 -1502.57
-1577.26 -1502.57
-1547.05 -1502.57
-1575.09 -1502.57
-1599.75 -1502.57
-1554.28 -1502.57
-1565.39 -1502.57
-1553.57 -1502.57
-1558.72 -1502.57
-1556.50 -1502.57
-1527.58 -1502.57
-1547.14 -1502.57
-1549.92 -1502.57
-1584.68 -1502.57
-1539.92 -1502.57
-1566.44 -1502.57
-1522.21 -1502.57
-1542.17 -1502.57
-1506.68 -1502.57
-1510.32 -1502.57
-1536.55 -1502.57
-1526.78 -1502.57
-1519.39 -1502.57
-1578.00 -1502.57
-1624.44 -1502.57
-1534.46 -1502.57
-1522.01 -1502.57
-1548.27 -1502.57
-1532.93 -1502.57
-1540.84 -1502.57
-1559.85 -1502.57
-1527.44 -1502.57
-1547.72 -1502.57
-1532.64 -1502.57
-1557.20 -1502.57
-1570.79 -1502.57
-1558.02 -1502.57
-1573.50 -1502.57
-1573.44 -1502.57
-1564.94 -1502.57
-1544.27 -1502.57
-1546.87 -1502.57
-1532.23 -1502.57
-1490.34 -1490.34
-1601.60 -1490.34
-1480.06 -1480.06
-1517.24 -1480.06
-1486.87 -1480.06
-1501.20 -1480.06
-1499.78 -1480.06
-1463.89 -1463.89
-1523.23 -1463.89
-1532.87 -1463.89
-1544.73 -1463.89
-1548.10 -1463.89
-1526.32 -1463.89
-1533.29 -1463.89
-1538.06 -1463.89
-1518.58 -1463.89
-1493.46 -1463.89
-1543.67 -1463.89
-1502.45 -1463.89
-1507.17 -1463.89
-1556.67 -1463.89
-1549.30 -1463.89
-1526.91 -1463.89
-1531.73 -1463.89
-1512.08 -1463.89
-1544.63 -1463.89
-1457.91 -1457.91
-1497.60 -1457.91
-1445.16 -1445.16
-1457.12 -1445.16
-1470.44 -1445.16
-1449.03 -1445.16
-1436.93 -1436.93
-1503.24 -1436.93
-1462.57 -1436.93
-1535.95 -1436.93
-1498.18 -1436.93
-1484.02 -1436.93
-1522.91 -1436.93
-1466.91 -1436.93
-1429.45 -1429.45
-1538.30 -1429.45
-1468.96 -1429.45
-1444.44 -1429.45
-1566.32 -1429.45
-1437.88 -1429.45
-1524.33 -1429.45
-1482.14 -1429.45
-1454.61 -1429.45
-1413.97 -1413.97
-1442.14 -1413.97
-1467.18 -1413.97
-1423.10 -1413.97
-1559.43 -1413.97
-1445.78 -1413.97
-1488.74 -1413.97
-1524.62 -1413.97
-1452.42 -1413.97
-1540.90 -1413.97
-1418.10 -1413.97
-1467.91 -1413.97
-1446.75 -1413.97
-1451.73 -1413.97
-1502.47 -1413.97
-1496.75 -1413.97
-1470.78 -1413.97
-1459.97 -1413.97
-1526.53 -1413.97
-1497.55 -1413.97
-1444.83 -1413.97
-1460.75 -1413.97
-1514.10 -1413.97
-1448.03 -1413.97
-1426.20 -1413.97
-1440.97 -1413.97
-1530.44 -1413.97
-1473.01 -1413.97
-1449.23 -1413.97
-1472.20 -1413.97
-1419.39 -1413.97
-1530.28 -1413.97
-1475.40 -1413.97
-1454.94 -1413.97
-1438.58 -1413.97
-1479.75 -1413.97
-1496.04 -1413.97
-1427.42 -1413.97
-1463.51 -1413.97
-1419.05 -1413.97
-1494.59 -1413.97
-1477.06 -1413.97
-1508.37 -1413.97
-1480.28 -1413.97
-1508.01 -1413.97
-1423.89 -1413.97
-1485.52 -1413.97
-1473.48 -1413.97
-1512.16 -1413.97
-1482.49 -1413.97
-1473.34 -1413.97
-1480.07 -1413.97
-1426.84 -1413.97
-1437.76 -1413.97
-1404.86 -1404.86
-1429.78 -1404.86
-1472.20 -1404.86
-1459.37 -1404.86
-1423.42 -1404.86
-1405.65 -1404.86
-1478.52 -1404.86
-1350.89 -1350.89
-1460.56 -1350.89
-1386.68 -1350.89
-1385.18 -1350.89
-1444.96 -1350.89
-1372.45 -1350.89
-1443.96 -1350.89
-1489.63 -1350.89
-1470.50 -1350.89
-1366.15 -1350.89
-1425.86 -1350.89
-1342.83 -1342.83
-1437.83 -1342.83
-1446.76 -1342.83
-1368.87 -1342.83
-1408.95 -1342.83
-1426.86 -1342.83
-1331.49 -1331.49
-1406.88 -1331.49
-1399.60 -1331.49
-1436.67 -1331.49
-1429.53 -1331.49
-1471.96 -1331.49
-1400.63 -1331.49
-1422.54 -1331.49
-1329.75 -1329.75
-1391.92 -1329.75
-1317.13 -1317.13
-1368.38 -1317.13
-1402.84 -1317.13
-1445.82 -1317.13
-1337.78 -1317.13
-1398.02 -1317.13
-1308.60 -1308.60
-1382.45 -1308.60
-1401.84 -1308.60
-1228.80 -1228.80
-1288.81 -1228.80
-1438.81 -1228.80
-1241.17 -1228.80
-1306.03 -1228.80
-1248.15 -1228.80
-1201.21 -1201.21
-1366.81 -1201.21
-1392.28 -1201.21
-1200.26 -1200.26
-1290.26 -1200.26
-1273.83 -1200.26
-1383.50 -1200.26
-1242.32 -1200.26
-1257.10 -1200.26
-1269.17 -1200.26
-1223.80 -1200.26
-1281.17 -1200.26
-1245.07 -1200.26
-1294.47 -1200.26
-1187.05 -1187.05
-1233.24 -1187.05
-1262.60 -1187.05
-1324.83 -1187.05
-1486.49 -1187.05
-1222.95 -1187.05
-1278.75 -1187.05
-1166.56 -1166.56
-1326.52 -1166.56
-1381.09 -1166.56
-1316.07 -1166.56
-1359.40 -1166.56
-1295.49 -1166.56
-1296.82 -1166.56
-1305.08 -1166.56
-1342.91 -1166.56
-1308.00 -1166.56
-1157.42 -1157.42
-1338.09 -1157.42
-1253.41 -1157.42
-1472.22 -1157.42
-1347.64 -1157.42
-1281.87 -1157.42
-1323.08 -1157.42
-1290.20 -1157.42
-1312.77 -1157.42
-1324.78 -1157.42
-1422.12 -1157.42
-1281.18 -1157.42
-1239.47 -1157.42
-1260.27 -1157.42
-1310.00 -1157.42
-1307.09 -1157.42
-1240.71 -1157.42
-1285.85 -1157.42
-1258.44 -1157.42
-1312.26 -1157.42
-1257.77 -1157.42
-1290.95 -1157.42
-1304.99 -1157.42
-1159.42 -1157.42
-1278.69 -1157.42
-1318.79 -1157.42
-1331.02 -1157.42
-1180.73 -1157.42
-1229.25 -1157.42
-1307.11 -1157.42
-1332.04 -1157.42
-1418.22 -1157.42
-1308.49 -1157.42
-1322.35 -1157.42
-1265.54 -1157.42
-1201.10 -1157.42
-1347.53 -1157.42
-1264.20 -1157.42
-1302.01 -1157.42
-1256.70 -1157.42
-1210.75 -1157.42
-1370.76 -1157.42
-1276.27 -1157.42
-1303.00 -1157.42
-1246.82 -1157.42
-1359.61 -1157.42
-1243.63 -1157.42
-1242.92 -1157.42
-1244.60 -1157.42
-1246.31 -1157.42
-1276.33 -1157.42
-1320.68 -1157.42
-1338.81 -1157.42
-1283.01 -1157.42
-1348.26 -1157.42
-1267.74 -1157.42
-1324.46 -1157.42
-1328.18 -1157.42
-1295.18 -1157.42
-1314.26 -1157.42
-1331.55 -1157.42
-1228.92 -1157.42
-1315.23 -1157.42
-1259.01 -1157.42
-1315.48 -1157.42
-1390.56 -1157.42
-1304.99 -1157.42
-1236.84 -1157.42
-1270.90 -1157.42
-1260.26 -1157.42
-1297.02 -1157.42
-1320.78 -1157.42
-1312.16 -1157.42
-1318.32 -1157.42
-1273.58 -1157.42
-1211.38 -1157.42
-1324.40 -1157.42
-1303.25 -1157.42
-1248.62 -1157.42
-1201.05 -1157.42
-1337.77 -1157.42
-1302.22 -1157.42
-1352.34 -1157.42
-1270.73 -1157.42
-1329.72 -1157.42
-1189.83 -1157.42
-1359.14 -1157.42
-1301.29 -1157.42
-1301.65 -1157.42
-1419.81 -1157.42
-1296.34 -1157.42
-1254.37 -1157.42
-1298.62 -1157.42
-1294.38 -1157.42
-1240.30 -1157.42
-1298.10 -1157.42
-1282.02 -1157.42
-1305.62 -1157.42
-1242.59 -1157.42
-1373.72 -1157.42
-1286.13 -1157.42
-1321.61 -1157.42
-1295.30 -1157.42
-1309.38 -1157.42
-1293.22 -1157.42
-1300.50 -1157.42
-1246.29 -1157.42
-1267.48 -1157.42
-1333.62 -1157.42
-1371.90 -1157.42
-1325.57 -1157.42
-1297.43 -1157.42
-1161.06 -1157.42
-1295.85 -1157.42
-1225.15 -1157.42
-1383.45 -1157.42
-1386.59 -1157.42
-1267.74 -1157.42
-1342.11 -1157.42
-1409.59 -1157.42
-1363.37 -1157.42
-1275.32 -1157.42
-1311.03 -1157.42
-1224.68 -1157.42
-1337.63 -1157.42
-1373.57 -1157.42
-1272.41 -1157.42
-1290.98 -1157.42
-1236.72 -1157.42
-1302.13 -1157.42
-1379.62 -1157.42
-1222.23 -1157.42
-1134.91 -1134.91
-1302.53 -1134.91
-1363.84 -1134.91
-1263.52 -1134.91
-1270.28 -1134.91
-1302.61 -1134.91
-1200.78 -1134.91
-1203.65 -1134.91
-1234.05 -1134.91
-1291.48 -1134.91
-1182.80 -1134.91
-1221.54 -1134.91
-1400.13 -1134.91
-1239.25 -1134.91
-1289.01 -1134.91
-1317.75 -1134.91
-1344.48 -1134.91
-1372.20 -1134.91
-1270.83 -1134.91
-1205.27 -1134.91
-1240.59 -1134.91
-1213.54 -1134.91
-1461.98 -1134.91
-1525.00 -1525.00
-1514.92 -1514.92
-1532.99 -1514.92
-1538.01 -1514.92
-1509.45 -1509.45
-1600.34 -1509.45
-1517.24 -1509.45
-1538.67 -1509.45
-1524.33 -1509.45
-1532.30 -1509.45
-1545.55 -1509.45
-1529.98 -1509.45
-1525.12 -1509.45
-1520.39 -1509.45
-1534.21 -1509.45
-1541.63 -1509.45
-1555.26 -1509.45
-1599.06 -1509.45
-1529.89 -1509.45
-1532.68 -1509.45
-1486.80 -1486.80
-1532.53 -1486.80
-1492.07 -1486.80
-1523.79 -1486.80
-1506.28 -1486.80
-1517.43 -1486.80
-1528.74 -1486.80
-1564.16 -1486.80
-1543.45 -1486.80
-1562.55 -1486.80
-1552.26 -1486.80
-1500.01 -1486.80
-1566.12 -1486.80
-1516.71 -1486.80
-1565.06 -1486.80
-1531.30 -1486.80
-1593.99 -1486.80
-1559.44 -1486.80
-1559.05 -1486.80
-1482.09 -1482.09
-1546.55 -1482.09
-1547.23 -1482.09
-1517.53 -1482.09
-1501.29 -1482.09
-1552.52 -1482.09
-1530.30 -1482.09
-1505.70 -1482.09
-1555.03 -1482.09
-1512.99 -1482.09
-1484.69 -1484.69
-1496.37 -1484.69
-1465.08 -1465.08
-1503.91 -1465.08
-1480.50 -1465.08
-1504.34 -1465.08
-1557.88 -1465.08
-1460.00 -1460.00
-1497.96 -1460.00
-1519.88 -1460.00
-1508.95 -1460.00
-1517.52 -1460.00
-1527.43 -1460.00
-1501.29 -1460.00
-1520.41 -1460.00
-1509.07 -1460.00
-1474.07 -1460.00
-1541.56 -1460.00
-1496.05 -1460.00
-1478.30 -1460.00
-1491.22 -1460.00
-1488.92 -1460.00
-1485.97 -1460.00
-1539.63 -1460.00
-1489.46 -1460.00
-1519.33 -1460.00
-1510.70 -1460.00
-1532.57 -1460.00
-1460.57 -1460.57
-1526.02 -1460.57
-1526.52 -1460.57
-1436.18 -1436.18
-1498.02 -1436.18
-1501.25 -1436.18
-1521.30 -1436.18
-1519.06 -1436.18
-1487.76 -1436.18
-1543.20 -1436.18
-1492.66 -1436.18
-1463.15 -1436.18
-1440.35 -1436.18
-1502.93 -1436.18
-1516.02 -1436.18
-1489.25 -1436.18
-1495.91 -1436.18
-1499.44 -1436.18
-1445.72 -1436.18
-1479.22 -1436.18
-1567.08 -1436.18
-1446.02 -1436.18
-1540.70 -1436.18
-1420.10 -1420.10
-1471.22 -1420.10
-1469.72 -1420.10
-1391.65 -1391.65
-1521.74 -1391.65
-1484.17 -1391.65
-1490.10 -1391.65
-1475.28 -1391.65
-1408.07 -1391.65
-1498.76 -1391.65
-1473.85 -1391.65
-1520.97 -1391.65
-1444.23 -1391.65
-1517.56 -1391.65
-1438.07 -1391.65
-1478.45 -1391.65
-1493.93 -1391.65
-1459.18 -1391.65
-1516.53 -1391.65
-1424.26 -1391.65
-1487.55 -1391.65
-1452.30 -1391.65
-1453.05 -1391.65
-1504.98 -1391.65
-1393.61 -1391.65
-1480.30 -1391.65
-1478.48 -1391.65
-1516.62 -1391.65
-1508.06 -1391.65
-1448.39 -1391.65
-1472.07 -1391.65
-1457.10 -1391.65
-1449.56 -1391.65
-1495.99 -1391.65
-1410.91 -1391.65
-1397.13 -1391.65
-1443.19 -1391.65
-1403.91 -1391.65
-1506.31 -1391.65
-1434.00 -1391.65
-1479.09 -1391.65
-1534.74 -1391.65
-1502.35 -1391.65
-1527.74 -1391.65
-1420.32 -1391.65
-1477.86 -1391.65
-1475.53 -1391.65
-1506.88 -1391.65
-1496.00 -1391.65
-1430.07 -1391.65
-1452.33 -1391.65
-1418.64 -1391.65
-1469.03 -1391.65
-1431.06 -1391.65
-1416.50 -1391.65
-1441.83 -1391.65
-1462.03 -1391.65
-1504.32 -1391.65
-1562.44 -1391.65
-1484.46 -1391.65
-1505.66 -1391.65
-1460.19 -1391.65
-1443.09 -1391.65
-1496.74 -1391.65
-1433.42 -1391.65
-1442.97 -1391.65
-1485.23 -1391.65
-1425.45 -1391.65
-1431.83 -1391.65
-1490.02 -1391.65
-1434.72 -1391.65
-1476.60 -1391.65
-1376.15 -1376.15
-1388.35 -1376.15
-1438.01 -1376.15
-1375.60 -1375.60
-1472.74 -1375.60
-1416.40 -1375.60
-1375.51 -1375.51
-1347.24 -1347.24
-1297.80 -1297.80
-1299.80 -1299.80
-1282.74 -1282.74
-1418.92 -1282.74
-1294.58 -1282.74
-1463.00 -1282.74
-1420.96 -1282.74
-1345.90 -1282.74
-1271.28 -1271.28
-1374.12 -1271.28
-1294.45 -1271.28
-1451.07 -1271.28
-1404.81 -1271.28
-1374.61 -1271.28
-1263.83 -1263.83
-1298.82 -1263.83
-1264.53 -1264.53
-1336.17 -1264.53
-1331.44 -1264.53
-1274.58 -1264.53
-1333.33 -1264.53
-1342.70 -1264.53
-1330.47 -1264.53
-1330.65 -1264.53
-1321.77 -1264.53
-1395.44 -1264.53
-1448.44 -1264.53
-1287.18 -1264.53
-1489.96 -1264.53
-1329.54 -1264.53
-1269.78 -1264.53
-1346.13 -1264.53
-1332.95 -1264.53
-1305.27 -1264.53
-1243.09 -1243.09
-1374.63 -1243.09
-1281.72 -1243.09
-1275.09 -1243.09
-1301.29 -1243.09
-1329.43 -1243.09
-1355.87 -1243.09
-1298.24 -1243.09
-1311.95 -1243.09
-1468.00 -1243.09
-1314.85 -1243.09
-1290.76 -1243.09
-1330.77 -1243.09
-1265.74 -1243.09
-1355.06 -1243.09
-1313.14 -1243.09
-1156.13 -1156.13
-1257.44 -1156.13
-1316.32 -1156.13
-1363.66 -1156.13
-1303.62 -1156.13
-1325.21 -1156.13
-1201.57 -1156.13
-1181.43 -1156.13
-1278.94 -1156.13
-1235.24 -1156.13
-1346.72 -1156.13
-1282.16 -1156.13
-1315.68 -1156.13
-964.00 -964.00
-1247.07 -964.00
-1245.67 -964.00
-1241.96 -964.00
-1353.13 -964.00
-1325.87 -964.00
-1315.39 -964.00
-1314.74 -964.00
-1317.10 -964.00
-1304.60 -964.00
-1281.35 -964.00
-1302.45 -964.00
-1248.90 -964.00
-1322.69 -964.00
-1333.96 -964.00
-1322.73 -964.00
-1303.73 -964.00
-1265.14 -964.00
-1205.99 -964.00
-1367.60 -964.00
-1378.05 -964.00
-1328.39 -964.00
-1360.41 -964.00
-1240.00 -964.00
-1344.01 -964.00
-1305.44 -964.00
-1341.24 -964.00
-1308.15 -964.00
-1287.60 -964.00
-1318.89 -964.00
-1334.56 -964.00
-1224.34 -964.00
-1320.58 -964.00
-1294.19 -964.00
-1283.46 -964.00
-1257.54 -964.00
-1216.76 -964.00
-1260.49 -964.00
-1373.00 -964.00
-1264.55 -964.00
-1246.48 -964.00
-1342.33 -964.00
-1285.94 -964.00
-1310.92 -964.00
-1269.93 -964.00
-1321.55 -964.00
-1270.63 -964.00
-1272.21 -964.00
-1267.11 -964.00
-1277.14 -964.00
-1244.48 -964.00
-1257.23 -964.00
-1305.64 -964.00
-1262.41 -964.00
-1317.17 -964.00
-1377.25 -964.00
-1270.33 -964.00
-1359.23 -964.00
-1321.22 -964.00
-1207.40 -964.00
-1262.69 -964.00
-1263.41 -964.00
-1300.16 -964.00
-1287.83 -964.00
-1273.88 -964.00
-1318.11 -964.00
-1326.94 -964.00
-1317.54 -964.00
-1248.81 -964.00
-1272.70 -964.00
-1300.50 -964.00
-1226.72 -964.00
-1342.49 -964.00
-1237.58 -964.00
-1347.38 -964.00
-1357.94 -964.00
-1253.97 -964.00
-1202.05 -964.00
-1244.89 -964.00
-1297.95 -964.00
-1271.02 -964.00
-1439.27 -964.00
-1247.54 -964.00
-1246.39 -964.00
-1305.68 -964.00
-1344.06 -964.00
-1354.81 -964.00
-1321.26 -964.00
-1334.92 -964.00
-1310.86 -964.00
-1378.72 -964.00
-1228.06 -964.00
-1190.44 -964.00
-1303.55 -964.00
-1286.81 -964.00
-1386.97 -964.00
-1255.58 -964.00
-1248.71 -964.00
-1285.68 -964.00
-1194.41 -964.00
-1309.97 -964.00
-1208.67 -964.00
-1411.67 -964.00
-1255.16 -964.00
-1429.87 -964.00
-1303.25 -964.00
-1351.53 -964.00
-1233.44 -964.00
-1326.71 -964.00
-1214.58 -964.00
-1355.32 -964.00
-1379.57 -964.00
-1297.79 -964.00
-1285.55 -964.00
-1311.33 -964.00
-1324.06 -964.00
-1317.05 -964.00
-1296.46 -964.00
-1360.43 -964.00
-1239.02 -964.00
-1373.59 -964.00
-1267.73 -964.00
-1229.97 -964.00
-1345.25 -964.00
-1212.98 -964.00
-1279.81 -964.00
-1247.74 -964.00
-1220.03 -964.00
-1334.60 -964.00
-1205.78 -964.00
-1247.82 -964.00
-1279.52 -964.00
-1312.22 -964.00
-1287.96 -964.00
-1317.72 -964.00
-1273.29 -964.00
-1420.97 -964.00
-1313.13 -964.00
-1351.42 -964.00
-1294.33 -964.00
-1229.46 -964.00
-1273.19 -964.00
-1310.19 -964.00
-1426.24 -964.00
-1365.18 -964.00
-1311.80 -964.00
-1257.70 -964.00
-1392.93 -964.00
-1232.94 -964.00
-1358.44 -964.00
-1237.64 -964.00
-1357.60 -964.00
-1394.38 -964.00
-1220.93 -964.00
-1144.71 -964.00
-1357.92 -964.00
-1455.94 -964.00
-1272.70 -964.00
-1314.23 -964.00
-1289.33 -964.00
-1263.97 -964.00
-1241.41 -964.00
-1284.77 -964.00
-1344.52 -964.00
-1314.27 -964.00
-1282.62 -964.00
-1406.48 -964.00
-1271.31 -964.00
-1238.28 -964.00
-1280.75 -964.00
-1286.65 -964.00
-1252.96 -964.00
-1309.38 -964.00
-1588.23 -964.00
-1579.07 -964.00
-1529.44 -1529.44
-1517.32 -1517.32
-1612.15 -1517.32
-1545.32 -1517.32
-1569.88 -1517.32
-1518.67 -1517.32
-1580.71 -1517.32
-1522.53 -1517.32
-1575.87 -1517.32
-1572.04 -1517.32
-1561.87 -1517.32
-1516.23 -1516.23
-1521.54 -1516.23
-1598.88 -1516.23
-1542.89 -1516.23
-1473.62 -1473.62
-1568.74 -1473.62
-1540.99 -1473.62
-1533.95 -1473.62
-1554.02 -1473.62
-1505.87 -1473.62
-1496.61 -1473.62
-1587.11 -1473.62
-1502.49 -1473.62
-1502.37 -1473.62
-1501.70 -1473.62
-1539.74 -1473.62
-1488.48 -1473.62
-1556.97 -1473.62
-1554.41 -1473.62
-1547.47 -1473.62
-1574.47 -1473.62
-1489.35 -1473.62
-1518.18 -1473.62
-1514.15 -1473.62
-1510.43 -1473.62
-1540.70 -1473.62
-1550.77 -1473.62
-1534.94 -1473.62
-1487.23 -1473.62
-1522.26 -1473.62
-1526.01 -1473.62
-1519.90 -1473.62
-1533.18 -1473.62
-1534.70 -1473.62
-1519.42 -1473.62
-1553.71 -1473.62
-1534.51 -1473.62
-1531.20 -1473.62
-1504.44 -1473.62
-1548.74 -1473.62
-1495.74 -1473.62
-1509.77 -1473.62
-1521.75 -1473.62
-1514.35 -1473.62
-1500.63 -1473.62
-1527.64 -1473.62
-1513.84 -1473.62
-1500.17 -1473.62
-1556.46 -1473.62
-1542.94 -1473.62
-1516.69 -1473.62
-1507.71 -1473.62
-1536.28 -1473.62
-1540.68 -1473.62
-1519.17 -1473.62
-1522.66 -1473.62
-1498.08 -1473.62
-1539.97 -1473.62
-1514.42 -1473.62
-1506.52 -1473.62
-1509.67 -1473.62
-1543.63 -1473.62
-1532.28 -1473.62
-1538.05 -1473.62
-1561.89 -1473.62
-1513.38 -1473.62
-1519.71 -1473.62
-1581.59 -1473.62
-1498.01 -1473.62
-1450.24 -1450.24
-1502.79 -1450.24
-1467.98 -1450.24
-1448.87 -1448.87
-1430.35 -1430.35
-1441.41 -1430.35
-1361.72 -1361.72
-1263.46 -1263.46
-1355.38 -1263.46
-1408.44 -1263.46
-1409.98 -1263.46
-1467.70 -1263.46
-1404.68 -1263.46
-1403.62 -1263.46
-1363.29 -1263.46
-1336.56 -1263.46
-1438.15 -1263.46
-1343.70 -1263.46
-1412.70 -1263.46
-1355.97 -1263.46
-1416.56 -1263.46
-1363.55 -1263.46
-1418.35 -1263.46
-1448.69 -1263.46
-1368.97 -1263.46
-1412.05 -1263.46
-1422.08 -1263.46
-1369.50 -1263.46
-1388.65 -1263.46
-1303.47 -1263.46
-1396.98 -1263.46
-1415.79 -1263.46
-1449.97 -1263.46
-1337.09 -1263.46
-1374.04 -1263.46
-1355.43 -1263.46
-1403.94 -1263.46
-1352.98 -1263.46
-1360.33 -1263.46
-1403.90 -1263.46
-1348.54 -1263.46
-1500.35 -1263.46
-1374.34 -1263.46
-1374.50 -1263.46
-1433.26 -1263.46
-1326.06 -1263.46
-1363.89 -1263.46
-1336.15 -1263.46
-1379.61 -1263.46
-1388.19 -1263.46
-1433.84 -1263.46
-1372.48 -1263.46
-1438.14 -1263.46
-1391.41 -1263.46
-1342.70 -1263.46
-1447.99 -1263.46
-1374.28 -1263.46
-1311.98 -1263.46
-1470.87 -1263.46
-1360.91 -1263.46
-1332.32 -1263.46
-1380.13 -1263.46
-1355.97 -1263.46
-1435.06 -1263.46
-1335.13 -1263.46
-1507.20 -1263.46
-1455.85 -1263.46
-1397.39 -1263.46
-1377.21 -1263.46
-1330.88 -1263.46
-1370.27 -1263.46
-1387.73 -1263.46
-1404.64 -1263.46
-1416.49 -1263.46
-1411.86 -1263.46
-1386.48 -1263.46
-1344.59 -1263.46
-1287.62 -1263.46
-1405.09 -1263.46
-1341.01 -1263.46
-1403.39 -1263.46
-1329.17 -1263.46
-1413.35 -1263.46
-1433.37 -1263.46
-1360.49 -1263.46
-1403.77 -1263.46
-1444.70 -1263.46
-1365.03 -1263.46
-1445.05 -1263.46
-1390.43 -1263.46
-1374.42 -1263.46
-1371.64 -1263.46
-1337.75 -1263.46
-1394.66 -1263.46
-1370.54 -1263.46
-1404.38 -1263.46
-1352.94 -1263.46
-1428.79 -1263.46
-1383.33 -1263.46
-1393.61 -1263.46
-1366.82 -1263.46
-1418.76 -1263.46
-1377.01 -1263.46
-1376.23 -1263.46
-1387.56 -1263.46
-1555.39 -1263.46
-1400.91 -1263.46
-1443.38 -1263.46
-1361.37 -1263.46
-1403.15 -1263.46
-1404.49 -1263.46
-1478.27 -1263.46
-1320.22 -1263.46
-1382.88 -1263.46
-1368.72 -1263.46
-1344.58 -1263.46
-1416.34 -1263.46
-1444.12 -1263.46
-1382.42 -1263.46
-1339.59 -1263.46
-1393.44 -1263.46
-1381.76 -1263.46
-1374.23 -1263.46
-1401.39 -1263.46
-1357.95 -1263.46
-1467.69 -1263.46
-1394.35 -1263.46
-1372.57 -1263.46
-1410.57 -1263.46
-1461.86 -1263.46
-1424.23 -1263.46
-1412.89 -1263.46
-1408.31 -1263.46
-1348.17 -1263.46
-1401.77 -1263.46
-1357.85 -1263.46
-1419.12 -1263.46
-1440.02 -1263.46
-1381.52 -1263.46
-1411.28 -1263.46
-1294.17 -1263.46
-1389.03 -1263.46
-1362.67 -1263.46
-1385.90 -1263.46
-1330.09 -1263.46
-1322.80 -1263.46
-1430.26 -1263.46
-1441.15 -1263.46
-1386.17 -1263.46
-1375.54 -1263.46
-1406.29 -1263.46
-1365.13 -1263.46
-1495.87 -1263.46
-1390.27 -1263.46
-1360.67 -1263.46
-1440.64 -1263.46
-1442.35 -1263.46
-1388.19 -1263.46
-1391.33 -1263.46
-1381.98 -1263.46
-1373.29 -1263.46
-1354.25 -1263.46
-1398.57 -1263.46
-1409.39 -1263.46
-1341.84 -1263.46
-1388.57 -1263.46
-1386.71 -1263.46
-1353.08 -1263.46
-1427.78 -1263.46
-1359.00 -1263.46
-1365.78 -1263.46
-1346.38 -1263.46
-1448.84 -1263.46
-1413.75 -1263.46
-1346.39 -1263.46
-1347.01 -1263.46
-1406.40 -1263.46
-1327.57 -1263.46
-1364.51 -1263.46
-1412.27 -1263.46
-1382.33 -1263.46
-1416.13 -1263.46
-1324.58 -1263.46
-1350.51 -1263.46
-1244.38 -1244.38
-1351.40 -1244.38
-1392.21 -1244.38
-1302.37 -1244.38
-1374.02 -1244.38
-1295.37 -1244.38
-1270.31 -1244.38
-1378.84 -1244.38
-1299.87 -1244.38
-1406.66 -1244.38
-1355.03 -1244.38
-1336.91 -1244.38
-1369.84 -1244.38
-1344.54 -1244.38
-1318.71 -1244.38
-1313.26 -1244.38
-1288.67 -1244.38
-1347.81 -1244.38
-1326.50 -1244.38
-1310.65 -1244.38
-1386.93 -1244.38
-1537.07 -1244.38
-1344.94 -1244.38
-1264.30 -1244.38
-1350.64 -1244.38
-1417.54 -1244.38
-1190.12 -1190.12
-1317.08 -1190.12
-1244.92 -1190.12
-1299.37 -1190.12
-1415.68 -1190.12
-1270.94 -1190.12
-1339.75 -1190.12
-1251.21 -1190.12
-1264.37 -1190.12
-1339.75 -1190.12
-1277.90 -1190.12
-1349.06 -1190.12
-1197.17 -1190.12
-1370.83 -1190.12
-1139.00 -1139.00
-1258.66 -1139.00
-1243.92 -1139.00
-1306.65 -1139.00
-1267.94 -1139.00
-1272.94 -1139.00
-1348.09 -1139.00
-1317.98 -1139.00
-1360.84 -1139.00
-1427.50 -1139.00
-1292.69 -1139.00
-1237.53 -1139.00
-1281.00 -1139.00
-1288.51 -1139.00
-1390.51 -1139.00
-1402.71 -1139.00
-1253.50 -1139.00
-1416.74 -1139.00
-1280.83 -1139.00
-1437.29 -1139.00
-1270.58 -1139.00
-1235.20 -1139.00
-1309.83 -1139.00
-1234.05 -1139.00
-1323.14 -1139.00
-1220.05 -1139.00
-1294.79 -1139.00
-1298.83 -1139.00
-1289.92 -1139.00
-1352.30 -1139.00
-1320.25 -1139.00
-1306.64 -1139.00
-1379.51 -1139.00
-1268.03 -1139.00
-1352.55 -1139.00
-1407.42 -1139.00
-1399.43 -1139.00
-1258.44 -1139.00
-1291.44 -1139.00
-1477.45 -1139.00
-1281.65 -1139.00
-1224.72 -1139.00
-1324.89 -1139.00
-1347.22 -1139.00
-1275.00 -1139.00
-1270.21 -1139.00
-1215.42 -1139.00
-1228.54 -1139.00
-1288.91 -1139.00
-1252.57 -1139.00
-1221.31 -1139.00
-1320.25 -1139.00
-1231.57 -1139.00
-1342.28 -1139.00
-1347.67 -1139.00
-1233.29 -1139.00
-1346.01 -1139.00
-1229.73 -1139.00
-1252.60 -1139.00
-1305.44 -1139.00
-1408.77 -1139.00
-1327.21 -1139.00
-1277.35 -1139.00
-1294.07 -1139.00
-1281.17 -1139.00
-1328.21 -1139.00
-1324.40 -1139.00
-1316.22 -1139.00
-1478.90 -1139.00
-1342.99 -1139.00
-1300.20 -1139.00
-1309.04 -1139.00
-1247.74 -1139.00
-1284.89 -1139.00
-1250.41 -1139.00
-1213.72 -1139.00
-1242.05 -1139.00
-1264.10 -1139.00
-1256.65 -1139.00
-1343.25 -1139.00
-1368.12 -1139.00
-1200.40 -1139.00
-1264.85 -1139.00
-1255.71 -1139.00
-1253.26 -1139.00
-1320.19 -1139.00
-1252.96 -1139.00
-1325.43 -1139.00
-1241.68 -1139.00
-1300.72 -1139.00
-1274.95 -1139.00
-1317.18 -1139.00
-1258.85 -1139.00
-1288.01 -1139.00
-1321.90 -1139.00
-1366.23 -1139.00
-1199.63 -1139.00
-1299.85 -1139.00
-1331.87 -1139.00
-1313.27 -1139.00
-1333.37 -1139.00
-1157.73 -1139.00
-1400.47 -1139.00
-1243.64 -1139.00
-1425.58 -1139.00
-1395.00 -1139.00
-1218.49 -1139.00
-1279.03 -1139.00
-1387.48 -1139.00
-1411.13 -1139.00
-1573.19 -1139.00
-1541.14 -1541.14
-1594.49 -1541.14
-1581.89 -1541.14
-1559.59 -1541.14
-1581.93 -1541.14
-1582.54 -1541.14
-1595.46 -1541.14
-1545.30 -1541.14
-1571.78 -1541.14
-1580.42 -1541.14
-1579.71 -1541.14
-1586.29 -1541.14
-1581.53 -1541.14
-1549.22 -1541.14
-1590.40 -1541.14
-1622.57 -1541.14
-1547.79 -1541.14
-1577.56 -1541.14
-1577.49 -1541.14
-1591.02 -1541.14
-1577.88 -1541.14
-1622.02 -1541.14
-1566.97 -1541.14
-1526.46 -1526.46
-1550.35 -1526.46
-1609.24 -1526.46
-1545.79 -1526.46
-1551.25 -1526.46
-1577.25 -1526.46
-1617.41 -1526.46
-1514.81 -1514.81
-1569.71 -1514.81
-1570.73 -1514.81
-1529.97 -1514.81
-1577.38 -1514.81
-1552.93 -1514.81
-1600.33 -1514.81
-1556.17 -1514.81
-1582.49 -1514.81
-1552.69 -1514.81
-1586.03 -1514.81
-1600.11 -1514.81
-1540.98 -1514.81
-1515.16 -1515.16
-1531.70 -1515.16
-1554.59 -1515.16
-1519.71 -1515.16
-1573.07 -1515.16
-1558.44 -1515.16
-1530.14 -1515.16
-1552.17 -1515.16
-1525.67 -1515.16
-1527.52 -1515.16
-1565.61 -1515.16
-1557.01 -1515.16
-1518.68 -1515.16
-1562.42 -1515.16
-1554.20 -1515.16
-1577.92 -1515.16
-1532.65 -1515.16
-1539.09 -1515.16
-1556.69 -1515.16
-1534.16 -1515.16
-1545.81 -1515.16
-1548.99 -1515.16
-1565.35 -1515.16
-1534.60 -1515.16
-1517.20 -1517.20
-1540.60 -1517.20
-1575.95 -1517.20
-1510.99 -1510.99
-1555.30 -1510.99
-1535.64 -1510.99
-1529.11 -1510.99
-1546.39 -1510.99
-1560.44 -1510.99
-1519.47 -1510.99
-1542.17 -1510.99
-1527.73 -1510.99
-1493.80 -1493.80
-1544.18 -1493.80
-1548.16 -1493.80
-1528.98 -1493.80
-1534.41 -1493.80
-1515.79 -1493.80
-1495.96 -1493.80
-1540.87 -1493.80
-1541.28 -1493.80
-1516.24 -1493.80
-1516.70 -1493.80
-1507.85 -1493.80
-1532.17 -1493.80
-1483.89 -1483.89
-1512.02 -1483.89
-1557.40 -1483.89
-1486.45 -1483.89
-1544.38 -1483.89
-1576.88 -1483.89
-1506.64 -1483.89
-1558.97 -1483.89
-1527.44 -1483.89
-1552.17 -1483.89
-1546.55 -1483.89
-1559.90 -1483.89
-1531.13 -1483.89
-1521.90 -1483.89
-1524.80 -1483.89
-1492.78 -1483.89
-1567.94 -1483.89
-1512.54 -1483.89
-1560.89 -1483.89
-1480.68 -1480.68
-1510.47 -1480.68
-1524.32 -1480.68
-1503.78 -1480.68
-1486.85 -1480.68
-1546.91 -1480.68
-1593.10 -1480.68
-1557.10 -1480.68
-1522.11 -1480.68
-1556.30 -1480.68
-1497.06 -1480.68
-1517.15 -1480.68
-1580.39 -1480.68
-1510.79 -1480.68
-1552.78 -1480.68
-1589.30 -1480.68
-1466.30 -1466.30
-1509.76 -1466.30
-1564.05 -1466.30
-1572.61 -1466.30
-1528.19 -1466.30
-1513.75 -1466.30
-1569.23 -1466.30
-1509.75 -1466.30
-1558.64 -1466.30
-1517.00 -1466.30
-1509.42 -1466.30
-1588.86 -1466.30
-1518.74 -1466.30
-1571.13 -1466.30
-1523.30 -1466.30
-1511.64 -1466.30
-1535.25 -1466.30
-1544.88 -1466.30
-1561.07 -1466.30
-1525.40 -1466.30
-1535.49 -1466.30
-1521.58 -1466.30
-1528.99 -1466.30
-1598.51 -1466.30
-1527.72 -1466.30
-1580.77 -1466.30
-1587.19 -1466.30
-1558.92 -1466.30
-1542.32 -1466.30
-1516.26 -1466.30
-1600.25 -1466.30
-1518.67 -1466.30
-1543.98 -1466.30
-1515.99 -1466.30
-1521.24 -1466.30
-1539.84 -1466.30
-1542.44 -1466.30
-1582.59 -1466.30
-1566.02 -1466.30
-1545.88 -1466.30
-1510.39 -1466.30
-1534.64 -1466.30
-1568.24 -1466.30
-1488.84 -1466.30
-1485.11 -1466.30
-1523.38 -1466.30
-1529.22 -1466.30
-1517.30 -1466.30
-1549.53 -1466.30
-1540.54 -1466.30
-1509.84 -1466.30
-1489.34 -1466.30
-1532.58 -1466.30
-1587.83 -1466.30
-1530.97 -1466.30
-1519.00 -1466.30
-1529.75 -1466.30
-1525.39 -1466.30
-1540.30 -1466.30
-1538.46 -1466.30
-1513.37 -1466.30
-1582.87 -1466.30
-1547.51 -1466.30
-1527.27 -1466.30
-1509.31 -1466.30
-1508.74 -1466.30
-1513.33 -1466.30
-1499.75 -1466.30
-1521.05 -1466.30
-1502.87 -1466.30
-1515.81 -1466.30
-1510.75 -1466.30
-1528.92 -1466.30
-1542.03 -1466.30
-1517.86 -1466.30
-1518.70 -1466.30
-1570.03 -1466.30
-1546.01 -1466.30
-1565.32 -1466.30
-1508.50 -1466.30
-1550.16 -1466.30
-1578.18 -1466.30
-1505.21 -1466.30
-1538.22 -1466.30
-1527.76 -1466.30
-1555.84 -1466.30
-1513.88 -1466.30
-1524.35 -1466.30
-1514.75 -1466.30
-1502.27 -1466.30
-1538.37 -1466.30
-1575.00 -1466.30
-1579.28 -1466.30
-1553.60 -1466.30
-1488.61 -1466.30
-1540.36 -1466.30
-1584.11 -1466.30
-1535.56 -1466.30
-1541.15 -1466.30
-1524.62 -1466.30
-1563.01 -1466.30
-1526.25 -1466.30
-1564.77 -1466.30
-1476.85 -1466.30
-1537.66 -1466.30
-1568.17 -1466.30
-1545.78 -1466.30
-1549.53 -1466.30
-1522.93 -1466.30
-1547.95 -1466.30
-1521.28 -1466.30
-1539.49 -1466.30
-1504.77 -1466.30
-1535.60 -1466.30
-1565.52 -1466.30
-1532.47 -1466.30
-1565.20 -1466.30
-1533.08 -1466.30
-1540.73 -1466.30
-1603.16 -1466.30
-1580.61 -1466.30
-1515.71 -1466.30
-1549.64 -1466.30
-1545.92 -1466.30
-1546.63 -1466.30
-1518.39 -1466.30
-1499.58 -1466.30
-1553.00 -1466.30
-1509.50 -1466.30
-1544.36 -1466.30
-1536.29 -1466.30
-1528.64 -1466.30
-1525.62 -1466.30
-1504.73 -1466.30
-1567.73 -1466.30
-1526.95 -1466.30
-1509.45 -1466.30
-1562.28 -1466.30
-1565.36 -1466.30
-1538.32 -1466.30
-1525.16 -1466.30
-1531.29 -1466.30
-1601.56 -1466.30
-1518.28 -1466.30
-1548.89 -1466.30
-1569.58 -1466.30
-1517.94 -1466.30
-1553.41 -1466.30
-1513.33 -1466.30
-1539.96 -1466.30
-1593.83 -1466.30
-1537.06 -1466.30
-1492.47 -1466.30
-1528.00 -1466.30
-1542.66 -1466.30
-1572.69 -1466.30
-1562.85 -1466.30
-1544.93 -1466.30
-1532.80 -1466.30
-1540.37 -1466.30
-1544.80 -1466.30
-1528.63 -1466.30
-1573.75 -1466.30
-1518.39 -1466.30
-1498.97 -1466.30
-1504.50 -1466.30
-1541.01 -1466.30
-1503.84 -1466.30
-1537.68 -1466.30
-1535.07 -1466.30
-1539.63 -1466.30
-1527.12 -1466.30
-1522.70 -1466.30
-1518.01 -1466.30
-1563.87 -1466.30
-1517.82 -1466.30
-1556.53 -1466.30
-1521.99 -1466.30
-1521.70 -1466.30
-1529.98 -1466.30
-1506.33 -1466.30
-1544.79 -1466.30
-1507.07 -1466.30
-1531.47 -1466.30
-1572.93 -1466.30
-1521.62 -1466.30
-1518.48 -1466.30
-1483.56 -1466.30
-1540.01 -1466.30
-1569.13 -1466.30
-1532.21 -1466.30
-1527.03 -1466.30
-1499.58 -1466.30
-1511.95 -1466.30
-1516.16 -1466.30
-1529.09 -1466.30
-1474.74 -1466.30
-1508.99 -1466.30
-1539.28 -1466.30
-1508.63 -1466.30
-1573.15 -1466.30
-1523.43 -1466.30
-1506.26 -1466.30
-1547.76 -1466.30
-1556.06 -1466.30
-1554.44 -1466.30
-1540.37 -1466.30
-1531.20 -1466.30
-1505.61 -1466.30
-1516.89 -1466.30
-1527.79 -1466.30
-1561.42 -1466.30
-1495.01 -1466.30
-1506.61 -1466.30
-1543.34 -1466.30
-1539.43 -1466.30
-1494.12 -1466.30
-1532.29 -1466.30
-1534.60 -1466.30
-1507.43 -1466.30
-1557.06 -1466.30
-1529.73 -1466.30
-1509.78 -1466.30
-1564.24 -1466.30
-1525.22 -1466.30
-1524.88 -1466.30
-1534.20 -1466.30
-1529.57 -1466.30
-1564.81 -1466.30
-1501.94 -1466.30
-1520.84 -1466.30
-1558.98 -1466.30
-1499.68 -1466.30
-1524.05 -1466.30
-1551.33 -1466.30
-1513.11 -1466.30
-1505.39 -1466.30
-1528.90 -1466.30
-1537.02 -1466.30
-1485.69 -1466.30
-1519.88 -1466.30
-1585.89 -1466.30
-1525.48 -1466.30
-1544.20 -1466.30
-1545.04 -1466.30
-1538.27 -1466.30
-1500.33 -1466.30
-1538.68 -1466.30
-1573.48 -1466.30
-1565.54 -1466.30
-1531.20 -1466.30
-1508.17 -1466.30
-1580.40 -1466.30
-1552.18 -1466.30
-1489.87 -1466.30
-1496.14 -1466.30
-1527.14 -1466.30
-1519.59 -1466.30
-1502.92 -1466.30
-1548.66 -1466.30
-1543.36 -1466.30
-1578.18 -1466.30
-1573.64 -1466.30
-1515.05 -1466.30
-1544.15 -1466.30
-1512.68 -1466.30
-1621.46 -1466.30
-1583.16 -1466.30
-1560.12 -1466.30
-1548.08 -1466.30
-1573.98 -1466.30
-1558.59 -1466.30
-1556.48 -1466.30
-1525.89 -1466.30
-1534.66 -1466.30
-1565.90 -1466.30
-1559.45 -1466.30
-1522.45 -1466.30
-1588.26 -1466.30
-1491.97 -1466.30
-1502.07 -1466.30
-1531.31 -1466.30
-1548.06 -1466.30
-1610.45 -1466.30
-1556.45 -1466.30
-1509.47 -1466.30
-1570.36 -1466.30
-1521.94 -1466.30
-1538.04 -1538.04
-1546.65 -1538.04
-1538.14 -1538.14
-1544.66 -1538.14
-1516.62 -1516.62
-1559.57 -1516.62
-1539.14 -1516.62
-1534.11 -1516.62
-1543.00 -1516.62
-1575.24 -1516.62
-1535.99 -1516.62
-1572.94 -1516.62
-1568.88 -1516.62
-1568.57 -1516.62
-1560.73 -1516.62
-1584.50 -1516.62
-1550.92 -1516.62
-1556.13 -1516.62
-1553.60 -1516.62
-1564.42 -1516.62
-1561.90 -1516.62
-1549.86 -1516.62
-1543.89 -1516.62
-1533.81 -1516.62
-1527.17 -1516.62
-1503.00 -1503.00
-1559.03 -1503.00
-1530.02 -1503.00
-1521.02 -1503.00
-1512.60 -1503.00
-1488.28 -1488.28
-1557.14 -1488.28
-1485.49 -1485.49
-1533.36 -1485.49
-1501.18 -1485.49
-1509.59 -1485.49
-1489.57 -1485.49
-1537.67 -1485.49
-1530.49 -1485.49
-1519.37 -1485.49
-1523.64 -1485.49
-1498.50 -1485.49
-1494.26 -1485.49
-1535.03 -1485.49
-1494.60 -1485.49
-1519.47 -1485.49
-1507.21 -1485.49
-1484.15 -1484.15
-1517.29 -1484.15
-1503.08 -1484.15
-1531.31 -1484.15
-1542.52 -1484.15
-1540.91 -1484.15
-1529.87 -1484.15
-1558.30 -1484.15
-1532.18 -1484.15
-1504.70 -1484.15
-1502.07 -1484.15
-1479.64 -1479.64
-1501.60 -1479.64
-1503.37 -1479.64
-1517.92 -1479.64
-1538.03 -1479.64
-1542.03 -1479.64
-1472.07 -1472.07
-1577.95 -1472.07
-1491.27 -1472.07
-1506.67 -1472.07
-1502.36 -1472.07
-1496.13 -1472.07
-1499.26 -1472.07
-1487.89 -1472.07
-1511.87 -1472.07
-1485.87 -1472.07
-1556.74 -1472.07
-1577.92 -1472.07
-1531.54 -1472.07
-1554.16 -1472.07
-1566.16 -1472.07
-1572.61 -1472.07
-1525.33 -1472.07
-1525.70 -1472.07
-1486.25 -1472.07
-1504.74 -1472.07
-1517.61 -1472.07
-1533.69 -1472.07
-1496.21 -1472.07
-1498.25 -1472.07
-1523.14 -1472.07
-1515.95 -1472.07
-1516.13 -1472.07
-1474.14 -1474.14
-1543.95 -1474.14
-1518.27 -1474.14
-1520.36 -1474.14
-1481.85 -1474.14
-1552.78 -1474.14
-1478.10 -1474.14
-1571.30 -1474.14
-1530.65 -1474.14
-1477.86 -1474.14
-1502.89 -1474.14
-1564.50 -1474.14
-1493.56 -1474.14
-1469.74 -1469.74
-1499.56 -1469.74
-1523.00 -1469.74
-1550.56 -1469.74
-1493.14 -1469.74
-1547.54 -1469.74
-1482.55 -1469.74
-1495.81 -1469.74
-1492.60 -1469.74
-1463.86 -1463.86
-1475.83 -1463.86
-1476.29 -1463.86
-1519.27 -1463.86
-1513.02 -1463.86
-1464.67 -1463.86
-1501.64 -1463.86
-1467.88 -1463.86
-1493.82 -1463.86
-1509.27 -1463.86
-1462.07 -1462.07
-1536.40 -1462.07
-1528.61 -1462.07
-1508.47 -1462.07
-1584.09 -1462.07
-1465.19 -1462.07
-1459.23 -1459.23
-1453.65 -1453.65
-1488.47 -1453.65
-1457.67 -1453.65
-1487.67 -1453.65
-1493.66 -1453.65
-1469.35 -1453.65
-1487.42 -1453.65
-1561.40 -1453.65
-1483.50 -1453.65
-1476.22 -1453.65
-1496.71 -1453.65
-1496.83 -1453.65
-1478.96 -1453.65
-1471.76 -1453.65
-1509.41 -1453.65
-1488.29 -1453.65
-1466.37 -1453.65
-1568.32 -1453.65
-1461.78 -1453.65
-1449.04 -1449.04
-1448.59 -1448.59
-1567.64 -1448.59
-1458.47 -1448.59
-1454.61 -1448.59
-1472.59 -1448.59
-1498.06 -1448.59
-1467.82 -1448.59
-1544.02 -1448.59
-1474.56 -1448.59
-1510.22 -1448.59
-1439.84 -1439.84
-1516.58 -1439.84
-1580.36 -1439.84
-1504.90 -1439.84
-1477.27 -1439.84
-1617.51 -1439.84
-1499.55 -1439.84
-1506.25 -1439.84
-1507.57 -1439.84
-1483.35 -1439.84
-1522.16 -1439.84
-1452.97 -1439.84
-1446.20 -1446.20
-1478.34 -1446.20
-1419.59 -1419.59
-1543.21 -1419.59
-1495.17 -1419.59
-1493.16 -1419.59
-1472.13 -1419.59
-1556.37 -1419.59
-1433.75 -1419.59
-1483.82 -1419.59
-1440.67 -1419.59
-1476.98 -1419.59
-1441.11 -1419.59
-1475.75 -1419.59
-1466.30 -1419.59
-1435.32 -1419.59
-1453.06 -1419.59
-1488.10 -1419.59
-1456.44 -1419.59
-1451.37 -1419.59
-1443.04 -1419.59
-1394.41 -1394.41
-1424.47 -1394.41
-1409.76 -1394.41
-1368.48 -1368.48
-1563.54 -1368.48
-1419.02 -1368.48
-1553.63 -1368.48
-1430.34 -1368.48
-1440.71 -1368.48
-1435.92 -1368.48
-1444.81 -1368.48
-1423.65 -1368.48
-1466.15 -1368.48
-1361.17 -1361.17
-1345.41 -1345.41
-1427.64 -1345.41
-1439.00 -1345.41
-1408.28 -1345.41
-1379.32 -1345.41
-1488.50 -1345.41
-1373.72 -1345.41
-1437.89 -1345.41
-1408.71 -1345.41
-1454.04 -1345.41
-1438.90 -1345.41
-1347.64 -1345.41
-1517.11 -1345.41
-1421.93 -1345.41
-1367.83 -1345.41
-1400.26 -1345.41
-1512.65 -1345.41
-1354.99 -1345.41
-1427.12 -1345.41
-1372.55 -1345.41
-1401.91 -1345.41
-1400.60 -1345.41
-1393.70 -1345.41
-1453.04 -1345.41
-1463.58 -1345.41
-1425.41 -1345.41
-1465.92 -1345.41
-1443.18 -1345.41
-1446.32 -1345.41
-1367.92 -1345.41
-1415.38 -1345.41
-1528.52 -1345.41
-1399.96 -1345.41
-1506.98 -1345.41
-1383.98 -1345.41
-1403.90 -1345.41
-1376.65 -1345.41
-1424.53 -1345.41
-1485.44 -1345.41
-1499.13 -1345.41
-1383.61 -1345.41
-1413.58 -1345.41
-1431.35 -1345.41
-1353.42 -1345.41
-1369.27 -1345.41
-1463.93 -1345.41
-1384.82 -1345.41
-1481.24 -1345.41
-1373.11 -1345.41
-1439.17 -1345.41
-1422.00 -1345.41
-1378.95 -1345.41
-1398.94 -1345.41
-1396.95 -1345.41
-1413.54 -1345.41
-1378.28 -1345.41
-1325.69 -1325.69
-1385.40 -1325.69
-1371.63 -1325.69
-1340.35 -1325.69
-1352.80 -1325.69
-1436.74 -1325.69
-1351.95 -1325.69
-1373.99 -1325.69
-1321.73 -1321.73
-1398.23 -1321.73
-1410.89 -1321.73
-1384.97 -1321.73
-1323.40 -1321.73
-1369.30 -1321.73
-1412.58 -1321.73
-1250.93 -1250.93
-1336.64 -1250.93
-1219.12 -1219.12
-1302.84 -1219.12
-1304.76 -1219.12
-1191.49 -1191.49
-1334.68 -1191.49
-1253.33 -1191.49
-1265.39 -1191.49
-1238.88 -1191.49
-1316.19 -1191.49
-1397.30 -1191.49
-1194.76 -1191.49
-1290.12 -1191.49
-1336.68 -1191.49
-1498.91 -1191.49
-1263.45 -1191.49
-1357.60 -1191.49
-1429.52 -1191.49
-1321.70 -1191.49
-1197.91 -1191.49
-1277.34 -1191.49
-1329.54 -1191.49
-1275.69 -1191.49
-1254.20 -1191.49
-1292.65 -1191.49
-1213.96 -1191.49
-1443.79 -1191.49
-1325.87 -1191.49
-1343.98 -1191.49
-1277.48 -1191.49
-1248.30 -1191.49
-1192.08 -1192.08
-1296.75 -1192.08
-1321.47 -1192.08
-1275.56 -1192.08
-1323.36 -1192.08
-1246.48 -1192.08
-1334.80 -1192.08
-1205.29 -1192.08
-1264.08 -1192.08
-1338.14 -1192.08
-1317.36 -1192.08
-1357.79 -1192.08
-1328.36 -1192.08
-1213.18 -1192.08
-1339.81 -1192.08
-1295.93 -1192.08
-1295.24 -1192.08
-1330.33 -1192.08
-1387.39 -1192.08
-1230.25 -1192.08
-1239.94 -1192.08
-1315.92 -1192.08
-1308.63 -1192.08
-1321.60 -1192.08
-1292.95 -1192.08
-1290.70 -1192.08
-1243.58 -1192.08
-1182.44 -1182.44
-1344.91 -1182.44
-1306.70 -1182.44
-1269.10 -1182.44
-1304.01 -1182.44
-1327.59 -1182.44
-1375.65 -1182.44
-1355.54 -1182.44
-1358.92 -1182.44
-1252.77 -1182.44
-1381.08 -1182.44
-1407.43 -1182.44
-1306.59 -1182.44
-1249.74 -1182.44
-1332.50 -1182.44
-1286.05 -1182.44
-1288.74 -1182.44
-1271.41 -1182.44
-1211.29 -1182.44
-1310.46 -1182.44
-1329.02 -1182.44
-1246.52 -1182.44
-1240.57 -1182.44
-1278.02 -1182.44
-1241.54 -1182.44
-1309.21 -1182.44
-1327.63 -1182.44
-1251.46 -1182.44
-1421.18 -1182.44
-1238.84 -1182.44
-1278.85 -1182.44
-1188.51 -1182.44
-1267.95 -1182.44
-1240.78 -1182.44
-1306.03 -1182.44
-1248.63 -1182.44
-1263.26 -1182.44
-1335.92 -1182.44
-1242.13 -1182.44
-1279.31 -1182.44
-1266.50 -1182.44
-1298.94 -1182.44
-1184.02 -1182.44
-1381.98 -1182.44
-1228.49 -1182.44
-1271.42 -1182.44
-1268.42 -1182.44
-1212.58 -1182.44
-1278.10 -1182.44
-1270.81 -1182.44
-1339.73 -1182.44
-1252.18 -1182.44
-1369.58 -1182.44
-1270.46 -1182.44
-1310.27 -1182.44
-1363.40 -1182.44
-1261.47 -1182.44
-1281.77 -1182.44
-1381.33 -1182.44
-1379.53 -1182.44
-1197.17 -1182.44
-1306.23 -1182.44
-1407.43 -1182.44
-1390.25 -1182.44
-1268.40 -1182.44
-1385.23 -1182.44
-1235.74 -1182.44
-1267.80 -1182.44
-1347.08 -1182.44
-1457.63 -1182.44
-1279.80 -1182.44
-1267.72 -1182.44
-1324.04 -1182.44
-1238.04 -1182.44
-1272.25 -1182.44
-1305.47 -1182.44
-1315.31 -1182.44
-1380.94 -1182.44
-1407.03 -1182.44
-1546.51 -1182.44
-1604.35 -1182.44
-1557.43 -1182.44
-1559.94 -1182.44
-1541.48 -1541.48
-1572.81 -1541.48
-1541.92 -1541.92
-1567.62 -1541.92
-1546.83 -1541.92
-1590.90 -1541.92
-1589.55 -1541.92
-1542.10 -1542.10
-1579.61 -1542.10
-1555.17 -1542.10
-1558.36 -1542.10
-1516.09 -1516.09
-1579.83 -1516.09
-1522.30 -1516.09
-1547.46 -1516.09
-1555.10 -1516.09
-1585.68 -1516.09
-1538.49 -1516.09
-1579.75 -1516.09
-1521.15 -1516.09
-1593.30 -1516.09
-1540.12 -1516.09
-1537.12 -1516.09
-1533.01 -1516.09
-1565.58 -1516.09
-1536.37 -1516.09
-1573.51 -1516.09
-1575.37 -1516.09
-1534.82 -1516.09
-1617.76 -1516.09
-1522.97 -1516.09
-1593.00 -1516.09
-1519.50 -1516.09
-1554.26 -1516.09
-1577.27 -1516.09
-1551.95 -1516.09
-1567.50 -1516.09
-1540.17 -1516.09
-1594.23 -1516.09
-1598.81 -1516.09
-1540.90 -1516.09
-1539.27 -1516.09
-1535.41 -1516.09
-1548.47 -1516.09
-1541.33 -1516.09
-1522.46 -1516.09
-1563.20 -1516.09
-1549.07 -1516.09
-1575.79 -1516.09
-1556.73 -1516.09
-1518.04 -1516.09
-1519.46 -1516.09
-1508.27 -1508.27
-1515.88 -1508.27
-1561.81 -1508.27
-1546.43 -1508.27
-1581.18 -1508.27
-1534.95 -1508.27
-1519.57 -1508.27
-1550.32 -1508.27
-1529.69 -1508.27
-1529.12 -1508.27
-1572.08 -1508.27
-1566.46 -1508.27
-1536.34 -1508.27
-1517.50 -1508.27
-1573.75 -1508.27
-1542.29 -1508.27
-1538.37 -1508.27
-1616.80 -1508.27
-1533.23 -1508.27
-1543.24 -1508.27
-1554.58 -1508.27
-1542.12 -1508.27
-1544.00 -1508.27
-1529.52 -1508.27
-1540.96 -1508.27
-1567.60 -1508.27
-1537.18 -1508.27
-1543.11 -1508.27
-1603.88 -1508.27
-1570.49 -1508.27
-1549.56 -1508.27
-1616.38 -1508.27
-1544.51 -1508.27
-1522.54 -1508.27
-1525.22 -1508.27
-1590.54 -1508.27
-1515.62 -1508.27
-1589.63 -1508.27
-1555.13 -1508.27
-1573.47 -1508.27
-1582.90 -1508.27
-1523.73 -1508.27
-1535.24 -1508.27
-1570.80 -1508.27
-1556.86 -1508.27
-1595.04 -1508.27
-1593.00 -1508.27
-1539.08 -1508.27
-1537.75 -1508.27
-1563.04 -1508.27
-1555.40 -1508.27
-1534.52 -1508.27
-1524.79 -1508.27
-1556.92 -1508.27
-1557.38 -1508.27
-1540.60 -1508.27
-1570.89 -1508.27
-1543.64 -1508.27
-1547.02 -1508.27
-1517.81 -1508.27
-1535.17 -1508.27
-1554.00 -1508.27
-1541.80 -1508.27
-1568.10 -1508.27
-1556.99 -1508.27
-1550.28 -1508.27
-1586.15 -1508.27
-1522.33 -1508.27
-1508.52 -1508.52
-1573.74 -1508.52
-1598.34 -1508.52
-1508.84 -1508.84
-1522.20 -1508.84
-1491.91 -1491.91
-1561.18 -1491.91
-1575.74 -1491.91
-1516.41 -1491.91
-1539.12 -1491.91
-1495.39 -1491.91
-1547.25 -1491.91
-1537.22 -1491.91
-1564.00 -1491.91
-1510.37 -1491.91
-1547.95 -1491.91
-1529.89 -1491.91
-1491.56 -1491.56
-1513.13 -1491.56
-1482.63 -1482.63
-1489.02 -1482.63
-1542.54 -1482.63
-1494.77 -1482.63
-1531.55 -1482.63
-1550.92 -1482.63
-1505.11 -1482.63
-1507.00 -1482.63
-1554.44 -1482.63
-1482.17 -1482.17
-1562.82 -1482.17
-1524.59 -1482.17
-1505.47 -1482.17
-1556.53 -1482.17
-1507.01 -1482.17
-1491.02 -1482.17
-1550.07 -1482.17
-1503.94 -1482.17
-1566.87 -1482.17
-1556.18 -1482.17
-1499.75 -1482.17
-1538.43 -1482.17
-1530.46 -1482.17
-1519.26 -1482.17
-1528.58 -1482.17
-1481.49 -1481.49
-1522.00 -1481.49
-1496.69 -1481.49
-1521.13 -1481.49
-1567.92 -1481.49
-1521.35 -1481.49
-1536.89 -1481.49
-1542.56 -1481.49
-1513.84 -1481.49
-1538.44 -1481.49
-1520.47 -1481.49
-1481.47 -1481.47
-1543.20 -1481.47
-1498.36 -1481.47
-1519.16 -1481.47
-1577.82 -1481.47
-1527.47 -1481.47
-1443.56 -1443.56
-1500.02 -1443.56
-1527.05 -1443.56
-1476.40 -1443.56
-1488.34 -1443.56
-1493.62 -1443.56
-1444.19 -1443.56
-1573.16 -1443.56
-1525.32 -1443.56
-1463.88 -1443.56
-1481.83 -1443.56
-1558.71 -1443.56
-1511.12 -1443.56
-1491.43 -1443.56
-1494.17 -1443.56
-1510.65 -1443.56
-1470.84 -1443.56
-1457.09 -1443.56
-1551.82 -1443.56
-1527.39 -1443.56
-1473.25 -1443.56
-1467.92 -1443.56
-1465.88 -1443.56
-1512.70 -1443.56
-1502.16 -1443.56
-1457.38 -1443.56
-1505.37 -1443.56
-1535.89 -1443.56
-1493.66 -1443.56
-1493.20 -1443.56
-1465.30 -1443.56
-1480.35 -1443.56
-1465.69 -1443.56
-1439.95 -1439.95
-1512.37 -1439.95
-1482.02 -1439.95
-1557.04 -1439.95
-1523.86 -1439.95
-1471.00 -1439.95
-1457.74 -1439.95
-1485.74 -1439.95
-1510.18 -1439.95
-1542.67 -1439.95
-1434.12 -1434.12
-1505.99 -1434.12
-1449.67 -1434.12
-1445.00 -1434.12
-1468.61 -1434.12
-1446.56 -1434.12
-1455.64 -1434.12
-1461.84 -1434.12
-1510.22 -1434.12
-1481.55 -1434.12
-1423.04 -1423.04
-1510.80 -1423.04
-1508.03 -1423.04
-1489.74 -1423.04
-1507.30 -1423.04
-1503.85 -1423.04
-1485.15 -1423.04
-1455.19 -1423.04
-1435.51 -1423.04
-1444.09 -1423.04
-1458.90 -1423.04
-1482.33 -1423.04
-1432.42 -1423.04
-1428.28 -1423.04
-1550.79 -1423.04
-1485.33 -1423.04
-1546.37 -1423.04
-1466.66 -1423.04
-1466.66 -1423.04
-1478.49 -1423.04
-1432.32 -1423.04
-1469.04 -1423.04
-1516.00 -1423.04
-1413.44 -1413.44
-1466.03 -1413.44
-1486.02 -1413.44
-1424.74 -1413.44
-1360.34 -1360.34
-1455.28 -1360.34
-1515.00 -1360.34
-1530.85 -1360.34
-1469.47 -1360.34
-1422.83 -1360.34
-1440.68 -1360.34
-1495.14 -1360.34
-1387.96 -1360.34
-1489.99 -1360.34
-1393.91 -1360.34
-1470.22 -1360.34
-1444.22 -1360.34
-1433.69 -1360.34
-1420.89 -1360.34
-1510.43 -1360.34
-1437.28 -1360.34
-1417.98 -1360.34
-1471.53 -1360.34
-1507.83 -1360.34
-1404.68 -1360.34
-1481.09 -1360.34
-1418.69 -1360.34
-1485.51 -1360.34
-1423.01 -1360.34
-1432.59 -1360.34
-1464.93 -1360.34
-1445.48 -1360.34
-1480.69 -1360.34
-1429.52 -1360.34
-1479.04 -1360.34
-1459.55 -1360.34
-1426.68 -1360.34
-1487.36 -1360.34
-1431.88 -1360.34
-1459.00 -1360.34
-1448.76 -1360.34
-1521.91 -1360.34
-1477.54 -1360.34
-1459.61 -1360.34
-1553.75 -1360.34
-1415.05 -1360.34
-1386.35 -1360.34
-1496.76 -1360.34
-1416.79 -1360.34
-1415.50 -1360.34
-1415.10 -1360.34
-1473.08 -1360.34
-1463.56 -1360.34
-1455.85 -1360.34
-1448.02 -1360.34
-1507.35 -1360.34
-1483.22 -1360.34
-1511.25 -1360.34
-1456.43 -1360.34
-1410.40 -1360.34
-1526.38 -1360.34
-1492.85 -1360.34
-1458.69 -1360.34
-1433.14 -1360.34
-1472.63 -1360.34
-1442.89 -1360.34
-1549.49 -1360.34
-1536.39 -1360.34
-1450.72 -1360.34
-1414.19 -1360.34
-1541.39 -1360.34
-1456.51 -1360.34
-1412.62 -1360.34
-1387.62 -1360.34
-1473.14 -1360.34
-1390.88 -1360.34
-1478.88 -1360.34
-1426.15 -1360.34
-1412.21 -1360.34
-1458.38 -1360.34
-1440.94 -1360.34
-1473.04 -1360.34
-1381.17 -1360.34
-1555.61 -1360.34
-1399.45 -1360.34
-1450.05 -1360.34
-1425.54 -1360.34
-1408.35 -1360.34
-1462.19 -1360.34
-1466.54 -1360.34
-1462.28 -1360.34
-1425.30 -1360.34
-1478.26 -1360.34
-1413.80 -1360.34
-1434.31 -1360.34
-1428.80 -1360.34
-1422.60 -1360.34
-1441.97 -1360.34
-1428.75 -1360.34
-1365.19 -1360.34
-1409.29 -1360.34
-1476.00 -1360.34
-1472.47 -1360.34
-1356.91 -1356.91
-1401.17 -1356.91
-1507.60 -1356.91
-1335.82 -1335.82
-1422.81 -1335.82
-1517.09 -1335.82
-1381.01 -1335.82
-1403.21 -1335.82
-1443.42 -1335.82
-1429.89 -1335.82
-1453.05 -1335.82
-1356.86 -1335.82
-1500.82 -1335.82
-1432.82 -1335.82
-1352.39 -1335.82
-1458.37 -1335.82
-1466.38 -1335.82
-1374.18 -1335.82
-1448.06 -1335.82
-1427.89 -1335.82
-1338.92 -1335.82
-1413.88 -1335.82
-1423.94 -1335.82
-1366.30 -1335.82
-1454.01 -1335.82
-1463.02 -1335.82
-1392.28 -1335.82
-1409.52 -1335.82
-1414.77 -1335.82
-1373.18 -1335.82
-1445.78 -1335.82
-1416.09 -1335.82
-1431.51 -1335.82
-1344.66 -1335.82
-1374.92 -1335.82
-1362.88 -1335.82
-1405.07 -1335.82
-1437.61 -1335.82
-1404.30 -1335.82
-1382.10 -1335.82
-1368.71 -1335.82
-1423.35 -1335.82
-1463.21 -1335.82
-1429.43 -1335.82
-1437.57 -1335.82
-1461.63 -1335.82
-1574.58 -1335.82
-1428.98 -1335.82
-1331.09 -1331.09
-1483.52 -1331.09
-1436.49 -1331.09
-1419.24 -1331.09
-1527.06 -1527.06
-1524.61 -1524.61
-1539.52 -1524.61
-1504.55 -1504.55
-1543.28 -1504.55
-1537.87 -1504.55
-1592.24 -1504.55
-1600.09 -1504.55
-1543.04 -1504.55
-1546.71 -1504.55
-1509.49 -1504.55
-1527.52 -1504.55
-1545.45 -1504.55
-1553.04 -1504.55
-1549.51 -1504.55
-1503.83 -1503.83
-1517.02 -1503.83
-1544.07 -1503.83
-1535.22 -1503.83
-1531.23 -1503.83
-1586.44 -1503.83
-1604.85 -1503.83
-1585.70 -1503.83
-1558.43 -1503.83
-1581.32 -1503.83
-1500.62 -1500.62
-1526.41 -1500.62
-1528.33 -1500.62
-1533.97 -1500.62
-1579.55 -1500.62
-1529.86 -1500.62
-1503.08 -1500.62
-1528.42 -1500.62
-1509.18 -1500.62
-1518.68 -1500.62
-1533.20 -1500.62
-1549.34 -1500.62
-1560.43 -1500.62
-1563.86 -1500.62
-1614.18 -1500.62
-1535.65 -1500.62
-1552.73 -1500.62
-1587.99 -1500.62
-1534.20 -1500.62
-1518.06 -1500.62
-1556.52 -1500.62
-1558.10 -1500.62
-1562.98 -1500.62
-1541.21 -1500.62
-1515.12 -1500.62
-1532.57 -1500.62
-1562.91 -1500.62
-1525.39 -1500.62
-1559.87 -1500.62
-1513.39 -1500.62
-1566.57 -1500.62
-1533.72 -1500.62
-1515.30 -1500.62
-1509.44 -1500.62
-1510.83 -1500.62
-1515.57 -1500.62
-1607.88 -1500.62
-1532.99 -1500.62
-1539.89 -1500.62
-1583.90 -1500.62
-1579.70 -1500.62
-1522.84 -1500.62
-1571.51 -1500.62
-1491.44 -1491.44
-1554.72 -1491.44
-1534.09 -1491.44
-1488.36 -1488.36
-1561.80 -1488.36
-1497.32 -1488.36
-1476.95 -1476.95
-1554.37 -1476.95
-1530.22 -1476.95
-1512.97 -1476.95
-1549.23 -1476.95
-1519.63 -1476.95
-1562.44 -1476.95
-1553.83 -1476.95
-1564.63 -1476.95
-1569.37 -1476.95
-1567.37 -1476.95
-1498.54 -1476.95
-1508.17 -1476.95
-1580.93 -1476.95
-1567.70 -1476.95
-1561.51 -1476.95
-1524.31 -1476.95
-1518.75 -1476.95
-1562.37 -1476.95
-1552.12 -1476.95
-1522.45 -1476.95
-1488.51 -1476.95
-1513.33 -1476.95
-1502.61 -1476.95
-1514.82 -1476.95
-1525.52 -1476.95
-1509.26 -1476.95
-1591.40 -1476.95
-1513.48 -1476.95
-1565.09 -1476.95
-1522.19 -1476.95
-1499.18 -1476.95
-1532.52 -1476.95
-1536.02 -1476.95
-1529.40 -1476.95
-1518.57 -1476.95
-1470.07 -1470.07
-1461.54 -1461.54
-1475.66 -1461.54
-1484.51 -1461.54
-1466.72 -1461.54
-1473.70 -1461.54
-1495.41 -1461.54
-1491.56 -1461.54
-1465.64 -1461.54
-1428.68 -1428.68
-1441.85 -1428.68
-1435.92 -1428.68
-1488.65 -1428.68
-1444.73 -1428.68
-1469.41 -1428.68
-1500.27 -1428.68
-1450.75 -1428.68
-1566.29 -1428.68
-1468.90 -1428.68
-1478.51 -1428.68
-1541.76 -1428.68
-1535.27 -1428.68
-1566.20 -1428.68
-1442.43 -1428.68
-1484.03 -1428.68
-1472.75 -1428.68
-1493.12 -1428.68
-1458.90 -1428.68
-1464.40 -1428.68
-1486.82 -1428.68
-1573.06 -1428.68
-1436.99 -1428.68
-1490.93 -1428.68
-1479.00 -1428.68
-1469.12 -1428.68
-1532.91 -1428.68
-1479.21 -1428.68
-1494.51 -1428.68
-1469.97 -1428.68
-1464.98 -1428.68
-1489.20 -1428.68
-1509.44 -1428.68
-1504.73 -1428.68
-1463.43 -1428.68
-1502.74 -1428.68
-1469.80 -1428.68
-1430.23 -1430.23
-1569.12 -1430.23
-1497.68 -1430.23
-1575.73 -1430.23
-1517.63 -1430.23
-1475.85 -1430.23
-1435.33 -1430.23
-1523.03 -1430.23
-1471.03 -1430.23
-1528.59 -1430.23
-1493.38 -1430.23
-1493.55 -1430.23
-1463.22 -1430.23
-1491.28 -1430.23
-1467.88 -1430.23
-1482.29 -1430.23
-1494.22 -1430.23
-1504.86 -1430.23
-1458.99 -1430.23
-1465.34 -1430.23
-1471.72 -1430.23
-1488.09 -1430.23
-1481.74 -1430.23
-1437.33 -1430.23
-1515.74 -1430.23
-1488.55 -1430.23
-1506.43 -1430.23
-1498.38 -1430.23
-1487.13 -1430.23
-1475.16 -1430.23
-1497.71 -1430.23
-1482.11 -1430.23
-1444.57 -1430.23
-1489.15 -1430.23
-1466.32 -1430.23
-1516.64 -1430.23
-1506.88 -1430.23
-1526.48 -1430.23
-1450.76 -1430.23
-1453.06 -1430.23
-1554.03 -1430.23
-1451.91 -1430.23
-1471.96 -1430.23
-1506.92 -1430.23
-1492.51 -1430.23
-1477.35 -1430.23
-1527.71 -1430.23
-1445.86 -1430.23
-1478.90 -1430.23
-1500.10 -1430.23
-1486.78 -1430.23
-1450.24 -1430.23
-1469.79 -1430.23
-1519.99 -1430.23
-1481.62 -1430.23
-1514.47 -1430.23
-1517.10 -1430.23
-1438.78 -1430.23
-1496.45 -1430.23
-1476.56 -1430.23
-1440.71 -1430.23
-1518.60 -1430.23
-1485.30 -1430.23
-1562.94 -1430.23
-1452.35 -1430.23
-1506.66 -1430.23
-1435.27 -1430.23
-1495.21 -1430.23
-1557.69 -1430.23
-1497.60 -1430.23
-1491.58 -1430.23
-1461.06 -1430.23
-1488.21 -1430.23
-1478.49 -1430.23
-1429.84 -1429.84
-1499.65 -1429.84
-1458.39 -1429.84
-1471.33 -1429.84
-1474.34 -1429.84
-1441.43 -1429.84
-1498.95 -1429.84
-1493.45 -1429.84
-1442.80 -1429.84
-1495.56 -1429.84
-1451.87 -1429.84
-1507.04 -1429.84
-1454.21 -1429.84
-1466.63 -1429.84
-1502.01 -1429.84
-1479.87 -1429.84
-1505.10 -1429.84
-1446.75 -1429.84
-1458.98 -1429.84
-1439.63 -1429.84
-1499.80 -1429.84
-1481.64 -1429.84
-1471.99 -1429.84
-1470.60 -1429.84
-1442.01 -1429.84
-1486.37 -1429.84
-1566.45 -1429.84
-1465.19 -1429.84
-1473.76 -1429.84
-1477.52 -1429.84
-1576.98 -1429.84
-1454.89 -1429.84
-1442.77 -1429.84
-1466.66 -1429.84
-1500.13 -1429.84
-1382.06 -1382.06
-1411.70 -1382.06
-1458.12 -1382.06
-1412.90 -1382.06
-1468.71 -1382.06
-1397.15 -1382.06
-1485.06 -1382.06
-1395.38 -1382.06
-1430.55 -1382.06
-1490.81 -1382.06
-1486.22 -1382.06
-1455.19 -1382.06
-1415.65 -1382.06
-1513.12 -1382.06
-1385.35 -1382.06
-1426.69 -1382.06
-1434.05 -1382.06
-1413.22 -1382.06
-1483.03 -1382.06
-1368.23 -1368.23
-1368.07 -1368.07
-1354.31 -1354.31
-1337.76 -1337.76
-1308.84 -1308.84
-1296.34 -1296.34
-1282.60 -1282.60
-1265.72 -1265.72
-1481.28 -1265.72
-1443.44 -1265.72
-1347.54 -1265.72
-1258.77 -1258.77
-1300.73 -1258.77
-1329.48 -1258.77
-1304.86 -1258.77
-1261.55 -1258.77
-1252.31 -1252.31
-1220.68 -1220.68
-1274.56 -1220.68
-1337.11 -1220.68
-1362.11 -1220.68
-1315.86 -1220.68
-1357.36 -1220.68
-1301.29 -1220.68
-1255.78 -1220.68
-1291.60 -1220.68
-1382.66 -1220.68
-1301.48 -1220.68
-1229.83 -1220.68
-1269.94 -1220.68
-1292.83 -1220.68
-1260.37 -1220.68
-1311.78 -1220.68
-1387.10 -1220.68
-1264.33 -1220.68
-1319.45 -1220.68
-1225.45 -1220.68
-1383.02 -1220.68
-1333.84 -1220.68
-1287.28 -1220.68
-1312.65 -1220.68
-1300.88 -1220.68
-1251.60 -1220.68
-1262.92 -1220.68
-1422.65 -1220.68
-1333.90 -1220.68
-1318.03 -1220.68
-1236.02 -1220.68
-1221.65 -1220.68
-1319.94 -1220.68
-1334.58 -1220.68
-1243.63 -1220.68
-1291.94 -1220.68
-1303.36 -1220.68
-1250.39 -1220.68
-1321.46 -1220.68
-1323.95 -1220.68
-1324.27 -1220.68
-1278.59 -1220.68
-1405.47 -1220.68
-1278.39 -1220.68
-1274.06 -1220.68
-1206.39 -1206.39
-1369.63 -1206.39
-1247.18 -1206.39
-1245.57 -1206.39
-1370.64 -1206.39
-1281.96 -1206.39
-1392.55 -1206.39
-1343.11 -1206.39
-1312.91 -1206.39
-1357.92 -1206.39
-1271.42 -1206.39
-1282.07 -1206.39
-1217.85 -1206.39
-1414.88 -1206.39
-1281.09 -1206.39
-1409.02 -1206.39
-1254.47 -1206.39
-1350.87 -1206.39
-1285.13 -1206.39
-1312.88 -1206.39
-1207.83 -1206.39
-1329.93 -1206.39
-1321.49 -1206.39
-1262.89 -1206.39
-1262.58 -1206.39
-1321.90 -1206.39
-1290.01 -1206.39
-1327.49 -1206.39
-1282.05 -1206.39
-1257.33 -1206.39
-1512.30 -1206.39
-1395.80 -1206.39
-1314.34 -1206.39
-1276.61 -1206.39
-1418.38 -1206.39
-1345.04 -1206.39
-1242.89 -1206.39
-1267.29 -1206.39
-1317.52 -1206.39
-1291.17 -1206.39
-1341.87 -1206.39
-1245.07 -1206.39
-1263.13 -1206.39
-1295.86 -1206.39
-1300.35 -1206.39
-1317.03 -1206.39
-1232.40 -1206.39
-1459.77 -1206.39
-1304.81 -1206.39
-1248.77 -1206.39
-1371.98 -1206.39
-1238.06 -1206.39
-1245.44 -1206.39
-1232.36 -1206.39
-1246.51 -1206.39
-1280.88 -1206.39
-1425.87 -1206.39
-1336.66 -1206.39
-1425.53 -1206.39
-1360.69 -1206.39
-1287.53 -1206.39
-1424.99 -1206.39
-1243.70 -1206.39
-1354.12 -1206.39
-1236.50 -1206.39
-1341.36 -1206.39
-1286.01 -1206.39
-1244.25 -1206.39
-1416.26 -1206.39
-1312.10 -1206.39
-1578.51 -1206.39
-1524.87 -1524.87
-1576.55 -1524.87
-1528.82 -1524.87
-1544.93 -1524.87
-1609.66 -1524.87
-1572.59 -1524.87
-1487.24 -1487.24
-1495.88 -1487.24
-1508.45 -1487.24
-1544.66 -1487.24
-1492.75 -1487.24
-1517.11 -1487.24
-1593.88 -1487.24
-1539.46 -1487.24
-1529.57 -1487.24
-1572.91 -1487.24
-1516.21 -1487.24
-1522.03 -1487.24
-1541.09 -1487.24
-1513.34 -1487.24
-1530.58 -1487.24
-1556.03 -1487.24
-1570.77 -1487.24
-1539.33 -1487.24
-1518.85 -1487.24
-1508.72 -1487.24
-1568.43 -1487.24
-1530.32 -1487.24
-1531.30 -1487.24
-1602.06 -1487.24
-1498.90 -1487.24
-1590.94 -1487.24
-1511.22 -1487.24
-1533.03 -1487.24
-1551.11 -1487.24
-1554.82 -1487.24
-1523.69 -1487.24
-1513.01 -1487.24
-1518.32 -1487.24
-1560.08 -1487.24
-1524.59 -1487.24
-1582.80 -1487.24
-1488.46 -1487.24
-1543.41 -1487.24
-1527.32 -1487.24
-1519.86 -1487.24
-1506.17 -1487.24
-1530.06 -1487.24
-1552.17 -1487.24
-1509.92 -1487.24
-1510.23 -1487.24
-1547.50 -1487.24
-1512.50 -1487.24
-1486.64 -1486.64
-1500.40 -1486.64
-1492.64 -1486.64
-1499.83 -1486.64
-1544.60 -1486.64
-1555.67 -1486.64
-1502.60 -1486.64
-1502.73 -1486.64
-1538.84 -1486.64
-1549.92 -1486.64
-1510.48 -1486.64
-1477.89 -1477.89
-1502.93 -1477.89
-1519.32 -1477.89
-1504.96 -1477.89
-1559.20 -1477.89
-1503.39 -1477.89
-1534.94 -1477.89
-1497.95 -1477.89
-1561.82 -1477.89
-1476.32 -1476.32
-1515.42 -1476.32
-1513.01 -1476.32
-1517.38 -1476.32
-1511.05 -1476.32
-1480.99 -1476.32
-1465.02 -1465.02
-1501.88 -1465.02
-1491.84 -1465.02
-1495.10 -1465.02
-1554.22 -1465.02
-1480.14 -1465.02
-1520.75 -1465.02
-1548.11 -1465.02
-1452.71 -1452.71
-1523.25 -1452.71
-1476.10 -1452.71
-1528.64 -1452.71
-1434.58 -1434.58
-1437.14 -1434.58
-1509.34 -1434.58
-1490.09 -1434.58
-1481.65 -1434.58
-1454.46 -1434.58
-1532.33 -1434.58
-1546.47 -1434.58
-1510.51 -1434.58
-1550.64 -1434.58
-1504.12 -1434.58
-1431.52 -1431.52
-1508.38 -1431.52
-1475.55 -1431.52
-1409.73 -1409.73
-1386.95 -1386.95
-1384.63 -1384.63
-1360.88 -1360.88
-1380.13 -1360.88
-1402.72 -1360.88
-1318.23 -1318.23
-1288.92 -1288.92
-1337.93 -1288.92
-1202.05 -1202.05
-1257.60 -1202.05
-1409.02 -1202.05
-1229.63 -1202.05
-1292.58 -1202.05
-1250.90 -1202.05
-1459.73 -1202.05
-1234.94 -1202.05
-1241.34 -1202.05
-1349.52 -1202.05
-1238.04 -1202.05
-1240.10 -1202.05
-1283.31 -1202.05
-1262.50 -1202.05
-1320.07 -1202.05
-1289.98 -1202.05
-1271.43 -1202.05
-1330.68 -1202.05
-1275.27 -1202.05
-1251.25 -1202.05
-1306.97 -1202.05
-1269.74 -1202.05
-1320.69 -1202.05
-1300.36 -1202.05
-1304.76 -1202.05
-1343.65 -1202.05
-1299.81 -1202.05
-1389.34 -1202.05
-1256.00 -1202.05
-1424.98 -1202.05
-1271.99 -1202.05
-1375.97 -1202.05
-1287.92 -1202.05
-1277.48 -1202.05
-1237.29 -1202.05
-1240.04 -1202.05
-1459.75 -1202.05
-1340.64 -1202.05
-1268.45 -1202.05
-1224.78 -1202.05
-1358.36 -1202.05
-1379.24 -1202.05
-1311.61 -1202.05
-1362.48 -1202.05
-1240.44 -1202.05
-1294.19 -1202.05
-1311.14 -1202.05
-1273.65 -1202.05
-1373.42 -1202.05
-1181.27 -1181.27
-1221.90 -1181.27
-1303.76 -1181.27
-1308.28 -1181.27
-1284.22 -1181.27
-1290.12 -1181.27
-1301.99 -1181.27
-1336.30 -1181.27
-1287.24 -1181.27
-1470.17 -1181.27
-1288.71 -1181.27
-1286.55 -1181.27
-1338.07 -1181.27
-1241.14 -1181.27
-1186.08 -1181.27
-1409.03 -1181.27
-1300.92 -1181.27
-1256.71 -1181.27
-1380.80 -1181.27
-1303.24 -1181.27
-1249.24 -1181.27
-1286.67 -1181.27
-1322.66 -1181.27
-1333.50 -1181.27
-1264.51 -1181.27
-1375.25 -1181.27
-1352.01 -1181.27
-1392.75 -1181.27
-1265.87 -1181.27
-1253.32 -1181.27
-1117.06 -1117.06
-1189.36 -1117.06
-1348.31 -1117.06
-1201.50 -1117.06
-1226.62 -1117.06
-1366.90 -1117.06
-1309.69 -1117.06
-1391.92 -1117.06
-1401.28 -1117.06
-1262.19 -1117.06
-1266.06 -1117.06
-1303.66 -1117.06
-1358.76 -1117.06
-1251.20 -1117.06
-1388.34 -1117.06
-1296.95 -1117.06
-1374.64 -1117.06
-1244.05 -1117.06
-1293.73 -1117.06
-1340.40 -1117.06
-1193.47 -1117.06
-1202.12 -1117.06
-1292.12 -1117.06
-1247.78 -1117.06
-1306.15 -1117.06
-1291.75 -1117.06
-1296.01 -1117.06
-1276.26 -1117.06
-1293.22 -1117.06
-1237.23 -1117.06
-1326.76 -1117.06
-1252.15 -1117.06
-1362.52 -1117.06
-1250.16 -1117.06
-1204.65 -1117.06
-1290.38 -1117.06
-1370.09 -1117.06
-1279.26 -1117.06
-1268.57 -1117.06
-1376.08 -1117.06
-1167.15 -1117.06
-1431.15 -1117.06
-1348.61 -1117.06
-1313.15 -1117.06
-1339.61 -1117.06
-1218.11 -1117.06
-1202.81 -1117.06
-1355.38 -1117.06
-1301.61 -1117.06
-1231.05 -1117.06
-1400.13 -1117.06
-1393.30 -1117.06
-1343.20 -1117.06
-1343.14 -1117.06
-1231.52 -1117.06
-1289.88 -1117.06
-1291.86 -1117.06
-1323.16 -1117.06
-1296.17 -1117.06
-1288.80 -1117.06
-1305.87 -1117.06
-1257.71 -1117.06
-1358.43 -1117.06
-1243.89 -1117.06
-1343.61 -1117.06
-1269.42 -1117.06
-1313.26 -1117.06
-1271.76 -1117.06
-1291.10 -1117.06
-1343.51 -1117.06
-1437.29 -1117.06
-1317.91 -1117.06
-1309.67 -1117.06
-1228.80 -1117.06
-1352.54 -1117.06
-1292.25 -1117.06
-1230.74 -1117.06
-1182.20 -1117.06
-1193.66 -1117.06
-1207.90 -1117.06
-1261.48 -1117.06
-1242.81 -1117.06
-1272.89 -1117.06
-1237.53 -1117.06
-1414.60 -1117.06
-1211.29 -1117.06
-1281.08 -1117.06
-1320.65 -1117.06
-1342.62 -1117.06
-1235.72 -1117.06
-1202.20 -1117.06
-1214.82 -1117.06
-1283.49 -1117.06
-1247.74 -1117.06
-1297.82 -1117.06
-1344.74 -1117.06
-1298.47 -1117.06
-1273.65 -1117.06
-1350.09 -1117.06
-1251.55 -1117.06
-1290.59 -1117.06
-1306.64 -1117.06
-1241.92 -1117.06
-1271.48 -1117.06
-1307.22 -1117.06
-1323.26 -1117.06
-1274.70 -1117.06
-1354.48 -1117.06
-1258.95 -1117.06
-1290.54 -1117.06
-1301.05 -1117.06
-1337.23 -1117.06
-1256.72 -1117.06
-1288.78 -1117.06
-1305.09 -1117.06
-1336.51 -1117.06
-1274.16 -1117.06
-1305.94 -1117.06
-1417.56 -1117.06
-1292.67 -1117.06
-1200.83 -1117.06
-1288.42 -1117.06
-1169.12 -1117.06
-1274.15 -1117.06
-1288.29 -1117.06
-1302.67 -1117.06
-1285.86 -1117.06
-1311.70 -1117.06
-1247.51 -1117.06
-1270.93 -1117.06
-1315.99 -1117.06
-1252.88 -1117.06
-1354.90 -1117.06
-1373.06 -1117.06
-1257.85 -1117.06
-1387.58 -1117.06
-1218.72 -1117.06
-1274.32 -1117.06
-1414.54 -1117.06
-1392.86 -1117.06
-1293.63 -1117.06
-1322.24 -1117.06
-1232.99 -1117.06
-1380.63 -1117.06
-1258.99 -1117.06
-1293.64 -1117.06
-1252.07 -1117.06
-1180.56 -1117.06
-1201.50 -1117.06
-1252.75 -1117.06
-1278.56 -1117.06
-1273.93 -1117.06
-1286.59 -1117.06
-1319.22 -1117.06
-1375.11 -1117.06
-1263.58 -1117.06
-1238.80 -1117.06
-1408.11 -1117.06
-1291.92 -1117.06
-1267.91 -1117.06
-1211.34 -1117.06
-1294.07 -1117.06
-1348.43 -1117.06
-1305.41 -1117.06
-1380.44 -1117.06
-1228.82 -1117.06
-1393.01 -1117.06
-1344.36 -1117.06
-1224.16 -1117.06
-1319.40 -1117.06
-1358.90 -1117.06
-1312.15 -1117.06
-1294.87 -1117.06
-1307.65 -1117.06
-1338.17 -1117.06
-1281.65 -1117.06
-1316.62 -1117.06
-1223.65 -1117.06
-1245.92 -1117.06
-1259.10 -1117.06
-1165.90 -1117.06
-1299.16 -1117.06
-1461.00 -1117.06
-1277.37 -1117.06
-1234.09 -1117.06
-1307.57 -1117.06
-1317.37 -1117.06
-1356.98 -1117.06
-1315.84 -1117.06
-1329.06 -1117.06
-1376.06 -1117.06
-1222.86 -1117.06
-1219.70 -1117.06
-1279.81 -1117.06
-1248.87 -1117.06
-1351.57 -1117.06
-1215.89 -1117.06
-1320.01 -1117.06
-1319.76 -1117.06
-1283.62 -1117.06
-1210.01 -1117.06
-1364.91 -1117.06
-1405.36 -1117.06
-1319.53 -1117.06
-1498.81 -1117.06
-1329.70 -1117.06
-1306.78 -1117.06
-1311.67 -1117.06
-1252.91 -1117.06
-1423.40 -1117.06
-1233.68 -1117.06
-1302.74 -1117.06
-1269.57 -1117.06
-1232.99 -1117.06
-1213.51 -1117.06
-1296.04 -1117.06
-1338.11 -1117.06
-1255.40 -1117.06
-1302.94 -1117.06
-1288.40 -1117.06
-1252.99 -1117.06
-1205.91 -1117.06
-1532.94 -1532.94
-1561.49 -1532.94
-1600.85 -1532.94
-1539.70 -1532.94
-1513.00 -1513.00
-1504.37 -1504.37
-1503.14 -1503.14
-1558.50 -1503.14
-1491.94 -1491.94
-1508.22 -1491.94
-1542.39 -1491.94
-1607.05 -1491.94
-1542.33 -1491.94
-1557.66 -1491.94
-1515.25 -1491.94
-1521.16 -1491.94
-1570.25 -1491.94
-1514.63 -1491.94
-1491.73 -1491.73
-1526.73 -1491.73
-1588.70 -1491.73
-1579.11 -1491.73
-1509.67 -1491.73
-1520.81 -1491.73
-1522.52 -1491.73
-1494.47 -1491.73
-1572.14 -1491.73
-1472.34 -1472.34
-1475.30 -1472.34
-1506.60 -1472.34
-1473.28 -1473.28
-1498.90 -1473.28
-1556.70 -1473.28
-1494.84 -1473.28
-1506.86 -1473.28
-1601.60 -1473.28
-1485.97 -1473.28
-1522.03 -1473.28
-1528.76 -1473.28
-1498.41 -1473.28
-1459.01 -1459.01
-1466.20 -1459.01
-1476.39 -1459.01
-1501.71 -1459.01
-1500.52 -1459.01
-1499.79 -1459.01
-1502.25 -1459.01
-1464.92 -1459.01
-1512.83 -1459.01
-1521.26 -1459.01
-1557.74 -1459.01
-1484.77 -1459.01
-1454.96 -1454.96
-1490.65 -1454.96
-1462.90 -1454.96
-1487.53 -1454.96
-1456.36 -1454.96
-1499.31 -1454.96
-1540.54 -1454.96
-1501.44 -1454.96
-1486.36 -1454.96
-1505.23 -1454.96
-1511.13 -1454.96
-1514.27 -1454.96
-1584.22 -1454.96
-1468.27 -1454.96
-1554.52 -1454.96
-1511.63 -1454.96
-1491.63 -1454.96
-1461.39 -1454.96
-1532.91 -1454.96
-1497.32 -1454.96
-1491.42 -1454.96
-1567.92 -1454.96
-1500.56 -1454.96
-1498.49 -1454.96
-1588.97 -1454.96
-1465.16 -1454.96
-1497.92 -1454.96
-1471.27 -1454.96
-1521.85 -1454.96
-1503.80 -1454.96
-1509.11 -1454.96
-1496.48 -1454.96
-1482.89 -1454.96
-1469.80 -1454.96
-1503.63 -1454.96
-1538.69 -1454.96
-1532.76 -1454.96
-1495.90 -1454.96
-1539.10 -1454.96
-1511.75 -1454.96
-1533.20 -1454.96
-1506.11 -1454.96
-1466.03 -1454.96
-1557.28 -1454.96
-1463.70 -1454.96
-1399.62 -1399.62
-1493.22 -1399.62
-1458.43 -1399.62
-1501.18 -1399.62
-1487.63 -1399.62
-1487.39 -1399.62
-1512.43 -1399.62
-1519.99 -1399.62
-1458.05 -1399.62
-1467.17 -1399.62
-1478.69 -1399.62
-1459.67 -1399.62
-1448.84 -1399.62
-1472.71 -1399.62
-1435.58 -1399.62
-1449.71 -1399.62
-1585.35 -1399.62
-1472.57 -1399.62
-1472.15 -1399.62
-1420.46 -1399.62
-1532.94 -1399.62
-1521.35 -1399.62
-1520.87 -1399.62
-1466.25 -1399.62
-1468.94 -1399.62
-1440.69 -1399.62
-1445.85 -1399.62
-1551.69 -1399.62
-1498.74 -1399.62
-1555.08 -1399.62
-1535.84 -1399.62
-1467.19 -1399.62
-1499.61 -1399.62
-1445.35 -1399.62
-1473.41 -1399.62
-1460.66 -1399.62
-1467.15 -1399.62
-1517.18 -1399.62
-1473.90 -1399.62
-1462.23 -1399.62
-1458.83 -1399.62
-1476.33 -1399.62
-1529.28 -1399.62
-1442.60 -1399.62
-1463.72 -1399.62
-1489.77 -1399.62
-1430.64 -1399.62
-1501.16 -1399.62
-1436.58 -1399.62
-1499.50 -1399.62
-1528.70 -1399.62
-1490.37 -1399.62
-1524.35 -1399.62
-1464.05 -1399.62
-1479.73 -1399.62
-1509.97 -1399.62
-1547.54 -1399.62
-1470.09 -1399.62
-1486.75 -1399.62
-1498.13 -1399.62
-1488.93 -1399.62
-1472.56 -1399.62
-1407.46 -1399.62
-1453.12 -1399.62
-1520.21 -1399.62
-1473.06 -1399.62
-1445.58 -1399.62
-1561.24 -1399.62
-1496.47 -1399.62
-1470.72 -1399.62
-1479.79 -1399.62
-1440.91 -1399.62
-1459.93 -1399.62
-1500.33 -1399.62
-1455.07 -1399.62
-1464.20 -1399.62
-1457.43 -1399.62
-1466.57 -1399.62
-1513.89 -1399.62
-1517.19 -1399.62
-1441.21 -1399.62
-1527.19 -1399.62
-1572.44 -1399.62
-1491.88 -1399.62
-1478.91 -1399.62
-1541.51 -1399.62
-1484.91 -1399.62
-1471.86 -1399.62
-1404.19 -1399.62
-1542.16 -1399.62
-1474.29 -1399.62
-1534.15 -1399.62
-1523.47 -1399.62
-1483.50 -1399.62
-1526.60 -1399.62
-1510.06 -1399.62
-1521.04 -1399.62
-1499.39 -1399.62
-1419.69 -1399.62
-1500.03 -1399.62
-1440.69 -1399.62
-1459.54 -1399.62
-1484.28 -1399.62
-1493.44 -1399.62
-1531.25 -1399.62
-1470.18 -1399.62
-1513.56 -1399.62
-1487.39 -1399.62
-1550.06 -1399.62
-1458.14 -1399.62
-1424.27 -1399.62
-1471.39 -1399.62
-1495.25 -1399.62
-1512.55 -1399.62
-1441.63 -1399.62
-1493.14 -1399.62
-1462.04 -1399.62
-1476.72 -1399.62
-1415.56 -1399.62
-1466.37 -1399.62
-1518.08 -1399.62
-1448.05 -1399.62
-1446.92 -1399.62
-1506.98 -1399.62
-1539.30 -1399.62
-1481.95 -1399.62
-1432.00 -1399.62
-1487.86 -1399.62
-1434.49 -1399.62
-1494.11 -1399.62
-1485.61 -1399.62
-1490.76 -1399.62
-1505.61 -1399.62
-1535.16 -1399.62
-1475.66 -1399.62
-1524.15 -1399.62
-1567.10 -1399.62
-1535.02 -1399.62
-1550.86 -1399.62
-1457.10 -1399.62
-1443.30 -1399.62
-1537.03 -1399.62
-1478.94 -1399.62
-1474.81 -1399.62
-1436.03 -1399.62
-1479.88 -1399.62
-1531.94 -1399.62
-1481.93 -1399.62
-1567.16 -1399.62
-1517.37 -1399.62
-1533.31 -1399.62
-1431.23 -1399.62
-1426.10 -1399.62
-1519.39 -1399.62
-1486.90 -1399.62
-1451.31 -1399.62
-1438.79 -1399.62
-1458.65 -1399.62
-1528.61 -1399.62
-1478.19 -1399.62
-1465.36 -1399.62
-1486.09 -1399.62
-1520.92 -1399.62
-1469.28 -1399.62
-1438.97 -1399.62
-1472.25 -1399.62
-1434.14 -1399.62
-1505.06 -1399.62
-1477.85 -1399.62
-1506.60 -1399.62
-1533.38 -1399.62
-1468.25 -1399.62
-1466.33 -1399.62
-1512.00 -1399.62
-1459.63 -1399.62
-1471.40 -1399.62
-1444.74 -1399.62
-1463.34 -1399.62
-1476.50 -1399.62
-1467.00 -1399.62
-1452.90 -1399.62
-1480.84 -1399.62
-1421.23 -1399.62
-1470.17 -1399.62
-1466.92 -1399.62
-1477.67 -1399.62
-1522.42 -1399.62
-1504.63 -1399.62
-1465.10 -1399.62
-1572.79 -1399.62
-1466.72 -1399.62
-1462.55 -1399.62
-1480.70 -1399.62
-1486.76 -1399.62
-1430.79 -1399.62
-1473.01 -1399.62
-1485.02 -1399.62
-1511.25 -1399.62
-1478.48 -1399.62
-1459.87 -1399.62
-1489.75 -1399.62
-1529.73 -1399.62
-1475.55 -1399.62
-1491.45 -1399.62
-1451.58 -1399.62
-1453.58 -1399.62
-1464.04 -1399.62
-1456.58 -1399.62
-1476.68 -1399.62
-1518.64 -1399.62
-1518.02 -1399.62
-1454.86 -1399.62
-1464.20 -1399.62
-1436.61 -1399.62
-1513.08 -1399.62
-1464.38 -1399.62
-1484.05 -1399.62
-1450.84 -1399.62
-1551.97 -1399.62
-1444.42 -1399.62
-1459.18 -1399.62
-1533.47 -1399.62
-1462.46 -1399.62
-1487.75 -1399.62
-1490.88 -1399.62
-1520.94 -1399.62
-1462.92 -1399.62
-1563.58 -1399.62
-1512.93 -1399.62
-1469.27 -1399.62
-1480.31 -1399.62
-1435.86 -1399.62
-1466.52 -1399.62
-1444.77 -1399.62
-1527.74 -1399.62
-1461.47 -1399.62
-1464.06 -1399.62
-1527.69 -1399.62
-1517.37 -1399.62
-1522.98 -1399.62
-1517.47 -1399.62
-1512.76 -1399.62
-1458.56 -1399.62
-1499.23 -1399.62
-1508.16 -1399.62
-1464.58 -1399.62
-1520.79 -1399.62
-1536.40 -1399.62
-1463.81 -1399.62
-1529.56 -1399.62
-1445.57 -1399.62
-1516.49 -1399.62
-1461.70 -1399.62
-1562.55 -1399.62
-1504.50 -1399.62
-1500.35 -1399.62
-1474.75 -1399.62
-1525.53 -1399.62
-1478.03 -1399.62
-1481.35 -1399.62
-1562.29 -1399.62
-1461.63 -1399.62
-1558.75 -1399.62
-1501.25 -1399.62
-1452.56 -1399.62
-1446.52 -1399.62
-1519.34 -1399.62
-1487.06 -1399.62
-1556.39 -1399.62
-1474.04 -1399.62
-1480.26 -1399.62
-1458.42 -1399.62
-1496.74 -1399.62
-1458.20 -1399.62
-1503.81 -1399.62
-1443.37 -1399.62
-1468.69 -1399.62
-1523.08 -1399.62
-1543.26 -1399.62
-1468.96 -1399.62
-1524.48 -1399.62
-1454.07 -1399.62
-1529.80 -1399.62
-1471.72 -1399.62
-1464.84 -1399.62
-1476.25 -1399.62
-1510.41 -1399.62
-1481.58 -1399.62
-1494.81 -1399.62
-1475.92 -1399.62
-1454.70 -1399.62
-1440.97 -1399.62
-1455.26 -1399.62
-1455.70 -1399.62
-1461.12 -1399.62
-1438.34 -1399.62
-1526.57 -1399.62
-1511.04 -1399.62
-1520.87 -1399.62
-1527.48 -1399.62
-1468.63 -1399.62
-1458.05 -1399.62
-1453.70 -1399.62
-1502.01 -1399.62
-1549.51 -1399.62
-1509.56 -1399.62
-1483.29 -1399.62
-1548.26 -1399.62
-1434.71 -1399.62
-1583.64 -1399.62
-1524.13 -1399.62
-1480.87 -1399.62
-1575.78 -1399.62
-1492.84 -1399.62
-1462.21 -1399.62
-1440.73 -1399.62
-1494.07 -1399.62
-1459.74 -1399.62
-1463.17 -1399.62
-1535.28 -1535.28
-1592.97 -1535.28
-1556.02 -1535.28
-1547.14 -1535.28
-1517.19 -1517.19
-1503.90 -1503.90
-1538.83 -1503.90
-1514.72 -1503.90
-1490.29 -1490.29
-1548.33 -1490.29
-1531.09 -1490.29
-1535.40 -1490.29
-1531.84 -1490.29
-1510.09 -1490.29
-1547.31 -1490.29
-1565.82 -1490.29
-1543.59 -1490.29
-1514.42 -1490.29
-1545.21 -1490.29
-1534.25 -1490.29
-1520.51 -1490.29
-1583.23 -1490.29
-1554.91 -1490.29
-1530.46 -1490.29
-1565.40 -1490.29
-1520.52 -1490.29
-1587.71 -1490.29
-1541.17 -1490.29
-1526.03 -1490.29
-1582.99 -1490.29
-1561.23 -1490.29
-1511.34 -1490.29
-1529.62 -1490.29
-1522.00 -1490.29
-1564.33 -1490.29
-1524.23 -1490.29
-1526.67 -1490.29
-1537.56 -1490.29
-1522.74 -1490.29
-1539.26 -1490.29
-1568.50 -1490.29
-1534.72 -1490.29
-1514.57 -1490.29
-1511.26 -1490.29
-1545.34 -1490.29
-1537.05 -1490.29
-1523.36 -1490.29
-1533.85 -1490.29
-1549.74 -1490.29
-1527.17 -1490.29
-1560.25 -1490.29
-1493.22 -1490.29
-1521.25 -1490.29
-1525.66 -1490.29
-1530.37 -1490.29
-1541.39 -1490.29
-1558.70 -1490.29
-1540.05 -1490.29
-1549.21 -1490.29
-1535.74 -1490.29
-1496.44 -1490.29
-1525.07 -1490.29
-1516.74 -1490.29
-1556.99 -1490.29
-1545.29 -1490.29
-1551.99 -1490.29
-1559.31 -1490.29
-1535.45 -1490.29
-1590.90 -1490.29
-1519.34 -1490.29
-1527.59 -1490.29
-1542.29 -1490.29
-1521.76 -1490.29
-1469.68 -1469.68
-1505.71 -1469.68
-1502.16 -1469.68
-1517.63 -1469.68
-1551.03 -1469.68
-1535.68 -1469.68
-1568.83 -1469.68
-1482.74 -1469.68
-1509.77 -1469.68
-1553.48 -1469.68
-1574.41 -1469.68
-1613.56 -1469.68
-1508.41 -1469.68
-1525.52 -1469.68
-1522.93 -1469.68
-1565.04 -1469.68
-1542.32 -1469.68
-1506.08 -1469.68
-1524.87 -1469.68
-1507.05 -1469.68
-1537.63 -1469.68
-1548.49 -1469.68
-1552.97 -1469.68
-1531.48 -1469.68
-1531.36 -1469.68
-1528.74 -1469.68
-1512.79 -1469.68
-1480.71 -1469.68
-1572.11 -1469.68
-1507.10 -1469.68
-1486.30 -1469.68
-1603.19 -1469.68
-1514.29 -1469.68
-1532.98 -1469.68
-1513.66 -1469.68
-1503.11 -1469.68
-1585.65 -1469.68
-1577.89 -1469.68
-1573.76 -1469.68
-1512.99 -1469.68
-1577.53 -1469.68
-1526.64 -1469.68
-1529.45 -1469.68
-1517.38 -1469.68
-1521.58 -1469.68
-1552.21 -1469.68
-1486.66 -1469.68
-1594.66 -1469.68
-1532.80 -1469.68
-1563.73 -1469.68
-1508.04 -1469.68
-1528.09 -1469.68
-1550.61 -1469.68
-1556.74 -1469.68
-1550.89 -1469.68
-1507.49 -1469.68
-1541.69 -1469.68
-1564.65 -1469.68
-1530.55 -1469.68
-1499.31 -1469.68
-1497.48 -1469.68
-1522.38 -1469.68
-1508.03 -1469.68
-1524.84 -1469.68
-1498.12 -1469.68
-1528.03 -1469.68
-1528.80 -1469.68
-1558.17 -1469.68
-1526.86 -1469.68
-1511.54 -1469.68
-1579.33 -1469.68
-1540.32 -1469.68
-1540.18 -1469.68
-1542.63 -1469.68
-1520.25 -1469.68
-1499.33 -1469.68
-1504.23 -1469.68
-1538.53 -1469.68
-1539.38 -1469.68
-1510.49 -1469.68
-1489.48 -1469.68
-1513.03 -1469.68
-1550.21 -1469.68
-1557.85 -1469.68
-1517.26 -1469.68
-1596.38 -1469.68
-1516.14 -1469.68
-1542.21 -1469.68
-1490.22 -1469.68
-1547.71 -1469.68
-1478.28 -1469.68
-1539.22 -1469.68
-1535.55 -1469.68
-1535.97 -1469.68
-1506.92 -1469.68
-1532.96 -1469.68
-1538.27 -1469.68
-1542.03 -1469.68
-1506.55 -1469.68
-1528.25 -1469.68
-1493.20 -1469.68
-1548.73 -1469.68
-1493.66 -1469.68
-1480.99 -1469.68
-1508.73 -1469.68
-1517.23 -1469.68
-1515.36 -1469.68
-1523.66 -1469.68
-1503.30 -1469.68
-1544.03 -1469.68
-1496.92 -1469.68
-1516.69 -1469.68
-1616.78 -1469.68
-1523.63 -1469.68
-1565.02 -1469.68
-1527.29 -1469.68
-1563.92 -1469.68
-1542.14 -1469.68
-1485.76 -1469.68
-1554.88 -1469.68
-1522.05 -1469.68
-1553.57 -1469.68
-1463.20 -1463.20
-1483.58 -1463.20
-1469.11 -1463.20
-1455.12 -1455.12
-1455.81 -1455.12
-1473.31 -1455.12
-1484.86 -1455.12
-1485.34 -1455.12
-1452.16 -1452.16
-1481.77 -1452.16
-1496.37 -1452.16
-1474.14 -1452.16
-1487.81 -1452.16
-1467.20 -1452.16
-1492.62 -1452.16
-1447.89 -1447.89
-1478.95 -1447.89
-1376.73 -1376.73
-1447.38 -1376.73
-1394.64 -1376.73
-1406.06 -1376.73
-1372.29 -1372.29
-1426.37 -1372.29
-1428.56 -1372.29
-1430.62 -1372.29
-1382.85 -1372.29
-1379.04 -1372.29
-1447.08 -1372.29
-1397.07 -1372.29
-1296.52 -1296.52
-1349.04 -1296.52
-1339.07 -1296.52
-1319.41 -1296.52
-1389.56 -1296.52
-1349.05 -1296.52
-1292.35 -1292.35
-1354.98 -1292.35
-1373.51 -1292.35
-1332.85 -1292.35
-1376.86 -1292.35
-1417.83 -1292.35
-1409.16 -1292.35
-1368.11 -1292.35
-1384.85 -1292.35
-1412.39 -1292.35
-1359.36 -1292.35
-1356.75 -1292.35
-1441.88 -1292.35
-1403.52 -1292.35
-1431.61 -1292.35
-1283.16 -1283.16
-1283.66 -1283.66
-1328.32 -1283.66
-1298.52 -1283.66
-1251.02 -1251.02
-1282.51 -1251.02
-1267.28 -1251.02
-1255.87 -1251.02
-1381.14 -1251.02
-1242.28 -1242.28
-1292.72 -1242.28
-1278.98 -1242.28
-1354.52 -1242.28
-1301.10 -1242.28
-1303.18 -1242.28
-1335.91 -1242.28
-1327.06 -1242.28
-1365.27 -1242.28
-1377.71 -1242.28
-1421.67 -1242.28
-1376.33 -1242.28
-1226.72 -1226.72
-1298.09 -1226.72
-1282.61 -1226.72
-1224.29 -1224.29
-1258.98 -1224.29
-1356.48 -1224.29
-1250.92 -1224.29
-1346.11 -1224.29
-1298.14 -1224.29
-1293.67 -1224.29
-1348.17 -1224.29
-1256.95 -1224.29
-1356.49 -1224.29
-1272.36 -1224.29
-1466.29 -1224.29
-1299.36 -1224.29
-1239.80 -1224.29
-1303.37 -1224.29
-1257.97 -1224.29
-1338.22 -1224.29
-1230.45 -1224.29
-1290.63 -1224.29
-1310.01 -1224.29
-1217.00 -1217.00
-1194.54 -1194.54
-1189.37 -1189.37
-1224.78 -1189.37
-1341.85 -1189.37
-1257.88 -1189.37
-1316.53 -1189.37
-1312.53 -1189.37
-1293.49 -1189.37
-1221.82 -1189.37
-1244.64 -1189.37
-1203.68 -1189.37
-1297.07 -1189.37
-1295.93 -1189.37
-1321.29 -1189.37
-1218.40 -1189.37
-1298.64 -1189.37
-1325.72 -1189.37
-1241.56 -1189.37
-1225.14 -1189.37
-1296.45 -1189.37
-1272.80 -1189.37
-1300.29 -1189.37
-1280.91 -1189.37
-1285.21 -1189.37
-1225.10 -1189.37
-1303.64 -1189.37
-1273.68 -1189.37
-1176.65 -1176.65
-1304.77 -1176.65
-1277.01 -1176.65
-1292.47 -1176.65
-1250.65 -1176.65
-1256.95 -1176.65
-1334.07 -1176.65
-1152.93 -1152.93
-1344.01 -1152.93
-1312.05 -1152.93
-1261.81 -1152.93
-1258.04 -1152.93
-1311.99 -1152.93
-1213.91 -1152.93
-1291.27 -1152.93
-1344.01 -1152.93
-1287.72 -1152.93
-1337.52 -1152.93
-1258.13 -1152.93
-1259.87 -1152.93
-1333.78 -1152.93
-1321.58 -1152.93
-1382.96 -1152.93
-1291.51 -1152.93
-1403.13 -1152.93
-1242.78 -1152.93
-1247.16 -1152.93
-1307.28 -1152.93
-1278.40 -1152.93
-1313.25 -1152.93
-1342.43 -1152.93
-1326.47 -1152.93
-1360.93 -1152.93
-1324.64 -1152.93
-1301.84 -1152.93
-1285.45 -1152.93
-1235.25 -1152.93
-1315.02 -1152.93
-1385.68 -1152.93
-1322.02 -1152.93
-1287.59 -1152.93
-1272.73 -1152.93
-1169.63 -1152.93
-1258.36 -1152.93
-1322.00 -1152.93
-1363.19 -1152.93
-1238.44 -1152.93
-1259.66 -1152.93
-1282.45 -1152.93
-1218.28 -1152.93
-1312.25 -1152.93
-1290.62 -1152.93
-1332.29 -1152.93
-1194.82 -1152.93
-1260.55 -1152.93
-1255.53 -1152.93
-1239.88 -1152.93
-1244.61 -1152.93
-1350.68 -1152.93
-1191.39 -1152.93
-1277.78 -1152.93
-1307.48 -1152.93
-1357.82 -1152.93
-1302.15 -1152.93
-1260.47 -1152.93
-1264.56 -1152.93
-1309.06 -1152.93
-1308.97 -1152.93
-1292.55 -1152.93
-1351.83 -1152.93
-1354.48 -1152.93
-1289.94 -1152.93
-1372.01 -1152.93
-1278.83 -1152.93
-1343.25 -1152.93
-1261.63 -1152.93
-1344.33 -1152.93
-1240.24 -1152.93
-1221.54 -1152.93
-1233.55 -1152.93
-1293.71 -1152.93
-1358.95 -1152.93
-1385.84 -1152.93
-1281.30 -1152.93
-1301.97 -1152.93
-1312.78 -1152.93
-1325.60 -1152.93
-1214.17 -1152.93
-1241.39 -1152.93
-1296.54 -1152.93
-1272.39 -1152.93
-1369.66 -1152.93
-1321.21 -1152.93
-1367.86 -1152.93
-1417.30 -1152.93
-1341.15 -1152.93
-1278.05 -1152.93
-1340.95 -1152.93
-1324.11 -1152.93
-1525.27 -1525.27
-1595.95 -1525.27
-1559.12 -1525.27
-1544.04 -1525.27
