-10000.00 -10000.00
-1105.57 -10000.00
-1085.78 -10000.00
-1097.66 -10000.00
-1095.18 -10000.00
-1085.78 -10000.00
-1080.77 -10000.00
-1060.87 -1060.87
-1041.84 -1041.84
-1070.40 -1041.84
-1087.57 -1041.84
-1099.34 -1041.84
-1082.53 -1041.84
-1066.96 -1041.84
-1076.85 -1041.84
-1065.60 -1041.84
-1077.40 -1041.84
-1081.60 -1041.84
-1083.76 -1041.84
-1075.72 -1041.84
-1059.37 -1041.84
-1066.49 -1041.84
-1122.02 -1041.84
-1087.78 -1041.84
-1105.17 -1041.84
-1062.02 -1041.84
-1059.23 -1041.84
-1068.79 -1041.84
-1100.88 -1041.84
-1068.01 -1041.84
-1070.73 -1041.84
-1117.91 -1041.84
-1079.46 -1041.84
-1080.99 -1041.84
-1073.63 -1041.84
-1071.30 -1041.84
-1074.38 -1041.84
-1096.82 -1041.84
-1062.20 -1041.84
-1089.11 -1041.84
-1110.61 -1041.84
-1061.67 -1041.84
-1057.31 -1041.84
-1077.08 -1041.84
-1076.39 -1041.84
-1070.42 -1041.84
-1073.39 -1041.84
-1077.30 -1041.84
-1089.07 -1041.84
-1078.57 -1041.84
-1062.99 -1041.84
-1059.59 -1041.84
-1066.25 -1041.84
-1064.98 -1041.84
-1075.86 -1041.84
-1088.26 -1041.84
-1071.70 -1041.84
-1094.33 -1041.84
-1087.59 -1041.84
-1083.46 -1041.84
-1084.86 -1041.84
-1065.22 -1041.84
-1071.68 -1041.84
-1051.43 -1041.84
-1059.33 -1041.84
-1071.39 -1041.84
-1076.04 -1041.84
-1110.74 -1041.84
-1095.99 -1041.84
-1087.81 -1041.84
-1053.91 -1041.84
-1072.86 -1041.84
-1068.29 -1041.84
-1062.28 -1041.84
-1062.29 -1041.84
-1076.80 -1041.84
-1058.27 -1041.84
-1055.00 -1041.84
-1072.24 -1041.84
-1069.63 -1041.84
-1062.43 -1041.84
-1070.86 -1041.84
-1067.86 -1041.84
-1055.63 -1041.84
-1064.38 -1041.84
-1073.42 -1041.84
-1095.64 -1041.84
-1064.78 -1041.84
-1078.01 -1041.84
-1077.94 -1041.84
-1104.65 -1041.84
-1067.62 -1041.84
-1082.64 -1041.84
-1082.88 -1041.84
-1083.13 -1041.84
-1092.97 -1041.84
-1076.46 -1041.84
-1071.75 -1041.84
-1070.19 -1041.84
-1096.82 -1041.84
-1092.84 -1041.84
-1072.44 -1041.84
-1081.88 -1041.84
-1065.91 -1041.84
-1059.99 -1041.84
-1082.59 -1041.84
-1064.72 -1041.84
-1046.78 -1041.84
-1079.92 -1041.84
-1083.20 -1041.84
-1082.24 -1041.84
-1087.96 -1041.84
-1050.74 -1041.84
-1058.68 -1041.84
-1106.45 -1041.84
-1062.42 -1041.84
-1102.01 -1041.84
-1088.20 -1041.84
-1078.05 -1041.84
-1074.74 -1041.84
-1066.57 -1041.84
-1088.45 -1041.84
-1052.16 -1041.84
-1078.55 -1041.84
-1062.26 -1041.84
-1109.65 -1041.84
-1080.30 -1041.84
-1076.18 -1041.84
-1101.03 -1041.84
-1049.03 -1041.84
-1061.23 -1041.84
-1083.97 -1041.84
-1057.44 -1041.84
-1064.41 -1041.84
-1089.83 -1041.84
-1067.91 -1041.84
-1084.99 -1041.84
-1084.03 -1041.84
-1061.40 -1041.84
-1083.65 -1041.84
-1081.93 -1041.84
-1052.29 -1041.84
-1073.96 -1041.84
-1063.78 -1041.84
-1059.20 -1041.84
-1065.05 -1041.84
-1076.04 -1041.84
-1065.57 -1041.84
-1068.62 -1041.84
-1089.18 -1041.84
-1111.69 -1041.84
-1084.18 -1041.84
-1092.32 -1041.84
-1076.58 -1041.84
-1069.80 -1041.84
-1062.31 -1041.84
-1092.72 -1041.84
-1062.80 -1041.84
-1081.13 -1041.84
-1099.43 -1041.84
-1087.95 -1041.84
-1081.45 -1041.84
-1065.15 -1041.84
-1086.76 -1041.84
-1123.27 -1041.84
-1081.18 -1041.84
-1076.83 -1041.84
-1074.85 -1041.84
-1099.91 -1041.84
-1097.45 -1041.84
-1085.28 -1041.84
-1106.77 -1041.84
-1080.64 -1041.84
-1085.95 -1041.84
-1097.69 -1041.84
-1069.12 -1041.84
-1071.41 -1041.84
-1084.28 -1041.84
-1061.75 -1041.84
-1057.56 -1041.84
-1083.14 -1041.84
-1097.92 -1041.84
-1119.54 -1041.84
-1104.91 -1041.84
-1079.81 -1041.84
-1110.52 -1041.84
-1067.07 -1041.84
-1077.32 -1041.84
-1061.39 -1041.84
-1097.56 -1041.84
-1062.01 -1041.84
-1072.57 -1041.84
-1090.17 -1041.84
-1090.99 -1041.84
-1076.06 -1041.84
-1073.37 -1041.84
-1079.96 -1041.84
-1050.54 -1041.84
-1054.62 -1041.84
-1067.02 -1041.84
-1073.80 -1041.84
-1095.80 -1041.84
-1102.06 -1041.84
-1057.25 -1041.84
-1069.63 -1041.84
-1069.02 -1041.84
-1095.88 -1041.84
-1057.56 -1041.84
-1059.37 -1041.84
-1072.33 -1041.84
-1067.74 -1041.84
-1111.59 -1041.84
-1116.17 -1041.84
-1080.57 -1041.84
-1068.74 -1041.84
-1052.54 -1041.84
-1074.07 -1041.84
-1065.39 -1041.84
-1076.54 -1041.84
-1070.92 -1041.84
-1064.45 -1041.84
-1078.60 -1041.84
-1086.60 -1041.84
-1113.64 -1041.84
-1079.71 -1041.84
-1082.93 -1041.84
-1078.00 -1041.84
-1096.82 -1041.84
-1103.57 -1041.84
-1073.97 -1041.84
-1070.52 -1041.84
-1092.05 -1041.84
-1078.61 -1041.84
-1072.27 -1041.84
-1087.16 -1041.84
-1085.56 -1041.84
-1079.17 -1041.84
-1075.39 -1041.84
-1057.03 -1041.84
-1074.72 -1041.84
-1083.10 -1041.84
-1073.29 -1041.84
-1065.37 -1041.84
-1058.75 -1041.84
-1095.98 -1041.84
-1071.53 -1041.84
-1084.86 -1041.84
-1079.35 -1041.84
-1068.64 -1041.84
-1062.79 -1041.84
-1078.78 -1041.84
-1072.11 -1041.84
-1078.63 -1041.84
-1060.64 -1041.84
-1083.66 -1041.84
-1088.44 -1041.84
-1048.74 -1041.84
-1079.89 -1041.84
-1064.13 -1041.84
-1119.63 -1041.84
-1065.73 -1041.84
-1068.45 -1041.84
-1079.88 -1041.84
-1065.77 -1041.84
-1085.47 -1041.84
-1075.99 -1041.84
-1120.29 -1041.84
-1068.57 -1041.84
-1061.95 -1041.84
-1085.27 -1041.84
-1070.07 -1041.84
-1082.38 -1041.84
-1075.53 -1041.84
-1070.76 -1041.84
-1064.97 -1041.84
-1071.06 -1041.84
-1069.34 -1041.84
-1114.90 -1041.84
-1044.34 -1041.84
-1078.96 -1041.84
-1061.91 -1041.84
-1084.45 -1041.84
-1053.32 -1041.84
-1095.58 -1041.84
-1091.75 -1041.84
-1082.63 -1041.84
-1084.94 -1041.84
-1052.29 -1041.84
-1065.06 -1041.84
-1101.92 -1041.84
-1097.00 -1041.84
-1079.74 -1041.84
-1078.39 -1041.84
-1107.91 -1041.84
-1069.41 -1041.84
-1087.15 -1041.84
-1076.35 -1041.84
-1065.54 -1041.84
-1066.21 -1041.84
-1081.85 -1041.84
-1077.22 -1041.84
-1064.16 -1041.84
-1070.28 -1041.84
-1093.59 -1041.84
-1102.33 -1041.84
-1080.11 -1041.84
-1080.44 -1041.84
-1068.99 -1041.84
-1072.07 -1041.84
-1066.65 -1041.84
-1061.97 -1041.84
-1060.30 -1041.84
-1075.06 -1041.84
-1112.06 -1041.84
-1058.16 -1041.84
-1071.68 -1041.84
-1079.01 -1041.84
-1077.21 -1041.84
-1072.49 -1041.84
-1084.60 -1041.84
-1091.95 -1041.84
-1075.05 -1041.84
-1070.96 -1041.84
-1055.51 -1041.84
-1073.86 -1041.84
-1083.84 -1041.84
-1067.28 -1041.84
-1109.07 -1041.84
-1074.07 -1041.84
-1096.92 -1041.84
-1084.40 -1041.84
-1060.68 -1041.84
-1114.26 -1041.84
-1095.70 -1041.84
-1083.66 -1041.84
-1069.57 -1041.84
-1089.13 -1041.84
-1087.24 -1041.84
-1064.43 -1041.84
-1070.92 -1041.84
-1075.21 -1041.84
-1069.76 -1041.84
-1088.58 -1041.84
-1086.04 -1041.84
-1095.93 -1041.84
-1073.06 -1041.84
-1085.66 -1041.84
-1074.55 -1041.84
-1080.21 -1041.84
-1054.52 -1041.84
-1113.05 -1041.84
-1081.19 -1041.84
-1087.74 -1041.84
-1088.82 -1041.84
-1067.91 -1041.84
-1070.21 -1041.84
-1073.79 -1041.84
-1056.33 -1041.84
-1075.69 -1041.84
-1112.06 -1041.84
-1087.44 -1041.84
-1070.86 -1041.84
-1112.29 -1041.84
-1093.69 -1041.84
-1072.70 -1041.84
-1103.01 -1041.84
-1060.75 -1041.84
-1078.09 -1041.84
-1051.36 -1041.84
-1091.17 -1041.84
-1063.09 -1041.84
-1081.18 -1041.84
-1052.89 -1041.84
-1091.20 -1041.84
-1055.76 -1041.84
-1058.23 -1041.84
-1074.51 -1041.84
-1089.85 -1041.84
-1068.60 -1041.84
-1056.06 -1041.84
-1082.48 -1041.84
-1100.27 -1041.84
-1107.13 -1041.84
-1087.84 -1041.84
-1098.65 -1041.84
-1103.14 -1041.84
-1075.75 -1041.84
-1077.29 -1041.84
-1086.04 -1041.84
-1062.23 -1041.84
-1073.73 -1041.84
-1075.82 -1041.84
-1058.76 -1041.84
-1090.09 -1041.84
-1064.44 -1041.84
-1053.40 -1041.84
-1070.52 -1041.84
-1056.90 -1041.84
-1057.13 -1041.84
-1068.39 -1041.84
-1069.41 -1041.84
-1070.01 -1041.84
-1095.91 -1041.84
-1061.23 -1041.84
-1067.60 -1041.84
-1071.42 -1041.84
-1049.38 -1041.84
-1077.65 -1041.84
-1061.05 -1041.84
-1089.44 -1041.84
-1080.71 -1041.84
-1073.45 -1041.84
-1059.60 -1041.84
-1096.63 -1041.84
-1084.49 -1041.84
-1084.16 -1041.84
-1042.36 -1041.84
-1126.47 -1041.84
-1114.71 -1041.84
-1067.00 -1067.00
-1056.47 -1056.47
-1060.30 -1056.47
-1053.66 -1053.66
-1059.32 -1053.66
-1073.50 -1053.66
-1067.19 -1053.66
-1089.52 -1053.66
-1092.35 -1053.66
-1076.06 -1053.66
-1067.49 -1053.66
-1074.16 -1053.66
-1049.76 -1049.76
-1101.82 -1049.76
-1094.86 -1049.76
-1061.49 -1049.76
-1059.55 -1049.76
-1093.17 -1049.76
-1031.69 -1031.69
-1057.07 -1031.69
-1069.63 -1031.69
-1029.02 -1029.02
-1066.17 -1029.02
-1066.29 -1029.02
-1053.53 -1029.02
-1049.39 -1029.02
-1031.92 -1029.02
-1069.74 -1029.02
-1100.23 -1029.02
-1023.34 -1023.34
-1026.87 -1023.34
-1073.57 -1023.34
-1095.55 -1023.34
-1047.42 -1023.34
-1041.56 -1023.34
-1032.58 -1023.34
-1022.06 -1022.06
-1039.40 -1022.06
-1027.75 -1022.06
-1038.74 -1022.06
-1055.08 -1022.06
-1065.78 -1022.06
-1038.27 -1022.06
-1027.74 -1022.06
-1050.34 -1022.06
-1068.40 -1022.06
-1048.75 -1022.06
-1023.19 -1022.06
-1085.19 -1022.06
-1067.37 -1022.06
-1052.01 -1022.06
-1046.47 -1022.06
-1067.24 -1022.06
-1070.99 -1022.06
-1040.48 -1022.06
-1071.54 -1022.06
-1058.21 -1022.06
-1083.07 -1022.06
-1054.78 -1022.06
-1012.79 -1012.79
-1035.38 -1012.79
-1031.83 -1012.79
-1093.37 -1012.79
-1011.50 -1011.50
-1046.29 -1011.50
-1048.84 -1011.50
-1033.04 -1011.50
-1083.63 -1011.50
-1036.26 -1011.50
-1008.60 -1008.60
-1025.52 -1008.60
-1023.42 -1008.60
-1034.23 -1008.60
-1007.76 -1007.76
-1037.77 -1007.76
-1051.75 -1007.76
-1077.88 -1007.76
-1058.89 -1007.76
-1063.73 -1007.76
-1071.23 -1007.76
-1039.98 -1007.76
-1046.21 -1007.76
-1040.41 -1007.76
-1034.46 -1007.76
-1038.97 -1007.76
-1021.46 -1007.76
-1080.23 -1007.76
-1047.81 -1007.76
-1005.57 -1005.57
-1026.78 -1005.57
-1022.29 -1005.57
-1006.52 -1006.52
-1042.49 -1006.52
-1038.06 -1006.52
-1026.90 -1006.52
-1023.51 -1006.52
-1010.39 -1006.52
-998.29 -998.29
-983.17 -983.17
-975.18 -975.18
-1046.04 -975.18
-1009.73 -975.18
-1066.34 -975.18
-1019.97 -975.18
-1048.42 -975.18
-997.11 -975.18
-973.52 -973.52
-1003.73 -973.52
-937.98 -937.98
-962.94 -937.98
-973.08 -937.98
-1008.68 -937.98
-1002.54 -937.98
-980.38 -937.98
-1013.14 -937.98
-965.90 -937.98
-984.71 -937.98
-981.30 -937.98
-1010.19 -937.98
-977.82 -937.98
-1017.26 -937.98
-981.52 -937.98
-974.81 -937.98
-995.24 -937.98
-987.31 -937.98
-968.80 -937.98
-978.26 -937.98
-971.29 -937.98
-986.18 -937.98
-943.21 -937.98
-937.22 -937.22
-1037.15 -937.22
-1008.15 -937.22
-980.03 -937.22
-1010.14 -937.22
-1014.81 -937.22
-986.38 -937.22
-1026.76 -937.22
-1036.11 -937.22
-1003.63 -937.22
-909.09 -909.09
-953.42 -909.09
-986.25 -909.09
-962.81 -909.09
-977.06 -909.09
-986.39 -909.09
-986.78 -909.09
-961.10 -909.09
-1020.97 -909.09
-998.60 -909.09
-1006.79 -909.09
-979.94 -909.09
-996.94 -909.09
-999.44 -909.09
-977.00 -909.09
-947.99 -909.09
-1030.62 -909.09
-954.14 -909.09
-998.60 -909.09
-1010.45 -909.09
-989.24 -909.09
-971.52 -909.09
-975.17 -909.09
-961.90 -909.09
-972.06 -909.09
-996.10 -909.09
-952.45 -909.09
-948.94 -909.09
-938.58 -909.09
-950.33 -909.09
-959.64 -909.09
-941.93 -909.09
-952.11 -909.09
-1002.03 -909.09
-990.23 -909.09
-957.73 -909.09
-977.02 -909.09
-967.56 -909.09
-987.48 -909.09
-946.17 -909.09
-952.43 -909.09
-992.24 -909.09
-939.65 -909.09
-993.63 -909.09
-981.91 -909.09
-1019.01 -909.09
-981.26 -909.09
-993.67 -909.09
-952.92 -909.09
-930.17 -909.09
-1012.89 -909.09
-929.52 -909.09
-970.56 -909.09
-988.10 -909.09
-1012.17 -909.09
-943.32 -909.09
-995.14 -909.09
-988.19 -909.09
-969.26 -909.09
-1023.80 -909.09
-963.20 -909.09
-996.54 -909.09
-977.69 -909.09
-1001.59 -909.09
-971.15 -909.09
-925.17 -909.09
-996.06 -909.09
-1049.83 -909.09
-970.55 -909.09
-954.26 -909.09
-927.20 -909.09
-1036.25 -909.09
-1031.42 -909.09
-983.79 -909.09
-927.80 -909.09
-980.14 -909.09
-991.06 -909.09
-1013.72 -909.09
-944.79 -909.09
-999.99 -909.09
-996.38 -909.09
-972.65 -909.09
-1000.60 -909.09
-1013.66 -909.09
-1015.99 -909.09
-928.70 -909.09
-1009.00 -909.09
-980.39 -909.09
-953.97 -909.09
-1004.44 -909.09
-963.71 -909.09
-955.24 -909.09
-974.00 -909.09
-980.30 -909.09
-1041.92 -909.09
-982.21 -909.09
-978.08 -909.09
-1010.16 -909.09
-975.19 -909.09
-936.58 -909.09
-988.62 -909.09
-956.65 -909.09
-982.20 -909.09
-1007.50 -909.09
-954.47 -909.09
-1008.90 -909.09
-993.29 -909.09
-990.79 -909.09
-952.40 -909.09
-973.52 -909.09
-941.36 -909.09
-933.44 -909.09
-1010.45 -909.09
-974.29 -909.09
-963.81 -909.09
-997.98 -909.09
-965.57 -909.09
-936.19 -909.09
-990.45 -909.09
-974.46 -909.09
-991.16 -909.09
-1017.91 -909.09
-992.44 -909.09
-1008.69 -909.09
-1001.05 -909.09
-971.14 -909.09
-977.22 -909.09
-974.17 -909.09
-940.75 -909.09
-956.49 -909.09
-985.02 -909.09
-979.90 -909.09
-1010.77 -909.09
-999.28 -909.09
-966.37 -909.09
-910.12 -909.09
-981.29 -909.09
-993.18 -909.09
-1023.03 -909.09
-958.80 -909.09
-986.40 -909.09
-1073.16 -909.09
-976.67 -909.09
-936.80 -909.09
-1050.97 -909.09
-966.25 -909.09
-989.49 -909.09
-970.21 -909.09
-991.21 -909.09
-1034.80 -909.09
-986.46 -909.09
-941.39 -909.09
-965.14 -909.09
-937.78 -909.09
-1018.13 -909.09
-975.06 -909.09
-996.58 -909.09
-956.47 -909.09
-979.33 -909.09
-976.86 -909.09
-962.92 -909.09
-980.15 -909.09
-1027.33 -909.09
-987.15 -909.09
-958.28 -909.09
-999.70 -909.09
-981.88 -909.09
-994.51 -909.09
-991.25 -909.09
-1058.27 -909.09
-977.01 -909.09
-943.39 -909.09
-953.74 -909.09
-914.31 -909.09
-978.72 -909.09
-974.15 -909.09
-943.12 -909.09
-1026.72 -909.09
-980.14 -909.09
-1031.20 -909.09
-946.31 -909.09
-1007.16 -909.09
-968.81 -909.09
-966.48 -909.09
-1014.31 -909.09
-968.77 -909.09
-977.11 -909.09
-991.81 -909.09
-981.11 -909.09
-979.77 -909.09
-987.78 -909.09
-918.85 -909.09
-983.27 -909.09
-1005.03 -909.09
-981.14 -909.09
-1012.51 -909.09
-1014.25 -909.09
-998.23 -909.09
-1014.54 -909.09
-1025.11 -909.09
-978.61 -909.09
-957.78 -909.09
-991.47 -909.09
-980.51 -909.09
-960.71 -909.09
-1024.13 -909.09
-1005.96 -909.09
-989.39 -909.09
-953.71 -909.09
-1009.99 -909.09
-945.57 -909.09
-972.66 -909.09
-947.46 -909.09
-969.19 -909.09
-986.24 -909.09
-965.38 -909.09
-989.09 -909.09
-1013.75 -909.09
-1034.71 -909.09
-999.07 -909.09
-980.77 -909.09
-950.91 -909.09
-1061.66 -909.09
-1020.38 -909.09
-976.47 -909.09
-974.63 -909.09
-955.25 -909.09
-1025.58 -909.09
-1004.51 -909.09
-1057.86 -909.09
-974.27 -909.09
-927.77 -909.09
-1016.88 -909.09
-983.63 -909.09
-1047.30 -909.09
-1022.78 -909.09
-1013.70 -909.09
-1052.03 -909.09
-985.25 -909.09
-951.24 -909.09
-997.06 -909.09
-988.33 -909.09
-1013.78 -909.09
-1008.16 -909.09
-987.38 -909.09
-965.98 -909.09
-975.34 -909.09
-963.79 -909.09
-959.10 -909.09
-933.45 -909.09
-947.97 -909.09
-977.49 -909.09
-940.37 -909.09
-947.09 -909.09
-960.15 -909.09
-1058.21 -909.09
-989.06 -909.09
-979.47 -909.09
-950.73 -909.09
-954.50 -909.09
-972.74 -909.09
-1038.92 -909.09
-995.79 -909.09
-968.27 -909.09
-934.92 -909.09
-941.12 -909.09
-1014.58 -909.09
-925.01 -909.09
-979.07 -909.09
-983.20 -909.09
-890.00 -890.00
-927.63 -890.00
-971.60 -890.00
-954.87 -890.00
-951.75 -890.00
-1049.82 -1049.82
-1092.50 -1049.82
-1090.49 -1049.82
-1080.38 -1049.82
-1075.59 -1049.82
-1086.53 -1049.82
-1064.40 -1049.82
-1097.48 -1049.82
-1080.07 -1049.82
-1092.24 -1049.82
-1057.23 -1049.82
-1054.15 -1049.82
-1087.40 -1049.82
-1059.88 -1049.82
-1083.42 -1049.82
-1062.60 -1049.82
-1069.52 -1049.82
-1056.01 -1049.82
-1084.87 -1049.82
-1075.05 -1049.82
-1076.21 -1049.82
-1062.96 -1049.82
-1050.06 -1050.06
-1041.14 -1041.14
-1058.31 -1041.14
-1054.84 -1041.14
-1056.93 -1041.14
-1065.47 -1041.14
-1073.37 -1041.14
-1037.34 -1037.34
-1055.05 -1037.34
-1050.83 -1037.34
-1067.78 -1037.34
-1067.56 -1037.34
-1040.49 -1040.49
-1083.72 -1040.49
-1050.85 -1040.49
-1056.76 -1040.49
-1067.52 -1040.49
-1047.23 -1040.49
-1082.09 -1040.49
-1055.51 -1040.49
-1100.45 -1040.49
-1071.16 -1040.49
-1088.22 -1040.49
-1058.04 -1040.49
-1046.16 -1040.49
-1058.06 -1040.49
-1044.87 -1040.49
-1077.17 -1040.49
-1035.45 -1035.45
-1064.61 -1035.45
-1075.62 -1035.45
-1059.76 -1035.45
-1077.70 -1035.45
-1068.41 -1035.45
-1050.36 -1035.45
-1074.31 -1035.45
-1088.22 -1035.45
-1064.40 -1035.45
-1080.41 -1035.45
-1076.27 -1035.45
-1044.58 -1035.45
-1075.66 -1035.45
-1035.49 -1035.49
-1038.39 -1035.49
-1062.65 -1035.49
-1074.07 -1035.49
-1038.09 -1035.49
-1059.20 -1035.49
-1101.21 -1035.49
-1020.92 -1020.92
-1067.82 -1020.92
-1072.68 -1020.92
-1044.29 -1020.92
-1042.72 -1020.92
-1026.62 -1020.92
-1036.10 -1020.92
-1043.28 -1020.92
-1078.72 -1020.92
-1035.27 -1020.92
-1033.01 -1020.92
-1067.22 -1020.92
-1011.20 -1011.20
-1027.36 -1011.20
-1049.35 -1011.20
-1055.02 -1011.20
-1021.48 -1011.20
-1021.84 -1011.20
-1036.31 -1011.20
-1002.11 -1002.11
-1015.30 -1002.11
-1027.74 -1002.11
-1027.39 -1002.11
-1043.38 -1002.11
-1009.23 -1002.11
-1046.75 -1002.11
-1050.83 -1002.11
-1019.77 -1002.11
-1105.52 -1002.11
-1022.53 -1002.11
-1028.20 -1002.11
-982.68 -982.68
-1073.84 -982.68
-1032.58 -982.68
-1039.58 -982.68
-1032.47 -982.68
-987.52 -982.68
-1007.18 -982.68
-1027.47 -982.68
-1076.82 -982.68
-999.33 -982.68
-1014.70 -982.68
-1046.27 -982.68
-1049.46 -982.68
-1029.11 -982.68
-1009.18 -982.68
-1013.24 -982.68
-1039.72 -982.68
-992.20 -982.68
-1050.95 -982.68
-1018.35 -982.68
-1021.06 -982.68
-1033.24 -982.68
-1048.56 -982.68
-1040.27 -982.68
-1027.19 -982.68
-1012.70 -982.68
-1038.32 -982.68
-1007.81 -982.68
-1021.77 -982.68
-1045.92 -982.68
-1001.02 -982.68
-1014.27 -982.68
-1005.97 -982.68
-1070.99 -982.68
-1050.93 -982.68
-1025.77 -982.68
-982.69 -982.69
-1012.19 -982.69
-1036.08 -982.69
-999.02 -982.69
-1000.22 -982.69
-1018.18 -982.69
-1007.73 -982.69
-1020.01 -982.69
-980.36 -980.36
-1017.19 -980.36
-1034.35 -980.36
-1000.84 -980.36
-996.72 -980.36
-1064.60 -980.36
-996.16 -980.36
-1041.22 -980.36
-995.90 -980.36
-983.17 -980.36
-1062.18 -980.36
-979.29 -979.29
-1033.52 -979.29
-1009.05 -979.29
-990.17 -979.29
-1015.68 -979.29
-1002.09 -979.29
-1012.32 -979.29
-971.36 -971.36
-954.73 -954.73
-974.45 -954.73
-961.91 -954.73
-1036.86 -954.73
-942.25 -942.25
-979.08 -942.25
-931.81 -931.81
-964.99 -931.81
-952.79 -931.81
-942.64 -931.81
-960.91 -931.81
-965.27 -931.81
-921.38 -921.38
-898.95 -898.95
-937.14 -898.95
-908.12 -898.95
-899.55 -898.95
-955.19 -898.95
-849.38 -849.38
-918.12 -849.38
-902.22 -849.38
-921.58 -849.38
-925.71 -849.38
-875.00 -849.38
-958.11 -849.38
-872.22 -849.38
-901.99 -849.38
-885.74 -849.38
-932.75 -849.38
-822.28 -822.28
-893.40 -822.28
-948.74 -822.28
-857.34 -822.28
-895.92 -822.28
-864.58 -822.28
-887.73 -822.28
-858.54 -822.28
-910.88 -822.28
-875.03 -822.28
-883.57 -822.28
-906.06 -822.28
-889.34 -822.28
-951.83 -822.28
-893.32 -822.28
-929.96 -822.28
-918.13 -822.28
-847.97 -822.28
-952.02 -822.28
-860.84 -822.28
-884.15 -822.28
-905.92 -822.28
-887.18 -822.28
-915.43 -822.28
-903.13 -822.28
-1022.94 -822.28
-889.54 -822.28
-882.94 -822.28
-871.45 -822.28
-978.59 -822.28
-947.38 -822.28
-872.34 -822.28
-925.91 -822.28
-883.43 -822.28
-903.17 -822.28
-822.79 -822.28
-871.98 -822.28
-898.04 -822.28
-950.44 -822.28
-935.68 -822.28
-847.08 -822.28
-858.29 -822.28
-898.66 -822.28
-861.71 -822.28
-871.62 -822.28
-905.88 -822.28
-928.26 -822.28
-930.87 -822.28
-861.82 -822.28
-913.64 -822.28
-876.05 -822.28
-878.89 -822.28
-922.32 -822.28
-833.22 -822.28
-885.75 -822.28
-872.39 -822.28
-899.70 -822.28
-878.52 -822.28
-878.86 -822.28
-819.90 -819.90
-908.21 -819.90
-886.30 -819.90
-946.97 -819.90
-902.57 -819.90
-898.12 -819.90
-913.73 -819.90
-939.68 -819.90
-901.70 -819.90
-930.09 -819.90
-945.09 -819.90
-924.68 -819.90
-913.35 -819.90
-896.29 -819.90
-917.78 -819.90
-972.26 -819.90
-865.09 -819.90
-884.80 -819.90
-879.19 -819.90
-954.71 -819.90
-966.20 -819.90
-831.12 -819.90
-940.38 -819.90
-922.35 -819.90
-909.33 -819.90
-947.75 -819.90
-901.19 -819.90
-882.65 -819.90
-899.75 -819.90
-847.03 -819.90
-927.22 -819.90
-870.48 -819.90
-889.21 -819.90
-908.21 -819.90
-828.87 -819.90
-901.34 -819.90
-828.14 -819.90
-908.29 -819.90
-857.95 -819.90
-909.39 -819.90
-984.28 -819.90
-865.90 -819.90
-896.87 -819.90
-938.43 -819.90
-933.96 -819.90
-922.86 -819.90
-863.30 -819.90
-885.46 -819.90
-891.60 -819.90
-910.99 -819.90
-847.15 -819.90
-923.17 -819.90
-938.66 -819.90
-922.67 -819.90
-842.83 -819.90
-945.22 -819.90
-985.32 -819.90
-897.81 -819.90
-956.14 -819.90
-850.86 -819.90
-906.77 -819.90
-929.32 -819.90
-899.01 -819.90
-924.56 -819.90
-896.78 -819.90
-899.47 -819.90
-864.73 -819.90
-858.38 -819.90
-920.59 -819.90
-971.70 -819.90
-933.57 -819.90
-809.89 -809.89
-901.32 -809.89
-899.19 -809.89
-964.33 -809.89
-885.15 -809.89
-903.31 -809.89
-852.57 -809.89
-926.51 -809.89
-879.41 -809.89
-1022.85 -809.89
-844.82 -809.89
-885.96 -809.89
-956.19 -809.89
-917.90 -809.89
-939.05 -809.89
-918.49 -809.89
-920.99 -809.89
-923.99 -809.89
-837.45 -809.89
-910.67 -809.89
-919.27 -809.89
-924.84 -809.89
-843.05 -809.89
-900.24 -809.89
-882.84 -809.89
-943.86 -809.89
-906.86 -809.89
-917.21 -809.89
-911.20 -809.89
-907.89 -809.89
-950.55 -809.89
-864.98 -809.89
-862.73 -809.89
-844.21 -809.89
-849.91 -809.89
-913.04 -809.89
-993.56 -809.89
-835.23 -809.89
-893.47 -809.89
-901.07 -809.89
-911.57 -809.89
-868.80 -809.89
-929.03 -809.89
-853.41 -809.89
-1008.98 -809.89
-873.91 -809.89
-836.47 -809.89
-882.19 -809.89
-872.55 -809.89
-887.76 -809.89
-856.48 -809.89
-874.78 -809.89
-913.73 -809.89
-840.47 -809.89
-894.84 -809.89
-854.45 -809.89
-921.34 -809.89
-885.36 -809.89
-909.99 -809.89
-953.90 -809.89
-873.41 -809.89
-966.33 -809.89
-904.15 -809.89
-852.08 -809.89
-871.49 -809.89
-864.98 -809.89
-873.89 -809.89
-915.32 -809.89
-889.21 -809.89
-964.22 -809.89
-914.96 -809.89
-880.25 -809.89
-835.09 -809.89
-869.67 -809.89
-888.42 -809.89
-867.13 -809.89
-873.89 -809.89
-893.83 -809.89
-859.39 -809.89
-870.13 -809.89
-899.73 -809.89
-874.68 -809.89
-921.64 -809.89
-947.82 -809.89
-854.23 -809.89
-841.98 -809.89
-843.27 -809.89
-863.99 -809.89
-875.16 -809.89
-911.56 -809.89
-879.43 -809.89
-901.38 -809.89
-1047.93 -1047.93
-1066.60 -1047.93
-1036.44 -1036.44
-1063.54 -1036.44
-1096.41 -1036.44
-1086.96 -1036.44
-1052.09 -1036.44
-1054.35 -1036.44
-1062.60 -1036.44
-1056.95 -1036.44
-1103.72 -1036.44
-1077.86 -1036.44
-1071.06 -1036.44
-1078.42 -1036.44
-1053.10 -1036.44
-1066.02 -1036.44
-1074.70 -1036.44
-1081.35 -1036.44
-1095.55 -1036.44
-1082.68 -1036.44
-1040.79 -1036.44
-1041.20 -1036.44
-1047.90 -1036.44
-1050.95 -1036.44
-1069.25 -1036.44
-1039.63 -1036.44
-1053.10 -1036.44
-1080.26 -1036.44
-1056.99 -1036.44
-1083.24 -1036.44
-1049.70 -1036.44
-1055.07 -1036.44
-1077.21 -1036.44
-1103.87 -1036.44
-1050.80 -1036.44
-1082.06 -1036.44
-1060.25 -1036.44
-1048.06 -1036.44
-1062.78 -1036.44
-1064.71 -1036.44
-1088.94 -1036.44
-1042.20 -1036.44
-1057.47 -1036.44
-1054.35 -1036.44
-1079.40 -1036.44
-1092.14 -1036.44
-1046.60 -1036.44
-1094.79 -1036.44
-1091.48 -1036.44
-1057.25 -1036.44
-1054.06 -1036.44
-1052.34 -1036.44
-1068.30 -1036.44
-1056.05 -1036.44
-1037.08 -1037.08
-1043.14 -1037.08
-1021.11 -1021.11
-1055.63 -1021.11
-1047.36 -1021.11
-1054.25 -1021.11
-1094.08 -1021.11
-1062.99 -1021.11
-1098.14 -1021.11
-1058.03 -1021.11
-1042.21 -1021.11
-1067.19 -1021.11
-1076.18 -1021.11
-1054.91 -1021.11
-1027.64 -1021.11
-1076.06 -1021.11
-1057.55 -1021.11
-1052.25 -1021.11
-1058.55 -1021.11
-1075.35 -1021.11
-1062.12 -1021.11
-1046.44 -1021.11
-1049.46 -1021.11
-1047.43 -1021.11
-1042.50 -1021.11
-1038.53 -1021.11
-1038.05 -1021.11
-1036.53 -1021.11
-1097.66 -1021.11
-1045.50 -1021.11
-1023.81 -1021.11
-1032.27 -1021.11
-1075.34 -1021.11
-1079.55 -1021.11
-1039.31 -1021.11
-1107.73 -1021.11
-1072.69 -1021.11
-1047.32 -1021.11
-1046.13 -1021.11
-1062.85 -1021.11
-1044.39 -1021.11
-1068.90 -1021.11
-1038.87 -1021.11
-1071.12 -1021.11
-1081.90 -1021.11
-1084.19 -1021.11
-1059.80 -1021.11
-1097.48 -1021.11
-1085.60 -1021.11
-1051.17 -1021.11
-1046.55 -1021.11
-1044.87 -1021.11
-1066.02 -1021.11
-1048.17 -1021.11
-1043.07 -1021.11
-1030.28 -1021.11
-1029.37 -1021.11
-1074.45 -1021.11
-1048.17 -1021.11
-1032.79 -1021.11
-1064.18 -1021.11
-1024.76 -1021.11
-1086.26 -1021.11
-1032.26 -1021.11
-1044.39 -1021.11
-1051.05 -1021.11
-1038.31 -1021.11
-1051.50 -1021.11
-1053.41 -1021.11
-1051.53 -1021.11
-1087.38 -1021.11
-1033.35 -1021.11
-1059.40 -1021.11
-1060.75 -1021.11
-1047.49 -1021.11
-1029.64 -1021.11
-1024.36 -1021.11
-1034.59 -1021.11
-1089.36 -1021.11
-1018.92 -1018.92
-1091.79 -1018.92
-1078.61 -1018.92
-1071.65 -1018.92
-1059.97 -1018.92
-1058.39 -1018.92
-1044.20 -1018.92
-1047.22 -1018.92
-1061.73 -1018.92
-1044.97 -1018.92
-1041.18 -1018.92
-1055.81 -1018.92
-1050.77 -1018.92
-1095.92 -1018.92
-1032.89 -1018.92
-1059.45 -1018.92
-1039.74 -1018.92
-1057.12 -1018.92
-1029.69 -1018.92
-1060.66 -1018.92
-1028.40 -1018.92
-1060.93 -1018.92
-1054.97 -1018.92
-1049.82 -1018.92
-1044.31 -1018.92
-1061.77 -1018.92
-1034.94 -1018.92
-1100.79 -1018.92
-1053.33 -1018.92
-1038.76 -1018.92
-1028.97 -1018.92
-1028.48 -1018.92
-1052.31 -1018.92
-1035.73 -1018.92
-1039.37 -1018.92
-1055.83 -1018.92
-1066.39 -1018.92
-1036.69 -1018.92
-1059.33 -1018.92
-1049.74 -1018.92
-1094.21 -1018.92
-1037.32 -1018.92
-1047.67 -1018.92
-1047.52 -1018.92
-1061.23 -1018.92
-1056.94 -1018.92
-1025.28 -1018.92
-1029.93 -1018.92
-1051.98 -1018.92
-1029.81 -1018.92
-1033.41 -1018.92
-1072.95 -1018.92
-1079.26 -1018.92
-1060.06 -1018.92
-1037.91 -1018.92
-1081.90 -1018.92
-1074.26 -1018.92
-1047.26 -1018.92
-1042.11 -1018.92
-1017.28 -1017.28
-1099.05 -1017.28
-1037.79 -1017.28
-1031.77 -1017.28
-1054.27 -1017.28
-1024.98 -1017.28
-1060.51 -1017.28
-1016.28 -1016.28
-1042.55 -1016.28
-1012.81 -1012.81
-1067.45 -1012.81
-1031.18 -1012.81
-1049.97 -1012.81
-1075.03 -1012.81
-1025.58 -1012.81
-1024.92 -1012.81
-1052.78 -1012.81
-1011.70 -1011.70
-1082.64 -1011.70
-1011.03 -1011.03
-1037.84 -1011.03
-1031.25 -1011.03
-1006.04 -1006.04
-1044.21 -1006.04
-1006.78 -1006.04
-1010.34 -1006.04
-1052.15 -1006.04
-1043.84 -1006.04
-1000.64 -1000.64
-1019.86 -1000.64
-1014.55 -1000.64
-985.02 -985.02
-928.47 -928.47
-983.54 -928.47
-991.02 -928.47
-1020.18 -928.47
-988.01 -928.47
-1002.08 -928.47
-986.89 -928.47
-986.61 -928.47
-938.58 -928.47
-1007.37 -928.47
-978.02 -928.47
-1048.51 -928.47
-1006.70 -928.47
-973.49 -928.47
-1013.05 -928.47
-975.97 -928.47
-1004.13 -928.47
-1024.79 -928.47
-997.41 -928.47
-972.54 -928.47
-964.05 -928.47
-1004.25 -928.47
-949.78 -928.47
-951.34 -928.47
-1018.70 -928.47
-973.37 -928.47
-1034.32 -928.47
-987.59 -928.47
-1021.03 -928.47
-991.63 -928.47
-997.09 -928.47
-962.64 -928.47
-1000.58 -928.47
-946.49 -928.47
-1027.44 -928.47
-1039.91 -928.47
-965.56 -928.47
-1021.55 -928.47
-969.63 -928.47
-974.62 -928.47
-1018.67 -928.47
-977.92 -928.47
-968.17 -928.47
-972.69 -928.47
-999.03 -928.47
-1026.37 -928.47
-1002.65 -928.47
-985.72 -928.47
-955.42 -928.47
-939.70 -928.47
-944.03 -928.47
-1038.48 -928.47
-980.63 -928.47
-994.48 -928.47
-1000.16 -928.47
-983.29 -928.47
-985.52 -928.47
-931.15 -928.47
-959.50 -928.47
-982.54 -928.47
-1002.84 -928.47
-954.34 -928.47
-1017.21 -928.47
-984.81 -928.47
-999.76 -928.47
-1011.37 -928.47
-990.56 -928.47
-963.79 -928.47
-984.82 -928.47
-997.78 -928.47
-1001.63 -928.47
-995.71 -928.47
-981.63 -928.47
-974.11 -928.47
-980.42 -928.47
-1019.10 -928.47
-989.84 -928.47
-973.42 -928.47
-1014.64 -928.47
-967.72 -928.47
-967.85 -928.47
-977.33 -928.47
-993.92 -928.47
-1033.43 -928.47
-963.39 -928.47
-997.73 -928.47
-936.14 -928.47
-1001.44 -928.47
-1012.00 -928.47
-1015.25 -928.47
-972.74 -928.47
-962.15 -928.47
-953.81 -928.47
-949.88 -928.47
-1006.94 -928.47
-1063.98 -928.47
-958.85 -928.47
-990.26 -928.47
-980.54 -928.47
-989.10 -928.47
-983.49 -928.47
-968.24 -928.47
-954.47 -928.47
-1031.85 -928.47
-977.94 -928.47
-1020.29 -928.47
-1002.63 -928.47
-952.95 -928.47
-1078.98 -928.47
-1003.75 -928.47
-1001.16 -928.47
-1011.74 -928.47
-999.61 -928.47
-995.60 -928.47
-1009.78 -928.47
-1055.05 -928.47
-972.88 -928.47
-1043.58 -928.47
-950.73 -928.47
-974.90 -928.47
-997.71 -928.47
-943.26 -928.47
-967.45 -928.47
-966.80 -928.47
-1062.39 -928.47
-988.06 -928.47
-965.07 -928.47
-936.46 -928.47
-1012.48 -928.47
-956.83 -928.47
-974.53 -928.47
-970.93 -928.47
-982.35 -928.47
-1001.17 -928.47
-988.63 -928.47
-958.63 -928.47
-1042.72 -928.47
-986.00 -928.47
-1024.36 -928.47
-1002.17 -928.47
-920.79 -920.79
-950.18 -920.79
-987.93 -920.79
-966.11 -920.79
-944.91 -920.79
-988.41 -920.79
-939.26 -920.79
-917.56 -917.56
-938.93 -917.56
-944.68 -917.56
-989.24 -917.56
-959.82 -917.56
-948.75 -917.56
-948.90 -917.56
-905.85 -905.85
-972.11 -905.85
-923.46 -905.85
-966.65 -905.85
-871.29 -871.29
-834.98 -834.98
-920.28 -834.98
-910.54 -834.98
-897.80 -834.98
-943.46 -834.98
-892.35 -834.98
-902.94 -834.98
-1004.57 -834.98
-943.24 -834.98
-893.18 -834.98
-938.49 -834.98
-909.83 -834.98
-939.77 -834.98
-921.74 -834.98
-890.11 -834.98
-934.98 -834.98
-923.56 -834.98
-853.60 -834.98
-933.38 -834.98
-882.47 -834.98
-946.33 -834.98
-958.97 -834.98
-897.84 -834.98
-953.02 -834.98
-915.09 -834.98
-927.38 -834.98
-857.19 -834.98
-899.18 -834.98
-931.09 -834.98
-958.09 -834.98
-939.76 -834.98
-926.97 -834.98
-900.48 -834.98
-1110.39 -834.98
-1115.23 -834.98
-1093.40 -834.98
-1061.50 -1061.50
-1096.89 -1061.50
-1056.72 -1056.72
-1097.82 -1056.72
-1048.05 -1048.05
-1057.39 -1048.05
-1052.78 -1048.05
-1052.41 -1048.05
-1065.49 -1048.05
-1035.91 -1035.91
-1107.80 -1035.91
-1068.48 -1035.91
-1085.26 -1035.91
-1109.17 -1035.91
-1029.06 -1029.06
-1046.82 -1029.06
-1047.13 -1029.06
-1022.11 -1022.11
-1053.47 -1022.11
-1037.52 -1022.11
-1052.35 -1022.11
-1053.56 -1022.11
-1069.90 -1022.11
-1037.90 -1022.11
-1043.53 -1022.11
-1038.74 -1022.11
-1073.22 -1022.11
-1029.42 -1022.11
-1050.39 -1022.11
-1044.95 -1022.11
-1040.53 -1022.11
-1040.67 -1022.11
-1093.97 -1022.11
-1083.33 -1022.11
-1049.32 -1022.11
-1047.11 -1022.11
-1089.42 -1022.11
-1086.51 -1022.11
-1061.44 -1022.11
-1043.04 -1022.11
-1060.15 -1022.11
-1047.71 -1022.11
-1076.28 -1022.11
-1055.99 -1022.11
-1034.53 -1022.11
-1049.54 -1022.11
-1032.09 -1022.11
-1074.70 -1022.11
-1045.30 -1022.11
-1049.41 -1022.11
-1080.04 -1022.11
-1056.19 -1022.11
-1038.94 -1022.11
-1040.23 -1022.11
-1055.93 -1022.11
-1048.10 -1022.11
-998.18 -998.18
-1041.84 -998.18
-1071.15 -998.18
-1021.05 -998.18
-1042.89 -998.18
-1085.88 -998.18
-1033.63 -998.18
-996.16 -996.16
-1053.62 -996.16
-1045.31 -996.16
-1033.10 -996.16
-1050.05 -996.16
-996.11 -996.11
-1032.55 -996.11
-1028.05 -996.11
-992.25 -992.25
-1018.44 -992.25
-1008.14 -992.25
-1028.74 -992.25
-941.78 -941.78
-986.02 -941.78
-945.72 -941.78
-963.97 -941.78
-967.21 -941.78
-948.50 -941.78
-943.94 -941.78
-989.37 -941.78
-987.40 -941.78
-958.17 -941.78
-961.06 -941.78
-1007.50 -941.78
-943.32 -943.32
-921.37 -921.37
-949.59 -921.37
-913.20 -913.20
-961.07 -913.20
-956.68 -913.20
-914.33 -914.33
-992.59 -914.33
-934.28 -914.33
-953.53 -914.33
-949.68 -914.33
-870.48 -870.48
-896.82 -870.48
-925.41 -870.48
-905.10 -870.48
-887.77 -870.48
-832.86 -832.86
-951.10 -832.86
-961.95 -832.86
-852.46 -832.86
-1017.52 -832.86
-903.25 -832.86
-1001.87 -832.86
-962.84 -832.86
-947.22 -832.86
-837.19 -832.86
-902.10 -832.86
-847.76 -832.86
-1006.01 -832.86
-900.27 -832.86
-919.42 -832.86
-876.33 -832.86
-874.16 -832.86
-899.70 -832.86
-966.28 -832.86
-889.29 -832.86
-886.34 -832.86
-856.43 -832.86
-888.83 -832.86
-887.70 -832.86
-922.10 -832.86
-871.16 -832.86
-877.81 -832.86
-879.59 -832.86
-826.82 -826.82
-941.24 -826.82
-915.63 -826.82
-935.82 -826.82
-861.69 -826.82
-904.44 -826.82
-1036.62 -826.82
-865.24 -826.82
-905.88 -826.82
-898.32 -826.82
-887.86 -826.82
-898.43 -826.82
-856.98 -826.82
-862.03 -826.82
-881.07 -826.82
-920.83 -826.82
-949.38 -826.82
-936.91 -826.82
-848.31 -826.82
-941.85 -826.82
-927.86 -826.82
-853.26 -826.82
-905.56 -826.82
-901.33 -826.82
-1019.62 -826.82
-878.88 -826.82
-869.75 -826.82
-873.58 -826.82
-935.83 -826.82
-929.25 -826.82
-916.15 -826.82
-879.04 -826.82
-893.58 -826.82
-851.06 -826.82
-898.87 -826.82
-860.31 -826.82
-920.70 -826.82
-902.60 -826.82
-900.01 -826.82
-875.01 -826.82
-964.02 -826.82
-889.85 -826.82
-968.38 -826.82
-887.97 -826.82
-875.10 -826.82
-877.85 -826.82
-883.48 -826.82
-888.65 -826.82
-813.67 -813.67
-819.22 -813.67
-915.30 -813.67
-913.47 -813.67
-864.67 -813.67
-898.46 -813.67
-890.92 -813.67
-1013.91 -813.67
-895.59 -813.67
-865.17 -813.67
-909.42 -813.67
-941.78 -813.67
-915.89 -813.67
-842.23 -813.67
-922.71 -813.67
-945.96 -813.67
-918.41 -813.67
-868.58 -813.67
-876.70 -813.67
-925.81 -813.67
-880.69 -813.67
-907.67 -813.67
-924.14 -813.67
-938.80 -813.67
-919.02 -813.67
-1006.47 -813.67
-865.61 -813.67
-865.11 -813.67
-910.48 -813.67
-942.70 -813.67
-870.86 -813.67
-920.33 -813.67
-887.12 -813.67
-953.52 -813.67
-846.68 -813.67
-915.89 -813.67
-895.20 -813.67
-899.94 -813.67
-909.74 -813.67
-920.63 -813.67
-888.34 -813.67
-928.71 -813.67
-843.86 -813.67
-860.39 -813.67
-879.98 -813.67
-864.33 -813.67
-876.32 -813.67
-899.24 -813.67
-878.56 -813.67
-888.59 -813.67
-946.58 -813.67
-912.58 -813.67
-940.62 -813.67
-926.64 -813.67
-891.16 -813.67
-907.45 -813.67
-880.18 -813.67
-888.04 -813.67
-927.70 -813.67
-929.09 -813.67
-890.90 -813.67
-947.74 -813.67
-904.53 -813.67
-883.55 -813.67
-847.66 -813.67
-867.26 -813.67
-851.28 -813.67
-914.19 -813.67
-829.57 -813.67
-841.66 -813.67
-952.39 -813.67
-895.92 -813.67
-904.58 -813.67
-908.93 -813.67
-866.34 -813.67
-961.32 -813.67
-944.74 -813.67
-905.55 -813.67
-876.84 -813.67
-903.12 -813.67
-876.38 -813.67
-875.13 -813.67
-943.55 -813.67
-930.72 -813.67
-913.84 -813.67
-901.87 -813.67
-902.02 -813.67
-887.55 -813.67
-879.57 -813.67
-879.05 -813.67
-855.86 -813.67
-864.15 -813.67
-935.48 -813.67
-925.09 -813.67
-892.35 -813.67
-978.73 -813.67
-888.92 -813.67
-842.92 -813.67
-922.35 -813.67
-985.84 -813.67
-937.42 -813.67
-927.00 -813.67
-887.42 -813.67
-908.30 -813.67
-862.57 -813.67
-876.83 -813.67
-852.08 -813.67
-921.08 -813.67
-922.06 -813.67
-1001.86 -813.67
-899.21 -813.67
-932.16 -813.67
-893.73 -813.67
-904.70 -813.67
-885.81 -813.67
-891.34 -813.67
-845.32 -813.67
-872.00 -813.67
-880.84 -813.67
-898.02 -813.67
-860.01 -813.67
-848.04 -813.67
-877.04 -813.67
-863.13 -813.67
-880.33 -813.67
-879.87 -813.67
-1019.06 -813.67
-910.78 -813.67
-945.72 -813.67
-853.55 -813.67
-908.31 -813.67
-883.64 -813.67
-863.74 -813.67
-789.12 -789.12
-862.30 -789.12
-894.62 -789.12
-876.41 -789.12
-874.74 -789.12
-919.38 -789.12
-868.42 -789.12
-920.72 -789.12
-919.22 -789.12
-972.14 -789.12
-927.16 -789.12
-872.67 -789.12
-941.66 -789.12
-946.36 -789.12
-916.61 -789.12
-898.14 -789.12
-911.74 -789.12
-900.75 -789.12
-899.83 -789.12
-903.14 -789.12
-892.82 -789.12
-922.73 -789.12
-902.26 -789.12
-920.50 -789.12
-862.24 -789.12
-932.88 -789.12
-909.35 -789.12
-914.48 -789.12
-923.13 -789.12
-896.50 -789.12
-854.28 -789.12
-948.84 -789.12
-886.45 -789.12
-876.48 -789.12
-883.48 -789.12
-921.24 -789.12
-846.85 -789.12
-839.61 -789.12
-911.56 -789.12
-864.75 -789.12
-907.87 -789.12
-855.89 -789.12
-957.51 -789.12
-968.33 -789.12
-879.53 -789.12
-920.49 -789.12
-821.16 -789.12
-943.71 -789.12
-829.06 -789.12
-893.63 -789.12
-966.55 -789.12
-996.13 -789.12
-939.75 -789.12
-868.80 -789.12
-898.49 -789.12
-933.69 -789.12
-884.76 -789.12
-821.33 -789.12
-878.20 -789.12
-915.44 -789.12
-951.82 -789.12
-879.13 -789.12
-834.74 -789.12
-957.35 -789.12
-822.14 -789.12
-868.98 -789.12
-876.83 -789.12
-839.61 -789.12
-869.17 -789.12
-869.47 -789.12
-876.38 -789.12
-887.93 -789.12
-840.16 -789.12
-830.66 -789.12
-867.28 -789.12
-853.33 -789.12
-917.50 -789.12
-853.98 -789.12
-972.49 -789.12
-906.17 -789.12
-883.48 -789.12
-844.73 -789.12
-914.75 -789.12
-820.58 -789.12
-943.62 -789.12
-841.72 -789.12
-997.22 -789.12
-869.30 -789.12
-918.78 -789.12
-957.36 -789.12
-901.77 -789.12
-928.98 -789.12
-866.72 -789.12
-917.22 -789.12
-867.96 -789.12
-875.22 -789.12
-873.25 -789.12
-864.26 -789.12
-870.44 -789.12
-939.36 -789.12
-909.57 -789.12
-1075.07 -1075.07
-1064.27 -1064.27
-1067.71 -1064.27
-1090.01 -1064.27
-1092.50 -1064.27
-1082.67 -1064.27
-1065.03 -1064.27
-1081.80 -1064.27
-1081.19 -1064.27
-1079.75 -1064.27
-1102.89 -1064.27
-1088.07 -1064.27
-1074.11 -1064.27
-1083.40 -1064.27
-1100.87 -1064.27
-1063.28 -1063.28
-1083.72 -1063.28
-1074.24 -1063.28
-1077.86 -1063.28
-1071.28 -1063.28
-1063.83 -1063.83
-1060.23 -1060.23
-1059.69 -1059.69
-1100.92 -1059.69
-1116.45 -1059.69
-1079.59 -1059.69
-1094.86 -1059.69
-1098.33 -1059.69
-1095.75 -1059.69
-1078.57 -1059.69
-1050.34 -1050.34
-1048.19 -1048.19
-1047.57 -1047.57
-1105.59 -1047.57
-1088.42 -1047.57
-1085.05 -1047.57
-1061.13 -1047.57
-1039.64 -1039.64
-1065.57 -1039.64
-1114.85 -1039.64
-1039.38 -1039.38
-1041.27 -1041.27
-1036.76 -1036.76
-1035.79 -1035.79
-1038.94 -1038.94
-1042.29 -1038.94
-1016.25 -1016.25
-1018.81 -1016.25
-1066.87 -1016.25
-1021.85 -1016.25
-1035.84 -1016.25
-1004.00 -1004.00
-1043.43 -1004.00
-1023.22 -1004.00
-1052.13 -1004.00
-1038.30 -1004.00
-1020.60 -1004.00
-1043.54 -1004.00
-1031.42 -1004.00
-1094.93 -1004.00
-998.44 -998.44
-1021.68 -998.44
-1014.29 -998.44
-1045.22 -998.44
-1008.29 -998.44
-1054.98 -998.44
-1058.95 -998.44
-1088.00 -998.44
-1030.96 -998.44
-1021.66 -998.44
-1015.28 -998.44
-1026.58 -998.44
-1013.84 -998.44
-1038.65 -998.44
-1011.48 -998.44
-992.86 -992.86
-1027.74 -992.86
-1015.42 -992.86
-1021.44 -992.86
-1042.10 -992.86
-1007.07 -992.86
-1038.28 -992.86
-998.76 -992.86
-997.03 -992.86
-1013.74 -992.86
-995.31 -992.86
-986.38 -986.38
-1025.06 -986.38
-1003.72 -986.38
-965.76 -965.76
-1029.46 -965.76
-1022.98 -965.76
-1027.67 -965.76
-997.67 -965.76
-963.98 -963.98
-1026.71 -963.98
-1001.75 -963.98
-1047.20 -963.98
-960.58 -960.58
-985.44 -960.58
-970.04 -960.58
-988.02 -960.58
-986.63 -960.58
-1022.92 -960.58
-973.30 -960.58
-937.45 -937.45
-1010.17 -937.45
-967.89 -937.45
-986.59 -937.45
-947.45 -937.45
-951.43 -937.45
-1019.09 -937.45
-981.25 -937.45
-972.75 -937.45
-994.03 -937.45
-1001.01 -937.45
-973.77 -937.45
-961.69 -937.45
-959.73 -937.45
-1006.25 -937.45
-983.34 -937.45
-1023.70 -937.45
-954.17 -937.45
-983.39 -937.45
-984.49 -937.45
-1009.31 -937.45
-1052.38 -937.45
-1056.47 -937.45
-982.66 -937.45
-973.11 -937.45
-1000.53 -937.45
-1008.84 -937.45
-998.59 -937.45
-993.23 -937.45
-998.15 -937.45
-985.75 -937.45
-921.89 -921.89
-919.42 -919.42
-1000.30 -919.42
-950.92 -919.42
-958.13 -919.42
-955.20 -919.42
-967.82 -919.42
-1014.39 -919.42
-1003.85 -919.42
-959.40 -919.42
-957.30 -919.42
-973.06 -919.42
-945.54 -919.42
-971.85 -919.42
-996.61 -919.42
-953.86 -919.42
-976.19 -919.42
-950.26 -919.42
-943.21 -919.42
-955.66 -919.42
-976.16 -919.42
-964.44 -919.42
-960.06 -919.42
-950.83 -919.42
-982.96 -919.42
-949.39 -919.42
-984.07 -919.42
-946.99 -919.42
-966.72 -919.42
-951.99 -919.42
-981.81 -919.42
-999.46 -919.42
-964.61 -919.42
-945.70 -919.42
-1004.84 -919.42
-982.13 -919.42
-961.98 -919.42
-952.95 -919.42
-992.87 -919.42
-953.62 -919.42
-991.56 -919.42
-963.67 -919.42
-961.96 -919.42
-945.98 -919.42
-1008.76 -919.42
-949.40 -919.42
-917.85 -917.85
-929.13 -917.85
-952.13 -917.85
-915.82 -915.82
-955.50 -915.82
-934.41 -915.82
-947.74 -915.82
-971.39 -915.82
-933.10 -915.82
-938.59 -915.82
-993.00 -915.82
-971.59 -915.82
-963.47 -915.82
-946.71 -915.82
-931.86 -915.82
-959.63 -915.82
-960.74 -915.82
-975.35 -915.82
-969.38 -915.82
-928.92 -915.82
-932.10 -915.82
-926.13 -915.82
-963.42 -915.82
-887.68 -887.68
-967.96 -887.68
-962.37 -887.68
-952.14 -887.68
-928.29 -887.68
-1030.47 -887.68
-925.81 -887.68
-945.64 -887.68
-976.77 -887.68
-918.93 -887.68
-935.17 -887.68
-951.40 -887.68
-928.87 -887.68
-943.94 -887.68
-985.49 -887.68
-943.56 -887.68
-957.07 -887.68
-954.17 -887.68
-1037.39 -887.68
-947.84 -887.68
-942.46 -887.68
-953.56 -887.68
-970.77 -887.68
-966.54 -887.68
-953.54 -887.68
-972.07 -887.68
-924.44 -887.68
-967.18 -887.68
-965.67 -887.68
-982.55 -887.68
-919.94 -887.68
-924.95 -887.68
-939.39 -887.68
-979.06 -887.68
-954.87 -887.68
-940.67 -887.68
-930.31 -887.68
-966.41 -887.68
-996.90 -887.68
-922.60 -887.68
-952.37 -887.68
-927.03 -887.68
-924.40 -887.68
-951.56 -887.68
-987.53 -887.68
-970.92 -887.68
-984.96 -887.68
-946.00 -887.68
-1001.15 -887.68
-935.95 -887.68
-953.47 -887.68
-998.75 -887.68
-978.69 -887.68
-946.19 -887.68
-957.80 -887.68
-981.66 -887.68
-921.68 -887.68
-994.88 -887.68
-976.11 -887.68
-930.50 -887.68
-923.70 -887.68
-948.86 -887.68
-939.25 -887.68
-929.22 -887.68
-959.96 -887.68
-959.95 -887.68
-967.21 -887.68
-984.13 -887.68
-910.13 -887.68
-1019.86 -887.68
-993.87 -887.68
-953.47 -887.68
-999.92 -887.68
-948.11 -887.68
-872.09 -872.09
-971.36 -872.09
-978.68 -872.09
-854.18 -854.18
-897.75 -854.18
-976.34 -854.18
-946.85 -854.18
-951.83 -854.18
-935.94 -854.18
-970.52 -854.18
-975.16 -854.18
-945.00 -854.18
-927.55 -854.18
-962.05 -854.18
-989.29 -854.18
-948.95 -854.18
-866.49 -854.18
-981.20 -854.18
-935.42 -854.18
-893.34 -854.18
-944.64 -854.18
-915.83 -854.18
-990.85 -854.18
-912.21 -854.18
-932.89 -854.18
-921.64 -854.18
-979.33 -854.18
-882.48 -854.18
-897.73 -854.18
-968.56 -854.18
-954.08 -854.18
-914.48 -854.18
-917.03 -854.18
-927.88 -854.18
-935.75 -854.18
-912.74 -854.18
-926.26 -854.18
-996.73 -854.18
-949.18 -854.18
-918.52 -854.18
-925.51 -854.18
-920.27 -854.18
-945.55 -854.18
-956.60 -854.18
-899.75 -854.18
-979.11 -854.18
-927.88 -854.18
-958.93 -854.18
-961.35 -854.18
-921.21 -854.18
-931.53 -854.18
-916.76 -854.18
-958.02 -854.18
-916.05 -854.18
-896.79 -854.18
-955.61 -854.18
-914.95 -854.18
-919.84 -854.18
-893.83 -854.18
-952.61 -854.18
-881.52 -854.18
-914.53 -854.18
-906.94 -854.18
-988.57 -854.18
-1008.72 -854.18
-907.98 -854.18
-978.79 -854.18
-986.69 -854.18
-904.54 -854.18
-909.29 -854.18
-984.04 -854.18
-914.75 -854.18
-912.78 -854.18
-935.12 -854.18
-973.69 -854.18
-944.74 -854.18
-1008.55 -854.18
-1043.80 -854.18
-938.11 -854.18
-896.66 -854.18
-887.58 -854.18
-1049.46 -854.18
-947.11 -854.18
-936.46 -854.18
-968.09 -854.18
-923.95 -854.18
-937.45 -854.18
-970.66 -854.18
-959.59 -854.18
-934.79 -854.18
-929.21 -854.18
-943.15 -854.18
-932.68 -854.18
-936.46 -854.18
-897.67 -854.18
-923.04 -854.18
-922.08 -854.18
-898.62 -854.18
-911.36 -854.18
-1045.94 -854.18
-950.97 -854.18
-904.27 -854.18
-872.31 -854.18
-971.73 -854.18
-906.21 -854.18
-911.15 -854.18
-969.06 -854.18
-950.87 -854.18
-917.51 -854.18
-901.08 -854.18
-956.03 -854.18
-932.80 -854.18
-916.86 -854.18
-943.32 -854.18
-910.27 -854.18
-921.96 -854.18
-963.85 -854.18
-925.36 -854.18
-921.21 -854.18
-934.78 -854.18
-950.43 -854.18
-981.02 -854.18
-957.16 -854.18
-877.31 -854.18
-896.05 -854.18
-941.96 -854.18
-922.20 -854.18
-990.71 -854.18
-906.24 -854.18
-1009.04 -854.18
-978.41 -854.18
-938.77 -854.18
-924.54 -854.18
-940.30 -854.18
-901.77 -854.18
-932.78 -854.18
-1044.43 -854.18
-1076.84 -1076.84
-1118.26 -1076.84
-1086.23 -1076.84
-1077.96 -1077.96
-1073.56 -1073.56
-1085.61 -1073.56
-1082.05 -1073.56
-1087.95 -1073.56
-1071.68 -1071.68
-1085.03 -1071.68
-1071.29 -1071.29
-1088.78 -1071.29
-1080.30 -1071.29
-1095.08 -1071.29
-1087.31 -1071.29
-1075.72 -1071.29
-1078.14 -1071.29
-1075.80 -1071.29
-1081.11 -1071.29
-1058.06 -1058.06
-1070.37 -1058.06
-1084.38 -1058.06
-1116.58 -1058.06
-1069.53 -1058.06
-1101.70 -1058.06
-1077.20 -1058.06
-1074.54 -1058.06
-1091.59 -1058.06
-1110.18 -1058.06
-1077.86 -1058.06
-1114.93 -1058.06
-1078.23 -1058.06
-1088.89 -1058.06
-1079.45 -1058.06
-1077.09 -1058.06
-1075.55 -1058.06
-1089.80 -1058.06
-1092.95 -1058.06
-1101.06 -1058.06
-1111.38 -1058.06
-1074.02 -1058.06
-1082.36 -1058.06
-1122.14 -1058.06
-1070.68 -1058.06
-1064.36 -1058.06
-1066.10 -1058.06
-1056.30 -1056.30
-1067.77 -1056.30
-1058.76 -1056.30
-1054.71 -1054.71
-1059.83 -1054.71
-1063.46 -1054.71
-1096.13 -1054.71
-1039.64 -1039.64
-1052.12 -1039.64
-1089.82 -1039.64
-1061.83 -1039.64
-1041.63 -1039.64
-1035.85 -1035.85
-1047.58 -1035.85
-1081.77 -1035.85
-1074.03 -1035.85
-1089.04 -1035.85
-1032.87 -1032.87
-1035.46 -1032.87
-1050.58 -1032.87
-1028.78 -1028.78
-1043.07 -1028.78
-1009.60 -1009.60
-1034.33 -1009.60
-984.87 -984.87
-1031.19 -984.87
-1001.21 -984.87
-1016.95 -984.87
-1029.61 -984.87
-1027.11 -984.87
-1008.51 -984.87
-1026.71 -984.87
-1017.32 -984.87
-1066.22 -984.87
-1038.45 -984.87
-1009.32 -984.87
-1040.53 -984.87
-1025.51 -984.87
-1049.08 -984.87
-1081.31 -984.87
-1016.49 -984.87
-1036.53 -984.87
-1033.69 -984.87
-1007.14 -984.87
-1018.48 -984.87
-1033.14 -984.87
-988.15 -984.87
-1036.31 -984.87
-1045.66 -984.87
-1005.38 -984.87
-1052.57 -984.87
-1021.86 -984.87
-1032.73 -984.87
-997.86 -984.87
-989.21 -984.87
-1031.56 -984.87
-1028.28 -984.87
-1054.09 -984.87
-1077.24 -984.87
-1033.73 -984.87
-981.27 -981.27
-1014.89 -981.27
-1021.15 -981.27
-1019.28 -981.27
-1088.33 -981.27
-981.10 -981.10
-1016.83 -981.10
-966.22 -966.22
-1046.06 -966.22
-971.39 -966.22
-983.46 -966.22
-990.46 -966.22
-964.09 -964.09
-1022.60 -964.09
-1035.46 -964.09
-1050.01 -964.09
-1031.62 -964.09
-991.56 -964.09
-975.97 -964.09
-1064.03 -964.09
-1035.06 -964.09
-1038.84 -964.09
-1003.66 -964.09
-1006.80 -964.09
-1017.22 -964.09
-1023.91 -964.09
-969.40 -964.09
-998.28 -964.09
-978.16 -964.09
-986.07 -964.09
-970.29 -964.09
-1023.76 -964.09
-1001.06 -964.09
-1001.88 -964.09
-988.97 -964.09
-994.91 -964.09
-965.66 -964.09
-967.22 -964.09
-1012.98 -964.09
-976.42 -964.09
-998.67 -964.09
-1007.29 -964.09
-1004.03 -964.09
-1053.69 -964.09
-1017.71 -964.09
-1006.94 -964.09
-983.61 -964.09
-1038.25 -964.09
-1052.90 -964.09
-1009.58 -964.09
-1057.23 -964.09
-981.60 -964.09
-1017.89 -964.09
-1012.29 -964.09
-955.94 -955.94
-1069.21 -955.94
-962.98 -955.94
-990.57 -955.94
-946.79 -946.79
-969.22 -946.79
-1020.33 -946.79
-1040.90 -946.79
-944.23 -944.23
-954.52 -944.23
-933.40 -933.40
-956.24 -933.40
-979.60 -933.40
-988.68 -933.40
-935.93 -933.40
-1022.78 -933.40
-946.18 -933.40
-930.89 -930.89
-913.24 -913.24
-920.48 -913.24
-913.29 -913.29
-926.71 -913.29
-945.69 -913.29
-953.78 -913.29
-882.73 -882.73
-945.58 -882.73
-953.65 -882.73
-923.33 -882.73
-876.38 -876.38
-874.75 -874.75
-866.11 -866.11
-875.20 -866.11
-1022.21 -866.11
-890.45 -866.11
-903.60 -866.11
-897.10 -866.11
-1010.90 -866.11
-885.93 -866.11
-900.36 -866.11
-849.16 -849.16
-903.41 -849.16
-909.76 -849.16
-882.16 -849.16
-944.29 -849.16
-916.19 -849.16
-925.01 -849.16
-910.56 -849.16
-871.56 -849.16
-842.36 -842.36
-880.61 -842.36
-950.60 -842.36
-945.04 -842.36
-1010.99 -842.36
-939.58 -842.36
-950.08 -842.36
-884.89 -842.36
-1005.30 -842.36
-910.63 -842.36
-948.05 -842.36
-925.55 -842.36
-944.34 -842.36
-903.94 -842.36
-961.52 -842.36
-878.95 -842.36
-869.06 -842.36
-891.16 -842.36
-929.95 -842.36
-883.78 -842.36
-914.22 -842.36
-880.26 -842.36
-935.55 -842.36
-982.52 -842.36
-963.05 -842.36
-907.27 -842.36
-954.00 -842.36
-944.94 -842.36
-929.88 -842.36
-951.33 -842.36
-835.85 -835.85
-902.62 -835.85
-961.95 -835.85
-885.76 -835.85
-875.57 -835.85
-926.04 -835.85
-872.92 -835.85
-861.96 -835.85
-908.71 -835.85
-929.18 -835.85
-905.83 -835.85
-965.66 -835.85
-904.05 -835.85
-922.92 -835.85
-863.34 -835.85
-923.57 -835.85
-880.02 -835.85
-856.98 -835.85
-887.95 -835.85
-952.76 -835.85
-897.55 -835.85
-858.72 -835.85
-896.34 -835.85
-877.98 -835.85
-889.26 -835.85
-947.28 -835.85
-917.95 -835.85
-866.58 -835.85
-933.30 -835.85
-823.99 -823.99
-926.07 -823.99
-846.87 -823.99
-970.52 -823.99
-879.61 -823.99
-847.54 -823.99
-924.07 -823.99
-916.92 -823.99
-955.32 -823.99
-881.60 -823.99
-879.46 -823.99
-834.50 -823.99
-873.48 -823.99
-925.59 -823.99
-900.73 -823.99
-824.99 -824.99
-889.96 -824.99
-847.45 -824.99
-871.49 -824.99
-898.42 -824.99
-881.36 -824.99
-912.41 -824.99
-932.15 -824.99
-910.87 -824.99
-867.55 -824.99
-851.26 -824.99
-797.64 -797.64
-920.09 -797.64
-850.54 -797.64
-891.75 -797.64
-878.77 -797.64
-843.75 -797.64
-831.16 -797.64
-900.56 -797.64
-891.38 -797.64
-907.45 -797.64
-867.61 -797.64
-871.83 -797.64
-956.91 -797.64
-888.93 -797.64
-887.79 -797.64
-873.99 -797.64
-843.34 -797.64
-903.64 -797.64
-863.36 -797.64
-863.21 -797.64
-893.79 -797.64
-917.47 -797.64
-885.03 -797.64
-890.40 -797.64
-916.36 -797.64
-912.94 -797.64
-898.92 -797.64
-985.19 -797.64
-888.92 -797.64
-841.79 -797.64
-957.81 -797.64
-921.35 -797.64
-843.88 -797.64
-866.41 -797.64
-957.88 -797.64
-923.07 -797.64
-832.06 -797.64
-908.89 -797.64
-855.61 -797.64
-922.13 -797.64
-959.80 -797.64
-880.69 -797.64
-891.24 -797.64
-916.80 -797.64
-806.29 -797.64
-894.15 -797.64
-868.36 -797.64
-857.87 -797.64
-911.90 -797.64
-947.12 -797.64
-907.41 -797.64
-860.03 -797.64
-960.49 -797.64
-877.45 -797.64
-878.86 -797.64
-849.34 -797.64
-855.48 -797.64
-908.96 -797.64
-881.69 -797.64
-875.49 -797.64
-909.92 -797.64
-867.25 -797.64
-895.54 -797.64
-903.15 -797.64
-935.58 -797.64
-817.65 -797.64
-864.43 -797.64
-814.85 -797.64
-983.55 -797.64
-882.04 -797.64
-884.29 -797.64
-929.41 -797.64
-888.75 -797.64
-961.35 -797.64
-895.79 -797.64
-808.65 -797.64
-951.17 -797.64
-879.65 -797.64
-876.88 -797.64
-899.76 -797.64
-951.13 -797.64
-879.99 -797.64
-1003.60 -797.64
-885.00 -797.64
-905.77 -797.64
-919.41 -797.64
-914.14 -797.64
-967.66 -797.64
-837.24 -797.64
-942.19 -797.64
-861.15 -797.64
-908.49 -797.64
-926.61 -797.64
-937.63 -797.64
-924.76 -797.64
-1001.70 -797.64
-893.83 -797.64
-882.71 -797.64
-976.99 -797.64
-853.89 -797.64
-958.90 -797.64
-881.73 -797.64
-882.97 -797.64
-895.68 -797.64
-884.38 -797.64
-826.45 -797.64
-899.83 -797.64
-905.37 -797.64
-860.42 -797.64
-920.67 -797.64
-837.65 -797.64
-962.70 -797.64
-842.24 -797.64
-935.60 -797.64
-936.11 -797.64
-953.65 -797.64
-907.17 -797.64
-873.83 -797.64
-815.78 -797.64
-825.35 -797.64
-892.11 -797.64
-857.02 -797.64
-904.01 -797.64
-1119.30 -797.64
-1097.56 -797.64
-1087.76 -797.64
-1120.19 -797.64
-1080.69 -797.64
-1065.22 -1065.22
-1060.86 -1060.86
-1033.24 -1033.24
-1028.79 -1028.79
-1035.08 -1028.79
-1078.09 -1028.79
-1022.78 -1022.78
-1057.43 -1022.78
-1049.28 -1022.78
-1050.13 -1022.78
-1042.49 -1022.78
-1048.02 -1022.78
-1045.34 -1022.78
-1068.15 -1022.78
-1036.14 -1022.78
-1057.47 -1022.78
-1063.64 -1022.78
-1037.14 -1022.78
-1049.45 -1022.78
-1034.40 -1022.78
-1051.81 -1022.78
-1064.90 -1022.78
-1041.89 -1022.78
-1039.82 -1022.78
-1026.96 -1022.78
-1080.19 -1022.78
-1037.87 -1022.78
-1047.55 -1022.78
-999.79 -999.79
-1002.30 -1002.30
-1028.66 -1002.30
-999.51 -999.51
-1087.23 -999.51
-1016.59 -999.51
-1052.37 -999.51
-1001.38 -999.51
-1031.78 -999.51
-1036.27 -999.51
-979.49 -979.49
-1007.22 -979.49
-1006.45 -979.49
-1010.36 -979.49
-993.51 -979.49
-1039.28 -979.49
-1019.77 -979.49
-1010.85 -979.49
-998.87 -979.49
-1000.95 -979.49
-1013.62 -979.49
-1039.47 -979.49
-1033.22 -979.49
-993.31 -979.49
-1004.28 -979.49
-1015.88 -979.49
-994.14 -979.49
-1008.71 -979.49
-1059.78 -979.49
-1000.40 -979.49
-999.45 -979.49
-968.84 -968.84
-963.97 -963.97
-1013.86 -963.97
-925.21 -925.21
-992.81 -925.21
-951.73 -925.21
-951.33 -925.21
-961.58 -925.21
-942.73 -925.21
-972.61 -925.21
-925.99 -925.21
-960.32 -925.21
-978.38 -925.21
-948.54 -925.21
-984.17 -925.21
-961.05 -925.21
-960.93 -925.21
-942.32 -925.21
-942.68 -925.21
-986.58 -925.21
-989.27 -925.21
-1003.32 -925.21
-904.39 -904.39
-940.12 -904.39
-936.51 -904.39
-938.79 -904.39
-910.61 -904.39
-902.01 -902.01
-961.52 -902.01
-885.21 -885.21
-842.64 -842.64
-1036.20 -842.64
-861.32 -842.64
-876.62 -842.64
-860.81 -842.64
-869.62 -842.64
-869.09 -842.64
-856.01 -842.64
-951.70 -842.64
-910.71 -842.64
-887.13 -842.64
-903.31 -842.64
-995.57 -842.64
-895.23 -842.64
-846.48 -842.64
-918.97 -842.64
-977.40 -842.64
-934.52 -842.64
-919.00 -842.64
-890.45 -842.64
-930.72 -842.64
-905.83 -842.64
-931.84 -842.64
-863.23 -842.64
-872.98 -842.64
-880.62 -842.64
-886.27 -842.64
-897.83 -842.64
-852.45 -842.64
-957.64 -842.64
-884.42 -842.64
-878.45 -842.64
-820.91 -820.91
-972.27 -820.91
-880.02 -820.91
-892.80 -820.91
-865.82 -820.91
-896.77 -820.91
-883.46 -820.91
-1024.30 -820.91
-972.50 -820.91
-941.67 -820.91
-833.89 -820.91
-912.84 -820.91
-882.60 -820.91
-901.90 -820.91
-890.45 -820.91
-899.04 -820.91
-891.70 -820.91
-977.06 -820.91
-913.05 -820.91
-866.25 -820.91
-863.07 -820.91
-925.54 -820.91
-895.81 -820.91
-940.40 -820.91
-913.80 -820.91
-939.83 -820.91
-907.67 -820.91
-1007.47 -820.91
-898.33 -820.91
-897.85 -820.91
-845.29 -820.91
-936.09 -820.91
-878.70 -820.91
-915.71 -820.91
-899.94 -820.91
-889.72 -820.91
-869.73 -820.91
-887.86 -820.91
-952.65 -820.91
-851.93 -820.91
-858.03 -820.91
-893.49 -820.91
-914.99 -820.91
-836.54 -820.91
-865.93 -820.91
-855.29 -820.91
-825.42 -820.91
-964.03 -820.91
-885.58 -820.91
-1003.25 -820.91
-907.32 -820.91
-895.69 -820.91
-907.12 -820.91
-856.53 -820.91
-909.13 -820.91
-940.76 -820.91
-861.59 -820.91
-912.80 -820.91
-879.21 -820.91
-848.00 -820.91
-827.49 -820.91
-855.40 -820.91
-985.50 -820.91
-867.99 -820.91
-904.49 -820.91
-846.01 -820.91
-959.22 -820.91
-889.76 -820.91
-921.95 -820.91
-872.28 -820.91
-871.93 -820.91
-857.09 -820.91
-948.99 -820.91
-863.93 -820.91
-898.83 -820.91
-838.95 -820.91
-938.69 -820.91
-854.95 -820.91
-908.43 -820.91
-856.08 -820.91
-894.42 -820.91
-822.13 -820.91
-865.44 -820.91
-791.54 -791.54
-915.24 -791.54
-889.60 -791.54
-873.19 -791.54
-898.86 -791.54
-841.57 -791.54
-854.07 -791.54
-1005.85 -791.54
-852.40 -791.54
-969.89 -791.54
-862.77 -791.54
-959.17 -791.54
-884.50 -791.54
-881.52 -791.54
-851.27 -791.54
-799.31 -791.54
-939.93 -791.54
-912.91 -791.54
-898.23 -791.54
-877.39 -791.54
-859.72 -791.54
-904.22 -791.54
-925.40 -791.54
-896.14 -791.54
-829.30 -791.54
-898.02 -791.54
-848.43 -791.54
-842.59 -791.54
-863.12 -791.54
-910.49 -791.54
-876.87 -791.54
-891.98 -791.54
-804.12 -791.54
-884.50 -791.54
-887.93 -791.54
-884.29 -791.54
-892.23 -791.54
-881.03 -791.54
-903.52 -791.54
-909.08 -791.54
-890.69 -791.54
-941.75 -791.54
-873.10 -791.54
-854.54 -791.54
-884.10 -791.54
-893.25 -791.54
-868.39 -791.54
-888.65 -791.54
-865.17 -791.54
-842.88 -791.54
-965.39 -791.54
-887.90 -791.54
-891.78 -791.54
-917.80 -791.54
-941.83 -791.54
-827.05 -791.54
-866.51 -791.54
-890.64 -791.54
-857.43 -791.54
-883.70 -791.54
-1016.10 -791.54
-969.74 -791.54
-890.17 -791.54
-920.76 -791.54
-857.48 -791.54
-862.01 -791.54
-949.17 -791.54
-923.10 -791.54
-872.34 -791.54
-863.80 -791.54
-855.12 -791.54
-1009.75 -791.54
-860.84 -791.54
-898.26 -791.54
-886.54 -791.54
-884.51 -791.54
-866.43 -791.54
-832.83 -791.54
-907.63 -791.54
-891.44 -791.54
-872.73 -791.54
-903.19 -791.54
-893.65 -791.54
-811.04 -791.54
-901.36 -791.54
-844.61 -791.54
-862.43 -791.54
-923.45 -791.54
-892.84 -791.54
-889.38 -791.54
-937.08 -791.54
-824.94 -791.54
-978.32 -791.54
-863.59 -791.54
-896.82 -791.54
-912.69 -791.54
-890.82 -791.54
-887.15 -791.54
-949.90 -791.54
-981.93 -791.54
-894.31 -791.54
-921.40 -791.54
-885.66 -791.54
-854.44 -791.54
-885.19 -791.54
-843.56 -791.54
-850.01 -791.54
-912.74 -791.54
-880.88 -791.54
-950.21 -791.54
-889.34 -791.54
-924.63 -791.54
-864.16 -791.54
-814.66 -791.54
-921.02 -791.54
-874.22 -791.54
-890.00 -791.54
-861.26 -791.54
-919.54 -791.54
-977.33 -791.54
-887.32 -791.54
-856.97 -791.54
-886.25 -791.54
-947.53 -791.54
-937.19 -791.54
-886.06 -791.54
-856.85 -791.54
-840.87 -791.54
-970.15 -791.54
-860.43 -791.54
-895.56 -791.54
-956.03 -791.54
-910.94 -791.54
-971.01 -791.54
-935.98 -791.54
-932.49 -791.54
-904.87 -791.54
-922.35 -791.54
-841.83 -791.54
-799.25 -791.54
-859.63 -791.54
-886.55 -791.54
-931.83 -791.54
-868.15 -791.54
-878.86 -791.54
-879.75 -791.54
-857.96 -791.54
-931.08 -791.54
-933.55 -791.54
-889.93 -791.54
-873.49 -791.54
-858.96 -791.54
-905.93 -791.54
-859.14 -791.54
-890.64 -791.54
-892.41 -791.54
-971.59 -791.54
-890.29 -791.54
-884.02 -791.54
-905.76 -791.54
-884.22 -791.54
-953.89 -791.54
-861.95 -791.54
-892.61 -791.54
-883.13 -791.54
-902.30 -791.54
-947.15 -791.54
-904.28 -791.54
-886.62 -791.54
-823.42 -791.54
-804.67 -791.54
-871.64 -791.54
-885.27 -791.54
-866.14 -791.54
-882.06 -791.54
-953.88 -791.54
-896.65 -791.54
-1026.54 -791.54
-833.70 -791.54
-929.65 -791.54
-913.12 -791.54
-907.12 -791.54
-906.16 -791.54
-991.33 -791.54
-875.10 -791.54
-940.71 -791.54
-916.91 -791.54
-857.65 -791.54
-879.65 -791.54
-873.39 -791.54
-897.26 -791.54
-849.50 -791.54
-920.50 -791.54
-939.53 -791.54
-932.97 -791.54
-926.78 -791.54
-905.77 -791.54
-879.11 -791.54
-907.27 -791.54
-909.02 -791.54
-861.22 -791.54
-950.81 -791.54
-976.01 -791.54
-929.11 -791.54
-867.12 -791.54
-876.45 -791.54
-893.23 -791.54
-1055.66 -1055.66
-1047.14 -1047.14
-1094.09 -1047.14
-1076.35 -1047.14
-1056.76 -1047.14
-1052.35 -1047.14
-1097.33 -1047.14
-1056.08 -1047.14
-1117.63 -1047.14
-1076.58 -1047.14
-1065.64 -1047.14
-1082.54 -1047.14
-1054.09 -1047.14
-1050.98 -1047.14
-1054.14 -1047.14
-1079.77 -1047.14
-1068.97 -1047.14
-1058.19 -1047.14
-1060.81 -1047.14
-1081.03 -1047.14
-1065.15 -1047.14
-1058.37 -1047.14
-1089.35 -1047.14
-1044.72 -1044.72
-1067.25 -1044.72
-1027.10 -1027.10
-1054.14 -1027.10
-1070.44 -1027.10
-1060.39 -1027.10
-1056.95 -1027.10
-1082.56 -1027.10
-1043.73 -1027.10
-1089.75 -1027.10
-1050.55 -1027.10
-1054.84 -1027.10
-1051.98 -1027.10
-1077.02 -1027.10
-1067.76 -1027.10
-1051.54 -1027.10
-1039.60 -1027.10
-1055.24 -1027.10
-1034.54 -1027.10
-1083.41 -1027.10
-1050.93 -1027.10
-1080.58 -1027.10
-1040.37 -1027.10
-1043.61 -1027.10
-1050.79 -1027.10
-1071.13 -1027.10
-1053.31 -1027.10
-1041.62 -1027.10
-1095.74 -1027.10
-1051.30 -1027.10
-1042.49 -1027.10
-1030.86 -1027.10
-1081.43 -1027.10
-1045.97 -1027.10
-1057.69 -1027.10
-1035.58 -1027.10
-1015.57 -1015.57
-1065.66 -1015.57
-1048.88 -1015.57
-1039.31 -1015.57
-1057.89 -1015.57
-1039.13 -1015.57
-1033.08 -1015.57
-1018.89 -1015.57
-1064.21 -1015.57
-1018.30 -1015.57
-1045.79 -1015.57
-1028.26 -1015.57
-1041.50 -1015.57
-1029.32 -1015.57
-1041.93 -1015.57
-1047.77 -1015.57
-1023.10 -1015.57
-1015.91 -1015.91
-1037.54 -1015.91
-1027.02 -1015.91
-1032.73 -1015.91
-1066.25 -1015.91
-1054.85 -1015.91
-1051.05 -1015.91
-1039.97 -1015.91
-1024.70 -1015.91
-1023.49 -1015.91
-1038.58 -1015.91
-1056.86 -1015.91
-1053.52 -1015.91
-1038.29 -1015.91
-1002.24 -1002.24
-1016.68 -1002.24
-1022.70 -1002.24
-1029.03 -1002.24
-967.67 -967.67
-1026.79 -967.67
-1004.23 -967.67
-1027.07 -967.67
-1038.47 -967.67
-1047.41 -967.67
-1019.48 -967.67
-1014.90 -967.67
-1046.38 -967.67
-1037.14 -967.67
-1040.06 -967.67
-994.36 -967.67
-993.31 -967.67
-1024.36 -967.67
-1025.39 -967.67
-1049.19 -967.67
-1001.40 -967.67
-1064.47 -967.67
-1055.02 -967.67
-1032.04 -967.67
-1026.00 -967.67
-1004.80 -967.67
-1014.30 -967.67
-1001.07 -967.67
-976.50 -967.67
-1024.26 -967.67
-962.55 -962.55
-968.82 -962.55
-1013.99 -962.55
-1009.43 -962.55
-994.36 -962.55
-1049.90 -962.55
-1004.73 -962.55
-1026.75 -962.55
-1021.56 -962.55
-1023.93 -962.55
-1019.10 -962.55
-1055.52 -962.55
-1003.16 -962.55
-1027.93 -962.55
-1053.38 -962.55
-1068.92 -962.55
-1056.17 -962.55
-1028.84 -962.55
-985.12 -962.55
-1022.79 -962.55
-978.02 -962.55
-1014.24 -962.55
-1044.11 -962.55
-1011.39 -962.55
-1075.76 -962.55
-982.46 -962.55
-1086.92 -962.55
-1019.66 -962.55
-988.08 -962.55
-1007.87 -962.55
-992.29 -962.55
-1044.63 -962.55
-985.91 -962.55
-1017.00 -962.55
-997.94 -962.55
-1015.42 -962.55
-1003.80 -962.55
-1055.88 -962.55
-1069.59 -962.55
-1019.01 -962.55
-999.20 -962.55
-1057.07 -962.55
-984.84 -962.55
-983.62 -962.55
-1046.06 -962.55
-1008.80 -962.55
-1021.97 -962.55
-1013.86 -962.55
-1041.01 -962.55
-1076.40 -962.55
-980.43 -962.55
-969.12 -962.55
-1016.54 -962.55
-985.92 -962.55
-1023.65 -962.55
-1012.77 -962.55
-1040.39 -962.55
-1017.08 -962.55
-1009.39 -962.55
-996.32 -962.55
-1007.87 -962.55
-998.12 -962.55
-996.27 -962.55
-1004.10 -962.55
-977.51 -962.55
-1008.68 -962.55
-1028.39 -962.55
-1010.50 -962.55
-998.52 -962.55
-978.72 -962.55
-1027.85 -962.55
-993.57 -962.55
-985.86 -962.55
-1009.36 -962.55
-1051.04 -962.55
-1062.62 -962.55
-1014.60 -962.55
-992.07 -962.55
-975.91 -962.55
-1008.25 -962.55
-1065.83 -962.55
-1040.65 -962.55
-992.58 -962.55
-997.34 -962.55
-991.36 -962.55
-1021.56 -962.55
-994.78 -962.55
-970.86 -962.55
-984.84 -962.55
-1039.33 -962.55
-975.19 -962.55
-1019.19 -962.55
-1007.79 -962.55
-1036.93 -962.55
-1023.61 -962.55
-1010.63 -962.55
-1057.00 -962.55
-989.29 -962.55
-1023.63 -962.55
-997.54 -962.55
-1042.25 -962.55
-1001.52 -962.55
-1013.71 -962.55
-1014.10 -962.55
-1007.73 -962.55
-997.37 -962.55
-1017.07 -962.55
-999.54 -962.55
-1072.31 -962.55
-990.25 -962.55
-1068.95 -962.55
-996.29 -962.55
-1011.13 -962.55
-972.45 -962.55
-1009.98 -962.55
-1024.99 -962.55
-1014.39 -962.55
-1003.16 -962.55
-1043.61 -962.55
-965.29 -965.29
-1031.44 -965.29
-950.89 -950.89
-1020.13 -950.89
-982.96 -950.89
-1016.04 -950.89
-986.49 -950.89
-1024.65 -950.89
-1011.37 -950.89
-1019.18 -950.89
-1024.42 -950.89
-997.37 -950.89
-1004.73 -950.89
-1029.31 -950.89
-1028.01 -950.89
-1050.42 -950.89
-1006.96 -950.89
-1058.29 -950.89
-1011.20 -950.89
-955.72 -950.89
-1032.39 -950.89
-952.68 -950.89
-975.58 -950.89
-990.56 -950.89
-983.26 -950.89
-1035.09 -950.89
-1035.07 -950.89
-976.99 -950.89
-971.88 -950.89
-991.96 -950.89
-998.86 -950.89
-991.47 -950.89
-996.44 -950.89
-938.36 -938.36
-985.94 -938.36
-961.40 -938.36
-950.96 -938.36
-989.68 -938.36
-1005.74 -938.36
-916.59 -916.59
-951.83 -916.59
-930.48 -916.59
-924.47 -916.59
-981.35 -916.59
-884.92 -884.92
-963.55 -884.92
-893.84 -884.92
-898.25 -884.92
-889.52 -884.92
-984.89 -884.92
-930.64 -884.92
-980.86 -884.92
-877.90 -877.90
-865.48 -865.48
-999.10 -865.48
-906.08 -865.48
-812.04 -812.04
-1015.00 -812.04
-930.89 -812.04
-905.06 -812.04
-904.43 -812.04
-1018.04 -812.04
-889.31 -812.04
-840.93 -812.04
-887.17 -812.04
-932.43 -812.04
-857.95 -812.04
-861.35 -812.04
-876.33 -812.04
-882.43 -812.04
-885.71 -812.04
-833.37 -812.04
-838.38 -812.04
-821.60 -812.04
-832.33 -812.04
-882.45 -812.04
-902.14 -812.04
-887.70 -812.04
-939.08 -812.04
-907.76 -812.04
-909.15 -812.04
-982.15 -812.04
-893.11 -812.04
-891.41 -812.04
-862.82 -812.04
-890.52 -812.04
-890.26 -812.04
-926.85 -812.04
-947.98 -812.04
-906.90 -812.04
-902.10 -812.04
-878.34 -812.04
-914.28 -812.04
-886.62 -812.04
-947.46 -812.04
-946.40 -812.04
-917.59 -812.04
-901.24 -812.04
-898.70 -812.04
-997.58 -812.04
-860.70 -812.04
-882.30 -812.04
-865.23 -812.04
-847.11 -812.04
-972.90 -812.04
-834.09 -812.04
-917.66 -812.04
-852.53 -812.04
-887.75 -812.04
-876.86 -812.04
-872.72 -812.04
-914.20 -812.04
-935.23 -812.04
-898.53 -812.04
-889.27 -812.04
-984.62 -812.04
-867.10 -812.04
-921.17 -812.04
-886.62 -812.04
-846.93 -812.04
-850.88 -812.04
-915.90 -812.04
-856.60 -812.04
-898.17 -812.04
-849.25 -812.04
-874.88 -812.04
-820.36 -812.04
-919.08 -812.04
-889.09 -812.04
-870.57 -812.04
-922.84 -812.04
-975.90 -812.04
-875.79 -812.04
-893.03 -812.04
-861.13 -812.04
-929.25 -812.04
-861.27 -812.04
-850.98 -812.04
-865.52 -812.04
-921.51 -812.04
-897.92 -812.04
-929.04 -812.04
-1008.36 -812.04
-882.13 -812.04
-846.30 -812.04
-873.10 -812.04
-858.99 -812.04
-862.59 -812.04
-1021.36 -812.04
-887.35 -812.04
-855.40 -812.04
-882.50 -812.04
-886.78 -812.04
-942.77 -812.04
-846.05 -812.04
-921.42 -812.04
-854.44 -812.04
-881.18 -812.04
-928.92 -812.04
-927.95 -812.04
-868.05 -812.04
-858.95 -812.04
-916.73 -812.04
-939.36 -812.04
-894.57 -812.04
-929.86 -812.04
-960.48 -812.04
-917.31 -812.04
-1020.36 -812.04
-856.02 -812.04
-1009.76 -812.04
-857.33 -812.04
-836.78 -812.04
-817.83 -812.04
-926.20 -812.04
-919.66 -812.04
-883.00 -812.04
-1092.71 -812.04
-1094.75 -812.04
-1112.14 -812.04
-1042.45 -1042.45
-1064.09 -1042.45
-1085.17 -1042.45
-1071.92 -1042.45
-1062.87 -1042.45
-1050.84 -1042.45
-1061.01 -1042.45
-1058.68 -1042.45
-1064.33 -1042.45
-1062.23 -1042.45
-1052.04 -1042.45
-1065.96 -1042.45
-1078.78 -1042.45
-1049.10 -1042.45
-1066.05 -1042.45
-1056.14 -1042.45
-1056.57 -1042.45
-1080.51 -1042.45
-1094.80 -1042.45
-1045.25 -1042.45
-1084.15 -1042.45
-1108.20 -1042.45
-1068.51 -1042.45
-1066.34 -1042.45
-1090.53 -1042.45
-1088.59 -1042.45
-1051.32 -1042.45
-1067.80 -1042.45
-1060.77 -1042.45
-1054.64 -1042.45
-1125.52 -1042.45
-1053.54 -1042.45
-1096.67 -1042.45
-1087.65 -1042.45
-1095.21 -1042.45
-1064.99 -1042.45
-1059.90 -1042.45
-1065.01 -1042.45
-1067.05 -1042.45
-1057.84 -1042.45
-1068.15 -1042.45
-1099.76 -1042.45
-1062.23 -1042.45
-1081.71 -1042.45
-1091.34 -1042.45
-1068.87 -1042.45
-1064.83 -1042.45
-1039.40 -1039.40
-1054.38 -1039.40
-1063.15 -1039.40
-1060.55 -1039.40
-1060.63 -1039.40
-1094.15 -1039.40
-1087.30 -1039.40
-1067.51 -1039.40
-1080.46 -1039.40
-1053.09 -1039.40
-1041.71 -1039.40
-1080.08 -1039.40
-1075.80 -1039.40
-1060.50 -1039.40
-1050.00 -1039.40
-1103.80 -1039.40
-1071.54 -1039.40
-1065.67 -1039.40
-1100.24 -1039.40
-1059.72 -1039.40
-1025.29 -1025.29
-1049.25 -1025.29
-1048.36 -1025.29
-1032.87 -1025.29
-1028.98 -1025.29
-1046.90 -1025.29
-1047.54 -1025.29
-1052.12 -1025.29
-1067.21 -1025.29
-1032.27 -1025.29
-1044.93 -1025.29
-1094.94 -1025.29
-1051.73 -1025.29
-1037.22 -1025.29
-1053.26 -1025.29
-1041.31 -1025.29
-1097.49 -1025.29
-1060.89 -1025.29
-1033.65 -1025.29
-1041.78 -1025.29
-1038.26 -1025.29
-1047.39 -1025.29
-1033.27 -1025.29
-1061.98 -1025.29
-1063.42 -1025.29
-1065.01 -1025.29
-1022.47 -1022.47
-1063.85 -1022.47
-1071.91 -1022.47
-1059.72 -1022.47
-1101.76 -1022.47
-1059.27 -1022.47
-1061.18 -1022.47
-1079.07 -1022.47
-1075.06 -1022.47
-1034.77 -1022.47
-1036.70 -1022.47
-1042.58 -1022.47
-1071.80 -1022.47
-1022.08 -1022.08
-1045.49 -1022.08
-1066.62 -1022.08
-1030.69 -1022.08
-1015.34 -1015.34
-1049.39 -1015.34
-1038.66 -1015.34
-1043.28 -1015.34
-1032.42 -1015.34
-1031.22 -1015.34
-1060.58 -1015.34
-1046.21 -1015.34
-1029.28 -1015.34
-1027.40 -1015.34
-1043.08 -1015.34
-1026.33 -1015.34
-1043.73 -1015.34
-1061.81 -1015.34
-1012.52 -1012.52
-1058.97 -1012.52
-1054.62 -1012.52
-1054.88 -1012.52
-1044.87 -1012.52
-1051.19 -1012.52
-1053.59 -1012.52
-1072.13 -1012.52
-1042.27 -1012.52
-1031.99 -1012.52
-1055.80 -1012.52
-1058.29 -1012.52
-1059.65 -1012.52
-1041.38 -1012.52
-1055.21 -1012.52
-1036.61 -1012.52
-1083.62 -1012.52
-1039.41 -1012.52
-1030.54 -1012.52
-1092.83 -1012.52
-1063.43 -1012.52
-1030.06 -1012.52
-1047.02 -1012.52
-1033.59 -1012.52
-1030.58 -1012.52
-1098.93 -1012.52
-1044.20 -1012.52
-1044.21 -1012.52
-1024.44 -1012.52
-1036.64 -1012.52
-1063.76 -1012.52
-1048.31 -1012.52
-1033.14 -1012.52
-1055.03 -1012.52
-1048.80 -1012.52
-1024.47 -1012.52
-1025.37 -1012.52
-1038.72 -1012.52
-1064.47 -1012.52
-1038.40 -1012.52
-1090.33 -1012.52
-1091.92 -1012.52
-1030.87 -1012.52
-1031.32 -1012.52
-1018.93 -1012.52
-1056.09 -1012.52
-1068.84 -1012.52
-1064.45 -1012.52
-1021.24 -1012.52
-1025.19 -1012.52
-1063.37 -1012.52
-1100.47 -1012.52
-1066.80 -1012.52
-1050.67 -1012.52
-1091.94 -1012.52
-1051.26 -1012.52
-1031.13 -1012.52
-1045.71 -1012.52
-1075.62 -1012.52
-1037.25 -1012.52
-1039.42 -1012.52
-1028.98 -1012.52
-1041.19 -1012.52
-1089.39 -1012.52
-1035.09 -1012.52
-1028.28 -1012.52
-1075.95 -1012.52
-1029.74 -1012.52
-1065.11 -1012.52
-1068.15 -1012.52
-1063.34 -1012.52
-1064.93 -1012.52
-1032.60 -1012.52
-1040.71 -1012.52
-1034.34 -1012.52
-1031.02 -1012.52
-1033.80 -1012.52
-1048.08 -1012.52
-1075.16 -1012.52
-1027.83 -1012.52
-1038.14 -1012.52
-1056.43 -1012.52
-1027.45 -1012.52
-1029.30 -1012.52
-1018.64 -1012.52
-1030.30 -1012.52
-1092.25 -1012.52
-1024.29 -1012.52
-1044.81 -1012.52
-1073.63 -1012.52
-1079.00 -1012.52
-1058.72 -1012.52
-1056.46 -1012.52
-1030.71 -1012.52
-1027.50 -1012.52
-1088.65 -1012.52
-1047.04 -1012.52
-1086.11 -1012.52
-1064.41 -1012.52
-1081.80 -1012.52
-1057.95 -1012.52
-1039.75 -1012.52
-1013.15 -1012.52
-1039.91 -1012.52
-1047.55 -1012.52
-1032.61 -1012.52
-1050.75 -1012.52
-1059.35 -1012.52
-1048.33 -1012.52
-1086.97 -1012.52
-1034.49 -1012.52
-1070.85 -1012.52
-1060.21 -1012.52
-1078.24 -1012.52
-1031.55 -1012.52
-1036.22 -1012.52
-1062.22 -1012.52
-1017.29 -1012.52
-1021.81 -1012.52
-1029.25 -1012.52
-1067.14 -1012.52
-1077.70 -1012.52
-1043.79 -1012.52
-1051.25 -1012.52
-1045.82 -1012.52
-1058.01 -1012.52
-1053.61 -1012.52
-1039.04 -1012.52
-1075.54 -1012.52
-1042.02 -1012.52
-1028.07 -1012.52
-1059.28 -1012.52
-1039.35 -1012.52
-1075.23 -1012.52
-1048.60 -1012.52
-1074.06 -1012.52
-1027.48 -1012.52
-1021.13 -1012.52
-1060.84 -1012.52
-1062.82 -1012.52
-1080.57 -1012.52
-1057.80 -1012.52
-1099.35 -1012.52
-1035.16 -1012.52
-1024.87 -1012.52
-1022.87 -1012.52
-1055.22 -1012.52
-1040.82 -1012.52
-1082.83 -1012.52
-1025.72 -1012.52
-1049.45 -1012.52
-1089.16 -1012.52
-1048.77 -1012.52
-1012.31 -1012.31
-1055.63 -1012.31
-1064.41 -1012.31
-1011.45 -1011.45
-1057.41 -1011.45
-1043.07 -1011.45
-1025.31 -1011.45
-1017.22 -1011.45
-1051.00 -1011.45
-1017.63 -1011.45
-1030.70 -1011.45
-1026.57 -1011.45
-1061.61 -1011.45
-1041.76 -1011.45
-1033.15 -1011.45
-1028.73 -1011.45
-1030.06 -1011.45
-992.36 -992.36
-1022.33 -992.36
-1028.59 -992.36
-1016.86 -992.36
-1057.07 -992.36
-1057.10 -992.36
-1058.59 -992.36
-1037.80 -992.36
-1009.70 -992.36
-1022.42 -992.36
-1061.04 -992.36
-1060.44 -992.36
-987.01 -987.01
-1018.91 -987.01
-1023.67 -987.01
-1022.88 -987.01
-1029.15 -987.01
-997.35 -987.01
-1051.69 -987.01
-1030.29 -987.01
-1064.22 -987.01
-1010.36 -987.01
-1009.88 -987.01
-1010.97 -987.01
-1028.98 -987.01
-1014.75 -987.01
-1076.37 -987.01
-991.29 -987.01
-1004.39 -987.01
-1036.67 -987.01
-1036.73 -987.01
-1010.73 -987.01
-1000.28 -987.01
-1029.82 -987.01
-1019.71 -987.01
-986.47 -986.47
-1037.91 -986.47
-1066.05 -986.47
-1028.64 -986.47
-1075.79 -986.47
-1043.64 -986.47
-999.38 -986.47
-1061.65 -986.47
-1006.05 -986.47
-1020.20 -986.47
-1022.13 -986.47
-1010.64 -986.47
-1036.71 -986.47
-1069.27 -986.47
-1023.69 -986.47
-1046.47 -986.47
-1020.50 -986.47
-999.26 -986.47
-1050.22 -986.47
-1022.91 -986.47
-1015.22 -986.47
-1001.62 -986.47
-1025.12 -986.47
-1035.62 -986.47
-1066.46 -986.47
-1009.05 -986.47
-983.54 -983.54
-999.07 -983.54
-1010.93 -983.54
-1005.44 -983.54
-999.41 -983.54
-980.73 -980.73
-973.73 -973.73
-1049.17 -973.73
-1035.48 -973.73
-979.01 -973.73
-996.57 -973.73
-1018.44 -973.73
-951.22 -951.22
-946.86 -946.86
-974.53 -946.86
-942.46 -942.46
-959.69 -942.46
-1008.73 -942.46
-937.50 -937.50
-992.48 -937.50
-1006.83 -937.50
-964.14 -937.50
-1018.66 -937.50
-988.14 -937.50
-961.12 -937.50
-1011.84 -937.50
-1007.22 -937.50
-1038.67 -937.50
-948.02 -937.50
-976.28 -937.50
-947.67 -937.50
-976.48 -937.50
-960.54 -937.50
-997.06 -937.50
-980.54 -937.50
-990.08 -937.50
-984.19 -937.50
-994.87 -937.50
-1054.57 -937.50
-975.22 -937.50
-1012.72 -937.50
-984.88 -937.50
-937.88 -937.88
-946.99 -937.88
-1008.67 -937.88
-953.26 -937.88
-960.13 -937.88
-1015.85 -937.88
-998.84 -937.88
-945.27 -937.88
-1000.11 -937.88
-970.38 -937.88
-972.14 -937.88
-970.43 -937.88
-987.86 -937.88
-930.17 -930.17
-952.18 -930.17
-1008.36 -930.17
-1065.02 -1065.02
-1068.51 -1065.02
-1086.22 -1065.02
-1063.84 -1063.84
