-10000.00 -10000.00
-1165.20 -1165.20
-1172.08 -1165.20
-1169.96 -1165.20
-1186.36 -1165.20
-1182.60 -1165.20
-1190.13 -1165.20
-1190.74 -1165.20
-1176.92 -1165.20
-1197.52 -1165.20
-1172.58 -1165.20
-1171.21 -1165.20
-1169.70 -1169.70
-1157.77 -1157.77
-1132.77 -1132.77
-1140.20 -1132.77
-1178.81 -1132.77
-1157.15 -1132.77
-1173.35 -1132.77
-1137.62 -1132.77
-1153.62 -1132.77
-1169.73 -1132.77
-1160.74 -1132.77
-1156.68 -1132.77
-1157.43 -1132.77
-1134.94 -1134.94
-1158.13 -1134.94
-1155.53 -1134.94
-1168.01 -1134.94
-1174.81 -1134.94
-1146.99 -1134.94
-1146.36 -1134.94
-1162.03 -1134.94
-1187.45 -1134.94
-1136.24 -1134.94
-1140.59 -1134.94
-1134.33 -1134.33
-1191.15 -1134.33
-1129.22 -1129.22
-1114.21 -1114.21
-1191.27 -1114.21
-1128.04 -1114.21
-1167.64 -1114.21
-1165.75 -1114.21
-1155.23 -1114.21
-1189.28 -1114.21
-1124.93 -1114.21
-1149.24 -1114.21
-1153.85 -1114.21
-1098.77 -1098.77
-1139.27 -1098.77
-1118.98 -1098.77
-1137.17 -1098.77
-1135.93 -1098.77
-1124.28 -1098.77
-1123.11 -1098.77
-1168.28 -1098.77
-1100.86 -1098.77
-1167.24 -1098.77
-1113.20 -1098.77
-1118.69 -1098.77
-1159.42 -1098.77
-1115.83 -1098.77
-1161.92 -1098.77
-1173.90 -1098.77
-1137.51 -1098.77
-1164.71 -1098.77
-1122.98 -1098.77
-1131.65 -1098.77
-1135.53 -1098.77
-1155.82 -1098.77
-1095.12 -1095.12
-1154.28 -1095.12
-1103.50 -1095.12
-1156.86 -1095.12
-1147.54 -1095.12
-1124.01 -1095.12
-1170.34 -1095.12
-1172.66 -1095.12
-1149.63 -1095.12
-1131.43 -1095.12
-1132.95 -1095.12
-1184.30 -1095.12
-1126.77 -1095.12
-1162.03 -1095.12
-1143.28 -1095.12
-1140.41 -1095.12
-1115.58 -1095.12
-1181.65 -1095.12
-1142.68 -1095.12
-1191.53 -1095.12
-1137.06 -1095.12
-1149.33 -1095.12
-1148.61 -1095.12
-1153.17 -1095.12
-1099.53 -1095.12
-1162.62 -1095.12
-1154.09 -1095.12
-1137.43 -1095.12
-1148.49 -1095.12
-1130.44 -1095.12
-1137.08 -1095.12
-1167.51 -1095.12
-1101.16 -1095.12
-1107.58 -1095.12
-1175.90 -1095.12
-1096.19 -1095.12
-1146.29 -1095.12
-1156.03 -1095.12
-1164.14 -1095.12
-1114.92 -1095.12
-1102.52 -1095.12
-1137.40 -1095.12
-1141.94 -1095.12
-1146.05 -1095.12
-1161.40 -1095.12
-1135.34 -1095.12
-1151.73 -1095.12
-1143.70 -1095.12
-1159.35 -1095.12
-1162.02 -1095.12
-1122.80 -1095.12
-1146.03 -1095.12
-1127.19 -1095.12
-1171.53 -1095.12
-1174.39 -1095.12
-1160.85 -1095.12
-1137.89 -1095.12
-1114.02 -1095.12
-1173.52 -1095.12
-1110.52 -1095.12
-1139.64 -1095.12
-1189.74 -1095.12
-1157.62 -1095.12
-1171.20 -1095.12
-1161.24 -1095.12
-1111.03 -1095.12
-1144.75 -1095.12
-1107.91 -1095.12
-1115.48 -1095.12
-1153.59 -1095.12
-1064.62 -1064.62
-1120.91 -1064.62
-1110.89 -1064.62
-1071.37 -1064.62
-1133.94 -1064.62
-1130.69 -1064.62
-1122.59 -1064.62
-1104.86 -1064.62
-1108.12 -1064.62
-1126.25 -1064.62
-1100.14 -1064.62
-1044.93 -1044.93
-1099.17 -1044.93
-1122.09 -1044.93
-1044.88 -1044.88
-1055.91 -1044.88
-1065.92 -1044.88
-1053.79 -1044.88
-1098.06 -1044.88
-1108.75 -1044.88
-1075.21 -1044.88
-1046.09 -1044.88
-1037.75 -1037.75
-1064.06 -1037.75
-1110.63 -1037.75
-1069.98 -1037.75
-1088.13 -1037.75
-1085.83 -1037.75
-1066.59 -1037.75
-1035.69 -1035.69
-999.51 -999.51
-1026.37 -999.51
-1064.40 -999.51
-1011.98 -999.51
-1054.80 -999.51
-1033.65 -999.51
-1016.91 -999.51
-1111.78 -999.51
-1006.27 -999.51
-1004.88 -999.51
-1034.75 -999.51
-1083.30 -999.51
-1096.40 -999.51
-1026.94 -999.51
-1064.18 -999.51
-1108.81 -999.51
-1038.38 -999.51
-1062.67 -999.51
-1036.65 -999.51
-1083.08 -999.51
-1045.47 -999.51
-1068.94 -999.51
-1079.18 -999.51
-1017.16 -999.51
-1068.16 -999.51
-1029.14 -999.51
-1032.58 -999.51
-997.65 -997.65
-1071.52 -997.65
-1040.48 -997.65
-1090.35 -997.65
-1043.15 -997.65
-1031.43 -997.65
-998.75 -998.75
-1106.69 -998.75
-1059.21 -998.75
-1040.04 -998.75
-1067.13 -998.75
-1057.75 -998.75
-1093.21 -998.75
-1099.58 -998.75
-1035.60 -998.75
-1024.62 -998.75
-1056.74 -998.75
-1023.12 -998.75
-1059.00 -998.75
-1064.95 -998.75
-1055.94 -998.75
-1052.19 -998.75
-1070.24 -998.75
-1095.25 -998.75
-1023.03 -998.75
-1039.63 -998.75
-1079.87 -998.75
-1071.08 -998.75
-1040.23 -998.75
-1038.92 -998.75
-1096.25 -998.75
-1023.98 -998.75
-1099.05 -998.75
-1085.66 -998.75
-1010.73 -998.75
-1126.01 -998.75
-1107.47 -998.75
-1027.24 -998.75
-1025.13 -998.75
-1132.40 -998.75
-1111.26 -998.75
-1054.28 -998.75
-1072.09 -998.75
-1055.97 -998.75
-1064.73 -998.75
-1052.99 -998.75
-1056.72 -998.75
-1027.36 -998.75
-1036.59 -998.75
-1118.52 -998.75
-1055.75 -998.75
-987.34 -987.34
-971.97 -971.97
-1077.22 -971.97
-968.58 -968.58
-1037.15 -968.58
-984.52 -968.58
-1007.99 -968.58
-999.86 -968.58
-1000.55 -968.58
-1054.66 -968.58
-953.65 -953.65
-1020.18 -953.65
-1041.31 -953.65
-1028.77 -953.65
-949.26 -949.26
-953.36 -949.26
-921.89 -921.89
-986.85 -921.89
-918.23 -918.23
-961.60 -918.23
-912.93 -912.93
-984.57 -912.93
-967.34 -912.93
-981.67 -912.93
-1027.32 -912.93
-962.68 -912.93
-973.74 -912.93
-939.55 -912.93
-988.67 -912.93
-996.72 -912.93
-1011.42 -912.93
-984.35 -912.93
-1047.75 -912.93
-976.48 -912.93
-1051.81 -912.93
-1008.60 -912.93
-960.83 -912.93
-1014.68 -912.93
-1094.21 -912.93
-957.19 -912.93
-945.31 -912.93
-962.98 -912.93
-992.62 -912.93
-990.42 -912.93
-931.69 -912.93
-1046.02 -912.93
-935.23 -912.93
-979.10 -912.93
-939.90 -912.93
-1066.74 -912.93
-1036.43 -912.93
-970.88 -912.93
-897.54 -897.54
-1096.84 -897.54
-924.36 -897.54
-939.64 -897.54
-908.94 -897.54
-934.72 -897.54
-993.38 -897.54
-967.45 -897.54
-1001.55 -897.54
-1030.57 -897.54
-926.38 -897.54
-917.88 -897.54
-1021.31 -897.54
-963.86 -897.54
-970.67 -897.54
-931.82 -897.54
-980.91 -897.54
-958.51 -897.54
-1011.24 -897.54
-908.14 -897.54
-945.63 -897.54
-951.65 -897.54
-975.92 -897.54
-926.65 -897.54
-979.28 -897.54
-943.40 -897.54
-1001.20 -897.54
-952.15 -897.54
-929.62 -897.54
-998.59 -897.54
-1010.82 -897.54
-1010.27 -897.54
-968.83 -897.54
-949.42 -897.54
-944.51 -897.54
-883.77 -883.77
-930.05 -883.77
-967.49 -883.77
-1012.32 -883.77
-1058.55 -883.77
-952.99 -883.77
-947.62 -883.77
-1018.01 -883.77
-941.14 -883.77
-1016.07 -883.77
-910.04 -883.77
-985.67 -883.77
-1008.48 -883.77
-1064.93 -883.77
-1016.98 -883.77
-956.08 -883.77
-1012.26 -883.77
-958.83 -883.77
-968.72 -883.77
-1076.86 -883.77
-1058.58 -883.77
-978.58 -883.77
-958.95 -883.77
-1002.47 -883.77
-950.71 -883.77
-971.87 -883.77
-1015.07 -883.77
-992.14 -883.77
-931.68 -883.77
-943.59 -883.77
-983.46 -883.77
-976.44 -883.77
-963.06 -883.77
-988.50 -883.77
-970.03 -883.77
-1031.06 -883.77
-1004.43 -883.77
-907.67 -883.77
-909.59 -883.77
-935.16 -883.77
-984.60 -883.77
-1061.11 -883.77
-985.67 -883.77
-944.99 -883.77
-954.97 -883.77
-994.37 -883.77
-947.97 -883.77
-942.97 -883.77
-982.82 -883.77
-953.49 -883.77
-965.49 -883.77
-999.86 -883.77
-979.50 -883.77
-951.92 -883.77
-980.13 -883.77
-1068.70 -883.77
-1031.11 -883.77
-951.49 -883.77
-980.09 -883.77
-1102.04 -883.77
-995.82 -883.77
-954.79 -883.77
-992.03 -883.77
-916.38 -883.77
-998.55 -883.77
-927.84 -883.77
-1066.22 -883.77
-880.38 -880.38
-993.02 -880.38
-963.67 -880.38
-976.81 -880.38
-1028.21 -880.38
-990.50 -880.38
-1046.27 -880.38
-962.77 -880.38
-1067.10 -880.38
-954.05 -880.38
-954.17 -880.38
-994.94 -880.38
-963.70 -880.38
-961.62 -880.38
-949.31 -880.38
-1159.11 -1159.11
-1190.09 -1159.11
-1178.26 -1159.11
-1142.97 -1142.97
-1181.22 -1142.97
-1143.39 -1143.39
-1184.11 -1143.39
-1151.76 -1143.39
-1171.01 -1143.39
-1171.32 -1143.39
-1222.66 -1143.39
-1158.67 -1143.39
-1161.96 -1143.39
-1165.74 -1143.39
-1179.70 -1143.39
-1190.32 -1143.39
-1150.99 -1143.39
-1218.81 -1143.39
-1166.25 -1143.39
-1151.36 -1143.39
-1150.39 -1143.39
-1194.75 -1143.39
-1189.90 -1143.39
-1173.85 -1143.39
-1141.02 -1141.02
-1180.31 -1141.02
-1134.97 -1134.97
-1186.14 -1134.97
-1181.55 -1134.97
-1138.77 -1134.97
-1125.94 -1125.94
-1150.50 -1125.94
-1165.88 -1125.94
-1185.49 -1125.94
-1201.92 -1125.94
-1143.83 -1125.94
-1118.17 -1118.17
-1184.40 -1118.17
-1173.31 -1118.17
-1091.70 -1091.70
-1118.61 -1091.70
-1129.97 -1091.70
-1124.02 -1091.70
-1197.66 -1091.70
-1122.37 -1091.70
-1108.02 -1091.70
-1160.80 -1091.70
-1187.12 -1091.70
-1140.29 -1091.70
-1128.11 -1091.70
-1140.42 -1091.70
-1102.22 -1091.70
-1189.77 -1091.70
-1133.94 -1091.70
-1099.57 -1091.70
-1142.23 -1091.70
-1114.68 -1091.70
-1135.43 -1091.70
-1144.28 -1091.70
-1103.33 -1091.70
-1136.37 -1091.70
-1112.64 -1091.70
-1126.33 -1091.70
-1139.75 -1091.70
-1203.12 -1091.70
-1127.19 -1091.70
-1107.49 -1091.70
-1140.89 -1091.70
-1094.96 -1091.70
-1171.56 -1091.70
-1160.58 -1091.70
-1073.33 -1073.33
-1086.66 -1073.33
-1104.40 -1073.33
-1110.20 -1073.33
-1137.49 -1073.33
-1157.81 -1073.33
-1132.00 -1073.33
-1117.73 -1073.33
-1130.58 -1073.33
-1106.88 -1073.33
-1092.72 -1073.33
-1176.86 -1073.33
-1134.78 -1073.33
-1073.19 -1073.19
-1133.49 -1073.19
-1172.68 -1073.19
-1086.97 -1073.19
-1108.30 -1073.19
-1105.71 -1073.19
-1170.28 -1073.19
-1131.89 -1073.19
-1164.61 -1073.19
-1119.64 -1073.19
-1188.25 -1073.19
-1135.06 -1073.19
-1167.02 -1073.19
-1126.22 -1073.19
-1173.27 -1073.19
-1101.27 -1073.19
-1131.80 -1073.19
-1118.50 -1073.19
-1108.25 -1073.19
-1120.30 -1073.19
-1077.17 -1073.19
-1095.27 -1073.19
-1076.63 -1073.19
-1140.97 -1073.19
-1097.49 -1073.19
-1114.00 -1073.19
-1110.91 -1073.19
-1139.38 -1073.19
-1091.33 -1073.19
-1144.27 -1073.19
-1149.94 -1073.19
-1113.19 -1073.19
-1122.17 -1073.19
-1116.19 -1073.19
-1074.09 -1074.09
-1140.31 -1074.09
-1068.70 -1068.70
-1098.37 -1068.70
-1152.71 -1068.70
-1048.03 -1048.03
-1098.11 -1048.03
-1154.57 -1048.03
-1070.21 -1048.03
-1039.35 -1039.35
-999.36 -999.36
-1057.79 -999.36
-1080.43 -999.36
-1066.03 -999.36
-1024.88 -999.36
-1037.73 -999.36
-1040.62 -999.36
-1098.45 -999.36
-1088.95 -999.36
-1115.12 -999.36
-1167.17 -999.36
-1147.95 -999.36
-1060.73 -999.36
-1062.26 -999.36
-1065.05 -999.36
-1050.96 -999.36
-1079.16 -999.36
-1108.36 -999.36
-1106.23 -999.36
-1077.43 -999.36
-1078.04 -999.36
-1039.09 -999.36
-1048.79 -999.36
-1060.42 -999.36
-1074.56 -999.36
-1087.55 -999.36
-1033.25 -999.36
-1082.36 -999.36
-1098.44 -999.36
-1099.93 -999.36
-1045.80 -999.36
-1023.24 -999.36
-1107.05 -999.36
-1010.50 -999.36
-1092.34 -999.36
-1073.00 -999.36
-1048.23 -999.36
-1079.43 -999.36
-1058.77 -999.36
-1028.37 -999.36
-1081.36 -999.36
-1035.92 -999.36
-1113.51 -999.36
-1003.13 -999.36
-1055.01 -999.36
-1091.54 -999.36
-1159.71 -999.36
-1093.30 -999.36
-1037.28 -999.36
-1063.51 -999.36
-1017.85 -999.36
-1116.09 -999.36
-1077.36 -999.36
-1079.76 -999.36
-1075.19 -999.36
-1107.11 -999.36
-1053.56 -999.36
-1058.49 -999.36
-1019.10 -999.36
-1079.98 -999.36
-1064.62 -999.36
-1174.68 -999.36
-1094.87 -999.36
-1056.70 -999.36
-1110.14 -999.36
-1045.56 -999.36
-1028.43 -999.36
-1065.35 -999.36
-1099.45 -999.36
-1090.62 -999.36
-1067.30 -999.36
-1109.44 -999.36
-1024.12 -999.36
-1062.96 -999.36
-1094.67 -999.36
-1038.44 -999.36
-1070.48 -999.36
-1102.70 -999.36
-1143.58 -999.36
-1109.31 -999.36
-1037.98 -999.36
-1067.03 -999.36
-1070.06 -999.36
-1063.79 -999.36
-1044.54 -999.36
-1083.97 -999.36
-1090.74 -999.36
-1035.15 -999.36
-1121.84 -999.36
-1179.00 -999.36
-1082.08 -999.36
-1031.06 -999.36
-1055.44 -999.36
-1178.52 -999.36
-1051.09 -999.36
-1046.05 -999.36
-1069.42 -999.36
-1050.08 -999.36
-1092.72 -999.36
-1068.49 -999.36
-1063.16 -999.36
-1092.75 -999.36
-1087.34 -999.36
-1021.70 -999.36
-1018.28 -999.36
-1054.51 -999.36
-1113.84 -999.36
-1063.37 -999.36
-1106.78 -999.36
-1011.02 -999.36
-1119.77 -999.36
-1053.70 -999.36
-1065.23 -999.36
-996.16 -996.16
-1034.65 -996.16
-1093.95 -996.16
-1087.65 -996.16
-1023.41 -996.16
-1011.10 -996.16
-1068.99 -996.16
-1076.71 -996.16
-1081.06 -996.16
-1052.57 -996.16
-1029.29 -996.16
-1083.55 -996.16
-1095.12 -996.16
-1005.49 -996.16
-1058.01 -996.16
-1090.23 -996.16
-1038.24 -996.16
-1070.08 -996.16
-1055.64 -996.16
-1068.29 -996.16
-1054.46 -996.16
-1074.09 -996.16
-1054.58 -996.16
-1013.79 -996.16
-1104.87 -996.16
-1041.77 -996.16
-1037.74 -996.16
-1118.59 -996.16
-1084.02 -996.16
-1050.86 -996.16
-1008.73 -996.16
-1043.17 -996.16
-1068.97 -996.16
-1065.72 -996.16
-1068.22 -996.16
-1028.91 -996.16
-1068.93 -996.16
-1096.65 -996.16
-1072.72 -996.16
-1061.13 -996.16
-1070.11 -996.16
-1083.79 -996.16
-1096.94 -996.16
-1016.83 -996.16
-1153.51 -996.16
-1044.46 -996.16
-1032.86 -996.16
-1052.68 -996.16
-1110.66 -996.16
-1054.81 -996.16
-1130.83 -996.16
-1024.56 -996.16
-1026.99 -996.16
-1051.16 -996.16
-1025.03 -996.16
-1051.81 -996.16
-1076.69 -996.16
-1120.09 -996.16
-1064.57 -996.16
-1152.84 -996.16
-1101.76 -996.16
-1025.15 -996.16
-1057.27 -996.16
-972.08 -972.08
-1047.38 -972.08
-1045.49 -972.08
-1054.35 -972.08
-1022.38 -972.08
-1055.19 -972.08
-1064.59 -972.08
-1067.80 -972.08
-986.93 -972.08
-1047.66 -972.08
-1077.67 -972.08
-1054.89 -972.08
-1063.47 -972.08
-1099.56 -972.08
-1026.66 -972.08
-1072.57 -972.08
-1066.28 -972.08
-1039.16 -972.08
-1059.11 -972.08
-1060.98 -972.08
-1029.05 -972.08
-1075.76 -972.08
-1043.19 -972.08
-1044.27 -972.08
-1065.01 -972.08
-1046.02 -972.08
-1032.54 -972.08
-1020.88 -972.08
-1061.61 -972.08
-1025.28 -972.08
-1072.84 -972.08
-1036.78 -972.08
-1035.47 -972.08
-1051.18 -972.08
-1006.81 -972.08
-1045.28 -972.08
-1022.07 -972.08
-1068.19 -972.08
-1085.75 -972.08
-1030.49 -972.08
-1045.81 -972.08
-1060.43 -972.08
-1008.81 -972.08
-1075.52 -972.08
-969.64 -969.64
-1005.45 -969.64
-1077.61 -969.64
-1069.15 -969.64
-1037.03 -969.64
-1039.41 -969.64
-1008.74 -969.64
-1041.02 -969.64
-1047.33 -969.64
-1044.71 -969.64
-1032.93 -969.64
-1068.07 -969.64
-1090.90 -969.64
-1066.54 -969.64
-974.86 -969.64
-1016.81 -969.64
-1002.78 -969.64
-1051.54 -969.64
-1078.90 -969.64
-1070.52 -969.64
-1064.87 -969.64
-1017.72 -969.64
-1050.08 -969.64
-1104.52 -969.64
-1005.77 -969.64
-1014.20 -969.64
-1027.06 -969.64
-1008.47 -969.64
-1074.85 -969.64
-1072.65 -969.64
-1098.86 -969.64
-968.28 -968.28
-1035.98 -968.28
-1034.54 -968.28
-963.12 -963.12
-998.81 -963.12
-972.20 -963.12
-1049.66 -963.12
-1021.67 -963.12
-1078.31 -963.12
-1030.58 -963.12
-1006.37 -963.12
-941.93 -941.93
-1019.01 -941.93
-1000.36 -941.93
-1007.98 -941.93
-1078.95 -941.93
-1049.31 -941.93
-978.05 -941.93
-997.07 -941.93
-1000.45 -941.93
-981.55 -941.93
-869.86 -869.86
-1015.21 -869.86
-1003.88 -869.86
-924.50 -869.86
-1043.66 -869.86
-971.91 -869.86
-1082.37 -869.86
-951.04 -869.86
-1030.68 -869.86
-1006.16 -869.86
-1032.15 -869.86
-1050.62 -869.86
-1050.36 -869.86
-1015.56 -869.86
-997.26 -869.86
-1037.87 -869.86
-1160.21 -1160.21
-1164.84 -1160.21
-1160.45 -1160.21
-1158.48 -1158.48
-1179.18 -1158.48
-1176.86 -1158.48
-1165.67 -1158.48
-1175.99 -1158.48
-1179.31 -1158.48
-1182.06 -1158.48
-1182.70 -1158.48
-1175.58 -1158.48
-1186.42 -1158.48
-1161.16 -1158.48
-1145.50 -1145.50
-1134.70 -1134.70
-1179.74 -1134.70
-1168.16 -1134.70
-1153.52 -1134.70
-1143.38 -1134.70
-1140.24 -1134.70
-1148.42 -1134.70
-1148.65 -1134.70
-1133.63 -1133.63
-1143.61 -1133.63
-1139.63 -1133.63
-1143.18 -1133.63
-1143.86 -1133.63
-1128.27 -1128.27
-1157.56 -1128.27
-1184.91 -1128.27
-1122.40 -1122.40
-1096.95 -1096.95
-1135.26 -1096.95
-1113.73 -1096.95
-1114.42 -1096.95
-1141.27 -1096.95
-1135.80 -1096.95
-1093.38 -1093.38
-1145.29 -1093.38
-1147.77 -1093.38
-1069.31 -1069.31
-1124.04 -1069.31
-1129.06 -1069.31
-1107.61 -1069.31
-1156.47 -1069.31
-1152.50 -1069.31
-1096.89 -1069.31
-1106.42 -1069.31
-1082.88 -1069.31
-1096.48 -1069.31
-1166.80 -1069.31
-1110.00 -1069.31
-1115.76 -1069.31
-1123.12 -1069.31
-1080.27 -1069.31
-1079.70 -1069.31
-1117.61 -1069.31
-1142.93 -1069.31
-1142.07 -1069.31
-1137.73 -1069.31
-1136.54 -1069.31
-1126.97 -1069.31
-1081.03 -1069.31
-1140.50 -1069.31
-1118.59 -1069.31
-1060.82 -1060.82
-1053.43 -1053.43
-1080.74 -1053.43
-1041.91 -1041.91
-1128.10 -1041.91
-1039.92 -1039.92
-1105.32 -1039.92
-1083.90 -1039.92
-1069.45 -1039.92
-1029.09 -1029.09
-1011.08 -1011.08
-1052.33 -1011.08
-1038.85 -1011.08
-1066.43 -1011.08
-1051.92 -1011.08
-1089.82 -1011.08
-1062.42 -1011.08
-1031.62 -1011.08
-1062.15 -1011.08
-1092.90 -1011.08
-1071.17 -1011.08
-1024.40 -1011.08
-1119.78 -1011.08
-1135.88 -1011.08
-1039.34 -1011.08
-1129.43 -1011.08
-1046.66 -1011.08
-1086.03 -1011.08
-1079.35 -1011.08
-1034.98 -1011.08
-1093.72 -1011.08
-1135.17 -1011.08
-1125.96 -1011.08
-1091.69 -1011.08
-1162.18 -1011.08
-1030.33 -1011.08
-1056.20 -1011.08
-1141.26 -1011.08
-1040.37 -1011.08
-1069.39 -1011.08
-1054.17 -1011.08
-1063.08 -1011.08
-1031.53 -1011.08
-1088.13 -1011.08
-1056.62 -1011.08
-1053.56 -1011.08
-1032.86 -1011.08
-1029.15 -1011.08
-1025.27 -1011.08
-1071.43 -1011.08
-1050.24 -1011.08
-1058.03 -1011.08
-1065.69 -1011.08
-1041.86 -1011.08
-1025.30 -1011.08
-1100.82 -1011.08
-1065.01 -1011.08
-1127.68 -1011.08
-1055.61 -1011.08
-1086.28 -1011.08
-1049.83 -1011.08
-1081.70 -1011.08
-1042.16 -1011.08
-1143.11 -1011.08
-1048.58 -1011.08
-1002.91 -1002.91
-1061.12 -1002.91
-1029.29 -1002.91
-1014.36 -1002.91
-1013.86 -1002.91
-1073.13 -1002.91
-1061.24 -1002.91
-1041.95 -1002.91
-1019.11 -1002.91
-1055.34 -1002.91
-1035.21 -1002.91
-1060.55 -1002.91
-1139.51 -1002.91
-1075.59 -1002.91
-1076.95 -1002.91
-1112.85 -1002.91
-1081.33 -1002.91
-1044.26 -1002.91
-1052.19 -1002.91
-1051.86 -1002.91
-1039.92 -1002.91
-1072.75 -1002.91
-1043.79 -1002.91
-992.88 -992.88
-1007.73 -992.88
-1054.55 -992.88
-1020.80 -992.88
-1056.30 -992.88
-1054.95 -992.88
-1041.36 -992.88
-971.54 -971.54
-1047.60 -971.54
-1073.53 -971.54
-1053.67 -971.54
-1023.82 -971.54
-1063.10 -971.54
-1071.32 -971.54
-1052.62 -971.54
-1034.01 -971.54
-1041.63 -971.54
-1024.07 -971.54
-1083.38 -971.54
-1086.11 -971.54
-1054.71 -971.54
-1023.91 -971.54
-991.79 -971.54
-1034.79 -971.54
-1009.12 -971.54
-1037.80 -971.54
-1093.67 -971.54
-988.21 -971.54
-1016.90 -971.54
-1049.30 -971.54
-1066.43 -971.54
-1041.26 -971.54
-1066.63 -971.54
-1089.97 -971.54
-1021.43 -971.54
-1028.83 -971.54
-1033.35 -971.54
-1098.19 -971.54
-1058.37 -971.54
-1061.07 -971.54
-1092.54 -971.54
-1042.62 -971.54
-1060.83 -971.54
-1066.65 -971.54
-995.36 -971.54
-1004.58 -971.54
-1023.78 -971.54
-1004.54 -971.54
-1077.93 -971.54
-1064.45 -971.54
-1068.11 -971.54
-991.82 -971.54
-1122.28 -971.54
-1003.74 -971.54
-1006.02 -971.54
-1034.88 -971.54
-1066.04 -971.54
-1058.40 -971.54
-1013.18 -971.54
-1063.40 -971.54
-1037.28 -971.54
-1028.18 -971.54
-1026.71 -971.54
-1015.43 -971.54
-1035.01 -971.54
-1009.76 -971.54
-998.31 -971.54
-1029.06 -971.54
-1061.86 -971.54
-1019.81 -971.54
-965.60 -965.60
-1030.02 -965.60
-1054.75 -965.60
-943.60 -943.60
-988.98 -943.60
-1000.06 -943.60
-1136.61 -943.60
-978.31 -943.60
-993.39 -943.60
-1037.54 -943.60
-1007.54 -943.60
-1040.35 -943.60
-1059.46 -943.60
-944.80 -943.60
-941.70 -941.70
-947.79 -941.70
-917.24 -917.24
-933.21 -917.24
-1013.08 -917.24
-933.43 -917.24
-986.77 -917.24
-1067.03 -917.24
-1030.68 -917.24
-987.69 -917.24
-1006.85 -917.24
-950.52 -917.24
-962.40 -917.24
-947.00 -917.24
-888.25 -888.25
-948.91 -888.25
-962.90 -888.25
-891.61 -888.25
-1033.82 -888.25
-1167.15 -888.25
-985.94 -888.25
-998.54 -888.25
-1001.29 -888.25
-960.13 -888.25
-964.36 -888.25
-1094.66 -888.25
-974.84 -888.25
-952.46 -888.25
-970.42 -888.25
-1001.36 -888.25
-1046.24 -888.25
-965.90 -888.25
-937.74 -888.25
-929.27 -888.25
-980.82 -888.25
-901.79 -888.25
-969.51 -888.25
-951.38 -888.25
-975.26 -888.25
-1049.70 -888.25
-1047.02 -888.25
-955.11 -888.25
-1007.85 -888.25
-935.58 -888.25
-930.04 -888.25
-929.74 -888.25
-1030.46 -888.25
-968.41 -888.25
-928.59 -888.25
-944.42 -888.25
-971.43 -888.25
-980.18 -888.25
-1054.66 -888.25
-1091.58 -888.25
-1008.86 -888.25
-996.94 -888.25
-1014.27 -888.25
-875.96 -875.96
-988.10 -875.96
-1004.53 -875.96
-931.31 -875.96
-1081.19 -875.96
-971.75 -875.96
-984.62 -875.96
-901.37 -875.96
-958.24 -875.96
-960.92 -875.96
-930.91 -875.96
-1001.63 -875.96
-981.23 -875.96
-979.73 -875.96
-971.91 -875.96
-957.65 -875.96
-992.79 -875.96
-998.08 -875.96
-940.94 -875.96
-900.13 -875.96
-990.47 -875.96
-997.99 -875.96
-933.20 -875.96
-870.28 -870.28
-971.84 -870.28
-1063.28 -870.28
-930.63 -870.28
-1030.76 -870.28
-959.52 -870.28
-973.51 -870.28
-891.83 -870.28
-948.96 -870.28
-1014.26 -870.28
-908.68 -870.28
-928.74 -870.28
-954.54 -870.28
-956.59 -870.28
-949.90 -870.28
-938.93 -870.28
-987.79 -870.28
-1010.93 -870.28
-1092.00 -870.28
-975.56 -870.28
-1078.18 -870.28
-1030.03 -870.28
-937.78 -870.28
-947.27 -870.28
-935.27 -870.28
-981.44 -870.28
-1026.42 -870.28
-1018.77 -870.28
-975.52 -870.28
-1070.08 -870.28
-1016.94 -870.28
-1032.09 -870.28
-949.84 -870.28
-971.92 -870.28
-1001.57 -870.28
-926.47 -870.28
-941.62 -870.28
-953.45 -870.28
-976.01 -870.28
-1064.70 -870.28
-964.34 -870.28
-949.94 -870.28
-954.57 -870.28
-948.68 -870.28
-938.58 -870.28
-985.91 -870.28
-1013.82 -870.28
-961.10 -870.28
-1046.66 -870.28
-963.41 -870.28
-990.51 -870.28
-948.18 -870.28
-983.71 -870.28
-958.65 -870.28
-924.11 -870.28
-958.42 -870.28
-943.93 -870.28
-966.25 -870.28
-934.80 -870.28
-942.86 -870.28
-1025.76 -870.28
-935.61 -870.28
-972.80 -870.28
-922.83 -870.28
-983.78 -870.28
-939.04 -870.28
-986.39 -870.28
-948.81 -870.28
-929.32 -870.28
-1059.58 -870.28
-1037.52 -870.28
-1045.85 -870.28
-922.97 -870.28
-1042.46 -870.28
-930.04 -870.28
-991.82 -870.28
-974.11 -870.28
-960.15 -870.28
-905.48 -870.28
-929.92 -870.28
-1065.80 -870.28
-1065.40 -870.28
-953.12 -870.28
-947.93 -870.28
-1000.90 -870.28
-978.18 -870.28
-1046.85 -870.28
-945.69 -870.28
-1043.12 -870.28
-1029.01 -870.28
-970.26 -870.28
-1019.81 -870.28
-995.19 -870.28
-924.56 -870.28
-981.41 -870.28
-997.55 -870.28
-1054.22 -870.28
-941.11 -870.28
-1219.49 -870.28
-1206.67 -870.28
-1176.84 -870.28
-1183.01 -870.28
-1207.70 -870.28
-1193.32 -870.28
-1204.64 -870.28
-1157.08 -1157.08
-1173.75 -1157.08
-1172.40 -1157.08
-1207.22 -1157.08
-1183.48 -1157.08
-1174.67 -1157.08
-1195.03 -1157.08
-1222.94 -1157.08
-1207.00 -1157.08
-1174.57 -1157.08
-1196.91 -1157.08
-1156.22 -1156.22
-1180.99 -1156.22
-1131.08 -1131.08
-1144.82 -1131.08
-1177.34 -1131.08
-1159.80 -1131.08
-1165.55 -1131.08
-1150.18 -1131.08
-1135.33 -1131.08
-1147.81 -1131.08
-1158.78 -1131.08
-1142.41 -1131.08
-1197.58 -1131.08
-1149.07 -1131.08
-1158.56 -1131.08
-1199.11 -1131.08
-1132.95 -1131.08
-1151.45 -1131.08
-1153.78 -1131.08
-1186.35 -1131.08
-1156.44 -1131.08
-1134.49 -1131.08
-1152.09 -1131.08
-1162.37 -1131.08
-1179.25 -1131.08
-1182.80 -1131.08
-1202.21 -1131.08
-1137.75 -1131.08
-1170.04 -1131.08
-1139.96 -1131.08
-1185.97 -1131.08
-1150.61 -1131.08
-1146.63 -1131.08
-1206.83 -1131.08
-1158.59 -1131.08
-1155.59 -1131.08
-1133.49 -1133.49
-1169.65 -1133.49
-1145.25 -1133.49
-1146.43 -1133.49
-1172.16 -1133.49
-1213.31 -1133.49
-1138.37 -1133.49
-1160.60 -1133.49
-1198.70 -1133.49
-1178.98 -1133.49
-1146.25 -1133.49
-1172.26 -1133.49
-1140.38 -1133.49
-1175.51 -1133.49
-1180.19 -1133.49
-1142.71 -1133.49
-1173.84 -1133.49
-1140.36 -1133.49
-1174.74 -1133.49
-1185.05 -1133.49
-1132.66 -1132.66
-1160.92 -1132.66
-1148.70 -1132.66
-1148.64 -1132.66
-1141.18 -1132.66
-1154.64 -1132.66
-1171.40 -1132.66
-1173.14 -1132.66
-1185.65 -1132.66
-1136.92 -1132.66
-1182.37 -1132.66
-1161.44 -1132.66
-1126.93 -1126.93
-1168.67 -1126.93
-1135.43 -1126.93
-1200.39 -1126.93
-1133.03 -1126.93
-1147.58 -1126.93
-1130.52 -1126.93
-1133.17 -1126.93
-1158.08 -1126.93
-1196.72 -1126.93
-1147.50 -1126.93
-1191.81 -1126.93
-1186.39 -1126.93
-1146.14 -1126.93
-1133.95 -1126.93
-1147.97 -1126.93
-1149.22 -1126.93
-1156.81 -1126.93
-1118.16 -1118.16
-1132.35 -1118.16
-1203.70 -1118.16
-1142.86 -1118.16
-1161.85 -1118.16
-1178.33 -1118.16
-1194.07 -1118.16
-1131.75 -1118.16
-1154.32 -1118.16
-1138.78 -1118.16
-1187.23 -1118.16
-1171.72 -1118.16
-1129.83 -1118.16
-1142.55 -1118.16
-1137.66 -1118.16
-1169.16 -1118.16
-1150.11 -1118.16
-1139.58 -1118.16
-1195.90 -1118.16
-1160.11 -1118.16
-1147.63 -1118.16
-1137.71 -1118.16
-1155.68 -1118.16
-1130.67 -1118.16
-1144.61 -1118.16
-1161.87 -1118.16
-1146.56 -1118.16
-1134.07 -1118.16
-1199.78 -1118.16
-1152.53 -1118.16
-1166.20 -1118.16
-1148.15 -1118.16
-1177.30 -1118.16
-1178.05 -1118.16
-1126.35 -1118.16
-1122.02 -1118.16
-1122.58 -1118.16
-1154.29 -1118.16
-1149.91 -1118.16
-1137.97 -1118.16
-1187.16 -1118.16
-1141.74 -1118.16
-1154.67 -1118.16
-1134.77 -1118.16
-1142.05 -1118.16
-1176.88 -1118.16
-1126.29 -1118.16
-1171.19 -1118.16
-1170.15 -1118.16
-1160.93 -1118.16
-1140.59 -1118.16
-1155.11 -1118.16
-1143.49 -1118.16
-1133.49 -1118.16
-1149.19 -1118.16
-1199.64 -1118.16
-1143.24 -1118.16
-1177.24 -1118.16
-1148.70 -1118.16
-1191.77 -1118.16
-1167.74 -1118.16
-1120.62 -1118.16
-1133.54 -1118.16
-1119.99 -1118.16
-1124.47 -1118.16
-1153.79 -1118.16
-1234.28 -1118.16
-1165.33 -1118.16
-1149.24 -1118.16
-1140.88 -1118.16
-1160.93 -1118.16
-1142.45 -1118.16
-1130.91 -1118.16
-1150.77 -1118.16
-1203.74 -1118.16
-1162.97 -1118.16
-1181.80 -1118.16
-1175.61 -1118.16
-1185.09 -1118.16
-1137.38 -1118.16
-1160.55 -1118.16
-1163.51 -1118.16
-1128.89 -1118.16
-1161.41 -1118.16
-1143.77 -1118.16
-1175.05 -1118.16
-1130.41 -1118.16
-1147.44 -1118.16
-1159.75 -1118.16
-1143.07 -1118.16
-1171.37 -1118.16
-1155.99 -1118.16
-1156.96 -1118.16
-1160.00 -1118.16
-1146.80 -1118.16
-1142.71 -1118.16
-1163.74 -1118.16
-1171.59 -1118.16
-1152.88 -1118.16
-1125.12 -1118.16
-1138.13 -1118.16
-1159.12 -1118.16
-1156.91 -1118.16
-1155.66 -1118.16
-1127.73 -1118.16
-1111.63 -1111.63
-1153.09 -1111.63
-1142.61 -1111.63
-1154.59 -1111.63
-1123.16 -1111.63
-1130.35 -1111.63
-1129.79 -1111.63
-1132.47 -1111.63
-1148.60 -1111.63
-1155.87 -1111.63
-1136.63 -1111.63
-1195.37 -1111.63
-1123.14 -1111.63
-1122.77 -1111.63
-1179.79 -1111.63
-1128.11 -1111.63
-1132.29 -1111.63
-1163.18 -1111.63
-1154.32 -1111.63
-1140.49 -1111.63
-1128.60 -1111.63
-1131.45 -1111.63
-1119.82 -1111.63
-1194.80 -1111.63
-1155.58 -1111.63
-1106.87 -1106.87
-1187.07 -1106.87
-1125.96 -1106.87
-1148.12 -1106.87
-1147.68 -1106.87
-1203.50 -1106.87
-1156.21 -1106.87
-1180.51 -1106.87
-1106.43 -1106.43
-1137.21 -1106.43
-1109.13 -1106.43
-1166.81 -1106.43
-1123.72 -1106.43
-1087.18 -1087.18
-1097.67 -1087.18
-1064.45 -1064.45
-1054.79 -1054.79
-1098.59 -1054.79
-1077.37 -1054.79
-1114.80 -1054.79
-1063.46 -1054.79
-1024.61 -1024.61
-1047.76 -1024.61
-1118.63 -1024.61
-1054.71 -1024.61
-1133.85 -1024.61
-1053.96 -1024.61
-1118.91 -1024.61
-1116.88 -1024.61
-1096.90 -1024.61
-1095.58 -1024.61
-1055.63 -1024.61
-1079.13 -1024.61
-1076.72 -1024.61
-1131.68 -1024.61
-1062.88 -1024.61
-1064.33 -1024.61
-1082.82 -1024.61
-1094.67 -1024.61
-1013.61 -1013.61
-1062.96 -1013.61
-1052.63 -1013.61
-1028.58 -1013.61
-1044.48 -1013.61
-1034.28 -1013.61
-1160.87 -1013.61
-991.38 -991.38
-1049.09 -991.38
-1073.10 -991.38
-1064.80 -991.38
-1064.33 -991.38
-1075.06 -991.38
-1069.45 -991.38
-1053.64 -991.38
-1074.24 -991.38
-1006.57 -991.38
-1094.16 -991.38
-1032.60 -991.38
-1064.55 -991.38
-1047.80 -991.38
-1109.15 -991.38
-1077.11 -991.38
-1042.38 -991.38
-1050.72 -991.38
-996.59 -991.38
-1031.44 -991.38
-1046.43 -991.38
-1045.31 -991.38
-1044.04 -991.38
-1072.52 -991.38
-1062.59 -991.38
-1030.47 -991.38
-1022.37 -991.38
-1094.34 -991.38
-1069.82 -991.38
-1050.37 -991.38
-1075.13 -991.38
-999.63 -991.38
-1028.95 -991.38
-1019.46 -991.38
-1055.72 -991.38
-1125.63 -991.38
-1084.67 -991.38
-1072.16 -991.38
-1007.76 -991.38
-1129.84 -991.38
-1053.95 -991.38
-1057.39 -991.38
-1067.00 -991.38
-1085.99 -991.38
-1033.37 -991.38
-1077.78 -991.38
-1068.20 -991.38
-1055.11 -991.38
-1050.72 -991.38
-1003.51 -991.38
-1080.44 -991.38
-1074.22 -991.38
-1082.95 -991.38
-1035.02 -991.38
-1156.86 -991.38
-1035.65 -991.38
-1051.12 -991.38
-1052.50 -991.38
-1032.07 -991.38
-1037.82 -991.38
-1062.12 -991.38
-990.52 -990.52
-972.30 -972.30
-965.56 -965.56
-1027.53 -965.56
-949.34 -949.34
-936.52 -936.52
-1067.90 -936.52
-912.40 -912.40
-943.78 -912.40
-1037.93 -912.40
-974.46 -912.40
-998.07 -912.40
-1000.19 -912.40
-979.90 -912.40
-961.40 -912.40
-988.89 -912.40
-1004.03 -912.40
-933.31 -912.40
-1041.04 -912.40
-1014.21 -912.40
-914.63 -914.63
-927.87 -914.63
-947.98 -914.63
-986.75 -914.63
-979.61 -914.63
-921.57 -914.63
-1007.84 -914.63
-889.97 -889.97
-1000.52 -889.97
-974.34 -889.97
-957.98 -889.97
-921.08 -889.97
-1024.51 -889.97
-965.41 -889.97
-904.59 -889.97
-945.64 -889.97
-898.67 -889.97
-1103.13 -889.97
-1081.46 -889.97
-983.72 -889.97
-965.44 -889.97
-957.52 -889.97
-973.51 -889.97
-980.18 -889.97
-1040.37 -889.97
-1148.17 -889.97
-940.56 -889.97
-1007.19 -889.97
-923.09 -889.97
-1027.36 -889.97
-953.35 -889.97
-957.01 -889.97
-1015.58 -889.97
-1008.69 -889.97
-949.76 -889.97
-1017.67 -889.97
-1011.42 -889.97
-962.60 -889.97
-910.22 -889.97
-900.63 -889.97
-918.68 -889.97
-950.36 -889.97
-1003.88 -889.97
-942.14 -889.97
-1067.15 -889.97
-991.82 -889.97
-1057.12 -889.97
-987.11 -889.97
-893.99 -889.97
-887.25 -887.25
-1034.73 -887.25
-966.51 -887.25
-946.13 -887.25
-985.49 -887.25
-932.79 -887.25
-1169.27 -887.25
-1176.75 -887.25
-1168.67 -887.25
-1198.17 -887.25
-1179.56 -887.25
-1174.68 -887.25
-1174.24 -887.25
-1165.55 -1165.55
-1161.55 -1161.55
-1194.41 -1161.55
-1161.86 -1161.86
-1171.89 -1161.86
-1169.99 -1161.86
-1161.99 -1161.99
-1152.32 -1152.32
-1171.59 -1152.32
-1198.97 -1152.32
-1191.91 -1152.32
-1180.53 -1152.32
-1183.57 -1152.32
-1194.02 -1152.32
-1184.38 -1152.32
-1168.65 -1152.32
-1159.15 -1152.32
-1189.86 -1152.32
-1208.62 -1152.32
-1207.27 -1152.32
-1192.34 -1152.32
-1156.49 -1152.32
-1179.12 -1152.32
-1169.03 -1152.32
-1168.54 -1152.32
-1175.74 -1152.32
-1163.37 -1152.32
-1192.50 -1152.32
-1185.96 -1152.32
-1191.90 -1152.32
-1158.18 -1152.32
-1148.03 -1148.03
-1169.91 -1148.03
-1201.34 -1148.03
-1173.34 -1148.03
-1144.44 -1144.44
-1162.32 -1144.44
-1154.03 -1144.44
-1161.35 -1144.44
-1127.94 -1127.94
-1154.24 -1127.94
-1142.55 -1127.94
-1152.52 -1127.94
-1152.63 -1127.94
-1158.94 -1127.94
-1144.98 -1127.94
-1180.37 -1127.94
-1159.78 -1127.94
-1146.34 -1127.94
-1136.21 -1127.94
-1156.33 -1127.94
-1155.81 -1127.94
-1146.23 -1127.94
-1144.62 -1127.94
-1162.59 -1127.94
-1190.49 -1127.94
-1122.45 -1122.45
-1137.71 -1122.45
-1149.46 -1122.45
-1199.94 -1122.45
-1173.88 -1122.45
-1135.37 -1122.45
-1138.12 -1122.45
-1183.39 -1122.45
-1159.33 -1122.45
-1187.08 -1122.45
-1153.30 -1122.45
-1127.08 -1122.45
-1178.29 -1122.45
-1176.20 -1122.45
-1136.35 -1122.45
-1175.07 -1122.45
-1139.89 -1122.45
-1146.22 -1122.45
-1155.02 -1122.45
-1167.22 -1122.45
-1142.42 -1122.45
-1139.50 -1122.45
-1139.37 -1122.45
-1201.64 -1122.45
-1145.07 -1122.45
-1148.74 -1122.45
-1132.46 -1122.45
-1141.80 -1122.45
-1161.57 -1122.45
-1135.20 -1122.45
-1129.80 -1122.45
-1160.92 -1122.45
-1119.41 -1119.41
-1156.45 -1119.41
-1161.96 -1119.41
-1178.77 -1119.41
-1114.14 -1114.14
-1096.59 -1096.59
-1137.55 -1096.59
-1064.51 -1064.51
-1122.51 -1064.51
-1140.32 -1064.51
-1093.69 -1064.51
-1079.74 -1064.51
-1140.33 -1064.51
-1162.65 -1064.51
-1102.98 -1064.51
-1094.02 -1064.51
-1154.24 -1064.51
-1053.06 -1053.06
-1100.27 -1053.06
-1093.33 -1053.06
-1121.96 -1053.06
-1138.78 -1053.06
-1107.74 -1053.06
-1082.19 -1053.06
-1109.38 -1053.06
-1110.30 -1053.06
-1096.79 -1053.06
-1125.08 -1053.06
-1085.91 -1053.06
-1150.44 -1053.06
-1153.48 -1053.06
-1152.43 -1053.06
-1031.68 -1031.68
-1112.48 -1031.68
-1088.87 -1031.68
-1057.27 -1031.68
-1112.72 -1031.68
-1159.88 -1031.68
-1050.49 -1031.68
-1117.57 -1031.68
-1091.75 -1031.68
-1108.90 -1031.68
-1057.27 -1031.68
-1051.47 -1031.68
-1094.44 -1031.68
-1099.45 -1031.68
-1070.86 -1031.68
-1014.61 -1014.61
-1063.68 -1014.61
-1010.73 -1010.73
-1099.44 -1010.73
-1076.55 -1010.73
-1063.90 -1010.73
-1050.91 -1010.73
-1037.67 -1010.73
-1060.11 -1010.73
-1075.12 -1010.73
-1040.72 -1010.73
-1030.77 -1010.73
-1034.88 -1010.73
-1030.06 -1010.73
-1052.03 -1010.73
-1101.96 -1010.73
-1050.44 -1010.73
-1013.29 -1010.73
-1063.95 -1010.73
-1055.72 -1010.73
-1156.86 -1010.73
-1058.13 -1010.73
-1073.51 -1010.73
-1038.38 -1010.73
-1061.34 -1010.73
-1154.21 -1010.73
-1065.24 -1010.73
-1020.07 -1010.73
-1043.66 -1010.73
-1065.27 -1010.73
-1099.38 -1010.73
-1061.02 -1010.73
-1010.14 -1010.14
-1025.74 -1010.14
-914.79 -914.79
-1025.59 -914.79
-1063.24 -914.79
-1014.48 -914.79
-1018.55 -914.79
-1013.51 -914.79
-968.42 -914.79
-975.50 -914.79
-958.04 -914.79
-960.19 -914.79
-891.04 -891.04
-977.87 -891.04
-976.37 -891.04
-957.88 -891.04
-983.40 -891.04
-1058.60 -891.04
-1007.63 -891.04
-1031.52 -891.04
-1059.70 -891.04
-974.87 -891.04
-976.64 -891.04
-972.70 -891.04
-1014.48 -891.04
-995.44 -891.04
-952.39 -891.04
-1000.47 -891.04
-1006.20 -891.04
-990.06 -891.04
-1008.96 -891.04
-1047.18 -891.04
-1044.95 -891.04
-995.86 -891.04
-955.00 -891.04
-1006.00 -891.04
-1078.44 -891.04
-1053.09 -891.04
-990.40 -891.04
-1095.11 -891.04
-956.48 -891.04
-970.06 -891.04
-942.24 -891.04
-1025.75 -891.04
-1027.43 -891.04
-999.58 -891.04
-1083.35 -891.04
-1005.52 -891.04
-1037.70 -891.04
-959.22 -891.04
-977.87 -891.04
-907.86 -891.04
-1049.79 -891.04
-939.42 -891.04
-885.51 -885.51
-1042.46 -885.51
-937.18 -885.51
-993.92 -885.51
-984.79 -885.51
-950.34 -885.51
-978.05 -885.51
-1009.22 -885.51
-954.28 -885.51
-1002.49 -885.51
-918.07 -885.51
-981.90 -885.51
-940.82 -885.51
-998.27 -885.51
-1013.25 -885.51
-974.70 -885.51
-989.10 -885.51
-928.88 -885.51
-1032.77 -885.51
-981.29 -885.51
-947.73 -885.51
-960.53 -885.51
-989.94 -885.51
-959.96 -885.51
-1117.52 -885.51
-1078.66 -885.51
-1002.41 -885.51
-952.89 -885.51
-1022.73 -885.51
-1021.64 -885.51
-1040.30 -885.51
-1013.81 -885.51
-1009.40 -885.51
-1000.13 -885.51
-1004.97 -885.51
-955.21 -885.51
-1011.20 -885.51
-911.04 -885.51
-963.54 -885.51
-1020.00 -885.51
-927.26 -885.51
-957.44 -885.51
-950.43 -885.51
-945.44 -885.51
-948.56 -885.51
-932.17 -885.51
-948.66 -885.51
-925.93 -885.51
-1078.44 -885.51
-998.13 -885.51
-996.65 -885.51
-951.05 -885.51
-941.43 -885.51
-941.12 -885.51
-983.12 -885.51
-957.60 -885.51
-1058.17 -885.51
-1058.17 -885.51
-994.31 -885.51
-970.24 -885.51
-933.87 -885.51
-967.41 -885.51
-1030.36 -885.51
-989.73 -885.51
-945.91 -885.51
-996.59 -885.51
-955.80 -885.51
-950.07 -885.51
-951.96 -885.51
-953.39 -885.51
-970.72 -885.51
-996.94 -885.51
-927.64 -885.51
-953.01 -885.51
-967.59 -885.51
-941.11 -885.51
-954.49 -885.51
-962.06 -885.51
-970.40 -885.51
-969.02 -885.51
-948.07 -885.51
-1020.86 -885.51
-947.77 -885.51
-1004.70 -885.51
-953.13 -885.51
-975.12 -885.51
-957.37 -885.51
-931.86 -885.51
-988.15 -885.51
-952.95 -885.51
-1055.30 -885.51
-941.52 -885.51
-902.88 -885.51
-1058.46 -885.51
-933.85 -885.51
-959.69 -885.51
-970.56 -885.51
-950.45 -885.51
-1035.67 -885.51
-969.78 -885.51
-967.53 -885.51
-960.52 -885.51
-980.06 -885.51
-1036.13 -885.51
-1003.51 -885.51
-986.94 -885.51
-1093.73 -885.51
-910.57 -885.51
-890.55 -885.51
-899.46 -885.51
-903.39 -885.51
-1012.31 -885.51
-1030.69 -885.51
-955.83 -885.51
-1022.61 -885.51
-919.91 -885.51
-976.86 -885.51
-1009.05 -885.51
-1002.15 -885.51
-1043.82 -885.51
-978.38 -885.51
-977.25 -885.51
-945.58 -885.51
-968.65 -885.51
-1014.83 -885.51
-974.12 -885.51
-999.12 -885.51
-983.77 -885.51
-997.23 -885.51
-978.04 -885.51
-919.17 -885.51
-1007.38 -885.51
-910.17 -885.51
-940.28 -885.51
-995.02 -885.51
-1034.99 -885.51
-942.89 -885.51
-975.25 -885.51
-1058.66 -885.51
-980.88 -885.51
-1005.33 -885.51
-914.15 -885.51
-965.35 -885.51
-927.52 -885.51
-928.46 -885.51
-963.21 -885.51
-996.17 -885.51
-945.31 -885.51
-1000.63 -885.51
-913.42 -885.51
-1016.12 -885.51
-996.90 -885.51
-893.39 -885.51
-959.07 -885.51
-949.35 -885.51
-993.47 -885.51
-1078.04 -885.51
-982.25 -885.51
-968.07 -885.51
-915.42 -885.51
-958.96 -885.51
-1020.74 -885.51
-1045.75 -885.51
-1046.58 -885.51
-961.58 -885.51
-989.68 -885.51
-999.66 -885.51
-975.96 -885.51
-1012.12 -885.51
-943.15 -885.51
-972.63 -885.51
-984.18 -885.51
-997.52 -885.51
-1062.53 -885.51
-968.55 -885.51
-990.71 -885.51
-1011.96 -885.51
-986.11 -885.51
-924.58 -885.51
-900.64 -885.51
-939.74 -885.51
-956.21 -885.51
-996.10 -885.51
-966.27 -885.51
-1065.34 -885.51
-922.16 -885.51
-1098.82 -885.51
-991.68 -885.51
-1181.22 -885.51
-1178.09 -885.51
-1166.30 -1166.30
-1200.03 -1166.30
-1183.33 -1166.30
-1167.59 -1166.30
-1203.68 -1166.30
-1147.49 -1147.49
-1149.31 -1147.49
-1160.43 -1147.49
-1150.37 -1147.49
-1172.86 -1147.49
-1147.88 -1147.88
-1175.27 -1147.88
-1193.88 -1147.88
-1145.00 -1145.00
-1153.20 -1145.00
-1144.79 -1144.79
-1227.53 -1144.79
-1196.80 -1144.79
-1167.45 -1144.79
-1168.06 -1144.79
-1158.59 -1144.79
-1195.45 -1144.79
-1158.26 -1144.79
-1176.53 -1144.79
-1181.66 -1144.79
-1175.47 -1144.79
-1166.99 -1144.79
-1152.36 -1144.79
-1134.88 -1134.88
-1145.30 -1134.88
-1161.23 -1134.88
-1184.91 -1134.88
-1164.91 -1134.88
-1140.27 -1134.88
-1137.26 -1137.26
-1138.68 -1137.26
-1119.50 -1119.50
-1164.29 -1119.50
-1146.98 -1119.50
-1164.82 -1119.50
-1171.22 -1119.50
-1146.23 -1119.50
-1138.89 -1119.50
-1131.80 -1119.50
-1157.62 -1119.50
-1127.63 -1119.50
-1155.88 -1119.50
-1137.93 -1119.50
-1132.81 -1119.50
-1133.13 -1119.50
-1182.42 -1119.50
-1122.48 -1119.50
-1132.61 -1119.50
-1148.90 -1119.50
-1151.31 -1119.50
-1141.91 -1119.50
-1147.34 -1119.50
-1115.09 -1115.09
-1160.99 -1115.09
-1152.40 -1115.09
-1172.36 -1115.09
-1152.53 -1115.09
-1157.15 -1115.09
-1115.63 -1115.09
-1153.96 -1115.09
-1153.44 -1115.09
-1142.36 -1115.09
-1119.99 -1115.09
-1187.72 -1115.09
-1177.56 -1115.09
-1130.05 -1115.09
-1114.45 -1114.45
-1134.24 -1114.45
-1131.22 -1114.45
-1120.84 -1114.45
-1180.49 -1114.45
-1137.90 -1114.45
-1163.59 -1114.45
-1136.31 -1114.45
-1166.60 -1114.45
-1142.83 -1114.45
-1114.77 -1114.77
-1115.47 -1114.77
-1140.63 -1114.77
-1138.02 -1114.77
-1187.51 -1114.77
-1122.25 -1114.77
-1107.44 -1107.44
-1132.23 -1107.44
-1133.37 -1107.44
-1144.19 -1107.44
-1128.71 -1107.44
-1119.76 -1107.44
-1140.94 -1107.44
-1121.78 -1107.44
-1133.08 -1107.44
-1096.32 -1096.32
-1118.53 -1096.32
-1067.70 -1067.70
-1114.77 -1067.70
-1079.14 -1067.70
-1095.39 -1067.70
-1118.27 -1067.70
-1110.07 -1067.70
-1086.75 -1067.70
-1133.44 -1067.70
-1139.05 -1067.70
-1122.74 -1067.70
-1176.39 -1067.70
-1115.48 -1067.70
-1081.61 -1067.70
-1126.97 -1067.70
-1100.01 -1067.70
-1178.65 -1067.70
-1125.55 -1067.70
-1107.95 -1067.70
-1089.40 -1067.70
-1138.84 -1067.70
-1099.39 -1067.70
-1171.59 -1067.70
-1102.79 -1067.70
-1132.95 -1067.70
-1100.82 -1067.70
-1129.12 -1067.70
-1111.06 -1067.70
-1132.28 -1067.70
-1128.85 -1067.70
-1106.95 -1067.70
-1076.25 -1067.70
-1117.34 -1067.70
-1090.29 -1067.70
-1122.42 -1067.70
-1110.67 -1067.70
-1129.25 -1067.70
-1097.71 -1067.70
-1105.51 -1067.70
-1065.09 -1065.09
-1182.51 -1065.09
-1134.52 -1065.09
-1098.87 -1065.09
-1070.54 -1065.09
-1097.48 -1065.09
-1097.54 -1065.09
-1081.70 -1065.09
-1087.86 -1065.09
-1160.79 -1065.09
-1129.55 -1065.09
-1082.49 -1065.09
-1104.15 -1065.09
-1095.68 -1065.09
-1073.92 -1065.09
-1108.67 -1065.09
-1097.63 -1065.09
-1123.35 -1065.09
-1139.55 -1065.09
-1120.67 -1065.09
-1068.63 -1065.09
-1054.94 -1054.94
-1146.36 -1054.94
-1124.68 -1054.94
-1093.85 -1054.94
-1132.89 -1054.94
-1139.76 -1054.94
-1093.01 -1054.94
-1079.79 -1054.94
-1117.66 -1054.94
-1132.07 -1054.94
-1080.34 -1054.94
-1128.08 -1054.94
-1076.08 -1054.94
-1106.95 -1054.94
-1112.23 -1054.94
-1126.56 -1054.94
-1061.35 -1054.94
-1073.21 -1054.94
-1067.10 -1054.94
-1126.44 -1054.94
-1108.33 -1054.94
-1105.57 -1054.94
-1106.60 -1054.94
-1083.84 -1054.94
-1145.75 -1054.94
-1023.88 -1023.88
-1152.12 -1023.88
-1093.97 -1023.88
-1099.01 -1023.88
-1070.12 -1023.88
-1077.76 -1023.88
-1078.04 -1023.88
-1079.80 -1023.88
-1028.80 -1023.88
-989.31 -989.31
-1012.36 -989.31
-1034.34 -989.31
-1099.74 -989.31
-1057.39 -989.31
-1067.71 -989.31
-1015.23 -989.31
-1100.39 -989.31
-1104.31 -989.31
-1053.38 -989.31
-1069.16 -989.31
-1056.40 -989.31
-1051.27 -989.31
-1036.58 -989.31
-1077.82 -989.31
-1011.89 -989.31
-1080.55 -989.31
-1010.61 -989.31
-1044.67 -989.31
-1017.65 -989.31
-1052.41 -989.31
-1054.35 -989.31
-1075.22 -989.31
-1132.33 -989.31
-1068.71 -989.31
-1050.53 -989.31
-1059.57 -989.31
-1033.73 -989.31
-1060.80 -989.31
-1057.12 -989.31
-1006.75 -989.31
-1075.33 -989.31
-1088.62 -989.31
-1032.74 -989.31
-1042.24 -989.31
-1124.73 -989.31
-1061.25 -989.31
-1064.34 -989.31
-1015.87 -989.31
-1021.67 -989.31
-1031.17 -989.31
-1021.23 -989.31
-1065.44 -989.31
-1064.41 -989.31
-1071.08 -989.31
-1115.61 -989.31
-1045.29 -989.31
-1049.15 -989.31
-1067.60 -989.31
-1050.73 -989.31
-1049.81 -989.31
-1051.59 -989.31
-1057.02 -989.31
-1094.98 -989.31
-1000.36 -989.31
-1079.67 -989.31
-1012.07 -989.31
-1062.82 -989.31
-1033.23 -989.31
-1044.40 -989.31
-1148.16 -989.31
-1101.72 -989.31
-1070.71 -989.31
-1045.39 -989.31
-1059.43 -989.31
-1006.39 -989.31
-1092.10 -989.31
-1066.07 -989.31
-1100.82 -989.31
-1080.55 -989.31
-1090.58 -989.31
-1057.49 -989.31
-1096.49 -989.31
-1061.57 -989.31
-1053.53 -989.31
-1068.22 -989.31
-1008.10 -989.31
-1089.75 -989.31
-1074.16 -989.31
-1011.27 -989.31
-1114.23 -989.31
-1076.35 -989.31
-1072.55 -989.31
-1050.53 -989.31
-1088.88 -989.31
-1048.06 -989.31
-1081.48 -989.31
-1081.56 -989.31
-1050.99 -989.31
-1106.95 -989.31
-1089.05 -989.31
-1086.62 -989.31
-1051.14 -989.31
-1054.07 -989.31
-1052.74 -989.31
-1094.52 -989.31
-1073.85 -989.31
-1021.59 -989.31
-1058.77 -989.31
-1022.35 -989.31
-1110.54 -989.31
-1105.38 -989.31
-1067.20 -989.31
-1071.53 -989.31
-1057.88 -989.31
-1070.01 -989.31
-1042.07 -989.31
-1042.45 -989.31
-1048.76 -989.31
-1016.76 -989.31
-1077.30 -989.31
-1103.00 -989.31
-1019.96 -989.31
-1114.56 -989.31
-1042.65 -989.31
-1019.12 -989.31
-1048.23 -989.31
-1093.72 -989.31
-1054.45 -989.31
-1082.85 -989.31
-1055.70 -989.31
-1044.37 -989.31
-1122.79 -989.31
-1068.11 -989.31
-1076.52 -989.31
-1110.64 -989.31
-1062.68 -989.31
-1080.40 -989.31
-1054.22 -989.31
-1071.10 -989.31
-1034.08 -989.31
-1005.47 -989.31
-1045.46 -989.31
-1063.99 -989.31
-1081.49 -989.31
-1040.58 -989.31
-1066.04 -989.31
-1071.90 -989.31
-1092.11 -989.31
-1041.53 -989.31
-1030.89 -989.31
-1036.44 -989.31
-1153.51 -989.31
-1071.97 -989.31
-1016.29 -989.31
-1034.43 -989.31
-978.30 -978.30
-1093.95 -978.30
-1007.19 -978.30
-972.02 -972.02
-1038.06 -972.02
-1036.98 -972.02
-1033.20 -972.02
-1002.29 -972.02
-1098.43 -972.02
-1012.59 -972.02
-1132.51 -972.02
-1012.42 -972.02
-1057.96 -972.02
-994.67 -972.02
-1032.53 -972.02
-1040.78 -972.02
-955.07 -955.07
-960.71 -955.07
-971.19 -955.07
-939.35 -939.35
-1033.86 -939.35
-1091.84 -939.35
-1017.60 -939.35
-1046.02 -939.35
-1003.04 -939.35
-1043.70 -939.35
-969.58 -939.35
-928.60 -928.60
-961.00 -928.60
-1054.27 -928.60
-1019.20 -928.60
-933.33 -928.60
-933.09 -928.60
-1067.17 -928.60
-926.34 -926.34
-965.75 -926.34
-915.78 -915.78
-1042.69 -915.78
-970.58 -915.78
-968.74 -915.78
-977.66 -915.78
-998.52 -915.78
-974.10 -915.78
-1005.07 -915.78
-898.74 -898.74
-1018.89 -898.74
-988.87 -898.74
-1021.02 -898.74
-916.81 -898.74
-1000.09 -898.74
-1101.28 -898.74
-928.32 -898.74
-961.39 -898.74
-1036.60 -898.74
-1005.41 -898.74
-983.68 -898.74
-1020.37 -898.74
-976.90 -898.74
-961.25 -898.74
-983.28 -898.74
-997.23 -898.74
-970.52 -898.74
-937.34 -898.74
-1049.15 -898.74
-949.89 -898.74
-1065.23 -898.74
-960.38 -898.74
-960.22 -898.74
-1014.72 -898.74
-922.35 -898.74
-886.74 -886.74
-1076.02 -886.74
-946.13 -886.74
-1043.34 -886.74
-921.61 -886.74
-1015.83 -886.74
-986.01 -886.74
-1156.22 -1156.22
-1209.58 -1156.22
-1168.53 -1156.22
-1184.83 -1156.22
-1185.68 -1156.22
-1192.47 -1156.22
-1169.48 -1156.22
-1190.91 -1156.22
-1168.33 -1156.22
-1196.30 -1156.22
-1140.14 -1140.14
-1192.15 -1140.14
-1204.73 -1140.14
-1163.16 -1140.14
-1147.98 -1140.14
-1140.43 -1140.43
-1151.16 -1140.43
-1152.75 -1140.43
-1149.99 -1140.43
-1127.84 -1127.84
-1147.86 -1127.84
-1128.82 -1128.82
-1130.70 -1128.82
-1140.73 -1128.82
-1157.61 -1128.82
-1162.14 -1128.82
-1161.42 -1128.82
-1161.00 -1128.82
-1152.75 -1128.82
-1133.63 -1128.82
-1170.65 -1128.82
-1136.66 -1128.82
-1132.97 -1128.82
-1152.87 -1128.82
-1135.53 -1128.82
-1137.84 -1128.82
-1084.02 -1084.02
-1123.70 -1084.02
-1116.31 -1084.02
-1111.93 -1084.02
-1133.45 -1084.02
-1126.91 -1084.02
-1098.49 -1084.02
-1084.04 -1084.04
-1115.65 -1084.04
-1122.85 -1084.04
-1093.19 -1084.04
-1135.91 -1084.04
-1096.19 -1084.04
-1102.99 -1084.04
-1114.88 -1084.04
-1094.13 -1084.04
-1153.29 -1084.04
-1103.52 -1084.04
-1143.39 -1084.04
-1159.61 -1084.04
-1093.29 -1084.04
-1113.66 -1084.04
-1149.78 -1084.04
-1129.76 -1084.04
-1135.51 -1084.04
-1127.92 -1084.04
-1123.51 -1084.04
-1118.22 -1084.04
-1100.53 -1084.04
-1109.96 -1084.04
-1119.49 -1084.04
-1166.98 -1084.04
-1102.69 -1084.04
-1111.16 -1084.04
-1135.65 -1084.04
-1132.94 -1084.04
-1124.91 -1084.04
-1125.98 -1084.04
-1120.38 -1084.04
-1127.11 -1084.04
-1155.00 -1084.04
-1107.98 -1084.04
-1104.70 -1084.04
-1133.74 -1084.04
-1146.69 -1084.04
-1092.19 -1084.04
-1104.76 -1084.04
-1141.48 -1084.04
-1106.31 -1084.04
-1093.82 -1084.04
-1160.46 -1084.04
-1107.25 -1084.04
-1138.14 -1084.04
-1177.71 -1084.04
-1106.66 -1084.04
-1127.07 -1084.04
-1106.08 -1084.04
-1100.01 -1084.04
-1136.40 -1084.04
-1131.81 -1084.04
-1100.18 -1084.04
-1114.88 -1084.04
-1100.54 -1084.04
-1108.08 -1084.04
-1109.43 -1084.04
-1141.87 -1084.04
-1180.94 -1084.04
-1125.89 -1084.04
-1086.80 -1084.04
-1100.01 -1084.04
-1094.36 -1084.04
-1165.88 -1084.04
-1128.03 -1084.04
-1183.51 -1084.04
-1124.17 -1084.04
-1126.94 -1084.04
-1115.52 -1084.04
-1114.05 -1084.04
-1132.14 -1084.04
-1140.55 -1084.04
-1171.93 -1084.04
-1098.88 -1084.04
-1116.00 -1084.04
-1122.74 -1084.04
-1153.51 -1084.04
-1123.74 -1084.04
-1123.89 -1084.04
-1137.45 -1084.04
-1164.66 -1084.04
-1121.53 -1084.04
-1149.88 -1084.04
-1108.45 -1084.04
-1103.37 -1084.04
-1107.12 -1084.04
-1177.03 -1084.04
-1112.82 -1084.04
-1139.33 -1084.04
-1100.05 -1084.04
-1177.08 -1084.04
-1118.05 -1084.04
-1141.22 -1084.04
-1108.49 -1084.04
-1127.72 -1084.04
-1074.73 -1074.73
-1168.64 -1074.73
-1137.28 -1074.73
-1137.51 -1074.73
-1095.64 -1074.73
-1121.27 -1074.73
-1099.54 -1074.73
-1154.55 -1074.73
-1165.85 -1074.73
-1107.68 -1074.73
-1163.33 -1074.73
-1108.19 -1074.73
-1107.17 -1074.73
-1067.63 -1067.63
-1108.44 -1067.63
-1139.22 -1067.63
-1071.01 -1067.63
-1073.43 -1067.63
-1126.22 -1067.63
-1113.68 -1067.63
-1131.29 -1067.63
-1163.60 -1067.63
-1180.09 -1067.63
-1095.08 -1067.63
-1125.86 -1067.63
-1103.85 -1067.63
-1074.03 -1067.63
-1108.78 -1067.63
-1090.44 -1067.63
-1107.11 -1067.63
-1118.13 -1067.63
-1094.88 -1067.63
-1078.55 -1067.63
-1132.16 -1067.63
-1111.86 -1067.63
-1129.43 -1067.63
-1057.35 -1057.35
-1103.53 -1057.35
-1043.23 -1043.23
-1085.37 -1043.23
-1116.17 -1043.23
-1087.59 -1043.23
-1049.80 -1043.23
-1049.22 -1043.23
-1031.64 -1031.64
-1046.97 -1031.64
-1037.21 -1031.64
-980.75 -980.75
-1045.85 -980.75
-1078.13 -980.75
-1045.87 -980.75
-1057.26 -980.75
-1097.74 -980.75
-1066.87 -980.75
-1077.01 -980.75
-1037.29 -980.75
-1054.21 -980.75
-1063.35 -980.75
-1046.14 -980.75
-1065.99 -980.75
-1042.10 -980.75
-1057.81 -980.75
-1041.68 -980.75
-1061.01 -980.75
-1022.65 -980.75
-1054.69 -980.75
-1063.11 -980.75
-1083.96 -980.75
-1070.58 -980.75
-1066.63 -980.75
-1026.56 -980.75
-1058.18 -980.75
-1030.48 -980.75
-1050.83 -980.75
-1051.87 -980.75
-1067.03 -980.75
-1162.36 -980.75
-1025.25 -980.75
-1059.00 -980.75
-1010.26 -980.75
-948.18 -948.18
-1023.49 -948.18
-1106.29 -948.18
-1035.34 -948.18
-1045.97 -948.18
-1101.46 -948.18
-1023.22 -948.18
-1001.42 -948.18
-1025.65 -948.18
-1039.14 -948.18
-1021.00 -948.18
-1091.34 -948.18
-1033.67 -948.18
-1058.36 -948.18
-1023.63 -948.18
-1078.34 -948.18
-1041.99 -948.18
-1078.56 -948.18
-1078.78 -948.18
-1011.66 -948.18
-1019.34 -948.18
-1010.22 -948.18
-1032.46 -948.18
-1035.89 -948.18
-1013.19 -948.18
-1031.50 -948.18
-1011.18 -948.18
-999.50 -948.18
-1038.58 -948.18
-1047.52 -948.18
-1084.41 -948.18
-1050.67 -948.18
-1078.15 -948.18
-1066.78 -948.18
-985.08 -948.18
-1073.46 -948.18
-1056.72 -948.18
-1035.15 -948.18
-1046.01 -948.18
-1069.52 -948.18
-1002.74 -948.18
-1036.37 -948.18
-1017.68 -948.18
-1059.99 -948.18
-1020.52 -948.18
-1096.02 -948.18
-1051.32 -948.18
-1032.96 -948.18
-1026.72 -948.18
-1013.00 -948.18
-1040.81 -948.18
-1054.63 -948.18
-1075.56 -948.18
-1018.70 -948.18
-1044.98 -948.18
-1023.61 -948.18
-1097.51 -948.18
-1079.43 -948.18
-1105.28 -948.18
-1043.74 -948.18
-1029.40 -948.18
-1058.90 -948.18
-1143.09 -948.18
-1021.37 -948.18
-1035.92 -948.18
-1059.14 -948.18
-1045.56 -948.18
-1069.96 -948.18
-1117.27 -948.18
-1038.28 -948.18
-1095.51 -948.18
-1078.61 -948.18
-1150.52 -948.18
-1080.83 -948.18
-1031.29 -948.18
-1038.36 -948.18
-1088.94 -948.18
-1011.03 -948.18
-1062.20 -948.18
-1048.77 -948.18
-1029.52 -948.18
-1035.25 -948.18
-1022.60 -948.18
-1108.89 -948.18
-1079.56 -948.18
-1024.30 -948.18
-1055.03 -948.18
-1013.47 -948.18
-1017.79 -948.18
-1094.03 -948.18
-1069.25 -948.18
-1068.81 -948.18
-1059.53 -948.18
-1048.34 -948.18
-1038.31 -948.18
-1043.25 -948.18
-982.96 -948.18
-1000.49 -948.18
-1060.28 -948.18
-1075.11 -948.18
-993.21 -948.18
-1079.16 -948.18
-1063.48 -948.18
-1042.81 -948.18
-994.65 -948.18
-1064.34 -948.18
-1049.36 -948.18
-1079.98 -948.18
-1038.60 -948.18
-1072.38 -948.18
-1077.13 -948.18
-1070.04 -948.18
-1029.39 -948.18
-1090.33 -948.18
-1058.66 -948.18
-1042.65 -948.18
-1072.22 -948.18
-1038.17 -948.18
-1045.12 -948.18
-1064.31 -948.18
-1010.55 -948.18
-1046.56 -948.18
-1066.32 -948.18
-1067.52 -948.18
-1024.07 -948.18
-1020.44 -948.18
-1045.50 -948.18
-1032.52 -948.18
-1000.37 -948.18
-1022.60 -948.18
-1027.65 -948.18
-1065.82 -948.18
-1090.16 -948.18
-1092.08 -948.18
-1048.02 -948.18
-1071.23 -948.18
-1086.19 -948.18
-1016.84 -948.18
-1032.81 -948.18
-1080.71 -948.18
-1052.26 -948.18
-1021.80 -948.18
-1118.49 -948.18
-1071.62 -948.18
-1064.31 -948.18
-1066.20 -948.18
-1040.31 -948.18
-1046.04 -948.18
-1019.34 -948.18
-1033.35 -948.18
-1054.48 -948.18
-1056.47 -948.18
-1014.00 -948.18
-1067.09 -948.18
-1013.01 -948.18
-973.61 -948.18
-1043.62 -948.18
-1056.39 -948.18
-1084.76 -948.18
-1091.78 -948.18
-1078.82 -948.18
-1028.06 -948.18
-1027.60 -948.18
-1012.82 -948.18
-1048.95 -948.18
-1028.22 -948.18
-1031.09 -948.18
-994.81 -948.18
-990.08 -948.18
-1062.43 -948.18
-992.38 -948.18
-1062.91 -948.18
-1043.99 -948.18
-988.81 -948.18
-1082.63 -948.18
-1053.33 -948.18
-1058.37 -948.18
-1064.04 -948.18
-1093.62 -948.18
-1070.56 -948.18
-1080.13 -948.18
-1074.87 -948.18
-1009.12 -948.18
-1071.75 -948.18
-1024.39 -948.18
-1048.57 -948.18
-1051.53 -948.18
-1085.37 -948.18
-1065.10 -948.18
-1053.85 -948.18
-1091.20 -948.18
-985.32 -948.18
-1039.38 -948.18
-1053.85 -948.18
-1039.19 -948.18
-1042.75 -948.18
-991.39 -948.18
-1153.28 -1153.28
-1162.07 -1153.28
-1145.38 -1145.38
-1155.37 -1145.38
-1156.65 -1145.38
-1189.52 -1145.38
-1173.92 -1145.38
-1133.46 -1133.46
-1173.99 -1133.46
-1135.08 -1133.46
-1145.08 -1133.46
-1179.80 -1133.46
-1155.92 -1133.46
-1150.44 -1133.46
-1145.44 -1133.46
-1140.82 -1133.46
-1153.69 -1133.46
-1162.85 -1133.46
-1176.34 -1133.46
-1138.36 -1133.46
-1168.71 -1133.46
-1137.76 -1133.46
-1153.50 -1133.46
-1172.56 -1133.46
-1134.07 -1133.46
-1122.51 -1122.51
-1176.18 -1122.51
-1140.54 -1122.51
-1153.44 -1122.51
-1159.81 -1122.51
-1145.34 -1122.51
-1158.56 -1122.51
-1129.88 -1122.51
-1122.31 -1122.31
-1140.16 -1122.31
-1126.12 -1126.12
-1190.49 -1126.12
-1116.53 -1116.53
-1139.79 -1116.53
-1127.56 -1116.53
-1142.92 -1116.53
-1160.59 -1116.53
-1212.55 -1116.53
-1201.61 -1116.53
-1122.34 -1116.53
-1104.71 -1104.71
-1182.24 -1104.71
-1125.36 -1104.71
-1124.83 -1104.71
-1097.50 -1097.50
-1149.56 -1097.50
-1138.96 -1097.50
-1132.73 -1097.50
-1146.09 -1097.50
-1148.29 -1097.50
-1133.56 -1097.50
-1177.57 -1097.50
-1127.89 -1097.50
-1152.13 -1097.50
-1124.82 -1097.50
-1144.17 -1097.50
-1164.91 -1097.50
-1146.01 -1097.50
-1159.09 -1097.50
-1105.10 -1097.50
-1164.74 -1097.50
-1127.08 -1097.50
-1161.31 -1097.50
-1148.21 -1097.50
-1154.88 -1097.50
-1137.66 -1097.50
-1102.74 -1097.50
-1174.92 -1097.50
-1109.98 -1097.50
-1171.29 -1097.50
-1154.22 -1097.50
-1103.62 -1097.50
-1109.38 -1097.50
-1126.87 -1097.50
-1135.33 -1097.50
-1141.70 -1097.50
-1111.56 -1097.50
-1116.79 -1097.50
-1125.58 -1097.50
-1128.30 -1097.50
-1115.97 -1097.50
-1131.49 -1097.50
-1123.54 -1097.50
-1138.47 -1097.50
-1117.89 -1097.50
-1156.76 -1097.50
-1134.73 -1097.50
-1166.40 -1097.50
-1131.15 -1097.50
-1148.49 -1097.50
-1107.93 -1097.50
-1132.47 -1097.50
-1184.71 -1097.50
-1179.99 -1097.50
-1179.78 -1097.50
-1128.37 -1097.50
-1162.18 -1097.50
-1140.50 -1097.50
-1160.42 -1097.50
-1135.49 -1097.50
-1153.66 -1097.50
-1153.90 -1097.50
-1136.40 -1097.50
-1115.97 -1097.50
-1150.09 -1097.50
-1148.01 -1097.50
-1129.27 -1097.50
-1096.22 -1096.22
-1126.18 -1096.22
-1132.29 -1096.22
-1133.01 -1096.22
-1159.48 -1096.22
-1151.23 -1096.22
-1143.01 -1096.22
-1098.67 -1096.22
-1119.26 -1096.22
-1113.30 -1096.22
-1129.92 -1096.22
-1131.93 -1096.22
-1223.26 -1096.22
-1172.98 -1096.22
-1125.78 -1096.22
-1145.61 -1096.22
-1106.98 -1096.22
-1099.92 -1096.22
-1138.48 -1096.22
-1172.30 -1096.22
-1104.18 -1096.22
-1191.17 -1096.22
-1130.09 -1096.22
-1176.10 -1096.22
-1150.01 -1096.22
-1089.74 -1089.74
-1165.01 -1089.74
-1086.70 -1086.70
-1112.00 -1086.70
-1121.76 -1086.70
-1091.73 -1086.70
-1138.13 -1086.70
-1118.40 -1086.70
-1144.19 -1086.70
-1053.40 -1053.40
-1064.99 -1053.40
-1077.77 -1053.40
-1136.70 -1053.40
-1106.46 -1053.40
-1064.99 -1053.40
-1077.57 -1053.40
-1091.37 -1053.40
-1151.24 -1053.40
-1106.35 -1053.40
-1141.91 -1053.40
-1107.13 -1053.40
-1085.11 -1053.40
-1133.28 -1053.40
-1058.35 -1053.40
-1106.37 -1053.40
-1062.52 -1053.40
-1113.83 -1053.40
-1135.14 -1053.40
-1066.08 -1053.40
-1112.81 -1053.40
-1096.75 -1053.40
-1165.73 -1053.40
-1098.72 -1053.40
-1092.56 -1053.40
-1095.55 -1053.40
-1070.26 -1053.40
-1076.66 -1053.40
-1092.83 -1053.40
-1068.73 -1053.40
-1058.35 -1053.40
-1107.33 -1053.40
-1076.65 -1053.40
-1070.94 -1053.40
-1086.74 -1053.40
-1102.84 -1053.40
-1041.26 -1041.26
-1083.61 -1041.26
-1034.45 -1034.45
-1045.74 -1034.45
-1030.26 -1030.26
-1036.74 -1030.26
-1028.19 -1028.19
-1071.14 -1028.19
-1053.07 -1028.19
-1053.99 -1028.19
-1039.52 -1028.19
-1040.99 -1028.19
-1039.59 -1028.19
-1030.66 -1028.19
-1053.84 -1028.19
-1031.58 -1028.19
-1104.10 -1028.19
-1092.87 -1028.19
-1050.56 -1028.19
-1083.23 -1028.19
-1069.79 -1028.19
-1071.06 -1028.19
-1044.90 -1028.19
-1123.03 -1028.19
-1035.28 -1028.19
-1152.63 -1028.19
-1036.28 -1028.19
-1040.26 -1028.19
-1024.12 -1024.12
-1030.18 -1024.12
-1109.87 -1024.12
-1008.37 -1008.37
-1018.85 -1008.37
-1035.75 -1008.37
-953.98 -953.98
-1067.98 -953.98
-1013.79 -953.98
-953.75 -953.75
-1020.89 -953.75
-940.11 -940.11
-1013.84 -940.11
-928.36 -928.36
-1014.02 -928.36
-1060.99 -928.36
-985.46 -928.36
-1036.21 -928.36
-1067.67 -928.36
-949.33 -928.36
-972.90 -928.36
-919.60 -919.60
-1000.27 -919.60
-963.22 -919.60
-983.38 -919.60
-1011.44 -919.60
-933.92 -919.60
-965.44 -919.60
-1019.07 -919.60
-1004.15 -919.60
-989.10 -919.60
-995.94 -919.60
-962.31 -919.60
-939.21 -919.60
-960.78 -919.60
-1059.58 -919.60
-1000.66 -919.60
-1024.30 -919.60
-908.47 -908.47
-948.03 -908.47
-994.49 -908.47
-997.37 -908.47
-1083.95 -908.47
-1001.97 -908.47
-913.45 -908.47
-987.07 -908.47
-932.48 -908.47
-1029.47 -908.47
-963.36 -908.47
-954.17 -908.47
-936.64 -908.47
-936.63 -908.47
-975.28 -908.47
-952.67 -908.47
-1056.78 -908.47
-1017.65 -908.47
-938.93 -908.47
-965.05 -908.47
-968.24 -908.47
-1034.90 -908.47
-946.92 -908.47
-977.21 -908.47
-1024.10 -908.47
-905.76 -905.76
-989.80 -905.76
-904.20 -904.20
-932.25 -904.20
-1031.86 -904.20
-962.98 -904.20
-1019.19 -904.20
-984.63 -904.20
-1010.42 -904.20
-1012.42 -904.20
-979.98 -904.20
-969.10 -904.20
-993.93 -904.20
-1011.81 -904.20
-929.57 -904.20
-987.47 -904.20
-1021.43 -904.20
-930.41 -904.20
-933.40 -904.20
-942.92 -904.20
-1025.22 -904.20
-897.79 -897.79
-959.70 -897.79
-957.43 -897.79
-925.28 -897.79
-944.69 -897.79
-982.12 -897.79
-1004.11 -897.79
-977.87 -897.79
-964.32 -897.79
-1003.32 -897.79
-1089.62 -897.79
-1006.99 -897.79
-984.40 -897.79
-971.45 -897.79
-969.88 -897.79
-949.83 -897.79
-919.97 -897.79
-965.24 -897.79
-1017.44 -897.79
-919.31 -897.79
-968.79 -897.79
-974.76 -897.79
-1101.60 -897.79
-1011.48 -897.79
-915.50 -897.79
-1054.98 -897.79
-927.92 -897.79
-970.84 -897.79
-945.91 -897.79
-1018.61 -897.79
-972.17 -897.79
-937.67 -897.79
-922.04 -897.79
-1041.26 -897.79
-962.97 -897.79
-985.25 -897.79
-951.59 -897.79
-934.07 -897.79
-1056.43 -897.79
-1023.20 -897.79
-901.65 -897.79
-1017.83 -897.79
-975.75 -897.79
-940.28 -897.79
-990.36 -897.79
-979.10 -897.79
-946.47 -897.79
-966.54 -897.79
-965.69 -897.79
-932.41 -897.79
-989.40 -897.79
-1008.76 -897.79
-921.39 -897.79
-996.67 -897.79
-985.85 -897.79
-993.89 -897.79
-981.64 -897.79
-963.38 -897.79
-935.96 -897.79
-926.28 -897.79
-931.99 -897.79
-1002.16 -897.79
-1013.40 -897.79
-992.84 -897.79
-961.65 -897.79
-1122.70 -897.79
-987.74 -897.79
-900.65 -897.79
-1039.29 -897.79
-1020.74 -897.79
-940.11 -897.79
-954.46 -897.79
-975.98 -897.79
-1006.38 -897.79
-944.67 -897.79
-932.45 -897.79
-994.89 -897.79
-1145.31 -897.79
-909.55 -897.79
-909.64 -897.79
-949.65 -897.79
-995.36 -897.79
-1092.02 -897.79
-998.69 -897.79
-986.20 -897.79
-1023.25 -897.79
-976.55 -897.79
-912.08 -897.79
-977.71 -897.79
-960.83 -897.79
-925.22 -897.79
-880.92 -880.92
-953.75 -880.92
-975.51 -880.92
-945.15 -880.92
-1046.99 -880.92
-984.93 -880.92
-987.54 -880.92
-973.56 -880.92
-1056.53 -880.92
-937.59 -880.92
-1003.07 -880.92
-944.41 -880.92
-1048.56 -880.92
-988.15 -880.92
-999.30 -880.92
-947.40 -880.92
-944.70 -880.92
-1015.90 -880.92
-1027.59 -880.92
-930.58 -880.92
-924.08 -880.92
-1075.72 -880.92
-937.41 -880.92
-937.21 -880.92
-977.73 -880.92
-928.94 -880.92
-962.80 -880.92
-991.42 -880.92
-1023.91 -880.92
-987.65 -880.92
-935.63 -880.92
-1185.85 -880.92
-1163.87 -1163.87
-1187.25 -1163.87
-1166.97 -1163.87
-1155.99 -1155.99
-1167.94 -1155.99
-1155.84 -1155.84
-1151.47 -1151.47
-1147.46 -1147.46
-1165.02 -1147.46
-1167.38 -1147.46
-1163.60 -1147.46
-1142.83 -1142.83
-1153.33 -1142.83
-1139.56 -1139.56
-1234.28 -1139.56
-1139.86 -1139.56
-1140.84 -1139.56
-1161.71 -1139.56
-1168.17 -1139.56
-1208.74 -1139.56
-1157.30 -1139.56
-1188.77 -1139.56
-1153.28 -1139.56
-1150.86 -1139.56
-1199.85 -1139.56
-1121.68 -1121.68
-1132.14 -1121.68
-1123.61 -1121.68
-1155.23 -1121.68
-1142.58 -1121.68
-1128.91 -1121.68
-1144.96 -1121.68
-1199.45 -1121.68
-1108.09 -1108.09
-1129.25 -1108.09
-1142.29 -1108.09
-1159.83 -1108.09
-1104.15 -1104.15
-1091.41 -1091.41
-1134.36 -1091.41
-1107.35 -1091.41
-1114.20 -1091.41
-1124.28 -1091.41
-1118.87 -1091.41
-1106.57 -1091.41
-1121.76 -1091.41
-1166.21 -1091.41
-1159.26 -1091.41
-1191.23 -1091.41
-1109.63 -1091.41
-1106.88 -1091.41
-1106.76 -1091.41
-1099.59 -1091.41
-1127.07 -1091.41
-1192.71 -1091.41
-1099.63 -1091.41
-1143.58 -1091.41
-1144.43 -1091.41
-1136.65 -1091.41
-1115.10 -1091.41
-1083.28 -1083.28
-1096.21 -1083.28
-1140.62 -1083.28
-1146.20 -1083.28
-1108.20 -1083.28
-1098.27 -1083.28
-1104.40 -1083.28
-1133.38 -1083.28
-1110.16 -1083.28
-1118.55 -1083.28
-1164.14 -1083.28
-1129.76 -1083.28
-1101.45 -1083.28
-1180.97 -1083.28
-1091.95 -1083.28
-1093.56 -1083.28
-1155.98 -1083.28
-1074.40 -1074.40
-1103.40 -1074.40
-1099.04 -1074.40
-1078.48 -1074.40
-1072.95 -1072.95
-1055.60 -1055.60
-1142.63 -1055.60
-1063.23 -1055.60
-1120.03 -1055.60
-1096.57 -1055.60
-1101.63 -1055.60
-1130.86 -1055.60
-1102.75 -1055.60
-1046.08 -1046.08
-1079.01 -1046.08
-1043.64 -1043.64
-1039.34 -1039.34
-1033.72 -1033.72
-1029.90 -1029.90
-1047.73 -1029.90
-1038.34 -1029.90
-1096.02 -1029.90
-1039.26 -1029.90
-1089.04 -1029.90
-1106.83 -1029.90
-1027.06 -1027.06
-1057.39 -1027.06
-1092.28 -1027.06
-1120.20 -1027.06
-1056.52 -1027.06
-1051.65 -1027.06
-1056.85 -1027.06
-1061.85 -1027.06
-1066.54 -1027.06
-1078.99 -1027.06
-1102.58 -1027.06
-1033.36 -1027.06
-1038.77 -1027.06
-1098.91 -1027.06
-1091.05 -1027.06
-1061.80 -1027.06
-1111.67 -1027.06
-1124.81 -1027.06
-1104.40 -1027.06
-1060.93 -1027.06
-1095.19 -1027.06
-1054.79 -1027.06
-1080.03 -1027.06
-1035.77 -1027.06
-1046.56 -1027.06
-1079.72 -1027.06
-1039.94 -1027.06
-1038.41 -1027.06
-1059.11 -1027.06
-1098.30 -1027.06
-1105.56 -1027.06
-1095.49 -1027.06
-1080.68 -1027.06
-1084.84 -1027.06
-1138.52 -1027.06
-1073.88 -1027.06
-1033.08 -1027.06
-1058.51 -1027.06
-1045.39 -1027.06
-1031.44 -1027.06
-1092.10 -1027.06
-1042.56 -1027.06
-1091.45 -1027.06
-1020.67 -1020.67
-1009.62 -1009.62
-1079.09 -1009.62
-1059.85 -1009.62
-1140.78 -1009.62
-1121.70 -1009.62
-1057.85 -1009.62
-1013.84 -1009.62
-1121.51 -1009.62
-1101.44 -1009.62
-1153.08 -1009.62
-1117.47 -1009.62
-1091.44 -1009.62
-1115.67 -1009.62
-1069.27 -1009.62
-1068.48 -1009.62
-1082.36 -1009.62
-1071.27 -1009.62
-1059.38 -1009.62
-1083.93 -1009.62
-1099.77 -1009.62
-1063.32 -1009.62
-1034.61 -1009.62
-1094.28 -1009.62
-1084.05 -1009.62
-1028.07 -1009.62
-1125.97 -1009.62
-1054.26 -1009.62
-1071.06 -1009.62
-1083.63 -1009.62
-1042.59 -1009.62
-1123.45 -1009.62
-1069.08 -1009.62
-1081.46 -1009.62
-1083.85 -1009.62
-1030.39 -1009.62
-1044.58 -1009.62
-1068.32 -1009.62
-1023.87 -1009.62
-1079.71 -1009.62
-1108.52 -1009.62
-1106.53 -1009.62
-1038.57 -1009.62
-1100.83 -1009.62
-1017.50 -1009.62
-1124.23 -1009.62
-1114.51 -1009.62
-1174.79 -1009.62
-1045.28 -1009.62
-1079.10 -1009.62
-1046.31 -1009.62
-1102.60 -1009.62
-1073.94 -1009.62
-1059.75 -1009.62
-1073.39 -1009.62
-1080.49 -1009.62
-1086.89 -1009.62
-1079.50 -1009.62
-1084.74 -1009.62
-1126.26 -1009.62
-1092.94 -1009.62
-1086.98 -1009.62
-1028.74 -1009.62
-1035.46 -1009.62
-1055.55 -1009.62
-1034.95 -1009.62
-1110.78 -1009.62
-1119.09 -1009.62
-1043.94 -1009.62
-1069.06 -1009.62
-1019.92 -1009.62
-1063.78 -1009.62
-1027.65 -1009.62
-1053.85 -1009.62
-1099.27 -1009.62
-1081.81 -1009.62
-1114.28 -1009.62
-1093.08 -1009.62
-1052.42 -1009.62
-1073.18 -1009.62
-1074.19 -1009.62
-1092.12 -1009.62
-1080.03 -1009.62
-1034.45 -1009.62
-1027.25 -1009.62
-1072.00 -1009.62
-1065.48 -1009.62
-1095.60 -1009.62
-1112.77 -1009.62
-1099.84 -1009.62
-1049.79 -1009.62
-1076.23 -1009.62
-1073.27 -1009.62
-1072.84 -1009.62
-1089.76 -1009.62
-1099.80 -1009.62
-1054.12 -1009.62
-1049.21 -1009.62
-1076.53 -1009.62
-1067.63 -1009.62
-1020.02 -1009.62
-1085.37 -1009.62
-1159.26 -1009.62
-1067.10 -1009.62
-1099.63 -1009.62
-1009.70 -1009.70
-1064.95 -1009.70
-1123.32 -1009.70
-1024.36 -1009.70
-1019.13 -1009.70
-1020.55 -1009.70
-1105.14 -1009.70
-1032.97 -1009.70
-1060.41 -1009.70
-1075.87 -1009.70
-1082.58 -1009.70
-1103.25 -1009.70
-1082.29 -1009.70
-1072.10 -1009.70
-1065.29 -1009.70
-1110.62 -1009.70
-1111.48 -1009.70
-1070.29 -1009.70
-1088.56 -1009.70
-1065.17 -1009.70
-1108.34 -1009.70
-1030.58 -1009.70
-1037.31 -1009.70
-1099.78 -1009.70
-1055.67 -1009.70
-1101.44 -1009.70
-1085.27 -1009.70
-1088.78 -1009.70
-1083.61 -1009.70
-1063.00 -1009.70
-1030.86 -1009.70
-1058.77 -1009.70
-1069.44 -1009.70
-1044.23 -1009.70
-1062.62 -1009.70
-1120.25 -1009.70
-1126.10 -1009.70
-1096.86 -1009.70
-1009.15 -1009.15
-1032.20 -1009.15
-1041.16 -1009.15
-1086.70 -1009.15
-1076.38 -1009.15
-977.46 -977.46
-1040.17 -977.46
-1054.20 -977.46
-953.52 -953.52
-936.13 -936.13
-954.14 -936.13
-978.72 -936.13
-1003.32 -936.13
-1033.94 -936.13
-956.04 -936.13
-1031.31 -936.13
-922.24 -922.24
-1039.36 -922.24
-1040.15 -922.24
-959.33 -922.24
-967.42 -922.24
-1044.02 -922.24
-1013.92 -922.24
-980.01 -922.24
-907.99 -907.99
-995.95 -907.99
-1070.98 -907.99
-969.78 -907.99
-938.36 -907.99
-968.97 -907.99
-1041.75 -907.99
-954.01 -907.99
-931.35 -907.99
-992.76 -907.99
-1006.82 -907.99
-983.78 -907.99
-1008.15 -907.99
-995.85 -907.99
-971.92 -907.99
-920.94 -907.99
-1042.04 -907.99
-958.69 -907.99
-989.11 -907.99
-1009.38 -907.99
-1102.57 -907.99
-962.92 -907.99
-1091.35 -907.99
-986.08 -907.99
-989.77 -907.99
-977.78 -907.99
-943.60 -907.99
-986.43 -907.99
-929.64 -907.99
-1023.91 -907.99
-959.79 -907.99
-1014.90 -907.99
-1035.92 -907.99
-1035.62 -907.99
-993.41 -907.99
-998.35 -907.99
-979.32 -907.99
-981.19 -907.99
-1078.68 -907.99
-971.19 -907.99
-1107.37 -907.99
-947.71 -907.99
-990.88 -907.99
-990.82 -907.99
-1012.55 -907.99
-980.71 -907.99
-961.87 -907.99
-929.24 -907.99
-990.81 -907.99
-1017.23 -907.99
-934.29 -907.99
-998.04 -907.99
-964.36 -907.99
-950.77 -907.99
-945.56 -907.99
-1004.95 -907.99
-1023.20 -907.99
-963.76 -907.99
-990.37 -907.99
-957.10 -907.99
-1017.60 -907.99
-967.45 -907.99
-941.77 -907.99
-1124.72 -907.99
-975.96 -907.99
-972.83 -907.99
-1017.18 -907.99
-975.51 -907.99
-955.02 -907.99
-994.57 -907.99
-1021.27 -907.99
-974.95 -907.99
-990.72 -907.99
-1108.46 -907.99
-1006.99 -907.99
-926.41 -907.99
-957.72 -907.99
-971.84 -907.99
-998.91 -907.99
-1027.57 -907.99
-963.75 -907.99
-1016.49 -907.99
-978.23 -907.99
-941.55 -907.99
-993.86 -907.99
-1113.89 -907.99
-939.18 -907.99
-959.29 -907.99
-969.65 -907.99
-1029.61 -907.99
-963.69 -907.99
-974.22 -907.99
-954.48 -907.99
-995.09 -907.99
-949.82 -907.99
-988.45 -907.99
-974.93 -907.99
-1011.93 -907.99
-914.08 -907.99
-993.35 -907.99
-1000.68 -907.99
-1001.09 -907.99
-961.98 -907.99
-1144.61 -1144.61
-1187.93 -1144.61
-1192.12 -1144.61
-1182.48 -1144.61
-1128.27 -1128.27
-1153.90 -1128.27
-1152.74 -1128.27
-1177.77 -1128.27
-1131.69 -1128.27
-1132.37 -1128.27
-1130.60 -1128.27
-1149.95 -1128.27
-1144.11 -1128.27
-1195.45 -1128.27
-1181.83 -1128.27
-1149.75 -1128.27
-1179.50 -1128.27
-1204.39 -1128.27
-1162.45 -1128.27
-1154.30 -1128.27
-1196.12 -1128.27
-1149.38 -1128.27
-1184.53 -1128.27
-1155.91 -1128.27
-1139.16 -1128.27
-1143.76 -1128.27
-1173.41 -1128.27
-1137.07 -1128.27
-1135.97 -1128.27
-1182.75 -1128.27
-1145.96 -1128.27
-1202.31 -1128.27
-1144.09 -1128.27
-1155.65 -1128.27
-1134.49 -1128.27
-1156.81 -1128.27
-1195.27 -1128.27
-1140.24 -1128.27
-1140.33 -1128.27
-1212.71 -1128.27
-1132.22 -1128.27
-1199.15 -1128.27
-1205.03 -1128.27
-1177.54 -1128.27
-1165.18 -1128.27
-1175.82 -1128.27
-1146.18 -1128.27
-1172.90 -1128.27
-1161.39 -1128.27
-1137.42 -1128.27
-1136.56 -1128.27
-1161.45 -1128.27
-1174.11 -1128.27
-1129.64 -1128.27
-1178.15 -1128.27
-1205.04 -1128.27
-1138.07 -1128.27
-1146.14 -1128.27
-1174.80 -1128.27
-1166.19 -1128.27
-1132.24 -1128.27
-1151.13 -1128.27
-1171.41 -1128.27
-1154.80 -1128.27
-1141.85 -1128.27
-1142.58 -1128.27
-1159.13 -1128.27
-1164.35 -1128.27
-1154.53 -1128.27
-1150.27 -1128.27
-1134.42 -1128.27
-1141.91 -1128.27
-1173.31 -1128.27
-1157.86 -1128.27
-1193.16 -1128.27
-1141.02 -1128.27
-1141.31 -1128.27
-1144.92 -1128.27
-1138.79 -1128.27
-1147.11 -1128.27
-1134.65 -1128.27
-1126.29 -1126.29
-1136.20 -1126.29
-1121.48 -1121.48
-1147.26 -1121.48
-1162.86 -1121.48
-1147.53 -1121.48
-1168.59 -1121.48
-1136.15 -1121.48
-1150.60 -1121.48
-1179.76 -1121.48
-1148.69 -1121.48
-1133.68 -1121.48
-1167.41 -1121.48
-1216.08 -1121.48
-1151.28 -1121.48
-1169.10 -1121.48
-1143.52 -1121.48
-1160.88 -1121.48
-1191.10 -1121.48
-1125.10 -1121.48
-1156.80 -1121.48
-1131.75 -1121.48
-1192.98 -1121.48
-1195.35 -1121.48
-1155.80 -1121.48
-1175.31 -1121.48
-1119.99 -1119.99
-1120.60 -1120.60
-1127.39 -1120.60
-1139.57 -1120.60
-1146.66 -1120.60
-1177.78 -1120.60
-1156.04 -1120.60
-1187.88 -1120.60
-1175.73 -1120.60
-1139.64 -1120.60
-1152.90 -1120.60
-1182.84 -1120.60
-1115.95 -1115.95
-1148.18 -1115.95
-1146.44 -1115.95
-1138.32 -1115.95
-1144.29 -1115.95
-1139.45 -1115.95
-1165.00 -1115.95
-1136.62 -1115.95
-1159.95 -1115.95
-1128.97 -1115.95
-1168.95 -1115.95
-1150.73 -1115.95
-1166.48 -1115.95
-1207.36 -1115.95
-1144.14 -1115.95
-1142.03 -1115.95
-1158.90 -1115.95
-1166.01 -1115.95
-1180.94 -1115.95
-1137.01 -1115.95
-1134.93 -1115.95
-1174.07 -1115.95
-1126.90 -1115.95
-1127.01 -1115.95
-1176.13 -1115.95
-1119.26 -1115.95
-1141.10 -1115.95
-1172.40 -1115.95
-1205.20 -1115.95
-1136.34 -1115.95
-1148.52 -1115.95
-1171.95 -1115.95
-1146.60 -1115.95
-1129.96 -1115.95
-1139.82 -1115.95
-1150.58 -1115.95
-1157.35 -1115.95
-1151.09 -1115.95
-1133.33 -1115.95
-1174.49 -1115.95
-1165.57 -1115.95
-1115.68 -1115.68
-1194.95 -1115.68
-1143.31 -1115.68
-1117.25 -1115.68
-1177.83 -1115.68
-1169.47 -1115.68
-1098.77 -1098.77
-1099.78 -1099.78
-1154.08 -1099.78
-1124.45 -1099.78
-1175.38 -1099.78
-1109.98 -1099.78
-1140.67 -1099.78
-1180.68 -1099.78
-1139.29 -1099.78
-1192.41 -1099.78
-1127.55 -1099.78
-1143.83 -1099.78
-1172.36 -1099.78
-1130.51 -1099.78
-1170.24 -1099.78
-1158.75 -1099.78
-1139.57 -1099.78
-1082.70 -1082.70
-1104.86 -1082.70
-1133.19 -1082.70
-1115.21 -1082.70
-1143.93 -1082.70
-1126.69 -1082.70
-1085.73 -1082.70
-1113.69 -1082.70
-1100.11 -1082.70
-1154.76 -1082.70
-1116.10 -1082.70
-1093.51 -1082.70
-1161.85 -1082.70
-1117.18 -1082.70
-1100.17 -1082.70
-1125.90 -1082.70
-1125.36 -1082.70
-1136.96 -1082.70
-1112.49 -1082.70
-1119.94 -1082.70
-1101.87 -1082.70
-1131.57 -1082.70
-1133.91 -1082.70
-1101.42 -1082.70
-1139.44 -1082.70
-1115.03 -1082.70
-1129.43 -1082.70
-1134.40 -1082.70
-1150.81 -1082.70
-1136.90 -1082.70
-1141.74 -1082.70
-1140.07 -1082.70
-1141.17 -1082.70
-1123.81 -1082.70
-1118.17 -1082.70
-1084.07 -1082.70
-1129.26 -1082.70
-1096.90 -1082.70
-1122.05 -1082.70
-1115.10 -1082.70
-1121.91 -1082.70
-1099.27 -1082.70
-1093.22 -1082.70
-1193.23 -1082.70
-1166.05 -1082.70
-1105.46 -1082.70
-1090.03 -1082.70
-1156.13 -1082.70
-1173.19 -1082.70
-1117.72 -1082.70
-1130.87 -1082.70
-1118.18 -1082.70
-1183.67 -1082.70
-1187.12 -1082.70
-1081.00 -1081.00
-1125.55 -1081.00
-1094.64 -1081.00
-1122.78 -1081.00
-1099.29 -1081.00
-1111.34 -1081.00
-1102.63 -1081.00
-1093.21 -1081.00
-1135.55 -1081.00
-1130.89 -1081.00
-1113.38 -1081.00
-1119.52 -1081.00
-1159.54 -1081.00
-1106.86 -1081.00
-1140.25 -1081.00
-1105.51 -1081.00
-1118.98 -1081.00
-1146.87 -1081.00
-1168.49 -1081.00
-1084.31 -1081.00
-1062.44 -1062.44
-1073.74 -1062.44
-1106.83 -1062.44
-1128.07 -1062.44
-1110.81 -1062.44
-1162.62 -1062.44
-1127.55 -1062.44
-1116.68 -1062.44
-1177.16 -1062.44
-1106.73 -1062.44
-1176.48 -1062.44
-1081.37 -1062.44
-1091.52 -1062.44
-1108.86 -1062.44
-1129.56 -1062.44
-1163.71 -1062.44
-1132.16 -1062.44
-1136.68 -1062.44
-1105.03 -1062.44
-1121.60 -1062.44
-1101.74 -1062.44
-1094.90 -1062.44
-1125.61 -1062.44
-1114.23 -1062.44
-1113.25 -1062.44
-1153.96 -1062.44
-1155.52 -1062.44
-1087.72 -1062.44
-1106.06 -1062.44
-1127.12 -1062.44
-1125.37 -1062.44
-1117.73 -1062.44
-1116.00 -1062.44
-1123.34 -1062.44
-1140.33 -1062.44
-1143.81 -1062.44
-1089.87 -1062.44
-1156.05 -1062.44
-1125.19 -1062.44
-1107.31 -1062.44
-1098.50 -1062.44
-1115.22 -1062.44
-1103.93 -1062.44
-1149.29 -1062.44
-1117.47 -1062.44
-1148.65 -1062.44
-1089.82 -1062.44
-1106.36 -1062.44
-1095.05 -1062.44
-1105.22 -1062.44
-1130.52 -1062.44
-1117.03 -1062.44
-1099.71 -1062.44
-1091.27 -1062.44
-1111.53 -1062.44
-1104.23 -1062.44
-1124.62 -1062.44
-1108.37 -1062.44
-1095.03 -1062.44
-1128.57 -1062.44
-1095.71 -1062.44
-1090.55 -1062.44
-1115.96 -1062.44
-1073.16 -1062.44
-1114.40 -1062.44
-1109.90 -1062.44
-1184.74 -1062.44
-1107.17 -1062.44
-1098.46 -1062.44
-1141.34 -1062.44
-1105.02 -1062.44
-1127.97 -1062.44
-1100.45 -1062.44
-1112.00 -1062.44
-1095.94 -1062.44
-1119.44 -1062.44
-1115.57 -1062.44
-1098.18 -1062.44
-1092.10 -1062.44
-1102.85 -1062.44
-1100.57 -1062.44
-1129.07 -1062.44
-1103.57 -1062.44
-1107.63 -1062.44
-1144.94 -1062.44
-1105.65 -1062.44
-1125.71 -1062.44
-1094.60 -1062.44
-1087.98 -1062.44
-1135.67 -1062.44
-1114.97 -1062.44
-1107.29 -1062.44
-1105.06 -1062.44
-1158.41 -1062.44
-1084.69 -1062.44
-1099.19 -1062.44
-1094.07 -1062.44
-1075.91 -1062.44
-1084.37 -1062.44
-1113.83 -1062.44
-1102.57 -1062.44
-1116.03 -1062.44
-1118.05 -1062.44
-1148.80 -1062.44
-1141.06 -1062.44
-1107.26 -1062.44
-1102.70 -1062.44
-1169.95 -1062.44
-1127.30 -1062.44
-1121.03 -1062.44
-1080.73 -1062.44
-1125.54 -1062.44
-1108.96 -1062.44
-1172.76 -1062.44
-1134.65 -1062.44
-1111.84 -1062.44
-1115.22 -1062.44
-1161.92 -1062.44
-1106.19 -1062.44
-1157.22 -1062.44
-1105.28 -1062.44
-1118.37 -1062.44
-1093.88 -1062.44
-1109.35 -1062.44
-1061.51 -1061.51
-1122.31 -1061.51
-1100.13 -1061.51
-1095.14 -1061.51
-1100.43 -1061.51
-1118.64 -1061.51
-1129.53 -1061.51
-1109.44 -1061.51
-1096.14 -1061.51
-1112.80 -1061.51
-1173.60 -1061.51
-1103.85 -1061.51
-1139.91 -1061.51
-1070.05 -1061.51
-1101.56 -1061.51
-1152.84 -1061.51
-1098.47 -1061.51
-1143.82 -1061.51
-1074.96 -1061.51
-1131.56 -1061.51
-1071.64 -1061.51
-1090.60 -1061.51
-1088.75 -1061.51
-1172.98 -1061.51
-1075.82 -1061.51
-1044.62 -1044.62
-1135.43 -1044.62
-1111.95 -1044.62
-1082.46 -1044.62
-1052.34 -1044.62
-1056.08 -1044.62
-1043.44 -1043.44
-1094.18 -1043.44
-1072.98 -1043.44
-1071.06 -1043.44
-1184.78 -1043.44
-1169.54 -1043.44
-1209.99 -1043.44
-1185.42 -1043.44
