-10000.00 -10000.00
-1894.89 -1894.89
-1937.66 -1894.89
-1919.68 -1894.89
-2015.47 -1894.89
-1904.17 -1894.89
-1900.06 -1894.89
-1976.67 -1894.89
-1915.17 -1894.89
-1928.39 -1894.89
-1999.31 -1894.89
-1905.74 -1894.89
-1921.27 -1894.89
-1928.33 -1894.89
-1874.49 -1874.49
-1922.05 -1874.49
-1920.06 -1874.49
-1943.25 -1874.49
-1980.00 -1874.49
-1991.24 -1874.49
-1953.73 -1874.49
-1933.28 -1874.49
-2003.67 -1874.49
-1905.09 -1874.49
-1943.41 -1874.49
-1985.94 -1874.49
-1930.52 -1874.49
-1936.46 -1874.49
-1909.00 -1874.49
-2020.65 -1874.49
-1898.41 -1874.49
-1930.88 -1874.49
-1978.56 -1874.49
-1908.88 -1874.49
-1908.81 -1874.49
-2004.02 -1874.49
-1908.89 -1874.49
-1943.50 -1874.49
-1969.00 -1874.49
-1879.77 -1874.49
-1947.84 -1874.49
-1920.92 -1874.49
-1897.39 -1874.49
-1925.19 -1874.49
-1892.82 -1874.49
-1898.00 -1874.49
-1936.74 -1874.49
-1931.55 -1874.49
-1906.54 -1874.49
-1930.92 -1874.49
-1905.62 -1874.49
-1971.20 -1874.49
-1917.22 -1874.49
-1938.74 -1874.49
-1960.31 -1874.49
-1911.13 -1874.49
-1940.91 -1874.49
-1914.36 -1874.49
-1865.94 -1865.94
-1887.97 -1865.94
-1956.51 -1865.94
-1885.45 -1865.94
-1966.80 -1865.94
-1871.87 -1865.94
-1929.01 -1865.94
-1944.01 -1865.94
-1927.32 -1865.94
-1912.23 -1865.94
-1961.84 -1865.94
-1918.06 -1865.94
-1884.45 -1865.94
-1958.21 -1865.94
-1952.19 -1865.94
-1919.42 -1865.94
-1902.92 -1865.94
-1918.92 -1865.94
-1911.70 -1865.94
-1953.78 -1865.94
-1910.95 -1865.94
-1924.43 -1865.94
-1922.98 -1865.94
-1918.70 -1865.94
-1899.16 -1865.94
-1931.31 -1865.94
-1878.09 -1865.94
-1922.79 -1865.94
-1907.91 -1865.94
-1927.31 -1865.94
-1934.87 -1865.94
-1937.95 -1865.94
-1926.85 -1865.94
-1922.64 -1865.94
-1898.86 -1865.94
-1909.49 -1865.94
-1916.41 -1865.94
-1904.15 -1865.94
-1919.86 -1865.94
-1886.93 -1865.94
-1961.90 -1865.94
-1925.47 -1865.94
-1945.93 -1865.94
-1919.21 -1865.94
-1894.90 -1865.94
-1922.46 -1865.94
-1930.42 -1865.94
-1972.96 -1865.94
-1891.88 -1865.94
-1980.79 -1865.94
-1926.48 -1865.94
-1947.04 -1865.94
-1935.24 -1865.94
-1968.47 -1865.94
-1941.37 -1865.94
-1923.60 -1865.94
-1891.57 -1865.94
-1923.75 -1865.94
-1959.69 -1865.94
-1934.77 -1865.94
-1970.85 -1865.94
-1918.60 -1865.94
-1897.68 -1865.94
-1891.45 -1865.94
-1944.94 -1865.94
-1993.96 -1865.94
-1976.03 -1865.94
-1937.54 -1865.94
-1901.59 -1865.94
-1885.07 -1865.94
-1922.40 -1865.94
-2003.35 -1865.94
-1957.68 -1865.94
-1922.57 -1865.94
-1885.31 -1865.94
-1937.80 -1865.94
-1906.12 -1865.94
-1940.53 -1865.94
-1960.72 -1865.94
-1894.54 -1865.94
-1891.32 -1865.94
-1920.01 -1865.94
-1920.75 -1865.94
-1878.01 -1865.94
-1942.05 -1865.94
-1954.70 -1865.94
-1869.74 -1865.94
-1881.70 -1865.94
-1925.41 -1865.94
-1945.18 -1865.94
-1922.87 -1865.94
-1954.75 -1865.94
-1957.01 -1865.94
-1907.66 -1865.94
-1930.91 -1865.94
-1919.37 -1865.94
-1911.62 -1865.94
-1956.07 -1865.94
-1864.50 -1864.50
-1953.74 -1864.50
-1914.21 -1864.50
-1899.26 -1864.50
-1934.84 -1864.50
-1913.67 -1864.50
-1923.57 -1864.50
-1969.09 -1864.50
-1925.48 -1864.50
-1946.22 -1864.50
-1898.09 -1864.50
-1942.72 -1864.50
-1916.82 -1864.50
-1913.73 -1864.50
-1918.95 -1864.50
-1953.65 -1864.50
-1900.14 -1864.50
-1996.08 -1864.50
-1900.50 -1864.50
-1965.47 -1864.50
-1912.90 -1864.50
-1922.52 -1864.50
-1913.85 -1864.50
-1922.95 -1864.50
-1964.50 -1864.50
-1942.50 -1864.50
-1935.79 -1864.50
-1882.70 -1864.50
-1943.69 -1864.50
-1900.80 -1864.50
-1917.78 -1864.50
-1894.44 -1864.50
-1946.58 -1864.50
-1922.85 -1864.50
-1965.94 -1864.50
-1885.45 -1864.50
-1935.03 -1864.50
-1901.21 -1864.50
-1888.84 -1864.50
-1958.93 -1864.50
-1899.09 -1864.50
-1950.36 -1864.50
-1909.23 -1864.50
-1961.13 -1864.50
-1902.35 -1864.50
-1904.38 -1864.50
-1875.39 -1864.50
-1911.98 -1864.50
-1887.93 -1864.50
-1919.96 -1864.50
-1981.73 -1864.50
-1943.85 -1864.50
-1890.30 -1864.50
-1897.55 -1864.50
-1926.64 -1864.50
-1956.18 -1864.50
-1913.05 -1864.50
-1924.57 -1864.50
-1911.55 -1864.50
-1909.96 -1864.50
-1947.69 -1864.50
-1878.51 -1864.50
-1994.77 -1864.50
-1943.08 -1864.50
-1887.70 -1864.50
-1861.94 -1861.94
-1906.88 -1861.94
-1985.23 -1861.94
-1877.70 -1861.94
-1928.44 -1861.94
-1939.98 -1861.94
-1923.77 -1861.94
-1899.41 -1861.94
-1942.08 -1861.94
-1956.45 -1861.94
-1911.81 -1861.94
-1882.48 -1861.94
-1943.79 -1861.94
-1906.58 -1861.94
-1924.06 -1861.94
-1948.86 -1861.94
-1992.86 -1861.94
-1944.76 -1861.94
-1904.80 -1861.94
-1913.16 -1861.94
-1983.66 -1861.94
-1972.84 -1861.94
-1945.20 -1861.94
-1927.43 -1861.94
-1934.39 -1861.94
-1882.66 -1861.94
-1932.39 -1861.94
-1919.80 -1861.94
-1945.97 -1861.94
-1912.85 -1861.94
-1932.20 -1861.94
-1904.26 -1861.94
-1909.12 -1861.94
-1918.77 -1861.94
-1932.99 -1861.94
-1932.83 -1861.94
-1933.68 -1861.94
-1935.26 -1861.94
-1952.12 -1861.94
-1928.64 -1861.94
-1876.75 -1861.94
-1920.47 -1861.94
-1903.65 -1861.94
-1949.75 -1861.94
-1909.54 -1861.94
-1992.51 -1861.94
-1879.50 -1861.94
-1906.34 -1861.94
-1943.92 -1861.94
-1895.34 -1861.94
-1901.18 -1861.94
-1926.07 -1861.94
-1916.54 -1861.94
-1921.59 -1861.94
-1900.55 -1861.94
-1918.95 -1861.94
-1979.50 -1861.94
-1920.40 -1861.94
-1919.85 -1861.94
-1900.02 -1861.94
-1855.08 -1855.08
-1940.81 -1855.08
-1940.77 -1855.08
-1960.70 -1855.08
-1974.84 -1855.08
-1936.17 -1855.08
-1857.58 -1855.08
-1899.75 -1855.08
-1915.97 -1855.08
-1873.39 -1855.08
-1904.08 -1855.08
-1973.73 -1855.08
-1925.15 -1855.08
-1928.35 -1855.08
-1887.11 -1855.08
-1955.21 -1855.08
-1875.23 -1855.08
-1903.43 -1855.08
-1902.31 -1855.08
-1922.70 -1855.08
-1930.44 -1855.08
-1911.38 -1855.08
-1919.97 -1855.08
-1884.42 -1855.08
-1901.81 -1855.08
-1870.65 -1855.08
-1990.59 -1855.08
-1905.90 -1855.08
-1911.21 -1855.08
-1970.09 -1855.08
-1989.41 -1855.08
-1929.09 -1855.08
-1986.12 -1855.08
-1967.51 -1855.08
-1936.11 -1855.08
-1990.45 -1855.08
-1948.43 -1855.08
-1936.22 -1855.08
-1956.62 -1855.08
-1914.05 -1855.08
-1950.52 -1855.08
-1934.94 -1855.08
-1931.47 -1855.08
-1966.75 -1855.08
-1967.67 -1855.08
-1926.72 -1855.08
-1919.73 -1855.08
-1866.81 -1855.08
-1935.19 -1855.08
-1924.28 -1855.08
-1868.71 -1855.08
-1968.96 -1855.08
-1975.09 -1855.08
-1907.76 -1855.08
-1942.79 -1855.08
-1935.64 -1855.08
-1910.14 -1855.08
-1935.35 -1855.08
-1925.71 -1855.08
-1979.08 -1855.08
-1921.45 -1855.08
-1956.90 -1855.08
-1963.51 -1855.08
-1919.43 -1855.08
-1894.50 -1855.08
-1903.23 -1855.08
-1997.69 -1855.08
-1870.09 -1855.08
-1922.35 -1855.08
-1905.38 -1855.08
-1860.29 -1855.08
-1879.53 -1855.08
-1986.77 -1855.08
-1904.82 -1855.08
-1873.68 -1855.08
-1990.93 -1855.08
-1922.91 -1855.08
-1899.04 -1855.08
-1882.47 -1855.08
-1923.94 -1855.08
-1877.59 -1855.08
-1918.31 -1855.08
-1935.08 -1855.08
-1955.16 -1855.08
-1977.10 -1855.08
-1900.81 -1855.08
-1897.35 -1855.08
-1854.75 -1854.75
-1874.71 -1854.75
-1913.81 -1854.75
-1879.03 -1854.75
-1890.51 -1854.75
-1878.69 -1854.75
-1926.17 -1854.75
-1884.10 -1854.75
-1878.37 -1854.75
-1919.42 -1854.75
-1854.77 -1854.77
-1871.48 -1854.77
-1972.89 -1854.77
-1860.70 -1854.77
-1908.58 -1854.77
-1884.23 -1854.77
-1912.01 -1854.77
-1860.22 -1854.77
-1889.42 -1854.77
-1871.41 -1854.77
-1924.65 -1854.77
-1922.84 -1854.77
-1878.88 -1854.77
-1940.60 -1854.77
-1882.74 -1854.77
-1874.82 -1854.77
-1986.02 -1854.77
-1882.33 -1854.77
-1870.89 -1854.77
-1903.29 -1854.77
-1950.36 -1854.77
-1916.20 -1854.77
-1934.89 -1854.77
-1861.96 -1854.77
-1890.54 -1854.77
-1887.02 -1854.77
-1974.92 -1854.77
-1922.35 -1854.77
-1908.65 -1854.77
-1916.65 -1854.77
-1851.58 -1851.58
-1873.53 -1851.58
-1873.14 -1851.58
-1891.79 -1851.58
-1913.61 -1851.58
-1932.33 -1851.58
-1895.35 -1851.58
-1924.43 -1851.58
-1966.16 -1851.58
-1832.88 -1832.88
-2017.26 -1832.88
-1923.25 -1832.88
-1950.76 -1832.88
-1904.52 -1832.88
-1911.75 -1832.88
-1915.85 -1832.88
-1912.02 -1832.88
-1955.13 -1832.88
-1956.83 -1832.88
-1975.22 -1832.88
-1914.30 -1832.88
-1932.73 -1832.88
-2003.60 -1832.88
-1945.04 -1832.88
-1886.56 -1886.56
-1944.98 -1886.56
-1919.44 -1886.56
-1990.20 -1886.56
-1954.74 -1886.56
-1982.86 -1886.56
-1906.52 -1886.56
-1939.98 -1886.56
-1973.39 -1886.56
-1903.34 -1886.56
-1911.45 -1886.56
-1925.27 -1886.56
-1921.54 -1886.56
-1948.65 -1886.56
-1929.85 -1886.56
-1902.38 -1886.56
-1972.39 -1886.56
-1897.18 -1886.56
-1908.32 -1886.56
-1909.37 -1886.56
-1884.81 -1884.81
-1886.39 -1884.81
-1940.72 -1884.81
-1890.15 -1884.81
-1919.96 -1884.81
-1918.23 -1884.81
-1948.04 -1884.81
-1898.32 -1884.81
-1962.08 -1884.81
-1922.09 -1884.81
-1919.93 -1884.81
-1901.60 -1884.81
-1923.98 -1884.81
-1938.59 -1884.81
-1944.82 -1884.81
-1893.84 -1884.81
-1935.57 -1884.81
-1911.16 -1884.81
-1929.58 -1884.81
-1901.04 -1884.81
-1900.12 -1884.81
-1887.75 -1884.81
-1902.52 -1884.81
-1916.36 -1884.81
-1934.46 -1884.81
-1967.61 -1884.81
-1940.35 -1884.81
-1911.67 -1884.81
-1907.67 -1884.81
-1926.52 -1884.81
-1910.54 -1884.81
-2007.11 -1884.81
-1925.28 -1884.81
-1917.19 -1884.81
-1918.52 -1884.81
-1893.78 -1884.81
-1906.99 -1884.81
-1965.68 -1884.81
-1933.16 -1884.81
-1947.50 -1884.81
-1956.49 -1884.81
-1926.59 -1884.81
-1915.85 -1884.81
-1933.09 -1884.81
-1928.66 -1884.81
-1889.07 -1884.81
-1933.31 -1884.81
-1886.97 -1884.81
-1924.97 -1884.81
-1917.78 -1884.81
-1899.56 -1884.81
-1923.95 -1884.81
-1961.70 -1884.81
-1913.37 -1884.81
-1900.74 -1884.81
-1994.64 -1884.81
-1925.61 -1884.81
-1954.33 -1884.81
-1969.47 -1884.81
-1992.97 -1884.81
-1954.78 -1884.81
-1923.84 -1884.81
-1931.36 -1884.81
-1924.88 -1884.81
-1956.85 -1884.81
-1941.63 -1884.81
-1863.69 -1863.69
-1907.82 -1863.69
-1911.51 -1863.69
-1906.52 -1863.69
-1906.96 -1863.69
-1899.46 -1863.69
-1941.81 -1863.69
-1882.47 -1863.69
-1880.27 -1863.69
-1870.26 -1863.69
-1986.77 -1863.69
-1911.37 -1863.69
-1986.21 -1863.69
-1945.63 -1863.69
-1989.15 -1863.69
-1894.26 -1863.69
-1958.18 -1863.69
-1939.16 -1863.69
-1935.89 -1863.69
-1882.98 -1863.69
-1907.40 -1863.69
-1887.74 -1863.69
-1928.84 -1863.69
-1873.39 -1863.69
-1881.50 -1863.69
-1884.66 -1863.69
-1882.77 -1863.69
-1882.62 -1863.69
-1911.48 -1863.69
-1896.90 -1863.69
-1910.08 -1863.69
-1880.83 -1863.69
-1887.59 -1863.69
-1938.94 -1863.69
-1876.01 -1863.69
-1902.98 -1863.69
-1903.88 -1863.69
-1890.84 -1863.69
-1893.63 -1863.69
-1885.05 -1863.69
-1877.37 -1863.69
-1924.55 -1863.69
-1901.02 -1863.69
-1905.33 -1863.69
-2003.34 -1863.69
-1879.80 -1863.69
-1909.77 -1863.69
-1955.78 -1863.69
-1905.32 -1863.69
-1862.21 -1862.21
-1905.99 -1862.21
-1880.85 -1862.21
-1878.59 -1862.21
-1913.87 -1862.21
-1899.49 -1862.21
-1898.41 -1862.21
-1909.98 -1862.21
-1961.74 -1862.21
-1917.58 -1862.21
-1898.16 -1862.21
-1899.50 -1862.21
-1928.77 -1862.21
-1854.17 -1854.17
-1907.57 -1854.17
-1925.56 -1854.17
-1873.65 -1854.17
-1901.34 -1854.17
-1898.32 -1854.17
-1926.47 -1854.17
-1886.28 -1854.17
-1871.95 -1854.17
-1886.84 -1854.17
-1918.02 -1854.17
-1896.47 -1854.17
-1888.69 -1854.17
-1924.68 -1854.17
-1915.32 -1854.17
-1876.86 -1854.17
-1903.78 -1854.17
-1960.71 -1854.17
-1918.69 -1854.17
-1936.15 -1854.17
-1885.81 -1854.17
-1886.34 -1854.17
-1945.05 -1854.17
-1930.54 -1854.17
-1874.12 -1854.17
-1872.04 -1854.17
-1896.33 -1854.17
-1957.52 -1854.17
-1909.25 -1854.17
-1903.50 -1854.17
-1944.87 -1854.17
-1886.05 -1854.17
-1894.32 -1854.17
-1905.16 -1854.17
-1903.03 -1854.17
-1874.19 -1854.17
-1867.16 -1854.17
-1886.89 -1854.17
-1931.71 -1854.17
-1948.87 -1854.17
-1850.17 -1850.17
-1912.17 -1850.17
-1997.83 -1850.17
-1888.68 -1850.17
-1809.82 -1809.82
-1879.13 -1809.82
-1881.59 -1809.82
-1845.47 -1809.82
-1846.83 -1809.82
-1793.16 -1793.16
-1830.30 -1793.16
-1836.89 -1793.16
-1852.84 -1793.16
-1923.23 -1793.16
-1908.03 -1793.16
-1891.44 -1793.16
-1862.51 -1793.16
-1895.95 -1793.16
-1849.98 -1793.16
-1844.53 -1793.16
-1839.08 -1793.16
-1842.23 -1793.16
-1874.60 -1793.16
-1858.70 -1793.16
-1868.71 -1793.16
-1890.05 -1793.16
-1831.31 -1793.16
-1886.12 -1793.16
-1856.72 -1793.16
-1822.18 -1793.16
-1918.87 -1793.16
-1885.34 -1793.16
-1871.14 -1793.16
-1822.85 -1793.16
-1909.09 -1793.16
-1854.00 -1793.16
-1939.50 -1793.16
-1873.25 -1793.16
-1791.98 -1791.98
-1828.73 -1791.98
-1852.34 -1791.98
-1768.06 -1768.06
-1793.25 -1768.06
-1833.41 -1768.06
-1913.40 -1768.06
-1821.91 -1768.06
-1831.10 -1768.06
-1873.34 -1768.06
-1864.84 -1768.06
-1844.88 -1768.06
-1845.34 -1768.06
-1825.13 -1768.06
-1890.75 -1768.06
-1832.06 -1768.06
-1846.88 -1768.06
-1822.39 -1768.06
-1752.32 -1752.32
-1796.98 -1752.32
-1823.89 -1752.32
-1810.14 -1752.32
-1878.99 -1752.32
-1871.90 -1752.32
-1777.53 -1752.32
-1840.03 -1752.32
-1881.23 -1752.32
-1794.24 -1752.32
-1835.29 -1752.32
-1841.98 -1752.32
-1831.05 -1752.32
-1838.64 -1752.32
-1799.42 -1752.32
-1814.55 -1752.32
-1841.97 -1752.32
-1861.11 -1752.32
-1783.11 -1752.32
-1779.04 -1752.32
-1795.23 -1752.32
-1777.61 -1752.32
-1866.38 -1752.32
-1799.79 -1752.32
-1811.91 -1752.32
-1836.24 -1752.32
-1869.05 -1752.32
-1812.23 -1752.32
-1777.41 -1752.32
-1806.55 -1752.32
-1920.27 -1752.32
-1916.43 -1752.32
-1861.99 -1752.32
-1805.77 -1752.32
-1738.64 -1738.64
-1723.46 -1723.46
-1825.88 -1723.46
-1685.83 -1685.83
-1746.86 -1685.83
-1798.65 -1685.83
-1777.56 -1685.83
-1757.57 -1685.83
-1775.52 -1685.83
-1864.55 -1685.83
-1811.68 -1685.83
-1762.02 -1685.83
-1776.32 -1685.83
-1784.56 -1685.83
-1767.04 -1685.83
-1831.96 -1685.83
-1711.92 -1685.83
-1686.99 -1685.83
-1783.52 -1685.83
-1749.87 -1685.83
-1757.89 -1685.83
-1782.28 -1685.83
-1721.75 -1685.83
-1733.82 -1685.83
-1679.42 -1679.42
-1716.40 -1679.42
-1707.26 -1679.42
-1685.79 -1679.42
-1739.90 -1679.42
-1855.44 -1679.42
-1675.38 -1675.38
-1705.26 -1675.38
-1768.73 -1675.38
-1764.60 -1675.38
-1664.93 -1664.93
-1772.21 -1664.93
-1733.94 -1664.93
-1673.24 -1664.93
-1644.86 -1644.86
-1557.76 -1557.76
-1517.50 -1517.50
-1635.04 -1517.50
-1702.38 -1517.50
-1583.21 -1517.50
-1451.29 -1451.29
-1630.38 -1451.29
-1736.34 -1451.29
-1534.22 -1451.29
-1614.47 -1451.29
-1590.89 -1451.29
-1818.44 -1451.29
-1618.48 -1451.29
-1621.52 -1451.29
-1516.14 -1451.29
-1495.76 -1451.29
-1801.21 -1451.29
-1578.76 -1451.29
-1433.03 -1433.03
-1576.92 -1433.03
-1705.00 -1433.03
-1549.66 -1433.03
-1715.99 -1433.03
-1645.56 -1433.03
-1480.40 -1433.03
-1503.85 -1433.03
-1552.64 -1433.03
-1441.21 -1433.03
-1660.57 -1433.03
-1568.20 -1433.03
-1771.89 -1433.03
-1571.06 -1433.03
-1526.77 -1433.03
-1617.71 -1433.03
-1565.26 -1433.03
-1666.06 -1433.03
-1594.11 -1433.03
-1716.61 -1433.03
-1563.66 -1433.03
-1557.24 -1433.03
-1670.20 -1433.03
-1511.73 -1433.03
-1579.61 -1433.03
-1560.73 -1433.03
-1573.41 -1433.03
-1615.14 -1433.03
-1530.03 -1433.03
-1543.54 -1433.03
-1564.90 -1433.03
-1560.71 -1433.03
-1560.05 -1433.03
-1487.12 -1433.03
-1652.10 -1433.03
-1536.26 -1433.03
-1688.58 -1433.03
-1693.90 -1433.03
-1587.23 -1433.03
-1621.11 -1433.03
-1687.09 -1433.03
-1666.42 -1433.03
-1509.49 -1433.03
-1582.55 -1433.03
-1726.04 -1433.03
-1594.55 -1433.03
-1490.93 -1433.03
-1606.37 -1433.03
-1658.99 -1433.03
-1658.04 -1433.03
-1543.27 -1433.03
-1600.13 -1433.03
-1577.20 -1433.03
-1693.01 -1433.03
-1483.82 -1433.03
-1541.73 -1433.03
-1455.70 -1433.03
-1545.17 -1433.03
-1625.89 -1433.03
-1565.00 -1433.03
-1531.76 -1433.03
-1541.51 -1433.03
-1596.71 -1433.03
-1623.38 -1433.03
-1608.40 -1433.03
-1640.22 -1433.03
-1644.20 -1433.03
-1938.99 -1433.03
-1883.39 -1883.39
-1911.71 -1883.39
-1894.26 -1883.39
-1903.48 -1883.39
-1889.30 -1883.39
-1973.48 -1883.39
-1880.95 -1880.95
-1967.86 -1880.95
-1896.88 -1880.95
-1939.54 -1880.95
-1930.08 -1880.95
-1866.51 -1866.51
-1913.63 -1866.51
-1929.05 -1866.51
-1931.62 -1866.51
-1965.15 -1866.51
-1966.02 -1866.51
-1907.27 -1866.51
-1906.75 -1866.51
-1921.06 -1866.51
-1947.10 -1866.51
-1889.64 -1866.51
-1886.85 -1866.51
-1902.92 -1866.51
-1883.89 -1866.51
-1902.48 -1866.51
-1919.80 -1866.51
-1955.71 -1866.51
-1930.85 -1866.51
-1915.60 -1866.51
-1997.69 -1866.51
-1904.74 -1866.51
-1932.35 -1866.51
-1973.83 -1866.51
-1877.51 -1866.51
-1892.40 -1866.51
-1970.36 -1866.51
-1988.76 -1866.51
-1903.35 -1866.51
-1943.49 -1866.51
-1929.01 -1866.51
-1954.66 -1866.51
-1903.38 -1866.51
-1894.74 -1866.51
-1906.02 -1866.51
-1943.10 -1866.51
-1916.46 -1866.51
-1922.66 -1866.51
-1907.46 -1866.51
-1973.99 -1866.51
-1925.26 -1866.51
-1915.83 -1866.51
-1870.33 -1866.51
-1894.37 -1866.51
-1919.33 -1866.51
-1847.23 -1847.23
-1907.20 -1847.23
-1874.80 -1847.23
-1896.49 -1847.23
-1938.64 -1847.23
-1895.76 -1847.23
-1875.91 -1847.23
-1870.98 -1847.23
-1926.63 -1847.23
-1884.56 -1847.23
-1886.34 -1847.23
-1974.50 -1847.23
-1890.30 -1847.23
-1866.08 -1847.23
-1956.03 -1847.23
-1869.57 -1847.23
-1916.24 -1847.23
-1902.11 -1847.23
-1997.66 -1847.23
-1961.28 -1847.23
-1949.43 -1847.23
-1895.82 -1847.23
-1872.16 -1847.23
-1927.74 -1847.23
-1888.23 -1847.23
-1863.07 -1847.23
-1868.61 -1847.23
-1916.43 -1847.23
-1979.67 -1847.23
-1895.94 -1847.23
-1865.83 -1847.23
-1847.73 -1847.73
-1880.14 -1847.73
-1869.17 -1847.73
-1925.48 -1847.73
-1897.41 -1847.73
-1839.41 -1839.41
-1863.05 -1839.41
-1849.86 -1839.41
-1906.43 -1839.41
-1879.53 -1839.41
-1850.05 -1839.41
-1944.28 -1839.41
-1884.58 -1839.41
-1838.48 -1838.48
-1919.81 -1838.48
-1868.60 -1838.48
-1895.71 -1838.48
-1883.99 -1838.48
-1913.65 -1838.48
-1826.69 -1826.69
-1790.34 -1790.34
-1859.14 -1790.34
-1847.08 -1790.34
-1844.41 -1790.34
-1876.15 -1790.34
-1939.71 -1790.34
-1916.31 -1790.34
-1869.98 -1790.34
-1831.28 -1790.34
-1855.32 -1790.34
-1893.71 -1790.34
-1909.93 -1790.34
-1808.88 -1790.34
-1808.90 -1790.34
-1799.00 -1790.34
-1831.85 -1790.34
-1927.99 -1790.34
-1882.35 -1790.34
-1836.44 -1790.34
-1921.94 -1790.34
-1962.83 -1790.34
-1850.75 -1790.34
-1848.77 -1790.34
-1881.00 -1790.34
-1876.96 -1790.34
-1881.71 -1790.34
-1864.87 -1790.34
-1860.40 -1790.34
-1947.46 -1790.34
-1822.48 -1790.34
-1856.46 -1790.34
-1910.38 -1790.34
-1878.21 -1790.34
-1936.50 -1790.34
-1855.47 -1790.34
-1833.88 -1790.34
-1864.76 -1790.34
-1869.57 -1790.34
-1924.88 -1790.34
-1856.27 -1790.34
-1799.42 -1790.34
-1821.12 -1790.34
-1851.49 -1790.34
-1864.68 -1790.34
-1922.81 -1790.34
-1923.48 -1790.34
-1833.52 -1790.34
-1851.92 -1790.34
-1856.47 -1790.34
-1860.70 -1790.34
-1904.37 -1790.34
-1854.27 -1790.34
-1863.02 -1790.34
-1876.31 -1790.34
-1845.03 -1790.34
-1838.97 -1790.34
-1904.91 -1790.34
-1856.64 -1790.34
-1918.87 -1790.34
-1870.99 -1790.34
-1819.14 -1790.34
-1853.57 -1790.34
-1855.98 -1790.34
-1821.53 -1790.34
-1835.19 -1790.34
-1863.05 -1790.34
-1814.56 -1790.34
-1826.96 -1790.34
-1883.61 -1790.34
-1889.78 -1790.34
-1821.59 -1790.34
-1850.78 -1790.34
-1949.49 -1790.34
-1840.52 -1790.34
-1832.06 -1790.34
-1925.04 -1790.34
-1830.33 -1790.34
-1884.31 -1790.34
-1881.88 -1790.34
-1844.52 -1790.34
-1872.42 -1790.34
-1811.02 -1790.34
-1896.92 -1790.34
-1871.35 -1790.34
-1952.75 -1790.34
-1959.23 -1790.34
-1810.19 -1790.34
-1906.57 -1790.34
-1904.48 -1790.34
-1925.44 -1790.34
-1836.72 -1790.34
-1873.33 -1790.34
-1812.46 -1790.34
-1854.44 -1790.34
-1876.57 -1790.34
-1861.58 -1790.34
-1879.23 -1790.34
-1928.39 -1790.34
-1851.49 -1790.34
-1890.53 -1790.34
-1947.82 -1790.34
-1852.00 -1790.34
-1893.21 -1790.34
-1816.87 -1790.34
-1835.94 -1790.34
-1879.01 -1790.34
-1922.28 -1790.34
-1855.63 -1790.34
-1861.80 -1790.34
-1906.46 -1790.34
-1900.46 -1790.34
-1840.57 -1790.34
-1843.76 -1790.34
-1851.03 -1790.34
-1835.44 -1790.34
-1842.36 -1790.34
-1906.18 -1790.34
-1882.42 -1790.34
-1841.77 -1790.34
-1969.21 -1790.34
-1799.00 -1790.34
-1849.99 -1790.34
-1923.31 -1790.34
-1885.27 -1790.34
-1852.20 -1790.34
-1791.11 -1791.11
-1893.66 -1791.11
-1883.98 -1791.11
-1825.45 -1791.11
-1831.99 -1791.11
-1854.97 -1791.11
-1861.30 -1791.11
-1819.71 -1791.11
-1874.60 -1791.11
-1833.36 -1791.11
-1812.87 -1791.11
-1947.94 -1791.11
-1875.26 -1791.11
-1956.33 -1791.11
-1813.43 -1791.11
-1851.12 -1791.11
-1932.80 -1791.11
-1786.24 -1786.24
-1953.59 -1786.24
-1952.32 -1786.24
-1854.02 -1786.24
-1888.45 -1786.24
-1776.68 -1776.68
-1873.90 -1776.68
-1922.84 -1776.68
-1906.60 -1776.68
-1823.76 -1776.68
-1895.16 -1776.68
-1787.57 -1776.68
-1831.80 -1776.68
-1833.01 -1776.68
-1824.11 -1776.68
-1819.81 -1776.68
-1805.25 -1776.68
-1815.52 -1776.68
-1857.18 -1776.68
-1840.86 -1776.68
-1926.44 -1776.68
-1795.64 -1776.68
-1832.43 -1776.68
-1819.43 -1776.68
-1787.17 -1776.68
-1814.54 -1776.68
-1905.62 -1776.68
-1842.06 -1776.68
-1774.68 -1774.68
-1883.56 -1774.68
-1731.15 -1731.15
-1713.99 -1713.99
-1749.33 -1713.99
-1835.94 -1713.99
-1848.92 -1713.99
-1821.05 -1713.99
-1770.14 -1713.99
-1917.46 -1713.99
-1811.76 -1713.99
-1777.21 -1713.99
-1722.94 -1713.99
-1793.87 -1713.99
-1808.01 -1713.99
-1785.75 -1713.99
-1758.75 -1713.99
-1823.79 -1713.99
-1701.13 -1701.13
-1764.49 -1701.13
-1807.35 -1701.13
-1679.93 -1679.93
-1752.87 -1679.93
-1725.68 -1679.93
-1759.25 -1679.93
-1758.85 -1679.93
-1763.04 -1679.93
-1902.34 -1679.93
-1797.24 -1679.93
-1785.77 -1679.93
-1835.84 -1679.93
-1825.86 -1679.93
-1727.38 -1679.93
-1746.81 -1679.93
-1710.34 -1679.93
-1782.49 -1679.93
-1741.29 -1679.93
-1743.83 -1679.93
-1688.65 -1679.93
-1739.42 -1679.93
-1803.47 -1679.93
-1768.82 -1679.93
-1694.61 -1679.93
-1749.81 -1679.93
-1780.69 -1679.93
-1750.11 -1679.93
-1631.79 -1631.79
-1761.46 -1631.79
-1812.85 -1631.79
-1781.66 -1631.79
-1836.34 -1631.79
-1807.86 -1631.79
-1853.37 -1631.79
-1791.55 -1631.79
-1770.22 -1631.79
-1767.56 -1631.79
-1859.41 -1631.79
-1838.08 -1631.79
-1791.09 -1631.79
-1765.45 -1631.79
-1783.56 -1631.79
-1713.02 -1631.79
-1736.44 -1631.79
-1730.58 -1631.79
-1701.81 -1631.79
-1905.11 -1631.79
-1748.22 -1631.79
-1739.51 -1631.79
-1762.59 -1631.79
-1763.31 -1631.79
-1772.00 -1631.79
-1784.49 -1631.79
-1730.68 -1631.79
-1918.51 -1631.79
-1739.61 -1631.79
-1707.61 -1631.79
-1735.00 -1631.79
-1792.35 -1631.79
-1787.99 -1631.79
-1839.32 -1631.79
-1709.80 -1631.79
-1762.14 -1631.79
-1763.35 -1631.79
-1773.34 -1631.79
-1760.06 -1631.79
-1829.54 -1631.79
-1688.21 -1631.79
-1770.87 -1631.79
-1773.54 -1631.79
-1819.67 -1631.79
-1735.60 -1631.79
-1798.52 -1631.79
-1764.13 -1631.79
-1706.27 -1631.79
-1828.85 -1631.79
-1766.78 -1631.79
-1799.01 -1631.79
-1728.56 -1631.79
-1677.58 -1631.79
-1692.94 -1631.79
-1793.23 -1631.79
-1750.48 -1631.79
-1753.20 -1631.79
-1725.65 -1631.79
-1779.39 -1631.79
-1718.38 -1631.79
-1704.90 -1631.79
-1676.12 -1631.79
-1778.78 -1631.79
-1869.70 -1631.79
-1794.93 -1631.79
-1685.74 -1631.79
-1850.31 -1631.79
-1760.66 -1631.79
-1717.54 -1631.79
-1774.10 -1631.79
-1731.93 -1631.79
-1765.20 -1631.79
-1766.43 -1631.79
-1729.34 -1631.79
-1775.62 -1631.79
-1699.41 -1631.79
-1738.07 -1631.79
-1783.20 -1631.79
-1731.16 -1631.79
-1739.61 -1631.79
-1687.07 -1631.79
-1769.00 -1631.79
-1807.52 -1631.79
-1806.69 -1631.79
-1776.70 -1631.79
-1764.59 -1631.79
-1646.86 -1631.79
-1772.53 -1631.79
-1660.86 -1631.79
-1693.85 -1631.79
-1689.58 -1631.79
-1758.56 -1631.79
-1797.11 -1631.79
-1955.80 -1631.79
-1902.35 -1631.79
-1955.25 -1631.79
-1961.62 -1631.79
-1910.98 -1631.79
-1961.13 -1631.79
-1920.59 -1631.79
-1969.30 -1631.79
-1903.92 -1631.79
-1986.47 -1631.79
-1963.13 -1631.79
-1979.70 -1631.79
-1890.21 -1890.21
-1994.71 -1890.21
-1888.47 -1888.47
-1917.19 -1888.47
-1929.38 -1888.47
-1951.10 -1888.47
-1951.25 -1888.47
-1890.44 -1888.47
-1909.71 -1888.47
-1923.93 -1888.47
-1928.69 -1888.47
-1944.42 -1888.47
-1892.42 -1888.47
-1972.89 -1888.47
-1946.45 -1888.47
-1981.89 -1888.47
-1988.79 -1888.47
-1992.25 -1888.47
-1986.97 -1888.47
-1938.30 -1888.47
-1905.33 -1888.47
-1958.05 -1888.47
-1936.63 -1888.47
-1955.16 -1888.47
-1938.96 -1888.47
-1920.86 -1888.47
-1894.64 -1888.47
-1916.17 -1888.47
-1948.25 -1888.47
-1914.68 -1888.47
-1959.40 -1888.47
-1899.25 -1888.47
-1889.06 -1888.47
-1906.22 -1888.47
-1894.94 -1888.47
-1949.42 -1888.47
-1949.43 -1888.47
-1878.79 -1878.79
-1924.26 -1878.79
-1921.60 -1878.79
-1906.32 -1878.79
-1928.20 -1878.79
-1863.10 -1863.10
-1878.18 -1863.10
-1920.32 -1863.10
-1916.16 -1863.10
-1879.43 -1863.10
-1949.78 -1863.10
-1919.40 -1863.10
-1927.82 -1863.10
-1897.19 -1863.10
-1892.35 -1863.10
-1937.75 -1863.10
-1909.88 -1863.10
-1906.81 -1863.10
-1868.86 -1863.10
-1915.78 -1863.10
-1879.67 -1863.10
-1897.19 -1863.10
-1850.91 -1850.91
-1886.96 -1850.91
-1873.91 -1850.91
-1978.40 -1850.91
-1897.10 -1850.91
-1888.25 -1850.91
-1861.48 -1850.91
-1901.26 -1850.91
-1936.92 -1850.91
-2002.26 -1850.91
-1909.88 -1850.91
-1921.42 -1850.91
-1961.84 -1850.91
-1950.82 -1850.91
-1967.89 -1850.91
-1873.64 -1850.91
-1886.72 -1850.91
-1906.02 -1850.91
-1867.88 -1850.91
-1897.42 -1850.91
-1964.67 -1850.91
-1878.59 -1850.91
-1929.19 -1850.91
-1913.88 -1850.91
-1922.31 -1850.91
-1938.25 -1850.91
-1888.94 -1850.91
-1902.55 -1850.91
-1903.40 -1850.91
-1959.11 -1850.91
-1936.54 -1850.91
-1944.25 -1850.91
-1936.77 -1850.91
-1933.05 -1850.91
-1923.29 -1850.91
-1865.66 -1850.91
-1899.69 -1850.91
-1851.68 -1850.91
-1893.07 -1850.91
-1941.84 -1850.91
-1937.48 -1850.91
-1873.45 -1850.91
-1905.29 -1850.91
-1909.13 -1850.91
-1868.11 -1850.91
-1927.15 -1850.91
-1872.13 -1850.91
-1932.74 -1850.91
-1913.63 -1850.91
-1893.14 -1850.91
-1928.99 -1850.91
-1910.25 -1850.91
-1895.01 -1850.91
-1911.50 -1850.91
-1889.46 -1850.91
-1952.15 -1850.91
-1994.62 -1850.91
-1891.07 -1850.91
-1872.21 -1850.91
-1905.42 -1850.91
-1870.17 -1850.91
-1934.63 -1850.91
-1939.55 -1850.91
-1861.92 -1850.91
-1934.40 -1850.91
-1853.55 -1850.91
-1963.74 -1850.91
-1976.88 -1850.91
-1898.26 -1850.91
-1863.32 -1850.91
-1865.48 -1850.91
-1934.92 -1850.91
-1937.21 -1850.91
-1857.83 -1850.91
-1957.04 -1850.91
-1918.33 -1850.91
-1893.84 -1850.91
-1916.94 -1850.91
-1982.35 -1850.91
-1869.51 -1850.91
-1982.04 -1850.91
-1888.08 -1850.91
-1890.02 -1850.91
-1923.09 -1850.91
-1894.48 -1850.91
-1948.51 -1850.91
-1940.18 -1850.91
-1919.06 -1850.91
-1929.21 -1850.91
-1895.68 -1850.91
-1891.53 -1850.91
-1919.12 -1850.91
-1915.86 -1850.91
-1905.21 -1850.91
-1935.66 -1850.91
-1932.46 -1850.91
-1936.42 -1850.91
-1892.13 -1850.91
-1870.62 -1850.91
-1909.80 -1850.91
-1868.12 -1850.91
-1933.90 -1850.91
-1865.86 -1850.91
-1932.71 -1850.91
-1884.66 -1850.91
-2002.85 -1850.91
-1940.72 -1850.91
-1906.33 -1850.91
-1976.76 -1850.91
-1891.89 -1850.91
-1868.12 -1850.91
-1891.67 -1850.91
-1946.57 -1850.91
-1876.23 -1850.91
-1927.66 -1850.91
-1896.79 -1850.91
-1898.03 -1850.91
-1953.06 -1850.91
-1870.37 -1850.91
-1861.73 -1850.91
-1884.14 -1850.91
-1928.12 -1850.91
-1944.84 -1850.91
-1884.35 -1850.91
-1864.91 -1850.91
-1946.96 -1850.91
-1893.37 -1850.91
-1898.61 -1850.91
-1873.73 -1850.91
-1946.89 -1850.91
-1913.30 -1850.91
-1885.86 -1850.91
-1897.65 -1850.91
-1970.11 -1850.91
-1871.22 -1850.91
-1964.16 -1850.91
-1940.26 -1850.91
-1901.25 -1850.91
-1981.08 -1850.91
-1928.77 -1850.91
-1910.67 -1850.91
-1877.11 -1850.91
-1889.68 -1850.91
-1908.24 -1850.91
-1913.07 -1850.91
-1952.90 -1850.91
-1883.60 -1850.91
-1982.52 -1850.91
-1988.57 -1850.91
-1913.16 -1850.91
-1897.23 -1850.91
-1903.15 -1850.91
-1929.71 -1850.91
-1955.57 -1850.91
-1875.77 -1850.91
-1948.91 -1850.91
-1976.56 -1850.91
-1848.56 -1848.56
-1913.77 -1848.56
-1911.45 -1848.56
-1834.28 -1834.28
-1925.66 -1834.28
-1872.63 -1834.28
-1887.72 -1834.28
-1931.16 -1834.28
-1871.59 -1834.28
-1830.99 -1830.99
-1860.35 -1830.99
-1867.77 -1830.99
-1886.70 -1830.99
-1831.68 -1831.68
-1894.42 -1831.68
-1901.61 -1831.68
-1783.90 -1783.90
-1874.65 -1783.90
-1791.20 -1783.90
-1964.32 -1783.90
-1817.19 -1783.90
-1814.23 -1783.90
-1889.13 -1783.90
-1818.44 -1783.90
-1880.66 -1783.90
-1840.05 -1783.90
-1795.67 -1783.90
-1809.81 -1783.90
-1803.14 -1783.90
-1857.88 -1783.90
-1842.04 -1783.90
-1840.26 -1783.90
-1847.34 -1783.90
-1822.46 -1783.90
-1815.43 -1783.90
-1795.30 -1783.90
-1943.21 -1783.90
-1820.22 -1783.90
-1842.56 -1783.90
-1817.93 -1783.90
-1815.05 -1783.90
-1808.05 -1783.90
-1877.69 -1783.90
-1743.04 -1743.04
-1812.83 -1743.04
-1877.22 -1743.04
-1812.85 -1743.04
-1721.41 -1721.41
-1717.55 -1717.55
-1741.08 -1717.55
-1774.89 -1717.55
-1862.70 -1717.55
-1832.92 -1717.55
-1775.67 -1717.55
-1736.19 -1717.55
-1747.57 -1717.55
-1811.65 -1717.55
-1767.56 -1717.55
-1732.68 -1717.55
-1813.36 -1717.55
-1767.00 -1717.55
-1825.80 -1717.55
-1887.10 -1717.55
-1807.53 -1717.55
-1881.35 -1717.55
-1597.70 -1597.70
-1700.10 -1597.70
-1713.46 -1597.70
-1902.76 -1597.70
-1758.60 -1597.70
-1635.91 -1597.70
-1787.63 -1597.70
-1769.89 -1597.70
-1777.64 -1597.70
-1767.68 -1597.70
-1728.55 -1597.70
-1696.31 -1597.70
-1725.04 -1597.70
-1709.13 -1597.70
-1799.40 -1597.70
-1714.47 -1597.70
-1749.15 -1597.70
-1709.02 -1597.70
-1767.93 -1597.70
-1893.54 -1597.70
-1693.95 -1597.70
-1714.88 -1597.70
-1657.25 -1597.70
-1783.05 -1597.70
-1717.50 -1597.70
-1662.47 -1597.70
-1696.96 -1597.70
-1837.23 -1597.70
-1756.87 -1597.70
-1776.46 -1597.70
-1730.23 -1597.70
-1693.39 -1597.70
-1739.55 -1597.70
-1708.43 -1597.70
-1670.98 -1597.70
-1804.32 -1597.70
-1730.21 -1597.70
-1735.28 -1597.70
-1636.99 -1597.70
-1678.42 -1597.70
-1709.79 -1597.70
-1840.66 -1597.70
-1813.68 -1597.70
-1702.68 -1597.70
-1741.00 -1597.70
-1697.56 -1597.70
-1672.76 -1597.70
-1727.98 -1597.70
-1719.29 -1597.70
-1688.72 -1597.70
-1872.85 -1597.70
-1732.74 -1597.70
-1760.84 -1597.70
-1756.37 -1597.70
-1702.61 -1597.70
-1801.72 -1597.70
-1824.99 -1597.70
-1694.02 -1597.70
-1693.58 -1597.70
-1790.80 -1597.70
-1721.42 -1597.70
-1825.24 -1597.70
-1702.55 -1597.70
-1674.81 -1597.70
-1733.28 -1597.70
-1603.81 -1597.70
-1791.58 -1597.70
-1621.57 -1597.70
-1706.52 -1597.70
-1699.20 -1597.70
-1784.69 -1597.70
-1729.53 -1597.70
-1706.69 -1597.70
-1755.39 -1597.70
-1708.23 -1597.70
-1844.56 -1597.70
-1729.48 -1597.70
-1788.76 -1597.70
-1770.08 -1597.70
-1725.13 -1597.70
-1721.43 -1597.70
-1760.20 -1597.70
-1762.50 -1597.70
-1715.10 -1597.70
-1682.34 -1597.70
-1706.99 -1597.70
-1751.82 -1597.70
-1760.85 -1597.70
-1714.38 -1597.70
-1779.46 -1597.70
-1771.18 -1597.70
-1773.82 -1597.70
-1770.33 -1597.70
-1675.97 -1597.70
-1730.83 -1597.70
-1825.52 -1597.70
-1651.17 -1597.70
-1757.16 -1597.70
-1715.86 -1597.70
-1700.04 -1597.70
-1776.49 -1597.70
-1760.01 -1597.70
-1736.83 -1597.70
-1755.45 -1597.70
-1752.72 -1597.70
-1731.86 -1597.70
-1749.31 -1597.70
-1672.34 -1597.70
-1660.95 -1597.70
-1734.36 -1597.70
-1841.41 -1597.70
-1772.95 -1597.70
-1605.94 -1597.70
-1786.34 -1597.70
-1667.09 -1597.70
-1698.25 -1597.70
-1737.86 -1597.70
-1709.76 -1597.70
-1726.16 -1597.70
-1589.12 -1589.12
-1667.82 -1589.12
-1751.00 -1589.12
-1633.76 -1589.12
-1973.94 -1589.12
-1906.44 -1589.12
-1938.05 -1589.12
-1971.98 -1589.12
-1912.32 -1589.12
-1950.88 -1589.12
-1923.18 -1589.12
-1904.72 -1589.12
-1931.51 -1589.12
-1890.17 -1890.17
-1912.21 -1890.17
-1987.07 -1890.17
-1993.22 -1890.17
-1917.93 -1890.17
-1874.84 -1874.84
-1951.30 -1874.84
-1958.18 -1874.84
-1896.66 -1874.84
-1916.65 -1874.84
-1913.91 -1874.84
-1994.30 -1874.84
-1944.53 -1874.84
-1940.10 -1874.84
-1953.27 -1874.84
-1886.65 -1874.84
-1945.40 -1874.84
-1881.08 -1874.84
-1925.48 -1874.84
-1892.98 -1874.84
-1934.53 -1874.84
-1984.36 -1874.84
-1938.41 -1874.84
-1911.09 -1874.84
-1977.14 -1874.84
-1898.67 -1874.84
-1920.72 -1874.84
-1923.38 -1874.84
-2003.86 -1874.84
-1950.03 -1874.84
-1910.92 -1874.84
-1899.74 -1874.84
-1878.43 -1874.84
-1924.55 -1874.84
-1966.78 -1874.84
-1944.97 -1874.84
-1892.32 -1874.84
-1902.85 -1874.84
-1891.68 -1874.84
-1962.69 -1874.84
-1893.15 -1874.84
-1927.96 -1874.84
-1936.07 -1874.84
-1957.46 -1874.84
-1911.46 -1874.84
-1942.14 -1874.84
-1905.77 -1874.84
-1987.07 -1874.84
-1897.14 -1874.84
-1903.32 -1874.84
-1913.05 -1874.84
-1966.25 -1874.84
-1925.81 -1874.84
-1885.68 -1874.84
-1923.27 -1874.84
-1870.61 -1870.61
-1872.12 -1870.61
-1903.88 -1870.61
-1933.50 -1870.61
-1883.70 -1870.61
-1900.54 -1870.61
-1893.04 -1870.61
-1898.36 -1870.61
-1865.08 -1865.08
-1943.34 -1865.08
-1928.77 -1865.08
-1878.67 -1865.08
-1858.85 -1858.85
-1887.27 -1858.85
-1902.15 -1858.85
-1951.74 -1858.85
-1888.56 -1858.85
-1899.58 -1858.85
-1955.72 -1858.85
-1995.34 -1858.85
-1885.28 -1858.85
-1925.70 -1858.85
-1887.64 -1858.85
-1950.40 -1858.85
-1941.35 -1858.85
-1913.25 -1858.85
-1889.55 -1858.85
-1885.92 -1858.85
-1947.45 -1858.85
-1978.04 -1858.85
-1955.14 -1858.85
-1924.79 -1858.85
-1904.50 -1858.85
-1943.27 -1858.85
-1873.14 -1858.85
-1838.86 -1838.86
-1886.42 -1838.86
-1869.46 -1838.86
-1855.00 -1838.86
-1880.15 -1838.86
-1871.28 -1838.86
-1945.51 -1838.86
-1887.73 -1838.86
-1855.18 -1838.86
-1877.44 -1838.86
-1845.21 -1838.86
-1925.46 -1838.86
-1857.04 -1838.86
-1874.11 -1838.86
-1887.74 -1838.86
-1896.76 -1838.86
-1903.26 -1838.86
-1873.91 -1838.86
-1893.72 -1838.86
-1964.26 -1838.86
-1874.24 -1838.86
-1893.17 -1838.86
-1862.56 -1838.86
-1915.81 -1838.86
-1968.88 -1838.86
-1887.25 -1838.86
-1861.12 -1838.86
-1871.32 -1838.86
-1877.47 -1838.86
-1863.42 -1838.86
-1833.19 -1833.19
-1888.48 -1833.19
-1856.26 -1833.19
-1820.33 -1820.33
-1854.33 -1820.33
-1849.52 -1820.33
-1860.00 -1820.33
-1877.41 -1820.33
-1829.43 -1820.33
-1830.40 -1820.33
-1813.33 -1813.33
-1840.20 -1813.33
-1920.74 -1813.33
-1905.73 -1813.33
-1876.81 -1813.33
-1834.18 -1813.33
-1906.62 -1813.33
-1795.96 -1795.96
-1882.33 -1795.96
-1927.27 -1795.96
-1841.99 -1795.96
-1859.80 -1795.96
-1779.52 -1779.52
-1805.22 -1779.52
-1903.57 -1779.52
-1832.43 -1779.52
-1783.50 -1779.52
-1850.73 -1779.52
-1950.31 -1779.52
-1895.59 -1779.52
-1826.37 -1779.52
-1888.88 -1779.52
-1904.77 -1779.52
-1858.13 -1779.52
-1807.51 -1779.52
-1833.11 -1779.52
-1909.06 -1779.52
-1897.55 -1779.52
-1848.74 -1779.52
-1845.44 -1779.52
-1830.47 -1779.52
-1818.75 -1779.52
-1960.33 -1779.52
-1917.45 -1779.52
-1843.85 -1779.52
-1820.80 -1779.52
-1830.53 -1779.52
-1822.58 -1779.52
-1881.75 -1779.52
-1936.76 -1779.52
-1846.56 -1779.52
-1829.06 -1779.52
-1803.30 -1779.52
-1838.29 -1779.52
-1884.52 -1779.52
-1821.82 -1779.52
-1864.55 -1779.52
-1814.93 -1779.52
-1859.18 -1779.52
-1858.82 -1779.52
-1900.93 -1779.52
-1800.60 -1779.52
-1850.54 -1779.52
-1874.01 -1779.52
-1790.10 -1779.52
-1877.09 -1779.52
-1796.39 -1779.52
-1868.09 -1779.52
-1780.70 -1779.52
-1811.00 -1779.52
-1878.28 -1779.52
-1859.86 -1779.52
-1789.02 -1779.52
-1784.23 -1779.52
-1915.08 -1779.52
-1860.40 -1779.52
-1807.71 -1779.52
-1827.24 -1779.52
-1854.90 -1779.52
-1896.71 -1779.52
-1861.00 -1779.52
-1763.59 -1763.59
-1795.47 -1763.59
-1860.91 -1763.59
-1844.52 -1763.59
-1833.09 -1763.59
-1864.13 -1763.59
-1796.87 -1763.59
-1844.54 -1763.59
-1852.30 -1763.59
-1816.34 -1763.59
-1873.35 -1763.59
-1774.57 -1763.59
-1846.71 -1763.59
-1877.19 -1763.59
-1795.47 -1763.59
-1799.23 -1763.59
-1830.05 -1763.59
-1884.23 -1763.59
-1874.49 -1763.59
-1783.55 -1763.59
-1847.01 -1763.59
-1855.97 -1763.59
-1837.85 -1763.59
-1846.17 -1763.59
-1848.40 -1763.59
-1842.48 -1763.59
-1863.08 -1763.59
-1846.41 -1763.59
-1956.80 -1763.59
-1840.75 -1763.59
-1883.53 -1763.59
-1842.82 -1763.59
-1804.75 -1763.59
-1869.99 -1763.59
-1917.86 -1763.59
-1794.13 -1763.59
-1901.97 -1763.59
-1821.60 -1763.59
-1833.79 -1763.59
-1821.46 -1763.59
-1880.61 -1763.59
-1796.58 -1763.59
-1804.79 -1763.59
-1861.52 -1763.59
-1780.13 -1763.59
-1883.35 -1763.59
-1834.89 -1763.59
-1886.60 -1763.59
-1893.95 -1763.59
-1851.56 -1763.59
-1960.07 -1763.59
-1899.74 -1763.59
-1863.23 -1763.59
-1804.34 -1763.59
-1805.59 -1763.59
-1820.72 -1763.59
-1858.60 -1763.59
-1858.13 -1763.59
-1821.06 -1763.59
-1863.96 -1763.59
-1919.01 -1763.59
-1819.44 -1763.59
-1889.56 -1763.59
-1906.68 -1763.59
-1840.04 -1763.59
-1883.49 -1763.59
-1880.78 -1763.59
-1911.26 -1763.59
-1833.56 -1763.59
-1861.59 -1763.59
-1781.13 -1763.59
-1794.11 -1763.59
-1873.50 -1763.59
-1880.52 -1763.59
-1834.53 -1763.59
-1802.17 -1763.59
-1844.43 -1763.59
-1782.48 -1763.59
-1856.36 -1763.59
-1930.24 -1763.59
-1858.75 -1763.59
-1786.88 -1763.59
-1837.90 -1763.59
-1799.78 -1763.59
-1830.32 -1763.59
-1886.87 -1763.59
-1781.51 -1763.59
-1808.28 -1763.59
-1812.58 -1763.59
-1827.18 -1763.59
-1912.46 -1763.59
-1829.52 -1763.59
-1879.67 -1763.59
-1888.66 -1763.59
-1848.04 -1763.59
-1891.28 -1763.59
-1791.17 -1763.59
-1834.19 -1763.59
-1832.98 -1763.59
-1857.63 -1763.59
-1887.61 -1763.59
-1820.89 -1763.59
-1826.53 -1763.59
-1878.26 -1763.59
-1877.58 -1763.59
-1863.02 -1763.59
-1841.91 -1763.59
-1880.57 -1763.59
-1933.38 -1763.59
-1743.71 -1743.71
-1826.59 -1743.71
-1779.20 -1743.71
-1900.85 -1743.71
-1805.46 -1743.71
-1821.82 -1743.71
-1762.52 -1743.71
-1856.96 -1743.71
-1834.00 -1743.71
-1759.28 -1743.71
-1782.28 -1743.71
-1864.44 -1743.71
-1781.27 -1743.71
-1772.75 -1743.71
-1765.35 -1743.71
-1796.82 -1743.71
-1821.25 -1743.71
-1863.71 -1743.71
-1743.65 -1743.65
-1701.41 -1701.41
-1839.89 -1701.41
-1774.17 -1701.41
-1815.28 -1701.41
-1837.53 -1701.41
-1743.97 -1701.41
-1710.19 -1701.41
-1764.63 -1701.41
-1730.18 -1701.41
-1735.91 -1701.41
-1756.14 -1701.41
-1719.04 -1701.41
-1733.76 -1701.41
-1659.71 -1659.71
-1690.46 -1659.71
-1681.47 -1659.71
-1721.53 -1659.71
-1710.58 -1659.71
-1706.11 -1659.71
-1726.32 -1659.71
-1657.40 -1657.40
-1657.03 -1657.03
-1722.35 -1657.03
-1653.33 -1653.33
-1660.93 -1653.33
-1677.73 -1653.33
-1706.37 -1653.33
-1732.02 -1653.33
-1717.66 -1653.33
-1709.35 -1653.33
-1795.09 -1653.33
-1700.75 -1653.33
-1630.38 -1630.38
-1700.98 -1630.38
-1688.36 -1630.38
-1649.47 -1630.38
-1774.92 -1630.38
-1715.79 -1630.38
-1637.23 -1630.38
-1759.55 -1630.38
-1699.43 -1630.38
-1717.03 -1630.38
-1684.10 -1630.38
-1679.90 -1630.38
-1587.77 -1587.77
-1624.40 -1587.77
-1758.79 -1587.77
-1735.67 -1587.77
-1781.55 -1587.77
-1754.06 -1587.77
-1581.66 -1581.66
-1672.93 -1581.66
-1630.94 -1581.66
-1699.31 -1581.66
-1641.41 -1581.66
-1706.62 -1581.66
-1757.40 -1581.66
-1630.50 -1581.66
-1686.59 -1581.66
-1760.89 -1581.66
-1686.06 -1581.66
-1693.24 -1581.66
-1700.38 -1581.66
-1581.72 -1581.72
-1620.34 -1581.72
-1666.21 -1581.72
-1624.92 -1581.72
-1723.47 -1581.72
-1701.52 -1581.72
-1690.02 -1581.72
-1560.90 -1560.90
-1566.80 -1560.90
-1723.43 -1560.90
-1576.22 -1560.90
-1528.43 -1528.43
-1442.02 -1442.02
-1513.18 -1442.02
-1723.33 -1442.02
-1953.16 -1442.02
-1957.44 -1442.02
-1942.41 -1442.02
-1896.36 -1442.02
-1993.02 -1442.02
-1946.19 -1442.02
-1912.78 -1442.02
-1938.59 -1442.02
-1893.44 -1893.44
-1983.60 -1893.44
-1926.29 -1893.44
-1906.35 -1893.44
-1934.19 -1893.44
-1969.32 -1893.44
-1943.10 -1893.44
-1935.56 -1893.44
-1895.89 -1893.44
-1934.50 -1893.44
-1923.40 -1893.44
-1876.62 -1876.62
-1911.66 -1876.62
-1942.90 -1876.62
-1902.85 -1876.62
-1861.66 -1861.66
-1876.72 -1861.66
-1836.68 -1836.68
-1869.30 -1836.68
-1896.02 -1836.68
-1863.55 -1836.68
-1939.87 -1836.68
-1880.55 -1836.68
-1867.65 -1836.68
-1929.08 -1836.68
-1847.80 -1836.68
-1987.95 -1836.68
-1869.65 -1836.68
-1889.90 -1836.68
-1913.67 -1836.68
-1903.70 -1836.68
-1852.29 -1836.68
-1905.43 -1836.68
-1922.79 -1836.68
-1889.72 -1836.68
-1984.38 -1836.68
-1882.07 -1836.68
-1998.47 -1836.68
-2001.12 -1836.68
-1874.72 -1836.68
-1969.11 -1836.68
-1914.82 -1836.68
-1927.07 -1836.68
-1949.45 -1836.68
-1921.92 -1836.68
-1879.63 -1836.68
-1856.52 -1836.68
-1871.18 -1836.68
-1848.76 -1836.68
-1895.65 -1836.68
-1852.93 -1836.68
-1894.49 -1836.68
-1952.14 -1836.68
-1846.99 -1836.68
-1866.42 -1836.68
-1930.30 -1836.68
-1954.88 -1836.68
-1912.25 -1836.68
-1894.75 -1836.68
-1888.29 -1836.68
-1893.00 -1836.68
-1907.52 -1836.68
-1887.23 -1836.68
-1899.37 -1836.68
-1851.86 -1836.68
-1860.70 -1836.68
-1908.09 -1836.68
-1884.87 -1836.68
-1865.44 -1836.68
-1919.11 -1836.68
-1898.20 -1836.68
-1883.31 -1836.68
-1861.99 -1836.68
-1904.17 -1836.68
-1854.36 -1836.68
-1873.68 -1836.68
-1933.95 -1836.68
-1895.04 -1836.68
-1985.36 -1836.68
-1866.68 -1836.68
-1895.32 -1836.68
-1887.86 -1836.68
-1895.23 -1836.68
-1932.55 -1836.68
-1926.62 -1836.68
-1861.66 -1836.68
-1972.40 -1836.68
-1906.50 -1836.68
-1936.12 -1836.68
-1967.25 -1836.68
-1919.25 -1836.68
-1872.22 -1836.68
-1890.47 -1836.68
-1894.73 -1836.68
-1865.36 -1836.68
-1913.27 -1836.68
-1889.81 -1836.68
-1838.43 -1838.43
-1864.38 -1838.43
-1832.28 -1832.28
-1867.12 -1832.28
-1812.41 -1812.41
-1930.93 -1812.41
-1859.22 -1812.41
-1867.23 -1812.41
-1890.67 -1812.41
-1933.72 -1812.41
-1831.37 -1812.41
-1844.40 -1812.41
-1894.70 -1812.41
-1917.28 -1812.41
-1835.35 -1812.41
-1859.84 -1812.41
-1908.96 -1812.41
-1845.41 -1812.41
-1929.27 -1812.41
-1849.08 -1812.41
-1844.59 -1812.41
-1855.00 -1812.41
-1973.85 -1812.41
-1892.08 -1812.41
-1897.11 -1812.41
-1875.08 -1812.41
-1912.26 -1812.41
-1938.49 -1812.41
-1904.80 -1812.41
-1926.09 -1812.41
-1871.80 -1812.41
-1889.76 -1812.41
-1866.95 -1812.41
-1798.53 -1798.53
-1910.59 -1798.53
-1791.93 -1791.93
-1849.96 -1791.93
-1843.30 -1791.93
-1798.84 -1791.93
-1831.46 -1791.93
-1912.72 -1791.93
-1858.82 -1791.93
-1869.11 -1791.93
-1855.29 -1791.93
-1825.30 -1791.93
-1863.25 -1791.93
-1794.97 -1791.93
-1896.82 -1791.93
-1894.79 -1791.93
-1796.98 -1791.93
-1812.97 -1791.93
-1789.27 -1789.27
-1858.49 -1789.27
-1975.97 -1789.27
-1756.04 -1756.04
-1821.33 -1756.04
-1798.60 -1756.04
-1729.74 -1729.74
-1898.90 -1729.74
-1850.87 -1729.74
-1831.50 -1729.74
-1739.20 -1729.74
-1802.33 -1729.74
-1815.71 -1729.74
-1842.39 -1729.74
-1806.71 -1729.74
-1859.45 -1729.74
-1908.57 -1729.74
-1715.81 -1715.81
-1792.90 -1715.81
-1808.71 -1715.81
-1798.19 -1715.81
-1766.33 -1715.81
-1779.66 -1715.81
-1867.02 -1715.81
-1764.73 -1715.81
-1827.99 -1715.81
-1816.92 -1715.81
-1781.27 -1715.81
-1767.25 -1715.81
-1707.98 -1707.98
-1917.05 -1707.98
-1744.48 -1707.98
-1810.97 -1707.98
-1838.86 -1707.98
-1842.57 -1707.98
-1814.26 -1707.98
-1772.62 -1707.98
-1785.47 -1707.98
-1758.30 -1707.98
-1810.86 -1707.98
-1847.27 -1707.98
-1795.28 -1707.98
-1784.35 -1707.98
-1778.37 -1707.98
-1864.74 -1707.98
-1806.96 -1707.98
-1756.44 -1707.98
-1939.51 -1707.98
-1792.34 -1707.98
-1849.09 -1707.98
-1887.04 -1707.98
-1867.48 -1707.98
-1865.77 -1707.98
-1843.31 -1707.98
-1841.97 -1707.98
-1806.02 -1707.98
-1799.05 -1707.98
-1749.30 -1707.98
-1762.91 -1707.98
-1815.52 -1707.98
-1785.01 -1707.98
-1905.01 -1707.98
-1895.70 -1707.98
-1781.42 -1707.98
-1918.61 -1707.98
-1879.47 -1707.98
-1880.23 -1707.98
-1853.30 -1707.98
-1814.03 -1707.98
-1806.33 -1707.98
-1822.45 -1707.98
-1764.12 -1707.98
-1827.93 -1707.98
-1785.53 -1707.98
-1769.63 -1707.98
-1767.49 -1707.98
-1876.47 -1707.98
-1797.47 -1707.98
-1824.12 -1707.98
-1815.42 -1707.98
-1788.99 -1707.98
-1799.20 -1707.98
-1836.67 -1707.98
-1824.87 -1707.98
-1802.61 -1707.98
-1792.56 -1707.98
-1820.58 -1707.98
-1753.93 -1707.98
-1779.13 -1707.98
-1853.80 -1707.98
-1827.09 -1707.98
-1791.06 -1707.98
-1775.04 -1707.98
-1702.20 -1702.20
-1768.73 -1702.20
-1780.21 -1702.20
-1818.10 -1702.20
-1867.98 -1702.20
-1762.75 -1702.20
-1760.85 -1702.20
-1748.88 -1702.20
-1695.77 -1695.77
-1770.09 -1695.77
-1749.14 -1695.77
-1719.96 -1695.77
-1669.57 -1669.57
-1677.27 -1669.57
-1708.90 -1669.57
-1679.00 -1669.57
-1772.55 -1669.57
-1766.18 -1669.57
-1704.79 -1669.57
-1732.58 -1669.57
-1711.78 -1669.57
-1693.65 -1669.57
-1810.06 -1669.57
-1773.60 -1669.57
-1758.58 -1669.57
-1768.56 -1669.57
-1700.28 -1669.57
-1661.52 -1661.52
-1559.07 -1559.07
-1570.98 -1559.07
-1661.01 -1559.07
-1712.45 -1559.07
-1632.62 -1559.07
-1656.91 -1559.07
-1639.51 -1559.07
-1711.73 -1559.07
-1684.71 -1559.07
-1606.45 -1559.07
-1525.84 -1525.84
-1645.29 -1525.84
-1571.14 -1525.84
-1579.07 -1525.84
-1504.36 -1504.36
-1611.25 -1504.36
-1647.88 -1504.36
-1537.12 -1504.36
-1587.56 -1504.36
-1613.24 -1504.36
-1616.52 -1504.36
-1608.59 -1504.36
-1532.29 -1504.36
-1609.06 -1504.36
-1550.28 -1504.36
-1694.38 -1504.36
-1666.42 -1504.36
-1543.49 -1504.36
-1597.72 -1504.36
-1617.88 -1504.36
-1574.83 -1504.36
-1548.61 -1504.36
-1624.18 -1504.36
-1642.10 -1504.36
-1526.84 -1504.36
-1650.99 -1504.36
-1558.65 -1504.36
-1571.68 -1504.36
-1730.54 -1504.36
-1601.84 -1504.36
-1569.13 -1504.36
-1796.40 -1504.36
-1627.96 -1504.36
-1513.17 -1504.36
-1501.95 -1501.95
-1704.47 -1501.95
-1670.84 -1501.95
-1725.71 -1501.95
-1690.59 -1501.95
-1564.09 -1501.95
-1535.19 -1501.95
-1693.95 -1501.95
-1686.82 -1501.95
-1706.57 -1501.95
-1818.13 -1501.95
-1645.53 -1501.95
-1577.28 -1501.95
-1658.45 -1501.95
-1570.42 -1501.95
-1538.66 -1501.95
-1554.49 -1501.95
-1616.55 -1501.95
-1551.48 -1501.95
-1543.28 -1501.95
-1765.46 -1501.95
-1543.48 -1501.95
-1641.47 -1501.95
-1555.25 -1501.95
-1549.30 -1501.95
-1557.22 -1501.95
-1597.78 -1501.95
-1507.68 -1501.95
-1643.93 -1501.95
-1497.75 -1497.75
-1611.72 -1497.75
-1449.90 -1449.90
-1435.84 -1435.84
-1635.98 -1435.84
-1629.28 -1435.84
-1585.35 -1435.84
-1556.88 -1435.84
-1538.92 -1435.84
-1739.33 -1435.84
-1613.63 -1435.84
-1606.42 -1435.84
-1640.58 -1435.84
-1619.02 -1435.84
-1551.65 -1435.84
-1569.49 -1435.84
-1765.24 -1435.84
-1578.28 -1435.84
-1663.78 -1435.84
-1624.34 -1435.84
-1619.70 -1435.84
-1629.51 -1435.84
-1448.96 -1435.84
-1853.03 -1435.84
-1549.77 -1435.84
-1586.49 -1435.84
-1643.40 -1435.84
-1595.20 -1435.84
-1585.62 -1435.84
-1567.91 -1435.84
-1536.97 -1435.84
-1575.14 -1435.84
-1682.74 -1435.84
-1684.33 -1435.84
-1649.99 -1435.84
-1605.39 -1435.84
-1592.62 -1435.84
-1488.23 -1435.84
-1698.28 -1435.84
-1671.58 -1435.84
-1521.13 -1435.84
-1554.96 -1435.84
-1546.79 -1435.84
-1721.44 -1435.84
-1616.16 -1435.84
-1497.21 -1435.84
-1510.00 -1435.84
-1542.27 -1435.84
-1614.15 -1435.84
-1662.51 -1435.84
-1569.44 -1435.84
-1546.42 -1435.84
-1630.52 -1435.84
-1567.91 -1435.84
-1760.78 -1435.84
-1594.66 -1435.84
-1497.22 -1435.84
-1630.29 -1435.84
-1581.85 -1435.84
-1602.33 -1435.84
-1682.83 -1435.84
-1604.49 -1435.84
-1617.07 -1435.84
-1686.38 -1435.84
-1615.80 -1435.84
-1670.87 -1435.84
-1937.93 -1435.84
-1916.30 -1435.84
-1951.18 -1435.84
-1965.06 -1435.84
-1921.59 -1435.84
-1899.83 -1435.84
-1907.20 -1435.84
-1923.06 -1435.84
-1920.86 -1435.84
-1963.47 -1435.84
-1977.31 -1435.84
-1996.12 -1435.84
-1914.45 -1435.84
-1948.21 -1435.84
-1941.69 -1435.84
-1924.10 -1435.84
-1919.95 -1435.84
-1958.89 -1435.84
-1977.33 -1435.84
-1934.33 -1435.84
-2013.46 -1435.84
-1986.44 -1435.84
-1945.40 -1435.84
-1936.06 -1435.84
-1964.02 -1435.84
-1957.69 -1435.84
-1915.51 -1435.84
-1983.95 -1435.84
-1979.14 -1435.84
-1881.14 -1881.14
-1888.81 -1881.14
-1949.59 -1881.14
-1975.17 -1881.14
-1876.82 -1876.82
-1983.93 -1876.82
-1927.84 -1876.82
-1923.92 -1876.82
-1950.82 -1876.82
-1987.67 -1876.82
-1999.83 -1876.82
-1900.17 -1876.82
-1951.74 -1876.82
-1877.58 -1876.82
-1917.90 -1876.82
-1954.66 -1876.82
-1890.01 -1876.82
-1921.96 -1876.82
-1990.30 -1876.82
-1968.65 -1876.82
-1972.87 -1876.82
-1973.88 -1876.82
-1986.87 -1876.82
-1973.76 -1876.82
-1992.15 -1876.82
-1912.98 -1876.82
-1905.65 -1876.82
-1916.93 -1876.82
-1958.42 -1876.82
-1904.80 -1876.82
-1904.13 -1876.82
-1932.36 -1876.82
-2002.06 -1876.82
-1978.50 -1876.82
-1959.13 -1876.82
-1943.09 -1876.82
-1907.61 -1876.82
-1900.76 -1876.82
-1953.76 -1876.82
-1969.18 -1876.82
-1950.31 -1876.82
-1976.53 -1876.82
-1985.89 -1876.82
-1916.93 -1876.82
-1921.60 -1876.82
-1915.80 -1876.82
-1916.98 -1876.82
-1933.28 -1876.82
-1949.14 -1876.82
-1954.45 -1876.82
-1922.22 -1876.82
-1910.93 -1876.82
-1917.65 -1876.82
-1930.43 -1876.82
-1897.94 -1876.82
-1966.34 -1876.82
-1917.01 -1876.82
-1956.84 -1876.82
-1904.33 -1876.82
-1928.98 -1876.82
-1958.72 -1876.82
-1923.30 -1876.82
-1977.22 -1876.82
-1932.26 -1876.82
-1908.42 -1876.82
-1962.15 -1876.82
-1947.59 -1876.82
-1970.31 -1876.82
-1878.35 -1876.82
-1932.83 -1876.82
-1892.37 -1876.82
-1974.46 -1876.82
-1946.47 -1876.82
-1926.70 -1876.82
-1902.37 -1876.82
-1901.02 -1876.82
-1953.21 -1876.82
-1894.71 -1876.82
-1938.94 -1876.82
-1974.76 -1876.82
-1958.59 -1876.82
-1964.14 -1876.82
-1914.41 -1876.82
-1920.84 -1876.82
-1971.98 -1876.82
-1931.14 -1876.82
-1911.92 -1876.82
-1995.18 -1876.82
-1898.01 -1876.82
-1922.00 -1876.82
-1980.26 -1876.82
-1966.74 -1876.82
-1909.25 -1876.82
-1939.82 -1876.82
-1905.34 -1876.82
-1908.22 -1876.82
-1911.18 -1876.82
-1913.06 -1876.82
-1923.68 -1876.82
-1926.25 -1876.82
-1894.87 -1876.82
-1910.85 -1876.82
-1952.03 -1876.82
-1912.97 -1876.82
-1944.16 -1876.82
-1945.66 -1876.82
-1960.73 -1876.82
-1972.26 -1876.82
-1936.75 -1876.82
-1950.41 -1876.82
-1955.23 -1876.82
-1950.82 -1876.82
-1935.78 -1876.82
-1942.48 -1876.82
-1916.43 -1876.82
-1949.95 -1876.82
-1917.98 -1876.82
-1963.50 -1876.82
-1897.24 -1876.82
-1994.40 -1876.82
-1954.02 -1876.82
-1924.20 -1876.82
-1919.58 -1876.82
-1958.21 -1876.82
-1971.76 -1876.82
-1947.73 -1876.82
-1919.85 -1876.82
-1991.62 -1876.82
-1975.21 -1876.82
-1932.71 -1876.82
-1903.34 -1876.82
-1911.24 -1876.82
-1911.89 -1876.82
-1925.55 -1876.82
-2005.83 -1876.82
-1994.51 -1876.82
-1910.87 -1876.82
-1973.74 -1876.82
-1975.22 -1876.82
-1980.69 -1876.82
-1957.74 -1876.82
-1922.34 -1876.82
-1949.17 -1876.82
-1913.06 -1876.82
-1914.40 -1876.82
-1930.19 -1876.82
-1932.72 -1876.82
-1933.07 -1876.82
-1938.15 -1876.82
-1902.84 -1876.82
-1896.30 -1876.82
-1899.35 -1876.82
-1969.65 -1876.82
-1912.43 -1876.82
-1921.22 -1876.82
-1930.08 -1876.82
-1886.85 -1876.82
-1888.66 -1876.82
-1995.49 -1876.82
-2031.71 -1876.82
-1898.45 -1876.82
-1953.31 -1876.82
-1970.91 -1876.82
-1931.98 -1876.82
-2011.20 -1876.82
-1919.71 -1876.82
-1914.47 -1876.82
-1940.33 -1876.82
-1902.25 -1876.82
-1954.25 -1876.82
-1914.98 -1876.82
-1961.34 -1876.82
-1997.02 -1876.82
-1926.87 -1876.82
-1905.67 -1876.82
-1972.94 -1876.82
-1999.38 -1876.82
-1927.55 -1876.82
-1955.08 -1876.82
-1902.24 -1876.82
-1940.84 -1876.82
-1931.65 -1876.82
-1981.30 -1876.82
-1950.83 -1876.82
-1911.38 -1876.82
-1899.89 -1876.82
-1944.94 -1876.82
-1886.06 -1876.82
-1925.29 -1876.82
-1879.62 -1876.82
-1905.97 -1876.82
-1957.88 -1876.82
-1916.72 -1876.82
-1997.24 -1876.82
-1885.77 -1876.82
-1909.50 -1876.82
-1948.78 -1876.82
-1934.59 -1876.82
-1974.53 -1876.82
-1965.33 -1876.82
-1941.54 -1876.82
-1895.99 -1876.82
-1943.56 -1876.82
-1905.60 -1876.82
-1978.70 -1876.82
-1981.58 -1876.82
-1923.51 -1876.82
-1908.22 -1876.82
-1886.89 -1876.82
-1879.23 -1876.82
-1931.70 -1876.82
-1917.69 -1876.82
-1897.87 -1876.82
-1873.39 -1873.39
-1932.61 -1873.39
-1953.41 -1873.39
-1889.56 -1873.39
-1901.02 -1873.39
-1936.46 -1873.39
-1888.77 -1873.39
-1990.59 -1873.39
-1939.74 -1873.39
-2017.58 -1873.39
-1934.48 -1873.39
-1917.05 -1873.39
-2001.50 -1873.39
-1890.99 -1873.39
-1962.65 -1873.39
-1936.33 -1873.39
-1954.06 -1873.39
-1931.47 -1873.39
-1929.66 -1873.39
-1892.29 -1873.39
-1954.01 -1873.39
-1909.71 -1873.39
-1951.91 -1873.39
-1935.50 -1873.39
-1921.11 -1873.39
-1941.82 -1873.39
-1965.11 -1873.39
-1916.38 -1873.39
-1903.50 -1873.39
-1923.36 -1873.39
-2014.12 -1873.39
-1918.89 -1873.39
-1887.75 -1873.39
-1918.54 -1873.39
-1932.78 -1873.39
-1962.98 -1873.39
-1894.73 -1873.39
-1930.98 -1873.39
-1953.46 -1873.39
-1906.54 -1873.39
-1987.69 -1873.39
-1886.48 -1873.39
-1894.01 -1873.39
-1920.28 -1873.39
-1878.61 -1873.39
-1944.04 -1873.39
-1974.09 -1873.39
-1921.90 -1873.39
-1967.32 -1873.39
-1912.60 -1873.39
-1931.67 -1873.39
-1961.31 -1873.39
-1971.68 -1873.39
-1916.97 -1873.39
-1901.20 -1873.39
-1944.09 -1873.39
-1921.96 -1873.39
-1904.21 -1873.39
-1921.92 -1873.39
-1941.91 -1873.39
-1975.31 -1873.39
-1922.17 -1873.39
-1930.22 -1873.39
-1885.14 -1873.39
-1895.73 -1873.39
-1906.21 -1873.39
-1898.29 -1873.39
-1918.20 -1873.39
-1900.91 -1873.39
-1899.07 -1873.39
-1937.88 -1873.39
-1987.07 -1873.39
-1922.94 -1873.39
-1955.28 -1873.39
-2013.65 -1873.39
-1973.73 -1873.39
-1934.47 -1873.39
-1874.52 -1873.39
-1908.96 -1873.39
-1945.61 -1873.39
-1907.51 -1873.39
-1923.70 -1873.39
-1948.08 -1873.39
-1948.59 -1873.39
-1932.05 -1873.39
-1921.83 -1873.39
-1943.65 -1873.39
-1901.30 -1873.39
-1939.28 -1873.39
-1918.68 -1873.39
-1968.96 -1873.39
-1920.81 -1873.39
-1885.63 -1873.39
-1979.41 -1873.39
-1893.74 -1873.39
-1945.63 -1873.39
-1915.39 -1873.39
-1948.78 -1873.39
-1885.10 -1873.39
-1943.73 -1873.39
-1964.95 -1873.39
-1921.79 -1873.39
-1876.95 -1873.39
-1923.76 -1873.39
-1914.16 -1873.39
-1928.99 -1873.39
-1901.23 -1873.39
-1941.85 -1873.39
-1907.00 -1873.39
-1904.37 -1873.39
-1993.60 -1873.39
-1918.32 -1873.39
-1939.50 -1873.39
-1964.83 -1873.39
-1855.08 -1855.08
-1929.99 -1855.08
-1935.27 -1855.08
-1918.87 -1855.08
-1876.77 -1855.08
-1952.34 -1855.08
-1958.19 -1855.08
-1901.54 -1855.08
-1918.53 -1855.08
-1883.81 -1855.08
-1908.36 -1855.08
-1918.85 -1855.08
-1971.75 -1855.08
-1939.94 -1855.08
-1972.68 -1855.08
-1892.91 -1855.08
-1927.48 -1855.08
-1914.85 -1855.08
-1939.06 -1855.08
-1985.79 -1855.08
-1914.36 -1855.08
-1898.40 -1855.08
-1938.05 -1855.08
-1973.80 -1855.08
-1879.89 -1855.08
-1913.98 -1855.08
-1952.63 -1855.08
-1918.47 -1855.08
-1875.12 -1855.08
-1902.99 -1855.08
-1947.40 -1855.08
-1880.95 -1855.08
-1944.24 -1855.08
-1920.24 -1855.08
-1925.49 -1855.08
-1933.24 -1855.08
-1937.14 -1855.08
-1924.19 -1855.08
-1935.45 -1855.08
-1905.09 -1855.08
-1910.48 -1855.08
-1910.59 -1855.08
-1948.12 -1855.08
-1928.64 -1855.08
-1980.65 -1855.08
-1911.09 -1855.08
-1924.65 -1855.08
-1918.44 -1855.08
-1995.77 -1855.08
-1894.90 -1855.08
-1927.75 -1855.08
-1898.99 -1855.08
-1907.44 -1855.08
-1982.47 -1855.08
-1917.58 -1855.08
-1904.32 -1855.08
-1940.36 -1855.08
-1889.14 -1855.08
-1970.16 -1855.08
-1887.23 -1855.08
-1995.65 -1855.08
-1911.01 -1855.08
-1946.13 -1855.08
-1900.86 -1855.08
-1998.45 -1855.08
-1953.52 -1855.08
-1999.02 -1855.08
-1899.85 -1855.08
-1962.38 -1855.08
-1914.36 -1855.08
-1922.58 -1855.08
-1967.11 -1855.08
-1886.36 -1886.36
-1919.86 -1886.36
-1997.86 -1886.36
-1859.88 -1859.88
-1907.22 -1859.88
-1887.74 -1859.88
-1930.71 -1859.88
-1917.33 -1859.88
-1902.57 -1859.88
-1873.41 -1859.88
-1908.97 -1859.88
-1897.26 -1859.88
-1901.50 -1859.88
-1941.42 -1859.88
-1885.23 -1859.88
-1879.11 -1859.88
-1889.56 -1859.88
-1923.12 -1859.88
-1892.59 -1859.88
-1915.83 -1859.88
-1864.67 -1859.88
-1911.38 -1859.88
-1932.46 -1859.88
-1937.23 -1859.88
-1889.57 -1859.88
-1903.19 -1859.88
-1892.71 -1859.88
-1943.26 -1859.88
-1919.52 -1859.88
-1908.75 -1859.88
-1952.09 -1859.88
-1904.54 -1859.88
-1990.66 -1859.88
-1912.37 -1859.88
-1893.09 -1859.88
-1935.64 -1859.88
-1920.04 -1859.88
-1955.86 -1859.88
-1890.16 -1859.88
-1929.38 -1859.88
-1905.16 -1859.88
-1909.91 -1859.88
-1916.64 -1859.88
-1919.47 -1859.88
-1910.31 -1859.88
-1973.85 -1859.88
-1883.44 -1859.88
-1969.39 -1859.88
-1932.71 -1859.88
-1950.24 -1859.88
-1930.85 -1859.88
-2006.01 -1859.88
-1917.28 -1859.88
-1923.09 -1859.88
-1934.70 -1859.88
-2017.91 -1859.88
-1899.74 -1859.88
-1947.52 -1859.88
-1907.64 -1859.88
-1933.06 -1859.88
-1861.38 -1859.88
-1929.87 -1859.88
-1918.47 -1859.88
-1891.08 -1859.88
-1882.54 -1859.88
-1917.74 -1859.88
-1885.15 -1859.88
-1900.56 -1859.88
-1892.53 -1859.88
-1887.46 -1859.88
-1900.14 -1859.88
-1889.73 -1859.88
-1925.36 -1859.88
-1869.89 -1859.88
-1889.31 -1859.88
-1912.84 -1859.88
-1934.52 -1859.88
-1923.08 -1859.88
-1895.26 -1859.88
-1925.91 -1859.88
-1884.21 -1859.88
-1905.98 -1859.88
-1941.09 -1859.88
-1922.92 -1859.88
-1952.00 -1859.88
-1838.38 -1838.38
-1906.48 -1838.38
-1907.37 -1838.38
-1864.13 -1838.38
-1879.28 -1838.38
-1830.00 -1830.00
-1837.91 -1830.00
-1917.01 -1830.00
-1920.12 -1830.00
-1889.09 -1830.00
-1925.54 -1830.00
-1854.19 -1830.00
-1810.21 -1810.21
-1901.39 -1810.21
-1830.61 -1810.21
-1888.25 -1810.21
-1785.40 -1785.40
-1793.95 -1785.40
-1852.94 -1785.40
-1817.95 -1785.40
-1856.07 -1785.40
-1801.85 -1785.40
-1793.15 -1785.40
-1837.53 -1785.40
-1795.89 -1785.40
-1801.65 -1785.40
-1787.29 -1785.40
-1889.49 -1785.40
-1754.19 -1754.19
-1744.26 -1744.26
-1811.16 -1744.26
-1913.17 -1744.26
-1784.11 -1744.26
-1723.08 -1723.08
-1785.16 -1723.08
-1769.86 -1723.08
-1824.41 -1723.08
-1760.45 -1723.08
-1754.35 -1723.08
-1701.30 -1701.30
-1840.34 -1701.30
-1749.71 -1701.30
-1733.04 -1701.30
-1745.91 -1701.30
-1726.42 -1701.30
-1801.08 -1701.30
-1719.19 -1701.30
-1723.10 -1701.30
-1719.99 -1701.30
-1705.61 -1701.30
-1828.83 -1701.30
-1692.77 -1692.77
-1700.94 -1692.77
-1687.31 -1687.31
-1736.17 -1687.31
-1730.66 -1687.31
-1720.74 -1687.31
-1712.50 -1687.31
-1847.40 -1687.31
-1658.33 -1658.33
-1706.95 -1658.33
-1677.44 -1658.33
-1650.99 -1650.99
-1622.89 -1622.89
-1656.71 -1622.89
-1609.88 -1609.88
-1652.36 -1609.88
-1768.54 -1609.88
-1507.72 -1507.72
-1593.87 -1507.72
-1716.31 -1507.72
-1706.19 -1507.72
-1730.44 -1507.72
-1487.24 -1487.24
-1821.65 -1487.24
-1637.14 -1487.24
-1663.67 -1487.24
-1608.73 -1487.24
-1633.29 -1487.24
-1380.98 -1380.98
-1748.24 -1380.98
-1573.01 -1380.98
-1510.30 -1380.98
-1697.91 -1380.98
-1726.63 -1380.98
-1521.12 -1380.98
-1640.83 -1380.98
-1567.09 -1380.98
-1580.21 -1380.98
-1558.45 -1380.98
-1570.38 -1380.98
-1735.71 -1380.98
-1545.19 -1380.98
-1636.56 -1380.98
-1694.83 -1380.98
-1665.95 -1380.98
-1607.36 -1380.98
-1710.02 -1380.98
-1547.16 -1380.98
-1635.76 -1380.98
-1635.70 -1380.98
-1474.45 -1380.98
-1624.19 -1380.98
-1587.23 -1380.98
-1447.04 -1380.98
-1552.26 -1380.98
-1567.92 -1380.98
-1550.85 -1380.98
-1558.43 -1380.98
-1647.74 -1380.98
-1561.69 -1380.98
-1685.27 -1380.98
-1718.22 -1380.98
-1652.90 -1380.98
-1624.37 -1380.98
-1774.14 -1380.98
-1557.24 -1380.98
-1585.00 -1380.98
-1483.20 -1380.98
-1665.68 -1380.98
-1535.17 -1380.98
-1598.45 -1380.98
-1514.28 -1380.98
-1710.57 -1380.98
-1521.80 -1380.98
-1614.76 -1380.98
-1677.84 -1380.98
-1685.17 -1380.98
-1584.84 -1380.98
-1577.29 -1380.98
-1517.07 -1380.98
-1574.90 -1380.98
-1637.26 -1380.98
-1553.99 -1380.98
-1654.58 -1380.98
-1706.34 -1380.98
-1358.74 -1358.74
-1759.56 -1358.74
-1578.28 -1358.74
-1513.58 -1358.74
-1675.15 -1358.74
-1653.68 -1358.74
-1570.11 -1358.74
-1490.91 -1358.74
-1498.53 -1358.74
-1560.37 -1358.74
-1577.02 -1358.74
-1524.16 -1358.74
-1585.48 -1358.74
-1712.67 -1358.74
-1634.61 -1358.74
-1651.11 -1358.74
-1508.60 -1358.74
-1569.67 -1358.74
-1633.03 -1358.74
-1582.62 -1358.74
-1611.99 -1358.74
-1473.83 -1358.74
-1471.21 -1358.74
-1588.72 -1358.74
-1472.58 -1358.74
-1656.39 -1358.74
-1582.29 -1358.74
-1510.14 -1358.74
-1597.30 -1358.74
-1781.24 -1358.74
-1619.81 -1358.74
-1561.50 -1358.74
-1594.86 -1358.74
-1654.22 -1358.74
-1524.98 -1358.74
-1533.30 -1358.74
-1574.70 -1358.74
-1488.08 -1358.74
-1623.80 -1358.74
-1590.94 -1358.74
-1556.54 -1358.74
-1533.42 -1358.74
-1587.32 -1358.74
-1548.28 -1358.74
-1622.42 -1358.74
-1536.14 -1358.74
-1636.01 -1358.74
-1718.97 -1358.74
-1587.51 -1358.74
-1648.95 -1358.74
-1543.64 -1358.74
-1597.82 -1358.74
-1516.31 -1358.74
-1566.75 -1358.74
-1788.51 -1358.74
-1799.80 -1358.74
-1463.27 -1358.74
-1590.06 -1358.74
-1527.24 -1358.74
-1566.73 -1358.74
-1609.63 -1358.74
-1576.70 -1358.74
-1605.07 -1358.74
-1576.51 -1358.74
-1725.62 -1358.74
-1829.82 -1358.74
-1600.86 -1358.74
-1838.22 -1358.74
-1621.45 -1358.74
-1577.54 -1358.74
-1561.97 -1358.74
-1551.02 -1358.74
-1624.67 -1358.74
-1654.03 -1358.74
-1524.90 -1358.74
-1563.56 -1358.74
-1622.58 -1358.74
-1612.28 -1358.74
-1683.08 -1358.74
-1657.11 -1358.74
-1578.54 -1358.74
-1569.80 -1358.74
-1609.60 -1358.74
-1635.36 -1358.74
-1615.29 -1358.74
-1606.09 -1358.74
-1789.49 -1358.74
-1674.11 -1358.74
-1585.57 -1358.74
-1607.66 -1358.74
-1599.61 -1358.74
-1605.41 -1358.74
-1482.18 -1358.74
-1655.59 -1358.74
-1562.32 -1358.74
-1635.28 -1358.74
-1590.23 -1358.74
-1580.47 -1358.74
-1588.37 -1358.74
-1567.85 -1358.74
-1690.22 -1358.74
-1513.77 -1358.74
-1561.58 -1358.74
-1529.87 -1358.74
-1751.17 -1358.74
-1576.00 -1358.74
-1610.96 -1358.74
-1845.40 -1358.74
-1486.80 -1358.74
-1612.03 -1358.74
-1535.51 -1358.74
-1664.58 -1358.74
-1516.03 -1358.74
-1463.09 -1358.74
-1565.18 -1358.74
-1570.93 -1358.74
-1547.03 -1358.74
-1583.53 -1358.74
-1606.48 -1358.74
-1623.26 -1358.74
-1630.98 -1358.74
-1798.94 -1358.74
-1581.06 -1358.74
-1718.25 -1358.74
-1710.12 -1358.74
-1654.16 -1358.74
-1634.52 -1358.74
-1754.16 -1358.74
-1717.36 -1358.74
-1491.93 -1358.74
-1624.06 -1358.74
-1703.63 -1358.74
-1465.21 -1358.74
-1606.24 -1358.74
-1762.24 -1358.74
-1607.82 -1358.74
-1628.95 -1358.74
-1466.84 -1358.74
-1830.35 -1358.74
-1578.50 -1358.74
-1610.66 -1358.74
-1770.88 -1358.74
-1566.42 -1358.74
-1513.55 -1358.74
-1674.30 -1358.74
-1524.00 -1358.74
-1637.53 -1358.74
-1503.12 -1358.74
-1624.18 -1358.74
-1599.30 -1358.74
-1619.94 -1358.74
-1507.07 -1358.74
-1564.90 -1358.74
-1698.36 -1358.74
-1563.72 -1358.74
-1591.91 -1358.74
-1633.48 -1358.74
-1618.24 -1358.74
-1492.38 -1358.74
-1597.47 -1358.74
-1662.98 -1358.74
-1650.48 -1358.74
-1526.24 -1358.74
-1572.78 -1358.74
-1551.37 -1358.74
-1555.65 -1358.74
-1627.71 -1358.74
-1545.76 -1358.74
-1525.02 -1358.74
-1680.45 -1358.74
-1632.05 -1358.74
-1612.66 -1358.74
-1544.14 -1358.74
-1694.14 -1358.74
-1597.48 -1358.74
-1530.52 -1358.74
-1712.48 -1358.74
-1639.51 -1358.74
-1588.91 -1358.74
-1538.07 -1358.74
-1723.92 -1358.74
-1734.13 -1358.74
-1642.74 -1358.74
-1990.67 -1358.74
-1928.73 -1358.74
-1891.07 -1891.07
-1895.79 -1891.07
-1854.90 -1854.90
-1893.28 -1854.90
-1924.38 -1854.90
-1898.33 -1854.90
-1893.87 -1854.90
-1896.44 -1854.90
-1949.25 -1854.90
-1933.76 -1854.90
-1891.30 -1854.90
-1909.89 -1854.90
-1851.89 -1851.89
-1908.26 -1851.89
-1882.81 -1851.89
-1884.18 -1851.89
-1839.15 -1839.15
-1907.04 -1839.15
-1867.42 -1839.15
-1888.01 -1839.15
-1872.69 -1839.15
-1871.95 -1839.15
-1987.11 -1839.15
-1951.33 -1839.15
-1889.46 -1839.15
-1872.66 -1839.15
-1909.24 -1839.15
-1906.29 -1839.15
-1881.10 -1839.15
-1962.90 -1839.15
-1887.91 -1839.15
-1834.22 -1834.22
-1849.68 -1834.22
-1870.58 -1834.22
-1900.18 -1834.22
-1862.06 -1834.22
-1848.57 -1834.22
-1907.82 -1834.22
-1874.70 -1834.22
-1873.88 -1834.22
-1861.84 -1834.22
-1917.13 -1834.22
-1893.42 -1834.22
-1981.14 -1834.22
-1875.10 -1834.22
-1876.00 -1834.22
-1887.41 -1834.22
-1917.79 -1834.22
-1890.16 -1834.22
-1881.98 -1834.22
-1934.48 -1834.22
-1906.95 -1834.22
-1861.96 -1834.22
-1875.42 -1834.22
-1889.56 -1834.22
-1911.17 -1834.22
-1907.05 -1834.22
-1896.82 -1834.22
-1989.03 -1834.22
-1865.83 -1834.22
-1908.88 -1834.22
-1855.04 -1834.22
-1925.31 -1834.22
-1884.01 -1834.22
-1844.82 -1834.22
-1912.36 -1834.22
-1875.71 -1834.22
-2017.98 -1834.22
-1943.56 -1834.22
-1925.58 -1834.22
-1958.40 -1834.22
-1890.66 -1834.22
-1906.09 -1834.22
-1849.11 -1834.22
-1918.08 -1834.22
-1876.31 -1834.22
-1924.87 -1834.22
-1976.33 -1834.22
-1892.54 -1834.22
-1897.93 -1834.22
-1867.46 -1834.22
-1861.69 -1834.22
-1919.42 -1834.22
-1942.99 -1834.22
-1861.30 -1834.22
-1839.21 -1834.22
-1905.91 -1834.22
-1847.61 -1834.22
-1924.42 -1834.22
-1905.14 -1834.22
-1855.31 -1834.22
-1869.57 -1834.22
-1843.91 -1834.22
-1834.18 -1834.18
-1852.96 -1834.18
-1909.03 -1834.18
-1891.21 -1834.18
-1931.63 -1834.18
-1927.87 -1834.18
-1911.64 -1834.18
-1976.56 -1834.18
-1889.49 -1834.18
-1946.22 -1834.18
-1887.78 -1834.18
-1906.59 -1834.18
-1976.09 -1834.18
-1894.43 -1834.18
-1954.13 -1834.18
-1856.83 -1834.18
-1840.42 -1834.18
-1915.53 -1834.18
-1864.88 -1834.18
-1873.78 -1834.18
-1895.43 -1834.18
-1884.13 -1834.18
-1868.91 -1834.18
-1933.73 -1834.18
-1971.97 -1834.18
-1948.50 -1834.18
-1909.49 -1834.18
-1910.52 -1834.18
-1864.54 -1834.18
-1916.64 -1834.18
-1964.30 -1834.18
-1913.56 -1834.18
-1906.56 -1834.18
-1847.41 -1834.18
-1931.85 -1834.18
-1884.02 -1834.18
-1888.59 -1834.18
-1926.38 -1834.18
-1898.82 -1834.18
-1916.58 -1834.18
-1987.90 -1834.18
-1892.29 -1834.18
-1901.03 -1834.18
-1841.85 -1834.18
-1874.05 -1834.18
-1884.36 -1834.18
-1860.44 -1834.18
-1876.21 -1834.18
-1996.22 -1834.18
-1860.75 -1834.18
-1879.22 -1834.18
-1908.22 -1834.18
-1863.65 -1834.18
-1931.07 -1834.18
-1902.89 -1834.18
-1902.45 -1834.18
-1860.76 -1834.18
-1889.85 -1834.18
-1954.36 -1834.18
-1846.19 -1834.18
-1870.04 -1834.18
-1865.36 -1834.18
-1884.50 -1834.18
-1883.82 -1834.18
-1932.39 -1834.18
-1858.11 -1834.18
-1871.90 -1834.18
-1927.30 -1834.18
-1979.33 -1834.18
-2003.24 -1834.18
-1888.61 -1834.18
-1954.27 -1834.18
-1861.86 -1834.18
-1900.67 -1834.18
-1887.43 -1834.18
-1931.44 -1834.18
-1908.77 -1834.18
-1802.78 -1802.78
-1902.76 -1802.78
-1941.85 -1802.78
-1897.51 -1802.78
-1857.18 -1802.78
-1886.38 -1802.78
-1911.44 -1802.78
-1904.52 -1802.78
-1920.73 -1802.78
-1848.56 -1802.78
-1910.08 -1802.78
-1879.91 -1802.78
-1841.57 -1802.78
-1859.29 -1802.78
-1849.04 -1802.78
-1813.23 -1802.78
-1870.81 -1802.78
-1822.85 -1802.78
-1869.14 -1802.78
-1838.06 -1802.78
-1840.58 -1802.78
-1867.51 -1802.78
-1881.12 -1802.78
-1836.59 -1802.78
-1921.36 -1802.78
-1839.01 -1802.78
-1875.56 -1802.78
-1912.39 -1802.78
-1923.01 -1802.78
-1900.00 -1802.78
-1903.06 -1802.78
-1929.55 -1802.78
-1913.78 -1802.78
-1812.03 -1802.78
-1882.40 -1802.78
-1879.39 -1802.78
-1875.44 -1802.78
-1856.44 -1802.78
-1950.03 -1802.78
-1867.53 -1802.78
-1953.75 -1802.78
-1890.80 -1802.78
-1887.37 -1802.78
-1877.17 -1802.78
-1858.36 -1802.78
-1877.63 -1802.78
-1973.96 -1802.78
-1877.11 -1802.78
-1855.35 -1802.78
-1856.75 -1802.78
-1870.31 -1802.78
-1875.36 -1802.78
-1862.16 -1802.78
-1948.38 -1802.78
-1889.88 -1802.78
-1916.00 -1802.78
-1883.43 -1802.78
-1869.91 -1802.78
-1912.24 -1802.78
-1940.94 -1802.78
-1937.62 -1802.78
-1864.62 -1802.78
-1920.15 -1802.78
-1853.84 -1802.78
-1851.65 -1802.78
-1883.15 -1802.78
-1902.06 -1802.78
-1880.63 -1802.78
-1982.03 -1802.78
-1848.83 -1802.78
-1898.84 -1802.78
-1906.87 -1802.78
-1856.78 -1802.78
-1940.51 -1802.78
-1930.91 -1802.78
-1893.17 -1802.78
-1967.00 -1802.78
-1831.98 -1802.78
-1857.56 -1802.78
-1892.13 -1802.78
-1950.01 -1802.78
-1871.09 -1802.78
-1875.60 -1802.78
-1892.94 -1802.78
-1910.45 -1802.78
-1897.32 -1802.78
-1873.40 -1802.78
-1869.40 -1802.78
-1874.90 -1802.78
-1959.86 -1802.78
-1911.88 -1802.78
-1912.30 -1802.78
-1980.52 -1802.78
-1839.92 -1802.78
-1907.05 -1802.78
-1977.70 -1802.78
-1880.05 -1802.78
-1860.92 -1802.78
-1882.33 -1802.78
-1896.21 -1802.78
-1867.41 -1802.78
-1889.26 -1802.78
-1939.34 -1802.78
-1936.28 -1802.78
-1878.92 -1802.78
-1888.75 -1802.78
-1993.74 -1802.78
-1876.38 -1802.78
-1822.02 -1802.78
-1873.93 -1802.78
-1854.22 -1802.78
-1916.71 -1802.78
-1835.93 -1802.78
-1902.18 -1802.78
-1922.87 -1802.78
-1886.88 -1802.78
-1835.52 -1802.78
-1868.34 -1802.78
-1831.67 -1802.78
-1882.80 -1802.78
-1882.60 -1802.78
-1881.18 -1802.78
-1892.78 -1802.78
-1854.01 -1802.78
-1857.48 -1802.78
-1814.02 -1802.78
-1901.89 -1802.78
-1841.11 -1802.78
-1901.64 -1802.78
-1869.94 -1802.78
-1891.22 -1802.78
-1870.33 -1802.78
-1916.76 -1802.78
-1894.35 -1802.78
-1920.96 -1802.78
-1881.18 -1802.78
-1922.59 -1802.78
-1910.49 -1802.78
-1910.20 -1802.78
-1833.91 -1802.78
-1894.27 -1802.78
-1852.25 -1802.78
-1855.24 -1802.78
-1890.92 -1802.78
-1888.38 -1802.78
-1875.65 -1802.78
-1919.51 -1802.78
-1883.26 -1802.78
-1897.10 -1802.78
-1875.65 -1802.78
-1949.39 -1802.78
-1889.61 -1802.78
-1887.61 -1802.78
-1916.17 -1802.78
-1852.09 -1802.78
-1862.80 -1802.78
-1876.59 -1802.78
-1887.65 -1802.78
-1897.71 -1802.78
-1891.13 -1802.78
-1883.43 -1802.78
-1861.09 -1802.78
-1856.07 -1802.78
-1874.61 -1802.78
-1883.63 -1802.78
-1945.45 -1802.78
-1868.75 -1802.78
-1816.89 -1802.78
-1867.73 -1802.78
-1909.28 -1802.78
-1848.95 -1802.78
-1892.26 -1802.78
-1863.42 -1802.78
-1848.99 -1802.78
-1871.33 -1802.78
-1864.74 -1802.78
-1890.23 -1802.78
-1915.55 -1802.78
-1882.98 -1802.78
-1921.63 -1802.78
-1876.51 -1802.78
-1826.82 -1802.78
-1888.63 -1802.78
-1907.55 -1802.78
-1974.42 -1802.78
-1872.25 -1802.78
-1908.78 -1802.78
-1921.86 -1802.78
-1859.62 -1802.78
-1893.28 -1802.78
-1883.96 -1802.78
-1874.94 -1802.78
-1878.53 -1802.78
-1923.72 -1802.78
-1841.35 -1802.78
-1875.52 -1802.78
-1985.65 -1802.78
-1899.30 -1802.78
-1892.50 -1802.78
-1962.42 -1802.78
-1851.01 -1802.78
-1897.87 -1802.78
-1902.26 -1802.78
-1928.54 -1802.78
-1812.81 -1802.78
-1865.95 -1802.78
-1930.92 -1802.78
-1837.96 -1802.78
-1831.59 -1802.78
-1875.41 -1802.78
-1873.02 -1802.78
-1976.33 -1802.78
-1867.57 -1802.78
-1875.25 -1802.78
-1851.39 -1802.78
-1885.38 -1802.78
-1857.22 -1802.78
-1950.22 -1802.78
-1923.27 -1802.78
-1830.20 -1802.78
-1907.06 -1802.78
-1960.41 -1802.78
-1828.51 -1802.78
-1844.17 -1802.78
-1862.85 -1802.78
-1865.31 -1802.78
-1842.71 -1802.78
-1848.67 -1802.78
-1867.84 -1802.78
-1919.74 -1802.78
-1842.50 -1802.78
-1892.17 -1802.78
-1880.94 -1802.78
-1878.27 -1802.78
-1858.26 -1802.78
-1915.90 -1802.78
-1926.39 -1802.78
-1951.11 -1802.78
-1892.27 -1802.78
-1873.64 -1802.78
-1911.88 -1802.78
-1860.51 -1802.78
-1973.06 -1802.78
-1833.27 -1802.78
-1914.85 -1802.78
-1966.10 -1802.78
-1928.64 -1802.78
-1934.10 -1802.78
-1947.61 -1802.78
-1930.05 -1802.78
-1911.95 -1802.78
-1953.94 -1802.78
-1923.72 -1802.78
-1903.03 -1802.78
-1904.94 -1802.78
-1875.50 -1875.50
-1870.27 -1870.27
-1895.28 -1870.27
-1883.28 -1870.27
-1896.22 -1870.27
-1892.72 -1870.27
-1893.25 -1870.27
-1869.60 -1869.60
-1936.98 -1869.60
-1875.54 -1869.60
-1868.84 -1868.84
-1915.17 -1868.84
-1970.28 -1868.84
-1963.02 -1868.84
-1927.72 -1868.84
-1910.74 -1868.84
-1888.99 -1868.84
-1985.93 -1868.84
-1927.83 -1868.84
-1855.10 -1855.10
-1878.29 -1855.10
-1848.76 -1848.76
-1864.82 -1848.76
-1854.59 -1848.76
-1856.37 -1848.76
-1864.47 -1848.76
-1894.20 -1848.76
-1893.66 -1848.76
-1918.99 -1848.76
-1914.94 -1848.76
-1936.37 -1848.76
-1888.29 -1848.76
-1975.96 -1848.76
-1863.21 -1848.76
-1875.71 -1848.76
-1838.08 -1838.08
-1924.99 -1838.08
-1864.99 -1838.08
-1865.79 -1838.08
-1861.69 -1838.08
-1837.82 -1837.82
-1883.31 -1837.82
-1854.43 -1837.82
-1851.04 -1837.82
-1948.68 -1837.82
-1836.77 -1836.77
-1853.93 -1836.77
-1963.48 -1836.77
-1926.74 -1836.77
-1936.35 -1836.77
-1895.03 -1836.77
-1945.95 -1836.77
-1868.30 -1836.77
-1842.57 -1836.77
-1893.08 -1836.77
-1912.50 -1836.77
-1918.11 -1836.77
-1947.88 -1836.77
-1930.35 -1836.77
-1987.93 -1836.77
-1898.11 -1836.77
-1954.02 -1836.77
-1857.51 -1836.77
-1863.57 -1836.77
-1867.28 -1836.77
-1861.00 -1836.77
-1850.37 -1836.77
-1892.98 -1836.77
-1875.88 -1836.77
-1849.03 -1836.77
-1879.21 -1836.77
-1869.13 -1836.77
-1860.94 -1836.77
-1872.60 -1836.77
-1841.70 -1836.77
-1875.80 -1836.77
-1837.22 -1836.77
-1901.80 -1836.77
-1879.85 -1836.77
-1899.29 -1836.77
-1828.83 -1828.83
-1853.54 -1828.83
-1829.04 -1829.04
-1825.78 -1825.78
-1805.32 -1805.32
-1851.81 -1805.32
-1767.44 -1767.44
-1840.57 -1767.44
-1823.59 -1767.44
-1796.44 -1767.44
-1854.41 -1767.44
-1771.93 -1767.44
-1786.51 -1767.44
-1779.57 -1767.44
-1777.09 -1767.44
-1808.89 -1767.44
-1826.74 -1767.44
-1864.93 -1767.44
-1852.14 -1767.44
-1752.12 -1752.12
-1673.76 -1673.76
-1744.53 -1673.76
-1839.61 -1673.76
-1732.24 -1673.76
-1700.09 -1673.76
-1679.37 -1673.76
-1536.28 -1536.28
-1772.09 -1536.28
-1646.88 -1536.28
-1560.50 -1536.28
-1666.82 -1536.28
-1659.63 -1536.28
-1624.33 -1536.28
-1677.32 -1536.28
-1631.03 -1536.28
-1632.24 -1536.28
-1574.56 -1536.28
-1655.91 -1536.28
-1615.04 -1536.28
-1609.34 -1536.28
-1630.29 -1536.28
-1705.90 -1536.28
-1624.77 -1536.28
-1588.99 -1536.28
-1609.97 -1536.28
-1668.76 -1536.28
-1675.86 -1536.28
-1657.81 -1536.28
-1560.34 -1536.28
-1619.34 -1536.28
-1641.29 -1536.28
-1688.49 -1536.28
-1600.52 -1536.28
-1650.15 -1536.28
-1603.06 -1536.28
-1636.38 -1536.28
-1608.08 -1536.28
-1615.67 -1536.28
-1565.62 -1536.28
-1540.84 -1536.28
-1580.07 -1536.28
-1646.09 -1536.28
-1588.26 -1536.28
-1634.19 -1536.28
-1568.72 -1536.28
-1685.14 -1536.28
-1591.03 -1536.28
-1624.99 -1536.28
-1582.17 -1536.28
-1589.22 -1536.28
-1623.25 -1536.28
-1634.33 -1536.28
-1787.79 -1536.28
-1580.73 -1536.28
-1560.26 -1536.28
-1671.19 -1536.28
-1585.65 -1536.28
-1434.87 -1434.87
-1638.02 -1434.87
-1663.87 -1434.87
-1616.34 -1434.87
-1655.92 -1434.87
-1574.06 -1434.87
-1620.04 -1434.87
-1557.74 -1434.87
-1581.04 -1434.87
-1530.08 -1434.87
-1542.66 -1434.87
-1680.75 -1434.87
-1569.12 -1434.87
-1627.74 -1434.87
-1651.13 -1434.87
-1735.48 -1434.87
-1598.94 -1434.87
-1598.25 -1434.87
-1568.47 -1434.87
-1592.90 -1434.87
-1534.37 -1434.87
-1610.26 -1434.87
-1597.55 -1434.87
-1560.50 -1434.87
-1547.62 -1434.87
-1583.53 -1434.87
-1523.18 -1434.87
-1560.73 -1434.87
-1648.26 -1434.87
-1700.97 -1434.87
-1701.57 -1434.87
-1594.92 -1434.87
-1604.59 -1434.87
-1572.32 -1434.87
-1722.44 -1434.87
-1534.59 -1434.87
-1630.33 -1434.87
-1619.64 -1434.87
-1587.20 -1434.87
-1742.28 -1434.87
-1520.04 -1434.87
-1659.31 -1434.87
-1585.82 -1434.87
-1722.53 -1434.87
-1727.68 -1434.87
-1612.32 -1434.87
-1577.20 -1434.87
-1693.53 -1434.87
-1550.09 -1434.87
-1621.69 -1434.87
-1618.63 -1434.87
-1655.39 -1434.87
-1609.00 -1434.87
-1629.62 -1434.87
-1613.96 -1434.87
-1563.42 -1434.87
-1679.01 -1434.87
-1717.43 -1434.87
-1570.96 -1434.87
-1596.49 -1434.87
-1705.51 -1434.87
-1505.02 -1434.87
-1575.94 -1434.87
-1581.29 -1434.87
-1656.43 -1434.87
-1545.75 -1434.87
-1619.03 -1434.87
-1402.90 -1402.90
-1569.39 -1402.90
-1550.01 -1402.90
-1669.80 -1402.90
-1617.57 -1402.90
-1560.24 -1402.90
-1621.77 -1402.90
-1574.43 -1402.90
-1609.27 -1402.90
-1644.09 -1402.90
-1757.18 -1402.90
-1721.71 -1402.90
-1530.30 -1402.90
-1629.35 -1402.90
-1645.29 -1402.90
-1551.64 -1402.90
-1621.76 -1402.90
-1580.83 -1402.90
-1571.25 -1402.90
-1561.36 -1402.90
-1665.30 -1402.90
-1657.93 -1402.90
-1713.64 -1402.90
-1660.59 -1402.90
-1723.85 -1402.90
-1615.53 -1402.90
-1574.37 -1402.90
-1591.13 -1402.90
-1766.47 -1402.90
-1561.58 -1402.90
-1616.31 -1402.90
-1618.48 -1402.90
-1493.08 -1402.90
-1569.31 -1402.90
-1588.86 -1402.90
-1622.84 -1402.90
-1540.00 -1402.90
-1613.74 -1402.90
-1636.48 -1402.90
-1534.26 -1402.90
-1554.10 -1402.90
-1756.98 -1402.90
-1687.61 -1402.90
-1550.62 -1402.90
-1689.16 -1402.90
-1680.36 -1402.90
-1572.70 -1402.90
-1662.51 -1402.90
-1532.12 -1402.90
-1763.87 -1402.90
-1612.32 -1402.90
-1665.59 -1402.90
-1688.61 -1402.90
-1742.09 -1402.90
-1606.32 -1402.90
-1744.05 -1402.90
-1526.30 -1402.90
-1541.84 -1402.90
-1696.24 -1402.90
-1581.74 -1402.90
-1554.91 -1402.90
-1667.23 -1402.90
-1555.57 -1402.90
-1599.58 -1402.90
-1537.88 -1402.90
-1568.68 -1402.90
-1592.46 -1402.90
-1613.69 -1402.90
-1549.24 -1402.90
-1612.70 -1402.90
-1561.86 -1402.90
-1528.25 -1402.90
-1584.47 -1402.90
-1644.53 -1402.90
-1594.81 -1402.90
-1534.94 -1402.90
-1676.18 -1402.90
-1585.44 -1402.90
-1609.06 -1402.90
-1566.95 -1402.90
-1609.89 -1402.90
-1533.97 -1402.90
-1599.76 -1402.90
-1532.38 -1402.90
-1713.47 -1402.90
-1560.27 -1402.90
-1508.92 -1402.90
-1636.59 -1402.90
-1779.26 -1402.90
-1544.84 -1402.90
-1535.83 -1402.90
-1534.20 -1402.90
-1651.22 -1402.90
-1553.55 -1402.90
-1687.81 -1402.90
-1538.79 -1402.90
-1591.78 -1402.90
-1592.62 -1402.90
-1676.09 -1402.90
-1565.83 -1402.90
-1537.58 -1402.90
-1648.30 -1402.90
-1631.59 -1402.90
-1566.87 -1402.90
-1479.07 -1402.90
-1607.09 -1402.90
-1558.52 -1402.90
-1565.18 -1402.90
-1655.05 -1402.90
-1712.16 -1402.90
-1498.90 -1402.90
-1628.87 -1402.90
-1517.58 -1402.90
-1523.48 -1402.90
-1547.24 -1402.90
-1507.12 -1402.90
-1546.98 -1402.90
-1602.95 -1402.90
-1584.90 -1402.90
-1538.37 -1402.90
-1797.47 -1402.90
-1663.11 -1402.90
-1557.50 -1402.90
-1589.59 -1402.90
-1624.92 -1402.90
-1708.02 -1402.90
-1560.58 -1402.90
-1662.96 -1402.90
-1660.71 -1402.90
-1579.58 -1402.90
-1721.61 -1402.90
-1627.40 -1402.90
-1490.11 -1402.90
-1580.93 -1402.90
-1488.60 -1402.90
-1654.50 -1402.90
-1818.17 -1402.90
-1689.52 -1402.90
-1462.02 -1402.90
-1747.84 -1402.90
-1689.29 -1402.90
-1573.27 -1402.90
-1725.93 -1402.90
-1632.26 -1402.90
-1767.14 -1402.90
-1361.35 -1361.35
-1760.78 -1361.35
-1637.26 -1361.35
-1535.30 -1361.35
-1563.33 -1361.35
-1664.31 -1361.35
-1596.31 -1361.35
-1674.68 -1361.35
-1637.72 -1361.35
-1640.03 -1361.35
-1606.89 -1361.35
-1703.57 -1361.35
-1543.89 -1361.35
-1533.40 -1361.35
-1593.79 -1361.35
-1513.87 -1361.35
-1639.07 -1361.35
-1510.95 -1361.35
-1636.97 -1361.35
-1695.25 -1361.35
-1572.92 -1361.35
-1780.77 -1361.35
-1634.24 -1361.35
-1616.31 -1361.35
-1563.10 -1361.35
-1662.41 -1361.35
-1781.82 -1361.35
-1598.94 -1361.35
-1528.92 -1361.35
-1655.60 -1361.35
-1561.22 -1361.35
-1532.00 -1361.35
-1580.82 -1361.35
-1482.33 -1361.35
-1575.76 -1361.35
-1557.81 -1361.35
-1958.07 -1361.35
-1908.57 -1361.35
-1928.05 -1361.35
-1894.88 -1361.35
