-10000.00 -10000.00
-2533.71 -2533.71
-2574.63 -2533.71
-2634.59 -2533.71
-2484.75 -2484.75
-2503.70 -2484.75
-2633.83 -2484.75
-2584.37 -2484.75
-2541.96 -2484.75
-2503.98 -2484.75
-2533.01 -2484.75
-2558.76 -2484.75
-2452.73 -2452.73
-2439.65 -2439.65
-2491.11 -2439.65
-2528.08 -2439.65
-2574.10 -2439.65
-2455.24 -2439.65
-2448.88 -2439.65
-2498.85 -2439.65
-2551.47 -2439.65
-2558.69 -2439.65
-2502.80 -2439.65
-2511.78 -2439.65
-2536.10 -2439.65
-2532.82 -2439.65
-2586.26 -2439.65
-2490.27 -2439.65
-2541.26 -2439.65
-2512.34 -2439.65
-2567.36 -2439.65
-2455.18 -2439.65
-2477.25 -2439.65
-2563.77 -2439.65
-2541.13 -2439.65
-2561.87 -2439.65
-2585.15 -2439.65
-2527.25 -2439.65
-2493.93 -2439.65
-2511.72 -2439.65
-2486.23 -2439.65
-2481.30 -2439.65
-2558.26 -2439.65
-2510.23 -2439.65
-2554.11 -2439.65
-2540.11 -2439.65
-2471.36 -2439.65
-2512.16 -2439.65
-2551.14 -2439.65
-2504.59 -2439.65
-2499.08 -2439.65
-2467.24 -2439.65
-2481.11 -2439.65
-2535.30 -2439.65
-2533.61 -2439.65
-2583.63 -2439.65
-2509.44 -2439.65
-2470.25 -2439.65
-2584.26 -2439.65
-2508.10 -2439.65
-2438.37 -2438.37
-2483.93 -2438.37
-2444.11 -2438.37
-2461.95 -2438.37
-2468.10 -2438.37
-2463.36 -2438.37
-2540.16 -2438.37
-2572.94 -2438.37
-2497.64 -2438.37
-2474.65 -2438.37
-2444.41 -2438.37
-2513.71 -2438.37
-2496.07 -2438.37
-2553.98 -2438.37
-2453.90 -2438.37
-2491.09 -2438.37
-2526.49 -2438.37
-2474.91 -2438.37
-2498.33 -2438.37
-2427.20 -2427.20
-2483.37 -2427.20
-2574.76 -2427.20
-2478.10 -2427.20
-2536.00 -2427.20
-2511.42 -2427.20
-2490.35 -2427.20
-2481.96 -2427.20
-2431.25 -2427.20
-2475.12 -2427.20
-2477.59 -2427.20
-2521.61 -2427.20
-2488.34 -2427.20
-2524.58 -2427.20
-2437.80 -2427.20
-2416.89 -2416.89
-2449.94 -2416.89
-2454.93 -2416.89
-2522.86 -2416.89
-2458.09 -2416.89
-2372.47 -2372.47
-2405.11 -2372.47
-2409.37 -2372.47
-2545.74 -2372.47
-2547.01 -2372.47
-2420.40 -2372.47
-2454.55 -2372.47
-2556.26 -2372.47
-2427.63 -2372.47
-2513.51 -2372.47
-2518.40 -2372.47
-2424.87 -2372.47
-2439.50 -2372.47
-2557.07 -2372.47
-2464.59 -2372.47
-2494.09 -2372.47
-2516.38 -2372.47
-2439.83 -2372.47
-2442.83 -2372.47
-2501.03 -2372.47
-2494.58 -2372.47
-2441.65 -2372.47
-2393.49 -2372.47
-2429.52 -2372.47
-2378.59 -2372.47
-2453.05 -2372.47
-2432.16 -2372.47
-2517.15 -2372.47
-2434.07 -2372.47
-2519.81 -2372.47
-2537.92 -2372.47
-2566.38 -2372.47
-2460.00 -2372.47
-2364.88 -2364.88
-2489.51 -2364.88
-2424.24 -2364.88
-2502.27 -2364.88
-2335.46 -2335.46
-2452.92 -2335.46
-2423.84 -2335.46
-2373.31 -2335.46
-2433.29 -2335.46
-2498.44 -2335.46
-2423.61 -2335.46
-2475.07 -2335.46
-2270.58 -2270.58
-2430.50 -2270.58
-2347.66 -2270.58
-2496.39 -2270.58
-2324.07 -2270.58
-2511.11 -2270.58
-2311.17 -2270.58
-2320.50 -2270.58
-2525.36 -2270.58
-2482.80 -2270.58
-2299.78 -2270.58
-2474.41 -2270.58
-2433.02 -2270.58
-2531.27 -2270.58
-2330.07 -2270.58
-2435.18 -2270.58
-2342.84 -2270.58
-2371.26 -2270.58
-2408.72 -2270.58
-2350.06 -2270.58
-2349.60 -2270.58
-2319.97 -2270.58
-2363.72 -2270.58
-2484.64 -2270.58
-2362.11 -2270.58
-2375.63 -2270.58
-2454.15 -2270.58
-2331.04 -2270.58
-2370.60 -2270.58
-2338.26 -2270.58
-2483.77 -2270.58
-2407.45 -2270.58
-2294.82 -2270.58
-2454.74 -2270.58
-2303.36 -2270.58
-2373.05 -2270.58
-2329.54 -2270.58
-2280.87 -2270.58
-2384.95 -2270.58
-2253.43 -2253.43
-2341.41 -2253.43
-2455.64 -2253.43
-2436.11 -2253.43
-2408.79 -2253.43
-2402.87 -2253.43
-2251.61 -2251.61
-2210.39 -2210.39
-2360.76 -2210.39
-2245.07 -2210.39
-2433.54 -2210.39
-2517.56 -2210.39
-2373.58 -2210.39
-2152.25 -2152.25
-2421.24 -2152.25
-2162.41 -2152.25
-2291.60 -2152.25
-2171.82 -2152.25
-2211.34 -2152.25
-2141.95 -2141.95
-2228.83 -2141.95
-2263.54 -2141.95
-2470.32 -2141.95
-2348.49 -2141.95
-2173.04 -2141.95
-2141.23 -2141.23
-2116.58 -2116.58
-2085.82 -2085.82
-2130.00 -2085.82
-2193.35 -2085.82
-2316.48 -2085.82
-2250.21 -2085.82
-2198.66 -2085.82
-2216.64 -2085.82
-2274.56 -2085.82
-2343.38 -2085.82
-2281.12 -2085.82
-2204.77 -2085.82
-2208.86 -2085.82
-2514.20 -2085.82
-2162.83 -2085.82
-2215.46 -2085.82
-2260.88 -2085.82
-2233.26 -2085.82
-2252.33 -2085.82
-2170.21 -2085.82
-2259.47 -2085.82
-2270.79 -2085.82
-2181.91 -2085.82
-2215.72 -2085.82
-2138.02 -2085.82
-2168.18 -2085.82
-2044.65 -2044.65
-2134.96 -2044.65
-2078.02 -2044.65
-2180.96 -2044.65
-2222.15 -2044.65
-2281.94 -2044.65
-2105.69 -2044.65
-2253.51 -2044.65
-2270.10 -2044.65
-1999.82 -1999.82
-2261.72 -1999.82
-2054.99 -1999.82
-2071.86 -1999.82
-1999.48 -1999.48
-2102.01 -1999.48
-2294.61 -1999.48
-2122.74 -1999.48
-2196.36 -1999.48
-2043.16 -1999.48
-2187.90 -1999.48
-2350.62 -1999.48
-1967.53 -1967.53
-2167.94 -1967.53
-2143.97 -1967.53
-2141.41 -1967.53
-1976.45 -1967.53
-1977.90 -1967.53
-2129.84 -1967.53
-2129.46 -1967.53
-2061.29 -1967.53
-2270.21 -1967.53
-1954.97 -1954.97
-2042.58 -1954.97
-2175.87 -1954.97
-2014.65 -1954.97
-2156.18 -1954.97
-2264.20 -1954.97
-2109.32 -1954.97
-2236.68 -1954.97
-2081.18 -1954.97
-1988.85 -1954.97
-2055.19 -1954.97
-2285.32 -1954.97
-2226.05 -1954.97
-2020.67 -1954.97
-2240.80 -1954.97
-2072.86 -1954.97
-1985.91 -1954.97
-2083.26 -1954.97
-2229.68 -1954.97
-2093.80 -1954.97
-2101.20 -1954.97
-2066.03 -1954.97
-2094.65 -1954.97
-2060.01 -1954.97
-2164.08 -1954.97
-2170.06 -1954.97
-2090.15 -1954.97
-1821.72 -1821.72
-2195.44 -1821.72
-2093.75 -1821.72
-2046.60 -1821.72
-2076.37 -1821.72
-1913.85 -1821.72
-1957.07 -1821.72
-2021.65 -1821.72
-2081.60 -1821.72
-2120.95 -1821.72
-2130.18 -1821.72
-2083.41 -1821.72
-2104.24 -1821.72
-2100.90 -1821.72
-2310.30 -1821.72
-2125.34 -1821.72
-2047.79 -1821.72
-2015.29 -1821.72
-2138.64 -1821.72
-2060.19 -1821.72
-2175.18 -1821.72
-2387.05 -1821.72
-2442.99 -1821.72
-2080.12 -1821.72
-2275.12 -1821.72
-2139.07 -1821.72
-2226.44 -1821.72
-2180.38 -1821.72
-2317.43 -1821.72
-2123.40 -1821.72
-2400.63 -1821.72
-2149.52 -1821.72
-2156.24 -1821.72
-2083.34 -1821.72
-2176.56 -1821.72
-2118.63 -1821.72
-2138.06 -1821.72
-2029.13 -1821.72
-2174.61 -1821.72
-2269.83 -1821.72
-1937.22 -1821.72
-2205.25 -1821.72
-2170.03 -1821.72
-2046.57 -1821.72
-2136.16 -1821.72
-2171.90 -1821.72
-2047.07 -1821.72
-2091.06 -1821.72
-2134.71 -1821.72
-2332.18 -1821.72
-2182.48 -1821.72
-2010.02 -1821.72
-2082.88 -1821.72
-2369.21 -1821.72
-2024.18 -1821.72
-2208.63 -1821.72
-2147.09 -1821.72
-2228.98 -1821.72
-2269.68 -1821.72
-2241.42 -1821.72
-2242.47 -1821.72
-2107.88 -1821.72
-2182.24 -1821.72
-2020.19 -1821.72
-2106.16 -1821.72
-2233.26 -1821.72
-1981.11 -1821.72
-2005.20 -1821.72
-2004.53 -1821.72
-2126.47 -1821.72
-2165.42 -1821.72
-2181.66 -1821.72
-2021.81 -1821.72
-2068.17 -1821.72
-2391.91 -1821.72
-2075.54 -1821.72
-2160.15 -1821.72
-2280.22 -1821.72
-2158.53 -1821.72
-2062.27 -1821.72
-2141.42 -1821.72
-2047.50 -1821.72
-2055.43 -1821.72
-2186.85 -1821.72
-2316.87 -1821.72
-2098.66 -1821.72
-2013.75 -1821.72
-2344.92 -1821.72
-2104.14 -1821.72
-2111.91 -1821.72
-2091.53 -1821.72
-2094.10 -1821.72
-2067.19 -1821.72
-2184.27 -1821.72
-2005.54 -1821.72
-2214.67 -1821.72
-2080.75 -1821.72
-2088.39 -1821.72
-2115.43 -1821.72
-1898.36 -1821.72
-2044.55 -1821.72
-2141.47 -1821.72
-1937.60 -1821.72
-2044.68 -1821.72
-1994.56 -1821.72
-2061.32 -1821.72
-1935.49 -1821.72
-2158.14 -1821.72
-2236.54 -1821.72
-2085.18 -1821.72
-2048.44 -1821.72
-2170.33 -1821.72
-2203.79 -1821.72
-2073.37 -1821.72
-2126.35 -1821.72
-1919.07 -1821.72
-2174.31 -1821.72
-1953.47 -1821.72
-2370.91 -1821.72
-2310.86 -1821.72
-2191.79 -1821.72
-2273.04 -1821.72
-2189.52 -1821.72
-2062.62 -1821.72
-2173.87 -1821.72
-2567.39 -1821.72
-2563.74 -1821.72
-2646.66 -1821.72
-2618.66 -1821.72
-2556.94 -1821.72
-2532.50 -2532.50
-2527.67 -2527.67
-2649.37 -2527.67
-2531.88 -2527.67
-2547.92 -2527.67
-2558.41 -2527.67
-2585.11 -2527.67
-2577.10 -2527.67
-2521.39 -2521.39
-2522.26 -2522.26
-2613.95 -2522.26
-2526.66 -2522.26
-2439.20 -2439.20
-2404.97 -2404.97
-2409.49 -2404.97
-2499.93 -2404.97
-2514.37 -2404.97
-2441.25 -2404.97
-2492.45 -2404.97
-2549.68 -2404.97
-2451.41 -2404.97
-2525.81 -2404.97
-2439.74 -2404.97
-2598.58 -2404.97
-2558.98 -2404.97
-2451.61 -2404.97
-2492.95 -2404.97
-2511.56 -2404.97
-2522.00 -2404.97
-2471.53 -2404.97
-2455.30 -2404.97
-2486.73 -2404.97
-2586.68 -2404.97
-2544.95 -2404.97
-2570.57 -2404.97
-2426.70 -2404.97
-2393.18 -2393.18
-2442.74 -2393.18
-2393.29 -2393.29
-2465.32 -2393.29
-2415.85 -2393.29
-2423.27 -2393.29
-2400.07 -2393.29
-2375.15 -2375.15
-2459.99 -2375.15
-2490.31 -2375.15
-2439.28 -2375.15
-2445.26 -2375.15
-2420.57 -2375.15
-2370.36 -2370.36
-2365.80 -2365.80
-2308.69 -2308.69
-2293.37 -2293.37
-2312.56 -2293.37
-2317.89 -2293.37
-2365.90 -2293.37
-2440.24 -2293.37
-2477.98 -2293.37
-2426.69 -2293.37
-2227.50 -2227.50
-2330.43 -2227.50
-2246.88 -2227.50
-2269.18 -2227.50
-2312.98 -2227.50
-2384.36 -2227.50
-2363.19 -2227.50
-2473.25 -2227.50
-2266.18 -2227.50
-2268.85 -2227.50
-2331.63 -2227.50
-2337.98 -2227.50
-2258.26 -2227.50
-2281.32 -2227.50
-2280.32 -2227.50
-2283.20 -2227.50
-2287.24 -2227.50
-2357.10 -2227.50
-2220.31 -2220.31
-2366.02 -2220.31
-2461.32 -2220.31
-2116.30 -2116.30
-2325.17 -2116.30
-2197.34 -2116.30
-2268.15 -2116.30
-2243.08 -2116.30
-2201.68 -2116.30
-2212.50 -2116.30
-2240.72 -2116.30
-2168.52 -2116.30
-2208.83 -2116.30
-2262.84 -2116.30
-2355.04 -2116.30
-2403.60 -2116.30
-2253.59 -2116.30
-2142.85 -2116.30
-2273.88 -2116.30
-2147.12 -2116.30
-2232.15 -2116.30
-2179.77 -2116.30
-2226.65 -2116.30
-2405.61 -2116.30
-2256.84 -2116.30
-2338.98 -2116.30
-2214.38 -2116.30
-2258.99 -2116.30
-2218.64 -2116.30
-2132.03 -2116.30
-2230.10 -2116.30
-2149.43 -2116.30
-2352.87 -2116.30
-2254.34 -2116.30
-2265.70 -2116.30
-2280.05 -2116.30
-2289.31 -2116.30
-2219.48 -2116.30
-2233.69 -2116.30
-2176.49 -2116.30
-2226.44 -2116.30
-2161.61 -2116.30
-2228.12 -2116.30
-2177.99 -2116.30
-2143.68 -2116.30
-2341.36 -2116.30
-2154.76 -2116.30
-2316.44 -2116.30
-2268.86 -2116.30
-2264.10 -2116.30
-2465.45 -2116.30
-2246.27 -2116.30
-2237.42 -2116.30
-2327.36 -2116.30
-2193.80 -2116.30
-2286.28 -2116.30
-2156.76 -2116.30
-2360.97 -2116.30
-2331.91 -2116.30
-2300.65 -2116.30
-2227.35 -2116.30
-2198.57 -2116.30
-2164.60 -2116.30
-2358.73 -2116.30
-2237.30 -2116.30
-2352.48 -2116.30
-2363.36 -2116.30
-2214.37 -2116.30
-2374.54 -2116.30
-2242.47 -2116.30
-2193.94 -2116.30
-2231.73 -2116.30
-2217.67 -2116.30
-2325.00 -2116.30
-2212.27 -2116.30
-2194.12 -2116.30
-2301.65 -2116.30
-2261.59 -2116.30
-2166.61 -2116.30
-2059.92 -2059.92
-2074.65 -2059.92
-2125.19 -2059.92
-2093.69 -2059.92
-2161.35 -2059.92
-2188.53 -2059.92
-2155.95 -2059.92
-2086.64 -2059.92
-2088.37 -2059.92
-2283.78 -2059.92
-2234.40 -2059.92
-2278.07 -2059.92
-2340.64 -2059.92
-2158.84 -2059.92
-2190.33 -2059.92
-2080.72 -2059.92
-2356.66 -2059.92
-2177.15 -2059.92
-2178.64 -2059.92
-2279.61 -2059.92
-2076.96 -2059.92
-2364.79 -2059.92
-2143.72 -2059.92
-2210.94 -2059.92
-2197.34 -2059.92
-2262.26 -2059.92
-2171.09 -2059.92
-1944.83 -1944.83
-2112.79 -1944.83
-2377.34 -1944.83
-1998.25 -1944.83
-1997.85 -1944.83
-2079.28 -1944.83
-2068.66 -1944.83
-2201.26 -1944.83
-2068.93 -1944.83
-1982.71 -1944.83
-2094.02 -1944.83
-2088.04 -1944.83
-2158.83 -1944.83
-2120.50 -1944.83
-2170.62 -1944.83
-1984.59 -1944.83
-2164.80 -1944.83
-2137.07 -1944.83
-2241.41 -1944.83
-2020.72 -1944.83
-2091.31 -1944.83
-2040.23 -1944.83
-2139.18 -1944.83
-2209.25 -1944.83
-1990.45 -1944.83
-2185.60 -1944.83
-2002.95 -1944.83
-2046.64 -1944.83
-2033.13 -1944.83
-2097.32 -1944.83
-1961.08 -1944.83
-2151.53 -1944.83
-2090.01 -1944.83
-2031.80 -1944.83
-2179.90 -1944.83
-2058.28 -1944.83
-2179.46 -1944.83
-2026.73 -1944.83
-2046.09 -1944.83
-2399.66 -1944.83
-2118.14 -1944.83
-2094.10 -1944.83
-1915.36 -1915.36
-2091.80 -1915.36
-2083.74 -1915.36
-2133.70 -1915.36
-1960.85 -1915.36
-2106.19 -1915.36
-2072.20 -1915.36
-2181.49 -1915.36
-2148.28 -1915.36
-2080.55 -1915.36
-2197.38 -1915.36
-2021.28 -1915.36
-2249.24 -1915.36
-2221.17 -1915.36
-2049.39 -1915.36
-2119.55 -1915.36
-2277.83 -1915.36
-2129.00 -1915.36
-2143.31 -1915.36
-2077.86 -1915.36
-2176.05 -1915.36
-2333.66 -1915.36
-2060.08 -1915.36
-2107.04 -1915.36
-2201.50 -1915.36
-2184.14 -1915.36
-2167.54 -1915.36
-2188.62 -1915.36
-2081.74 -1915.36
-2126.08 -1915.36
-2090.98 -1915.36
-2070.54 -1915.36
-2176.49 -1915.36
-2059.62 -1915.36
-1984.94 -1915.36
-2058.51 -1915.36
-2123.85 -1915.36
-2024.98 -1915.36
-2209.17 -1915.36
-2189.46 -1915.36
-2117.53 -1915.36
-2086.10 -1915.36
-2090.49 -1915.36
-2259.08 -1915.36
-2101.09 -1915.36
-2187.35 -1915.36
-2207.88 -1915.36
-2117.06 -1915.36
-2145.98 -1915.36
-2045.97 -1915.36
-2049.98 -1915.36
-2029.82 -1915.36
-2059.64 -1915.36
-2114.46 -1915.36
-2165.84 -1915.36
-2154.25 -1915.36
-2213.29 -1915.36
-2129.72 -1915.36
-2087.20 -1915.36
-2102.64 -1915.36
-2180.51 -1915.36
-2078.78 -1915.36
-2143.66 -1915.36
-2186.35 -1915.36
-2016.91 -1915.36
-2105.49 -1915.36
-1974.59 -1915.36
-2161.00 -1915.36
-2233.31 -1915.36
-2435.62 -1915.36
-2238.31 -1915.36
-2305.91 -1915.36
-2081.17 -1915.36
-2094.46 -1915.36
-2183.42 -1915.36
-2231.54 -1915.36
-2145.97 -1915.36
-2189.47 -1915.36
-1974.77 -1915.36
-2015.20 -1915.36
-2258.22 -1915.36
-2041.39 -1915.36
-2123.36 -1915.36
-2176.32 -1915.36
-2273.91 -1915.36
-2067.86 -1915.36
-2058.16 -1915.36
-2110.62 -1915.36
-2185.27 -1915.36
-1999.58 -1915.36
-1979.38 -1915.36
-2208.80 -1915.36
-2313.79 -1915.36
-2103.78 -1915.36
-2055.18 -1915.36
-2068.39 -1915.36
-2121.86 -1915.36
-2034.57 -1915.36
-2026.13 -1915.36
-2165.14 -1915.36
-2156.75 -1915.36
-2194.73 -1915.36
-2047.42 -1915.36
-1994.08 -1915.36
-2371.38 -1915.36
-2062.20 -1915.36
-2151.75 -1915.36
-1974.11 -1915.36
-2107.14 -1915.36
-2123.54 -1915.36
-2191.26 -1915.36
-2089.81 -1915.36
-2168.31 -1915.36
-2222.02 -1915.36
-2235.26 -1915.36
-1989.14 -1915.36
-1980.06 -1915.36
-2266.94 -1915.36
-1992.03 -1915.36
-1949.01 -1915.36
-2051.85 -1915.36
-2051.47 -1915.36
-2229.15 -1915.36
-2062.75 -1915.36
-2084.49 -1915.36
-2212.65 -1915.36
-2082.04 -1915.36
-2114.41 -1915.36
-2095.72 -1915.36
-2031.15 -1915.36
-2100.39 -1915.36
-2174.19 -1915.36
-2214.55 -1915.36
-2238.15 -1915.36
-2033.98 -1915.36
-2069.05 -1915.36
-2034.34 -1915.36
-2019.16 -1915.36
-2161.55 -1915.36
-1985.89 -1915.36
-2115.84 -1915.36
-1974.36 -1915.36
-1954.21 -1915.36
-2050.38 -1915.36
-1811.24 -1811.24
-2001.24 -1811.24
-2167.03 -1811.24
-2076.41 -1811.24
-2108.77 -1811.24
-2140.29 -1811.24
-2213.97 -1811.24
-2177.14 -1811.24
-2191.78 -1811.24
-2261.33 -1811.24
-2192.13 -1811.24
-2047.25 -1811.24
-2158.69 -1811.24
-2046.25 -1811.24
-2166.40 -1811.24
-2127.93 -1811.24
-2112.82 -1811.24
-2107.39 -1811.24
-2137.81 -1811.24
-2150.91 -1811.24
-2095.88 -1811.24
-2182.41 -1811.24
-2046.14 -1811.24
-1997.40 -1811.24
-2111.92 -1811.24
-2125.12 -1811.24
-2084.82 -1811.24
-2060.54 -1811.24
-2056.49 -1811.24
-2105.65 -1811.24
-2041.21 -1811.24
-2249.80 -1811.24
-2164.62 -1811.24
-2342.78 -1811.24
-1991.45 -1811.24
-2238.98 -1811.24
-2097.49 -1811.24
-2207.91 -1811.24
-2108.28 -1811.24
-2019.95 -1811.24
-2107.11 -1811.24
-2001.05 -1811.24
-2525.42 -2525.42
-2572.64 -2525.42
-2521.76 -2521.76
-2587.51 -2521.76
-2529.36 -2521.76
-2561.58 -2521.76
-2538.54 -2521.76
-2606.23 -2521.76
-2624.65 -2521.76
-2672.59 -2521.76
-2561.34 -2521.76
-2574.61 -2521.76
-2632.60 -2521.76
-2519.05 -2519.05
-2553.68 -2519.05
-2527.44 -2519.05
-2575.43 -2519.05
-2548.68 -2519.05
-2539.24 -2519.05
-2581.05 -2519.05
-2554.17 -2519.05
-2527.14 -2519.05
-2579.84 -2519.05
-2561.52 -2519.05
-2585.75 -2519.05
-2568.43 -2519.05
-2628.02 -2519.05
-2518.53 -2518.53
-2648.03 -2518.53
-2555.61 -2518.53
-2546.64 -2518.53
-2541.77 -2518.53
-2550.40 -2518.53
-2606.95 -2518.53
-2550.62 -2518.53
-2609.51 -2518.53
-2551.28 -2518.53
-2541.08 -2518.53
-2624.98 -2518.53
-2627.43 -2518.53
-2569.86 -2518.53
-2542.98 -2518.53
-2556.48 -2518.53
-2574.08 -2518.53
-2577.29 -2518.53
-2589.20 -2518.53
-2553.73 -2518.53
-2550.31 -2518.53
-2619.18 -2518.53
-2549.23 -2518.53
-2547.94 -2518.53
-2537.81 -2518.53
-2618.94 -2518.53
-2603.24 -2518.53
-2541.16 -2518.53
-2633.35 -2518.53
-2635.24 -2518.53
-2609.35 -2518.53
-2587.19 -2518.53
-2589.10 -2518.53
-2556.84 -2518.53
-2552.38 -2518.53
-2528.54 -2518.53
-2553.37 -2518.53
-2560.97 -2518.53
-2569.21 -2518.53
-2624.40 -2518.53
-2544.32 -2518.53
-2508.91 -2508.91
-2565.97 -2508.91
-2602.47 -2508.91
-2532.51 -2508.91
-2605.04 -2508.91
-2522.26 -2508.91
-2475.73 -2475.73
-2513.78 -2475.73
-2496.28 -2475.73
-2496.15 -2475.73
-2525.41 -2475.73
-2564.83 -2475.73
-2453.21 -2453.21
-2575.64 -2453.21
-2510.89 -2453.21
-2614.50 -2453.21
-2538.06 -2453.21
-2506.65 -2453.21
-2468.06 -2453.21
-2519.94 -2453.21
-2512.16 -2453.21
-2543.29 -2453.21
-2486.19 -2453.21
-2504.40 -2453.21
-2493.31 -2453.21
-2475.99 -2453.21
-2529.57 -2453.21
-2482.83 -2453.21
-2505.09 -2453.21
-2508.27 -2453.21
-2539.87 -2453.21
-2454.32 -2453.21
-2490.40 -2453.21
-2464.79 -2453.21
-2543.38 -2453.21
-2527.51 -2453.21
-2471.26 -2453.21
-2466.23 -2453.21
-2534.86 -2453.21
-2552.59 -2453.21
-2631.50 -2453.21
-2530.56 -2453.21
-2519.70 -2453.21
-2624.26 -2453.21
-2506.41 -2453.21
-2594.23 -2453.21
-2496.53 -2453.21
-2566.48 -2453.21
-2443.49 -2443.49
-2475.23 -2443.49
-2481.95 -2443.49
-2444.02 -2444.02
-2520.41 -2444.02
-2513.19 -2444.02
-2523.10 -2444.02
-2493.54 -2444.02
-2520.03 -2444.02
-2484.09 -2444.02
-2482.71 -2444.02
-2449.71 -2444.02
-2457.25 -2444.02
-2615.22 -2444.02
-2458.95 -2444.02
-2454.20 -2444.02
-2511.18 -2444.02
-2507.63 -2444.02
-2493.40 -2444.02
-2522.42 -2444.02
-2448.43 -2444.02
-2571.04 -2444.02
-2457.17 -2444.02
-2505.63 -2444.02
-2494.01 -2444.02
-2545.10 -2444.02
-2469.32 -2444.02
-2508.81 -2444.02
-2481.09 -2444.02
-2610.57 -2444.02
-2483.89 -2444.02
-2499.26 -2444.02
-2424.55 -2424.55
-2431.63 -2424.55
-2483.75 -2424.55
-2513.20 -2424.55
-2464.12 -2424.55
-2536.66 -2424.55
-2482.22 -2424.55
-2450.56 -2424.55
-2464.80 -2424.55
-2504.36 -2424.55
-2514.43 -2424.55
-2599.72 -2424.55
-2455.32 -2424.55
-2449.08 -2424.55
-2436.33 -2424.55
-2598.26 -2424.55
-2600.75 -2424.55
-2510.28 -2424.55
-2468.08 -2424.55
-2617.93 -2424.55
-2553.59 -2424.55
-2515.49 -2424.55
-2521.86 -2424.55
-2451.56 -2424.55
-2497.54 -2424.55
-2457.08 -2424.55
-2526.45 -2424.55
-2445.56 -2424.55
-2434.71 -2424.55
-2430.34 -2424.55
-2475.98 -2424.55
-2471.38 -2424.55
-2488.82 -2424.55
-2566.16 -2424.55
-2474.70 -2424.55
-2454.63 -2424.55
-2573.02 -2424.55
-2444.33 -2424.55
-2476.94 -2424.55
-2504.63 -2424.55
-2482.04 -2424.55
-2540.04 -2424.55
-2463.45 -2424.55
-2413.65 -2413.65
-2440.21 -2413.65
-2488.80 -2413.65
-2479.80 -2413.65
-2529.44 -2413.65
-2440.21 -2413.65
-2461.69 -2413.65
-2444.78 -2413.65
-2479.82 -2413.65
-2520.70 -2413.65
-2448.86 -2413.65
-2442.05 -2413.65
-2490.51 -2413.65
-2547.03 -2413.65
-2493.82 -2413.65
-2514.72 -2413.65
-2545.45 -2413.65
-2601.15 -2413.65
-2491.88 -2413.65
-2483.17 -2413.65
-2538.01 -2413.65
-2469.15 -2413.65
-2529.62 -2413.65
-2455.57 -2413.65
-2484.42 -2413.65
-2430.72 -2413.65
-2540.29 -2413.65
-2452.23 -2413.65
-2444.48 -2413.65
-2474.31 -2413.65
-2477.70 -2413.65
-2515.69 -2413.65
-2513.83 -2413.65
-2504.93 -2413.65
-2520.18 -2413.65
-2445.26 -2413.65
-2453.61 -2413.65
-2494.37 -2413.65
-2492.30 -2413.65
-2571.86 -2413.65
-2590.79 -2413.65
-2518.71 -2413.65
-2470.88 -2413.65
-2536.44 -2413.65
-2438.96 -2413.65
-2448.97 -2413.65
-2536.75 -2413.65
-2445.34 -2413.65
-2521.48 -2413.65
-2489.93 -2413.65
-2465.88 -2413.65
-2519.50 -2413.65
-2520.71 -2413.65
-2456.32 -2413.65
-2557.59 -2413.65
-2574.81 -2413.65
-2509.16 -2413.65
-2577.09 -2413.65
-2582.82 -2413.65
-2501.83 -2413.65
-2448.51 -2413.65
-2434.17 -2413.65
-2525.27 -2413.65
-2502.47 -2413.65
-2460.45 -2413.65
-2490.62 -2413.65
-2568.52 -2413.65
-2572.91 -2413.65
-2545.60 -2413.65
-2503.33 -2413.65
-2501.18 -2413.65
-2428.04 -2413.65
-2463.93 -2413.65
-2494.96 -2413.65
-2476.25 -2413.65
-2389.93 -2389.93
-2573.87 -2389.93
-2412.64 -2389.93
-2494.71 -2389.93
-2507.34 -2389.93
-2499.51 -2389.93
-2418.77 -2389.93
-2513.94 -2389.93
-2446.41 -2389.93
-2452.10 -2389.93
-2451.57 -2389.93
-2553.27 -2389.93
-2542.06 -2389.93
-2508.10 -2389.93
-2423.53 -2389.93
-2470.95 -2389.93
-2468.11 -2389.93
-2557.81 -2389.93
-2494.58 -2389.93
-2499.47 -2389.93
-2506.56 -2389.93
-2496.06 -2389.93
-2449.05 -2389.93
-2535.41 -2389.93
-2499.19 -2389.93
-2555.58 -2389.93
-2407.00 -2389.93
-2512.53 -2389.93
-2460.84 -2389.93
-2563.17 -2389.93
-2501.85 -2389.93
-2482.31 -2389.93
-2414.32 -2389.93
-2490.88 -2389.93
-2447.72 -2389.93
-2423.39 -2389.93
-2494.91 -2389.93
-2593.47 -2389.93
-2487.32 -2389.93
-2498.42 -2389.93
-2435.24 -2389.93
-2470.65 -2389.93
-2543.51 -2389.93
-2495.05 -2389.93
-2457.38 -2389.93
-2528.89 -2389.93
-2555.47 -2389.93
-2583.45 -2389.93
-2500.15 -2389.93
-2573.44 -2389.93
-2444.49 -2389.93
-2491.17 -2389.93
-2485.66 -2389.93
-2413.65 -2389.93
-2393.11 -2389.93
-2543.78 -2389.93
-2528.96 -2389.93
-2529.07 -2389.93
-2483.73 -2389.93
-2458.51 -2389.93
-2425.91 -2389.93
-2433.21 -2389.93
-2469.30 -2389.93
-2507.04 -2389.93
-2631.44 -2389.93
-2441.49 -2389.93
-2440.08 -2389.93
-2563.74 -2389.93
-2560.83 -2389.93
-2601.02 -2389.93
-2553.21 -2389.93
-2414.63 -2389.93
-2493.25 -2389.93
-2452.84 -2389.93
-2494.26 -2389.93
-2575.76 -2389.93
-2498.61 -2389.93
-2424.36 -2389.93
-2500.67 -2389.93
-2486.71 -2389.93
-2481.87 -2389.93
-2528.70 -2389.93
-2460.70 -2389.93
-2427.30 -2389.93
-2481.97 -2389.93
-2476.18 -2389.93
-2434.83 -2389.93
-2482.10 -2389.93
-2480.47 -2389.93
-2499.20 -2389.93
-2498.96 -2389.93
-2481.81 -2389.93
-2502.75 -2389.93
-2474.79 -2389.93
-2604.72 -2389.93
-2444.84 -2389.93
-2488.14 -2389.93
-2476.01 -2389.93
-2542.49 -2389.93
-2521.80 -2389.93
-2620.73 -2389.93
-2447.73 -2389.93
-2495.25 -2389.93
-2493.18 -2389.93
-2443.26 -2389.93
-2489.89 -2389.93
-2479.61 -2389.93
-2480.84 -2389.93
-2532.85 -2389.93
-2565.00 -2389.93
-2445.55 -2389.93
-2520.84 -2389.93
-2455.90 -2389.93
-2471.09 -2389.93
-2464.14 -2389.93
-2577.95 -2389.93
-2461.40 -2389.93
-2500.84 -2389.93
-2532.74 -2389.93
-2456.63 -2389.93
-2549.77 -2389.93
-2437.74 -2389.93
-2435.01 -2389.93
-2482.15 -2389.93
-2574.63 -2389.93
-2508.99 -2389.93
-2418.25 -2389.93
-2547.10 -2389.93
-2513.19 -2389.93
-2545.30 -2389.93
-2512.23 -2389.93
-2527.11 -2389.93
-2463.88 -2389.93
-2408.57 -2389.93
-2432.37 -2389.93
-2521.75 -2389.93
-2450.40 -2389.93
-2459.16 -2389.93
-2491.53 -2389.93
-2478.78 -2389.93
-2533.35 -2389.93
-2457.18 -2389.93
-2531.17 -2389.93
-2509.71 -2389.93
-2502.06 -2389.93
-2434.80 -2389.93
-2571.28 -2389.93
-2483.02 -2389.93
-2456.87 -2389.93
-2427.39 -2389.93
-2578.57 -2389.93
-2587.89 -2389.93
-2507.47 -2507.47
-2544.46 -2507.47
-2545.64 -2507.47
-2558.81 -2507.47
-2499.88 -2499.88
-2566.29 -2499.88
-2482.98 -2482.98
-2496.96 -2482.98
-2520.72 -2482.98
-2536.15 -2482.98
-2467.30 -2467.30
-2514.03 -2467.30
-2465.16 -2465.16
-2553.70 -2465.16
-2492.13 -2465.16
-2583.78 -2465.16
-2479.51 -2465.16
-2499.56 -2465.16
-2471.66 -2465.16
-2547.50 -2465.16
-2589.29 -2465.16
-2586.29 -2465.16
-2536.83 -2465.16
-2523.23 -2465.16
-2423.32 -2423.32
-2516.58 -2423.32
-2509.41 -2423.32
-2529.54 -2423.32
-2470.51 -2423.32
-2402.53 -2402.53
-2507.38 -2402.53
-2528.11 -2402.53
-2488.04 -2402.53
-2563.59 -2402.53
-2373.11 -2373.11
-2500.99 -2373.11
-2531.51 -2373.11
-2531.05 -2373.11
-2405.42 -2373.11
-2452.06 -2373.11
-2422.60 -2373.11
-2469.04 -2373.11
-2459.89 -2373.11
-2462.39 -2373.11
-2472.08 -2373.11
-2521.04 -2373.11
-2453.23 -2373.11
-2418.75 -2373.11
-2434.64 -2373.11
-2466.05 -2373.11
-2517.21 -2373.11
-2451.20 -2373.11
-2494.35 -2373.11
-2621.03 -2373.11
-2546.22 -2373.11
-2464.20 -2373.11
-2539.88 -2373.11
-2532.19 -2373.11
-2450.17 -2373.11
-2564.21 -2373.11
-2406.36 -2373.11
-2501.72 -2373.11
-2446.33 -2373.11
-2542.82 -2373.11
-2531.00 -2373.11
-2426.55 -2373.11
-2472.22 -2373.11
-2502.83 -2373.11
-2459.06 -2373.11
-2451.96 -2373.11
-2543.05 -2373.11
-2460.00 -2373.11
-2499.55 -2373.11
-2557.24 -2373.11
-2470.12 -2373.11
-2528.06 -2373.11
-2480.53 -2373.11
-2427.31 -2373.11
-2440.46 -2373.11
-2527.00 -2373.11
-2525.63 -2373.11
-2457.26 -2373.11
-2579.13 -2373.11
-2548.46 -2373.11
-2464.33 -2373.11
-2446.45 -2373.11
-2511.59 -2373.11
-2489.57 -2373.11
-2481.68 -2373.11
-2461.25 -2373.11
-2485.59 -2373.11
-2473.12 -2373.11
-2463.20 -2373.11
-2456.74 -2373.11
-2514.32 -2373.11
-2497.36 -2373.11
-2572.34 -2373.11
-2477.44 -2373.11
-2465.24 -2373.11
-2443.36 -2373.11
-2452.28 -2373.11
-2440.59 -2373.11
-2554.63 -2373.11
-2516.71 -2373.11
-2610.86 -2373.11
-2421.94 -2373.11
-2393.63 -2373.11
-2540.08 -2373.11
-2425.02 -2373.11
-2437.77 -2373.11
-2442.21 -2373.11
-2482.69 -2373.11
-2408.40 -2373.11
-2501.78 -2373.11
-2517.77 -2373.11
-2521.58 -2373.11
-2441.97 -2373.11
-2506.73 -2373.11
-2474.86 -2373.11
-2410.67 -2373.11
-2514.75 -2373.11
-2466.69 -2373.11
-2398.39 -2373.11
-2539.66 -2373.11
-2413.24 -2373.11
-2576.52 -2373.11
-2431.87 -2373.11
-2457.32 -2373.11
-2442.17 -2373.11
-2538.03 -2373.11
-2548.61 -2373.11
-2459.56 -2373.11
-2479.78 -2373.11
-2638.09 -2373.11
-2544.67 -2373.11
-2395.12 -2373.11
-2522.92 -2373.11
-2547.41 -2373.11
-2413.89 -2373.11
-2444.36 -2373.11
-2416.38 -2373.11
-2424.62 -2373.11
-2495.16 -2373.11
-2442.76 -2373.11
-2484.50 -2373.11
-2471.47 -2373.11
-2475.48 -2373.11
-2588.83 -2373.11
-2513.84 -2373.11
-2392.16 -2373.11
-2418.93 -2373.11
-2527.33 -2373.11
-2442.18 -2373.11
-2410.95 -2373.11
-2553.53 -2373.11
-2516.62 -2373.11
-2469.89 -2373.11
-2473.94 -2373.11
-2417.40 -2373.11
-2497.66 -2373.11
-2460.08 -2373.11
-2412.77 -2373.11
-2504.91 -2373.11
-2507.45 -2373.11
-2443.85 -2373.11
-2464.36 -2373.11
-2594.11 -2373.11
-2454.94 -2373.11
-2568.47 -2373.11
-2433.64 -2373.11
-2467.54 -2373.11
-2410.64 -2373.11
-2449.23 -2373.11
-2509.37 -2373.11
-2438.77 -2373.11
-2473.43 -2373.11
-2426.02 -2373.11
-2470.39 -2373.11
-2448.29 -2373.11
-2488.84 -2373.11
-2483.22 -2373.11
-2530.05 -2373.11
-2491.84 -2373.11
-2463.80 -2373.11
-2474.02 -2373.11
-2479.04 -2373.11
-2409.58 -2373.11
-2553.53 -2373.11
-2465.45 -2373.11
-2469.90 -2373.11
-2576.31 -2373.11
-2509.32 -2373.11
-2430.24 -2373.11
-2498.93 -2373.11
-2485.45 -2373.11
-2443.39 -2373.11
-2499.54 -2373.11
-2543.96 -2373.11
-2473.89 -2373.11
-2453.77 -2373.11
-2472.74 -2373.11
-2472.44 -2373.11
-2479.05 -2373.11
-2435.70 -2373.11
-2530.54 -2373.11
-2480.10 -2373.11
-2581.02 -2373.11
-2447.00 -2373.11
-2481.16 -2373.11
-2440.39 -2373.11
-2490.19 -2373.11
-2542.22 -2373.11
-2440.92 -2373.11
-2501.11 -2373.11
-2412.18 -2373.11
-2464.10 -2373.11
-2438.08 -2373.11
-2474.37 -2373.11
-2450.69 -2373.11
-2420.30 -2373.11
-2560.67 -2373.11
-2385.05 -2373.11
-2513.56 -2373.11
-2452.07 -2373.11
-2515.79 -2373.11
-2498.30 -2373.11
-2421.74 -2373.11
-2544.77 -2373.11
-2482.72 -2373.11
-2459.67 -2373.11
-2436.46 -2373.11
-2423.93 -2373.11
-2416.67 -2373.11
-2586.09 -2373.11
-2499.41 -2373.11
-2468.79 -2373.11
-2484.73 -2373.11
-2463.26 -2373.11
-2548.04 -2373.11
-2388.28 -2373.11
-2478.80 -2373.11
-2483.23 -2373.11
-2463.95 -2373.11
-2466.42 -2373.11
-2492.85 -2373.11
-2437.52 -2373.11
-2476.56 -2373.11
-2478.12 -2373.11
-2405.65 -2373.11
-2416.27 -2373.11
-2393.65 -2373.11
-2424.59 -2373.11
-2492.04 -2373.11
-2556.58 -2373.11
-2441.84 -2373.11
-2459.41 -2373.11
-2456.28 -2373.11
-2490.15 -2373.11
-2528.48 -2373.11
-2414.61 -2373.11
-2497.87 -2373.11
-2536.80 -2373.11
-2510.12 -2373.11
-2544.11 -2373.11
-2475.56 -2373.11
-2433.00 -2373.11
-2451.37 -2373.11
-2491.25 -2373.11
-2485.44 -2373.11
-2434.71 -2373.11
-2446.99 -2373.11
-2527.98 -2373.11
-2475.43 -2373.11
-2450.97 -2373.11
-2456.61 -2373.11
-2440.07 -2373.11
-2544.27 -2373.11
-2518.24 -2373.11
-2533.92 -2373.11
-2508.42 -2373.11
-2412.98 -2373.11
-2365.13 -2365.13
-2613.51 -2365.13
-2472.81 -2365.13
-2501.87 -2365.13
-2567.86 -2365.13
-2451.14 -2365.13
-2541.79 -2365.13
-2557.17 -2365.13
-2404.61 -2365.13
-2411.71 -2365.13
-2588.04 -2365.13
-2465.26 -2365.13
-2389.75 -2365.13
-2437.98 -2365.13
-2504.33 -2365.13
-2454.28 -2365.13
-2381.39 -2365.13
-2439.22 -2365.13
-2557.73 -2365.13
-2423.94 -2365.13
-2504.89 -2365.13
-2468.84 -2365.13
-2452.56 -2365.13
-2521.90 -2365.13
-2565.17 -2365.13
-2397.70 -2365.13
-2362.35 -2362.35
-2404.40 -2362.35
-2466.01 -2362.35
-2465.36 -2362.35
-2478.43 -2362.35
-2393.92 -2362.35
-2485.40 -2362.35
-2369.28 -2362.35
-2426.62 -2362.35
-2457.69 -2362.35
-2478.58 -2362.35
-2418.49 -2362.35
-2478.25 -2362.35
-2514.11 -2362.35
-2464.54 -2362.35
-2449.68 -2362.35
-2430.09 -2362.35
-2458.28 -2362.35
-2394.10 -2362.35
-2419.76 -2362.35
-2427.86 -2362.35
-2448.84 -2362.35
-2484.76 -2362.35
-2454.73 -2362.35
-2394.35 -2362.35
-2433.20 -2362.35
-2399.57 -2362.35
-2510.74 -2362.35
-2479.01 -2362.35
-2591.63 -2362.35
-2471.46 -2362.35
-2377.13 -2362.35
-2408.16 -2362.35
-2485.36 -2362.35
-2487.06 -2362.35
-2453.64 -2362.35
-2403.39 -2362.35
-2435.41 -2362.35
-2407.61 -2362.35
-2401.96 -2362.35
-2423.62 -2362.35
-2470.29 -2362.35
-2494.54 -2362.35
-2538.41 -2362.35
-2497.18 -2362.35
-2474.00 -2362.35
-2381.62 -2362.35
-2398.04 -2362.35
-2400.61 -2362.35
-2404.96 -2362.35
-2485.95 -2362.35
-2429.32 -2362.35
-2485.75 -2362.35
-2488.72 -2362.35
-2378.52 -2362.35
-2508.84 -2362.35
-2457.15 -2362.35
-2427.49 -2362.35
-2417.76 -2362.35
-2521.39 -2362.35
-2592.25 -2362.35
-2382.83 -2362.35
-2419.09 -2362.35
-2429.27 -2362.35
-2427.95 -2362.35
-2396.07 -2362.35
-2377.11 -2362.35
-2412.68 -2362.35
-2440.86 -2362.35
-2469.35 -2362.35
-2436.45 -2362.35
-2593.44 -2362.35
-2509.57 -2362.35
-2387.40 -2362.35
-2430.70 -2362.35
-2393.17 -2362.35
-2468.82 -2362.35
-2458.51 -2362.35
-2367.50 -2362.35
-2398.28 -2362.35
-2490.60 -2362.35
-2436.17 -2362.35
-2403.56 -2362.35
-2485.27 -2362.35
-2484.22 -2362.35
-2511.19 -2362.35
-2471.95 -2362.35
-2478.36 -2362.35
-2392.75 -2362.35
-2406.85 -2362.35
-2533.23 -2362.35
-2492.84 -2362.35
-2600.46 -2362.35
-2482.07 -2362.35
-2420.71 -2362.35
-2416.90 -2362.35
-2341.11 -2341.11
-2394.91 -2341.11
-2468.62 -2341.11
-2347.02 -2341.11
-2380.71 -2341.11
-2369.87 -2341.11
-2444.98 -2341.11
-2385.56 -2341.11
-2397.97 -2341.11
-2579.90 -2341.11
-2429.33 -2341.11
-2528.61 -2528.61
-2596.15 -2528.61
-2545.38 -2528.61
-2539.61 -2528.61
-2524.28 -2524.28
-2591.67 -2524.28
-2579.88 -2524.28
-2558.31 -2524.28
-2600.40 -2524.28
-2574.53 -2524.28
-2512.36 -2512.36
-2555.49 -2512.36
-2527.72 -2512.36
-2579.56 -2512.36
-2662.08 -2512.36
-2513.34 -2513.34
-2538.18 -2513.34
-2617.51 -2513.34
-2611.59 -2513.34
-2545.11 -2513.34
-2556.49 -2513.34
-2627.27 -2513.34
-2548.11 -2513.34
-2524.11 -2513.34
-2632.72 -2513.34
-2514.88 -2513.34
-2567.24 -2513.34
-2617.04 -2513.34
-2629.55 -2513.34
-2536.19 -2513.34
-2535.31 -2513.34
-2564.18 -2513.34
-2571.46 -2513.34
-2577.71 -2513.34
-2565.41 -2513.34
-2561.96 -2513.34
-2509.72 -2509.72
-2504.29 -2504.29
-2572.35 -2504.29
-2531.57 -2504.29
-2521.69 -2504.29
-2500.86 -2500.86
-2621.43 -2500.86
-2591.49 -2500.86
-2578.23 -2500.86
-2494.03 -2494.03
-2520.85 -2494.03
-2592.30 -2494.03
-2593.55 -2494.03
-2528.16 -2494.03
-2478.96 -2478.96
-2483.76 -2478.96
-2522.31 -2478.96
-2558.84 -2478.96
-2491.13 -2478.96
-2572.15 -2478.96
-2533.70 -2478.96
-2549.43 -2478.96
-2549.28 -2478.96
-2533.68 -2478.96
-2530.41 -2478.96
-2512.06 -2478.96
-2627.27 -2478.96
-2607.92 -2478.96
-2533.39 -2478.96
-2530.35 -2478.96
-2513.13 -2478.96
-2533.72 -2478.96
-2553.13 -2478.96
-2563.42 -2478.96
-2496.63 -2478.96
-2547.48 -2478.96
-2524.33 -2478.96
-2621.04 -2478.96
-2484.48 -2478.96
-2476.45 -2476.45
-2595.04 -2476.45
-2522.07 -2476.45
-2558.04 -2476.45
-2550.82 -2476.45
-2498.69 -2476.45
-2577.70 -2476.45
-2525.07 -2476.45
-2483.29 -2476.45
-2517.11 -2476.45
-2508.68 -2476.45
-2502.05 -2476.45
-2530.07 -2476.45
-2524.17 -2476.45
-2524.93 -2476.45
-2558.64 -2476.45
-2644.29 -2476.45
-2617.95 -2476.45
-2498.15 -2476.45
-2591.03 -2476.45
-2550.48 -2476.45
-2573.87 -2476.45
-2484.59 -2476.45
-2519.58 -2476.45
-2500.73 -2476.45
-2511.61 -2476.45
-2578.15 -2476.45
-2523.37 -2476.45
-2492.85 -2476.45
-2639.60 -2476.45
-2544.07 -2476.45
-2529.64 -2476.45
-2622.58 -2476.45
-2518.21 -2476.45
-2560.87 -2476.45
-2564.23 -2476.45
-2537.84 -2476.45
-2523.68 -2476.45
-2408.23 -2408.23
-2511.85 -2408.23
-2445.58 -2408.23
-2430.80 -2408.23
-2472.68 -2408.23
-2471.53 -2408.23
-2474.27 -2408.23
-2592.23 -2408.23
-2459.46 -2408.23
-2436.62 -2408.23
-2510.72 -2408.23
-2445.51 -2408.23
-2495.76 -2408.23
-2461.60 -2408.23
-2459.29 -2408.23
-2505.04 -2408.23
-2417.98 -2408.23
-2557.27 -2408.23
-2439.85 -2408.23
-2540.29 -2408.23
-2595.05 -2408.23
-2572.95 -2408.23
-2486.25 -2408.23
-2581.15 -2408.23
-2593.27 -2408.23
-2520.08 -2408.23
-2505.47 -2408.23
-2396.82 -2396.82
-2397.43 -2397.43
-2530.22 -2397.43
-2410.58 -2397.43
-2467.65 -2397.43
-2311.44 -2311.44
-2418.51 -2311.44
-2394.34 -2311.44
-2434.28 -2311.44
-2349.00 -2311.44
-2427.58 -2311.44
-2427.39 -2311.44
-2345.14 -2311.44
-2438.25 -2311.44
-2372.07 -2311.44
-2338.19 -2311.44
-2506.68 -2311.44
-2422.58 -2311.44
-2436.29 -2311.44
-2368.85 -2311.44
-2471.93 -2311.44
-2354.59 -2311.44
-2474.41 -2311.44
-2358.68 -2311.44
-2394.35 -2311.44
-2398.39 -2311.44
-2390.54 -2311.44
-2335.25 -2311.44
-2417.12 -2311.44
-2418.13 -2311.44
-2385.28 -2311.44
-2533.83 -2311.44
-2326.55 -2311.44
-2513.80 -2311.44
-2384.45 -2311.44
-2504.51 -2311.44
-2533.29 -2311.44
-2469.36 -2311.44
-2407.60 -2311.44
-2447.18 -2311.44
-2427.67 -2311.44
-2442.67 -2311.44
-2417.93 -2311.44
-2365.11 -2311.44
-2432.58 -2311.44
-2383.54 -2311.44
-2401.90 -2311.44
-2463.19 -2311.44
-2449.68 -2311.44
-2557.67 -2311.44
-2398.40 -2311.44
-2335.09 -2311.44
-2322.87 -2311.44
-2318.96 -2311.44
-2356.19 -2311.44
-2450.59 -2311.44
-2467.46 -2311.44
-2506.00 -2311.44
-2324.95 -2311.44
-2407.01 -2311.44
-2441.66 -2311.44
-2493.92 -2311.44
-2381.83 -2311.44
-2454.66 -2311.44
-2442.27 -2311.44
-2403.66 -2311.44
-2412.47 -2311.44
-2439.08 -2311.44
-2336.94 -2311.44
-2397.68 -2311.44
-2413.73 -2311.44
-2462.87 -2311.44
-2440.51 -2311.44
-2487.77 -2311.44
-2424.24 -2311.44
-2485.99 -2311.44
-2391.66 -2311.44
-2377.90 -2311.44
-2494.31 -2311.44
-2408.85 -2311.44
-2410.10 -2311.44
-2479.11 -2311.44
-2406.66 -2311.44
-2450.32 -2311.44
-2469.24 -2311.44
-2426.62 -2311.44
-2407.09 -2311.44
-2335.43 -2311.44
-2392.09 -2311.44
-2462.62 -2311.44
-2352.91 -2311.44
-2358.75 -2311.44
-2413.37 -2311.44
-2418.12 -2311.44
-2424.44 -2311.44
-2366.84 -2311.44
-2384.58 -2311.44
-2464.41 -2311.44
-2448.20 -2311.44
-2386.24 -2311.44
-2343.30 -2311.44
-2354.28 -2311.44
-2512.74 -2311.44
-2454.19 -2311.44
-2458.51 -2311.44
-2412.52 -2311.44
-2379.27 -2311.44
-2363.66 -2311.44
-2369.06 -2311.44
-2465.82 -2311.44
-2423.22 -2311.44
-2417.11 -2311.44
-2452.62 -2311.44
-2369.69 -2311.44
-2397.31 -2311.44
-2444.64 -2311.44
-2378.60 -2311.44
-2374.26 -2311.44
-2490.21 -2311.44
-2506.64 -2311.44
-2367.29 -2311.44
-2432.58 -2311.44
-2421.49 -2311.44
-2453.16 -2311.44
-2414.81 -2311.44
-2389.01 -2311.44
-2441.41 -2311.44
-2441.89 -2311.44
-2421.24 -2311.44
-2435.02 -2311.44
-2503.26 -2311.44
-2386.52 -2311.44
-2456.61 -2311.44
-2348.75 -2311.44
-2438.57 -2311.44
-2476.06 -2311.44
-2500.62 -2311.44
-2393.27 -2311.44
-2339.71 -2311.44
-2340.63 -2311.44
-2380.05 -2311.44
-2570.69 -2311.44
-2407.18 -2311.44
-2409.83 -2311.44
-2421.67 -2311.44
-2416.04 -2311.44
-2441.87 -2311.44
-2467.68 -2311.44
-2353.41 -2311.44
-2429.26 -2311.44
-2452.63 -2311.44
-2447.80 -2311.44
-2394.09 -2311.44
-2397.17 -2311.44
-2526.83 -2311.44
-2458.62 -2311.44
-2443.32 -2311.44
-2380.35 -2311.44
-2370.21 -2311.44
-2433.26 -2311.44
-2465.85 -2311.44
-2313.82 -2311.44
-2401.25 -2311.44
-2406.95 -2311.44
-2458.78 -2311.44
-2318.73 -2311.44
-2319.25 -2311.44
-2400.57 -2311.44
-2370.73 -2311.44
-2352.77 -2311.44
-2492.46 -2311.44
-2486.10 -2311.44
-2437.60 -2311.44
-2448.06 -2311.44
-2385.96 -2311.44
-2417.97 -2311.44
-2355.43 -2311.44
-2359.76 -2311.44
-2428.92 -2311.44
-2551.89 -2311.44
-2480.27 -2311.44
-2529.32 -2311.44
-2374.34 -2311.44
-2396.66 -2311.44
-2584.41 -2311.44
-2498.52 -2311.44
-2434.39 -2311.44
-2413.58 -2311.44
-2390.75 -2311.44
-2410.63 -2311.44
-2459.25 -2311.44
-2436.76 -2311.44
-2401.88 -2311.44
-2362.15 -2311.44
-2462.76 -2311.44
-2417.64 -2311.44
-2390.55 -2311.44
-2361.92 -2311.44
-2329.60 -2311.44
-2538.15 -2311.44
-2429.68 -2311.44
-2374.32 -2311.44
-2372.09 -2311.44
-2458.38 -2311.44
-2367.52 -2311.44
-2370.94 -2311.44
-2346.62 -2311.44
-2351.62 -2311.44
-2375.90 -2311.44
-2406.95 -2311.44
-2526.79 -2311.44
-2399.95 -2311.44
-2369.66 -2311.44
-2458.69 -2311.44
-2405.99 -2311.44
-2379.42 -2311.44
-2412.47 -2311.44
-2533.87 -2311.44
-2358.76 -2311.44
-2383.26 -2311.44
-2435.40 -2311.44
-2447.20 -2311.44
-2361.69 -2311.44
-2443.00 -2311.44
-2436.23 -2311.44
-2386.97 -2311.44
-2425.18 -2311.44
-2321.85 -2311.44
-2483.61 -2311.44
-2372.06 -2311.44
-2335.76 -2311.44
-2439.75 -2311.44
-2394.43 -2311.44
-2497.07 -2311.44
-2503.14 -2311.44
-2416.47 -2311.44
-2568.72 -2311.44
-2569.81 -2311.44
-2463.59 -2311.44
-2392.21 -2311.44
-2422.34 -2311.44
-2393.11 -2311.44
-2522.50 -2311.44
-2371.95 -2311.44
-2362.44 -2311.44
-2484.72 -2311.44
-2383.84 -2311.44
-2301.46 -2301.46
-2407.32 -2301.46
-2526.83 -2301.46
-2348.70 -2301.46
-2272.11 -2272.11
-2413.34 -2272.11
-2452.76 -2272.11
-2344.56 -2272.11
-2468.11 -2272.11
-2429.74 -2272.11
-2375.72 -2272.11
-2349.68 -2272.11
-2345.14 -2272.11
-2281.35 -2272.11
-2329.80 -2272.11
-2392.76 -2272.11
-2377.50 -2272.11
-2326.69 -2272.11
-2445.07 -2272.11
-2434.17 -2272.11
-2402.04 -2272.11
-2399.86 -2272.11
-2312.62 -2272.11
-2362.98 -2272.11
-2364.45 -2272.11
-2377.75 -2272.11
-2486.46 -2272.11
-2311.44 -2272.11
-2343.62 -2272.11
-2586.25 -2272.11
-2574.78 -2272.11
-2514.47 -2514.47
-2589.66 -2514.47
-2499.61 -2499.61
-2591.76 -2499.61
-2564.50 -2499.61
-2559.78 -2499.61
-2539.90 -2499.61
-2490.53 -2490.53
-2492.64 -2490.53
-2494.70 -2490.53
-2558.93 -2490.53
-2547.36 -2490.53
-2564.45 -2490.53
-2526.63 -2490.53
-2578.98 -2490.53
-2571.57 -2490.53
-2543.96 -2490.53
-2513.20 -2490.53
-2528.79 -2490.53
-2506.31 -2490.53
-2498.30 -2490.53
-2532.52 -2490.53
-2598.22 -2490.53
-2551.89 -2490.53
-2517.57 -2490.53
-2554.93 -2490.53
-2512.26 -2490.53
-2524.17 -2490.53
-2528.37 -2490.53
-2578.29 -2490.53
-2506.69 -2490.53
-2541.33 -2490.53
-2543.53 -2490.53
-2645.19 -2490.53
-2558.20 -2490.53
-2476.23 -2476.23
-2493.11 -2476.23
-2462.59 -2462.59
-2665.79 -2462.59
-2626.41 -2462.59
-2506.18 -2462.59
-2488.18 -2462.59
-2495.88 -2462.59
-2463.77 -2462.59
-2461.30 -2461.30
-2490.53 -2461.30
-2454.09 -2454.09
-2465.23 -2454.09
-2489.87 -2454.09
-2533.49 -2454.09
-2547.97 -2454.09
-2482.22 -2454.09
-2515.10 -2454.09
-2491.61 -2454.09
-2543.01 -2454.09
-2445.92 -2445.92
-2493.16 -2445.92
-2464.47 -2445.92
-2522.96 -2445.92
-2471.62 -2445.92
-2508.91 -2445.92
-2517.46 -2445.92
-2482.16 -2445.92
-2512.65 -2445.92
-2529.49 -2445.92
-2511.16 -2445.92
-2477.03 -2445.92
-2542.65 -2445.92
-2510.99 -2445.92
-2494.22 -2445.92
-2483.53 -2445.92
-2472.83 -2445.92
-2514.10 -2445.92
-2610.31 -2445.92
-2508.45 -2445.92
-2452.57 -2445.92
-2521.69 -2445.92
-2503.14 -2445.92
-2491.80 -2445.92
-2466.51 -2445.92
-2517.38 -2445.92
-2609.44 -2445.92
-2625.44 -2445.92
-2523.27 -2445.92
-2512.93 -2445.92
-2482.41 -2445.92
-2469.10 -2445.92
-2480.32 -2445.92
-2500.31 -2445.92
-2491.09 -2445.92
-2499.33 -2445.92
-2562.83 -2445.92
-2524.10 -2445.92
-2533.35 -2445.92
-2511.21 -2445.92
-2546.09 -2445.92
-2494.01 -2445.92
-2523.72 -2445.92
-2484.20 -2445.92
-2524.71 -2445.92
-2604.63 -2445.92
-2502.59 -2445.92
-2650.65 -2445.92
-2562.56 -2445.92
-2521.43 -2445.92
-2494.80 -2445.92
-2573.24 -2445.92
-2583.64 -2445.92
-2494.17 -2445.92
-2565.31 -2445.92
-2497.70 -2445.92
-2483.02 -2445.92
-2431.73 -2431.73
-2493.24 -2431.73
-2528.86 -2431.73
-2500.82 -2431.73
-2522.89 -2431.73
-2506.11 -2431.73
-2453.20 -2431.73
-2475.37 -2431.73
-2492.05 -2431.73
-2628.96 -2431.73
-2438.47 -2431.73
-2514.97 -2431.73
-2467.93 -2431.73
-2498.92 -2431.73
-2549.68 -2431.73
-2440.54 -2431.73
-2492.91 -2431.73
-2526.22 -2431.73
-2492.72 -2431.73
-2500.21 -2431.73
-2480.14 -2431.73
-2423.95 -2423.95
-2513.83 -2423.95
-2499.17 -2423.95
-2470.40 -2423.95
-2490.68 -2423.95
-2507.24 -2423.95
-2474.02 -2423.95
-2399.82 -2399.82
-2456.02 -2399.82
-2510.63 -2399.82
-2498.04 -2399.82
-2508.33 -2399.82
-2492.79 -2399.82
-2471.62 -2399.82
-2482.08 -2399.82
-2553.87 -2399.82
-2545.48 -2399.82
-2441.80 -2399.82
-2426.96 -2399.82
-2488.39 -2399.82
-2496.00 -2399.82
-2421.29 -2399.82
-2546.46 -2399.82
-2470.76 -2399.82
-2469.59 -2399.82
-2527.57 -2399.82
-2428.97 -2399.82
-2647.47 -2399.82
-2485.70 -2399.82
-2501.44 -2399.82
-2439.83 -2399.82
-2517.36 -2399.82
-2535.23 -2399.82
-2451.73 -2399.82
-2453.30 -2399.82
-2576.32 -2399.82
-2412.40 -2399.82
-2489.96 -2399.82
-2454.73 -2399.82
-2486.11 -2399.82
-2439.16 -2399.82
-2479.55 -2399.82
-2443.59 -2399.82
-2392.43 -2392.43
-2432.30 -2392.43
-2400.99 -2392.43
-2457.19 -2392.43
-2417.81 -2392.43
-2424.85 -2392.43
-2448.40 -2392.43
-2473.42 -2392.43
-2599.02 -2392.43
-2397.73 -2392.43
-2446.98 -2392.43
-2438.65 -2392.43
-2478.58 -2392.43
-2408.13 -2392.43
-2466.36 -2392.43
-2447.87 -2392.43
-2447.93 -2392.43
-2453.07 -2392.43
-2410.78 -2392.43
-2478.81 -2392.43
-2528.91 -2392.43
-2495.03 -2392.43
-2443.97 -2392.43
-2525.54 -2392.43
-2460.88 -2392.43
-2427.85 -2392.43
-2398.82 -2392.43
-2471.15 -2392.43
-2550.28 -2392.43
-2457.20 -2392.43
-2530.61 -2392.43
-2561.75 -2392.43
-2528.81 -2392.43
-2433.36 -2392.43
-2427.22 -2392.43
-2436.73 -2392.43
-2497.78 -2392.43
-2424.84 -2392.43
-2602.11 -2392.43
-2523.53 -2392.43
-2474.52 -2392.43
-2476.11 -2392.43
-2511.79 -2392.43
-2450.68 -2392.43
-2550.65 -2392.43
-2482.05 -2392.43
-2473.42 -2392.43
-2585.86 -2392.43
-2409.01 -2392.43
-2454.35 -2392.43
-2485.37 -2392.43
-2519.49 -2392.43
-2434.16 -2392.43
-2454.42 -2392.43
-2426.28 -2392.43
-2513.57 -2392.43
-2533.58 -2392.43
-2452.10 -2392.43
-2570.45 -2392.43
-2427.11 -2392.43
-2443.62 -2392.43
-2512.83 -2392.43
-2364.70 -2364.70
-2495.90 -2364.70
-2493.81 -2364.70
-2397.86 -2364.70
-2505.77 -2364.70
-2425.73 -2364.70
-2468.98 -2364.70
-2456.60 -2364.70
-2519.46 -2364.70
-2449.78 -2364.70
-2359.36 -2359.36
-2314.17 -2314.17
-2328.68 -2314.17
-2412.74 -2314.17
-2451.39 -2314.17
-2295.64 -2295.64
-2363.15 -2295.64
-2324.77 -2295.64
-2355.40 -2295.64
-2343.99 -2295.64
-2389.14 -2295.64
-2313.89 -2295.64
-2384.36 -2295.64
-2411.37 -2295.64
-2311.36 -2295.64
-2319.88 -2295.64
-2290.17 -2290.17
-2264.13 -2264.13
-2308.57 -2264.13
-2285.12 -2264.13
-2254.67 -2254.67
-2349.37 -2254.67
-2339.51 -2254.67
-2336.11 -2254.67
-2257.46 -2254.67
-2309.27 -2254.67
-2069.97 -2069.97
-2232.87 -2069.97
-2288.34 -2069.97
-2152.42 -2069.97
-2161.16 -2069.97
-2321.10 -2069.97
-2265.22 -2069.97
-2152.68 -2069.97
-2190.33 -2069.97
-2379.38 -2069.97
-2321.82 -2069.97
-2338.00 -2069.97
-2232.18 -2069.97
-2266.22 -2069.97
-2306.32 -2069.97
-2254.36 -2069.97
-2235.27 -2069.97
-2497.07 -2069.97
-2264.84 -2069.97
-2416.99 -2069.97
-2217.61 -2069.97
-2291.39 -2069.97
-2325.12 -2069.97
-2292.35 -2069.97
-2271.27 -2069.97
-2365.82 -2069.97
-2274.86 -2069.97
-2290.78 -2069.97
-2217.87 -2069.97
-2332.06 -2069.97
-2331.95 -2069.97
-2261.58 -2069.97
-2303.40 -2069.97
-2219.87 -2069.97
-2199.24 -2069.97
-2262.99 -2069.97
-2291.92 -2069.97
-2243.50 -2069.97
-2218.31 -2069.97
-2314.47 -2069.97
-2236.57 -2069.97
-2165.69 -2069.97
-2233.92 -2069.97
-2350.21 -2069.97
-2294.60 -2069.97
-2292.04 -2069.97
-2354.80 -2069.97
-2293.07 -2069.97
-2259.65 -2069.97
-2337.65 -2069.97
-2240.98 -2069.97
-2311.30 -2069.97
-2296.36 -2069.97
-2217.34 -2069.97
-2227.04 -2069.97
-2354.16 -2069.97
-2246.00 -2069.97
-2369.20 -2069.97
-2315.40 -2069.97
-2250.99 -2069.97
-2269.26 -2069.97
-2341.64 -2069.97
-2216.56 -2069.97
-2381.37 -2069.97
-2250.93 -2069.97
-2172.72 -2069.97
-2331.76 -2069.97
-2137.30 -2069.97
-2323.38 -2069.97
-2213.99 -2069.97
-2212.35 -2069.97
-2194.64 -2069.97
-2314.05 -2069.97
-2249.24 -2069.97
-2245.39 -2069.97
-2240.94 -2069.97
-2242.02 -2069.97
-2298.40 -2069.97
-2435.08 -2069.97
-2369.80 -2069.97
-2291.39 -2069.97
-2271.77 -2069.97
-2266.08 -2069.97
-2306.55 -2069.97
-2269.33 -2069.97
-2256.78 -2069.97
-2266.54 -2069.97
-2283.22 -2069.97
-2442.73 -2069.97
-2218.29 -2069.97
-2322.76 -2069.97
-2267.59 -2069.97
-2331.50 -2069.97
-2216.14 -2069.97
-2386.98 -2069.97
-2285.51 -2069.97
-2236.70 -2069.97
-2465.82 -2069.97
-2248.14 -2069.97
-2291.69 -2069.97
-2277.31 -2069.97
-2280.75 -2069.97
-2264.31 -2069.97
-2266.93 -2069.97
-2290.82 -2069.97
-2257.22 -2069.97
-2309.84 -2069.97
-2313.74 -2069.97
-2279.95 -2069.97
-2226.19 -2069.97
-2301.57 -2069.97
-2290.06 -2069.97
-2310.23 -2069.97
-2342.63 -2069.97
-2242.68 -2069.97
-2197.09 -2069.97
-2305.10 -2069.97
-2262.15 -2069.97
-2125.47 -2069.97
-2208.92 -2069.97
-2146.99 -2069.97
-2236.79 -2069.97
-2179.61 -2069.97
-2254.95 -2069.97
-2224.56 -2069.97
-2265.37 -2069.97
-2191.10 -2069.97
-2286.84 -2069.97
-2201.36 -2069.97
-2178.06 -2069.97
-2334.36 -2069.97
-2325.10 -2069.97
-2216.65 -2069.97
-2202.83 -2069.97
-2252.96 -2069.97
-2289.51 -2069.97
-2206.32 -2069.97
-2120.36 -2069.97
-2399.94 -2069.97
-2318.61 -2069.97
-2575.06 -2069.97
-2528.62 -2528.62
-2513.51 -2513.51
-2557.83 -2513.51
-2540.84 -2513.51
-2528.75 -2513.51
-2530.71 -2513.51
-2523.19 -2513.51
-2508.08 -2508.08
-2546.93 -2508.08
-2503.99 -2503.99
-2576.84 -2503.99
-2549.24 -2503.99
-2508.24 -2503.99
-2578.04 -2503.99
-2476.81 -2476.81
-2576.89 -2476.81
-2553.98 -2476.81
-2607.26 -2476.81
-2485.27 -2476.81
-2543.40 -2476.81
-2501.04 -2476.81
-2603.79 -2476.81
-2634.62 -2476.81
-2589.17 -2476.81
-2566.05 -2476.81
-2536.31 -2476.81
-2562.70 -2476.81
-2591.34 -2476.81
-2558.64 -2476.81
-2533.10 -2476.81
-2577.10 -2476.81
-2495.27 -2476.81
-2533.01 -2476.81
-2509.64 -2476.81
-2585.83 -2476.81
-2516.91 -2476.81
-2544.43 -2476.81
-2548.47 -2476.81
-2573.89 -2476.81
-2547.95 -2476.81
-2630.71 -2476.81
-2504.44 -2476.81
-2640.21 -2476.81
-2527.70 -2476.81
-2598.92 -2476.81
-2532.02 -2476.81
-2589.20 -2476.81
-2487.75 -2476.81
-2536.49 -2476.81
-2521.09 -2476.81
-2562.25 -2476.81
-2506.05 -2476.81
-2559.70 -2476.81
-2532.66 -2476.81
-2506.53 -2476.81
-2506.28 -2476.81
-2501.81 -2476.81
-2549.69 -2476.81
-2504.32 -2476.81
-2463.95 -2463.95
-2551.76 -2463.95
-2542.70 -2463.95
-2489.30 -2463.95
-2654.66 -2463.95
-2474.04 -2463.95
-2571.51 -2463.95
-2491.79 -2463.95
-2513.80 -2463.95
-2494.60 -2463.95
-2533.79 -2463.95
-2535.29 -2463.95
-2486.43 -2463.95
-2536.76 -2463.95
-2567.61 -2463.95
-2533.74 -2463.95
-2503.67 -2463.95
-2494.58 -2463.95
-2495.66 -2463.95
-2535.93 -2463.95
-2542.36 -2463.95
-2587.21 -2463.95
-2609.11 -2463.95
-2574.92 -2463.95
-2506.97 -2463.95
-2528.06 -2463.95
-2503.53 -2463.95
-2499.87 -2463.95
-2545.51 -2463.95
-2566.37 -2463.95
-2620.94 -2463.95
-2532.69 -2463.95
-2584.97 -2463.95
-2528.91 -2463.95
-2475.91 -2463.95
-2496.63 -2463.95
-2452.97 -2452.97
-2587.08 -2452.97
-2502.14 -2452.97
-2495.77 -2452.97
-2504.79 -2452.97
-2530.29 -2452.97
-2509.51 -2452.97
-2530.18 -2452.97
-2488.38 -2452.97
-2500.11 -2452.97
-2504.62 -2452.97
-2590.11 -2452.97
-2481.91 -2452.97
-2505.09 -2452.97
-2548.49 -2452.97
-2525.23 -2452.97
-2522.60 -2452.97
-2562.36 -2452.97
-2486.14 -2452.97
-2544.83 -2452.97
-2455.34 -2452.97
-2482.09 -2452.97
-2515.99 -2452.97
-2469.27 -2452.97
-2563.47 -2452.97
-2453.39 -2453.39
-2583.81 -2453.39
-2508.78 -2453.39
-2483.24 -2453.39
-2507.22 -2453.39
-2493.64 -2453.39
-2507.65 -2453.39
-2452.31 -2452.31
-2513.77 -2452.31
-2483.46 -2452.31
-2473.94 -2452.31
-2587.02 -2452.31
-2528.63 -2452.31
-2486.03 -2452.31
-2519.10 -2452.31
-2447.60 -2447.60
-2545.24 -2447.60
-2516.76 -2447.60
-2517.91 -2447.60
-2582.85 -2447.60
-2512.75 -2447.60
-2500.96 -2447.60
-2571.10 -2447.60
-2431.38 -2431.38
-2561.38 -2431.38
-2515.58 -2431.38
-2547.52 -2431.38
-2423.44 -2423.44
-2495.56 -2423.44
-2490.91 -2423.44
-2492.75 -2423.44
-2457.48 -2423.44
-2536.68 -2423.44
-2515.46 -2423.44
-2506.64 -2423.44
-2514.92 -2423.44
-2495.22 -2423.44
-2512.71 -2423.44
-2617.78 -2423.44
-2528.70 -2423.44
-2505.72 -2423.44
-2523.35 -2423.44
-2526.49 -2423.44
-2589.43 -2423.44
-2522.71 -2423.44
-2537.97 -2423.44
-2477.36 -2423.44
-2452.35 -2423.44
-2553.38 -2423.44
-2515.70 -2423.44
-2534.77 -2423.44
-2472.72 -2423.44
-2488.38 -2423.44
-2574.70 -2423.44
-2622.98 -2423.44
-2566.09 -2423.44
-2553.90 -2423.44
-2511.72 -2423.44
-2461.46 -2423.44
-2488.89 -2423.44
-2519.82 -2423.44
-2534.29 -2423.44
-2477.09 -2423.44
-2476.82 -2423.44
-2419.48 -2419.48
-2501.74 -2419.48
-2449.76 -2419.48
-2485.36 -2419.48
-2411.64 -2411.64
-2486.44 -2411.64
-2454.60 -2411.64
-2499.43 -2411.64
-2464.15 -2411.64
-2441.73 -2411.64
-2457.08 -2411.64
-2439.25 -2411.64
-2503.74 -2411.64
-2432.08 -2411.64
-2448.64 -2411.64
-2548.34 -2411.64
-2506.87 -2411.64
-2352.56 -2352.56
-2379.85 -2352.56
-2423.42 -2352.56
-2465.00 -2352.56
-2536.85 -2352.56
-2518.35 -2352.56
-2475.60 -2352.56
-2468.28 -2352.56
-2411.22 -2352.56
-2454.99 -2352.56
-2431.46 -2352.56
-2448.18 -2352.56
-2527.10 -2352.56
-2538.38 -2352.56
-2468.69 -2352.56
-2467.07 -2352.56
-2467.57 -2352.56
-2432.56 -2352.56
-2406.65 -2352.56
-2395.97 -2352.56
-2476.19 -2352.56
-2384.69 -2352.56
-2328.42 -2328.42
-2357.64 -2328.42
-2440.98 -2328.42
-2453.94 -2328.42
-2404.63 -2328.42
-2491.03 -2328.42
-2320.44 -2320.44
-2349.40 -2320.44
-2352.95 -2320.44
-2452.90 -2320.44
-2335.25 -2320.44
-2381.79 -2320.44
-2327.67 -2320.44
-2406.30 -2320.44
-2479.08 -2320.44
-2433.38 -2320.44
-2372.88 -2320.44
-2390.96 -2320.44
-2381.60 -2320.44
-2336.77 -2320.44
-2381.70 -2320.44
-2404.31 -2320.44
-2394.35 -2320.44
-2364.63 -2320.44
-2348.25 -2320.44
-2515.61 -2320.44
-2332.10 -2320.44
-2428.79 -2320.44
-2368.77 -2320.44
-2405.19 -2320.44
-2309.45 -2309.45
-2243.85 -2243.85
-2255.74 -2243.85
-2303.58 -2243.85
-2303.18 -2243.85
-2137.18 -2137.18
-2315.91 -2137.18
-2161.41 -2137.18
-2133.83 -2133.83
-2145.69 -2133.83
-2178.05 -2133.83
-2232.67 -2133.83
-2214.43 -2133.83
-2130.54 -2130.54
-2353.48 -2130.54
-2250.78 -2130.54
-2122.08 -2122.08
-1989.38 -1989.38
-2159.17 -1989.38
-2115.63 -1989.38
-2263.52 -1989.38
-2022.30 -1989.38
-2165.30 -1989.38
-2113.43 -1989.38
-2158.48 -1989.38
-2109.00 -1989.38
-2194.33 -1989.38
-2128.47 -1989.38
-1907.78 -1907.78
-2034.70 -1907.78
-2193.85 -1907.78
-2269.78 -1907.78
-2017.94 -1907.78
-2169.56 -1907.78
-2070.57 -1907.78
-2470.36 -1907.78
-2323.46 -1907.78
-2022.82 -1907.78
-2061.05 -1907.78
-2168.37 -1907.78
-1978.05 -1907.78
-2026.54 -1907.78
-1967.49 -1907.78
-2072.49 -1907.78
-2043.03 -1907.78
-2047.04 -1907.78
-2117.00 -1907.78
-2159.76 -1907.78
-2037.61 -1907.78
-2176.86 -1907.78
-1968.07 -1907.78
-2126.27 -1907.78
-2140.69 -1907.78
-2164.21 -1907.78
-2101.81 -1907.78
-2020.26 -1907.78
-2156.06 -1907.78
-2125.03 -1907.78
-2107.01 -1907.78
-2217.16 -1907.78
-2114.82 -1907.78
-2241.33 -1907.78
-2041.90 -1907.78
-2217.46 -1907.78
-1959.83 -1907.78
-2113.82 -1907.78
-2119.45 -1907.78
-2052.54 -1907.78
-2176.59 -1907.78
-2157.09 -1907.78
-1897.13 -1897.13
-2180.49 -1897.13
-2239.41 -1897.13
-2145.02 -1897.13
-2169.53 -1897.13
-2137.52 -1897.13
-1950.33 -1897.13
-2113.89 -1897.13
-2106.50 -1897.13
-1989.06 -1897.13
-1954.79 -1897.13
-1963.74 -1897.13
-2095.91 -1897.13
-2088.90 -1897.13
-2096.70 -1897.13
-2143.80 -1897.13
-2149.63 -1897.13
-2272.67 -1897.13
-1886.94 -1886.94
-2153.13 -1886.94
-2129.48 -1886.94
-2258.09 -1886.94
-2207.16 -1886.94
-2296.45 -1886.94
-2172.58 -1886.94
-2158.07 -1886.94
-2052.06 -1886.94
-2017.82 -1886.94
-2282.32 -1886.94
-2155.12 -1886.94
-2201.60 -1886.94
-2221.82 -1886.94
-2050.55 -1886.94
-2234.43 -1886.94
-2109.98 -1886.94
-2260.04 -1886.94
-2057.12 -1886.94
-2267.39 -1886.94
-2166.89 -1886.94
-2156.37 -1886.94
-2077.02 -1886.94
-2171.24 -1886.94
-2036.69 -1886.94
-2103.67 -1886.94
-2240.64 -1886.94
-2058.86 -1886.94
-2042.17 -1886.94
-2129.84 -1886.94
-2072.21 -1886.94
-2178.77 -1886.94
-1915.45 -1886.94
-2281.74 -1886.94
-2090.87 -1886.94
-2128.78 -1886.94
-2090.83 -1886.94
-2202.03 -1886.94
-1969.21 -1886.94
-2087.41 -1886.94
-2033.40 -1886.94
-2212.76 -1886.94
-2097.77 -1886.94
-2194.38 -1886.94
-2126.96 -1886.94
-2177.58 -1886.94
-2093.14 -1886.94
-2134.64 -1886.94
-2154.16 -1886.94
-2122.31 -1886.94
-2042.48 -1886.94
-2294.43 -1886.94
-2125.11 -1886.94
-2082.44 -1886.94
-2149.34 -1886.94
-2094.65 -1886.94
-2078.69 -1886.94
-2090.22 -1886.94
-2073.30 -1886.94
-2012.81 -1886.94
-2146.33 -1886.94
-2096.38 -1886.94
-2131.37 -1886.94
-2265.46 -1886.94
-2175.28 -1886.94
-2085.27 -1886.94
-2122.50 -1886.94
-2119.53 -1886.94
-2166.23 -1886.94
-2051.29 -1886.94
-2213.07 -1886.94
-2155.91 -1886.94
-2179.83 -1886.94
-2064.29 -1886.94
-2624.36 -1886.94
-2610.17 -1886.94
-2588.59 -1886.94
-2544.96 -1886.94
-2631.64 -1886.94
-2515.41 -2515.41
-2525.03 -2515.41
-2647.13 -2515.41
-2502.47 -2502.47
-2556.86 -2502.47
-2575.55 -2502.47
-2538.17 -2502.47
-2460.24 -2460.24
-2480.10 -2460.24
-2492.73 -2460.24
-2503.30 -2460.24
-2548.20 -2460.24
-2479.75 -2460.24
-2534.91 -2460.24
-2500.12 -2460.24
-2524.43 -2460.24
-2562.05 -2460.24
-2567.95 -2460.24
-2497.28 -2460.24
-2508.17 -2460.24
-2507.09 -2460.24
-2486.17 -2460.24
-2472.84 -2460.24
-2467.61 -2460.24
-2498.48 -2460.24
-2477.77 -2460.24
-2507.49 -2460.24
-2478.37 -2460.24
-2508.05 -2460.24
-2515.87 -2460.24
-2548.34 -2460.24
-2632.94 -2460.24
-2633.64 -2460.24
-2492.85 -2460.24
-2517.50 -2460.24
-2495.51 -2460.24
-2541.06 -2460.24
-2522.27 -2460.24
-2474.35 -2460.24
-2561.24 -2460.24
-2556.08 -2460.24
-2553.30 -2460.24
-2445.93 -2445.93
-2488.55 -2445.93
-2531.93 -2445.93
-2470.86 -2445.93
-2501.14 -2445.93
-2495.92 -2445.93
-2454.80 -2445.93
-2532.53 -2445.93
-2499.56 -2445.93
-2512.73 -2445.93
-2589.23 -2445.93
-2565.66 -2445.93
-2548.59 -2445.93
-2537.40 -2445.93
-2516.62 -2445.93
-2509.11 -2445.93
-2485.68 -2445.93
-2473.32 -2445.93
-2552.52 -2445.93
-2527.58 -2445.93
-2491.42 -2445.93
-2613.01 -2445.93
-2525.08 -2445.93
-2526.59 -2445.93
-2508.09 -2445.93
-2495.07 -2445.93
-2497.91 -2445.93
-2535.92 -2445.93
-2534.52 -2445.93
-2514.55 -2445.93
-2444.79 -2444.79
-2453.97 -2444.79
-2465.51 -2444.79
-2432.14 -2432.14
-2469.57 -2432.14
-2442.51 -2432.14
-2517.10 -2432.14
-2468.11 -2432.14
-2451.85 -2432.14
-2542.26 -2432.14
-2505.80 -2432.14
-2456.80 -2432.14
-2445.28 -2432.14
-2489.51 -2432.14
-2500.53 -2432.14
-2448.71 -2432.14
-2573.25 -2432.14
-2550.98 -2432.14
-2573.91 -2432.14
-2433.32 -2433.32
-2444.25 -2433.32
-2559.65 -2433.32
-2500.99 -2433.32
-2526.50 -2433.32
-2461.69 -2433.32
-2492.88 -2433.32
-2477.34 -2433.32
-2386.18 -2386.18
-2439.16 -2386.18
-2493.25 -2386.18
-2518.71 -2386.18
-2490.90 -2386.18
-2408.99 -2386.18
-2586.08 -2386.18
-2446.34 -2386.18
-2490.21 -2386.18
-2477.78 -2386.18
-2513.46 -2386.18
-2501.20 -2386.18
-2519.28 -2386.18
-2419.35 -2386.18
-2461.16 -2386.18
-2430.33 -2386.18
-2479.27 -2386.18
-2494.24 -2386.18
-2485.66 -2386.18
-2415.73 -2386.18
-2515.44 -2386.18
-2598.63 -2386.18
-2535.06 -2386.18
-2407.69 -2386.18
-2520.84 -2386.18
-2451.66 -2386.18
-2481.69 -2386.18
-2482.01 -2386.18
-2491.91 -2386.18
-2487.01 -2386.18
-2619.13 -2386.18
-2403.17 -2386.18
-2493.26 -2386.18
-2506.24 -2386.18
-2545.98 -2386.18
-2454.57 -2386.18
-2434.12 -2386.18
-2479.85 -2386.18
-2430.70 -2386.18
-2442.25 -2386.18
-2483.92 -2386.18
-2434.05 -2386.18
-2421.53 -2386.18
-2490.99 -2386.18
-2548.51 -2386.18
-2550.52 -2386.18
-2445.94 -2386.18
-2555.20 -2386.18
-2524.52 -2386.18
-2490.89 -2386.18
-2488.50 -2386.18
-2473.73 -2386.18
-2476.89 -2386.18
-2485.59 -2386.18
-2436.77 -2386.18
-2424.64 -2386.18
-2584.54 -2386.18
-2449.05 -2386.18
-2526.18 -2386.18
-2449.03 -2386.18
-2451.44 -2386.18
-2471.95 -2386.18
-2417.08 -2386.18
-2505.99 -2386.18
-2499.33 -2386.18
-2554.20 -2386.18
-2534.91 -2386.18
-2479.45 -2386.18
-2514.21 -2386.18
-2517.06 -2386.18
-2452.79 -2386.18
-2407.35 -2386.18
-2427.50 -2386.18
-2426.89 -2386.18
-2528.00 -2386.18
-2475.55 -2386.18
-2626.44 -2386.18
-2405.65 -2386.18
-2459.41 -2386.18
-2522.06 -2386.18
-2466.46 -2386.18
-2454.93 -2386.18
-2486.98 -2386.18
-2507.22 -2386.18
-2519.98 -2386.18
-2413.76 -2386.18
-2458.54 -2386.18
-2463.92 -2386.18
-2450.86 -2386.18
-2443.96 -2386.18
-2524.96 -2386.18
-2417.40 -2386.18
-2532.44 -2386.18
-2399.63 -2386.18
-2575.54 -2386.18
-2471.29 -2386.18
-2446.69 -2386.18
-2467.35 -2386.18
-2489.66 -2386.18
-2497.86 -2386.18
-2382.23 -2382.23
-2479.45 -2382.23
-2480.03 -2382.23
-2352.36 -2352.36
-2335.53 -2335.53
-2329.87 -2329.87
-2490.24 -2329.87
-2340.27 -2329.87
-2508.53 -2329.87
-2370.13 -2329.87
-2436.34 -2329.87
-2405.87 -2329.87
-2393.71 -2329.87
-2353.86 -2329.87
-2383.32 -2329.87
-2417.72 -2329.87
-2479.72 -2329.87
-2295.63 -2295.63
-2289.31 -2289.31
-2381.27 -2289.31
-2319.68 -2289.31
-2325.57 -2289.31
-2378.25 -2289.31
-2317.26 -2289.31
-2311.82 -2289.31
-2457.88 -2289.31
-2459.00 -2289.31
-2384.12 -2289.31
-2382.56 -2289.31
-2390.36 -2289.31
-2326.75 -2289.31
-2243.48 -2243.48
-2310.66 -2243.48
-2346.12 -2243.48
-2519.01 -2243.48
-2281.91 -2243.48
-2382.22 -2243.48
-2251.94 -2243.48
-2350.93 -2243.48
-2399.34 -2243.48
-2306.14 -2243.48
-2411.38 -2243.48
-2299.82 -2243.48
-2391.67 -2243.48
-2391.77 -2243.48
-2412.00 -2243.48
-2465.82 -2243.48
-2301.28 -2243.48
-2302.47 -2243.48
-2475.80 -2243.48
-2323.00 -2243.48
-2332.46 -2243.48
-2388.29 -2243.48
-2268.15 -2243.48
-2326.12 -2243.48
-2227.16 -2227.16
-2332.87 -2227.16
-2338.85 -2227.16
-2375.71 -2227.16
-2315.12 -2227.16
-2229.56 -2227.16
-2317.16 -2227.16
-2371.76 -2227.16
-2323.53 -2227.16
-2319.08 -2227.16
-2318.35 -2227.16
-2304.56 -2227.16
-2238.42 -2227.16
-2340.36 -2227.16
-2319.57 -2227.16
-2306.48 -2227.16
-2268.04 -2227.16
-2370.89 -2227.16
-2398.70 -2227.16
-2298.68 -2227.16
-2384.18 -2227.16
-2323.55 -2227.16
-2312.14 -2227.16
-2295.19 -2227.16
-2299.57 -2227.16
-2262.52 -2227.16
-2235.40 -2227.16
-2291.92 -2227.16
-2224.28 -2224.28
-2310.34 -2224.28
-2327.40 -2224.28
-2436.60 -2224.28
-2312.61 -2224.28
-2399.94 -2224.28
-2391.76 -2224.28
-2443.45 -2224.28
-2216.59 -2216.59
-2413.42 -2216.59
-2407.62 -2216.59
-2343.40 -2216.59
-2447.11 -2216.59
-2420.39 -2216.59
-2372.94 -2216.59
-2424.91 -2216.59
-2463.17 -2216.59
-2511.28 -2216.59
-2396.39 -2216.59
-2470.74 -2216.59
-2375.84 -2216.59
-2389.85 -2216.59
-2438.40 -2216.59
-2280.47 -2216.59
-2425.41 -2216.59
-2398.13 -2216.59
-2394.30 -2216.59
-2398.24 -2216.59
-2397.29 -2216.59
-2384.59 -2216.59
-2359.92 -2216.59
-2346.03 -2216.59
-2455.78 -2216.59
-2410.38 -2216.59
-2360.85 -2216.59
-2332.08 -2216.59
-2290.23 -2216.59
-2241.51 -2216.59
-2380.37 -2216.59
-2414.85 -2216.59
-2425.46 -2216.59
-2365.80 -2216.59
-2445.66 -2216.59
-2338.37 -2216.59
-2396.09 -2216.59
-2298.90 -2216.59
-2325.06 -2216.59
-2578.13 -2216.59
-2447.46 -2216.59
-2344.27 -2216.59
-2259.22 -2216.59
-2494.13 -2216.59
-2247.48 -2216.59
-2494.67 -2216.59
-2251.30 -2216.59
-2217.16 -2216.59
-2414.60 -2216.59
-2282.74 -2216.59
-2284.51 -2216.59
-2388.29 -2216.59
-2336.13 -2216.59
-2427.65 -2216.59
-2341.26 -2216.59
-2319.33 -2216.59
-2431.05 -2216.59
-2366.23 -2216.59
-2368.71 -2216.59
-2337.56 -2216.59
-2399.33 -2216.59
-2483.78 -2216.59
-2354.55 -2216.59
-2340.24 -2216.59
-2302.66 -2216.59
-2501.96 -2216.59
-2327.13 -2216.59
-2461.17 -2216.59
-2451.95 -2216.59
-2421.03 -2216.59
-2424.89 -2216.59
-2364.03 -2216.59
-2346.58 -2216.59
-2336.61 -2216.59
-2413.49 -2216.59
-2407.37 -2216.59
-2340.42 -2216.59
-2256.63 -2216.59
-2351.36 -2216.59
-2359.97 -2216.59
-2508.11 -2216.59
-2388.26 -2216.59
-2343.88 -2216.59
-2275.38 -2216.59
-2372.17 -2216.59
-2345.77 -2216.59
-2345.09 -2216.59
-2280.07 -2216.59
-2489.11 -2216.59
-2405.53 -2216.59
-2320.93 -2216.59
-2327.69 -2216.59
-2318.93 -2216.59
-2377.67 -2216.59
-2404.30 -2216.59
-2421.74 -2216.59
-2399.24 -2216.59
-2318.02 -2216.59
-2410.91 -2216.59
-2502.58 -2216.59
-2497.46 -2216.59
-2368.44 -2216.59
-2391.50 -2216.59
-2450.79 -2216.59
-2409.24 -2216.59
-2315.13 -2216.59
-2374.87 -2216.59
-2368.82 -2216.59
-2234.90 -2216.59
-2366.43 -2216.59
-2497.94 -2216.59
-2485.72 -2216.59
-2393.99 -2216.59
-2545.30 -2216.59
-2546.60 -2216.59
-2455.28 -2216.59
-2413.20 -2216.59
-2462.61 -2216.59
-2290.22 -2216.59
-2296.12 -2216.59
-2311.25 -2216.59
-2494.31 -2494.31
-2495.52 -2495.52
-2516.11 -2495.52
-2558.95 -2495.52
-2611.41 -2495.52
-2608.30 -2495.52
-2570.30 -2495.52
-2563.44 -2495.52
-2460.99 -2460.99
-2615.67 -2460.99
-2507.36 -2460.99
-2569.31 -2460.99
-2570.87 -2460.99
-2551.54 -2460.99
-2550.93 -2460.99
-2528.34 -2460.99
-2502.50 -2460.99
-2544.98 -2460.99
-2576.11 -2460.99
-2481.59 -2460.99
-2634.83 -2460.99
-2553.09 -2460.99
-2481.08 -2460.99
-2548.33 -2460.99
-2463.41 -2460.99
-2553.99 -2460.99
-2555.60 -2460.99
-2552.64 -2460.99
-2484.51 -2460.99
-2570.84 -2460.99
-2578.61 -2460.99
-2517.55 -2460.99
-2608.03 -2460.99
-2523.38 -2460.99
-2529.76 -2460.99
-2556.60 -2460.99
-2572.66 -2460.99
-2554.88 -2460.99
-2496.15 -2460.99
-2496.73 -2460.99
-2610.39 -2460.99
-2469.09 -2460.99
-2520.37 -2460.99
-2532.45 -2460.99
-2441.76 -2441.76
-2518.86 -2441.76
-2424.30 -2424.30
-2460.57 -2424.30
-2506.48 -2424.30
-2456.55 -2424.30
-2531.72 -2424.30
-2461.55 -2424.30
-2469.48 -2424.30
-2494.70 -2424.30
-2626.01 -2424.30
-2473.05 -2424.30
-2460.07 -2424.30
-2451.77 -2424.30
-2519.34 -2424.30
-2538.37 -2424.30
-2556.74 -2424.30
-2621.18 -2424.30
-2488.73 -2424.30
-2496.66 -2424.30
-2481.04 -2424.30
-2492.21 -2424.30
-2427.91 -2424.30
-2484.78 -2424.30
-2518.45 -2424.30
-2565.83 -2424.30
-2491.02 -2424.30
-2448.75 -2424.30
-2549.48 -2424.30
-2583.36 -2424.30
-2478.01 -2424.30
-2519.79 -2424.30
-2446.74 -2424.30
-2447.57 -2424.30
-2481.47 -2424.30
-2463.19 -2424.30
-2475.12 -2424.30
-2471.59 -2424.30
-2452.79 -2424.30
-2465.07 -2424.30
-2488.87 -2424.30
-2466.31 -2424.30
-2503.43 -2424.30
-2537.96 -2424.30
-2589.23 -2424.30
-2485.29 -2424.30
-2462.37 -2424.30
-2466.87 -2424.30
-2502.95 -2424.30
-2628.93 -2424.30
-2482.79 -2424.30
-2524.20 -2424.30
-2513.24 -2424.30
-2532.82 -2424.30
-2496.04 -2424.30
-2482.50 -2424.30
-2490.10 -2424.30
-2587.50 -2424.30
-2525.59 -2424.30
-2476.85 -2424.30
-2554.52 -2424.30
-2533.01 -2424.30
-2470.89 -2424.30
-2498.41 -2424.30
-2437.03 -2424.30
-2523.44 -2424.30
-2562.54 -2424.30
-2508.67 -2424.30
-2529.64 -2424.30
-2574.96 -2424.30
-2458.09 -2424.30
-2408.26 -2408.26
-2408.49 -2408.49
-2461.96 -2408.49
-2459.37 -2408.49
-2433.37 -2408.49
-2504.62 -2408.49
-2577.08 -2408.49
-2378.36 -2378.36
-2504.06 -2378.36
-2478.26 -2378.36
-2469.55 -2378.36
-2421.27 -2378.36
-2429.93 -2378.36
-2511.29 -2378.36
-2403.70 -2378.36
-2504.18 -2378.36
-2403.66 -2378.36
-2392.80 -2378.36
-2445.23 -2378.36
-2454.19 -2378.36
-2465.29 -2378.36
-2393.08 -2378.36
-2399.51 -2378.36
-2410.10 -2378.36
-2416.52 -2378.36
-2422.40 -2378.36
-2405.27 -2378.36
-2529.53 -2378.36
-2402.25 -2378.36
-2453.55 -2378.36
-2414.93 -2378.36
-2437.68 -2378.36
-2434.86 -2378.36
-2398.35 -2378.36
-2358.21 -2358.21
-2402.57 -2358.21
-2435.40 -2358.21
-2395.98 -2358.21
-2398.31 -2358.21
-2418.53 -2358.21
-2411.40 -2358.21
-2544.65 -2358.21
-2404.19 -2358.21
-2383.08 -2358.21
-2387.27 -2358.21
-2379.48 -2358.21
-2372.82 -2358.21
-2361.49 -2358.21
-2486.47 -2358.21
-2530.76 -2358.21
-2516.76 -2358.21
-2438.28 -2358.21
-2412.71 -2358.21
-2400.31 -2358.21
-2416.61 -2358.21
-2512.34 -2358.21
-2409.92 -2358.21
-2510.24 -2358.21
-2333.09 -2333.09
-2518.89 -2333.09
-2365.08 -2333.09
-2422.72 -2333.09
-2448.88 -2333.09
-2439.32 -2333.09
-2402.32 -2333.09
-2414.69 -2333.09
-2469.49 -2333.09
-2424.12 -2333.09
-2366.46 -2333.09
-2410.96 -2333.09
-2463.87 -2333.09
-2406.45 -2333.09
-2403.40 -2333.09
-2377.60 -2333.09
-2410.19 -2333.09
-2472.48 -2333.09
-2411.12 -2333.09
-2339.89 -2333.09
-2436.18 -2333.09
-2421.63 -2333.09
-2327.92 -2327.92
-2368.72 -2327.92
-2437.39 -2327.92
-2417.30 -2327.92
-2367.56 -2327.92
-2370.85 -2327.92
-2433.62 -2327.92
-2335.37 -2327.92
-2479.64 -2327.92
-2323.91 -2323.91
-2421.61 -2323.91
-2335.14 -2323.91
-2405.88 -2323.91
-2337.30 -2323.91
-2355.57 -2323.91
-2361.01 -2323.91
-2353.71 -2323.91
-2361.39 -2323.91
-2403.31 -2323.91
-2420.84 -2323.91
-2322.82 -2322.82
-2454.93 -2322.82
-2392.27 -2322.82
-2560.44 -2322.82
-2413.46 -2322.82
-2384.45 -2322.82
-2454.20 -2322.82
-2384.25 -2322.82
-2277.51 -2277.51
-2298.14 -2277.51
-2303.98 -2277.51
-2319.55 -2277.51
-2307.69 -2277.51
-2273.49 -2273.49
-2215.25 -2215.25
-2266.14 -2215.25
-2309.93 -2215.25
-2251.40 -2215.25
-2348.01 -2215.25
-2281.35 -2215.25
-2333.78 -2215.25
-2346.99 -2215.25
-2245.51 -2215.25
-2329.16 -2215.25
-2361.19 -2215.25
-2208.38 -2208.38
-2192.51 -2192.51
-2331.40 -2192.51
-2179.57 -2179.57
-2144.75 -2144.75
-2017.78 -2017.78
-2113.33 -2017.78
-2321.25 -2017.78
-2247.95 -2017.78
-2016.58 -2016.58
-2009.37 -2009.37
-2132.01 -2009.37
-2141.35 -2009.37
-2105.49 -2009.37
-2296.59 -2009.37
-2112.84 -2009.37
-2019.67 -2009.37
-2065.32 -2009.37
-1988.45 -1988.45
-2103.60 -1988.45
-2245.85 -1988.45
-2162.24 -1988.45
-2081.70 -1988.45
-2152.24 -1988.45
-2045.61 -1988.45
-2332.07 -1988.45
-2250.50 -1988.45
-2086.05 -1988.45
-2095.12 -1988.45
-2205.20 -1988.45
-2025.37 -1988.45
-2276.39 -1988.45
-2187.05 -1988.45
-2093.20 -1988.45
-1997.18 -1988.45
-2240.09 -1988.45
-2101.89 -1988.45
-2247.18 -1988.45
-2060.94 -1988.45
-2155.78 -1988.45
-2237.73 -1988.45
-2052.97 -1988.45
-2229.70 -1988.45
-2197.84 -1988.45
-2095.48 -1988.45
-2237.73 -1988.45
-2137.34 -1988.45
-2277.06 -1988.45
-2401.49 -1988.45
-2266.30 -1988.45
-2214.52 -1988.45
-2153.56 -1988.45
-2137.63 -1988.45
-2106.74 -1988.45
-2085.14 -1988.45
-1991.04 -1988.45
-2068.01 -1988.45
-2082.01 -1988.45
-2234.34 -1988.45
-2164.35 -1988.45
-2325.11 -1988.45
-2387.42 -1988.45
-2409.57 -1988.45
-2192.97 -1988.45
-2131.45 -1988.45
-2130.29 -1988.45
-2233.47 -1988.45
-2087.46 -1988.45
-2247.38 -1988.45
-2138.78 -1988.45
-2160.67 -1988.45
-1980.13 -1980.13
-2095.65 -1980.13
-2109.18 -1980.13
-2200.56 -1980.13
-2122.68 -1980.13
-2163.60 -1980.13
-2096.34 -1980.13
-2148.05 -1980.13
-2016.84 -1980.13
-1917.97 -1917.97
-2167.88 -1917.97
-2126.12 -1917.97
-2212.50 -1917.97
-2096.12 -1917.97
-2080.63 -1917.97
-2158.71 -1917.97
-2172.23 -1917.97
-2191.32 -1917.97
-2236.62 -1917.97
-2153.61 -1917.97
-2204.50 -1917.97
-1949.20 -1917.97
-2081.77 -1917.97
-2101.12 -1917.97
-2062.73 -1917.97
-2069.89 -1917.97
-2173.49 -1917.97
-2145.87 -1917.97
-2030.47 -1917.97
-2094.17 -1917.97
-2020.92 -1917.97
-2178.55 -1917.97
-2057.57 -1917.97
-2082.77 -1917.97
-2221.84 -1917.97
-2112.86 -1917.97
-2331.48 -1917.97
-2373.83 -1917.97
-2005.48 -1917.97
-2165.31 -1917.97
-2235.82 -1917.97
-2228.48 -1917.97
-2054.12 -1917.97
-2128.78 -1917.97
-2059.14 -1917.97
-2107.54 -1917.97
-2113.84 -1917.97
-2085.51 -1917.97
-2044.60 -1917.97
-2111.38 -1917.97
-2233.43 -1917.97
-2159.40 -1917.97
-2305.80 -1917.97
-2324.45 -1917.97
-2023.70 -1917.97
-2383.86 -1917.97
-2133.81 -1917.97
-2018.11 -1917.97
-2123.97 -1917.97
-2114.18 -1917.97
-2108.67 -1917.97
-2127.26 -1917.97
-2101.29 -1917.97
-2079.46 -1917.97
-2167.87 -1917.97
-2200.20 -1917.97
-2134.15 -1917.97
-2294.18 -1917.97
-2135.82 -1917.97
-2182.90 -1917.97
-2005.35 -1917.97
-2318.69 -1917.97
-2082.63 -1917.97
-2195.89 -1917.97
-2178.92 -1917.97
-2122.74 -1917.97
-1963.05 -1917.97
-2135.83 -1917.97
-2217.56 -1917.97
-2215.38 -1917.97
-2378.57 -1917.97
-2197.05 -1917.97
-2155.10 -1917.97
-2121.68 -1917.97
-2083.11 -1917.97
-2047.60 -1917.97
-2002.94 -1917.97
-2056.35 -1917.97
-2031.61 -1917.97
-2007.04 -1917.97
-2127.64 -1917.97
-2194.90 -1917.97
-2285.62 -1917.97
-2096.89 -1917.97
-2171.28 -1917.97
-2144.08 -1917.97
-2075.47 -1917.97
-2052.49 -1917.97
-1997.18 -1917.97
-1958.72 -1917.97
-2166.36 -1917.97
-2231.29 -1917.97
-2079.21 -1917.97
-2027.64 -1917.97
-2238.15 -1917.97
-2529.60 -2529.60
-2539.00 -2529.60
-2567.31 -2529.60
-2485.86 -2485.86
-2572.25 -2485.86
-2534.62 -2485.86
-2634.17 -2485.86
-2536.62 -2485.86
-2580.65 -2485.86
-2627.08 -2485.86
-2518.65 -2485.86
-2522.17 -2485.86
-2507.18 -2485.86
-2578.20 -2485.86
-2553.87 -2485.86
-2500.31 -2485.86
-2539.78 -2485.86
-2614.17 -2485.86
-2485.96 -2485.96
-2593.43 -2485.96
-2502.34 -2485.96
-2519.87 -2485.96
-2613.03 -2485.96
-2501.12 -2485.96
-2475.44 -2475.44
-2508.10 -2475.44
-2508.20 -2475.44
-2520.79 -2475.44
-2490.91 -2475.44
-2517.09 -2475.44
-2532.76 -2475.44
-2494.58 -2475.44
-2483.18 -2475.44
-2541.97 -2475.44
-2493.31 -2475.44
-2601.91 -2475.44
-2529.57 -2475.44
-2566.88 -2475.44
-2616.77 -2475.44
-2592.02 -2475.44
-2495.14 -2475.44
-2603.93 -2475.44
-2452.73 -2452.73
-2625.07 -2452.73
-2556.36 -2452.73
-2542.10 -2452.73
-2522.24 -2452.73
-2520.97 -2452.73
-2543.49 -2452.73
-2482.08 -2452.73
-2557.09 -2452.73
-2540.08 -2452.73
-2537.76 -2452.73
-2523.19 -2452.73
-2512.28 -2452.73
-2559.09 -2452.73
-2477.54 -2452.73
-2530.61 -2452.73
-2503.18 -2452.73
-2540.92 -2452.73
-2534.13 -2452.73
-2505.67 -2452.73
-2509.25 -2452.73
-2562.16 -2452.73
-2594.89 -2452.73
-2516.60 -2452.73
-2517.92 -2452.73
-2572.81 -2452.73
-2510.52 -2452.73
-2529.51 -2452.73
-2491.64 -2452.73
-2535.22 -2452.73
-2530.71 -2452.73
-2515.49 -2452.73
-2536.26 -2452.73
-2526.50 -2452.73
-2558.71 -2452.73
-2514.30 -2452.73
-2497.90 -2452.73
-2480.18 -2452.73
-2526.08 -2452.73
-2629.59 -2452.73
-2613.69 -2452.73
-2549.31 -2452.73
-2562.04 -2452.73
-2502.07 -2452.73
-2546.41 -2452.73
-2541.61 -2452.73
-2579.46 -2452.73
-2579.25 -2452.73
-2517.78 -2452.73
-2608.75 -2452.73
-2516.06 -2452.73
-2604.95 -2452.73
-2526.87 -2452.73
-2565.41 -2452.73
-2571.72 -2452.73
-2566.02 -2452.73
-2483.91 -2452.73
-2568.19 -2452.73
-2514.87 -2452.73
-2467.34 -2452.73
-2555.17 -2452.73
-2663.29 -2452.73
-2555.91 -2452.73
-2474.99 -2452.73
-2534.84 -2452.73
-2528.61 -2452.73
-2502.80 -2452.73
-2551.50 -2452.73
-2503.80 -2452.73
-2575.94 -2452.73
-2592.32 -2452.73
-2590.44 -2452.73
-2504.84 -2452.73
-2609.77 -2452.73
-2565.06 -2452.73
-2493.84 -2452.73
-2532.80 -2452.73
-2545.67 -2452.73
-2573.52 -2452.73
-2547.99 -2452.73
-2485.54 -2452.73
-2489.76 -2452.73
-2506.20 -2452.73
-2565.99 -2452.73
-2475.48 -2452.73
-2523.27 -2452.73
-2618.43 -2452.73
-2514.15 -2452.73
-2552.50 -2452.73
-2537.81 -2452.73
-2520.25 -2452.73
-2508.40 -2452.73
-2512.61 -2452.73
-2516.39 -2452.73
-2597.92 -2452.73
-2502.71 -2452.73
-2462.04 -2452.73
-2576.59 -2452.73
-2594.99 -2452.73
-2608.90 -2452.73
-2521.86 -2452.73
-2490.41 -2452.73
-2525.19 -2452.73
-2570.98 -2452.73
-2533.22 -2452.73
-2609.29 -2452.73
-2550.86 -2452.73
-2540.90 -2452.73
-2531.89 -2452.73
-2562.72 -2452.73
-2506.09 -2452.73
-2507.12 -2452.73
-2543.68 -2452.73
-2523.84 -2452.73
-2656.23 -2452.73
-2497.82 -2452.73
-2573.53 -2452.73
-2620.84 -2452.73
-2555.60 -2452.73
-2519.61 -2452.73
-2525.33 -2452.73
-2498.97 -2452.73
-2556.34 -2452.73
-2502.97 -2452.73
-2540.64 -2452.73
-2544.46 -2452.73
-2560.80 -2452.73
-2490.07 -2452.73
-2516.74 -2452.73
-2462.31 -2452.73
-2541.91 -2452.73
-2552.49 -2452.73
-2474.59 -2452.73
-2536.32 -2452.73
-2593.29 -2452.73
-2497.82 -2452.73
-2576.69 -2452.73
-2550.12 -2452.73
-2547.80 -2452.73
-2473.69 -2452.73
-2560.69 -2452.73
-2533.24 -2452.73
-2462.07 -2452.73
-2494.92 -2452.73
-2616.85 -2452.73
-2550.84 -2452.73
-2492.19 -2452.73
-2566.37 -2452.73
-2535.76 -2452.73
-2564.83 -2452.73
-2518.58 -2452.73
-2529.95 -2452.73
-2660.98 -2452.73
-2573.49 -2452.73
-2630.65 -2452.73
-2483.51 -2452.73
-2543.25 -2452.73
-2603.04 -2452.73
-2528.13 -2452.73
-2560.90 -2452.73
-2558.38 -2452.73
-2491.57 -2452.73
-2451.73 -2451.73
-2486.76 -2451.73
-2556.28 -2451.73
-2559.85 -2451.73
-2496.53 -2451.73
-2539.65 -2451.73
-2466.10 -2451.73
-2441.90 -2441.90
-2436.46 -2436.46
-2402.49 -2402.49
-2376.26 -2376.26
-2417.99 -2376.26
-2524.08 -2376.26
-2480.44 -2376.26
-2410.72 -2376.26
-2383.25 -2376.26
-2463.90 -2376.26
-2484.56 -2376.26
-2441.33 -2376.26
-2391.78 -2376.26
-2515.61 -2376.26
-2425.75 -2376.26
-2357.28 -2357.28
-2444.12 -2357.28
-2431.23 -2357.28
-2461.10 -2357.28
-2486.21 -2357.28
-2351.98 -2351.98
-2414.69 -2351.98
-2420.45 -2351.98
-2422.27 -2351.98
-2340.80 -2340.80
-2267.44 -2267.44
-2379.23 -2267.44
-2324.33 -2267.44
-2334.24 -2267.44
-2373.69 -2267.44
-2270.57 -2267.44
-2352.86 -2267.44
-2337.58 -2267.44
-2406.42 -2267.44
-2396.81 -2267.44
-2239.20 -2239.20
-2282.20 -2239.20
-2234.87 -2234.87
-2330.45 -2234.87
-2329.06 -2234.87
-2342.89 -2234.87
-2223.79 -2223.79
-2370.18 -2223.79
-2442.80 -2223.79
-2533.14 -2223.79
-2305.00 -2223.79
-2406.41 -2223.79
-2299.95 -2223.79
-2422.10 -2223.79
-2396.67 -2223.79
-2279.83 -2223.79
-2377.86 -2223.79
-2288.69 -2223.79
-2280.52 -2223.79
-2290.94 -2223.79
-2275.88 -2223.79
-2329.53 -2223.79
-2374.24 -2223.79
-2260.28 -2223.79
-2398.13 -2223.79
-2327.29 -2223.79
-2456.81 -2223.79
-2321.09 -2223.79
-2346.40 -2223.79
-2381.18 -2223.79
-2345.08 -2223.79
-2306.54 -2223.79
-2328.30 -2223.79
-2194.75 -2194.75
-2328.92 -2194.75
-2232.14 -2194.75
-2238.81 -2194.75
-2308.88 -2194.75
-2151.64 -2151.64
-2206.38 -2151.64
-2098.82 -2098.82
-2141.55 -2098.82
-2229.18 -2098.82
-2149.86 -2098.82
-2293.24 -2098.82
-2273.10 -2098.82
-2294.47 -2098.82
-2208.39 -2098.82
-2297.24 -2098.82
-2240.93 -2098.82
-2198.04 -2098.82
-2309.61 -2098.82
-2131.73 -2098.82
-2126.78 -2098.82
-2217.89 -2098.82
-2311.95 -2098.82
-2205.48 -2098.82
-2216.67 -2098.82
-2295.11 -2098.82
-2258.29 -2098.82
-2253.63 -2098.82
-2204.46 -2098.82
-2314.07 -2098.82
-2255.77 -2098.82
-2198.06 -2098.82
-2161.60 -2098.82
-2104.09 -2098.82
-2206.24 -2098.82
-2141.26 -2098.82
-2221.59 -2098.82
-2249.13 -2098.82
-2298.34 -2098.82
-2287.06 -2098.82
-2274.47 -2098.82
-2182.07 -2098.82
-2198.93 -2098.82
-2324.78 -2098.82
-2209.90 -2098.82
-2190.71 -2098.82
-2168.27 -2098.82
-2286.58 -2098.82
-2200.94 -2098.82
-2318.19 -2098.82
-2118.93 -2098.82
-2202.41 -2098.82
-2215.61 -2098.82
-2203.58 -2098.82
-2354.42 -2098.82
-2178.31 -2098.82
-2302.64 -2098.82
-2247.76 -2098.82
-2251.51 -2098.82
-2260.86 -2098.82
-2282.69 -2098.82
-2185.19 -2098.82
-2132.05 -2098.82
-2302.57 -2098.82
-2125.08 -2098.82
-2283.06 -2098.82
-2314.45 -2098.82
-2235.40 -2098.82
-2237.76 -2098.82
-2355.54 -2098.82
-2254.82 -2098.82
-2281.91 -2098.82
-2078.65 -2078.65
-2141.31 -2078.65
-2167.07 -2078.65
-2151.51 -2078.65
-2083.65 -2078.65
-2099.12 -2078.65
-2167.88 -2078.65
-2259.08 -2078.65
-2199.79 -2078.65
-2174.68 -2078.65
-2206.83 -2078.65
-2128.20 -2078.65
-2201.26 -2078.65
-2230.29 -2078.65
-2226.02 -2078.65
-2064.26 -2064.26
-2080.16 -2064.26
-2229.55 -2064.26
-1889.23 -1889.23
-2043.10 -1889.23
-2027.45 -1889.23
-2157.95 -1889.23
-2324.30 -1889.23
-2022.43 -1889.23
-2016.95 -1889.23
-2103.28 -1889.23
-2173.76 -1889.23
-2053.55 -1889.23
-2098.33 -1889.23
-2263.06 -1889.23
-2085.56 -1889.23
-2084.89 -1889.23
-2183.43 -1889.23
-2174.81 -1889.23
-2209.09 -1889.23
-2132.11 -1889.23
-2169.66 -1889.23
-1971.10 -1889.23
-2305.05 -1889.23
-2259.33 -1889.23
-2260.21 -1889.23
-2062.96 -1889.23
-2237.55 -1889.23
-2035.47 -1889.23
-2100.42 -1889.23
-2109.82 -1889.23
-2193.85 -1889.23
-1981.46 -1889.23
-2135.44 -1889.23
-2473.29 -1889.23
-2059.67 -1889.23
-2029.66 -1889.23
-2045.90 -1889.23
-2310.55 -1889.23
-2132.70 -1889.23
-2143.70 -1889.23
-2144.35 -1889.23
-2105.97 -1889.23
-2137.50 -1889.23
-2036.28 -1889.23
-2115.02 -1889.23
-2121.89 -1889.23
-2140.58 -1889.23
-2058.27 -1889.23
-2101.89 -1889.23
-2666.15 -1889.23
-2575.68 -1889.23
-2585.88 -1889.23
-2565.21 -1889.23
