-10000.00 -10000.00
-1037.35 -10000.00
-1003.84 -1003.84
-1029.36 -1003.84
-1016.11 -1003.84
-1016.50 -1003.84
-1035.11 -1003.84
-1031.89 -1003.84
-1066.55 -1003.84
-1004.93 -1004.93
-1045.75 -1004.93
-1068.37 -1004.93
-1042.00 -1004.93
-1043.28 -1004.93
-1006.07 -1004.93
-1057.47 -1004.93
-1021.89 -1004.93
-1021.13 -1004.93
-1027.55 -1004.93
-1036.92 -1004.93
-1058.23 -1004.93
-1008.91 -1004.93
-1045.92 -1004.93
-1053.20 -1004.93
-1018.31 -1004.93
-1007.53 -1004.93
-1018.38 -1004.93
-1042.31 -1004.93
-1028.21 -1004.93
-1002.79 -1002.79
-1011.31 -1002.79
-1004.89 -1002.79
-1021.52 -1002.79
-997.01 -997.01
-993.41 -993.41
-991.46 -991.46
-1008.18 -991.46
-1018.45 -991.46
-1037.91 -991.46
-1021.14 -991.46
-994.50 -991.46
-1007.93 -991.46
-1015.57 -991.46
-1019.75 -991.46
-989.67 -989.67
-1008.66 -989.67
-1004.87 -989.67
-1021.36 -989.67
-991.88 -989.67
-978.32 -978.32
-1008.17 -978.32
-989.98 -978.32
-983.50 -978.32
-1018.77 -978.32
-1019.83 -978.32
-1007.42 -978.32
-1007.64 -978.32
-981.59 -978.32
-994.35 -978.32
-996.56 -978.32
-1050.94 -978.32
-1031.93 -978.32
-993.57 -978.32
-1021.10 -978.32
-1012.23 -978.32
-1013.48 -978.32
-1008.40 -978.32
-971.44 -971.44
-993.23 -971.44
-994.07 -971.44
-1003.72 -971.44
-1001.76 -971.44
-976.89 -971.44
-1020.16 -971.44
-989.61 -971.44
-984.82 -971.44
-987.58 -971.44
-1044.61 -971.44
-958.77 -958.77
-1023.02 -958.77
-1005.43 -958.77
-981.37 -958.77
-982.60 -958.77
-997.05 -958.77
-982.76 -958.77
-969.75 -958.77
-1013.56 -958.77
-975.33 -958.77
-976.60 -958.77
-1000.15 -958.77
-990.59 -958.77
-974.53 -958.77
-987.89 -958.77
-1036.95 -958.77
-987.70 -958.77
-965.87 -958.77
-986.03 -958.77
-959.61 -958.77
-965.50 -958.77
-964.73 -958.77
-983.50 -958.77
-973.09 -958.77
-1007.84 -958.77
-951.49 -951.49
-998.41 -951.49
-977.51 -951.49
-1047.38 -951.49
-993.61 -951.49
-1006.22 -951.49
-1003.03 -951.49
-1002.56 -951.49
-991.84 -951.49
-986.43 -951.49
-967.84 -951.49
-965.02 -951.49
-1038.35 -951.49
-955.75 -951.49
-982.13 -951.49
-1005.16 -951.49
-1037.02 -951.49
-977.71 -951.49
-975.75 -951.49
-1012.85 -951.49
-953.85 -951.49
-1010.71 -951.49
-959.26 -951.49
-983.02 -951.49
-983.24 -951.49
-993.35 -951.49
-985.57 -951.49
-969.19 -951.49
-985.92 -951.49
-1013.31 -951.49
-992.31 -951.49
-964.34 -951.49
-996.48 -951.49
-966.16 -951.49
-972.08 -951.49
-957.22 -951.49
-969.95 -951.49
-998.13 -951.49
-974.52 -951.49
-1011.71 -951.49
-971.55 -951.49
-967.37 -951.49
-1000.83 -951.49
-946.89 -946.89
-935.00 -935.00
-933.91 -933.91
-961.63 -933.91
-951.43 -933.91
-949.74 -933.91
-919.41 -919.41
-948.30 -919.41
-983.16 -919.41
-986.99 -919.41
-1028.96 -919.41
-1028.90 -919.41
-979.88 -919.41
-937.64 -919.41
-999.73 -919.41
-965.24 -919.41
-965.34 -919.41
-992.41 -919.41
-952.30 -919.41
-973.17 -919.41
-952.55 -919.41
-952.74 -919.41
-943.81 -919.41
-980.48 -919.41
-952.02 -919.41
-965.62 -919.41
-949.58 -919.41
-985.35 -919.41
-934.93 -919.41
-906.95 -906.95
-896.07 -896.07
-902.28 -896.07
-903.48 -896.07
-916.87 -896.07
-963.42 -896.07
-919.32 -896.07
-941.02 -896.07
-1006.65 -896.07
-958.80 -896.07
-991.04 -896.07
-958.34 -896.07
-985.37 -896.07
-973.28 -896.07
-919.18 -896.07
-940.82 -896.07
-953.11 -896.07
-936.63 -896.07
-906.46 -896.07
-950.29 -896.07
-915.68 -896.07
-923.32 -896.07
-936.16 -896.07
-927.69 -896.07
-939.44 -896.07
-897.53 -896.07
-943.09 -896.07
-919.78 -896.07
-900.25 -896.07
-910.50 -896.07
-962.21 -896.07
-887.44 -887.44
-874.61 -874.61
-825.86 -825.86
-862.55 -825.86
-806.07 -806.07
-854.30 -806.07
-862.33 -806.07
-858.90 -806.07
-824.84 -806.07
-839.90 -806.07
-769.85 -769.85
-838.21 -769.85
-855.36 -769.85
-835.62 -769.85
-803.36 -769.85
-882.11 -769.85
-820.90 -769.85
-874.82 -769.85
-894.65 -769.85
-814.51 -769.85
-838.88 -769.85
-819.30 -769.85
-905.00 -769.85
-866.34 -769.85
-876.81 -769.85
-858.42 -769.85
-894.66 -769.85
-854.24 -769.85
-901.01 -769.85
-946.53 -769.85
-847.66 -769.85
-853.41 -769.85
-865.31 -769.85
-834.33 -769.85
-950.55 -769.85
-883.40 -769.85
-874.52 -769.85
-854.04 -769.85
-825.54 -769.85
-805.27 -769.85
-876.45 -769.85
-912.11 -769.85
-864.52 -769.85
-729.23 -729.23
-787.19 -729.23
-847.97 -729.23
-842.08 -729.23
-861.76 -729.23
-841.52 -729.23
-866.09 -729.23
-816.68 -729.23
-851.28 -729.23
-856.43 -729.23
-767.50 -729.23
-809.11 -729.23
-840.56 -729.23
-853.97 -729.23
-865.93 -729.23
-904.07 -729.23
-818.51 -729.23
-869.70 -729.23
-911.31 -729.23
-904.34 -729.23
-865.24 -729.23
-898.74 -729.23
-836.75 -729.23
-920.67 -729.23
-813.83 -729.23
-824.02 -729.23
-872.56 -729.23
-850.84 -729.23
-828.62 -729.23
-921.51 -729.23
-820.47 -729.23
-859.39 -729.23
-840.10 -729.23
-855.29 -729.23
-878.75 -729.23
-958.45 -729.23
-855.50 -729.23
-807.33 -729.23
-819.52 -729.23
-823.89 -729.23
-796.62 -729.23
-798.68 -729.23
-936.86 -729.23
-794.12 -729.23
-838.85 -729.23
-865.75 -729.23
-882.86 -729.23
-855.39 -729.23
-827.49 -729.23
-878.29 -729.23
-821.34 -729.23
-877.67 -729.23
-903.70 -729.23
-814.49 -729.23
-842.31 -729.23
-863.13 -729.23
-865.25 -729.23
-935.01 -729.23
-854.48 -729.23
-849.53 -729.23
-877.68 -729.23
-821.43 -729.23
-849.48 -729.23
-852.40 -729.23
-874.18 -729.23
-845.86 -729.23
-818.05 -729.23
-858.55 -729.23
-864.22 -729.23
-833.51 -729.23
-859.29 -729.23
-839.19 -729.23
-838.72 -729.23
-816.64 -729.23
-804.53 -729.23
-841.21 -729.23
-821.74 -729.23
-832.57 -729.23
-908.67 -729.23
-809.90 -729.23
-827.09 -729.23
-905.29 -729.23
-869.25 -729.23
-857.09 -729.23
-834.67 -729.23
-850.22 -729.23
-846.51 -729.23
-892.17 -729.23
-898.19 -729.23
-820.04 -729.23
-860.46 -729.23
-810.00 -729.23
-813.15 -729.23
-797.81 -729.23
-851.52 -729.23
-837.59 -729.23
-852.97 -729.23
-853.83 -729.23
-854.61 -729.23
-815.48 -729.23
-913.64 -729.23
-826.92 -729.23
-822.62 -729.23
-862.37 -729.23
-809.20 -729.23
-841.60 -729.23
-869.81 -729.23
-814.51 -729.23
-819.21 -729.23
-824.77 -729.23
-837.09 -729.23
-862.42 -729.23
-874.13 -729.23
-788.27 -729.23
-960.09 -729.23
-906.66 -729.23
-914.43 -729.23
-833.02 -729.23
-847.91 -729.23
-801.99 -729.23
-921.03 -729.23
-834.14 -729.23
-843.90 -729.23
-873.89 -729.23
-825.72 -729.23
-845.52 -729.23
-943.48 -729.23
-833.59 -729.23
-861.11 -729.23
-862.42 -729.23
-814.16 -729.23
-885.46 -729.23
-844.40 -729.23
-819.56 -729.23
-847.17 -729.23
-817.35 -729.23
-879.77 -729.23
-876.64 -729.23
-811.59 -729.23
-872.13 -729.23
-955.12 -729.23
-818.29 -729.23
-849.78 -729.23
-829.74 -729.23
-845.55 -729.23
-837.11 -729.23
-891.06 -729.23
-850.24 -729.23
-821.04 -729.23
-819.88 -729.23
-808.34 -729.23
-854.82 -729.23
-878.50 -729.23
-808.40 -729.23
-926.55 -729.23
-865.53 -729.23
-768.25 -729.23
-837.14 -729.23
-927.13 -729.23
-887.82 -729.23
-847.45 -729.23
-811.55 -729.23
-828.04 -729.23
-797.76 -729.23
-811.56 -729.23
-874.93 -729.23
-843.00 -729.23
-856.63 -729.23
-880.23 -729.23
-1019.69 -1019.69
-1018.86 -1018.86
-1030.29 -1018.86
-1024.41 -1018.86
-1036.57 -1018.86
-1020.41 -1018.86
-1054.16 -1018.86
-1023.18 -1018.86
-1048.22 -1018.86
-1012.65 -1012.65
-1020.04 -1012.65
-1038.68 -1012.65
-1029.77 -1012.65
-1022.26 -1012.65
-1029.29 -1012.65
-1023.98 -1012.65
-1006.66 -1006.66
-1062.86 -1006.66
-1043.54 -1006.66
-1032.84 -1006.66
-1043.29 -1006.66
-1057.20 -1006.66
-1026.67 -1006.66
-1013.38 -1006.66
-1043.98 -1006.66
-1026.52 -1006.66
-1034.81 -1006.66
-1027.75 -1006.66
-1057.78 -1006.66
-1034.82 -1006.66
-1029.58 -1006.66
-1052.75 -1006.66
-1038.37 -1006.66
-1043.41 -1006.66
-1019.34 -1006.66
-1029.75 -1006.66
-1016.50 -1006.66
-1025.95 -1006.66
-1035.15 -1006.66
-1042.88 -1006.66
-1014.69 -1006.66
-1033.24 -1006.66
-1025.33 -1006.66
-1025.68 -1006.66
-1052.41 -1006.66
-1059.16 -1006.66
-1054.81 -1006.66
-1076.94 -1006.66
-1038.64 -1006.66
-1069.41 -1006.66
-1025.50 -1006.66
-1030.67 -1006.66
-1018.60 -1006.66
-1036.67 -1006.66
-1006.94 -1006.94
-1014.04 -1006.94
-1017.60 -1006.94
-1027.06 -1006.94
-1057.73 -1006.94
-1041.00 -1006.94
-1046.13 -1006.94
-1031.37 -1006.94
-1013.22 -1006.94
-1037.78 -1006.94
-1047.47 -1006.94
-1014.49 -1006.94
-1040.39 -1006.94
-1038.08 -1006.94
-1050.64 -1006.94
-1028.25 -1006.94
-1018.33 -1006.94
-1046.63 -1006.94
-1027.83 -1006.94
-1028.13 -1006.94
-1006.90 -1006.90
-1068.66 -1006.90
-1025.87 -1006.90
-1012.65 -1006.90
-1045.78 -1006.90
-1035.79 -1006.90
-1057.38 -1006.90
-1035.06 -1006.90
-1012.06 -1006.90
-1062.01 -1006.90
-1025.80 -1006.90
-1035.26 -1006.90
-1051.99 -1006.90
-1054.51 -1006.90
-1033.22 -1006.90
-1040.43 -1006.90
-1022.83 -1006.90
-1020.12 -1006.90
-1025.03 -1006.90
-1034.48 -1006.90
-1006.70 -1006.70
-1033.27 -1006.70
-1007.71 -1007.71
-1013.92 -1007.71
-1027.44 -1007.71
-1006.90 -1006.90
-1053.17 -1006.90
-1015.46 -1006.90
-1008.78 -1006.90
-1035.82 -1006.90
-1010.92 -1006.90
-1051.52 -1006.90
-1000.25 -1000.25
-999.96 -999.96
-1023.44 -999.96
-1021.74 -999.96
-1037.89 -999.96
-1007.26 -999.96
-999.66 -999.66
-1004.60 -999.66
-1004.57 -999.66
-1004.46 -999.66
-1019.86 -999.66
-1034.17 -999.66
-1042.08 -999.66
-1019.62 -999.66
-1020.89 -999.66
-1017.50 -999.66
-1018.70 -999.66
-1051.91 -999.66
-1030.89 -999.66
-1029.42 -999.66
-1009.53 -999.66
-1012.16 -999.66
-1027.93 -999.66
-1024.77 -999.66
-1006.07 -999.66
-1050.87 -999.66
-1000.90 -1000.90
-1019.06 -1000.90
-1003.15 -1000.90
-1002.39 -1000.90
-1002.83 -1000.90
-1000.86 -1000.86
-1008.95 -1000.86
-1042.40 -1000.86
-991.54 -991.54
-1010.26 -991.54
-1005.35 -991.54
-1008.23 -991.54
-1005.02 -991.54
-1008.16 -991.54
-981.55 -981.55
-1010.58 -981.55
-985.88 -981.55
-1019.93 -981.55
-1005.21 -981.55
-1007.87 -981.55
-1032.16 -981.55
-1027.07 -981.55
-988.89 -981.55
-1024.95 -981.55
-1006.38 -981.55
-1003.37 -981.55
-1008.54 -981.55
-1004.76 -981.55
-995.50 -981.55
-996.45 -981.55
-1020.73 -981.55
-1007.05 -981.55
-1003.86 -981.55
-1004.48 -981.55
-1025.34 -981.55
-1009.82 -981.55
-1016.38 -981.55
-999.18 -981.55
-985.33 -981.55
-995.89 -981.55
-1026.30 -981.55
-993.58 -981.55
-1027.43 -981.55
-1007.49 -981.55
-1007.54 -981.55
-997.75 -981.55
-1009.58 -981.55
-1023.79 -981.55
-1020.94 -981.55
-1004.16 -981.55
-1007.78 -981.55
-1009.05 -981.55
-979.83 -979.83
-989.59 -979.83
-1007.67 -979.83
-1049.87 -979.83
-1005.10 -979.83
-1031.60 -979.83
-1005.31 -979.83
-997.71 -979.83
-1025.46 -979.83
-980.54 -979.83
-1028.11 -979.83
-990.77 -979.83
-1002.94 -979.83
-1058.80 -979.83
-1001.81 -979.83
-994.62 -979.83
-1018.96 -979.83
-997.18 -979.83
-1025.82 -979.83
-995.38 -979.83
-1028.65 -979.83
-995.32 -979.83
-1018.90 -979.83
-998.01 -979.83
-990.22 -979.83
-996.00 -979.83
-1010.79 -979.83
-1023.74 -979.83
-1012.60 -979.83
-1006.67 -979.83
-1045.26 -979.83
-1028.74 -979.83
-1000.37 -979.83
-1009.65 -979.83
-1008.86 -979.83
-979.58 -979.58
-1009.59 -979.58
-1036.68 -979.58
-1016.07 -979.58
-983.49 -979.58
-1016.77 -979.58
-1001.20 -979.58
-1004.07 -979.58
-998.67 -979.58
-1042.95 -979.58
-1006.22 -979.58
-978.39 -978.39
-999.35 -978.39
-1015.85 -978.39
-1035.49 -978.39
-1026.83 -978.39
-1010.08 -978.39
-1031.47 -978.39
-985.08 -978.39
-997.06 -978.39
-1005.00 -978.39
-1000.37 -978.39
-1005.25 -978.39
-1052.97 -978.39
-958.34 -958.34
-970.28 -958.34
-972.15 -958.34
-976.30 -958.34
-957.80 -957.80
-968.96 -957.80
-1005.94 -957.80
-994.12 -957.80
-970.49 -957.80
-972.57 -957.80
-980.39 -957.80
-955.36 -955.36
-968.85 -955.36
-958.71 -955.36
-948.07 -948.07
-990.43 -948.07
-1002.48 -948.07
-995.45 -948.07
-989.77 -948.07
-954.60 -948.07
-935.16 -935.16
-948.91 -935.16
-979.44 -935.16
-950.88 -935.16
-902.92 -902.92
-959.23 -902.92
-951.40 -902.92
-995.05 -902.92
-948.89 -902.92
-951.13 -902.92
-917.99 -902.92
-905.20 -902.92
-967.39 -902.92
-914.79 -902.92
-957.24 -902.92
-923.30 -902.92
-900.74 -900.74
-927.71 -900.74
-990.82 -900.74
-935.36 -900.74
-930.31 -900.74
-943.20 -900.74
-854.88 -854.88
-947.98 -854.88
-931.85 -854.88
-883.59 -854.88
-902.69 -854.88
-881.60 -854.88
-954.86 -854.88
-904.68 -854.88
-926.79 -854.88
-873.41 -854.88
-895.85 -854.88
-973.80 -854.88
-891.46 -854.88
-907.07 -854.88
-906.84 -854.88
-948.39 -854.88
-999.46 -854.88
-905.68 -854.88
-949.85 -854.88
-945.94 -854.88
-914.95 -854.88
-884.43 -854.88
-960.81 -854.88
-940.30 -854.88
-952.20 -854.88
-929.95 -854.88
-901.22 -854.88
-927.92 -854.88
-951.60 -854.88
-945.08 -854.88
-969.53 -854.88
-956.60 -854.88
-903.81 -854.88
-920.12 -854.88
-928.65 -854.88
-913.86 -854.88
-910.31 -854.88
-915.82 -854.88
-867.10 -854.88
-904.12 -854.88
-926.80 -854.88
-922.10 -854.88
-906.78 -854.88
-930.33 -854.88
-854.39 -854.39
-961.10 -854.39
-915.77 -854.39
-854.60 -854.60
-928.64 -854.60
-837.74 -837.74
-883.60 -837.74
-898.81 -837.74
-813.63 -813.63
-913.81 -813.63
-807.43 -807.43
-873.76 -807.43
-847.30 -807.43
-812.64 -807.43
-842.59 -807.43
-865.03 -807.43
-892.66 -807.43
-843.85 -807.43
-879.61 -807.43
-912.44 -807.43
-882.24 -807.43
-855.87 -807.43
-917.18 -807.43
-859.61 -807.43
-873.30 -807.43
-865.00 -807.43
-804.89 -804.89
-802.45 -802.45
-865.87 -802.45
-875.23 -802.45
-801.30 -801.30
-813.22 -801.30
-850.63 -801.30
-867.69 -801.30
-827.05 -801.30
-857.86 -801.30
-781.33 -781.33
-839.80 -781.33
-829.05 -781.33
-896.00 -781.33
-860.54 -781.33
-823.68 -781.33
-792.73 -781.33
-800.92 -781.33
-882.86 -781.33
-803.40 -781.33
-873.37 -781.33
-832.52 -781.33
-832.66 -781.33
-884.65 -781.33
-805.64 -781.33
-807.32 -781.33
-832.89 -781.33
-812.39 -781.33
-787.33 -781.33
-844.29 -781.33
-909.19 -781.33
-836.21 -781.33
-842.33 -781.33
-789.33 -781.33
-812.54 -781.33
-846.10 -781.33
-847.64 -781.33
-869.10 -781.33
-863.18 -781.33
-913.05 -781.33
-774.95 -774.95
-865.95 -774.95
-877.30 -774.95
-865.93 -774.95
-899.82 -774.95
-835.77 -774.95
-807.16 -774.95
-861.77 -774.95
-861.64 -774.95
-841.96 -774.95
-834.24 -774.95
-824.08 -774.95
-778.13 -774.95
-779.27 -774.95
-864.51 -774.95
-835.33 -774.95
-839.11 -774.95
-813.56 -774.95
-872.13 -774.95
-866.66 -774.95
-835.66 -774.95
-1058.45 -1058.45
-1038.51 -1038.51
-1031.16 -1031.16
-1024.29 -1024.29
-1036.82 -1024.29
-1046.20 -1024.29
-1054.43 -1024.29
-1033.74 -1024.29
-1020.67 -1020.67
-1031.18 -1020.67
-1020.70 -1020.70
-1040.15 -1020.70
-1015.89 -1015.89
-1051.94 -1015.89
-1034.81 -1015.89
-1046.92 -1015.89
-1053.78 -1015.89
-1022.41 -1015.89
-1045.44 -1015.89
-1048.31 -1015.89
-1040.29 -1015.89
-1034.06 -1015.89
-1033.05 -1015.89
-1019.76 -1015.89
-1047.33 -1015.89
-1062.73 -1015.89
-1052.18 -1015.89
-1032.58 -1015.89
-1060.60 -1015.89
-1031.17 -1015.89
-1024.41 -1015.89
-1039.60 -1015.89
-1034.60 -1015.89
-1027.52 -1015.89
-1022.03 -1015.89
-1026.78 -1015.89
-1024.34 -1015.89
-1030.35 -1015.89
-1043.66 -1015.89
-1041.90 -1015.89
-1036.24 -1015.89
-1069.26 -1015.89
-1054.09 -1015.89
-1025.51 -1015.89
-1042.90 -1015.89
-1034.05 -1015.89
-1047.43 -1015.89
-1048.94 -1015.89
-1019.29 -1015.89
-1043.95 -1015.89
-1041.82 -1015.89
-1073.09 -1015.89
-1067.10 -1015.89
-1019.94 -1015.89
-1047.55 -1015.89
-1032.04 -1015.89
-1069.15 -1015.89
-1034.49 -1015.89
-1057.24 -1015.89
-1036.18 -1015.89
-1032.95 -1015.89
-1036.23 -1015.89
-1026.16 -1015.89
-1074.77 -1015.89
-1033.78 -1015.89
-1031.45 -1015.89
-1032.04 -1015.89
-1023.38 -1015.89
-1044.12 -1015.89
-1041.23 -1015.89
-1035.55 -1015.89
-1025.15 -1015.89
-1051.61 -1015.89
-1045.35 -1015.89
-1046.13 -1015.89
-1023.49 -1015.89
-1027.16 -1015.89
-1060.76 -1015.89
-1031.05 -1015.89
-1041.73 -1015.89
-1039.23 -1015.89
-1040.81 -1015.89
-1056.09 -1015.89
-1039.09 -1015.89
-1040.53 -1015.89
-1033.13 -1015.89
-1030.59 -1015.89
-1025.91 -1015.89
-1040.66 -1015.89
-1029.07 -1015.89
-1072.61 -1015.89
-1065.39 -1015.89
-1048.36 -1015.89
-1049.55 -1015.89
-1054.86 -1015.89
-1077.84 -1015.89
-1033.27 -1015.89
-1053.90 -1015.89
-1032.46 -1015.89
-1022.33 -1015.89
-1039.42 -1015.89
-1031.88 -1015.89
-1039.32 -1015.89
-1025.43 -1015.89
-1038.31 -1015.89
-1053.69 -1015.89
-1061.72 -1015.89
-1054.95 -1015.89
-1049.42 -1015.89
-1069.92 -1015.89
-1033.59 -1015.89
-1029.91 -1015.89
-1043.17 -1015.89
-1025.53 -1015.89
-1061.16 -1015.89
-1029.23 -1015.89
-1062.17 -1015.89
-1064.34 -1015.89
-1038.50 -1015.89
-1040.97 -1015.89
-1014.21 -1014.21
-1021.36 -1014.21
-1019.96 -1014.21
-1049.16 -1014.21
-1033.99 -1014.21
-1040.30 -1014.21
-1039.12 -1014.21
-1022.15 -1014.21
-1019.67 -1014.21
-1028.23 -1014.21
-1030.91 -1014.21
-1034.20 -1014.21
-998.33 -998.33
-1017.35 -998.33
-1045.82 -998.33
-1021.36 -998.33
-1053.32 -998.33
-1007.53 -998.33
-1017.18 -998.33
-1050.98 -998.33
-1007.96 -998.33
-1020.96 -998.33
-1060.87 -998.33
-1068.94 -998.33
-1035.72 -998.33
-1048.13 -998.33
-1027.36 -998.33
-1024.96 -998.33
-1015.51 -998.33
-1022.28 -998.33
-1026.73 -998.33
-1004.69 -998.33
-1019.44 -998.33
-1030.57 -998.33
-998.63 -998.63
-1020.03 -998.63
-1036.26 -998.63
-1018.54 -998.63
-1015.95 -998.63
-1048.50 -998.63
-1007.50 -998.63
-1053.83 -998.63
-1016.57 -998.63
-1029.22 -998.63
-1036.15 -998.63
-1007.03 -998.63
-999.97 -998.63
-1021.87 -998.63
-1007.90 -998.63
-1039.99 -998.63
-983.05 -983.05
-1042.59 -983.05
-1004.04 -983.05
-1012.98 -983.05
-1006.10 -983.05
-992.52 -983.05
-1007.91 -983.05
-1016.29 -983.05
-1016.21 -983.05
-1016.97 -983.05
-1036.61 -983.05
-1008.75 -983.05
-1013.52 -983.05
-1012.64 -983.05
-996.78 -983.05
-1045.61 -983.05
-1012.92 -983.05
-1016.45 -983.05
-1022.47 -983.05
-1026.71 -983.05
-1018.97 -983.05
-1019.63 -983.05
-989.53 -983.05
-1002.14 -983.05
-1018.84 -983.05
-1035.16 -983.05
-1019.66 -983.05
-1027.27 -983.05
-1027.90 -983.05
-1024.48 -983.05
-1009.09 -983.05
-1009.48 -983.05
-1021.45 -983.05
-1025.82 -983.05
-1012.58 -983.05
-1000.52 -983.05
-1022.21 -983.05
-1001.83 -983.05
-1049.63 -983.05
-1009.72 -983.05
-1013.95 -983.05
-1008.81 -983.05
-1006.08 -983.05
-1004.69 -983.05
-1003.27 -983.05
-1015.37 -983.05
-1035.18 -983.05
-1000.51 -983.05
-1015.30 -983.05
-1002.35 -983.05
-1011.76 -983.05
-1045.26 -983.05
-1031.74 -983.05
-1042.63 -983.05
-1019.21 -983.05
-1004.47 -983.05
-1008.67 -983.05
-1014.66 -983.05
-1034.09 -983.05
-1019.15 -983.05
-1011.72 -983.05
-999.17 -983.05
-990.58 -983.05
-1007.69 -983.05
-1016.04 -983.05
-1026.64 -983.05
-1047.10 -983.05
-1018.30 -983.05
-1005.86 -983.05
-1055.90 -983.05
-1009.51 -983.05
-1025.39 -983.05
-995.38 -983.05
-1008.31 -983.05
-998.52 -983.05
-1029.48 -983.05
-1035.24 -983.05
-1018.90 -983.05
-1002.26 -983.05
-1013.04 -983.05
-980.79 -980.79
-1051.54 -980.79
-1003.28 -980.79
-996.03 -980.79
-999.99 -980.79
-1026.00 -980.79
-1009.75 -980.79
-1009.33 -980.79
-985.26 -980.79
-1026.69 -980.79
-1022.88 -980.79
-1034.65 -980.79
-1002.60 -980.79
-1001.17 -980.79
-1024.06 -980.79
-1043.93 -980.79
-1015.33 -980.79
-998.32 -980.79
-1039.71 -980.79
-1003.05 -980.79
-991.34 -980.79
-1025.70 -980.79
-1027.01 -980.79
-997.18 -980.79
-1000.15 -980.79
-1024.44 -980.79
-1050.53 -980.79
-1015.87 -980.79
-994.82 -980.79
-1040.89 -980.79
-1016.81 -980.79
-1045.97 -980.79
-1032.31 -980.79
-1001.79 -980.79
-1027.16 -980.79
-1010.26 -980.79
-1022.07 -980.79
-1026.32 -980.79
-1049.30 -980.79
-1024.44 -980.79
-1033.35 -980.79
-1052.59 -980.79
-1002.92 -980.79
-1012.45 -980.79
-987.76 -980.79
-984.35 -980.79
-1013.70 -980.79
-1004.06 -980.79
-993.22 -980.79
-991.57 -980.79
-1004.21 -980.79
-999.71 -980.79
-982.16 -980.79
-1010.20 -980.79
-1042.48 -980.79
-1011.57 -980.79
-1005.80 -980.79
-1000.62 -980.79
-1043.64 -980.79
-1018.19 -980.79
-1033.49 -980.79
-1005.06 -980.79
-1023.65 -980.79
-1041.30 -980.79
-1018.64 -980.79
-1014.46 -980.79
-1015.41 -980.79
-1029.07 -980.79
-1004.84 -980.79
-1025.73 -980.79
-1000.01 -980.79
-1005.47 -980.79
-1025.86 -980.79
-988.79 -980.79
-1010.82 -980.79
-1020.89 -980.79
-1008.33 -980.79
-1038.90 -980.79
-1022.77 -980.79
-1012.00 -980.79
-969.95 -969.95
-1013.94 -969.95
-1011.73 -969.95
-1009.33 -969.95
-1010.42 -969.95
-987.82 -969.95
-1011.59 -969.95
-1016.02 -969.95
-1045.32 -969.95
-992.18 -969.95
-1011.71 -969.95
-1006.62 -969.95
-1000.59 -969.95
-1033.26 -969.95
-1014.96 -969.95
-1011.34 -969.95
-1013.01 -969.95
-987.20 -969.95
-990.52 -969.95
-1037.68 -969.95
-1001.06 -969.95
-977.29 -969.95
-1002.02 -969.95
-1017.77 -969.95
-1034.02 -969.95
-999.67 -969.95
-1008.12 -969.95
-991.38 -969.95
-1016.90 -969.95
-1018.10 -969.95
-981.34 -969.95
-1028.61 -969.95
-1002.47 -969.95
-1024.70 -969.95
-1027.83 -969.95
-970.18 -970.18
-1009.45 -970.18
-1001.37 -970.18
-1012.85 -970.18
-981.13 -970.18
-996.24 -970.18
-1003.13 -970.18
-992.36 -970.18
-991.91 -970.18
-1021.98 -970.18
-983.78 -970.18
-971.23 -971.23
-1022.73 -971.23
-1000.07 -971.23
-975.58 -971.23
-983.28 -971.23
-1042.61 -971.23
-1006.38 -971.23
-983.55 -971.23
-990.76 -971.23
-1028.09 -971.23
-986.71 -971.23
-1023.90 -971.23
-963.79 -963.79
-972.47 -963.79
-1020.63 -963.79
-977.98 -963.79
-973.69 -963.79
-991.91 -963.79
-1017.87 -963.79
-992.41 -963.79
-983.31 -963.79
-965.75 -963.79
-950.83 -950.83
-980.69 -950.83
-988.52 -950.83
-989.67 -950.83
-971.24 -950.83
-947.16 -947.16
-1008.96 -947.16
-984.76 -947.16
-982.02 -947.16
-1007.37 -947.16
-982.54 -947.16
-987.50 -947.16
-969.42 -947.16
-943.45 -943.45
-960.90 -943.45
-976.24 -943.45
-981.58 -943.45
-1024.09 -943.45
-1014.94 -1014.94
-1023.37 -1014.94
-1045.32 -1014.94
-1040.83 -1014.94
-1052.51 -1014.94
-1042.88 -1014.94
-1037.07 -1014.94
-1055.70 -1014.94
-996.74 -996.74
-1046.31 -996.74
-1019.82 -996.74
-1017.82 -996.74
-1014.48 -996.74
-1033.53 -996.74
-1009.77 -996.74
-1031.31 -996.74
-1018.65 -996.74
-1035.38 -996.74
-1016.08 -996.74
-1020.34 -996.74
-1008.61 -996.74
-1026.13 -996.74
-1060.67 -996.74
-1039.04 -996.74
-1004.08 -996.74
-1024.42 -996.74
-1012.18 -996.74
-1011.05 -996.74
-1045.94 -996.74
-1032.77 -996.74
-1003.45 -996.74
-1032.47 -996.74
-1008.95 -996.74
-1049.42 -996.74
-1028.61 -996.74
-1019.37 -996.74
-1010.36 -996.74
-1019.44 -996.74
-1058.83 -996.74
-1015.21 -996.74
-1045.40 -996.74
-1022.82 -996.74
-998.10 -996.74
-1017.72 -996.74
-1038.88 -996.74
-1019.12 -996.74
-1036.03 -996.74
-1017.71 -996.74
-1008.32 -996.74
-1023.65 -996.74
-1019.32 -996.74
-1001.34 -996.74
-1009.57 -996.74
-1016.86 -996.74
-1046.64 -996.74
-1011.61 -996.74
-1021.43 -996.74
-1034.12 -996.74
-1026.77 -996.74
-1026.41 -996.74
-1017.09 -996.74
-1022.57 -996.74
-1012.59 -996.74
-1036.82 -996.74
-1031.54 -996.74
-1026.57 -996.74
-1022.14 -996.74
-1023.61 -996.74
-1049.91 -996.74
-1061.84 -996.74
-1027.65 -996.74
-1015.89 -996.74
-1017.42 -996.74
-1054.19 -996.74
-1029.31 -996.74
-1035.75 -996.74
-1015.58 -996.74
-1015.43 -996.74
-1020.34 -996.74
-1037.24 -996.74
-1029.79 -996.74
-1005.80 -996.74
-1049.01 -996.74
-1021.62 -996.74
-1032.40 -996.74
-1038.77 -996.74
-1061.76 -996.74
-1009.91 -996.74
-1015.70 -996.74
-1033.22 -996.74
-1019.33 -996.74
-999.36 -996.74
-1007.34 -996.74
-1028.99 -996.74
-1019.79 -996.74
-1041.22 -996.74
-1005.31 -996.74
-1015.67 -996.74
-1037.50 -996.74
-1001.47 -996.74
-1021.41 -996.74
-1017.68 -996.74
-1013.20 -996.74
-1037.05 -996.74
-1015.88 -996.74
-1064.42 -996.74
-1028.16 -996.74
-1050.09 -996.74
-1062.55 -996.74
-1051.11 -996.74
-1048.37 -996.74
-1014.15 -996.74
-1008.52 -996.74
-1015.33 -996.74
-1047.61 -996.74
-1051.66 -996.74
-1020.24 -996.74
-996.21 -996.21
-1017.85 -996.21
-1007.92 -996.21
-1015.50 -996.21
-1012.05 -996.21
-1030.13 -996.21
-1011.90 -996.21
-1027.45 -996.21
-1001.79 -996.21
-1026.20 -996.21
-1020.86 -996.21
-1014.17 -996.21
-993.02 -993.02
-1002.72 -993.02
-1034.40 -993.02
-1027.65 -993.02
-1061.87 -993.02
-1013.92 -993.02
-1036.89 -993.02
-1023.88 -993.02
-1021.72 -993.02
-1041.43 -993.02
-1013.90 -993.02
-1038.72 -993.02
-1060.03 -993.02
-1044.59 -993.02
-1014.42 -993.02
-1014.22 -993.02
-1043.42 -993.02
-1001.98 -993.02
-1016.59 -993.02
-1016.98 -993.02
-1026.08 -993.02
-1036.87 -993.02
-1008.54 -993.02
-1022.75 -993.02
-1006.19 -993.02
-1053.64 -993.02
-1006.82 -993.02
-1037.36 -993.02
-1012.20 -993.02
-1010.15 -993.02
-1030.30 -993.02
-1001.21 -993.02
-1006.09 -993.02
-1024.05 -993.02
-1005.55 -993.02
-1000.88 -993.02
-1007.55 -993.02
-1050.16 -993.02
-1021.55 -993.02
-1020.92 -993.02
-1017.96 -993.02
-1046.52 -993.02
-1022.28 -993.02
-1008.03 -993.02
-1060.59 -993.02
-1004.14 -993.02
-1031.80 -993.02
-1053.12 -993.02
-1018.68 -993.02
-1005.09 -993.02
-1032.50 -993.02
-1034.62 -993.02
-1015.87 -993.02
-1011.37 -993.02
-1011.95 -993.02
-1029.13 -993.02
-1022.34 -993.02
-1052.44 -993.02
-1038.70 -993.02
-1023.32 -993.02
-1033.90 -993.02
-1060.39 -993.02
-1008.83 -993.02
-1043.61 -993.02
-1000.07 -993.02
-1031.06 -993.02
-1042.48 -993.02
-1013.60 -993.02
-1008.35 -993.02
-1030.11 -993.02
-1015.55 -993.02
-1023.93 -993.02
-1043.50 -993.02
-1031.84 -993.02
-1024.12 -993.02
-1020.69 -993.02
-999.42 -993.02
-1039.83 -993.02
-1019.99 -993.02
-1004.61 -993.02
-1040.11 -993.02
-1018.84 -993.02
-1030.20 -993.02
-998.45 -993.02
-1016.11 -993.02
-1013.20 -993.02
-1024.66 -993.02
-1014.05 -993.02
-1036.89 -993.02
-1014.29 -993.02
-1009.92 -993.02
-1014.44 -993.02
-1041.96 -993.02
-1028.38 -993.02
-1048.78 -993.02
-1017.18 -993.02
-1024.95 -993.02
-1054.48 -993.02
-1019.15 -993.02
-1039.07 -993.02
-1007.55 -993.02
-1026.85 -993.02
-1019.35 -993.02
-1027.88 -993.02
-1022.11 -993.02
-1008.16 -993.02
-1021.89 -993.02
-1020.40 -993.02
-1034.57 -993.02
-1021.86 -993.02
-1005.61 -993.02
-994.50 -993.02
-1024.00 -993.02
-1011.81 -993.02
-1019.43 -993.02
-1007.29 -993.02
-1017.17 -993.02
-1004.64 -993.02
-1003.38 -993.02
-1000.83 -993.02
-1003.12 -993.02
-1056.13 -993.02
-1031.77 -993.02
-1021.26 -993.02
-1067.43 -993.02
-1028.74 -993.02
-1013.22 -993.02
-1015.14 -993.02
-1000.39 -993.02
-1022.46 -993.02
-1029.15 -993.02
-1026.66 -993.02
-1014.81 -993.02
-1020.99 -993.02
-1049.96 -993.02
-1010.75 -993.02
-1031.53 -993.02
-1028.77 -993.02
-1008.31 -993.02
-988.67 -988.67
-996.96 -988.67
-1018.20 -988.67
-1012.84 -988.67
-996.53 -988.67
-1047.76 -988.67
-1056.64 -988.67
-1021.39 -988.67
-1013.77 -988.67
-1050.36 -988.67
-1045.66 -988.67
-1044.01 -988.67
-1007.24 -988.67
-1027.01 -988.67
-1016.13 -988.67
-992.92 -988.67
-1008.23 -988.67
-1011.30 -988.67
-1028.03 -988.67
-1030.77 -988.67
-1050.59 -988.67
-1017.60 -988.67
-1017.55 -988.67
-1002.73 -988.67
-991.28 -988.67
-1027.91 -988.67
-1029.09 -988.67
-1033.39 -988.67
-1035.82 -988.67
-1026.21 -988.67
-1016.34 -988.67
-1051.03 -988.67
-1050.69 -988.67
-1027.06 -988.67
-1007.05 -988.67
-1045.65 -988.67
-1014.99 -988.67
-1045.14 -988.67
-1016.08 -988.67
-1030.34 -988.67
-981.13 -981.13
-998.38 -981.13
-992.74 -981.13
-983.28 -981.13
-974.89 -974.89
-995.03 -974.89
-966.12 -966.12
-1021.97 -966.12
-990.40 -966.12
-993.86 -966.12
-990.16 -966.12
-995.33 -966.12
-970.58 -966.12
-1011.73 -966.12
-989.82 -966.12
-980.89 -966.12
-981.24 -966.12
-1015.73 -966.12
-985.98 -966.12
-1021.02 -966.12
-979.54 -966.12
-1009.16 -966.12
-987.15 -966.12
-1009.84 -966.12
-1037.06 -966.12
-981.86 -966.12
-977.42 -966.12
-999.94 -966.12
-987.67 -966.12
-1011.11 -966.12
-968.92 -966.12
-1031.40 -966.12
-967.63 -967.63
-946.53 -946.53
-973.61 -946.53
-1001.92 -946.53
-1019.86 -946.53
-980.92 -946.53
-965.59 -946.53
-948.46 -946.53
-1005.94 -946.53
-950.55 -946.53
-957.09 -946.53
-954.06 -946.53
-992.69 -946.53
-995.92 -946.53
-941.77 -941.77
-959.18 -941.77
-936.57 -936.57
-919.37 -919.37
-918.28 -918.28
-1029.22 -918.28
-955.15 -918.28
-965.02 -918.28
-917.18 -917.18
-974.87 -917.18
-1030.90 -917.18
-940.51 -917.18
-997.44 -917.18
-947.07 -917.18
-952.39 -917.18
-978.29 -917.18
-956.28 -917.18
-1009.15 -917.18
-892.21 -892.21
-946.69 -892.21
-935.93 -892.21
-970.32 -892.21
-953.70 -892.21
-928.34 -892.21
-938.88 -892.21
-926.03 -892.21
-958.52 -892.21
-996.86 -892.21
-917.56 -892.21
-933.07 -892.21
-980.64 -892.21
-967.09 -892.21
-916.86 -892.21
-919.16 -892.21
-978.22 -892.21
-933.14 -892.21
-952.76 -892.21
-923.75 -892.21
-1006.29 -892.21
-980.84 -892.21
-914.05 -892.21
-932.00 -892.21
-930.05 -892.21
-980.57 -892.21
-921.27 -892.21
-951.13 -892.21
-915.73 -892.21
-927.37 -892.21
-906.12 -892.21
-869.09 -869.09
-904.88 -869.09
-963.95 -869.09
-957.65 -869.09
-907.01 -869.09
-889.30 -869.09
-936.40 -869.09
-866.80 -866.80
-930.57 -866.80
-895.63 -866.80
-907.57 -866.80
-904.21 -866.80
-914.72 -866.80
-1013.02 -1013.02
-1041.30 -1013.02
-1022.08 -1013.02
-1045.92 -1013.02
-1038.07 -1013.02
-1001.35 -1001.35
-1020.90 -1001.35
-1014.36 -1001.35
-1016.15 -1001.35
-1020.60 -1001.35
-1026.63 -1001.35
-1000.87 -1000.87
-1046.27 -1000.87
-1003.29 -1000.87
-1017.34 -1000.87
-1045.38 -1000.87
-1013.42 -1000.87
-1057.54 -1000.87
-1014.60 -1000.87
-1026.30 -1000.87
-1022.45 -1000.87
-1009.75 -1000.87
-1057.02 -1000.87
-1019.48 -1000.87
-1025.44 -1000.87
-1036.96 -1000.87
-1010.37 -1000.87
-1039.30 -1000.87
-1036.89 -1000.87
-1006.89 -1000.87
-1023.93 -1000.87
-1029.81 -1000.87
-1005.33 -1000.87
-1015.22 -1000.87
-1056.05 -1000.87
-1008.67 -1000.87
-1003.11 -1000.87
-1005.16 -1000.87
-1009.12 -1000.87
-1051.78 -1000.87
-1057.15 -1000.87
-1039.23 -1000.87
-1027.11 -1000.87
-1028.95 -1000.87
-1035.40 -1000.87
-1028.81 -1000.87
-1023.26 -1000.87
-1054.06 -1000.87
-1003.43 -1000.87
-1006.26 -1000.87
-1035.42 -1000.87
-1039.69 -1000.87
-1055.02 -1000.87
-1034.92 -1000.87
-1031.46 -1000.87
-1003.28 -1000.87
-1009.25 -1000.87
-1030.95 -1000.87
-1031.58 -1000.87
-1008.83 -1000.87
-1015.13 -1000.87
-1013.37 -1000.87
-1014.77 -1000.87
-1042.06 -1000.87
-1047.21 -1000.87
-1013.90 -1000.87
-1049.93 -1000.87
-1015.80 -1000.87
-1026.21 -1000.87
-990.87 -990.87
-994.22 -990.87
-997.02 -990.87
-1006.22 -990.87
-1009.22 -990.87
-989.19 -989.19
-996.18 -989.19
-999.59 -989.19
-1032.92 -989.19
-1013.98 -989.19
-1001.88 -989.19
-1009.57 -989.19
-1037.62 -989.19
-1037.97 -989.19
-1039.05 -989.19
-1002.94 -989.19
-1015.28 -989.19
-1008.35 -989.19
-1000.66 -989.19
-1014.19 -989.19
-992.06 -989.19
-1007.48 -989.19
-994.35 -989.19
-984.70 -984.70
-991.68 -984.70
-994.25 -984.70
-992.38 -984.70
-1025.26 -984.70
-1010.55 -984.70
-978.39 -978.39
-996.77 -978.39
-1010.97 -978.39
-986.50 -978.39
-1001.06 -978.39
-1032.74 -978.39
-1006.81 -978.39
-998.89 -978.39
-1016.75 -978.39
-987.85 -978.39
-984.16 -978.39
-996.01 -978.39
-1006.28 -978.39
-982.13 -978.39
-1009.59 -978.39
-985.94 -978.39
-959.66 -959.66
-971.93 -959.66
-978.22 -959.66
-999.77 -959.66
-1000.44 -959.66
-1031.50 -959.66
-979.45 -959.66
-986.10 -959.66
-998.16 -959.66
-978.48 -959.66
-1035.20 -959.66
-973.71 -959.66
-996.28 -959.66
-966.40 -959.66
-997.48 -959.66
-1002.71 -959.66
-985.50 -959.66
-971.28 -959.66
-953.21 -953.21
-982.70 -953.21
-993.53 -953.21
-989.41 -953.21
-963.46 -953.21
-953.00 -953.00
-964.28 -953.00
-967.50 -953.00
-1009.51 -953.00
-960.03 -953.00
-949.86 -949.86
-1004.74 -949.86
-978.80 -949.86
-957.90 -949.86
-989.45 -949.86
-956.79 -949.86
-969.93 -949.86
-998.92 -949.86
-976.95 -949.86
-980.75 -949.86
-1021.42 -949.86
-1008.05 -949.86
-977.48 -949.86
-958.30 -949.86
-966.65 -949.86
-991.11 -949.86
-988.70 -949.86
-979.68 -949.86
-1006.95 -949.86
-1009.03 -949.86
-989.70 -949.86
-939.57 -939.57
-979.86 -939.57
-977.36 -939.57
-949.75 -939.57
-994.88 -939.57
-940.04 -939.57
-975.96 -939.57
-940.23 -939.57
-928.58 -928.58
-907.36 -907.36
-949.98 -907.36
-939.82 -907.36
-946.40 -907.36
-956.23 -907.36
-909.36 -907.36
-842.35 -842.35
-957.86 -842.35
-901.50 -842.35
-929.37 -842.35
-906.97 -842.35
-914.37 -842.35
-919.43 -842.35
-905.32 -842.35
-904.08 -842.35
-931.67 -842.35
-873.25 -842.35
-916.97 -842.35
-940.75 -842.35
-934.55 -842.35
-951.76 -842.35
-909.84 -842.35
-922.22 -842.35
-909.01 -842.35
-939.19 -842.35
-915.90 -842.35
-910.55 -842.35
-951.99 -842.35
-952.21 -842.35
-919.94 -842.35
-924.18 -842.35
-919.98 -842.35
-875.95 -842.35
-933.11 -842.35
-853.27 -842.35
-869.62 -842.35
-867.32 -842.35
-935.25 -842.35
-904.08 -842.35
-942.45 -842.35
-929.83 -842.35
-930.53 -842.35
-909.94 -842.35
-899.82 -842.35
-908.48 -842.35
-871.92 -842.35
-887.87 -842.35
-925.19 -842.35
-901.38 -842.35
-924.46 -842.35
-940.13 -842.35
-900.44 -842.35
-884.23 -842.35
-871.55 -842.35
-872.91 -842.35
-910.63 -842.35
-897.13 -842.35
-851.93 -842.35
-955.90 -842.35
-872.05 -842.35
-921.02 -842.35
-905.85 -842.35
-926.87 -842.35
-880.88 -842.35
-924.18 -842.35
-911.98 -842.35
-874.94 -842.35
-857.55 -842.35
-947.84 -842.35
-896.13 -842.35
-968.16 -842.35
-900.34 -842.35
-838.65 -838.65
-856.65 -838.65
-916.42 -838.65
-922.53 -838.65
-839.38 -839.38
-900.54 -839.38
-879.70 -839.38
-871.43 -839.38
-899.70 -839.38
-893.74 -839.38
-942.59 -839.38
-888.18 -839.38
-856.30 -839.38
-895.19 -839.38
-860.80 -839.38
-927.21 -839.38
-856.41 -839.38
-884.92 -839.38
-896.85 -839.38
-898.08 -839.38
-941.92 -839.38
-864.95 -839.38
-842.44 -842.44
-876.96 -842.44
-885.25 -842.44
-840.16 -840.16
-876.69 -840.16
-885.66 -840.16
-881.78 -840.16
-847.24 -840.16
-942.81 -840.16
-874.96 -840.16
-897.56 -840.16
-876.32 -840.16
-883.66 -840.16
-878.64 -840.16
-926.23 -840.16
-877.65 -840.16
-865.63 -840.16
-876.59 -840.16
-839.55 -839.55
-889.53 -839.55
-868.29 -839.55
-853.96 -839.55
-922.05 -839.55
-900.07 -839.55
-848.75 -839.55
-855.42 -839.55
-811.92 -811.92
-796.17 -796.17
-837.00 -796.17
-853.42 -796.17
-799.81 -796.17
-824.59 -796.17
-839.42 -796.17
-838.45 -796.17
-829.41 -796.17
-844.84 -796.17
-810.07 -796.17
-785.88 -785.88
-804.05 -785.88
-860.06 -785.88
-962.40 -785.88
-877.23 -785.88
-824.12 -785.88
-868.37 -785.88
-769.45 -769.45
-864.47 -769.45
-891.92 -769.45
-815.34 -769.45
-895.54 -769.45
-852.36 -769.45
-850.61 -769.45
-837.06 -769.45
-770.71 -769.45
-861.96 -769.45
-873.29 -769.45
-963.95 -769.45
-857.59 -769.45
-791.81 -769.45
-919.52 -769.45
-949.64 -769.45
-829.63 -769.45
-822.12 -769.45
-862.83 -769.45
-876.15 -769.45
-798.38 -769.45
-810.51 -769.45
-938.63 -769.45
-877.35 -769.45
-769.75 -769.75
-864.58 -769.75
-862.21 -769.75
-852.23 -769.75
-865.67 -769.75
-805.46 -769.75
-809.31 -769.75
-823.84 -769.75
-835.18 -769.75
-847.21 -769.75
-829.51 -769.75
-850.79 -769.75
-816.62 -769.75
-806.55 -769.75
-888.69 -769.75
-841.47 -769.75
-808.55 -769.75
-876.32 -769.75
-817.37 -769.75
-854.56 -769.75
-869.94 -769.75
-865.93 -769.75
-897.19 -769.75
-874.67 -769.75
-836.57 -769.75
-889.79 -769.75
-849.92 -769.75
-843.03 -769.75
-886.25 -769.75
-952.46 -769.75
-859.10 -769.75
-805.61 -769.75
-870.99 -769.75
-822.62 -769.75
-958.54 -769.75
-897.98 -769.75
-888.35 -769.75
-857.53 -769.75
-874.38 -769.75
-886.60 -769.75
-911.30 -769.75
-857.36 -769.75
-849.85 -769.75
-964.41 -769.75
-845.97 -769.75
-822.04 -769.75
-775.93 -769.75
-868.90 -769.75
-824.65 -769.75
-858.61 -769.75
-858.05 -769.75
-861.19 -769.75
-855.52 -769.75
-825.75 -769.75
-792.49 -769.75
-796.63 -769.75
-865.06 -769.75
-858.53 -769.75
-892.41 -769.75
-834.55 -769.75
-869.37 -769.75
-872.09 -769.75
-887.34 -769.75
-829.70 -769.75
-872.28 -769.75
-899.55 -769.75
-801.54 -769.75
-795.44 -769.75
-898.31 -769.75
-793.38 -769.75
-831.27 -769.75
-884.41 -769.75
-810.80 -769.75
-871.87 -769.75
-881.74 -769.75
-792.17 -769.75
-860.50 -769.75
-797.19 -769.75
-853.29 -769.75
-965.31 -769.75
-896.26 -769.75
-866.22 -769.75
-1025.70 -1025.70
-1018.12 -1018.12
-1045.60 -1018.12
-1010.36 -1010.36
-1021.26 -1010.36
-1018.58 -1010.36
-1024.86 -1010.36
-1017.64 -1010.36
-1016.30 -1010.36
-1009.45 -1009.45
-1005.84 -1005.84
-1064.00 -1005.84
-1014.75 -1005.84
-1011.92 -1005.84
-1031.28 -1005.84
-1040.45 -1005.84
-1022.47 -1005.84
-1041.41 -1005.84
-1049.12 -1005.84
-1011.97 -1005.84
-1030.29 -1005.84
-1026.46 -1005.84
-1008.13 -1005.84
-1010.94 -1005.84
-1031.86 -1005.84
-1002.87 -1002.87
-1016.15 -1002.87
-1022.58 -1002.87
-993.51 -993.51
-989.47 -989.47
-993.91 -989.47
-994.05 -989.47
-1011.26 -989.47
-995.89 -989.47
-975.10 -975.10
-986.63 -975.10
-996.25 -975.10
-987.54 -975.10
-985.51 -975.10
-1050.69 -975.10
-1009.72 -975.10
-997.53 -975.10
-960.76 -960.76
-982.87 -960.76
-989.19 -960.76
-971.77 -960.76
-979.48 -960.76
-982.29 -960.76
-1032.70 -960.76
-975.52 -960.76
-954.21 -954.21
-974.05 -954.21
-986.33 -954.21
-984.44 -954.21
-971.64 -954.21
-992.26 -954.21
-950.29 -950.29
-949.13 -949.13
-969.17 -949.13
-943.57 -943.57
-963.85 -943.57
-952.80 -943.57
-947.04 -943.57
-1006.19 -943.57
-1023.39 -943.57
-947.50 -943.57
-1016.76 -943.57
-927.28 -927.28
-935.52 -927.28
-930.10 -927.28
-951.66 -927.28
-920.37 -920.37
-974.62 -920.37
-909.82 -909.82
-918.70 -909.82
-891.54 -891.54
-926.14 -891.54
-913.37 -891.54
-913.70 -891.54
-1012.24 -891.54
-898.49 -891.54
-940.35 -891.54
-900.85 -891.54
-889.84 -889.84
-918.62 -889.84
-940.25 -889.84
-948.34 -889.84
-913.08 -889.84
-925.17 -889.84
-934.23 -889.84
-900.81 -889.84
-932.93 -889.84
-994.54 -889.84
-894.23 -889.84
-900.87 -889.84
-957.44 -889.84
-894.97 -889.84
-881.26 -881.26
-955.28 -881.26
-884.58 -881.26
-925.80 -881.26
-899.48 -881.26
-929.64 -881.26
-955.73 -881.26
-908.58 -881.26
-923.19 -881.26
-916.26 -881.26
-924.14 -881.26
-952.52 -881.26
-939.12 -881.26
-946.77 -881.26
-907.71 -881.26
-968.98 -881.26
-875.78 -875.78
-891.94 -875.78
-828.30 -828.30
-857.62 -828.30
-816.55 -816.55
-853.56 -816.55
-844.84 -816.55
-875.99 -816.55
-838.52 -816.55
-808.65 -808.65
-809.43 -809.43
-837.26 -809.43
-872.57 -809.43
-861.77 -809.43
-838.67 -809.43
-818.45 -809.43
-850.37 -809.43
-832.31 -809.43
-771.13 -771.13
-911.05 -771.13
-844.94 -771.13
-860.06 -771.13
-885.98 -771.13
-856.60 -771.13
-875.47 -771.13
-828.92 -771.13
-791.27 -771.13
-832.63 -771.13
-928.26 -771.13
-835.05 -771.13
-916.25 -771.13
-860.79 -771.13
-927.81 -771.13
-856.80 -771.13
-868.50 -771.13
-878.26 -771.13
-796.91 -771.13
-803.51 -771.13
-844.53 -771.13
-925.21 -771.13
-926.92 -771.13
-883.07 -771.13
-871.51 -771.13
-899.93 -771.13
-859.75 -771.13
-819.53 -771.13
-879.47 -771.13
-813.09 -771.13
-799.41 -771.13
-862.05 -771.13
-810.83 -771.13
-896.09 -771.13
-836.38 -771.13
-907.03 -771.13
-863.62 -771.13
-778.89 -771.13
-805.73 -771.13
-839.61 -771.13
-869.21 -771.13
-834.42 -771.13
-871.35 -771.13
-901.57 -771.13
-890.20 -771.13
-901.18 -771.13
-832.82 -771.13
-832.90 -771.13
-809.86 -771.13
-789.57 -771.13
-889.90 -771.13
-854.30 -771.13
-795.48 -771.13
-850.53 -771.13
-857.18 -771.13
-917.74 -771.13
-962.99 -771.13
-820.84 -771.13
-856.29 -771.13
-860.54 -771.13
-829.01 -771.13
-853.01 -771.13
-810.79 -771.13
-925.31 -771.13
-835.20 -771.13
-852.09 -771.13
-829.66 -771.13
-782.44 -771.13
-884.34 -771.13
-911.63 -771.13
-867.43 -771.13
-833.18 -771.13
-851.29 -771.13
-820.75 -771.13
-898.11 -771.13
-846.07 -771.13
-827.63 -771.13
-888.20 -771.13
-878.98 -771.13
-900.30 -771.13
-863.26 -771.13
-867.70 -771.13
-850.84 -771.13
-861.82 -771.13
-841.89 -771.13
-880.39 -771.13
-909.74 -771.13
-828.45 -771.13
-849.22 -771.13
-913.06 -771.13
-799.29 -771.13
-806.39 -771.13
-825.82 -771.13
-856.75 -771.13
-865.72 -771.13
-827.09 -771.13
-872.66 -771.13
-854.78 -771.13
-824.22 -771.13
-832.88 -771.13
-891.92 -771.13
-842.59 -771.13
-857.10 -771.13
-820.25 -771.13
-829.82 -771.13
-916.15 -771.13
-857.32 -771.13
-847.27 -771.13
-773.13 -771.13
-819.27 -771.13
-816.09 -771.13
-859.22 -771.13
-854.50 -771.13
-795.14 -771.13
-810.83 -771.13
-842.89 -771.13
-825.42 -771.13
-812.15 -771.13
-878.65 -771.13
-835.44 -771.13
-883.88 -771.13
-789.29 -771.13
-867.00 -771.13
-817.93 -771.13
-845.83 -771.13
-880.48 -771.13
-819.32 -771.13
-947.23 -771.13
-801.51 -771.13
-846.02 -771.13
-930.17 -771.13
-851.21 -771.13
-852.88 -771.13
-816.81 -771.13
-857.07 -771.13
-844.06 -771.13
-871.89 -771.13
-892.90 -771.13
-938.46 -771.13
-907.82 -771.13
-814.37 -771.13
-850.65 -771.13
-823.68 -771.13
-878.50 -771.13
-820.30 -771.13
-887.06 -771.13
-879.28 -771.13
-872.26 -771.13
-845.17 -771.13
-800.63 -771.13
-819.37 -771.13
-886.80 -771.13
-903.35 -771.13
-797.35 -771.13
-835.58 -771.13
-839.57 -771.13
-907.40 -771.13
-829.47 -771.13
-823.87 -771.13
-869.41 -771.13
-807.16 -771.13
-899.84 -771.13
-832.17 -771.13
-895.74 -771.13
-789.41 -771.13
-834.53 -771.13
-831.50 -771.13
-859.73 -771.13
-885.52 -771.13
-825.10 -771.13
-827.14 -771.13
-811.25 -771.13
-892.60 -771.13
-844.28 -771.13
-856.03 -771.13
-829.96 -771.13
-848.24 -771.13
-843.82 -771.13
-839.24 -771.13
-848.32 -771.13
-807.17 -771.13
-833.59 -771.13
-869.12 -771.13
-869.73 -771.13
-827.96 -771.13
-890.68 -771.13
-805.64 -771.13
-861.49 -771.13
-863.93 -771.13
-947.20 -771.13
-816.37 -771.13
-836.86 -771.13
-835.22 -771.13
-853.76 -771.13
-859.93 -771.13
-861.19 -771.13
-850.64 -771.13
-924.57 -771.13
-805.56 -771.13
-871.76 -771.13
-832.47 -771.13
-843.80 -771.13
-838.22 -771.13
-881.89 -771.13
-903.81 -771.13
-927.86 -771.13
-871.90 -771.13
-890.56 -771.13
-841.17 -771.13
-951.84 -771.13
-851.51 -771.13
-864.09 -771.13
-890.50 -771.13
-850.83 -771.13
-814.19 -771.13
-834.05 -771.13
-842.03 -771.13
-777.41 -771.13
-858.40 -771.13
-824.58 -771.13
-868.62 -771.13
-848.42 -771.13
-912.39 -771.13
-835.64 -771.13
-885.10 -771.13
-832.70 -771.13
-894.61 -771.13
-878.02 -771.13
-837.97 -771.13
-829.35 -771.13
-877.75 -771.13
-923.79 -771.13
-840.95 -771.13
-837.93 -771.13
-869.65 -771.13
-868.45 -771.13
-820.68 -771.13
-832.40 -771.13
-841.81 -771.13
-821.17 -771.13
-872.69 -771.13
-886.20 -771.13
-805.98 -771.13
-890.29 -771.13
-825.78 -771.13
-788.06 -771.13
-896.20 -771.13
-846.75 -771.13
-771.10 -771.10
-827.70 -771.10
-795.99 -771.10
-845.82 -771.10
-905.00 -771.10
-812.99 -771.10
-914.79 -771.10
-823.23 -771.10
-855.87 -771.10
-822.99 -771.10
-823.20 -771.10
-796.59 -771.10
-816.44 -771.10
-903.63 -771.10
-853.89 -771.10
-829.30 -771.10
-861.21 -771.10
-881.05 -771.10
-848.61 -771.10
-843.93 -771.10
-889.43 -771.10
-785.01 -771.10
-865.08 -771.10
-844.17 -771.10
-864.66 -771.10
-810.61 -771.10
-843.45 -771.10
-876.44 -771.10
-864.65 -771.10
-816.17 -771.10
-857.76 -771.10
-860.61 -771.10
-841.49 -771.10
-829.96 -771.10
-905.29 -771.10
-814.34 -771.10
-883.08 -771.10
-1020.41 -1020.41
-1045.87 -1020.41
-1018.23 -1018.23
-1032.83 -1018.23
-1039.99 -1018.23
-1035.41 -1018.23
-1034.51 -1018.23
-1011.19 -1011.19
-1002.20 -1002.20
-1031.32 -1002.20
-1016.70 -1002.20
-1011.51 -1002.20
-1031.65 -1002.20
-1017.94 -1002.20
-1001.27 -1001.27
-1042.96 -1001.27
-1021.55 -1001.27
-1057.66 -1001.27
-1015.84 -1001.27
-1022.07 -1001.27
-1022.85 -1001.27
-1008.35 -1001.27
-1052.58 -1001.27
-1042.48 -1001.27
-1036.26 -1001.27
-1052.08 -1001.27
-1001.14 -1001.14
-1000.48 -1000.48
-1003.67 -1003.67
-1027.69 -1003.67
-985.52 -985.52
-985.79 -985.52
-993.61 -985.52
-1007.23 -985.52
-1014.52 -985.52
-1023.40 -985.52
-1011.94 -985.52
-1007.34 -985.52
-974.06 -974.06
-1011.43 -974.06
-996.51 -974.06
-1030.97 -974.06
-990.85 -974.06
-1017.28 -974.06
-998.56 -974.06
-978.85 -974.06
-988.72 -974.06
-986.44 -974.06
-1005.49 -974.06
-970.55 -970.55
-975.16 -970.55
-972.01 -970.55
-952.62 -952.62
-956.21 -952.62
-993.16 -952.62
-1003.58 -952.62
-966.83 -952.62
-991.85 -952.62
-949.22 -949.22
-930.58 -930.58
-982.88 -930.58
-921.26 -921.26
-921.38 -921.38
-919.99 -919.99
-968.22 -919.99
-945.36 -919.99
-951.07 -919.99
-955.75 -919.99
-983.49 -919.99
-932.28 -919.99
-914.82 -914.82
-932.27 -914.82
-1000.67 -914.82
-899.01 -899.01
-933.66 -899.01
-941.77 -899.01
-933.98 -899.01
-900.27 -899.01
-946.84 -899.01
-929.06 -899.01
-939.78 -899.01
-952.26 -899.01
-958.26 -899.01
-915.67 -899.01
-939.35 -899.01
-964.79 -899.01
-927.92 -899.01
-1009.56 -899.01
-935.95 -899.01
-936.42 -899.01
-989.65 -899.01
-942.26 -899.01
-917.95 -899.01
-932.52 -899.01
-924.89 -899.01
-938.37 -899.01
-901.21 -899.01
-952.53 -899.01
-899.29 -899.29
-909.37 -899.29
-927.65 -899.29
-934.08 -899.29
-922.72 -899.29
-900.38 -899.29
-916.17 -899.29
-927.73 -899.29
-920.72 -899.29
-937.69 -899.29
-935.36 -899.29
-914.48 -899.29
-916.05 -899.29
-995.89 -899.29
-961.22 -899.29
-930.15 -899.29
-931.91 -899.29
-966.48 -899.29
-916.66 -899.29
-934.98 -899.29
-930.75 -899.29
-948.53 -899.29
-949.09 -899.29
-927.17 -899.29
-935.54 -899.29
-916.64 -899.29
-940.35 -899.29
-953.42 -899.29
-906.30 -899.29
-942.70 -899.29
-925.99 -899.29
-888.66 -888.66
-946.33 -888.66
-910.80 -888.66
-916.68 -888.66
-934.71 -888.66
-907.13 -888.66
-897.21 -888.66
-898.02 -888.66
-930.92 -888.66
-919.10 -888.66
-932.56 -888.66
-907.34 -888.66
-892.76 -888.66
-1002.56 -888.66
-919.51 -888.66
-913.57 -888.66
-952.85 -888.66
-912.64 -888.66
-960.99 -888.66
-893.80 -888.66
-906.36 -888.66
-898.09 -888.66
-924.71 -888.66
-931.73 -888.66
-903.36 -888.66
-904.16 -888.66
-927.95 -888.66
-896.53 -888.66
-974.85 -888.66
-920.17 -888.66
-907.48 -888.66
-915.42 -888.66
-926.09 -888.66
-846.49 -846.49
-927.99 -846.49
-835.13 -835.13
-842.35 -835.13
-916.33 -835.13
-882.61 -835.13
-853.04 -835.13
-925.52 -835.13
-830.63 -830.63
-920.35 -830.63
-877.32 -830.63
-901.64 -830.63
-882.03 -830.63
-884.38 -830.63
-805.75 -805.75
-907.74 -805.75
-837.37 -805.75
-817.66 -805.75
-914.00 -805.75
-887.35 -805.75
-868.72 -805.75
-851.21 -805.75
-856.43 -805.75
-906.27 -805.75
-963.06 -805.75
-856.08 -805.75
-944.07 -805.75
-872.37 -805.75
-884.37 -805.75
-915.38 -805.75
-895.87 -805.75
-767.70 -767.70
-905.15 -767.70
-859.77 -767.70
-847.00 -767.70
-792.95 -767.70
-802.77 -767.70
-823.24 -767.70
-831.70 -767.70
-834.09 -767.70
-823.07 -767.70
-885.19 -767.70
-838.12 -767.70
-816.12 -767.70
-890.81 -767.70
-839.96 -767.70
-837.46 -767.70
-799.29 -767.70
-958.89 -767.70
-806.04 -767.70
-949.68 -767.70
-797.25 -767.70
-928.66 -767.70
-856.97 -767.70
-869.20 -767.70
-927.68 -767.70
-892.77 -767.70
-825.73 -767.70
-851.36 -767.70
-894.84 -767.70
-798.75 -767.70
-846.36 -767.70
-814.03 -767.70
-807.59 -767.70
-793.17 -767.70
-859.57 -767.70
-920.80 -767.70
-857.10 -767.70
-820.04 -767.70
-813.10 -767.70
-809.38 -767.70
-916.58 -767.70
-814.03 -767.70
-870.23 -767.70
-808.07 -767.70
-910.01 -767.70
-912.92 -767.70
-831.42 -767.70
-813.70 -767.70
-838.67 -767.70
-865.47 -767.70
-860.58 -767.70
-868.23 -767.70
-880.13 -767.70
-813.75 -767.70
-873.37 -767.70
-905.61 -767.70
-853.00 -767.70
-862.09 -767.70
-851.76 -767.70
-868.21 -767.70
-865.28 -767.70
-824.25 -767.70
-841.47 -767.70
-926.26 -767.70
-906.65 -767.70
-808.37 -767.70
-768.11 -768.11
-937.93 -768.11
-892.73 -768.11
-821.26 -768.11
-850.25 -768.11
-859.96 -768.11
-816.53 -768.11
-921.37 -768.11
-841.82 -768.11
-836.06 -768.11
-817.60 -768.11
-815.73 -768.11
-919.59 -768.11
-872.79 -768.11
-865.02 -768.11
-871.19 -768.11
-912.77 -768.11
-854.35 -768.11
-865.99 -768.11
-858.56 -768.11
-868.50 -768.11
-850.65 -768.11
-868.70 -768.11
-805.17 -768.11
-853.04 -768.11
-879.18 -768.11
-905.92 -768.11
-798.24 -768.11
-830.50 -768.11
-889.14 -768.11
-815.37 -768.11
-876.23 -768.11
-821.96 -768.11
-904.21 -768.11
-832.07 -768.11
-844.62 -768.11
-828.37 -768.11
-870.44 -768.11
-760.93 -760.93
-879.57 -760.93
-851.21 -760.93
-798.16 -760.93
-926.31 -760.93
-861.89 -760.93
-932.12 -760.93
-841.08 -760.93
-860.38 -760.93
-855.20 -760.93
-832.40 -760.93
-795.80 -760.93
-938.73 -760.93
-877.12 -760.93
-933.40 -760.93
-842.10 -760.93
-899.04 -760.93
-893.11 -760.93
-857.66 -760.93
-849.35 -760.93
-886.06 -760.93
-867.07 -760.93
-829.59 -760.93
-863.62 -760.93
-812.99 -760.93
-873.23 -760.93
-915.94 -760.93
-804.30 -760.93
-842.57 -760.93
-893.14 -760.93
-850.33 -760.93
-865.74 -760.93
-906.12 -760.93
-919.96 -760.93
-914.17 -760.93
-847.69 -760.93
-869.51 -760.93
-955.74 -760.93
-889.73 -760.93
-930.55 -760.93
-815.59 -760.93
-832.42 -760.93
-855.33 -760.93
-850.64 -760.93
-830.05 -760.93
-863.41 -760.93
-873.67 -760.93
-894.62 -760.93
-868.67 -760.93
-826.38 -760.93
-923.08 -760.93
-876.45 -760.93
-840.98 -760.93
-943.59 -760.93
-884.68 -760.93
-871.00 -760.93
-913.40 -760.93
-917.07 -760.93
-850.82 -760.93
-899.85 -760.93
-876.24 -760.93
-889.92 -760.93
-829.27 -760.93
-873.56 -760.93
-833.67 -760.93
-872.60 -760.93
-912.64 -760.93
-883.82 -760.93
-870.08 -760.93
-868.71 -760.93
-899.59 -760.93
-840.24 -760.93
-840.14 -760.93
-911.12 -760.93
-814.25 -760.93
-902.10 -760.93
-854.72 -760.93
-811.32 -760.93
-894.26 -760.93
-842.95 -760.93
-819.47 -760.93
-882.38 -760.93
-797.23 -760.93
-892.30 -760.93
-846.13 -760.93
-843.92 -760.93
-915.56 -760.93
-870.67 -760.93
-879.82 -760.93
-906.17 -760.93
-792.94 -760.93
-911.06 -760.93
-836.31 -760.93
-878.24 -760.93
-865.21 -760.93
-900.73 -760.93
-901.80 -760.93
-842.96 -760.93
-834.61 -760.93
-881.16 -760.93
-848.72 -760.93
-862.61 -760.93
-875.99 -760.93
-889.38 -760.93
-857.75 -760.93
-864.45 -760.93
-860.29 -760.93
-828.72 -760.93
-946.95 -760.93
-893.76 -760.93
-873.46 -760.93
-866.19 -760.93
-893.85 -760.93
-871.35 -760.93
-899.41 -760.93
-836.81 -760.93
-839.29 -760.93
-916.72 -760.93
-934.82 -760.93
-1027.12 -1027.12
-1013.90 -1013.90
-1031.71 -1013.90
-1000.37 -1000.37
-1021.89 -1000.37
-1015.75 -1000.37
-1025.60 -1000.37
-1025.54 -1000.37
-1015.37 -1000.37
-1021.96 -1000.37
-990.66 -990.66
-982.73 -982.73
-975.88 -975.88
-1010.17 -975.88
-1027.07 -975.88
-1011.09 -975.88
-965.65 -965.65
-1004.35 -965.65
-1006.53 -965.65
-1033.97 -965.65
-965.79 -965.79
-1054.02 -965.79
-986.31 -965.79
-959.45 -959.45
-1050.31 -959.45
-1014.82 -959.45
-976.56 -959.45
-1025.23 -959.45
-952.98 -952.98
-1001.55 -952.98
-975.90 -952.98
-967.00 -952.98
-946.71 -946.71
-984.10 -946.71
-953.90 -946.71
-993.55 -946.71
-953.92 -946.71
-1029.56 -946.71
-988.92 -946.71
-991.08 -946.71
-998.18 -946.71
-960.24 -946.71
-976.38 -946.71
-951.45 -946.71
-965.59 -946.71
-972.27 -946.71
-995.80 -946.71
-1021.72 -946.71
-991.87 -946.71
-964.99 -946.71
-978.64 -946.71
-978.07 -946.71
-960.77 -946.71
-1009.64 -946.71
-944.92 -944.92
-1004.21 -944.92
-973.49 -944.92
-945.10 -945.10
-979.75 -945.10
-967.37 -945.10
-945.38 -945.38
-1003.20 -945.38
-933.27 -933.27
-951.68 -933.27
-947.39 -933.27
-951.55 -933.27
-942.54 -933.27
-962.83 -933.27
-970.06 -933.27
-978.91 -933.27
-980.79 -933.27
-969.21 -933.27
-981.32 -933.27
-992.08 -933.27
-948.15 -933.27
-955.65 -933.27
-925.80 -925.80
-951.90 -925.80
-938.17 -925.80
-940.43 -925.80
-943.81 -925.80
-960.32 -925.80
-956.40 -925.80
-967.77 -925.80
-927.99 -925.80
-933.68 -925.80
-1019.88 -925.80
-963.04 -925.80
-1010.32 -925.80
-960.05 -925.80
-974.08 -925.80
-930.41 -925.80
-987.97 -925.80
-939.88 -925.80
-967.06 -925.80
-946.45 -925.80
-991.44 -925.80
-936.57 -925.80
-954.27 -925.80
-933.11 -925.80
-948.90 -925.80
-991.96 -925.80
-995.56 -925.80
-955.11 -925.80
-987.99 -925.80
-947.56 -925.80
-1003.59 -925.80
-1001.33 -925.80
-971.61 -925.80
-1032.52 -925.80
-1001.87 -925.80
-944.76 -925.80
-1024.43 -925.80
-965.90 -925.80
-963.41 -925.80
-902.28 -902.28
-936.51 -902.28
-950.91 -902.28
-920.21 -902.28
-896.45 -896.45
-944.10 -896.45
-935.47 -896.45
-923.05 -896.45
-888.82 -888.82
-935.08 -888.82
-902.31 -888.82
-888.58 -888.58
-898.04 -888.58
-929.50 -888.58
-896.53 -888.58
-883.49 -883.49
-956.66 -883.49
-939.54 -883.49
-901.65 -883.49
-903.06 -883.49
-913.05 -883.49
-936.24 -883.49
-880.07 -880.07
-904.06 -880.07
-918.09 -880.07
-889.85 -880.07
-928.76 -880.07
-883.69 -880.07
-925.81 -880.07
-926.02 -880.07
-925.90 -880.07
-853.32 -853.32
-814.44 -814.44
-902.84 -814.44
-851.47 -814.44
-904.36 -814.44
-884.35 -814.44
-843.60 -814.44
-877.25 -814.44
-816.17 -814.44
-877.20 -814.44
-818.94 -814.44
-848.90 -814.44
-908.29 -814.44
-852.22 -814.44
-837.80 -814.44
-937.48 -814.44
-831.24 -814.44
-853.38 -814.44
-906.76 -814.44
-867.14 -814.44
-830.11 -814.44
-910.23 -814.44
-956.05 -814.44
-860.32 -814.44
-927.94 -814.44
-838.83 -814.44
-829.29 -814.44
-846.75 -814.44
-892.27 -814.44
-822.36 -814.44
-912.18 -814.44
-885.22 -814.44
-859.02 -814.44
-859.45 -814.44
-886.64 -814.44
-832.67 -814.44
-889.16 -814.44
-895.75 -814.44
-784.57 -784.57
-867.35 -784.57
-908.44 -784.57
-769.75 -769.75
-931.09 -769.75
-861.35 -769.75
-820.07 -769.75
-855.31 -769.75
-862.81 -769.75
-842.63 -769.75
-814.28 -769.75
-817.98 -769.75
-874.35 -769.75
-830.76 -769.75
-813.90 -769.75
-856.50 -769.75
-855.29 -769.75
-865.90 -769.75
-847.22 -769.75
-887.88 -769.75
-874.50 -769.75
-871.04 -769.75
-848.08 -769.75
-842.92 -769.75
-853.70 -769.75
-856.20 -769.75
-861.34 -769.75
-881.16 -769.75
-862.43 -769.75
-812.83 -769.75
-852.66 -769.75
-884.99 -769.75
-843.85 -769.75
-829.31 -769.75
-897.35 -769.75
-880.85 -769.75
-811.17 -769.75
-766.52 -766.52
-817.90 -766.52
-848.90 -766.52
-855.04 -766.52
-843.10 -766.52
-913.06 -766.52
-869.36 -766.52
-793.76 -766.52
-812.18 -766.52
-849.46 -766.52
-854.12 -766.52
-894.15 -766.52
-912.70 -766.52
-878.00 -766.52
-887.62 -766.52
-828.24 -766.52
-862.61 -766.52
-889.89 -766.52
-832.56 -766.52
-828.21 -766.52
-965.32 -766.52
-853.07 -766.52
-821.50 -766.52
-811.28 -766.52
-858.34 -766.52
-852.73 -766.52
-853.08 -766.52
-895.80 -766.52
-800.22 -766.52
-795.70 -766.52
-942.01 -766.52
-814.52 -766.52
-802.81 -766.52
-822.02 -766.52
-881.38 -766.52
-930.16 -766.52
-882.75 -766.52
-863.72 -766.52
-859.66 -766.52
-876.92 -766.52
-818.23 -766.52
-869.04 -766.52
-858.73 -766.52
-824.63 -766.52
-879.98 -766.52
-826.49 -766.52
-811.13 -766.52
-845.62 -766.52
-828.96 -766.52
-824.73 -766.52
-877.89 -766.52
-867.12 -766.52
-874.54 -766.52
-800.68 -766.52
-870.13 -766.52
-813.08 -766.52
-817.82 -766.52
-937.47 -766.52
-854.67 -766.52
-844.23 -766.52
-862.92 -766.52
-892.77 -766.52
-824.15 -766.52
-843.81 -766.52
-846.54 -766.52
-800.42 -766.52
-825.09 -766.52
-807.89 -766.52
-857.29 -766.52
-802.11 -766.52
-873.98 -766.52
-828.27 -766.52
-860.15 -766.52
-844.33 -766.52
-877.32 -766.52
-886.69 -766.52
-839.25 -766.52
-824.25 -766.52
-824.27 -766.52
-842.94 -766.52
-877.09 -766.52
-827.04 -766.52
-847.04 -766.52
-873.65 -766.52
-875.27 -766.52
-885.16 -766.52
-760.88 -760.88
-895.14 -760.88
-892.66 -760.88
-875.20 -760.88
-901.65 -760.88
-862.78 -760.88
-820.75 -760.88
-901.36 -760.88
-821.91 -760.88
-966.20 -760.88
-887.96 -760.88
-861.30 -760.88
-794.13 -760.88
-877.75 -760.88
-835.33 -760.88
-822.38 -760.88
-845.47 -760.88
-813.76 -760.88
-847.52 -760.88
-871.10 -760.88
-843.10 -760.88
-872.58 -760.88
-890.93 -760.88
-840.32 -760.88
-847.55 -760.88
-879.67 -760.88
-932.37 -760.88
-851.81 -760.88
-889.42 -760.88
-865.88 -760.88
-857.13 -760.88
-901.76 -760.88
-844.99 -760.88
-831.39 -760.88
-801.63 -760.88
-850.70 -760.88
-828.88 -760.88
-891.80 -760.88
-877.82 -760.88
-830.66 -760.88
-793.89 -760.88
-806.50 -760.88
-832.97 -760.88
-954.93 -760.88
-875.72 -760.88
-885.92 -760.88
-800.33 -760.88
-815.78 -760.88
-847.97 -760.88
-839.40 -760.88
-870.78 -760.88
-946.69 -760.88
-840.24 -760.88
-846.06 -760.88
-904.53 -760.88
-871.87 -760.88
-806.68 -760.88
-807.07 -760.88
-895.26 -760.88
-932.61 -760.88
-902.94 -760.88
-863.91 -760.88
-828.32 -760.88
-846.37 -760.88
-912.73 -760.88
-843.81 -760.88
-849.42 -760.88
-850.81 -760.88
-812.16 -760.88
-812.87 -760.88
-811.33 -760.88
-803.33 -760.88
-854.06 -760.88
-892.50 -760.88
-867.79 -760.88
-875.33 -760.88
-833.05 -760.88
-879.75 -760.88
-880.58 -760.88
-807.05 -760.88
-857.91 -760.88
-799.37 -760.88
-775.71 -760.88
-836.09 -760.88
-880.97 -760.88
-847.92 -760.88
-863.90 -760.88
-872.33 -760.88
-862.91 -760.88
-825.60 -760.88
-807.65 -760.88
-805.19 -760.88
-863.84 -760.88
-807.93 -760.88
-865.76 -760.88
-841.67 -760.88
-851.86 -760.88
-816.90 -760.88
-959.71 -760.88
-857.68 -760.88
-826.12 -760.88
-879.47 -760.88
-885.42 -760.88
-795.57 -760.88
-891.30 -760.88
-824.39 -760.88
-866.76 -760.88
-838.89 -760.88
-858.10 -760.88
-1029.46 -1029.46
-1056.07 -1029.46
-1030.66 -1029.46
-1032.18 -1029.46
-1032.24 -1029.46
-1023.41 -1023.41
-1039.50 -1023.41
-1041.43 -1023.41
-1021.34 -1021.34
-1029.76 -1021.34
-1021.97 -1021.97
-1037.86 -1021.97
-1020.53 -1020.53
-1021.51 -1021.51
-1034.09 -1021.51
-1023.02 -1021.51
-1044.46 -1021.51
-1029.25 -1021.51
-1034.98 -1021.51
-1025.46 -1021.51
-1041.61 -1021.51
-1038.40 -1021.51
-1021.70 -1021.70
-1049.58 -1021.70
-1029.17 -1021.70
-1057.42 -1021.70
-1021.94 -1021.94
-1065.81 -1021.94
-1054.09 -1021.94
-1039.78 -1021.94
-1018.75 -1018.75
-1037.60 -1018.75
-1038.79 -1018.75
-1037.42 -1018.75
-1020.76 -1020.76
-1058.35 -1020.76
-1037.82 -1020.76
-1042.34 -1020.76
-1015.89 -1015.89
-1007.88 -1007.88
-1025.88 -1007.88
-1049.31 -1007.88
-1022.76 -1007.88
-1001.57 -1001.57
-1036.76 -1001.57
-1023.37 -1001.57
-1067.81 -1001.57
-1021.32 -1001.57
-1015.34 -1001.57
-1055.00 -1001.57
-1012.56 -1001.57
-993.19 -993.19
-1036.26 -993.19
-1013.11 -993.19
-1010.09 -993.19
-1002.91 -993.19
-1021.30 -993.19
-1011.09 -993.19
-1010.83 -993.19
-1026.33 -993.19
-1021.97 -993.19
-1043.10 -993.19
-1040.27 -993.19
-997.75 -993.19
-1011.91 -993.19
-1030.49 -993.19
-1026.67 -993.19
-1034.54 -993.19
-1020.67 -993.19
-1002.11 -993.19
-1008.09 -993.19
-1021.75 -993.19
-1046.75 -993.19
-1052.44 -993.19
-1018.77 -993.19
-1045.26 -993.19
-1013.98 -993.19
-1043.12 -993.19
-1038.86 -993.19
-1021.86 -993.19
-1034.64 -993.19
-1045.79 -993.19
-1012.14 -993.19
-1005.95 -993.19
-1028.90 -993.19
-1022.34 -993.19
-997.20 -993.19
-1023.20 -993.19
-1023.12 -993.19
-1058.53 -993.19
-1029.66 -993.19
-1029.88 -993.19
-996.98 -993.19
-1020.04 -993.19
-1037.12 -993.19
-1019.76 -993.19
-1016.55 -993.19
-1023.93 -993.19
-1024.45 -993.19
-1028.93 -993.19
-1013.29 -993.19
-1047.72 -993.19
-1052.94 -993.19
-1036.00 -993.19
-1008.94 -993.19
-1043.12 -993.19
-1056.25 -993.19
-1064.00 -993.19
-983.84 -983.84
-1014.81 -983.84
-987.00 -983.84
-1001.38 -983.84
-1003.69 -983.84
-1007.36 -983.84
-1032.88 -983.84
-972.71 -972.71
-1005.82 -972.71
-1016.47 -972.71
-1051.99 -972.71
-1027.57 -972.71
-1000.33 -972.71
-1055.06 -972.71
-999.48 -972.71
-991.72 -972.71
-1029.32 -972.71
-1037.76 -972.71
-1058.64 -972.71
-997.41 -972.71
-1052.57 -972.71
-996.94 -972.71
-1020.77 -972.71
-997.90 -972.71
-1024.84 -972.71
-1036.89 -972.71
-1042.39 -972.71
-1047.12 -972.71
-1009.16 -972.71
-1013.98 -972.71
-1001.32 -972.71
-1008.48 -972.71
-1007.50 -972.71
-1012.47 -972.71
-993.12 -972.71
-1020.30 -972.71
-982.80 -972.71
-1005.38 -972.71
-1026.49 -972.71
-992.36 -972.71
-1017.12 -972.71
-1011.22 -972.71
-1021.01 -972.71
-996.11 -972.71
-968.01 -968.01
-1017.89 -968.01
-1018.04 -968.01
-991.66 -968.01
-1014.57 -968.01
-1045.73 -968.01
-1009.77 -968.01
-998.28 -968.01
-1047.03 -968.01
-993.59 -968.01
-1017.76 -968.01
-1037.69 -968.01
-987.76 -968.01
-990.76 -968.01
-982.96 -968.01
-987.16 -968.01
-1004.37 -968.01
-1001.47 -968.01
-999.67 -968.01
-1039.93 -968.01
-1026.68 -968.01
-1014.99 -968.01
-1007.97 -968.01
-1006.03 -968.01
-994.54 -968.01
-1019.29 -968.01
-1021.02 -968.01
-993.89 -968.01
-987.52 -968.01
-975.88 -968.01
-1011.25 -968.01
-989.54 -968.01
-1001.15 -968.01
-1027.83 -968.01
-995.42 -968.01
-989.03 -968.01
-1045.36 -968.01
-986.75 -968.01
-980.30 -968.01
-985.10 -968.01
-992.21 -968.01
-1016.72 -968.01
-987.93 -968.01
-1008.86 -968.01
-984.84 -968.01
-975.66 -968.01
-1014.03 -968.01
-982.63 -968.01
-1020.67 -968.01
-1010.43 -968.01
-999.48 -968.01
-978.49 -968.01
-1025.34 -968.01
-990.60 -968.01
-1000.28 -968.01
-986.30 -968.01
-1008.52 -968.01
-986.79 -968.01
-1001.35 -968.01
-1011.92 -968.01
-995.03 -968.01
-984.72 -968.01
-1019.97 -968.01
-1021.64 -968.01
-983.59 -968.01
-999.88 -968.01
-999.14 -968.01
-975.84 -968.01
-1015.31 -968.01
-990.32 -968.01
-993.43 -968.01
-1013.78 -968.01
-983.25 -968.01
-1006.57 -968.01
-998.07 -968.01
-987.52 -968.01
-991.67 -968.01
-1003.91 -968.01
-1000.69 -968.01
-1049.57 -968.01
-1004.05 -968.01
-962.57 -962.57
-978.98 -962.57
-982.95 -962.57
-1012.65 -962.57
-1020.47 -962.57
-1036.45 -962.57
-1041.42 -962.57
-1008.57 -962.57
-1006.03 -962.57
-992.87 -962.57
-975.88 -962.57
-1001.84 -962.57
-977.55 -962.57
-990.45 -962.57
-1009.26 -962.57
-967.03 -962.57
-1016.97 -962.57
-970.99 -962.57
-1017.39 -962.57
-1032.42 -962.57
-997.07 -962.57
-1005.85 -962.57
-996.16 -962.57
-986.43 -962.57
-979.69 -962.57
-998.17 -962.57
-1014.31 -962.57
-991.23 -962.57
-993.46 -962.57
-1002.00 -962.57
-981.42 -962.57
-1002.18 -962.57
-1016.50 -962.57
-981.12 -962.57
-993.54 -962.57
-1002.41 -962.57
-988.04 -962.57
-1006.84 -962.57
-978.61 -962.57
-1038.49 -962.57
-981.32 -962.57
-959.75 -959.75
-993.64 -959.75
-988.92 -959.75
-983.29 -959.75
-970.04 -959.75
-976.44 -959.75
-994.03 -959.75
-978.26 -959.75
-977.96 -959.75
-1000.42 -959.75
-1009.03 -959.75
-977.11 -959.75
-1003.77 -959.75
-1008.99 -959.75
-968.71 -959.75
-1021.23 -959.75
-1020.22 -959.75
-992.67 -959.75
-1012.86 -959.75
-1017.51 -959.75
-1006.84 -959.75
-1001.00 -959.75
-973.56 -959.75
-986.70 -959.75
-999.73 -959.75
-1025.09 -959.75
-981.68 -959.75
-990.05 -959.75
-992.59 -959.75
-982.57 -959.75
-977.04 -959.75
-984.03 -959.75
-980.45 -959.75
-976.22 -959.75
-1013.60 -959.75
-1002.41 -959.75
-993.32 -959.75
-1031.35 -959.75
-1004.57 -959.75
-996.46 -959.75
-987.03 -959.75
-975.15 -959.75
-1011.93 -959.75
-984.13 -959.75
-999.32 -959.75
-988.83 -959.75
-1017.37 -959.75
-988.88 -959.75
-987.62 -959.75
-970.60 -959.75
-1016.41 -959.75
-978.91 -959.75
-990.08 -959.75
-979.40 -959.75
-982.23 -959.75
-1001.28 -959.75
-990.16 -959.75
-971.04 -959.75
-1011.22 -959.75
-1000.51 -959.75
-971.72 -959.75
-982.86 -959.75
-995.31 -959.75
-961.18 -959.75
-988.86 -959.75
-981.06 -959.75
-1015.44 -959.75
-1001.20 -959.75
-991.08 -959.75
-985.98 -959.75
-987.15 -959.75
-991.33 -959.75
-962.97 -959.75
-988.72 -959.75
-978.07 -959.75
-1014.79 -959.75
-967.58 -959.75
-1042.19 -959.75
-1035.17 -959.75
-982.40 -959.75
-995.74 -959.75
-994.93 -959.75
-1021.44 -959.75
-1015.71 -959.75
-1022.55 -959.75
-974.15 -959.75
-994.14 -959.75
-1014.66 -959.75
-975.87 -959.75
-1014.07 -959.75
-1027.28 -959.75
-991.05 -959.75
-984.09 -959.75
-1032.47 -959.75
-1025.22 -959.75
-979.13 -959.75
-974.29 -959.75
-1011.38 -959.75
-1000.08 -959.75
-1004.49 -959.75
-985.47 -959.75
-1027.87 -959.75
-985.95 -959.75
-991.26 -959.75
-989.63 -959.75
-1002.69 -959.75
-961.42 -959.75
-1008.08 -959.75
-1013.58 -959.75
-1023.78 -959.75
-992.32 -959.75
-987.51 -959.75
-993.79 -959.75
-982.39 -959.75
-984.76 -959.75
-997.36 -959.75
-985.26 -959.75
-1015.36 -959.75
-995.12 -959.75
-998.06 -959.75
-1002.49 -959.75
-1044.99 -959.75
-986.92 -959.75
-1016.57 -959.75
-991.66 -959.75
-973.30 -959.75
-1015.93 -959.75
-988.99 -959.75
-1043.38 -959.75
-998.28 -959.75
-1021.02 -959.75
-1042.71 -959.75
-990.55 -959.75
-980.43 -959.75
-1033.43 -959.75
-1002.57 -959.75
-1018.09 -959.75
-980.22 -959.75
-996.01 -959.75
-1015.17 -959.75
-986.43 -959.75
-1059.08 -959.75
-1057.66 -1057.66
-1027.99 -1027.99
-1023.38 -1023.38
-1051.50 -1023.38
-1024.49 -1023.38
-1022.38 -1022.38
-1012.63 -1012.63
-1030.47 -1012.63
-1034.85 -1012.63
-1027.21 -1012.63
-1010.46 -1010.46
-1017.02 -1010.46
-1016.73 -1010.46
-1002.79 -1002.79
-1001.27 -1001.27
-999.70 -999.70
-1010.41 -999.70
-1037.47 -999.70
-989.96 -989.96
-1014.08 -989.96
-1050.66 -989.96
-1010.27 -989.96
-1011.13 -989.96
-994.93 -989.96
-1006.66 -989.96
-1005.52 -989.96
-1024.07 -989.96
-997.62 -989.96
-1002.95 -989.96
-975.52 -975.52
-1017.61 -975.52
-1050.15 -975.52
-991.74 -975.52
-993.95 -975.52
-980.45 -975.52
-996.02 -975.52
-994.83 -975.52
-991.09 -975.52
-987.49 -975.52
-1000.73 -975.52
-988.07 -975.52
-996.36 -975.52
-995.41 -975.52
-1004.06 -975.52
-1005.35 -975.52
-972.97 -972.97
-1007.15 -972.97
-1035.89 -972.97
-1011.41 -972.97
-981.97 -972.97
-1006.48 -972.97
-993.72 -972.97
-1006.60 -972.97
-1009.06 -972.97
-979.31 -972.97
-971.65 -971.65
-990.21 -971.65
-1023.56 -971.65
-1003.64 -971.65
-989.56 -971.65
-999.71 -971.65
-985.09 -971.65
-1008.39 -971.65
-995.80 -971.65
-979.26 -971.65
-1035.26 -971.65
-975.61 -971.65
-1000.21 -971.65
-1000.88 -971.65
-981.97 -971.65
-1055.86 -971.65
-1000.12 -971.65
-958.60 -958.60
-991.04 -958.60
-988.83 -958.60
-972.79 -958.60
-972.88 -958.60
-974.38 -958.60
-983.48 -958.60
-983.18 -958.60
-1013.78 -958.60
-967.79 -958.60
-971.80 -958.60
-995.32 -958.60
-997.44 -958.60
-961.69 -958.60
-969.86 -958.60
-1007.16 -958.60
-1006.75 -958.60
-986.52 -958.60
-993.96 -958.60
-989.94 -958.60
-974.89 -958.60
-977.79 -958.60
-1008.86 -958.60
-1048.15 -958.60
-977.77 -958.60
-945.15 -945.15
-993.02 -945.15
-942.94 -942.94
-1010.25 -942.94
-985.32 -942.94
-971.42 -942.94
-965.72 -942.94
-990.16 -942.94
-981.19 -942.94
-987.60 -942.94
-973.39 -942.94
-958.00 -942.94
-963.41 -942.94
-978.52 -942.94
-1051.14 -942.94
-969.16 -942.94
-984.50 -942.94
-982.07 -942.94
-961.10 -942.94
-1010.49 -942.94
-1034.78 -942.94
-973.33 -942.94
-977.44 -942.94
-973.93 -942.94
-983.84 -942.94
-967.57 -942.94
-936.44 -936.44
-997.92 -936.44
-966.34 -936.44
-950.45 -936.44
-982.45 -936.44
-989.58 -936.44
-973.75 -936.44
-971.75 -936.44
-1010.24 -936.44
-959.38 -936.44
-1011.74 -936.44
-975.67 -936.44
-982.95 -936.44
-991.17 -936.44
-1020.90 -936.44
-987.35 -936.44
-938.27 -936.44
-928.31 -928.31
-872.52 -872.52
-940.85 -872.52
-925.90 -872.52
-949.55 -872.52
-906.60 -872.52
-928.27 -872.52
-931.97 -872.52
-990.46 -872.52
-993.01 -872.52
-860.51 -860.51
-926.72 -860.51
-931.96 -860.51
-913.55 -860.51
-956.23 -860.51
-929.30 -860.51
-893.32 -860.51
-925.75 -860.51
-912.11 -860.51
-898.70 -860.51
-920.85 -860.51
-951.04 -860.51
-965.50 -860.51
-893.51 -860.51
-946.27 -860.51
-953.59 -860.51
-984.75 -860.51
-990.56 -860.51
-972.87 -860.51
-922.80 -860.51
-947.61 -860.51
-884.12 -860.51
-948.59 -860.51
-925.40 -860.51
-917.30 -860.51
-921.72 -860.51
-920.85 -860.51
-926.09 -860.51
-908.54 -860.51
-913.45 -860.51
-902.17 -860.51
-940.37 -860.51
-916.07 -860.51
-923.33 -860.51
-932.78 -860.51
-927.10 -860.51
-904.15 -860.51
-852.11 -852.11
-973.18 -852.11
-951.02 -852.11
-962.99 -852.11
-928.51 -852.11
-921.73 -852.11
-911.37 -852.11
-975.64 -852.11
-963.40 -852.11
-897.66 -852.11
-936.89 -852.11
-935.44 -852.11
-872.61 -852.11
-952.21 -852.11
-882.67 -852.11
-902.24 -852.11
-910.59 -852.11
-920.21 -852.11
-908.45 -852.11
-902.46 -852.11
-865.13 -852.11
-859.22 -852.11
-909.72 -852.11
-942.91 -852.11
-891.97 -852.11
-960.93 -852.11
-942.04 -852.11
-937.25 -852.11
-873.65 -852.11
-912.90 -852.11
-932.73 -852.11
-856.23 -852.11
-936.40 -852.11
-886.20 -852.11
-966.56 -852.11
-901.27 -852.11
-921.27 -852.11
-904.37 -852.11
-897.00 -852.11
-925.07 -852.11
-927.14 -852.11
-904.80 -852.11
-908.74 -852.11
-941.38 -852.11
-925.76 -852.11
-907.71 -852.11
-901.68 -852.11
-880.33 -852.11
-960.12 -852.11
-890.95 -852.11
-893.92 -852.11
-944.85 -852.11
-954.17 -852.11
-932.24 -852.11
-944.33 -852.11
-913.26 -852.11
-928.37 -852.11
-940.50 -852.11
-902.57 -852.11
-935.59 -852.11
-937.22 -852.11
-967.02 -852.11
-915.11 -852.11
-952.89 -852.11
-947.84 -852.11
-926.32 -852.11
-936.57 -852.11
-947.99 -852.11
-957.86 -852.11
-944.49 -852.11
-924.21 -852.11
-950.29 -852.11
-934.15 -852.11
-913.76 -852.11
-920.85 -852.11
-918.96 -852.11
-908.52 -852.11
-928.48 -852.11
-877.18 -852.11
-929.88 -852.11
-977.22 -852.11
-917.09 -852.11
-936.81 -852.11
-909.58 -852.11
-969.50 -852.11
-922.25 -852.11
-936.49 -852.11
-930.34 -852.11
-902.17 -852.11
-941.10 -852.11
-904.60 -852.11
-915.58 -852.11
-860.56 -852.11
-913.40 -852.11
-864.20 -852.11
-872.19 -852.11
-915.50 -852.11
-930.72 -852.11
-960.05 -852.11
-975.39 -852.11
-930.56 -852.11
-892.10 -852.11
-912.00 -852.11
-919.81 -852.11
-850.76 -850.76
-919.27 -850.76
-925.90 -850.76
-898.98 -850.76
-906.14 -850.76
-920.82 -850.76
-861.75 -850.76
-877.92 -850.76
-898.05 -850.76
-853.82 -850.76
-960.23 -850.76
-883.21 -850.76
-893.41 -850.76
-922.65 -850.76
-914.14 -850.76
-903.37 -850.76
-899.93 -850.76
-914.57 -850.76
-965.26 -850.76
-884.37 -850.76
-929.73 -850.76
-941.82 -850.76
-923.16 -850.76
-950.00 -850.76
-933.82 -850.76
-880.83 -850.76
-902.49 -850.76
-910.97 -850.76
-877.04 -850.76
-899.62 -850.76
-930.09 -850.76
-936.39 -850.76
-898.53 -850.76
-933.58 -850.76
-958.29 -850.76
-918.63 -850.76
-909.97 -850.76
-905.50 -850.76
-907.28 -850.76
-827.30 -827.30
-862.45 -827.30
-862.20 -827.30
-887.33 -827.30
-868.80 -827.30
-877.99 -827.30
-942.71 -827.30
-907.38 -827.30
-844.47 -827.30
-916.86 -827.30
-900.98 -827.30
-882.60 -827.30
-836.64 -827.30
-951.86 -827.30
-841.00 -827.30
-903.90 -827.30
-903.10 -827.30
-920.91 -827.30
-898.27 -827.30
-897.35 -827.30
-871.73 -827.30
-886.84 -827.30
-882.74 -827.30
-879.32 -827.30
-904.18 -827.30
-855.35 -827.30
-927.52 -827.30
-993.46 -827.30
-904.66 -827.30
-879.29 -827.30
-901.82 -827.30
-894.22 -827.30
-887.94 -827.30
-885.61 -827.30
-919.87 -827.30
-848.25 -827.30
-911.47 -827.30
-913.65 -827.30
-887.64 -827.30
-883.67 -827.30
-906.90 -827.30
-865.91 -827.30
-848.13 -827.30
-881.14 -827.30
-1028.03 -827.30
-875.30 -827.30
-916.21 -827.30
-870.94 -827.30
-978.69 -827.30
-849.18 -827.30
-915.54 -827.30
-896.80 -827.30
-893.24 -827.30
-837.09 -827.30
-899.09 -827.30
-869.70 -827.30
-977.79 -827.30
-844.77 -827.30
-815.65 -815.65
-866.99 -815.65
-918.35 -815.65
-861.66 -815.65
-913.36 -815.65
-912.40 -815.65
-889.18 -815.65
-954.82 -815.65
-916.67 -815.65
-880.75 -815.65
-889.23 -815.65
-886.40 -815.65
-904.18 -815.65
-841.26 -815.65
-862.64 -815.65
-880.40 -815.65
-984.97 -815.65
-862.37 -815.65
-902.97 -815.65
-873.92 -815.65
-882.15 -815.65
-882.51 -815.65
-919.50 -815.65
-889.27 -815.65
-912.08 -815.65
-873.72 -815.65
-880.26 -815.65
-878.48 -815.65
-1044.47 -1044.47
-1008.67 -1008.67
-1009.35 -1009.35
-1065.88 -1009.35
