-10000.00 -10000.00
-1342.60 -10000.00
-1345.74 -10000.00
-1288.95 -1288.95
-1316.04 -1288.95
-1303.81 -1288.95
-1283.60 -1283.60
-1282.73 -1282.73
-1337.18 -1282.73
-1324.02 -1282.73
-1300.43 -1282.73
-1316.88 -1282.73
-1325.21 -1282.73
-1272.96 -1272.96
-1309.64 -1272.96
-1273.20 -1273.20
-1293.30 -1273.20
-1277.86 -1273.20
-1325.22 -1273.20
-1275.14 -1275.14
-1307.06 -1275.14
-1337.22 -1275.14
-1360.39 -1275.14
-1279.28 -1275.14
-1290.52 -1275.14
-1288.71 -1275.14
-1309.90 -1275.14
-1309.34 -1275.14
-1321.78 -1275.14
-1281.52 -1275.14
-1335.18 -1275.14
-1294.95 -1275.14
-1317.32 -1275.14
-1296.40 -1275.14
-1335.56 -1275.14
-1312.55 -1275.14
-1278.27 -1275.14
-1321.38 -1275.14
-1305.35 -1275.14
-1302.07 -1275.14
-1291.33 -1275.14
-1284.54 -1275.14
-1312.60 -1275.14
-1315.93 -1275.14
-1305.41 -1275.14
-1313.76 -1275.14
-1294.27 -1275.14
-1310.92 -1275.14
-1311.94 -1275.14
-1287.00 -1275.14
-1284.02 -1275.14
-1310.49 -1275.14
-1334.79 -1275.14
-1282.77 -1275.14
-1323.88 -1275.14
-1330.36 -1275.14
-1278.80 -1275.14
-1341.22 -1275.14
-1306.01 -1275.14
-1306.71 -1275.14
-1305.82 -1275.14
-1298.94 -1275.14
-1281.90 -1275.14
-1277.58 -1275.14
-1329.07 -1275.14
-1286.08 -1275.14
-1317.86 -1275.14
-1321.34 -1275.14
-1292.30 -1275.14
-1330.70 -1275.14
-1281.45 -1275.14
-1345.54 -1275.14
-1289.04 -1275.14
-1331.21 -1275.14
-1347.86 -1275.14
-1335.48 -1275.14
-1311.72 -1275.14
-1307.13 -1275.14
-1278.84 -1275.14
-1317.53 -1275.14
-1309.39 -1275.14
-1293.39 -1275.14
-1334.91 -1275.14
-1299.89 -1275.14
-1351.84 -1275.14
-1293.86 -1275.14
-1299.89 -1275.14
-1355.74 -1275.14
-1349.60 -1275.14
-1296.02 -1275.14
-1342.36 -1275.14
-1318.14 -1275.14
-1304.10 -1275.14
-1315.48 -1275.14
-1306.72 -1275.14
-1317.63 -1275.14
-1300.87 -1275.14
-1317.56 -1275.14
-1300.75 -1275.14
-1340.42 -1275.14
-1313.26 -1275.14
-1301.47 -1275.14
-1312.63 -1275.14
-1321.87 -1275.14
-1279.52 -1275.14
-1302.53 -1275.14
-1302.69 -1275.14
-1288.82 -1275.14
-1304.57 -1275.14
-1332.60 -1275.14
-1310.33 -1275.14
-1300.58 -1275.14
-1291.71 -1275.14
-1314.49 -1275.14
-1318.04 -1275.14
-1346.29 -1275.14
-1319.62 -1275.14
-1317.27 -1275.14
-1296.76 -1275.14
-1293.34 -1275.14
-1313.93 -1275.14
-1305.71 -1275.14
-1320.25 -1275.14
-1293.61 -1275.14
-1313.29 -1275.14
-1362.16 -1275.14
-1300.09 -1275.14
-1288.82 -1275.14
-1321.30 -1275.14
-1305.94 -1275.14
-1304.28 -1275.14
-1284.85 -1275.14
-1305.43 -1275.14
-1282.88 -1275.14
-1305.61 -1275.14
-1268.78 -1268.78
-1267.30 -1267.30
-1267.49 -1267.49
-1248.53 -1248.53
-1270.38 -1248.53
-1261.20 -1248.53
-1245.59 -1245.59
-1280.87 -1245.59
-1300.22 -1245.59
-1288.33 -1245.59
-1287.81 -1245.59
-1300.22 -1245.59
-1313.43 -1245.59
-1272.89 -1245.59
-1265.24 -1245.59
-1297.68 -1245.59
-1273.12 -1245.59
-1269.36 -1245.59
-1265.99 -1245.59
-1241.25 -1241.25
-1290.41 -1241.25
-1231.63 -1231.63
-1233.66 -1231.63
-1242.72 -1231.63
-1285.54 -1231.63
-1271.35 -1231.63
-1262.07 -1231.63
-1301.42 -1231.63
-1283.63 -1231.63
-1295.85 -1231.63
-1248.07 -1231.63
-1264.28 -1231.63
-1330.23 -1231.63
-1271.13 -1231.63
-1262.52 -1231.63
-1257.01 -1231.63
-1293.22 -1231.63
-1272.38 -1231.63
-1229.15 -1229.15
-1266.72 -1229.15
-1261.26 -1229.15
-1320.70 -1229.15
-1294.00 -1229.15
-1262.08 -1229.15
-1243.54 -1229.15
-1265.62 -1229.15
-1295.39 -1229.15
-1293.76 -1229.15
-1305.88 -1229.15
-1240.03 -1229.15
-1263.32 -1229.15
-1312.96 -1229.15
-1283.28 -1229.15
-1257.97 -1229.15
-1271.85 -1229.15
-1274.45 -1229.15
-1266.45 -1229.15
-1280.59 -1229.15
-1222.34 -1222.34
-1261.96 -1222.34
-1249.78 -1222.34
-1271.61 -1222.34
-1320.01 -1222.34
-1273.02 -1222.34
-1289.76 -1222.34
-1243.95 -1222.34
-1265.79 -1222.34
-1271.74 -1222.34
-1353.61 -1222.34
-1254.35 -1222.34
-1290.87 -1222.34
-1251.04 -1222.34
-1316.86 -1222.34
-1251.31 -1222.34
-1293.47 -1222.34
-1270.46 -1222.34
-1285.30 -1222.34
-1285.58 -1222.34
-1280.40 -1222.34
-1274.77 -1222.34
-1336.17 -1222.34
-1246.14 -1222.34
-1230.14 -1222.34
-1233.38 -1222.34
-1271.14 -1222.34
-1262.83 -1222.34
-1282.17 -1222.34
-1225.76 -1222.34
-1303.86 -1222.34
-1248.74 -1222.34
-1252.57 -1222.34
-1268.79 -1222.34
-1282.01 -1222.34
-1260.14 -1222.34
-1287.19 -1222.34
-1266.24 -1222.34
-1234.39 -1222.34
-1267.58 -1222.34
-1274.57 -1222.34
-1267.69 -1222.34
-1302.52 -1222.34
-1339.11 -1222.34
-1247.59 -1222.34
-1304.27 -1222.34
-1268.69 -1222.34
-1254.81 -1222.34
-1272.71 -1222.34
-1253.11 -1222.34
-1298.58 -1222.34
-1243.87 -1222.34
-1298.36 -1222.34
-1266.96 -1222.34
-1273.25 -1222.34
-1294.49 -1222.34
-1259.63 -1222.34
-1268.00 -1222.34
-1281.96 -1222.34
-1256.28 -1222.34
-1234.76 -1222.34
-1261.21 -1222.34
-1248.95 -1222.34
-1317.67 -1222.34
-1260.14 -1222.34
-1279.98 -1222.34
-1296.52 -1222.34
-1288.85 -1222.34
-1274.59 -1222.34
-1245.95 -1222.34
-1252.11 -1222.34
-1225.22 -1222.34
-1249.84 -1222.34
-1286.82 -1222.34
-1248.53 -1222.34
-1260.06 -1222.34
-1328.94 -1222.34
-1326.41 -1222.34
-1273.78 -1222.34
-1294.00 -1222.34
-1248.62 -1222.34
-1250.40 -1222.34
-1251.44 -1222.34
-1257.47 -1222.34
-1255.79 -1222.34
-1289.06 -1222.34
-1245.24 -1222.34
-1321.95 -1222.34
-1256.41 -1222.34
-1289.08 -1222.34
-1214.33 -1214.33
-1262.97 -1214.33
-1248.86 -1214.33
-1226.48 -1214.33
-1247.61 -1214.33
-1256.41 -1214.33
-1226.83 -1214.33
-1249.10 -1214.33
-1240.85 -1214.33
-1201.45 -1201.45
-1234.81 -1201.45
-1224.01 -1201.45
-1207.80 -1201.45
-1185.87 -1185.87
-1272.74 -1185.87
-1247.53 -1185.87
-1207.15 -1185.87
-1203.90 -1185.87
-1257.70 -1185.87
-1226.27 -1185.87
-1280.66 -1185.87
-1208.12 -1185.87
-1279.85 -1185.87
-1225.24 -1185.87
-1225.27 -1185.87
-1187.61 -1185.87
-1196.56 -1185.87
-1216.97 -1185.87
-1213.14 -1185.87
-1194.27 -1185.87
-1235.50 -1185.87
-1288.67 -1185.87
-1274.11 -1185.87
-1240.54 -1185.87
-1144.12 -1144.12
-1164.58 -1144.12
-1215.74 -1144.12
-1165.77 -1144.12
-1157.66 -1144.12
-1141.04 -1141.04
-1193.55 -1141.04
-1230.19 -1141.04
-1207.84 -1141.04
-1155.34 -1141.04
-1160.55 -1141.04
-1243.87 -1141.04
-1177.15 -1141.04
-1131.71 -1131.71
-1086.17 -1086.17
-1163.42 -1086.17
-1099.83 -1086.17
-1204.90 -1086.17
-1181.27 -1086.17
-1123.75 -1086.17
-1078.96 -1078.96
-1139.14 -1078.96
-1047.05 -1047.05
-1049.68 -1047.05
-1064.36 -1047.05
-1068.49 -1047.05
-1036.74 -1036.74
-1092.70 -1036.74
-1049.92 -1036.74
-1026.57 -1026.57
-1084.10 -1026.57
-1016.45 -1016.45
-1031.14 -1016.45
-1248.78 -1016.45
-1108.63 -1016.45
-1144.18 -1016.45
-1050.34 -1016.45
-1048.06 -1016.45
-1085.40 -1016.45
-1232.68 -1016.45
-1069.25 -1016.45
-1056.90 -1016.45
-1061.47 -1016.45
-1130.95 -1016.45
-1030.11 -1016.45
-1077.50 -1016.45
-1083.13 -1016.45
-1189.91 -1016.45
-1105.41 -1016.45
-1145.20 -1016.45
-1080.64 -1016.45
-1026.57 -1016.45
-1170.39 -1016.45
-1074.99 -1016.45
-1152.89 -1016.45
-1070.76 -1016.45
-999.32 -999.32
-1088.67 -999.32
-1136.32 -999.32
-1102.42 -999.32
-1046.12 -999.32
-1115.08 -999.32
-1020.30 -999.32
-1131.45 -999.32
-1102.36 -999.32
-1060.18 -999.32
-1149.06 -999.32
-1089.95 -999.32
-1020.30 -999.32
-1062.21 -999.32
-1085.22 -999.32
-1062.18 -999.32
-1041.53 -999.32
-1120.02 -999.32
-1074.43 -999.32
-1113.89 -999.32
-1064.31 -999.32
-1089.73 -999.32
-1099.35 -999.32
-1050.88 -999.32
-1078.80 -999.32
-1081.56 -999.32
-1116.31 -999.32
-1106.37 -999.32
-1073.72 -999.32
-1215.69 -999.32
-1073.07 -999.32
-1101.38 -999.32
-1013.86 -999.32
-1083.99 -999.32
-1014.54 -999.32
-999.96 -999.32
-1031.22 -999.32
-1087.94 -999.32
-1083.54 -999.32
-1036.72 -999.32
-1222.22 -999.32
-1067.20 -999.32
-1132.29 -999.32
-1110.17 -999.32
-1037.38 -999.32
-1325.08 -999.32
-1360.79 -999.32
-1304.45 -1304.45
-1325.22 -1304.45
-1287.67 -1287.67
-1351.34 -1287.67
-1307.37 -1287.67
-1296.55 -1287.67
-1302.71 -1287.67
-1288.76 -1287.67
-1302.17 -1287.67
-1304.14 -1287.67
-1314.94 -1287.67
-1302.41 -1287.67
-1337.72 -1287.67
-1284.51 -1284.51
-1291.81 -1284.51
-1292.31 -1284.51
-1317.24 -1284.51
-1312.61 -1284.51
-1329.37 -1284.51
-1315.04 -1284.51
-1301.97 -1284.51
-1332.84 -1284.51
-1285.98 -1284.51
-1306.79 -1284.51
-1293.88 -1284.51
-1296.84 -1284.51
-1297.97 -1284.51
-1308.73 -1284.51
-1323.02 -1284.51
-1357.03 -1284.51
-1299.95 -1284.51
-1322.47 -1284.51
-1317.13 -1284.51
-1285.23 -1284.51
-1298.11 -1284.51
-1293.91 -1284.51
-1325.59 -1284.51
-1313.16 -1284.51
-1323.56 -1284.51
-1278.69 -1278.69
-1339.48 -1278.69
-1297.47 -1278.69
-1247.26 -1247.26
-1273.01 -1247.26
-1287.52 -1247.26
-1279.97 -1247.26
-1304.34 -1247.26
-1276.07 -1247.26
-1297.09 -1247.26
-1313.07 -1247.26
-1295.75 -1247.26
-1288.02 -1247.26
-1297.17 -1247.26
-1305.95 -1247.26
-1281.65 -1247.26
-1291.32 -1247.26
-1276.41 -1247.26
-1295.96 -1247.26
-1299.78 -1247.26
-1300.46 -1247.26
-1327.24 -1247.26
-1337.28 -1247.26
-1273.89 -1247.26
-1267.25 -1247.26
-1304.70 -1247.26
-1254.10 -1247.26
-1275.08 -1247.26
-1273.54 -1247.26
-1290.85 -1247.26
-1291.34 -1247.26
-1255.73 -1247.26
-1292.62 -1247.26
-1273.99 -1247.26
-1294.60 -1247.26
-1265.89 -1247.26
-1293.64 -1247.26
-1302.40 -1247.26
-1308.61 -1247.26
-1264.11 -1247.26
-1333.47 -1247.26
-1252.24 -1247.26
-1283.99 -1247.26
-1263.35 -1247.26
-1300.63 -1247.26
-1271.99 -1247.26
-1285.04 -1247.26
-1283.20 -1247.26
-1319.34 -1247.26
-1264.48 -1247.26
-1334.67 -1247.26
-1295.42 -1247.26
-1281.86 -1247.26
-1274.20 -1247.26
-1314.04 -1247.26
-1296.45 -1247.26
-1266.44 -1247.26
-1285.50 -1247.26
-1281.74 -1247.26
-1316.30 -1247.26
-1278.83 -1247.26
-1317.54 -1247.26
-1286.90 -1247.26
-1343.60 -1247.26
-1279.05 -1247.26
-1283.86 -1247.26
-1317.33 -1247.26
-1297.44 -1247.26
-1257.85 -1247.26
-1307.41 -1247.26
-1259.68 -1247.26
-1307.94 -1247.26
-1302.91 -1247.26
-1279.45 -1247.26
-1308.42 -1247.26
-1281.96 -1247.26
-1290.16 -1247.26
-1303.81 -1247.26
-1288.46 -1247.26
-1283.94 -1247.26
-1339.81 -1247.26
-1298.79 -1247.26
-1272.20 -1247.26
-1322.49 -1247.26
-1292.00 -1247.26
-1288.20 -1247.26
-1275.96 -1247.26
-1274.18 -1247.26
-1265.17 -1247.26
-1268.28 -1247.26
-1319.19 -1247.26
-1274.69 -1247.26
-1298.26 -1247.26
-1312.37 -1247.26
-1290.15 -1247.26
-1289.62 -1247.26
-1285.54 -1247.26
-1302.55 -1247.26
-1278.23 -1247.26
-1327.48 -1247.26
-1296.33 -1247.26
-1303.41 -1247.26
-1294.36 -1247.26
-1263.90 -1247.26
-1296.86 -1247.26
-1287.56 -1247.26
-1261.42 -1247.26
-1296.19 -1247.26
-1252.19 -1247.26
-1307.19 -1247.26
-1279.67 -1247.26
-1308.68 -1247.26
-1286.72 -1247.26
-1280.30 -1247.26
-1305.71 -1247.26
-1313.91 -1247.26
-1285.83 -1247.26
-1304.28 -1247.26
-1295.23 -1247.26
-1269.00 -1247.26
-1293.94 -1247.26
-1277.02 -1247.26
-1330.33 -1247.26
-1295.08 -1247.26
-1276.20 -1247.26
-1309.91 -1247.26
-1272.23 -1247.26
-1267.24 -1247.26
-1285.66 -1247.26
-1306.26 -1247.26
-1292.32 -1247.26
-1312.63 -1247.26
-1275.50 -1247.26
-1294.60 -1247.26
-1277.48 -1247.26
-1293.27 -1247.26
-1281.73 -1247.26
-1257.69 -1247.26
-1285.80 -1247.26
-1287.10 -1247.26
-1313.36 -1247.26
-1297.64 -1247.26
-1290.59 -1247.26
-1281.24 -1247.26
-1292.63 -1247.26
-1303.49 -1247.26
-1274.02 -1247.26
-1266.85 -1247.26
-1299.26 -1247.26
-1330.28 -1247.26
-1294.96 -1247.26
-1292.37 -1247.26
-1326.72 -1247.26
-1270.08 -1247.26
-1299.46 -1247.26
-1305.66 -1247.26
-1270.48 -1247.26
-1296.12 -1247.26
-1290.89 -1247.26
-1287.21 -1247.26
-1327.20 -1247.26
-1287.65 -1247.26
-1297.97 -1247.26
-1275.33 -1247.26
-1280.53 -1247.26
-1268.52 -1247.26
-1301.27 -1247.26
-1359.45 -1247.26
-1289.47 -1247.26
-1278.49 -1247.26
-1305.42 -1247.26
-1300.96 -1247.26
-1286.40 -1247.26
-1291.14 -1247.26
-1303.30 -1247.26
-1290.23 -1247.26
-1299.22 -1247.26
-1272.46 -1247.26
-1278.19 -1247.26
-1309.80 -1247.26
-1266.17 -1247.26
-1291.69 -1247.26
-1282.02 -1247.26
-1311.05 -1247.26
-1258.97 -1247.26
-1299.65 -1247.26
-1264.17 -1247.26
-1351.01 -1247.26
-1315.18 -1247.26
-1331.07 -1247.26
-1295.70 -1247.26
-1284.04 -1247.26
-1276.37 -1247.26
-1295.96 -1247.26
-1351.29 -1247.26
-1280.65 -1247.26
-1304.67 -1247.26
-1285.73 -1247.26
-1296.10 -1247.26
-1261.79 -1247.26
-1287.95 -1247.26
-1332.19 -1247.26
-1273.82 -1247.26
-1286.74 -1247.26
-1291.14 -1247.26
-1261.58 -1247.26
-1303.23 -1247.26
-1286.32 -1247.26
-1262.23 -1247.26
-1281.24 -1247.26
-1295.71 -1247.26
-1298.65 -1247.26
-1298.96 -1247.26
-1279.45 -1247.26
-1298.85 -1247.26
-1311.58 -1247.26
-1307.51 -1247.26
-1279.34 -1247.26
-1267.11 -1247.26
-1287.01 -1247.26
-1254.46 -1247.26
-1292.71 -1247.26
-1308.66 -1247.26
-1279.65 -1247.26
-1313.16 -1247.26
-1347.64 -1247.26
-1325.79 -1247.26
-1312.34 -1247.26
-1285.93 -1247.26
-1276.33 -1247.26
-1285.84 -1247.26
-1310.19 -1247.26
-1295.88 -1247.26
-1267.44 -1247.26
-1281.20 -1247.26
-1292.54 -1247.26
-1271.37 -1247.26
-1315.09 -1247.26
-1284.69 -1247.26
-1294.92 -1247.26
-1346.55 -1247.26
-1253.32 -1247.26
-1277.57 -1247.26
-1291.91 -1247.26
-1308.60 -1247.26
-1281.11 -1247.26
-1294.22 -1247.26
-1330.36 -1247.26
-1307.73 -1247.26
-1311.12 -1247.26
-1262.45 -1247.26
-1284.44 -1247.26
-1261.87 -1247.26
-1299.75 -1247.26
-1286.68 -1247.26
-1309.14 -1247.26
-1319.03 -1247.26
-1283.17 -1247.26
-1305.22 -1247.26
-1314.14 -1247.26
-1329.41 -1247.26
-1334.01 -1247.26
-1282.11 -1247.26
-1285.60 -1247.26
-1292.69 -1247.26
-1275.69 -1247.26
-1319.23 -1247.26
-1283.42 -1247.26
-1342.89 -1247.26
-1294.54 -1247.26
-1284.16 -1247.26
-1280.50 -1247.26
-1265.77 -1247.26
-1273.35 -1247.26
-1266.80 -1247.26
-1309.86 -1247.26
-1322.80 -1247.26
-1292.26 -1247.26
-1321.49 -1247.26
-1270.16 -1247.26
-1348.76 -1247.26
-1310.81 -1247.26
-1269.36 -1247.26
-1278.21 -1247.26
-1293.70 -1247.26
-1254.46 -1247.26
-1355.79 -1247.26
-1303.61 -1247.26
-1284.49 -1247.26
-1284.99 -1247.26
-1329.40 -1247.26
-1288.36 -1247.26
-1322.77 -1247.26
-1285.02 -1247.26
-1285.31 -1247.26
-1280.78 -1247.26
-1270.33 -1247.26
-1290.81 -1247.26
-1297.65 -1247.26
-1285.12 -1247.26
-1305.90 -1247.26
-1255.21 -1247.26
-1292.24 -1247.26
-1351.08 -1247.26
-1253.66 -1247.26
-1301.20 -1247.26
-1327.19 -1247.26
-1305.99 -1247.26
-1304.45 -1247.26
-1272.82 -1247.26
-1341.27 -1247.26
-1297.54 -1247.26
-1280.85 -1247.26
-1269.53 -1247.26
-1289.65 -1247.26
-1267.18 -1247.26
-1299.23 -1247.26
-1273.44 -1247.26
-1283.53 -1247.26
-1319.64 -1247.26
-1312.07 -1247.26
-1291.38 -1247.26
-1295.51 -1247.26
-1299.31 -1247.26
-1306.20 -1247.26
-1302.18 -1247.26
-1314.41 -1247.26
-1258.44 -1247.26
-1257.05 -1247.26
-1314.98 -1247.26
-1308.86 -1247.26
-1318.05 -1247.26
-1273.76 -1247.26
-1295.24 -1247.26
-1266.49 -1247.26
-1264.92 -1247.26
-1323.49 -1247.26
-1285.19 -1247.26
-1272.29 -1247.26
-1316.79 -1247.26
-1311.46 -1247.26
-1250.05 -1247.26
-1284.30 -1247.26
-1292.09 -1247.26
-1270.88 -1247.26
-1294.90 -1247.26
-1351.78 -1247.26
-1274.15 -1247.26
-1285.54 -1247.26
-1289.76 -1247.26
-1306.04 -1247.26
-1307.75 -1247.26
-1275.20 -1247.26
-1271.66 -1247.26
-1285.10 -1247.26
-1280.37 -1247.26
-1303.84 -1247.26
-1304.95 -1247.26
-1299.78 -1247.26
-1262.55 -1247.26
-1259.05 -1247.26
-1283.02 -1247.26
-1294.77 -1247.26
-1268.65 -1247.26
-1309.11 -1247.26
-1280.25 -1247.26
-1289.16 -1247.26
-1274.02 -1247.26
-1279.60 -1247.26
-1261.46 -1247.26
-1301.59 -1247.26
-1327.79 -1247.26
-1296.08 -1247.26
-1304.39 -1247.26
-1322.98 -1247.26
-1302.64 -1302.64
-1329.24 -1302.64
-1293.81 -1293.81
-1286.48 -1286.48
-1299.80 -1286.48
-1293.38 -1286.48
-1321.07 -1286.48
-1287.15 -1287.15
-1298.44 -1287.15
-1306.24 -1287.15
-1327.16 -1287.15
-1334.40 -1287.15
-1296.81 -1287.15
-1266.29 -1266.29
-1273.52 -1266.29
-1288.71 -1266.29
-1317.05 -1266.29
-1252.87 -1252.87
-1332.19 -1252.87
-1286.55 -1252.87
-1307.81 -1252.87
-1263.78 -1252.87
-1275.67 -1252.87
-1279.91 -1252.87
-1272.75 -1252.87
-1317.34 -1252.87
-1337.87 -1252.87
-1274.16 -1252.87
-1353.16 -1252.87
-1299.13 -1252.87
-1291.78 -1252.87
-1321.78 -1252.87
-1290.21 -1252.87
-1295.84 -1252.87
-1297.97 -1252.87
-1303.94 -1252.87
-1275.06 -1252.87
-1290.02 -1252.87
-1308.99 -1252.87
-1236.22 -1236.22
-1276.02 -1236.22
-1327.95 -1236.22
-1258.55 -1236.22
-1260.49 -1236.22
-1306.96 -1236.22
-1306.99 -1236.22
-1308.43 -1236.22
-1302.09 -1236.22
-1257.90 -1236.22
-1255.39 -1236.22
-1269.05 -1236.22
-1263.66 -1236.22
-1241.53 -1236.22
-1318.07 -1236.22
-1261.42 -1236.22
-1283.69 -1236.22
-1290.73 -1236.22
-1257.21 -1236.22
-1239.78 -1236.22
-1266.24 -1236.22
-1266.20 -1236.22
-1261.93 -1236.22
-1261.50 -1236.22
-1249.64 -1236.22
-1265.13 -1236.22
-1266.47 -1236.22
-1261.43 -1236.22
-1267.33 -1236.22
-1257.26 -1236.22
-1252.54 -1236.22
-1305.94 -1236.22
-1243.51 -1236.22
-1277.17 -1236.22
-1276.23 -1236.22
-1284.19 -1236.22
-1280.71 -1236.22
-1292.61 -1236.22
-1323.80 -1236.22
-1255.13 -1236.22
-1274.29 -1236.22
-1297.74 -1236.22
-1293.61 -1236.22
-1268.27 -1236.22
-1275.45 -1236.22
-1298.50 -1236.22
-1249.72 -1236.22
-1298.56 -1236.22
-1267.44 -1236.22
-1328.78 -1236.22
-1249.72 -1236.22
-1287.16 -1236.22
-1263.97 -1236.22
-1246.36 -1236.22
-1261.70 -1236.22
-1285.41 -1236.22
-1267.34 -1236.22
-1306.70 -1236.22
-1300.96 -1236.22
-1267.78 -1236.22
-1285.82 -1236.22
-1341.99 -1236.22
-1291.14 -1236.22
-1308.81 -1236.22
-1256.22 -1236.22
-1305.71 -1236.22
-1283.79 -1236.22
-1308.30 -1236.22
-1262.72 -1236.22
-1262.04 -1236.22
-1257.01 -1236.22
-1308.30 -1236.22
-1263.60 -1236.22
-1222.99 -1222.99
-1291.27 -1222.99
-1317.49 -1222.99
-1282.66 -1222.99
-1246.01 -1222.99
-1277.50 -1222.99
-1240.33 -1222.99
-1281.30 -1222.99
-1296.10 -1222.99
-1297.06 -1222.99
-1244.19 -1222.99
-1282.29 -1222.99
-1300.85 -1222.99
-1256.19 -1222.99
-1248.39 -1222.99
-1230.49 -1222.99
-1262.95 -1222.99
-1284.20 -1222.99
-1281.57 -1222.99
-1236.88 -1222.99
-1227.03 -1222.99
-1254.76 -1222.99
-1279.57 -1222.99
-1313.40 -1222.99
-1282.07 -1222.99
-1297.66 -1222.99
-1255.85 -1222.99
-1261.43 -1222.99
-1270.85 -1222.99
-1278.43 -1222.99
-1243.95 -1222.99
-1274.59 -1222.99
-1244.80 -1222.99
-1246.12 -1222.99
-1245.47 -1222.99
-1247.36 -1222.99
-1250.08 -1222.99
-1280.64 -1222.99
-1289.65 -1222.99
-1283.82 -1222.99
-1286.91 -1222.99
-1265.38 -1222.99
-1276.03 -1222.99
-1297.99 -1222.99
-1319.56 -1222.99
-1280.91 -1222.99
-1276.64 -1222.99
-1324.40 -1222.99
-1331.94 -1222.99
-1292.14 -1222.99
-1255.42 -1222.99
-1258.47 -1222.99
-1282.29 -1222.99
-1272.29 -1222.99
-1306.55 -1222.99
-1309.27 -1222.99
-1256.99 -1222.99
-1308.63 -1222.99
-1239.01 -1222.99
-1252.70 -1222.99
-1238.51 -1222.99
-1288.65 -1222.99
-1283.91 -1222.99
-1240.66 -1222.99
-1284.51 -1222.99
-1257.58 -1222.99
-1223.98 -1222.99
-1253.50 -1222.99
-1237.38 -1222.99
-1285.91 -1222.99
-1292.71 -1222.99
-1249.18 -1222.99
-1250.07 -1222.99
-1270.38 -1222.99
-1267.75 -1222.99
-1269.19 -1222.99
-1278.71 -1222.99
-1245.88 -1222.99
-1262.32 -1222.99
-1290.70 -1222.99
-1236.98 -1222.99
-1257.82 -1222.99
-1280.24 -1222.99
-1265.51 -1222.99
-1261.41 -1222.99
-1275.59 -1222.99
-1257.03 -1222.99
-1256.48 -1222.99
-1307.99 -1222.99
-1293.30 -1222.99
-1261.33 -1222.99
-1280.20 -1222.99
-1260.35 -1222.99
-1270.53 -1222.99
-1239.88 -1222.99
-1328.92 -1222.99
-1330.59 -1222.99
-1249.38 -1222.99
-1324.28 -1222.99
-1263.78 -1222.99
-1265.55 -1222.99
-1264.11 -1222.99
-1256.18 -1222.99
-1246.04 -1222.99
-1280.71 -1222.99
-1261.89 -1222.99
-1244.22 -1222.99
-1249.10 -1222.99
-1254.94 -1222.99
-1239.48 -1222.99
-1280.85 -1222.99
-1214.95 -1214.95
-1263.43 -1214.95
-1303.39 -1214.95
-1281.48 -1214.95
-1281.48 -1214.95
-1244.78 -1214.95
-1270.47 -1214.95
-1242.53 -1214.95
-1318.87 -1214.95
-1283.15 -1214.95
-1245.87 -1214.95
-1219.16 -1214.95
-1248.87 -1214.95
-1311.49 -1214.95
-1242.31 -1214.95
-1247.48 -1214.95
-1252.27 -1214.95
-1228.48 -1214.95
-1233.32 -1214.95
-1253.97 -1214.95
-1299.01 -1214.95
-1231.61 -1214.95
-1317.10 -1214.95
-1267.48 -1214.95
-1244.74 -1214.95
-1239.05 -1214.95
-1234.64 -1214.95
-1241.55 -1214.95
-1274.77 -1214.95
-1222.41 -1214.95
-1258.48 -1214.95
-1241.67 -1214.95
-1231.39 -1214.95
-1265.48 -1214.95
-1255.02 -1214.95
-1276.17 -1214.95
-1245.75 -1214.95
-1234.00 -1214.95
-1254.52 -1214.95
-1231.32 -1214.95
-1226.87 -1214.95
-1213.39 -1213.39
-1256.19 -1213.39
-1230.04 -1213.39
-1268.55 -1213.39
-1309.94 -1213.39
-1298.07 -1213.39
-1243.86 -1213.39
-1241.47 -1213.39
-1205.21 -1205.21
-1199.01 -1199.01
-1219.84 -1199.01
-1218.72 -1199.01
-1184.60 -1184.60
-1195.65 -1184.60
-1197.51 -1184.60
-1211.49 -1184.60
-1186.11 -1184.60
-1262.23 -1184.60
-1245.81 -1184.60
-1178.86 -1178.86
-1224.78 -1178.86
-1197.25 -1178.86
-1256.83 -1178.86
-1207.46 -1178.86
-1175.25 -1175.25
-1190.31 -1175.25
-1174.84 -1174.84
-1205.05 -1174.84
-1221.60 -1174.84
-1188.56 -1174.84
-1232.61 -1174.84
-1249.23 -1174.84
-1248.64 -1174.84
-1260.48 -1174.84
-1191.17 -1174.84
-1256.21 -1174.84
-1210.43 -1174.84
-1235.95 -1174.84
-1173.35 -1173.35
-1185.93 -1173.35
-1116.23 -1116.23
-1167.33 -1116.23
-1137.86 -1116.23
-1216.86 -1116.23
-1192.88 -1116.23
-1176.15 -1116.23
-1201.95 -1116.23
-1182.52 -1116.23
-1216.01 -1116.23
-1195.69 -1116.23
-1220.93 -1116.23
-1215.60 -1116.23
-1202.25 -1116.23
-1178.00 -1116.23
-1167.93 -1116.23
-1183.51 -1116.23
-1252.49 -1116.23
-1243.65 -1116.23
-1184.75 -1116.23
-1276.08 -1116.23
-1220.42 -1116.23
-1255.12 -1116.23
-1169.38 -1116.23
-1232.36 -1116.23
-1146.86 -1116.23
-1230.18 -1116.23
-1184.59 -1116.23
-1276.94 -1116.23
-1232.79 -1116.23
-1157.53 -1116.23
-1157.66 -1116.23
-1192.06 -1116.23
-1133.58 -1116.23
-1220.06 -1116.23
-1198.06 -1116.23
-1183.73 -1116.23
-1273.74 -1116.23
-1164.65 -1116.23
-1188.35 -1116.23
-1143.63 -1116.23
-1186.54 -1116.23
-1213.40 -1116.23
-1213.71 -1116.23
-1207.01 -1116.23
-1171.07 -1116.23
-1198.06 -1116.23
-1206.80 -1116.23
-1235.81 -1116.23
-1153.42 -1116.23
-1242.24 -1116.23
-1296.20 -1116.23
-1191.72 -1116.23
-1189.53 -1116.23
-1200.03 -1116.23
-1141.12 -1116.23
-1223.74 -1116.23
-1179.40 -1116.23
-1243.51 -1116.23
-1168.19 -1116.23
-1142.11 -1116.23
-1170.92 -1116.23
-1188.58 -1116.23
-1192.11 -1116.23
-1158.28 -1116.23
-1187.50 -1116.23
-1142.55 -1116.23
-1198.25 -1116.23
-1150.23 -1116.23
-1244.37 -1116.23
-1179.79 -1116.23
-1210.86 -1116.23
-1212.56 -1116.23
-1142.71 -1116.23
-1218.67 -1116.23
-1194.88 -1116.23
-1176.13 -1116.23
-1226.56 -1116.23
-1273.59 -1116.23
-1152.70 -1116.23
-1156.17 -1116.23
-1293.06 -1116.23
-1181.38 -1116.23
-1169.35 -1116.23
-1216.14 -1116.23
-1189.87 -1116.23
-1188.23 -1116.23
-1161.20 -1116.23
-1219.87 -1116.23
-1247.37 -1116.23
-1129.22 -1116.23
-1279.45 -1116.23
-1143.70 -1116.23
-1127.72 -1116.23
-1238.28 -1116.23
-1210.67 -1116.23
-1180.38 -1116.23
-1231.74 -1116.23
-1239.84 -1116.23
-1193.01 -1116.23
-1215.99 -1116.23
-1199.05 -1116.23
-1274.13 -1116.23
-1170.19 -1116.23
-1271.56 -1116.23
-1210.44 -1116.23
-1238.61 -1116.23
-1264.18 -1116.23
-1177.33 -1116.23
-1280.67 -1116.23
-1204.56 -1116.23
-1148.65 -1116.23
-1194.73 -1116.23
-1334.07 -1116.23
-1311.52 -1311.52
-1300.88 -1300.88
-1296.08 -1296.08
-1314.68 -1296.08
-1289.19 -1289.19
-1299.65 -1289.19
-1286.62 -1286.62
-1291.69 -1286.62
-1276.81 -1276.81
-1296.51 -1276.81
-1285.94 -1276.81
-1324.16 -1276.81
-1294.41 -1276.81
-1290.89 -1276.81
-1294.25 -1276.81
-1291.71 -1276.81
-1344.93 -1276.81
-1265.36 -1265.36
-1297.05 -1265.36
-1284.40 -1265.36
-1295.14 -1265.36
-1349.84 -1265.36
-1303.15 -1265.36
-1309.61 -1265.36
-1302.46 -1265.36
-1266.44 -1265.36
-1342.79 -1265.36
-1283.33 -1265.36
-1304.35 -1265.36
-1281.82 -1265.36
-1277.31 -1265.36
-1299.54 -1265.36
-1307.02 -1265.36
-1333.67 -1265.36
-1312.73 -1265.36
-1284.91 -1265.36
-1301.24 -1265.36
-1310.15 -1265.36
-1316.78 -1265.36
-1285.98 -1265.36
-1293.17 -1265.36
-1278.58 -1265.36
-1264.56 -1264.56
-1348.56 -1264.56
-1288.91 -1264.56
-1297.98 -1264.56
-1332.11 -1264.56
-1297.03 -1264.56
-1277.54 -1264.56
-1335.85 -1264.56
-1278.39 -1264.56
-1263.74 -1263.74
-1295.02 -1263.74
-1268.35 -1263.74
-1287.69 -1263.74
-1302.52 -1263.74
-1286.20 -1263.74
-1254.03 -1254.03
-1270.71 -1254.03
-1264.55 -1254.03
-1275.61 -1254.03
-1271.49 -1254.03
-1273.27 -1254.03
-1278.17 -1254.03
-1282.90 -1254.03
-1291.88 -1254.03
-1335.30 -1254.03
-1261.14 -1254.03
-1293.88 -1254.03
-1294.31 -1254.03
-1289.53 -1254.03
-1287.69 -1254.03
-1274.63 -1254.03
-1328.44 -1254.03
-1265.95 -1254.03
-1284.39 -1254.03
-1262.30 -1254.03
-1274.75 -1254.03
-1252.67 -1252.67
-1313.09 -1252.67
-1311.88 -1252.67
-1251.99 -1251.99
-1280.16 -1251.99
-1273.06 -1251.99
-1320.82 -1251.99
-1308.89 -1251.99
-1300.02 -1251.99
-1262.46 -1251.99
-1309.34 -1251.99
-1311.05 -1251.99
-1255.27 -1251.99
-1267.98 -1251.99
-1270.32 -1251.99
-1280.37 -1251.99
-1274.76 -1251.99
-1266.73 -1251.99
-1261.13 -1251.99
-1259.07 -1251.99
-1273.68 -1251.99
-1258.33 -1251.99
-1260.53 -1251.99
-1265.62 -1251.99
-1271.56 -1251.99
-1287.59 -1251.99
-1292.00 -1251.99
-1272.86 -1251.99
-1252.39 -1252.39
-1289.78 -1252.39
-1263.97 -1252.39
-1307.21 -1252.39
-1265.98 -1252.39
-1262.92 -1252.39
-1268.65 -1252.39
-1238.79 -1238.79
-1317.78 -1238.79
-1271.77 -1238.79
-1303.12 -1238.79
-1316.39 -1238.79
-1324.68 -1238.79
-1309.33 -1238.79
-1273.97 -1238.79
-1295.79 -1238.79
-1233.69 -1233.69
-1272.27 -1233.69
-1266.71 -1233.69
-1269.84 -1233.69
-1292.98 -1233.69
-1285.33 -1233.69
-1259.91 -1233.69
-1284.70 -1233.69
-1242.11 -1233.69
-1258.55 -1233.69
-1267.63 -1233.69
-1257.64 -1233.69
-1248.82 -1233.69
-1286.87 -1233.69
-1260.26 -1233.69
-1315.21 -1233.69
-1234.23 -1234.23
-1251.13 -1234.23
-1276.64 -1234.23
-1252.37 -1234.23
-1232.47 -1232.47
-1243.90 -1232.47
-1226.43 -1226.43
-1235.16 -1226.43
-1323.46 -1226.43
-1232.26 -1226.43
-1235.18 -1226.43
-1324.74 -1226.43
-1255.58 -1226.43
-1280.54 -1226.43
-1191.72 -1191.72
-1243.62 -1191.72
-1260.91 -1191.72
-1241.25 -1191.72
-1240.88 -1191.72
-1280.90 -1191.72
-1254.17 -1191.72
-1238.29 -1191.72
-1250.15 -1191.72
-1291.67 -1191.72
-1256.69 -1191.72
-1241.09 -1191.72
-1223.31 -1191.72
-1288.50 -1191.72
-1236.81 -1191.72
-1262.32 -1191.72
-1271.44 -1191.72
-1261.20 -1191.72
-1255.91 -1191.72
-1225.32 -1191.72
-1210.70 -1191.72
-1227.61 -1191.72
-1223.25 -1191.72
-1258.33 -1191.72
-1263.34 -1191.72
-1287.98 -1191.72
-1204.36 -1191.72
-1173.44 -1173.44
-1230.68 -1173.44
-1234.80 -1173.44
-1228.37 -1173.44
-1233.93 -1173.44
-1234.52 -1173.44
-1261.23 -1173.44
-1233.05 -1173.44
-1204.46 -1173.44
-1241.40 -1173.44
-1296.63 -1173.44
-1190.99 -1173.44
-1228.96 -1173.44
-1235.03 -1173.44
-1248.09 -1173.44
-1286.12 -1173.44
-1244.23 -1173.44
-1253.53 -1173.44
-1272.02 -1173.44
-1220.43 -1173.44
-1213.00 -1173.44
-1300.94 -1173.44
-1236.26 -1173.44
-1261.60 -1173.44
-1240.60 -1173.44
-1245.31 -1173.44
-1218.98 -1173.44
-1270.89 -1173.44
-1171.42 -1171.42
-1227.73 -1171.42
-1312.03 -1171.42
-1294.66 -1171.42
-1259.93 -1171.42
-1219.80 -1171.42
-1200.10 -1171.42
-1302.58 -1171.42
-1209.77 -1171.42
-1266.28 -1171.42
-1210.36 -1171.42
-1152.13 -1152.13
-1284.22 -1152.13
-1312.32 -1152.13
-1239.56 -1152.13
-1257.33 -1152.13
-1277.88 -1152.13
-1235.40 -1152.13
-1290.41 -1152.13
-1251.46 -1152.13
-1324.92 -1152.13
-1309.98 -1152.13
-1254.39 -1152.13
-1206.34 -1152.13
-1226.39 -1152.13
-1205.87 -1152.13
-1238.54 -1152.13
-1212.41 -1152.13
-1218.41 -1152.13
-1222.84 -1152.13
-1221.04 -1152.13
-1247.17 -1152.13
-1218.44 -1152.13
-1247.21 -1152.13
-1225.99 -1152.13
-1228.48 -1152.13
-1241.31 -1152.13
-1232.20 -1152.13
-1236.01 -1152.13
-1214.00 -1152.13
-1314.84 -1152.13
-1234.13 -1152.13
-1228.04 -1152.13
-1246.53 -1152.13
-1276.62 -1152.13
-1304.67 -1152.13
-1294.94 -1152.13
-1219.87 -1152.13
-1214.00 -1152.13
-1211.34 -1152.13
-1216.83 -1152.13
-1221.01 -1152.13
-1291.64 -1152.13
-1309.11 -1152.13
-1220.77 -1152.13
-1258.57 -1152.13
-1273.80 -1152.13
-1283.81 -1152.13
-1239.77 -1152.13
-1230.41 -1152.13
-1238.17 -1152.13
-1209.26 -1152.13
-1249.32 -1152.13
-1174.05 -1152.13
-1230.81 -1152.13
-1234.44 -1152.13
-1209.12 -1152.13
-1173.38 -1152.13
-1262.56 -1152.13
-1284.42 -1152.13
-1225.01 -1152.13
-1222.92 -1152.13
-1216.50 -1152.13
-1264.26 -1152.13
-1188.09 -1152.13
-1221.33 -1152.13
-1309.95 -1152.13
-1240.54 -1152.13
-1218.81 -1152.13
-1226.77 -1152.13
-1192.44 -1152.13
-1229.89 -1152.13
-1324.22 -1152.13
-1228.19 -1152.13
-1197.29 -1152.13
-1220.11 -1152.13
-1284.50 -1152.13
-1243.41 -1152.13
-1229.07 -1152.13
-1271.52 -1152.13
-1280.91 -1152.13
-1283.00 -1152.13
-1237.05 -1152.13
-1161.00 -1152.13
-1249.83 -1152.13
-1259.02 -1152.13
-1304.99 -1152.13
-1235.89 -1152.13
-1266.73 -1152.13
-1196.48 -1152.13
-1252.54 -1152.13
-1224.63 -1152.13
-1202.22 -1152.13
-1293.96 -1152.13
-1240.58 -1152.13
-1268.33 -1152.13
-1190.39 -1152.13
-1221.09 -1152.13
-1228.08 -1152.13
-1218.77 -1152.13
-1201.95 -1152.13
-1236.48 -1152.13
-1226.64 -1152.13
-1234.08 -1152.13
-1170.55 -1152.13
-1203.85 -1152.13
-1234.48 -1152.13
-1258.65 -1152.13
-1232.38 -1152.13
-1208.82 -1152.13
-1189.56 -1152.13
-1216.64 -1152.13
-1243.72 -1152.13
-1288.99 -1152.13
-1203.58 -1152.13
-1286.60 -1152.13
-1219.14 -1152.13
-1293.61 -1152.13
-1226.95 -1152.13
-1284.29 -1152.13
-1230.07 -1152.13
-1189.40 -1152.13
-1279.17 -1152.13
-1216.37 -1152.13
-1195.34 -1152.13
-1198.21 -1152.13
-1291.58 -1152.13
-1236.73 -1152.13
-1296.75 -1152.13
-1231.69 -1152.13
-1254.07 -1152.13
-1199.28 -1152.13
-1206.99 -1152.13
-1254.78 -1152.13
-1223.04 -1152.13
-1260.94 -1152.13
-1242.88 -1152.13
-1256.45 -1152.13
-1188.61 -1152.13
-1218.06 -1152.13
-1220.01 -1152.13
-1235.71 -1152.13
-1203.59 -1152.13
-1208.94 -1152.13
-1223.17 -1152.13
-1255.43 -1152.13
-1218.22 -1152.13
-1240.14 -1152.13
-1250.19 -1152.13
-1179.67 -1152.13
-1228.27 -1152.13
-1230.72 -1152.13
-1265.65 -1152.13
-1231.36 -1152.13
-1249.66 -1152.13
-1221.34 -1152.13
-1237.97 -1152.13
-1230.35 -1152.13
-1237.72 -1152.13
-1187.53 -1152.13
-1262.41 -1152.13
-1240.57 -1152.13
-1256.10 -1152.13
-1223.23 -1152.13
-1211.61 -1152.13
-1216.83 -1152.13
-1208.11 -1152.13
-1194.80 -1152.13
-1198.00 -1152.13
-1221.59 -1152.13
-1198.88 -1152.13
-1208.60 -1152.13
-1262.93 -1152.13
-1238.55 -1152.13
-1198.16 -1152.13
-1214.11 -1152.13
-1213.01 -1152.13
-1286.27 -1152.13
-1277.11 -1152.13
-1232.63 -1152.13
-1216.89 -1152.13
-1208.55 -1152.13
-1161.00 -1152.13
-1271.17 -1152.13
-1274.51 -1152.13
-1260.12 -1152.13
-1236.03 -1152.13
-1175.01 -1152.13
-1224.55 -1152.13
-1239.53 -1152.13
-1209.36 -1152.13
-1191.06 -1152.13
-1218.22 -1152.13
-1309.55 -1152.13
-1219.23 -1152.13
-1248.23 -1152.13
-1255.43 -1152.13
-1296.43 -1152.13
-1290.38 -1290.38
-1315.28 -1290.38
-1309.03 -1290.38
-1264.92 -1264.92
-1302.27 -1264.92
-1268.62 -1264.92
-1289.07 -1264.92
-1276.10 -1264.92
-1323.59 -1264.92
-1297.97 -1264.92
-1316.96 -1264.92
-1315.88 -1264.92
-1272.30 -1264.92
-1289.41 -1264.92
-1308.88 -1264.92
-1273.80 -1264.92
-1313.88 -1264.92
-1293.75 -1264.92
-1319.71 -1264.92
-1300.31 -1264.92
-1258.06 -1258.06
-1285.42 -1258.06
-1278.05 -1258.06
-1294.92 -1258.06
-1332.56 -1258.06
-1293.74 -1258.06
-1282.39 -1258.06
-1307.66 -1258.06
-1326.31 -1258.06
-1320.47 -1258.06
-1317.08 -1258.06
-1254.57 -1254.57
-1330.18 -1254.57
-1296.24 -1254.57
-1292.28 -1254.57
-1281.13 -1254.57
-1284.04 -1254.57
-1289.34 -1254.57
-1263.73 -1254.57
-1274.35 -1254.57
-1349.42 -1254.57
-1297.84 -1254.57
-1305.02 -1254.57
-1277.07 -1254.57
-1284.81 -1254.57
-1284.63 -1254.57
-1278.68 -1254.57
-1265.91 -1254.57
-1270.68 -1254.57
-1280.92 -1254.57
-1279.91 -1254.57
-1350.30 -1254.57
-1288.74 -1254.57
-1259.51 -1254.57
-1340.07 -1254.57
-1316.20 -1254.57
-1296.05 -1254.57
-1282.84 -1254.57
-1291.68 -1254.57
-1251.60 -1251.60
-1267.88 -1251.60
-1273.41 -1251.60
-1295.36 -1251.60
-1286.06 -1251.60
-1297.12 -1251.60
-1239.42 -1239.42
-1254.48 -1239.42
-1288.15 -1239.42
-1303.94 -1239.42
-1255.20 -1239.42
-1256.08 -1239.42
-1255.69 -1239.42
-1274.57 -1239.42
-1281.99 -1239.42
-1297.38 -1239.42
-1272.78 -1239.42
-1244.33 -1239.42
-1271.68 -1239.42
-1261.41 -1239.42
-1274.90 -1239.42
-1279.64 -1239.42
-1275.33 -1239.42
-1283.88 -1239.42
-1242.85 -1239.42
-1286.95 -1239.42
-1267.57 -1239.42
-1302.83 -1239.42
-1289.56 -1239.42
-1289.17 -1239.42
-1324.51 -1239.42
-1244.17 -1239.42
-1308.60 -1239.42
-1291.67 -1239.42
-1234.81 -1234.81
-1323.91 -1234.81
-1244.81 -1234.81
-1249.42 -1234.81
-1260.87 -1234.81
-1256.66 -1234.81
-1249.04 -1234.81
-1276.84 -1234.81
-1275.66 -1234.81
-1292.45 -1234.81
-1280.65 -1234.81
-1287.68 -1234.81
-1244.81 -1234.81
-1260.84 -1234.81
-1235.07 -1234.81
-1302.72 -1234.81
-1288.64 -1234.81
-1242.41 -1234.81
-1296.77 -1234.81
-1280.32 -1234.81
-1217.38 -1217.38
-1258.68 -1217.38
-1268.07 -1217.38
-1220.36 -1217.38
-1271.70 -1217.38
-1283.46 -1217.38
-1237.90 -1217.38
-1306.49 -1217.38
-1215.49 -1215.49
-1273.39 -1215.49
-1217.40 -1215.49
-1236.23 -1215.49
-1261.85 -1215.49
-1261.22 -1215.49
-1230.51 -1215.49
-1235.74 -1215.49
-1303.31 -1215.49
-1244.05 -1215.49
-1275.03 -1215.49
-1242.19 -1215.49
-1294.29 -1215.49
-1210.20 -1210.20
-1312.58 -1210.20
-1234.85 -1210.20
-1248.04 -1210.20
-1231.77 -1210.20
-1236.28 -1210.20
-1271.81 -1210.20
-1260.55 -1210.20
-1222.08 -1210.20
-1261.30 -1210.20
-1278.50 -1210.20
-1265.17 -1210.20
-1250.75 -1210.20
-1304.49 -1210.20
-1226.59 -1210.20
-1321.65 -1210.20
-1239.54 -1210.20
-1208.72 -1208.72
-1237.55 -1208.72
-1293.27 -1208.72
-1198.19 -1198.19
-1249.99 -1198.19
-1225.09 -1198.19
-1233.67 -1198.19
-1302.11 -1198.19
-1269.37 -1198.19
-1308.25 -1198.19
-1230.68 -1198.19
-1223.98 -1198.19
-1247.10 -1198.19
-1189.73 -1189.73
-1195.74 -1189.73
-1279.37 -1189.73
-1255.90 -1189.73
-1245.66 -1189.73
-1225.45 -1189.73
-1235.90 -1189.73
-1279.04 -1189.73
-1230.59 -1189.73
-1266.50 -1189.73
-1255.16 -1189.73
-1169.42 -1169.42
-1253.55 -1169.42
-1218.04 -1169.42
-1231.68 -1169.42
-1238.34 -1169.42
-1238.98 -1169.42
-1193.56 -1169.42
-1233.43 -1169.42
-1219.70 -1169.42
-1221.29 -1169.42
-1166.28 -1166.28
-1239.87 -1166.28
-1197.79 -1166.28
-1232.20 -1166.28
-1246.79 -1166.28
-1176.50 -1166.28
-1163.68 -1163.68
-1194.81 -1163.68
-1173.07 -1163.68
-1219.88 -1163.68
-1186.71 -1163.68
-1190.44 -1163.68
-1218.48 -1163.68
-1222.80 -1163.68
-1252.57 -1163.68
-1156.11 -1156.11
-1270.85 -1156.11
-1237.14 -1156.11
-1158.03 -1156.11
-1202.28 -1156.11
-1182.37 -1156.11
-1251.67 -1156.11
-1180.95 -1156.11
-1129.90 -1129.90
-1137.00 -1129.90
-1182.31 -1129.90
-1138.78 -1129.90
-1166.40 -1129.90
-1144.14 -1129.90
-1160.54 -1129.90
-1100.79 -1100.79
-1107.99 -1100.79
-1110.55 -1100.79
-1233.18 -1100.79
-1197.74 -1100.79
-1153.60 -1100.79
-1145.90 -1100.79
-1167.80 -1100.79
-1186.80 -1100.79
-1175.63 -1100.79
-1165.90 -1100.79
-1183.89 -1100.79
-1134.93 -1100.79
-1141.82 -1100.79
-1165.14 -1100.79
-1170.78 -1100.79
-1148.74 -1100.79
-1173.86 -1100.79
-1120.68 -1100.79
-1145.65 -1100.79
-1116.44 -1100.79
-1148.25 -1100.79
-1160.76 -1100.79
-1153.47 -1100.79
-1087.23 -1087.23
-1159.61 -1087.23
-1027.57 -1027.57
-1088.53 -1027.57
-1112.96 -1027.57
-1124.73 -1027.57
-1181.14 -1027.57
-997.32 -997.32
-1112.35 -997.32
-1196.64 -997.32
-1070.34 -997.32
-1092.77 -997.32
-1100.69 -997.32
-1084.50 -997.32
-1073.92 -997.32
-1133.82 -997.32
-1186.96 -997.32
-1115.78 -997.32
-1049.96 -997.32
-1043.72 -997.32
-1124.65 -997.32
-1044.80 -997.32
-1047.06 -997.32
-1139.10 -997.32
-1090.37 -997.32
-1051.49 -997.32
-1044.53 -997.32
-1242.18 -997.32
-1171.74 -997.32
-1091.47 -997.32
-1054.32 -997.32
-1061.96 -997.32
-1107.93 -997.32
-1046.42 -997.32
-1161.16 -997.32
-1020.27 -997.32
-1017.33 -997.32
-1117.04 -997.32
-1040.23 -997.32
-1239.84 -997.32
-1094.10 -997.32
-1093.39 -997.32
-1080.68 -997.32
-1087.14 -997.32
-1039.60 -997.32
-1114.59 -997.32
-1110.08 -997.32
-1079.26 -997.32
-1033.79 -997.32
-1077.67 -997.32
-1072.35 -997.32
-1114.09 -997.32
-1077.72 -997.32
-1073.71 -997.32
-1168.61 -997.32
-1104.10 -997.32
-1122.75 -997.32
-1113.41 -997.32
-1093.51 -997.32
-1074.99 -997.32
-1109.19 -997.32
-1139.27 -997.32
-1194.19 -997.32
-1127.64 -997.32
-1142.69 -997.32
-1083.11 -997.32
-1072.72 -997.32
-1070.39 -997.32
-1116.18 -997.32
-1044.06 -997.32
-1034.04 -997.32
-1138.69 -997.32
-1059.87 -997.32
-1058.42 -997.32
-1120.26 -997.32
-1144.22 -997.32
-1073.38 -997.32
-1091.33 -997.32
-1108.82 -997.32
-1088.40 -997.32
-1087.97 -997.32
-1044.79 -997.32
-1087.78 -997.32
-1012.13 -997.32
-1090.70 -997.32
-1032.63 -997.32
-994.12 -994.12
-1053.64 -994.12
-985.74 -985.74
-1052.29 -985.74
-1103.30 -985.74
-1078.13 -985.74
-1065.65 -985.74
-1096.91 -985.74
-1006.21 -985.74
-973.08 -973.08
-1092.74 -973.08
-1093.86 -973.08
-1143.27 -973.08
-1076.68 -973.08
-1128.12 -973.08
-1068.14 -973.08
-1065.41 -973.08
-1060.53 -973.08
-1060.43 -973.08
-1029.30 -973.08
-1084.88 -973.08
-1162.83 -973.08
-1067.02 -973.08
-1032.71 -973.08
-1135.44 -973.08
-1117.42 -973.08
-1174.42 -973.08
-1076.90 -973.08
-973.71 -973.08
-1073.01 -973.08
-1096.33 -973.08
-1057.69 -973.08
-1036.75 -973.08
-1084.19 -973.08
-1135.06 -973.08
-1045.12 -973.08
-1081.43 -973.08
-1052.86 -973.08
-1027.19 -973.08
-1071.72 -973.08
-1073.42 -973.08
-1014.35 -973.08
-1153.60 -973.08
-1115.72 -973.08
-1063.91 -973.08
-1090.54 -973.08
-1149.90 -973.08
-1093.64 -973.08
-1067.46 -973.08
-1090.83 -973.08
-1040.00 -973.08
-1191.12 -973.08
-1090.05 -973.08
-1224.89 -973.08
-1080.56 -973.08
-1077.91 -973.08
-1109.29 -973.08
-1087.06 -973.08
-968.60 -968.60
-1035.50 -968.60
-1216.83 -968.60
-1055.78 -968.60
-1103.95 -968.60
-1132.02 -968.60
-1076.85 -968.60
-1241.54 -968.60
-995.77 -968.60
-1081.77 -968.60
-1079.78 -968.60
-1045.33 -968.60
-1073.84 -968.60
-1027.75 -968.60
-1164.50 -968.60
-1082.77 -968.60
-1055.46 -968.60
-1110.16 -968.60
-1178.81 -968.60
-1101.87 -968.60
-1058.58 -968.60
-1023.30 -968.60
-1073.77 -968.60
-1000.74 -968.60
-1025.28 -968.60
-1030.22 -968.60
-1017.53 -968.60
-1044.21 -968.60
-1053.12 -968.60
-1100.52 -968.60
-1071.34 -968.60
-1007.38 -968.60
-1074.09 -968.60
-1305.17 -1305.17
-1350.24 -1305.17
-1323.64 -1305.17
-1310.62 -1305.17
-1305.08 -1305.08
-1304.44 -1304.44
-1310.59 -1304.44
-1291.69 -1291.69
-1317.84 -1291.69
-1315.72 -1291.69
-1286.07 -1286.07
-1295.90 -1286.07
-1291.18 -1286.07
-1295.24 -1286.07
-1298.11 -1286.07
-1311.26 -1286.07
-1299.15 -1286.07
-1320.06 -1286.07
-1287.33 -1286.07
-1334.32 -1286.07
-1278.28 -1278.28
-1276.50 -1276.50
-1298.30 -1276.50
-1254.10 -1254.10
-1335.31 -1254.10
-1321.88 -1254.10
-1262.59 -1254.10
-1324.80 -1254.10
-1317.95 -1254.10
-1289.46 -1254.10
-1289.02 -1254.10
-1291.24 -1254.10
-1252.62 -1252.62
-1276.92 -1252.62
-1300.72 -1252.62
-1284.15 -1252.62
-1269.61 -1252.62
-1278.52 -1252.62
-1328.62 -1252.62
-1267.84 -1252.62
-1303.97 -1252.62
-1308.55 -1252.62
-1248.69 -1248.69
-1260.85 -1248.69
-1276.67 -1248.69
-1248.33 -1248.33
-1309.24 -1248.33
-1308.66 -1248.33
-1275.79 -1248.33
-1246.49 -1246.49
-1268.32 -1246.49
-1284.86 -1246.49
-1269.16 -1246.49
-1272.95 -1246.49
-1287.68 -1246.49
-1261.60 -1246.49
-1316.18 -1246.49
-1238.31 -1238.31
-1285.96 -1238.31
-1330.99 -1238.31
-1280.70 -1238.31
-1273.22 -1238.31
-1328.74 -1238.31
-1264.63 -1238.31
-1275.44 -1238.31
-1251.57 -1238.31
-1256.65 -1238.31
-1249.75 -1238.31
-1283.66 -1238.31
-1281.94 -1238.31
-1330.77 -1238.31
-1262.50 -1238.31
-1282.51 -1238.31
-1288.62 -1238.31
-1271.49 -1238.31
-1267.19 -1238.31
-1253.81 -1238.31
-1309.92 -1238.31
-1290.14 -1238.31
-1288.58 -1238.31
-1278.81 -1238.31
-1298.90 -1238.31
-1267.04 -1238.31
-1307.65 -1238.31
-1248.38 -1238.31
-1224.65 -1224.65
-1322.26 -1224.65
-1264.28 -1224.65
-1216.57 -1216.57
-1197.52 -1197.52
-1213.49 -1197.52
-1207.12 -1197.52
-1227.10 -1197.52
-1227.07 -1197.52
-1247.85 -1197.52
-1222.69 -1197.52
-1228.17 -1197.52
-1209.79 -1197.52
-1252.44 -1197.52
-1219.58 -1197.52
-1315.21 -1197.52
-1230.96 -1197.52
-1220.91 -1197.52
-1300.36 -1197.52
-1250.33 -1197.52
-1269.81 -1197.52
-1246.55 -1197.52
-1293.78 -1197.52
-1242.61 -1197.52
-1252.82 -1197.52
-1298.11 -1197.52
-1224.14 -1197.52
-1199.99 -1197.52
-1211.19 -1197.52
-1237.20 -1197.52
-1261.62 -1197.52
-1292.61 -1197.52
-1267.54 -1197.52
-1226.01 -1197.52
-1246.34 -1197.52
-1230.47 -1197.52
-1224.73 -1197.52
-1247.35 -1197.52
-1253.90 -1197.52
-1200.57 -1197.52
-1261.62 -1197.52
-1219.56 -1197.52
-1159.86 -1159.86
-1251.06 -1159.86
-1233.56 -1159.86
-1220.95 -1159.86
-1174.23 -1159.86
-1208.81 -1159.86
-1175.47 -1159.86
-1228.83 -1159.86
-1271.17 -1159.86
-1271.81 -1159.86
-1196.20 -1159.86
-1205.75 -1159.86
-1243.46 -1159.86
-1241.93 -1159.86
-1271.50 -1159.86
-1223.12 -1159.86
-1206.45 -1159.86
-1170.29 -1159.86
-1213.81 -1159.86
-1189.06 -1159.86
-1221.41 -1159.86
-1210.47 -1159.86
-1255.18 -1159.86
-1238.04 -1159.86
-1177.17 -1159.86
-1268.02 -1159.86
-1213.67 -1159.86
-1216.78 -1159.86
-1203.45 -1159.86
-1214.77 -1159.86
-1215.66 -1159.86
-1210.38 -1159.86
-1220.72 -1159.86
-1187.21 -1159.86
-1240.04 -1159.86
-1200.88 -1159.86
-1216.16 -1159.86
-1232.48 -1159.86
-1205.26 -1159.86
-1275.91 -1159.86
-1204.21 -1159.86
-1237.65 -1159.86
-1247.87 -1159.86
-1277.67 -1159.86
-1177.19 -1159.86
-1153.38 -1153.38
-1133.14 -1133.14
-1222.64 -1133.14
-1171.81 -1133.14
-1195.95 -1133.14
-1204.26 -1133.14
-1161.57 -1133.14
-1174.91 -1133.14
-1127.44 -1127.44
-1168.43 -1127.44
-1096.69 -1096.69
-1148.80 -1096.69
-1152.82 -1096.69
-1176.32 -1096.69
-1103.62 -1096.69
-1182.66 -1096.69
-1111.16 -1096.69
-1098.45 -1096.69
-1157.29 -1096.69
-1151.14 -1096.69
-1184.84 -1096.69
-1156.77 -1096.69
-1203.02 -1096.69
-1153.75 -1096.69
-1136.44 -1096.69
-1188.74 -1096.69
-1184.44 -1096.69
-1136.38 -1096.69
-1116.67 -1096.69
-1120.08 -1096.69
-1166.51 -1096.69
-1121.39 -1096.69
-1144.20 -1096.69
-1161.19 -1096.69
-1100.97 -1096.69
-1134.37 -1096.69
-1213.42 -1096.69
-1166.23 -1096.69
-1158.29 -1096.69
-1179.22 -1096.69
-1148.43 -1096.69
-1141.97 -1096.69
-1154.30 -1096.69
-1179.83 -1096.69
-1081.65 -1081.65
-1209.50 -1081.65
-1200.78 -1081.65
-1138.93 -1081.65
-1228.40 -1081.65
-1161.43 -1081.65
-1120.11 -1081.65
-1146.70 -1081.65
-1138.03 -1081.65
-1205.44 -1081.65
-1181.17 -1081.65
-1175.40 -1081.65
-1147.67 -1081.65
-1117.92 -1081.65
-1151.09 -1081.65
-1250.30 -1081.65
-1175.58 -1081.65
-1105.94 -1081.65
-1147.22 -1081.65
-1198.58 -1081.65
-1104.52 -1081.65
-1192.69 -1081.65
-1148.96 -1081.65
-1198.47 -1081.65
-1173.85 -1081.65
-1151.02 -1081.65
-1082.87 -1082.87
-1200.74 -1082.87
-1167.48 -1082.87
-1154.09 -1082.87
-1116.24 -1082.87
-1147.31 -1082.87
-1150.34 -1082.87
-1154.50 -1082.87
-1209.71 -1082.87
-1174.98 -1082.87
-1195.49 -1082.87
-1153.33 -1082.87
-1173.43 -1082.87
-1134.80 -1082.87
-1067.27 -1067.27
-1145.47 -1067.27
-1137.09 -1067.27
-1112.24 -1067.27
-1161.00 -1067.27
-1019.78 -1019.78
-1166.06 -1019.78
-1031.79 -1019.78
-1115.31 -1019.78
-1054.30 -1019.78
-1055.90 -1019.78
-1086.42 -1019.78
-1074.59 -1019.78
-1061.51 -1019.78
-1015.45 -1015.45
-1127.99 -1015.45
-1098.67 -1015.45
-1087.86 -1015.45
-1134.00 -1015.45
-1018.95 -1015.45
-1139.08 -1015.45
-1058.99 -1015.45
-1046.79 -1015.45
-1144.36 -1015.45
-1009.18 -1009.18
-1078.53 -1009.18
-1081.43 -1009.18
-1047.45 -1009.18
-1117.16 -1009.18
-1071.85 -1009.18
-1079.45 -1009.18
-1158.66 -1009.18
-1063.27 -1009.18
-1098.09 -1009.18
-1071.80 -1009.18
-1103.55 -1009.18
-1102.36 -1009.18
-1065.24 -1009.18
-1066.20 -1009.18
-1076.54 -1009.18
-1162.11 -1009.18
-1100.70 -1009.18
-1165.26 -1009.18
-1005.23 -1005.23
-1087.19 -1005.23
-1108.33 -1005.23
-1096.68 -1005.23
-1211.28 -1005.23
-1113.73 -1005.23
-1030.87 -1005.23
-1146.54 -1005.23
-1122.71 -1005.23
-1026.17 -1005.23
-1079.04 -1005.23
-1067.66 -1005.23
-1143.74 -1005.23
-927.68 -927.68
-1065.88 -927.68
-1101.82 -927.68
-1059.81 -927.68
-1041.61 -927.68
-1058.51 -927.68
-1095.31 -927.68
-1147.97 -927.68
-1140.40 -927.68
-1121.87 -927.68
-1260.52 -927.68
-1081.32 -927.68
-1036.86 -927.68
-1014.74 -927.68
-1096.72 -927.68
-1174.01 -927.68
-1100.11 -927.68
-1111.72 -927.68
-1124.73 -927.68
-1077.55 -927.68
-1114.14 -927.68
-1038.31 -927.68
-1055.29 -927.68
-1092.44 -927.68
-1032.11 -927.68
-1180.03 -927.68
-1067.43 -927.68
-1106.19 -927.68
-1013.43 -927.68
-1014.02 -927.68
-1063.27 -927.68
-1113.47 -927.68
-1144.17 -927.68
-1115.35 -927.68
-1207.34 -927.68
-1048.21 -927.68
-1172.02 -927.68
-1051.47 -927.68
-1003.96 -927.68
-1139.45 -927.68
-1144.01 -927.68
-1110.18 -927.68
-1030.07 -927.68
-1134.93 -927.68
-1221.26 -927.68
-1037.87 -927.68
-1057.58 -927.68
-1084.84 -927.68
-1078.35 -927.68
-1102.02 -927.68
-1150.52 -927.68
-1053.53 -927.68
-1118.17 -927.68
-1004.77 -927.68
-1038.23 -927.68
-1099.35 -927.68
-1048.59 -927.68
-1148.62 -927.68
-1082.47 -927.68
-1122.97 -927.68
-1196.37 -927.68
-1136.67 -927.68
-1057.19 -927.68
-1099.05 -927.68
-1145.69 -927.68
-1145.42 -927.68
-1085.29 -927.68
-1032.63 -927.68
-1081.35 -927.68
-1039.10 -927.68
-1071.14 -927.68
-1066.22 -927.68
-1103.09 -927.68
-1079.75 -927.68
-1137.40 -927.68
-1072.74 -927.68
-1097.77 -927.68
-1131.95 -927.68
-1156.56 -927.68
-984.77 -927.68
-1034.80 -927.68
-1022.71 -927.68
-1165.34 -927.68
-1085.17 -927.68
-1054.87 -927.68
-1072.86 -927.68
-1019.92 -927.68
-1119.42 -927.68
-1107.82 -927.68
-1131.14 -927.68
-1109.96 -927.68
-1116.26 -927.68
-1123.56 -927.68
-996.45 -927.68
-1079.69 -927.68
-1123.79 -927.68
-1114.33 -927.68
-1045.32 -927.68
-1080.84 -927.68
-1247.47 -927.68
-1091.02 -927.68
-1139.64 -927.68
-1127.51 -927.68
-1069.08 -927.68
-1321.50 -927.68
-1292.52 -1292.52
-1286.60 -1286.60
-1337.23 -1286.60
-1297.62 -1286.60
-1319.88 -1286.60
-1298.63 -1286.60
-1266.52 -1266.52
-1299.27 -1266.52
-1265.73 -1265.73
-1345.11 -1265.73
-1312.66 -1265.73
-1302.57 -1265.73
-1328.68 -1265.73
-1328.89 -1265.73
-1297.97 -1265.73
-1291.12 -1265.73
-1272.84 -1265.73
-1311.46 -1265.73
-1272.55 -1265.73
-1327.57 -1265.73
-1285.21 -1265.73
-1295.63 -1265.73
-1277.94 -1265.73
-1301.31 -1265.73
-1289.88 -1265.73
-1298.19 -1265.73
-1305.79 -1265.73
-1336.73 -1265.73
-1297.14 -1265.73
-1292.20 -1265.73
-1340.07 -1265.73
-1273.53 -1265.73
-1303.26 -1265.73
-1281.39 -1265.73
-1322.08 -1265.73
-1283.57 -1265.73
-1313.37 -1265.73
-1293.03 -1265.73
-1274.96 -1265.73
-1286.62 -1265.73
-1298.01 -1265.73
-1273.14 -1265.73
-1309.51 -1265.73
-1333.78 -1265.73
-1299.53 -1265.73
-1302.75 -1265.73
-1269.93 -1265.73
-1296.61 -1265.73
-1307.57 -1265.73
-1268.63 -1265.73
-1291.22 -1265.73
-1315.17 -1265.73
-1274.92 -1265.73
-1293.45 -1265.73
-1275.15 -1265.73
-1271.31 -1265.73
-1253.14 -1253.14
-1302.07 -1253.14
-1263.93 -1253.14
-1279.15 -1253.14
-1295.88 -1253.14
-1280.40 -1253.14
-1287.60 -1253.14
-1284.60 -1253.14
-1291.92 -1253.14
-1290.97 -1253.14
-1302.58 -1253.14
-1310.98 -1253.14
-1255.53 -1253.14
-1309.81 -1253.14
-1285.94 -1253.14
-1274.69 -1253.14
-1298.23 -1253.14
-1297.55 -1253.14
-1326.31 -1253.14
-1265.41 -1253.14
-1292.86 -1253.14
-1263.56 -1253.14
-1274.42 -1253.14
-1262.68 -1253.14
-1337.35 -1253.14
-1267.42 -1253.14
-1298.45 -1253.14
-1294.82 -1253.14
-1298.83 -1253.14
-1285.44 -1253.14
-1281.48 -1253.14
-1297.26 -1253.14
-1327.12 -1253.14
-1281.86 -1253.14
-1316.72 -1253.14
-1303.18 -1253.14
-1286.27 -1253.14
-1332.25 -1253.14
-1308.96 -1253.14
-1321.95 -1253.14
-1295.04 -1253.14
-1286.69 -1253.14
-1266.51 -1253.14
-1349.80 -1253.14
-1299.22 -1253.14
-1291.46 -1253.14
-1292.42 -1253.14
-1260.50 -1253.14
-1270.89 -1253.14
-1344.30 -1253.14
-1343.85 -1253.14
-1298.88 -1253.14
-1281.14 -1253.14
-1307.66 -1253.14
-1304.96 -1253.14
-1291.14 -1253.14
-1282.64 -1253.14
-1272.88 -1253.14
-1280.34 -1253.14
-1315.97 -1253.14
-1274.62 -1253.14
-1344.96 -1253.14
-1325.60 -1253.14
-1291.85 -1253.14
-1281.80 -1253.14
-1285.84 -1253.14
-1293.76 -1253.14
-1295.87 -1253.14
-1266.43 -1253.14
-1298.53 -1253.14
-1287.87 -1253.14
-1296.78 -1253.14
-1259.71 -1253.14
-1281.51 -1253.14
-1348.17 -1253.14
-1326.96 -1253.14
-1297.79 -1253.14
-1309.23 -1253.14
-1313.95 -1253.14
-1334.80 -1253.14
-1270.12 -1253.14
-1265.74 -1253.14
-1306.16 -1253.14
-1268.07 -1253.14
-1275.04 -1253.14
-1293.81 -1253.14
-1266.02 -1253.14
-1287.85 -1253.14
-1289.40 -1253.14
-1266.54 -1253.14
-1289.14 -1253.14
-1283.14 -1253.14
-1352.67 -1253.14
-1307.15 -1253.14
-1266.51 -1253.14
-1285.10 -1253.14
-1352.88 -1253.14
-1312.29 -1253.14
-1267.09 -1253.14
-1297.74 -1253.14
-1265.79 -1253.14
-1319.91 -1253.14
-1274.04 -1253.14
-1289.02 -1253.14
-1279.33 -1253.14
-1336.24 -1253.14
-1340.37 -1253.14
-1265.64 -1253.14
-1303.07 -1253.14
-1263.18 -1253.14
-1354.52 -1253.14
-1297.49 -1253.14
-1286.13 -1253.14
-1280.25 -1253.14
-1337.05 -1253.14
-1260.95 -1253.14
-1282.82 -1253.14
-1293.46 -1253.14
-1282.84 -1253.14
-1269.86 -1253.14
-1277.16 -1253.14
-1288.61 -1253.14
-1279.10 -1253.14
-1267.79 -1253.14
-1258.29 -1253.14
-1274.93 -1253.14
-1279.21 -1253.14
-1293.51 -1253.14
-1289.11 -1253.14
-1289.57 -1253.14
-1281.04 -1253.14
-1310.32 -1253.14
-1330.01 -1253.14
-1288.44 -1253.14
-1288.29 -1253.14
-1304.08 -1253.14
-1292.59 -1253.14
-1301.86 -1253.14
-1283.04 -1253.14
-1300.27 -1253.14
-1275.81 -1253.14
-1292.30 -1253.14
-1321.14 -1253.14
-1270.71 -1253.14
-1278.13 -1253.14
-1300.92 -1253.14
-1305.54 -1253.14
-1319.80 -1253.14
-1276.36 -1253.14
-1318.92 -1253.14
-1276.66 -1253.14
-1261.02 -1253.14
-1289.89 -1253.14
-1278.59 -1253.14
-1261.02 -1253.14
-1267.75 -1253.14
-1313.77 -1253.14
-1253.80 -1253.80
-1304.88 -1253.80
-1287.50 -1253.80
-1288.49 -1253.80
-1256.42 -1253.80
-1319.41 -1253.80
-1274.29 -1253.80
-1279.98 -1253.80
-1285.50 -1253.80
-1267.82 -1253.80
-1260.77 -1253.80
-1291.55 -1253.80
-1320.19 -1253.80
-1295.77 -1253.80
-1274.03 -1253.80
-1290.79 -1253.80
-1263.84 -1253.80
-1294.50 -1253.80
-1270.44 -1253.80
-1304.30 -1253.80
-1272.39 -1253.80
-1272.93 -1253.80
-1262.86 -1253.80
-1267.00 -1253.80
-1303.62 -1253.80
-1277.13 -1253.80
-1343.03 -1253.80
-1271.83 -1253.80
-1261.17 -1253.80
-1270.20 -1253.80
-1268.05 -1253.80
-1286.33 -1253.80
-1307.31 -1253.80
-1283.74 -1253.80
-1315.03 -1253.80
-1304.62 -1253.80
-1300.52 -1253.80
-1264.91 -1253.80
-1308.62 -1253.80
-1301.66 -1253.80
-1294.89 -1253.80
-1261.12 -1253.80
-1268.21 -1253.80
-1342.00 -1253.80
-1259.80 -1253.80
-1278.59 -1253.80
-1333.41 -1253.80
-1287.75 -1253.80
-1293.15 -1253.80
-1289.74 -1253.80
-1266.41 -1253.80
-1321.50 -1253.80
-1261.23 -1253.80
-1292.17 -1253.80
-1250.85 -1250.85
-1273.36 -1250.85
-1228.91 -1228.91
-1231.24 -1228.91
-1260.63 -1228.91
-1255.91 -1228.91
-1256.73 -1228.91
-1235.20 -1228.91
-1224.51 -1224.51
-1322.78 -1224.51
-1320.09 -1224.51
-1288.34 -1224.51
-1217.63 -1217.63
-1216.90 -1216.90
-1276.10 -1216.90
-1239.31 -1216.90
-1243.62 -1216.90
-1290.62 -1216.90
-1270.51 -1216.90
-1257.41 -1216.90
-1307.86 -1216.90
-1330.62 -1216.90
-1245.32 -1216.90
-1212.76 -1212.76
-1273.46 -1212.76
-1309.91 -1212.76
-1274.39 -1212.76
-1239.33 -1212.76
-1225.20 -1212.76
-1263.34 -1212.76
-1235.71 -1212.76
-1243.66 -1212.76
-1276.74 -1212.76
-1280.09 -1212.76
-1270.29 -1212.76
-1231.35 -1212.76
-1269.39 -1212.76
-1253.39 -1212.76
-1243.10 -1212.76
-1214.80 -1212.76
-1223.91 -1212.76
-1253.65 -1212.76
-1218.12 -1212.76
-1246.27 -1212.76
-1265.29 -1212.76
-1299.01 -1212.76
-1272.04 -1212.76
-1241.46 -1212.76
-1264.07 -1212.76
-1233.67 -1212.76
-1206.00 -1206.00
-1287.25 -1206.00
-1255.24 -1206.00
-1268.72 -1206.00
-1237.64 -1206.00
-1222.76 -1206.00
-1301.32 -1206.00
-1224.74 -1206.00
-1265.98 -1206.00
-1291.73 -1206.00
-1235.02 -1206.00
-1261.22 -1206.00
-1219.58 -1206.00
-1297.24 -1206.00
-1194.65 -1194.65
-1200.62 -1194.65
-1223.00 -1194.65
-1238.50 -1194.65
-1288.96 -1194.65
-1277.06 -1194.65
-1269.19 -1194.65
-1253.58 -1194.65
-1216.85 -1194.65
-1266.45 -1194.65
-1260.94 -1194.65
-1243.66 -1194.65
-1217.50 -1194.65
-1269.36 -1194.65
-1241.09 -1194.65
-1320.72 -1194.65
-1237.17 -1194.65
-1293.62 -1194.65
-1253.12 -1194.65
-1241.54 -1194.65
-1258.66 -1194.65
-1255.03 -1194.65
-1259.57 -1194.65
-1188.09 -1188.09
-1239.84 -1188.09
-1210.35 -1188.09
-1167.90 -1167.90
-1256.95 -1167.90
-1235.80 -1167.90
-1225.27 -1167.90
-1173.98 -1167.90
-1239.00 -1167.90
-1226.50 -1167.90
-1238.25 -1167.90
-1157.41 -1157.41
-1238.08 -1157.41
-1169.61 -1157.41
-1179.30 -1157.41
-1183.38 -1157.41
-1180.32 -1157.41
-1192.60 -1157.41
-1183.74 -1157.41
-1185.33 -1157.41
-1166.84 -1157.41
-1195.96 -1157.41
-1128.15 -1128.15
-1162.66 -1128.15
-1171.36 -1128.15
-1152.63 -1128.15
-1185.68 -1128.15
-1193.64 -1128.15
-1151.05 -1128.15
-1155.24 -1128.15
-1151.42 -1128.15
-1181.74 -1128.15
-1170.01 -1128.15
-1130.38 -1128.15
-1132.12 -1128.15
-1145.53 -1128.15
-1074.89 -1074.89
-1135.23 -1074.89
-1096.41 -1074.89
-1095.94 -1074.89
-1033.37 -1033.37
-1110.72 -1033.37
-1096.32 -1033.37
-1117.48 -1033.37
-1133.35 -1033.37
-1126.07 -1033.37
-1110.10 -1033.37
-1014.85 -1014.85
-1047.93 -1014.85
-1076.50 -1014.85
-1114.56 -1014.85
-1138.14 -1014.85
-1069.23 -1014.85
-1073.64 -1014.85
-1070.39 -1014.85
-1110.83 -1014.85
-1164.30 -1014.85
-1052.76 -1014.85
-1085.05 -1014.85
-1115.39 -1014.85
-1047.42 -1014.85
-1307.11 -1307.11
-1290.66 -1290.66
-1314.69 -1290.66
-1333.77 -1290.66
-1308.50 -1290.66
-1289.49 -1289.49
-1320.97 -1289.49
-1300.93 -1289.49
-1276.02 -1276.02
-1296.31 -1276.02
-1274.37 -1274.37
-1275.55 -1275.55
-1276.22 -1276.22
-1229.91 -1229.91
-1298.85 -1229.91
-1224.76 -1224.76
-1269.03 -1224.76
-1257.97 -1224.76
-1263.74 -1224.76
-1291.15 -1224.76
-1244.00 -1224.76
-1273.76 -1224.76
-1233.90 -1224.76
-1281.02 -1224.76
-1241.52 -1224.76
-1236.62 -1224.76
-1289.20 -1224.76
-1257.46 -1224.76
-1280.38 -1224.76
-1248.64 -1224.76
-1225.86 -1224.76
-1262.79 -1224.76
-1237.79 -1224.76
-1235.28 -1224.76
-1248.96 -1224.76
-1223.30 -1223.30
-1320.82 -1223.30
-1260.90 -1223.30
-1263.72 -1223.30
-1264.58 -1223.30
-1223.63 -1223.30
-1284.18 -1223.30
-1302.36 -1223.30
-1233.64 -1223.30
-1262.61 -1223.30
-1299.09 -1223.30
-1264.63 -1223.30
-1232.62 -1223.30
-1233.66 -1223.30
-1283.59 -1223.30
-1312.43 -1223.30
-1284.31 -1223.30
-1228.32 -1223.30
-1312.62 -1223.30
-1272.07 -1223.30
-1289.30 -1223.30
-1240.04 -1223.30
-1214.71 -1214.71
-1221.52 -1214.71
-1296.75 -1214.71
-1203.88 -1203.88
-1223.76 -1203.88
-1198.48 -1198.48
-1227.22 -1198.48
-1177.95 -1177.95
-1197.76 -1177.95
-1133.82 -1133.82
-1121.25 -1121.25
-1061.54 -1061.54
-1140.48 -1061.54
-1075.48 -1061.54
-1077.40 -1061.54
-1095.61 -1061.54
-1170.53 -1061.54
-1063.52 -1061.54
-1075.26 -1061.54
-1104.12 -1061.54
-1052.93 -1052.93
-1162.94 -1052.93
-1138.37 -1052.93
-1107.75 -1052.93
-1028.04 -1028.04
-1140.33 -1028.04
-1118.85 -1028.04
-1100.91 -1028.04
-1050.03 -1028.04
-1117.87 -1028.04
-1071.05 -1028.04
-1069.21 -1028.04
-1127.56 -1028.04
-1063.49 -1028.04
-1061.28 -1028.04
-1083.97 -1028.04
-1042.19 -1028.04
-1102.63 -1028.04
-1079.04 -1028.04
-1092.20 -1028.04
-1079.64 -1028.04
-1130.86 -1028.04
-1118.23 -1028.04
-1156.26 -1028.04
-1167.55 -1028.04
-1061.44 -1028.04
-1031.38 -1028.04
-1103.10 -1028.04
-1086.11 -1028.04
-1074.49 -1028.04
-1074.34 -1028.04
-1175.85 -1028.04
-1075.52 -1028.04
-1116.98 -1028.04
-976.40 -976.40
-1144.05 -976.40
-1105.67 -976.40
-1050.04 -976.40
-1146.04 -976.40
-1123.09 -976.40
-1091.53 -976.40
-1116.95 -976.40
-1037.92 -976.40
-1103.15 -976.40
-1041.40 -976.40
-1076.57 -976.40
-1054.47 -976.40
-1086.86 -976.40
-1149.80 -976.40
-1152.86 -976.40
-1019.74 -976.40
-977.84 -976.40
-1205.34 -976.40
-1130.56 -976.40
-1103.57 -976.40
-1050.16 -976.40
-1148.27 -976.40
-1075.39 -976.40
-1125.78 -976.40
-1164.52 -976.40
-1080.95 -976.40
-1064.16 -976.40
-1116.28 -976.40
-1142.62 -976.40
-1124.24 -976.40
-1087.78 -976.40
-1080.79 -976.40
-1080.51 -976.40
-1103.02 -976.40
-1065.41 -976.40
-1128.22 -976.40
-1072.79 -976.40
-1132.89 -976.40
-1013.59 -976.40
-1099.67 -976.40
-1148.75 -976.40
-1217.69 -976.40
-1127.00 -976.40
-1015.41 -976.40
-1062.27 -976.40
-1068.06 -976.40
-1070.34 -976.40
-1044.64 -976.40
-1127.97 -976.40
-1159.95 -976.40
-1072.65 -976.40
-1139.15 -976.40
-1092.11 -976.40
-1046.56 -976.40
-1063.10 -976.40
-1148.05 -976.40
-1037.01 -976.40
-1151.22 -976.40
-1192.23 -976.40
-1062.58 -976.40
-1075.19 -976.40
-1066.90 -976.40
-1072.15 -976.40
-1067.64 -976.40
-1096.24 -976.40
-1144.09 -976.40
-1063.12 -976.40
-1087.21 -976.40
-1131.47 -976.40
-1117.89 -976.40
-996.34 -976.40
-1097.10 -976.40
-1079.58 -976.40
-1088.07 -976.40
-1098.05 -976.40
-1055.48 -976.40
-1158.29 -976.40
-1062.12 -976.40
-1040.55 -976.40
-1043.89 -976.40
-1113.78 -976.40
-1120.84 -976.40
-1118.44 -976.40
-1031.38 -976.40
-1035.28 -976.40
-1137.85 -976.40
-1112.01 -976.40
-1135.35 -976.40
-1090.62 -976.40
-1126.29 -976.40
-1057.91 -976.40
-1002.43 -976.40
-1113.63 -976.40
-1083.72 -976.40
-1196.12 -976.40
-1200.93 -976.40
-1179.25 -976.40
-1084.73 -976.40
-1060.59 -976.40
-1034.37 -976.40
-1056.54 -976.40
-1113.28 -976.40
-1077.95 -976.40
-1096.80 -976.40
-1090.12 -976.40
-1124.86 -976.40
-1107.69 -976.40
-1091.35 -976.40
-1097.84 -976.40
-1014.33 -976.40
-1106.55 -976.40
-1075.00 -976.40
-1089.56 -976.40
-1017.36 -976.40
-1123.19 -976.40
-1114.04 -976.40
-1164.58 -976.40
-1003.49 -976.40
-1057.18 -976.40
-1123.90 -976.40
-1121.26 -976.40
-1086.61 -976.40
-967.63 -967.63
-1160.43 -967.63
-1073.65 -967.63
-1022.30 -967.63
-1079.47 -967.63
-1096.17 -967.63
-1059.59 -967.63
-1039.43 -967.63
-1218.24 -967.63
-1022.42 -967.63
-1147.64 -967.63
-1106.78 -967.63
-1089.01 -967.63
-1055.63 -967.63
-1087.94 -967.63
-1001.90 -967.63
-1131.16 -967.63
-1107.53 -967.63
-1128.32 -967.63
-1012.54 -967.63
-1160.64 -967.63
-1169.61 -967.63
-1021.67 -967.63
-1133.06 -967.63
-1108.65 -967.63
-984.73 -967.63
-990.35 -967.63
-1094.18 -967.63
-1080.33 -967.63
-1084.06 -967.63
-1066.51 -967.63
-1154.09 -967.63
-1166.26 -967.63
-1102.53 -967.63
-1065.15 -967.63
-1038.76 -967.63
-1125.02 -967.63
-1088.46 -967.63
-1100.26 -967.63
-1081.26 -967.63
-1228.95 -967.63
-1079.87 -967.63
-1149.95 -967.63
-1035.18 -967.63
-1047.07 -967.63
-1015.61 -967.63
-1118.37 -967.63
-1098.20 -967.63
-1117.33 -967.63
-1065.35 -967.63
-1092.65 -967.63
-1126.92 -967.63
-1082.43 -967.63
-1009.20 -967.63
-1167.60 -967.63
-1090.10 -967.63
-1009.18 -967.63
-1060.91 -967.63
-1227.52 -967.63
-1044.85 -967.63
-1142.84 -967.63
-1154.07 -967.63
-1078.13 -967.63
-1032.52 -967.63
-1107.51 -967.63
-1124.86 -967.63
-1138.78 -967.63
-1082.24 -967.63
-1138.94 -967.63
-1052.08 -967.63
-1089.83 -967.63
-1097.69 -967.63
-1083.12 -967.63
-1033.60 -967.63
-1046.59 -967.63
-1102.41 -967.63
-1097.48 -967.63
-1061.66 -967.63
-1039.66 -967.63
-1135.72 -967.63
-923.45 -923.45
-1122.70 -923.45
-1091.56 -923.45
-1059.03 -923.45
-1102.50 -923.45
-1092.23 -923.45
-1132.48 -923.45
-1087.23 -923.45
-1136.17 -923.45
-1161.91 -923.45
-1131.51 -923.45
-1077.43 -923.45
-1054.80 -923.45
-1022.39 -923.45
-1042.09 -923.45
-1056.85 -923.45
-1062.63 -923.45
-1083.75 -923.45
-1105.91 -923.45
-1034.02 -923.45
-1106.65 -923.45
-1102.04 -923.45
-1187.32 -923.45
-1126.08 -923.45
-1147.62 -923.45
-1084.30 -923.45
-1090.66 -923.45
-1087.59 -923.45
-1171.49 -923.45
-1080.68 -923.45
-1091.14 -923.45
-1069.26 -923.45
-1075.34 -923.45
-1098.15 -923.45
-1063.04 -923.45
-1064.52 -923.45
-1068.87 -923.45
-1166.88 -923.45
-1177.04 -923.45
-1110.26 -923.45
-1002.76 -923.45
-1219.66 -923.45
-1101.14 -923.45
-1081.23 -923.45
-999.86 -923.45
-1105.23 -923.45
-1075.52 -923.45
-1140.34 -923.45
-1014.25 -923.45
-1052.47 -923.45
-1061.59 -923.45
-1129.93 -923.45
-1053.06 -923.45
-1015.53 -923.45
-1104.34 -923.45
-1030.19 -923.45
-1068.49 -923.45
-1132.02 -923.45
-1044.52 -923.45
-1067.45 -923.45
-1109.95 -923.45
-1108.67 -923.45
-1032.23 -923.45
-1067.14 -923.45
-1032.93 -923.45
-1128.19 -923.45
-1042.93 -923.45
-1210.74 -923.45
-1036.46 -923.45
-1032.19 -923.45
-1059.68 -923.45
-1045.45 -923.45
-1064.38 -923.45
-1090.36 -923.45
-1034.42 -923.45
-1029.67 -923.45
-1090.70 -923.45
-1124.66 -923.45
-1115.47 -923.45
-1091.43 -923.45
-1092.10 -923.45
-1090.65 -923.45
-1120.27 -923.45
-1116.91 -923.45
-1098.16 -923.45
-1112.45 -923.45
-1041.57 -923.45
-1066.68 -923.45
-1055.82 -923.45
-1075.95 -923.45
-1048.60 -923.45
-1099.84 -923.45
-1100.30 -923.45
-1094.98 -923.45
-1030.71 -923.45
-1026.96 -923.45
-1102.28 -923.45
-1117.95 -923.45
-1021.56 -923.45
-1116.56 -923.45
-1120.64 -923.45
-1104.30 -923.45
-1294.53 -1294.53
-1271.08 -1271.08
-1295.90 -1271.08
-1316.05 -1271.08
-1263.59 -1263.59
-1275.50 -1263.59
-1265.68 -1263.59
-1305.77 -1263.59
-1327.30 -1263.59
-1318.12 -1263.59
-1285.29 -1263.59
-1312.53 -1263.59
-1327.98 -1263.59
-1286.99 -1263.59
-1345.96 -1263.59
-1298.00 -1263.59
-1317.52 -1263.59
-1316.90 -1263.59
-1295.48 -1263.59
-1308.31 -1263.59
-1293.39 -1263.59
-1298.97 -1263.59
-1286.74 -1263.59
-1290.47 -1263.59
-1285.73 -1263.59
-1305.07 -1263.59
-1309.60 -1263.59
-1338.98 -1263.59
-1274.42 -1263.59
-1319.40 -1263.59
-1313.15 -1263.59
-1334.17 -1263.59
-1279.46 -1263.59
-1322.60 -1263.59
-1288.65 -1263.59
-1290.80 -1263.59
-1298.04 -1263.59
-1328.57 -1263.59
-1259.79 -1259.79
-1303.28 -1259.79
-1325.32 -1259.79
-1268.84 -1259.79
-1272.42 -1259.79
-1256.93 -1256.93
-1247.61 -1247.61
-1281.12 -1247.61
-1263.52 -1247.61
-1260.23 -1247.61
-1328.70 -1247.61
-1299.24 -1247.61
-1283.05 -1247.61
-1275.91 -1247.61
-1287.78 -1247.61
-1251.17 -1247.61
-1294.86 -1247.61
-1293.46 -1247.61
-1278.69 -1247.61
-1281.48 -1247.61
-1261.46 -1247.61
-1316.08 -1247.61
-1273.68 -1247.61
-1258.18 -1247.61
-1289.50 -1247.61
-1285.70 -1247.61
-1304.55 -1247.61
-1333.72 -1247.61
-1244.29 -1244.29
-1269.57 -1244.29
-1266.28 -1244.29
-1262.36 -1244.29
-1256.78 -1244.29
-1261.56 -1244.29
-1257.31 -1244.29
-1276.80 -1244.29
-1263.73 -1244.29
-1278.24 -1244.29
-1267.55 -1244.29
-1308.70 -1244.29
-1234.94 -1234.94
-1273.39 -1234.94
-1243.19 -1234.94
-1243.58 -1234.94
-1296.99 -1234.94
-1286.14 -1234.94
-1270.94 -1234.94
-1268.35 -1234.94
-1280.25 -1234.94
-1249.56 -1234.94
-1269.61 -1234.94
-1256.32 -1234.94
-1305.10 -1234.94
-1274.31 -1234.94
-1254.77 -1234.94
-1334.56 -1234.94
-1234.37 -1234.37
-1296.75 -1234.37
-1238.36 -1238.36
-1261.27 -1238.36
-1302.97 -1238.36
-1251.87 -1238.36
-1271.70 -1238.36
-1337.03 -1238.36
-1245.03 -1238.36
-1274.12 -1238.36
-1317.12 -1238.36
-1268.16 -1238.36
-1344.50 -1238.36
-1255.68 -1238.36
-1268.55 -1238.36
-1279.09 -1238.36
-1240.24 -1238.36
-1243.72 -1238.36
-1241.64 -1238.36
-1285.08 -1238.36
-1255.70 -1238.36
-1269.82 -1238.36
-1297.93 -1238.36
-1277.00 -1238.36
-1289.37 -1238.36
-1243.73 -1238.36
-1264.61 -1238.36
-1291.30 -1238.36
-1257.56 -1238.36
-1326.02 -1238.36
-1336.20 -1238.36
-1289.38 -1238.36
-1254.39 -1238.36
-1262.63 -1238.36
-1272.69 -1238.36
-1231.93 -1231.93
-1257.45 -1231.93
-1279.61 -1231.93
-1232.01 -1232.01
-1266.12 -1232.01
-1303.76 -1232.01
-1273.15 -1232.01
-1298.59 -1232.01
-1230.14 -1230.14
-1303.88 -1230.14
-1226.49 -1226.49
-1281.54 -1226.49
-1285.66 -1226.49
-1243.24 -1226.49
-1256.30 -1226.49
-1266.81 -1226.49
-1254.81 -1226.49
-1248.72 -1226.49
-1272.02 -1226.49
-1232.26 -1226.49
-1311.81 -1226.49
-1250.19 -1226.49
-1228.95 -1228.95
-1237.54 -1228.95
-1206.73 -1206.73
-1232.69 -1206.73
-1248.08 -1206.73
-1208.25 -1206.73
-1225.21 -1206.73
-1265.61 -1206.73
-1233.89 -1206.73
-1193.59 -1193.59
-1239.72 -1193.59
-1236.70 -1193.59
-1247.54 -1193.59
-1207.76 -1193.59
-1246.97 -1193.59
-1257.12 -1193.59
-1252.47 -1193.59
-1222.97 -1193.59
-1245.82 -1193.59
-1249.35 -1193.59
-1225.57 -1193.59
-1295.19 -1193.59
-1222.24 -1193.59
-1252.91 -1193.59
-1316.97 -1193.59
-1271.00 -1193.59
-1199.97 -1193.59
-1250.58 -1193.59
-1241.31 -1193.59
-1239.73 -1193.59
-1238.72 -1193.59
-1238.78 -1193.59
-1306.56 -1193.59
-1229.51 -1193.59
-1214.83 -1193.59
-1261.39 -1193.59
-1239.39 -1193.59
-1255.31 -1193.59
-1228.59 -1193.59
-1238.04 -1193.59
-1225.63 -1193.59
-1200.09 -1193.59
-1186.65 -1186.65
-1258.10 -1186.65
-1253.82 -1186.65
-1292.67 -1186.65
-1200.25 -1186.65
-1203.80 -1186.65
-1265.51 -1186.65
-1228.31 -1186.65
-1210.65 -1186.65
-1254.95 -1186.65
-1222.01 -1186.65
-1261.36 -1186.65
-1239.57 -1186.65
-1312.86 -1186.65
-1266.49 -1186.65
-1303.83 -1186.65
-1255.90 -1186.65
-1251.77 -1186.65
-1296.91 -1186.65
-1245.24 -1186.65
-1271.20 -1186.65
-1258.13 -1186.65
-1260.95 -1186.65
-1249.12 -1186.65
-1249.63 -1186.65
-1210.40 -1186.65
-1256.61 -1186.65
-1207.99 -1186.65
-1224.35 -1186.65
-1279.62 -1186.65
-1225.05 -1186.65
-1205.26 -1186.65
-1245.12 -1186.65
-1226.43 -1186.65
-1254.69 -1186.65
-1237.15 -1186.65
-1223.52 -1186.65
-1269.72 -1186.65
-1245.98 -1186.65
-1260.91 -1186.65
-1252.23 -1186.65
-1248.89 -1186.65
-1252.20 -1186.65
-1229.03 -1186.65
-1258.72 -1186.65
-1265.60 -1186.65
-1250.63 -1186.65
-1290.60 -1186.65
-1199.74 -1186.65
-1262.51 -1186.65
-1258.02 -1186.65
-1220.62 -1186.65
-1265.14 -1186.65
-1260.20 -1186.65
-1220.08 -1186.65
-1212.18 -1186.65
-1179.70 -1179.70
-1221.34 -1179.70
-1235.64 -1179.70
-1179.91 -1179.91
-1197.33 -1179.91
-1202.01 -1179.91
-1259.38 -1179.91
-1208.61 -1179.91
-1219.99 -1179.91
-1253.57 -1179.91
-1231.66 -1179.91
-1250.55 -1179.91
-1251.65 -1179.91
-1241.86 -1179.91
-1236.73 -1179.91
-1208.19 -1179.91
-1236.01 -1179.91
-1216.00 -1179.91
-1208.33 -1179.91
-1220.06 -1179.91
-1241.18 -1179.91
-1223.17 -1179.91
-1228.48 -1179.91
-1222.36 -1179.91
-1213.98 -1179.91
-1227.66 -1179.91
-1217.74 -1179.91
-1295.27 -1179.91
-1201.10 -1179.91
-1261.51 -1179.91
-1251.47 -1179.91
-1229.40 -1179.91
-1241.76 -1179.91
-1230.85 -1179.91
-1203.45 -1179.91
-1276.37 -1179.91
-1209.07 -1179.91
-1215.52 -1179.91
-1218.92 -1179.91
-1285.01 -1179.91
-1269.37 -1179.91
-1242.60 -1179.91
-1205.00 -1179.91
-1225.95 -1179.91
-1237.59 -1179.91
-1216.20 -1179.91
-1209.97 -1179.91
-1258.69 -1179.91
-1218.64 -1179.91
-1288.33 -1179.91
-1214.59 -1179.91
-1202.35 -1179.91
-1222.64 -1179.91
-1228.53 -1179.91
-1247.18 -1179.91
-1238.91 -1179.91
-1202.35 -1179.91
-1238.82 -1179.91
-1213.42 -1179.91
-1246.40 -1179.91
-1224.36 -1179.91
-1218.61 -1179.91
-1277.70 -1179.91
-1212.59 -1179.91
-1238.75 -1179.91
-1288.08 -1179.91
-1278.64 -1179.91
-1230.43 -1179.91
-1229.67 -1179.91
-1188.59 -1179.91
-1211.40 -1179.91
-1218.74 -1179.91
-1223.25 -1179.91
-1200.00 -1179.91
-1223.51 -1179.91
-1256.37 -1179.91
-1190.95 -1179.91
-1288.36 -1179.91
-1281.04 -1179.91
-1236.25 -1179.91
-1210.74 -1179.91
-1222.09 -1179.91
-1199.22 -1179.91
-1224.87 -1179.91
-1237.54 -1179.91
-1257.14 -1179.91
-1233.87 -1179.91
-1270.86 -1179.91
-1230.98 -1179.91
-1264.67 -1179.91
-1263.33 -1179.91
-1238.10 -1179.91
-1285.01 -1179.91
-1229.36 -1179.91
-1299.26 -1179.91
-1257.53 -1179.91
-1248.29 -1179.91
-1237.59 -1179.91
-1231.21 -1179.91
-1255.53 -1179.91
-1230.30 -1179.91
-1259.74 -1179.91
-1275.65 -1179.91
-1244.47 -1179.91
-1195.29 -1179.91
-1237.68 -1179.91
-1230.76 -1179.91
-1176.05 -1176.05
-1233.79 -1176.05
-1180.74 -1176.05
-1261.76 -1176.05
-1191.93 -1176.05
-1216.92 -1176.05
-1246.83 -1176.05
-1216.11 -1176.05
-1220.41 -1176.05
-1258.74 -1176.05
-1309.89 -1176.05
-1257.51 -1176.05
-1236.15 -1176.05
-1226.72 -1176.05
-1197.34 -1176.05
-1250.78 -1176.05
-1237.31 -1176.05
-1199.67 -1176.05
-1312.92 -1176.05
-1302.25 -1176.05
-1189.29 -1176.05
-1207.44 -1176.05
-1185.48 -1176.05
-1204.33 -1176.05
-1288.16 -1176.05
-1250.15 -1176.05
-1210.16 -1176.05
-1204.07 -1176.05
-1195.05 -1176.05
-1257.97 -1176.05
-1239.94 -1176.05
-1209.86 -1176.05
-1227.86 -1176.05
-1251.07 -1176.05
-1245.37 -1176.05
-1234.54 -1176.05
-1278.04 -1176.05
-1225.42 -1176.05
-1278.19 -1176.05
-1228.61 -1176.05
-1207.81 -1176.05
-1171.90 -1171.90
-1213.04 -1171.90
-1160.32 -1160.32
-1119.31 -1119.31
-1226.99 -1119.31
-1183.73 -1119.31
-1155.10 -1119.31
-1196.55 -1119.31
-1145.24 -1119.31
-1232.11 -1119.31
-1276.57 -1119.31
-1136.45 -1119.31
-1207.06 -1119.31
-1187.97 -1119.31
-1168.57 -1119.31
-1205.97 -1119.31
-1136.75 -1119.31
-1185.45 -1119.31
-1172.71 -1119.31
-1313.06 -1119.31
-1327.06 -1119.31
-1294.45 -1294.45
-1299.42 -1294.45
-1324.82 -1294.45
-1304.32 -1294.45
-1282.95 -1282.95
-1280.87 -1280.87
-1272.44 -1272.44
-1311.61 -1272.44
-1295.62 -1272.44
-1283.68 -1272.44
-1325.96 -1272.44
-1301.16 -1272.44
-1337.67 -1272.44
-1284.63 -1272.44
-1318.15 -1272.44
-1301.67 -1272.44
-1284.55 -1272.44
-1301.00 -1272.44
-1306.31 -1272.44
-1291.95 -1272.44
-1289.00 -1272.44
-1265.36 -1265.36
-1354.80 -1265.36
-1309.20 -1265.36
-1281.15 -1265.36
-1324.73 -1265.36
-1305.42 -1265.36
-1298.71 -1265.36
-1284.77 -1265.36
-1305.98 -1265.36
-1294.41 -1265.36
-1270.12 -1265.36
-1323.07 -1265.36
-1311.09 -1265.36
-1268.32 -1268.32
-1331.01 -1268.32
-1296.82 -1268.32
-1274.88 -1268.32
-1315.93 -1268.32
-1341.48 -1268.32
-1295.94 -1268.32
-1315.24 -1268.32
-1297.58 -1268.32
-1305.17 -1268.32
-1308.89 -1268.32
-1305.53 -1268.32
-1326.75 -1268.32
-1308.38 -1268.32
-1324.04 -1268.32
-1302.48 -1268.32
-1329.58 -1268.32
-1279.65 -1268.32
-1273.08 -1268.32
-1255.52 -1255.52
-1284.39 -1255.52
-1278.54 -1255.52
-1303.03 -1255.52
-1334.21 -1255.52
-1290.03 -1255.52
-1293.54 -1255.52
-1281.13 -1255.52
-1320.82 -1255.52
-1283.66 -1255.52
-1276.10 -1255.52
-1290.91 -1255.52
-1304.99 -1255.52
-1305.39 -1255.52
-1311.14 -1255.52
-1311.52 -1255.52
-1320.78 -1255.52
-1313.10 -1255.52
-1264.56 -1255.52
-1289.41 -1255.52
-1281.08 -1255.52
-1328.04 -1255.52
-1333.87 -1255.52
-1290.16 -1255.52
-1305.36 -1255.52
-1304.66 -1255.52
-1315.01 -1255.52
-1271.44 -1255.52
-1294.40 -1255.52
-1295.71 -1255.52
-1332.74 -1255.52
-1304.87 -1255.52
-1294.26 -1255.52
-1281.36 -1255.52
-1308.59 -1255.52
-1297.62 -1255.52
-1291.26 -1255.52
-1310.34 -1255.52
-1298.99 -1255.52
-1296.09 -1255.52
-1307.44 -1255.52
-1277.11 -1255.52
-1301.46 -1255.52
-1274.53 -1255.52
-1346.38 -1255.52
-1296.66 -1255.52
-1310.38 -1255.52
-1274.88 -1255.52
-1323.60 -1255.52
-1288.57 -1255.52
-1349.22 -1255.52
-1292.78 -1255.52
-1327.47 -1255.52
-1281.07 -1255.52
-1303.70 -1255.52
-1296.89 -1255.52
-1293.45 -1255.52
-1280.92 -1255.52
-1296.53 -1255.52
-1288.70 -1255.52
-1311.90 -1255.52
-1335.40 -1255.52
-1307.06 -1255.52
-1300.60 -1255.52
-1312.28 -1255.52
-1276.10 -1255.52
-1315.78 -1255.52
-1326.96 -1255.52
-1291.81 -1255.52
-1302.83 -1255.52
-1287.80 -1255.52
-1287.80 -1255.52
-1296.47 -1255.52
-1296.97 -1255.52
-1281.62 -1255.52
-1349.30 -1255.52
-1285.58 -1255.52
-1282.52 -1255.52
-1289.44 -1255.52
-1286.12 -1255.52
-1315.91 -1255.52
-1314.51 -1255.52
-1296.08 -1255.52
-1362.73 -1255.52
-1316.06 -1255.52
-1297.36 -1255.52
-1347.78 -1255.52
-1315.41 -1255.52
-1272.46 -1255.52
-1305.54 -1255.52
-1308.30 -1255.52
-1288.22 -1255.52
-1357.50 -1255.52
-1291.36 -1255.52
-1296.58 -1255.52
-1304.88 -1255.52
-1280.05 -1255.52
-1300.64 -1255.52
-1308.98 -1255.52
-1257.49 -1255.52
-1261.98 -1255.52
-1335.46 -1255.52
-1306.34 -1255.52
-1305.41 -1255.52
-1299.66 -1255.52
-1334.94 -1255.52
-1331.92 -1255.52
-1294.80 -1255.52
-1329.22 -1255.52
-1335.49 -1255.52
-1293.63 -1255.52
-1297.66 -1255.52
-1317.84 -1255.52
-1299.27 -1255.52
-1260.24 -1255.52
-1291.49 -1255.52
-1304.09 -1255.52
-1324.96 -1255.52
-1331.63 -1255.52
-1281.18 -1255.52
-1349.08 -1255.52
-1279.75 -1255.52
-1319.64 -1255.52
-1325.30 -1255.52
-1317.01 -1255.52
-1308.32 -1255.52
-1293.01 -1255.52
-1307.93 -1255.52
-1287.13 -1255.52
-1326.10 -1255.52
-1313.48 -1255.52
-1328.78 -1255.52
-1308.70 -1255.52
-1294.40 -1255.52
-1297.59 -1255.52
-1348.83 -1255.52
-1304.13 -1255.52
-1283.87 -1255.52
-1298.66 -1255.52
-1297.37 -1255.52
-1277.14 -1255.52
-1281.89 -1255.52
-1323.52 -1255.52
-1295.98 -1255.52
-1296.49 -1255.52
-1276.92 -1255.52
-1299.70 -1255.52
-1353.17 -1255.52
-1300.24 -1255.52
-1329.87 -1255.52
-1313.03 -1255.52
-1301.72 -1255.52
-1280.99 -1255.52
-1312.61 -1255.52
-1368.46 -1255.52
-1315.15 -1255.52
-1329.20 -1255.52
-1282.51 -1255.52
-1311.24 -1255.52
-1308.15 -1255.52
-1282.28 -1255.52
-1286.47 -1255.52
-1260.97 -1255.52
-1298.91 -1255.52
-1281.66 -1255.52
-1303.93 -1255.52
-1341.40 -1255.52
-1301.65 -1255.52
-1282.15 -1255.52
-1333.62 -1255.52
-1329.31 -1255.52
-1289.12 -1255.52
-1278.95 -1255.52
-1291.64 -1255.52
-1284.40 -1255.52
-1285.66 -1255.52
-1307.86 -1255.52
-1337.39 -1255.52
-1288.72 -1255.52
-1294.65 -1255.52
-1302.91 -1255.52
-1297.61 -1255.52
-1289.15 -1255.52
-1300.55 -1255.52
-1307.65 -1255.52
-1290.59 -1255.52
-1290.12 -1255.52
-1282.89 -1255.52
-1339.35 -1255.52
-1297.76 -1255.52
-1284.62 -1255.52
-1301.13 -1255.52
-1301.47 -1255.52
-1271.20 -1255.52
-1296.15 -1255.52
-1334.26 -1255.52
-1291.10 -1255.52
-1308.47 -1255.52
-1283.78 -1255.52
-1276.89 -1255.52
-1273.81 -1255.52
-1309.61 -1255.52
-1315.84 -1255.52
-1274.58 -1255.52
-1280.64 -1255.52
-1278.01 -1255.52
-1310.19 -1255.52
-1303.00 -1255.52
-1301.55 -1255.52
-1326.46 -1255.52
-1311.31 -1255.52
-1307.47 -1255.52
-1277.01 -1255.52
-1293.34 -1255.52
-1297.55 -1255.52
-1303.24 -1255.52
-1278.49 -1255.52
-1287.49 -1255.52
-1295.76 -1255.52
-1305.31 -1255.52
-1293.44 -1255.52
-1296.95 -1255.52
-1288.17 -1255.52
-1324.84 -1255.52
-1300.87 -1255.52
-1294.13 -1255.52
-1302.56 -1255.52
-1282.39 -1255.52
-1304.14 -1255.52
-1295.36 -1255.52
-1358.60 -1255.52
-1328.19 -1255.52
-1274.89 -1255.52
-1307.51 -1255.52
-1302.67 -1255.52
-1304.65 -1255.52
-1324.56 -1255.52
-1327.65 -1255.52
-1304.13 -1255.52
-1281.85 -1255.52
-1339.48 -1255.52
-1276.73 -1255.52
-1298.37 -1255.52
-1349.15 -1255.52
-1297.28 -1255.52
-1287.11 -1255.52
-1304.38 -1255.52
-1304.14 -1255.52
-1319.18 -1255.52
-1281.35 -1255.52
-1286.09 -1255.52
-1298.19 -1255.52
-1287.15 -1255.52
-1266.16 -1255.52
-1284.40 -1255.52
-1261.33 -1255.52
-1278.71 -1255.52
-1283.94 -1255.52
-1280.36 -1255.52
-1316.71 -1255.52
-1282.93 -1255.52
-1318.16 -1255.52
-1243.02 -1243.02
-1265.30 -1243.02
-1258.28 -1243.02
-1286.13 -1243.02
-1309.87 -1243.02
-1265.49 -1243.02
-1297.98 -1243.02
-1282.28 -1243.02
-1276.53 -1243.02
-1255.14 -1243.02
-1293.30 -1243.02
-1249.43 -1243.02
-1299.10 -1243.02
-1283.18 -1243.02
-1306.92 -1243.02
-1240.01 -1240.01
-1229.85 -1229.85
-1284.82 -1229.85
-1250.19 -1229.85
-1263.70 -1229.85
-1265.30 -1229.85
-1272.14 -1229.85
-1301.09 -1229.85
-1278.03 -1229.85
-1290.57 -1229.85
-1263.80 -1229.85
-1323.86 -1229.85
-1269.40 -1229.85
-1244.68 -1229.85
-1271.76 -1229.85
-1276.30 -1229.85
-1334.44 -1229.85
-1275.57 -1229.85
-1274.84 -1229.85
-1269.05 -1229.85
-1240.52 -1229.85
-1244.15 -1229.85
-1271.99 -1229.85
-1289.50 -1229.85
-1338.13 -1229.85
-1314.35 -1229.85
-1281.42 -1229.85
-1241.57 -1229.85
-1261.50 -1229.85
-1260.56 -1229.85
-1289.82 -1229.85
-1287.85 -1229.85
-1272.13 -1229.85
-1263.46 -1229.85
-1263.13 -1229.85
-1255.32 -1229.85
-1278.69 -1229.85
-1259.54 -1229.85
-1299.51 -1229.85
-1270.08 -1229.85
-1272.14 -1229.85
-1272.71 -1229.85
-1247.42 -1229.85
-1233.79 -1229.85
-1336.93 -1229.85
-1249.63 -1229.85
-1243.62 -1229.85
-1293.78 -1229.85
-1256.57 -1229.85
-1279.67 -1229.85
-1315.12 -1229.85
-1253.95 -1229.85
-1320.76 -1229.85
-1276.29 -1229.85
-1276.02 -1229.85
-1257.42 -1229.85
-1238.13 -1229.85
-1257.92 -1229.85
-1264.80 -1229.85
-1324.05 -1229.85
-1275.87 -1229.85
-1278.99 -1229.85
-1275.75 -1229.85
-1256.44 -1229.85
-1225.48 -1225.48
-1256.11 -1225.48
-1265.72 -1225.48
-1272.96 -1225.48
-1293.31 -1225.48
-1247.20 -1225.48
-1275.10 -1225.48
-1272.29 -1225.48
-1271.77 -1225.48
-1301.60 -1225.48
-1280.65 -1225.48
-1315.21 -1225.48
-1234.33 -1225.48
-1270.73 -1225.48
-1246.48 -1225.48
-1247.73 -1225.48
-1268.84 -1225.48
-1261.13 -1225.48
-1283.52 -1225.48
-1257.25 -1225.48
-1296.31 -1296.31
-1316.79 -1296.31
-1281.42 -1281.42
-1300.68 -1281.42
