-10000.00 -10000.00
-1704.38 -10000.00
-1691.37 -10000.00
-1643.00 -1643.00
-1614.67 -1614.67
-1672.14 -1614.67
-1660.72 -1614.67
-1611.34 -1611.34
-1620.68 -1611.34
-1662.48 -1611.34
-1619.92 -1611.34
-1688.54 -1611.34
-1607.38 -1607.38
-1607.58 -1607.58
-1591.51 -1591.51
-1638.01 -1591.51
-1616.10 -1591.51
-1588.55 -1588.55
-1643.14 -1588.55
-1664.43 -1588.55
-1600.78 -1588.55
-1575.16 -1575.16
-1603.12 -1575.16
-1569.07 -1569.07
-1613.88 -1569.07
-1640.92 -1569.07
-1578.38 -1569.07
-1547.40 -1547.40
-1537.64 -1537.64
-1533.91 -1533.91
-1650.23 -1533.91
-1498.13 -1498.13
-1557.27 -1498.13
-1570.43 -1498.13
-1611.61 -1498.13
-1559.14 -1498.13
-1575.57 -1498.13
-1539.26 -1498.13
-1580.86 -1498.13
-1530.78 -1498.13
-1548.40 -1498.13
-1592.11 -1498.13
-1571.44 -1498.13
-1571.29 -1498.13
-1673.80 -1498.13
-1564.19 -1498.13
-1556.29 -1498.13
-1577.56 -1498.13
-1569.30 -1498.13
-1653.46 -1498.13
-1573.90 -1498.13
-1628.98 -1498.13
-1616.06 -1498.13
-1566.54 -1498.13
-1574.25 -1498.13
-1554.60 -1498.13
-1669.38 -1498.13
-1617.68 -1498.13
-1542.85 -1498.13
-1600.34 -1498.13
-1584.77 -1498.13
-1543.64 -1498.13
-1564.02 -1498.13
-1542.06 -1498.13
-1550.27 -1498.13
-1599.75 -1498.13
-1553.77 -1498.13
-1548.82 -1498.13
-1638.22 -1498.13
-1562.81 -1498.13
-1621.19 -1498.13
-1585.02 -1498.13
-1578.01 -1498.13
-1558.30 -1498.13
-1604.02 -1498.13
-1592.50 -1498.13
-1576.72 -1498.13
-1598.12 -1498.13
-1684.37 -1498.13
-1568.66 -1498.13
-1607.87 -1498.13
-1585.04 -1498.13
-1607.23 -1498.13
-1608.33 -1498.13
-1625.50 -1498.13
-1510.83 -1498.13
-1563.69 -1498.13
-1598.61 -1498.13
-1535.11 -1498.13
-1511.23 -1498.13
-1667.18 -1498.13
-1513.67 -1498.13
-1519.89 -1498.13
-1550.99 -1498.13
-1601.80 -1498.13
-1578.23 -1498.13
-1584.60 -1498.13
-1584.15 -1498.13
-1613.23 -1498.13
-1531.71 -1498.13
-1570.29 -1498.13
-1570.24 -1498.13
-1525.11 -1498.13
-1534.76 -1498.13
-1593.18 -1498.13
-1532.48 -1498.13
-1681.78 -1498.13
-1579.33 -1498.13
-1590.22 -1498.13
-1655.76 -1498.13
-1587.30 -1498.13
-1611.00 -1498.13
-1600.02 -1498.13
-1553.37 -1498.13
-1618.51 -1498.13
-1528.50 -1498.13
-1584.16 -1498.13
-1661.35 -1498.13
-1568.52 -1498.13
-1598.22 -1498.13
-1578.75 -1498.13
-1506.79 -1498.13
-1566.82 -1498.13
-1580.31 -1498.13
-1534.41 -1498.13
-1591.74 -1498.13
-1533.86 -1498.13
-1566.35 -1498.13
-1591.48 -1498.13
-1544.38 -1498.13
-1661.06 -1498.13
-1575.27 -1498.13
-1528.27 -1498.13
-1519.98 -1498.13
-1576.11 -1498.13
-1580.06 -1498.13
-1657.51 -1498.13
-1569.08 -1498.13
-1630.06 -1498.13
-1628.04 -1498.13
-1509.23 -1498.13
-1624.19 -1498.13
-1585.08 -1498.13
-1596.09 -1498.13
-1573.39 -1498.13
-1613.98 -1498.13
-1553.33 -1498.13
-1600.92 -1498.13
-1570.81 -1498.13
-1531.77 -1498.13
-1578.25 -1498.13
-1545.73 -1498.13
-1586.88 -1498.13
-1635.33 -1498.13
-1542.52 -1498.13
-1581.86 -1498.13
-1524.70 -1498.13
-1561.72 -1498.13
-1671.74 -1498.13
-1586.55 -1498.13
-1561.20 -1498.13
-1603.97 -1498.13
-1514.13 -1498.13
-1638.45 -1498.13
-1571.69 -1498.13
-1525.21 -1498.13
-1537.92 -1498.13
-1592.49 -1498.13
-1566.71 -1498.13
-1566.52 -1498.13
-1579.52 -1498.13
-1494.39 -1494.39
-1539.86 -1494.39
-1575.01 -1494.39
-1579.65 -1494.39
-1590.94 -1494.39
-1537.81 -1494.39
-1568.79 -1494.39
-1591.08 -1494.39
-1581.87 -1494.39
-1532.91 -1494.39
-1566.53 -1494.39
-1500.85 -1494.39
-1564.19 -1494.39
-1559.32 -1494.39
-1427.07 -1427.07
-1487.35 -1427.07
-1517.24 -1427.07
-1671.08 -1427.07
-1523.34 -1427.07
-1497.04 -1427.07
-1505.44 -1427.07
-1498.33 -1427.07
-1502.47 -1427.07
-1437.99 -1427.07
-1475.46 -1427.07
-1473.17 -1427.07
-1503.22 -1427.07
-1464.05 -1427.07
-1433.49 -1427.07
-1456.90 -1427.07
-1481.95 -1427.07
-1439.81 -1427.07
-1455.13 -1427.07
-1427.60 -1427.60
-1465.67 -1427.60
-1455.11 -1427.60
-1457.66 -1427.60
-1477.09 -1427.60
-1476.72 -1427.60
-1555.15 -1427.60
-1478.78 -1427.60
-1465.94 -1427.60
-1475.35 -1427.60
-1515.91 -1427.60
-1588.95 -1427.60
-1522.80 -1427.60
-1489.92 -1427.60
-1423.95 -1423.95
-1545.19 -1423.95
-1478.75 -1423.95
-1435.77 -1423.95
-1466.76 -1423.95
-1520.19 -1423.95
-1446.66 -1423.95
-1463.68 -1423.95
-1503.96 -1423.95
-1427.25 -1423.95
-1439.45 -1423.95
-1465.03 -1423.95
-1504.51 -1423.95
-1514.08 -1423.95
-1461.76 -1423.95
-1517.75 -1423.95
-1604.52 -1423.95
-1345.85 -1345.85
-1379.28 -1345.85
-1498.39 -1345.85
-1519.31 -1345.85
-1438.26 -1345.85
-1462.96 -1345.85
-1570.11 -1345.85
-1523.77 -1345.85
-1376.57 -1345.85
-1322.57 -1322.57
-1405.47 -1322.57
-1520.53 -1322.57
-1433.63 -1322.57
-1446.31 -1322.57
-1355.80 -1322.57
-1519.26 -1322.57
-1353.31 -1322.57
-1493.23 -1322.57
-1433.94 -1322.57
-1395.00 -1322.57
-1623.44 -1322.57
-1380.70 -1322.57
-1470.73 -1322.57
-1423.50 -1322.57
-1383.53 -1322.57
-1485.28 -1322.57
-1468.77 -1322.57
-1437.28 -1322.57
-1479.45 -1322.57
-1333.83 -1322.57
-1407.43 -1322.57
-1414.34 -1322.57
-1444.06 -1322.57
-1474.65 -1322.57
-1341.91 -1322.57
-1389.13 -1322.57
-1378.34 -1322.57
-1394.39 -1322.57
-1443.69 -1322.57
-1380.55 -1322.57
-1411.18 -1322.57
-1469.81 -1322.57
-1430.41 -1322.57
-1521.22 -1322.57
-1370.98 -1322.57
-1482.91 -1322.57
-1432.91 -1322.57
-1389.82 -1322.57
-1450.25 -1322.57
-1343.56 -1322.57
-1364.28 -1322.57
-1439.92 -1322.57
-1434.23 -1322.57
-1388.45 -1322.57
-1421.20 -1322.57
-1469.74 -1322.57
-1399.41 -1322.57
-1536.75 -1322.57
-1416.09 -1322.57
-1484.69 -1322.57
-1603.49 -1322.57
-1479.19 -1322.57
-1530.71 -1322.57
-1412.75 -1322.57
-1383.02 -1322.57
-1317.69 -1317.69
-1449.25 -1317.69
-1334.40 -1317.69
-1466.35 -1317.69
-1444.81 -1317.69
-1385.41 -1317.69
-1309.84 -1309.84
-1418.94 -1309.84
-1368.22 -1309.84
-1340.13 -1309.84
-1348.57 -1309.84
-1482.73 -1309.84
-1315.13 -1309.84
-1363.26 -1309.84
-1486.26 -1309.84
-1387.02 -1309.84
-1384.88 -1309.84
-1510.59 -1309.84
-1561.13 -1309.84
-1339.18 -1309.84
-1390.83 -1309.84
-1433.77 -1309.84
-1465.08 -1309.84
-1344.95 -1309.84
-1340.38 -1309.84
-1435.37 -1309.84
-1398.91 -1309.84
-1442.26 -1309.84
-1344.90 -1309.84
-1294.16 -1294.16
-1408.21 -1294.16
-1395.03 -1294.16
-1360.07 -1294.16
-1350.37 -1294.16
-1559.66 -1294.16
-1314.06 -1294.16
-1409.18 -1294.16
-1396.87 -1294.16
-1360.46 -1294.16
-1422.86 -1294.16
-1410.74 -1294.16
-1442.48 -1294.16
-1317.18 -1294.16
-1328.79 -1294.16
-1381.75 -1294.16
-1557.12 -1294.16
-1444.70 -1294.16
-1372.94 -1294.16
-1480.02 -1294.16
-1329.72 -1294.16
-1353.32 -1294.16
-1426.87 -1294.16
-1409.49 -1294.16
-1371.26 -1294.16
-1453.37 -1294.16
-1418.66 -1294.16
-1327.64 -1294.16
-1396.28 -1294.16
-1395.51 -1294.16
-1327.56 -1294.16
-1392.07 -1294.16
-1459.22 -1294.16
-1443.26 -1294.16
-1396.30 -1294.16
-1291.15 -1291.15
-1430.14 -1291.15
-1294.85 -1291.15
-1363.15 -1291.15
-1375.11 -1291.15
-1325.21 -1291.15
-1460.47 -1291.15
-1329.38 -1291.15
-1398.46 -1291.15
-1341.44 -1291.15
-1340.01 -1291.15
-1551.29 -1291.15
-1304.26 -1291.15
-1417.27 -1291.15
-1414.69 -1291.15
-1570.74 -1291.15
-1367.44 -1291.15
-1373.30 -1291.15
-1481.61 -1291.15
-1316.20 -1291.15
-1432.56 -1291.15
-1477.98 -1291.15
-1525.03 -1291.15
-1382.95 -1291.15
-1433.36 -1291.15
-1344.77 -1291.15
-1204.61 -1204.61
-1408.62 -1204.61
-1385.56 -1204.61
-1341.40 -1204.61
-1361.18 -1204.61
-1388.83 -1204.61
-1371.96 -1204.61
-1584.88 -1204.61
-1409.36 -1204.61
-1413.83 -1204.61
-1361.59 -1204.61
-1406.71 -1204.61
-1343.96 -1204.61
-1338.09 -1204.61
-1372.37 -1204.61
-1445.08 -1204.61
-1412.83 -1204.61
-1401.92 -1204.61
-1442.91 -1204.61
-1430.71 -1204.61
-1555.25 -1204.61
-1414.49 -1204.61
-1214.02 -1204.61
-1476.09 -1204.61
-1508.70 -1204.61
-1466.22 -1204.61
-1366.30 -1204.61
-1373.59 -1204.61
-1710.19 -1204.61
-1735.57 -1204.61
-1646.72 -1646.72
-1642.19 -1642.19
-1668.89 -1642.19
-1653.06 -1642.19
-1683.92 -1642.19
-1717.22 -1642.19
-1654.44 -1642.19
-1678.08 -1642.19
-1707.95 -1642.19
-1662.64 -1642.19
-1656.09 -1642.19
-1683.09 -1642.19
-1696.62 -1642.19
-1667.31 -1642.19
-1660.04 -1642.19
-1638.50 -1638.50
-1643.53 -1638.50
-1634.95 -1634.95
-1650.80 -1634.95
-1653.08 -1634.95
-1629.89 -1629.89
-1695.87 -1629.89
-1635.18 -1629.89
-1634.48 -1629.89
-1702.55 -1629.89
-1622.59 -1622.59
-1628.99 -1622.59
-1620.33 -1620.33
-1677.53 -1620.33
-1666.10 -1620.33
-1653.49 -1620.33
-1678.61 -1620.33
-1638.65 -1620.33
-1617.13 -1617.13
-1637.46 -1617.13
-1666.88 -1617.13
-1628.41 -1617.13
-1595.08 -1595.08
-1646.90 -1595.08
-1683.00 -1595.08
-1610.30 -1595.08
-1679.04 -1595.08
-1589.90 -1589.90
-1712.77 -1589.90
-1594.94 -1589.90
-1653.32 -1589.90
-1691.94 -1589.90
-1618.76 -1589.90
-1636.16 -1589.90
-1680.11 -1589.90
-1683.21 -1589.90
-1639.79 -1589.90
-1636.48 -1589.90
-1649.15 -1589.90
-1596.02 -1589.90
-1620.06 -1589.90
-1667.67 -1589.90
-1598.30 -1589.90
-1587.04 -1587.04
-1597.48 -1587.04
-1619.76 -1587.04
-1654.46 -1587.04
-1607.02 -1587.04
-1623.92 -1587.04
-1700.91 -1587.04
-1623.50 -1587.04
-1604.74 -1587.04
-1650.27 -1587.04
-1630.35 -1587.04
-1643.70 -1587.04
-1688.89 -1587.04
-1601.87 -1587.04
-1600.64 -1587.04
-1649.58 -1587.04
-1681.21 -1587.04
-1592.48 -1587.04
-1612.15 -1587.04
-1648.57 -1587.04
-1607.02 -1587.04
-1733.44 -1587.04
-1703.09 -1587.04
-1619.40 -1587.04
-1575.64 -1575.64
-1615.79 -1575.64
-1609.66 -1575.64
-1628.87 -1575.64
-1641.84 -1575.64
-1601.34 -1575.64
-1628.54 -1575.64
-1593.22 -1575.64
-1590.25 -1575.64
-1550.80 -1550.80
-1619.89 -1550.80
-1617.90 -1550.80
-1583.07 -1550.80
-1558.49 -1550.80
-1632.53 -1550.80
-1589.15 -1550.80
-1587.07 -1550.80
-1565.05 -1550.80
-1567.55 -1550.80
-1606.14 -1550.80
-1593.34 -1550.80
-1557.66 -1550.80
-1604.08 -1550.80
-1629.13 -1550.80
-1571.51 -1550.80
-1611.31 -1550.80
-1573.81 -1550.80
-1609.51 -1550.80
-1617.66 -1550.80
-1620.70 -1550.80
-1592.54 -1550.80
-1603.25 -1550.80
-1646.63 -1550.80
-1558.63 -1550.80
-1542.99 -1542.99
-1562.00 -1542.99
-1575.52 -1542.99
-1581.30 -1542.99
-1640.51 -1542.99
-1584.83 -1542.99
-1574.58 -1542.99
-1572.31 -1542.99
-1552.87 -1542.99
-1562.18 -1542.99
-1643.77 -1542.99
-1549.23 -1542.99
-1537.78 -1537.78
-1548.43 -1537.78
-1545.42 -1537.78
-1578.06 -1537.78
-1599.51 -1537.78
-1613.70 -1537.78
-1546.35 -1537.78
-1540.81 -1537.78
-1596.96 -1537.78
-1562.10 -1537.78
-1643.02 -1537.78
-1571.51 -1537.78
-1508.21 -1508.21
-1580.17 -1508.21
-1569.74 -1508.21
-1551.15 -1508.21
-1547.80 -1508.21
-1589.64 -1508.21
-1480.79 -1480.79
-1547.39 -1480.79
-1582.28 -1480.79
-1615.86 -1480.79
-1541.98 -1480.79
-1591.57 -1480.79
-1563.52 -1480.79
-1484.31 -1480.79
-1556.33 -1480.79
-1601.93 -1480.79
-1662.77 -1480.79
-1499.70 -1480.79
-1503.94 -1480.79
-1565.11 -1480.79
-1586.86 -1480.79
-1564.02 -1480.79
-1564.43 -1480.79
-1585.20 -1480.79
-1601.39 -1480.79
-1579.36 -1480.79
-1591.86 -1480.79
-1617.73 -1480.79
-1585.00 -1480.79
-1554.34 -1480.79
-1590.17 -1480.79
-1598.24 -1480.79
-1645.90 -1480.79
-1543.32 -1480.79
-1528.59 -1480.79
-1537.71 -1480.79
-1520.66 -1480.79
-1508.76 -1480.79
-1565.39 -1480.79
-1628.60 -1480.79
-1546.44 -1480.79
-1594.87 -1480.79
-1635.03 -1480.79
-1527.02 -1480.79
-1599.74 -1480.79
-1552.05 -1480.79
-1560.36 -1480.79
-1552.74 -1480.79
-1549.10 -1480.79
-1566.98 -1480.79
-1582.19 -1480.79
-1535.71 -1480.79
-1647.06 -1480.79
-1567.53 -1480.79
-1571.10 -1480.79
-1542.68 -1480.79
-1584.17 -1480.79
-1576.02 -1480.79
-1564.90 -1480.79
-1590.51 -1480.79
-1585.73 -1480.79
-1564.04 -1480.79
-1588.97 -1480.79
-1596.34 -1480.79
-1660.40 -1480.79
-1545.79 -1480.79
-1538.51 -1480.79
-1576.40 -1480.79
-1554.99 -1480.79
-1570.02 -1480.79
-1560.33 -1480.79
-1603.32 -1480.79
-1541.89 -1480.79
-1563.03 -1480.79
-1548.57 -1480.79
-1544.84 -1480.79
-1622.81 -1480.79
-1506.34 -1480.79
-1556.17 -1480.79
-1605.98 -1480.79
-1610.31 -1480.79
-1550.74 -1480.79
-1547.45 -1480.79
-1595.20 -1480.79
-1546.23 -1480.79
-1580.01 -1480.79
-1581.51 -1480.79
-1611.78 -1480.79
-1625.39 -1480.79
-1542.59 -1480.79
-1657.87 -1480.79
-1529.06 -1480.79
-1540.80 -1480.79
-1523.60 -1480.79
-1614.99 -1480.79
-1516.95 -1480.79
-1563.03 -1480.79
-1632.00 -1480.79
-1576.49 -1480.79
-1554.66 -1480.79
-1564.21 -1480.79
-1620.94 -1480.79
-1520.38 -1480.79
-1611.24 -1480.79
-1521.05 -1480.79
-1644.22 -1480.79
-1644.27 -1480.79
-1565.96 -1480.79
-1575.53 -1480.79
-1620.99 -1480.79
-1514.32 -1480.79
-1542.15 -1480.79
-1504.28 -1480.79
-1585.14 -1480.79
-1533.46 -1480.79
-1590.02 -1480.79
-1586.17 -1480.79
-1555.24 -1480.79
-1572.27 -1480.79
-1562.33 -1480.79
-1675.99 -1480.79
-1635.17 -1480.79
-1595.12 -1480.79
-1595.03 -1480.79
-1559.75 -1480.79
-1594.01 -1480.79
-1594.47 -1480.79
-1645.76 -1480.79
-1569.78 -1480.79
-1618.37 -1480.79
-1653.10 -1480.79
-1560.91 -1480.79
-1574.32 -1480.79
-1591.81 -1480.79
-1674.24 -1480.79
-1613.59 -1480.79
-1556.98 -1480.79
-1618.88 -1480.79
-1547.66 -1480.79
-1563.29 -1480.79
-1615.88 -1480.79
-1564.51 -1480.79
-1619.13 -1480.79
-1644.71 -1480.79
-1645.39 -1480.79
-1650.69 -1480.79
-1544.19 -1480.79
-1571.38 -1480.79
-1597.30 -1480.79
-1619.18 -1480.79
-1522.02 -1480.79
-1618.55 -1480.79
-1518.94 -1480.79
-1560.21 -1480.79
-1521.41 -1480.79
-1646.95 -1480.79
-1539.04 -1480.79
-1624.09 -1480.79
-1559.99 -1480.79
-1575.82 -1480.79
-1608.12 -1480.79
-1553.03 -1480.79
-1597.42 -1480.79
-1544.25 -1480.79
-1599.96 -1480.79
-1504.75 -1480.79
-1525.12 -1480.79
-1573.63 -1480.79
-1659.73 -1480.79
-1605.64 -1480.79
-1557.55 -1480.79
-1546.08 -1480.79
-1556.55 -1480.79
-1644.27 -1480.79
-1515.48 -1480.79
-1667.29 -1480.79
-1582.88 -1480.79
-1552.59 -1480.79
-1620.01 -1480.79
-1548.56 -1480.79
-1573.56 -1480.79
-1576.35 -1480.79
-1552.07 -1480.79
-1583.25 -1480.79
-1661.09 -1480.79
-1623.83 -1480.79
-1572.93 -1480.79
-1655.86 -1480.79
-1583.04 -1480.79
-1624.99 -1480.79
-1622.22 -1480.79
-1588.08 -1480.79
-1560.05 -1480.79
-1598.25 -1480.79
-1560.12 -1480.79
-1576.35 -1480.79
-1596.67 -1480.79
-1631.61 -1480.79
-1632.65 -1480.79
-1596.21 -1480.79
-1569.63 -1480.79
-1614.30 -1480.79
-1576.19 -1480.79
-1560.99 -1480.79
-1497.43 -1480.79
-1597.61 -1480.79
-1527.89 -1480.79
-1536.17 -1480.79
-1679.48 -1480.79
-1537.91 -1480.79
-1530.80 -1480.79
-1586.29 -1480.79
-1531.38 -1480.79
-1589.87 -1480.79
-1565.96 -1480.79
-1547.26 -1480.79
-1547.43 -1480.79
-1539.79 -1480.79
-1610.54 -1480.79
-1586.07 -1480.79
-1567.74 -1480.79
-1633.35 -1480.79
-1539.49 -1480.79
-1632.69 -1480.79
-1520.59 -1480.79
-1597.20 -1480.79
-1601.12 -1480.79
-1546.68 -1480.79
-1623.37 -1480.79
-1438.00 -1438.00
-1581.15 -1438.00
-1535.15 -1438.00
-1457.65 -1438.00
-1530.96 -1438.00
-1448.86 -1438.00
-1526.78 -1438.00
-1433.24 -1433.24
-1483.31 -1433.24
-1593.53 -1433.24
-1456.97 -1433.24
-1531.52 -1433.24
-1553.02 -1433.24
-1613.51 -1433.24
-1520.91 -1433.24
-1460.82 -1433.24
-1392.88 -1392.88
-1476.59 -1392.88
-1440.69 -1392.88
-1503.46 -1392.88
-1424.48 -1392.88
-1460.20 -1392.88
-1439.66 -1392.88
-1464.63 -1392.88
-1376.43 -1376.43
-1553.32 -1376.43
-1432.57 -1376.43
-1469.60 -1376.43
-1505.75 -1376.43
-1504.78 -1376.43
-1459.83 -1376.43
-1506.14 -1376.43
-1457.33 -1376.43
-1444.05 -1376.43
-1408.39 -1376.43
-1364.02 -1364.02
-1405.33 -1364.02
-1452.90 -1364.02
-1365.81 -1365.81
-1377.20 -1365.81
-1500.55 -1365.81
-1277.48 -1277.48
-1399.47 -1277.48
-1437.50 -1277.48
-1505.51 -1277.48
-1630.95 -1630.95
-1657.99 -1630.95
-1661.50 -1630.95
-1641.92 -1630.95
-1628.64 -1628.64
-1673.47 -1628.64
-1677.13 -1628.64
-1661.51 -1628.64
-1641.41 -1628.64
-1661.33 -1628.64
-1707.86 -1628.64
-1679.36 -1628.64
-1673.29 -1628.64
-1643.43 -1628.64
-1635.95 -1628.64
-1642.20 -1628.64
-1650.84 -1628.64
-1700.97 -1628.64
-1644.79 -1628.64
-1661.38 -1628.64
-1670.45 -1628.64
-1645.78 -1628.64
-1650.45 -1628.64
-1645.17 -1628.64
-1656.06 -1628.64
-1656.12 -1628.64
-1698.91 -1628.64
-1615.65 -1615.65
-1656.36 -1615.65
-1619.92 -1615.65
-1707.24 -1615.65
-1619.41 -1615.65
-1611.42 -1611.42
-1638.60 -1611.42
-1628.83 -1611.42
-1653.95 -1611.42
-1641.94 -1611.42
-1709.83 -1611.42
-1636.40 -1611.42
-1634.19 -1611.42
-1648.99 -1611.42
-1621.90 -1611.42
-1653.61 -1611.42
-1645.33 -1611.42
-1667.36 -1611.42
-1645.14 -1611.42
-1713.59 -1611.42
-1619.26 -1611.42
-1646.56 -1611.42
-1684.43 -1611.42
-1646.85 -1611.42
-1640.53 -1611.42
-1600.80 -1600.80
-1618.39 -1600.80
-1672.40 -1600.80
-1656.38 -1600.80
-1613.47 -1600.80
-1664.77 -1600.80
-1626.95 -1600.80
-1645.92 -1600.80
-1717.80 -1600.80
-1661.22 -1600.80
-1655.20 -1600.80
-1647.92 -1600.80
-1643.49 -1600.80
-1696.08 -1600.80
-1625.65 -1600.80
-1661.41 -1600.80
-1667.40 -1600.80
-1610.68 -1600.80
-1651.13 -1600.80
-1671.68 -1600.80
-1620.23 -1600.80
-1641.78 -1600.80
-1654.80 -1600.80
-1670.34 -1600.80
-1666.72 -1600.80
-1646.06 -1600.80
-1628.23 -1600.80
-1645.62 -1600.80
-1627.92 -1600.80
-1638.68 -1600.80
-1675.06 -1600.80
-1709.48 -1600.80
-1656.31 -1600.80
-1671.15 -1600.80
-1721.88 -1600.80
-1656.44 -1600.80
-1675.86 -1600.80
-1655.61 -1600.80
-1633.85 -1600.80
-1658.24 -1600.80
-1638.04 -1600.80
-1693.88 -1600.80
-1623.08 -1600.80
-1615.34 -1600.80
-1613.63 -1600.80
-1634.14 -1600.80
-1670.22 -1600.80
-1644.64 -1600.80
-1626.68 -1600.80
-1674.09 -1600.80
-1637.69 -1600.80
-1619.37 -1600.80
-1664.47 -1600.80
-1644.45 -1600.80
-1629.74 -1600.80
-1656.09 -1600.80
-1641.19 -1600.80
-1632.92 -1600.80
-1693.38 -1600.80
-1646.97 -1600.80
-1676.17 -1600.80
-1698.86 -1600.80
-1702.10 -1600.80
-1605.32 -1600.80
-1637.27 -1600.80
-1666.56 -1600.80
-1655.23 -1600.80
-1618.94 -1600.80
-1674.67 -1600.80
-1597.46 -1597.46
-1615.23 -1597.46
-1677.26 -1597.46
-1602.11 -1597.46
-1610.26 -1597.46
-1663.41 -1597.46
-1628.13 -1597.46
-1638.41 -1597.46
-1654.84 -1597.46
-1673.85 -1597.46
-1681.44 -1597.46
-1650.88 -1597.46
-1674.91 -1597.46
-1614.08 -1597.46
-1686.44 -1597.46
-1694.85 -1597.46
-1670.65 -1597.46
-1619.61 -1597.46
-1599.70 -1597.46
-1619.71 -1597.46
-1618.35 -1597.46
-1631.87 -1597.46
-1663.43 -1597.46
-1618.13 -1597.46
-1641.27 -1597.46
-1593.02 -1593.02
-1592.76 -1592.76
-1674.76 -1592.76
-1669.80 -1592.76
-1669.80 -1592.76
-1591.67 -1591.67
-1679.61 -1591.67
-1643.05 -1591.67
-1630.74 -1591.67
-1650.77 -1591.67
-1610.61 -1591.67
-1656.90 -1591.67
-1597.02 -1591.67
-1625.79 -1591.67
-1637.45 -1591.67
-1592.90 -1591.67
-1624.88 -1591.67
-1601.76 -1591.67
-1601.09 -1591.67
-1627.86 -1591.67
-1616.76 -1591.67
-1593.96 -1591.67
-1594.43 -1591.67
-1611.28 -1591.67
-1614.92 -1591.67
-1597.67 -1591.67
-1584.35 -1584.35
-1610.11 -1584.35
-1575.91 -1575.91
-1572.20 -1572.20
-1674.15 -1572.20
-1644.90 -1572.20
-1592.83 -1572.20
-1587.80 -1572.20
-1622.76 -1572.20
-1611.13 -1572.20
-1649.11 -1572.20
-1618.50 -1572.20
-1612.03 -1572.20
-1576.11 -1572.20
-1579.79 -1572.20
-1582.87 -1572.20
-1569.24 -1569.24
-1618.77 -1569.24
-1569.93 -1569.24
-1552.84 -1552.84
-1602.65 -1552.84
-1571.18 -1552.84
-1523.22 -1523.22
-1612.98 -1523.22
-1529.11 -1523.22
-1556.56 -1523.22
-1550.55 -1523.22
-1645.71 -1523.22
-1529.87 -1523.22
-1635.46 -1523.22
-1497.86 -1497.86
-1640.05 -1497.86
-1503.12 -1497.86
-1536.84 -1497.86
-1594.94 -1497.86
-1595.48 -1497.86
-1489.93 -1489.93
-1518.06 -1489.93
-1508.84 -1489.93
-1549.89 -1489.93
-1597.10 -1489.93
-1552.36 -1489.93
-1538.37 -1489.93
-1516.31 -1489.93
-1584.09 -1489.93
-1564.81 -1489.93
-1600.23 -1489.93
-1541.05 -1489.93
-1502.10 -1489.93
-1546.15 -1489.93
-1611.97 -1489.93
-1508.08 -1489.93
-1541.71 -1489.93
-1627.61 -1489.93
-1611.64 -1489.93
-1587.17 -1489.93
-1582.85 -1489.93
-1592.61 -1489.93
-1539.07 -1489.93
-1545.39 -1489.93
-1609.18 -1489.93
-1518.32 -1489.93
-1546.64 -1489.93
-1547.48 -1489.93
-1510.88 -1489.93
-1552.51 -1489.93
-1551.32 -1489.93
-1561.74 -1489.93
-1499.83 -1489.93
-1564.63 -1489.93
-1629.15 -1489.93
-1552.52 -1489.93
-1540.18 -1489.93
-1641.10 -1489.93
-1493.93 -1489.93
-1541.77 -1489.93
-1509.48 -1489.93
-1593.92 -1489.93
-1536.25 -1489.93
-1468.11 -1468.11
-1513.99 -1468.11
-1518.43 -1468.11
-1438.15 -1438.15
-1486.37 -1438.15
-1456.33 -1438.15
-1454.74 -1438.15
-1511.62 -1438.15
-1499.25 -1438.15
-1518.30 -1438.15
-1598.56 -1438.15
-1572.03 -1438.15
-1530.59 -1438.15
-1477.09 -1438.15
-1507.47 -1438.15
-1564.21 -1438.15
-1597.20 -1438.15
-1505.14 -1438.15
-1521.37 -1438.15
-1513.03 -1438.15
-1478.31 -1438.15
-1552.52 -1438.15
-1495.66 -1438.15
-1544.87 -1438.15
-1510.88 -1438.15
-1481.66 -1438.15
-1501.33 -1438.15
-1535.79 -1438.15
-1435.02 -1435.02
-1570.86 -1435.02
-1381.98 -1381.98
-1454.80 -1381.98
-1484.21 -1381.98
-1427.14 -1381.98
-1377.01 -1377.01
-1432.94 -1377.01
-1522.37 -1377.01
-1290.64 -1290.64
-1412.76 -1290.64
-1429.27 -1290.64
-1410.48 -1290.64
-1368.70 -1290.64
-1405.04 -1290.64
-1428.07 -1290.64
-1475.99 -1290.64
-1411.59 -1290.64
-1361.40 -1290.64
-1355.28 -1290.64
-1348.31 -1290.64
-1389.34 -1290.64
-1359.45 -1290.64
-1360.10 -1290.64
-1359.49 -1290.64
-1398.79 -1290.64
-1393.73 -1290.64
-1486.41 -1290.64
-1414.01 -1290.64
-1426.75 -1290.64
-1500.66 -1290.64
-1297.18 -1290.64
-1387.54 -1290.64
-1501.41 -1290.64
-1385.19 -1290.64
-1422.67 -1290.64
-1463.23 -1290.64
-1425.76 -1290.64
-1387.71 -1290.64
-1620.24 -1290.64
-1438.37 -1290.64
-1372.43 -1290.64
-1293.62 -1290.64
-1439.53 -1290.64
-1437.64 -1290.64
-1420.13 -1290.64
-1453.25 -1290.64
-1373.81 -1290.64
-1372.98 -1290.64
-1436.33 -1290.64
-1521.65 -1290.64
-1479.20 -1290.64
-1567.06 -1290.64
-1399.78 -1290.64
-1394.44 -1290.64
-1386.05 -1290.64
-1426.63 -1290.64
-1420.89 -1290.64
-1375.57 -1290.64
-1415.05 -1290.64
-1473.49 -1290.64
-1422.42 -1290.64
-1479.29 -1290.64
-1454.68 -1290.64
-1313.18 -1290.64
-1376.00 -1290.64
-1419.18 -1290.64
-1323.60 -1290.64
-1401.01 -1290.64
-1455.80 -1290.64
-1420.32 -1290.64
-1525.58 -1290.64
-1403.68 -1290.64
-1328.52 -1290.64
-1355.49 -1290.64
-1439.97 -1290.64
-1336.68 -1290.64
-1409.74 -1290.64
-1451.67 -1290.64
-1369.69 -1290.64
-1463.34 -1290.64
-1434.59 -1290.64
-1345.33 -1290.64
-1278.52 -1278.52
-1324.80 -1278.52
-1356.44 -1278.52
-1369.79 -1278.52
-1523.72 -1278.52
-1530.91 -1278.52
-1321.99 -1278.52
-1460.36 -1278.52
-1454.85 -1278.52
-1337.68 -1278.52
-1373.04 -1278.52
-1422.11 -1278.52
-1394.19 -1278.52
-1340.91 -1278.52
-1405.85 -1278.52
-1332.50 -1278.52
-1342.17 -1278.52
-1405.19 -1278.52
-1367.09 -1278.52
-1256.34 -1256.34
-1367.12 -1256.34
-1240.90 -1240.90
-1443.59 -1240.90
-1295.53 -1240.90
-1333.71 -1240.90
-1317.08 -1240.90
-1407.78 -1240.90
-1357.14 -1240.90
-1289.83 -1240.90
-1357.75 -1240.90
-1446.03 -1240.90
-1373.75 -1240.90
-1422.99 -1240.90
-1408.98 -1240.90
-1403.40 -1240.90
-1396.76 -1240.90
-1456.46 -1240.90
-1416.61 -1240.90
-1464.53 -1240.90
-1466.01 -1240.90
-1461.96 -1240.90
-1302.78 -1240.90
-1434.06 -1240.90
-1341.12 -1240.90
-1310.50 -1240.90
-1457.82 -1240.90
-1396.43 -1240.90
-1317.03 -1240.90
-1408.46 -1240.90
-1416.97 -1240.90
-1476.17 -1240.90
-1385.18 -1240.90
-1331.81 -1240.90
-1313.61 -1240.90
-1660.99 -1660.99
-1681.49 -1660.99
-1642.13 -1642.13
-1658.24 -1642.13
-1652.20 -1642.13
-1658.94 -1642.13
-1677.46 -1642.13
-1697.41 -1642.13
-1664.94 -1642.13
-1644.96 -1642.13
-1611.11 -1611.11
-1676.30 -1611.11
-1683.67 -1611.11
-1657.19 -1611.11
-1629.50 -1611.11
-1625.53 -1611.11
-1628.24 -1611.11
-1632.44 -1611.11
-1629.94 -1611.11
-1652.12 -1611.11
-1675.64 -1611.11
-1636.61 -1611.11
-1693.02 -1611.11
-1634.15 -1611.11
-1666.39 -1611.11
-1640.84 -1611.11
-1657.27 -1611.11
-1665.83 -1611.11
-1592.61 -1592.61
-1611.46 -1592.61
-1633.41 -1592.61
-1644.96 -1592.61
-1653.12 -1592.61
-1621.69 -1592.61
-1627.55 -1592.61
-1612.79 -1592.61
-1679.13 -1592.61
-1616.90 -1592.61
-1656.80 -1592.61
-1590.63 -1590.63
-1646.05 -1590.63
-1628.05 -1590.63
-1643.67 -1590.63
-1587.79 -1587.79
-1579.37 -1579.37
-1582.81 -1579.37
-1690.93 -1579.37
-1697.36 -1579.37
-1612.79 -1579.37
-1573.95 -1573.95
-1607.45 -1573.95
-1541.21 -1541.21
-1555.64 -1541.21
-1617.14 -1541.21
-1604.31 -1541.21
-1589.24 -1541.21
-1581.87 -1541.21
-1556.09 -1541.21
-1594.78 -1541.21
-1497.08 -1497.08
-1491.94 -1491.94
-1504.84 -1491.94
-1564.41 -1491.94
-1454.84 -1454.84
-1499.07 -1454.84
-1532.63 -1454.84
-1548.21 -1454.84
-1511.93 -1454.84
-1448.25 -1448.25
-1648.67 -1448.25
-1538.35 -1448.25
-1536.16 -1448.25
-1454.98 -1448.25
-1478.78 -1448.25
-1585.46 -1448.25
-1535.94 -1448.25
-1488.27 -1448.25
-1613.11 -1448.25
-1545.81 -1448.25
-1561.83 -1448.25
-1436.81 -1436.81
-1528.84 -1436.81
-1440.73 -1436.81
-1494.41 -1436.81
-1582.32 -1436.81
-1493.20 -1436.81
-1390.96 -1390.96
-1511.90 -1390.96
-1519.28 -1390.96
-1511.76 -1390.96
-1467.71 -1390.96
-1497.78 -1390.96
-1530.19 -1390.96
-1549.21 -1390.96
-1433.85 -1390.96
-1529.25 -1390.96
-1504.41 -1390.96
-1488.76 -1390.96
-1592.86 -1390.96
-1451.86 -1390.96
-1417.89 -1390.96
-1503.92 -1390.96
-1538.86 -1390.96
-1493.68 -1390.96
-1443.99 -1390.96
-1450.67 -1390.96
-1456.93 -1390.96
-1538.45 -1390.96
-1406.09 -1390.96
-1438.89 -1390.96
-1507.00 -1390.96
-1459.22 -1390.96
-1487.56 -1390.96
-1544.42 -1390.96
-1530.25 -1390.96
-1456.12 -1390.96
-1552.04 -1390.96
-1497.08 -1390.96
-1515.03 -1390.96
-1490.42 -1390.96
-1508.37 -1390.96
-1504.57 -1390.96
-1470.69 -1390.96
-1467.44 -1390.96
-1497.56 -1390.96
-1516.13 -1390.96
-1549.22 -1390.96
-1456.03 -1390.96
-1533.05 -1390.96
-1424.63 -1390.96
-1486.00 -1390.96
-1563.80 -1390.96
-1487.87 -1390.96
-1423.25 -1390.96
-1471.07 -1390.96
-1430.42 -1390.96
-1462.72 -1390.96
-1463.69 -1390.96
-1413.93 -1390.96
-1587.45 -1390.96
-1568.62 -1390.96
-1515.13 -1390.96
-1520.86 -1390.96
-1528.84 -1390.96
-1510.39 -1390.96
-1482.15 -1390.96
-1522.79 -1390.96
-1470.25 -1390.96
-1503.00 -1390.96
-1530.45 -1390.96
-1490.00 -1390.96
-1484.78 -1390.96
-1486.29 -1390.96
-1416.48 -1390.96
-1407.78 -1390.96
-1526.12 -1390.96
-1469.25 -1390.96
-1400.10 -1390.96
-1493.48 -1390.96
-1501.70 -1390.96
-1440.98 -1390.96
-1480.94 -1390.96
-1481.45 -1390.96
-1456.73 -1390.96
-1427.96 -1390.96
-1526.14 -1390.96
-1476.74 -1390.96
-1540.57 -1390.96
-1552.74 -1390.96
-1523.40 -1390.96
-1538.17 -1390.96
-1478.35 -1390.96
-1498.95 -1390.96
-1511.51 -1390.96
-1549.29 -1390.96
-1497.38 -1390.96
-1488.31 -1390.96
-1481.26 -1390.96
-1526.15 -1390.96
-1468.89 -1390.96
-1522.56 -1390.96
-1483.15 -1390.96
-1402.67 -1390.96
-1547.63 -1390.96
-1384.36 -1384.36
-1495.98 -1384.36
-1404.97 -1384.36
-1465.78 -1384.36
-1534.88 -1384.36
-1392.78 -1384.36
-1431.63 -1384.36
-1458.64 -1384.36
-1551.72 -1384.36
-1460.21 -1384.36
-1440.34 -1384.36
-1625.96 -1384.36
-1394.45 -1384.36
-1491.58 -1384.36
-1473.14 -1384.36
-1313.80 -1313.80
-1348.49 -1313.80
-1489.58 -1313.80
-1386.01 -1313.80
-1362.28 -1313.80
-1387.62 -1313.80
-1439.05 -1313.80
-1334.68 -1313.80
-1350.82 -1313.80
-1320.85 -1313.80
-1459.85 -1313.80
-1330.68 -1313.80
-1294.46 -1294.46
-1438.83 -1294.46
-1230.81 -1230.81
-1350.64 -1230.81
-1420.30 -1230.81
-1325.98 -1230.81
-1367.68 -1230.81
-1390.51 -1230.81
-1407.91 -1230.81
-1331.02 -1230.81
-1297.32 -1230.81
-1338.48 -1230.81
-1459.15 -1230.81
-1410.68 -1230.81
-1359.63 -1230.81
-1389.15 -1230.81
-1397.17 -1230.81
-1413.00 -1230.81
-1346.48 -1230.81
-1398.28 -1230.81
-1377.12 -1230.81
-1464.47 -1230.81
-1302.13 -1230.81
-1255.64 -1230.81
-1441.62 -1230.81
-1432.77 -1230.81
-1417.56 -1230.81
-1372.00 -1230.81
-1307.14 -1230.81
-1592.33 -1230.81
-1386.11 -1230.81
-1384.48 -1230.81
-1399.14 -1230.81
-1357.41 -1230.81
-1380.27 -1230.81
-1476.25 -1230.81
-1396.46 -1230.81
-1266.50 -1230.81
-1557.98 -1230.81
-1322.87 -1230.81
-1403.58 -1230.81
-1457.34 -1230.81
-1313.89 -1230.81
-1269.66 -1230.81
-1331.34 -1230.81
-1415.92 -1230.81
-1364.57 -1230.81
-1443.36 -1230.81
-1312.70 -1230.81
-1352.20 -1230.81
-1431.09 -1230.81
-1340.00 -1230.81
-1457.05 -1230.81
-1210.35 -1210.35
-1427.71 -1210.35
-1337.99 -1210.35
-1381.17 -1210.35
-1282.34 -1210.35
-1375.49 -1210.35
-1407.94 -1210.35
-1375.76 -1210.35
-1376.01 -1210.35
-1266.95 -1210.35
-1398.14 -1210.35
-1340.04 -1210.35
-1460.58 -1210.35
-1310.84 -1210.35
-1362.52 -1210.35
-1295.69 -1210.35
-1373.34 -1210.35
-1262.29 -1210.35
-1379.54 -1210.35
-1322.75 -1210.35
-1397.80 -1210.35
-1382.44 -1210.35
-1357.09 -1210.35
-1523.27 -1210.35
-1334.25 -1210.35
-1439.73 -1210.35
-1246.03 -1210.35
-1313.07 -1210.35
-1423.49 -1210.35
-1501.02 -1210.35
-1475.03 -1210.35
-1331.77 -1210.35
-1304.68 -1210.35
-1541.53 -1210.35
-1386.45 -1210.35
-1371.27 -1210.35
-1469.23 -1210.35
-1453.51 -1210.35
-1354.32 -1210.35
-1284.99 -1210.35
-1302.34 -1210.35
-1344.57 -1210.35
-1384.36 -1210.35
-1335.68 -1210.35
-1327.41 -1210.35
-1466.27 -1210.35
-1439.73 -1210.35
-1414.84 -1210.35
-1339.81 -1210.35
-1356.36 -1210.35
-1372.10 -1210.35
-1276.00 -1210.35
-1446.82 -1210.35
-1301.21 -1210.35
-1406.15 -1210.35
-1373.19 -1210.35
-1384.21 -1210.35
-1376.11 -1210.35
-1299.90 -1210.35
-1322.79 -1210.35
-1418.09 -1210.35
-1461.02 -1210.35
-1372.66 -1210.35
-1566.49 -1210.35
-1354.61 -1210.35
-1419.57 -1210.35
-1354.99 -1210.35
-1325.00 -1210.35
-1426.34 -1210.35
-1367.88 -1210.35
-1560.14 -1210.35
-1398.12 -1210.35
-1490.36 -1210.35
-1264.55 -1210.35
-1388.12 -1210.35
-1371.94 -1210.35
-1444.42 -1210.35
-1450.49 -1210.35
-1309.86 -1210.35
-1359.68 -1210.35
-1324.69 -1210.35
-1429.05 -1210.35
-1417.07 -1210.35
-1430.19 -1210.35
-1395.95 -1210.35
-1466.45 -1210.35
-1474.08 -1210.35
-1387.72 -1210.35
-1438.80 -1210.35
-1362.95 -1210.35
-1378.07 -1210.35
-1324.08 -1210.35
-1371.71 -1210.35
-1411.57 -1210.35
-1380.15 -1210.35
-1398.14 -1210.35
-1385.43 -1210.35
-1394.91 -1210.35
-1373.84 -1210.35
-1384.69 -1210.35
-1506.12 -1210.35
-1304.86 -1210.35
-1346.32 -1210.35
-1463.40 -1210.35
-1421.70 -1210.35
-1365.21 -1210.35
-1380.07 -1210.35
-1349.30 -1210.35
-1353.02 -1210.35
-1417.40 -1210.35
-1431.05 -1210.35
-1367.04 -1210.35
-1315.52 -1210.35
-1344.34 -1210.35
-1467.79 -1210.35
-1294.73 -1210.35
-1288.52 -1210.35
-1427.64 -1210.35
-1380.57 -1210.35
-1551.13 -1210.35
-1339.19 -1210.35
-1299.44 -1210.35
-1441.73 -1210.35
-1380.48 -1210.35
-1415.66 -1210.35
-1305.21 -1210.35
-1485.10 -1210.35
-1356.29 -1210.35
-1354.36 -1210.35
-1547.20 -1210.35
-1444.54 -1210.35
-1326.15 -1210.35
-1372.37 -1210.35
-1500.36 -1210.35
-1333.06 -1210.35
-1446.44 -1210.35
-1369.67 -1210.35
-1398.12 -1210.35
-1340.65 -1210.35
-1384.16 -1210.35
-1348.40 -1210.35
-1322.61 -1210.35
-1380.27 -1210.35
-1285.03 -1210.35
-1446.00 -1210.35
-1474.19 -1210.35
-1325.90 -1210.35
-1377.69 -1210.35
-1290.40 -1210.35
-1473.80 -1210.35
-1368.23 -1210.35
-1439.97 -1210.35
-1682.27 -1210.35
-1691.31 -1210.35
-1658.68 -1658.68
-1665.04 -1658.68
-1624.21 -1624.21
-1624.42 -1624.21
-1717.98 -1624.21
-1658.17 -1624.21
-1656.52 -1624.21
-1716.92 -1624.21
-1706.50 -1624.21
-1719.25 -1624.21
-1690.52 -1624.21
-1644.25 -1624.21
-1668.15 -1624.21
-1696.06 -1624.21
-1688.07 -1624.21
-1719.13 -1624.21
-1664.63 -1624.21
-1639.26 -1624.21
-1651.85 -1624.21
-1606.91 -1606.91
-1612.65 -1606.91
-1658.53 -1606.91
-1652.42 -1606.91
-1663.70 -1606.91
-1680.96 -1606.91
-1660.17 -1606.91
-1601.72 -1601.72
-1634.77 -1601.72
-1679.06 -1601.72
-1610.08 -1601.72
-1656.36 -1601.72
-1670.84 -1601.72
-1639.72 -1601.72
-1710.11 -1601.72
-1632.24 -1601.72
-1621.95 -1601.72
-1633.18 -1601.72
-1651.94 -1601.72
-1593.96 -1593.96
-1644.89 -1593.96
-1630.04 -1593.96
-1623.10 -1593.96
-1597.82 -1593.96
-1632.90 -1593.96
-1623.86 -1593.96
-1658.37 -1593.96
-1678.45 -1593.96
-1630.70 -1593.96
-1627.00 -1593.96
-1622.18 -1593.96
-1630.45 -1593.96
-1640.55 -1593.96
-1642.08 -1593.96
-1624.46 -1593.96
-1642.17 -1593.96
-1621.15 -1593.96
-1606.62 -1593.96
-1596.55 -1593.96
-1611.55 -1593.96
-1599.88 -1593.96
-1618.35 -1593.96
-1625.08 -1593.96
-1672.87 -1593.96
-1689.09 -1593.96
-1586.91 -1586.91
-1649.78 -1586.91
-1618.91 -1586.91
-1636.02 -1586.91
-1638.60 -1586.91
-1687.35 -1586.91
-1600.79 -1586.91
-1640.74 -1586.91
-1660.00 -1586.91
-1607.05 -1586.91
-1633.07 -1586.91
-1622.81 -1586.91
-1639.55 -1586.91
-1599.88 -1586.91
-1605.33 -1586.91
-1606.17 -1586.91
-1634.38 -1586.91
-1625.28 -1586.91
-1603.73 -1586.91
-1633.64 -1586.91
-1671.85 -1586.91
-1659.91 -1586.91
-1605.20 -1586.91
-1566.48 -1566.48
-1650.29 -1566.48
-1647.19 -1566.48
-1586.08 -1566.48
-1592.96 -1566.48
-1624.60 -1566.48
-1575.79 -1566.48
-1647.87 -1566.48
-1616.22 -1566.48
-1627.92 -1566.48
-1668.09 -1566.48
-1573.77 -1566.48
-1576.39 -1566.48
-1604.44 -1566.48
-1614.92 -1566.48
-1591.41 -1566.48
-1607.82 -1566.48
-1568.22 -1566.48
-1652.65 -1566.48
-1578.32 -1566.48
-1633.21 -1566.48
-1606.72 -1566.48
-1619.23 -1566.48
-1692.96 -1566.48
-1643.25 -1566.48
-1595.74 -1566.48
-1592.42 -1566.48
-1565.35 -1565.35
-1627.57 -1565.35
-1614.41 -1565.35
-1554.93 -1554.93
-1509.60 -1509.60
-1611.02 -1509.60
-1598.25 -1509.60
-1595.00 -1509.60
-1603.49 -1509.60
-1630.60 -1509.60
-1567.62 -1509.60
-1556.22 -1509.60
-1606.04 -1509.60
-1562.31 -1509.60
-1571.77 -1509.60
-1517.23 -1509.60
-1683.83 -1509.60
-1572.84 -1509.60
-1594.20 -1509.60
-1560.90 -1509.60
-1586.14 -1509.60
-1541.73 -1509.60
-1595.78 -1509.60
-1648.26 -1509.60
-1622.54 -1509.60
-1586.80 -1509.60
-1562.55 -1509.60
-1556.70 -1509.60
-1657.95 -1509.60
-1549.00 -1509.60
-1622.58 -1509.60
-1574.32 -1509.60
-1586.86 -1509.60
-1532.57 -1509.60
-1602.82 -1509.60
-1568.64 -1509.60
-1548.50 -1509.60
-1629.12 -1509.60
-1586.36 -1509.60
-1584.63 -1509.60
-1601.69 -1509.60
-1626.85 -1509.60
-1612.94 -1509.60
-1538.35 -1509.60
-1586.07 -1509.60
-1529.48 -1509.60
-1646.63 -1509.60
-1608.20 -1509.60
-1591.02 -1509.60
-1547.74 -1509.60
-1639.45 -1509.60
-1628.04 -1509.60
-1583.39 -1509.60
-1564.50 -1509.60
-1526.61 -1509.60
-1586.67 -1509.60
-1619.14 -1509.60
-1569.45 -1509.60
-1528.89 -1509.60
-1585.23 -1509.60
-1620.85 -1509.60
-1609.86 -1509.60
-1544.59 -1509.60
-1554.34 -1509.60
-1620.62 -1509.60
-1580.93 -1509.60
-1604.25 -1509.60
-1596.22 -1509.60
-1556.78 -1509.60
-1603.83 -1509.60
-1552.36 -1509.60
-1567.29 -1509.60
-1536.94 -1509.60
-1562.17 -1509.60
-1582.87 -1509.60
-1591.83 -1509.60
-1625.10 -1509.60
-1537.28 -1509.60
-1573.62 -1509.60
-1577.17 -1509.60
-1593.64 -1509.60
-1593.28 -1509.60
-1574.71 -1509.60
-1556.61 -1509.60
-1608.86 -1509.60
-1565.60 -1509.60
-1606.12 -1509.60
-1587.20 -1509.60
-1588.16 -1509.60
-1684.38 -1509.60
-1539.17 -1509.60
-1616.98 -1509.60
-1561.89 -1509.60
-1624.85 -1509.60
-1595.28 -1509.60
-1532.09 -1509.60
-1559.69 -1509.60
-1611.35 -1509.60
-1618.33 -1509.60
-1571.41 -1509.60
-1618.74 -1509.60
-1555.00 -1509.60
-1555.18 -1509.60
-1641.24 -1509.60
-1582.74 -1509.60
-1530.17 -1509.60
-1675.36 -1509.60
-1643.19 -1509.60
-1581.75 -1509.60
-1562.39 -1509.60
-1606.24 -1509.60
-1539.15 -1509.60
-1531.81 -1509.60
-1531.56 -1509.60
-1547.06 -1509.60
-1575.07 -1509.60
-1554.03 -1509.60
-1564.93 -1509.60
-1587.48 -1509.60
-1583.99 -1509.60
-1565.41 -1509.60
-1594.28 -1509.60
-1550.91 -1509.60
-1640.89 -1509.60
-1634.35 -1509.60
-1567.73 -1509.60
-1641.22 -1509.60
-1533.70 -1509.60
-1551.81 -1509.60
-1595.80 -1509.60
-1553.45 -1509.60
-1557.55 -1509.60
-1591.82 -1509.60
-1661.38 -1509.60
-1640.66 -1509.60
-1572.22 -1509.60
-1598.76 -1509.60
-1573.80 -1509.60
-1604.29 -1509.60
-1574.80 -1509.60
-1560.30 -1509.60
-1666.95 -1509.60
-1648.15 -1509.60
-1613.74 -1509.60
-1531.85 -1509.60
-1561.13 -1509.60
-1571.14 -1509.60
-1572.07 -1509.60
-1572.31 -1509.60
-1604.64 -1509.60
-1559.40 -1509.60
-1586.91 -1509.60
-1665.23 -1509.60
-1673.35 -1509.60
-1621.76 -1509.60
-1560.96 -1509.60
-1587.98 -1509.60
-1605.15 -1509.60
-1621.22 -1509.60
-1592.28 -1509.60
-1575.66 -1509.60
-1567.55 -1509.60
-1611.28 -1509.60
-1618.00 -1509.60
-1590.25 -1509.60
-1515.74 -1509.60
-1538.95 -1509.60
-1601.73 -1509.60
-1562.31 -1509.60
-1578.00 -1509.60
-1606.60 -1509.60
-1586.41 -1509.60
-1564.33 -1509.60
-1585.28 -1509.60
-1568.05 -1509.60
-1588.15 -1509.60
-1574.11 -1509.60
-1556.19 -1509.60
-1562.39 -1509.60
-1670.29 -1509.60
-1617.08 -1509.60
-1641.95 -1509.60
-1564.64 -1509.60
-1538.23 -1509.60
-1562.94 -1509.60
-1571.04 -1509.60
-1584.56 -1509.60
-1545.14 -1509.60
-1571.83 -1509.60
-1620.04 -1509.60
-1606.80 -1509.60
-1572.20 -1509.60
-1545.87 -1509.60
-1566.99 -1509.60
-1560.25 -1509.60
-1562.00 -1509.60
-1556.23 -1509.60
-1630.65 -1509.60
-1605.47 -1509.60
-1649.09 -1509.60
-1536.54 -1509.60
-1562.94 -1509.60
-1542.42 -1509.60
-1592.09 -1509.60
-1560.42 -1509.60
-1617.01 -1509.60
-1613.18 -1509.60
-1599.72 -1509.60
-1625.37 -1509.60
-1585.66 -1509.60
-1590.56 -1509.60
-1610.01 -1509.60
-1552.32 -1509.60
-1640.77 -1509.60
-1602.47 -1509.60
-1664.21 -1509.60
-1585.27 -1509.60
-1556.98 -1509.60
-1557.95 -1509.60
-1677.48 -1509.60
-1578.37 -1509.60
-1657.63 -1509.60
-1563.63 -1509.60
-1562.41 -1509.60
-1613.28 -1509.60
-1560.16 -1509.60
-1569.07 -1509.60
-1511.99 -1509.60
-1594.89 -1509.60
-1608.03 -1509.60
-1561.76 -1509.60
-1518.84 -1509.60
-1662.60 -1509.60
-1644.84 -1509.60
-1622.94 -1509.60
-1553.62 -1509.60
-1572.90 -1509.60
-1566.94 -1509.60
-1640.58 -1509.60
-1581.26 -1509.60
-1677.89 -1509.60
-1564.75 -1509.60
-1629.47 -1509.60
-1656.02 -1509.60
-1681.78 -1509.60
-1613.12 -1509.60
-1589.86 -1509.60
-1590.22 -1509.60
-1628.72 -1509.60
-1577.65 -1509.60
-1563.58 -1509.60
-1588.20 -1509.60
-1561.34 -1509.60
-1635.77 -1509.60
-1609.17 -1509.60
-1605.62 -1509.60
-1573.43 -1509.60
-1603.82 -1509.60
-1573.12 -1509.60
-1559.94 -1509.60
-1571.59 -1509.60
-1578.33 -1509.60
-1583.92 -1509.60
-1606.76 -1509.60
-1590.94 -1509.60
-1566.41 -1509.60
-1558.93 -1509.60
-1569.86 -1509.60
-1563.80 -1509.60
-1673.44 -1509.60
-1557.98 -1509.60
-1563.39 -1509.60
-1553.87 -1509.60
-1643.76 -1509.60
-1571.52 -1509.60
-1584.11 -1509.60
-1615.67 -1509.60
-1654.54 -1509.60
-1628.19 -1509.60
-1587.27 -1509.60
-1572.18 -1509.60
-1578.02 -1509.60
-1565.35 -1509.60
-1566.18 -1509.60
-1574.87 -1509.60
-1569.33 -1509.60
-1652.45 -1509.60
-1554.00 -1509.60
-1590.42 -1509.60
-1607.84 -1509.60
-1575.65 -1509.60
-1545.23 -1509.60
-1576.44 -1509.60
-1639.96 -1509.60
-1554.11 -1509.60
-1606.89 -1509.60
-1608.86 -1509.60
-1572.53 -1509.60
-1584.84 -1509.60
-1656.05 -1509.60
-1680.89 -1509.60
-1686.42 -1509.60
-1619.85 -1619.85
-1667.80 -1619.85
-1669.55 -1619.85
-1660.71 -1619.85
-1668.40 -1619.85
-1677.78 -1619.85
-1667.18 -1619.85
-1647.59 -1619.85
-1650.44 -1619.85
-1674.09 -1619.85
-1643.34 -1619.85
-1660.03 -1619.85
-1651.01 -1619.85
-1641.22 -1619.85
-1664.27 -1619.85
-1705.54 -1619.85
-1632.44 -1619.85
-1671.44 -1619.85
-1639.96 -1619.85
-1665.08 -1619.85
-1636.09 -1619.85
-1649.68 -1619.85
-1684.34 -1619.85
-1671.22 -1619.85
-1627.91 -1619.85
-1650.64 -1619.85
-1645.23 -1619.85
-1640.84 -1619.85
-1641.08 -1619.85
-1641.58 -1619.85
-1727.41 -1619.85
-1666.79 -1619.85
-1647.56 -1619.85
-1659.60 -1619.85
-1664.78 -1619.85
-1650.41 -1619.85
-1676.51 -1619.85
-1693.38 -1619.85
-1673.87 -1619.85
-1666.48 -1619.85
-1704.94 -1619.85
-1636.36 -1619.85
-1640.49 -1619.85
-1694.71 -1619.85
-1695.40 -1619.85
-1723.13 -1619.85
-1625.85 -1619.85
-1651.17 -1619.85
-1678.72 -1619.85
-1707.22 -1619.85
-1662.72 -1619.85
-1666.57 -1619.85
-1631.21 -1619.85
-1685.05 -1619.85
-1683.54 -1619.85
-1680.35 -1619.85
-1693.28 -1619.85
-1664.01 -1619.85
-1674.12 -1619.85
-1661.64 -1619.85
-1731.72 -1619.85
-1674.64 -1619.85
-1737.61 -1619.85
-1643.06 -1619.85
-1645.77 -1619.85
-1644.39 -1619.85
-1683.16 -1619.85
-1625.93 -1619.85
-1626.77 -1619.85
-1632.89 -1619.85
-1647.53 -1619.85
-1714.00 -1619.85
-1655.78 -1619.85
-1667.35 -1619.85
-1680.93 -1619.85
-1671.29 -1619.85
-1677.44 -1619.85
-1636.25 -1619.85
-1662.94 -1619.85
-1628.88 -1619.85
-1663.90 -1619.85
-1654.25 -1619.85
-1668.48 -1619.85
-1646.20 -1619.85
-1647.69 -1619.85
-1725.71 -1619.85
-1646.35 -1619.85
-1655.01 -1619.85
-1692.18 -1619.85
-1643.46 -1619.85
-1702.61 -1619.85
-1682.53 -1619.85
-1684.91 -1619.85
-1699.56 -1619.85
-1672.64 -1619.85
-1638.11 -1619.85
-1626.32 -1619.85
-1667.09 -1619.85
-1604.95 -1604.95
-1655.66 -1604.95
-1621.80 -1604.95
-1633.63 -1604.95
-1675.32 -1604.95
-1620.31 -1604.95
-1640.05 -1604.95
-1650.59 -1604.95
-1691.52 -1604.95
-1641.39 -1604.95
-1638.56 -1604.95
-1650.78 -1604.95
-1636.61 -1604.95
-1612.32 -1604.95
-1733.13 -1604.95
-1629.92 -1604.95
-1650.98 -1604.95
-1627.64 -1604.95
-1627.66 -1604.95
-1684.55 -1604.95
-1689.40 -1604.95
-1623.98 -1604.95
-1638.91 -1604.95
-1611.28 -1604.95
-1621.47 -1604.95
-1630.46 -1604.95
-1669.03 -1604.95
-1657.94 -1604.95
-1651.59 -1604.95
-1640.17 -1604.95
-1629.89 -1604.95
-1659.29 -1604.95
-1621.80 -1604.95
-1602.76 -1602.76
-1703.36 -1602.76
-1602.31 -1602.31
-1603.55 -1602.31
-1674.80 -1602.31
-1649.38 -1602.31
-1600.24 -1600.24
-1638.50 -1600.24
-1675.57 -1600.24
-1668.19 -1600.24
-1669.38 -1600.24
-1612.34 -1600.24
-1616.75 -1600.24
-1632.38 -1600.24
-1620.20 -1600.24
-1604.28 -1600.24
-1720.37 -1600.24
-1602.50 -1600.24
-1609.20 -1600.24
-1631.45 -1600.24
-1608.97 -1600.24
-1642.46 -1600.24
-1663.47 -1600.24
-1648.07 -1600.24
-1634.69 -1600.24
-1615.12 -1600.24
-1702.92 -1600.24
-1703.43 -1600.24
-1610.89 -1600.24
-1604.25 -1600.24
-1603.14 -1600.24
-1712.49 -1600.24
-1652.58 -1600.24
-1592.28 -1592.28
-1584.08 -1584.08
-1624.34 -1584.08
-1609.57 -1584.08
-1626.22 -1584.08
-1574.62 -1574.62
-1621.21 -1574.62
-1588.94 -1574.62
-1599.07 -1574.62
-1641.59 -1574.62
-1569.08 -1569.08
-1711.54 -1569.08
-1686.06 -1569.08
-1587.77 -1569.08
-1595.97 -1569.08
-1647.88 -1569.08
-1651.46 -1569.08
-1605.37 -1569.08
-1591.02 -1569.08
-1647.57 -1569.08
-1636.57 -1569.08
-1585.97 -1569.08
-1612.56 -1569.08
-1622.00 -1569.08
-1595.46 -1569.08
-1623.04 -1569.08
-1608.44 -1569.08
-1551.47 -1551.47
-1643.45 -1551.47
-1623.62 -1551.47
-1649.98 -1551.47
-1628.79 -1551.47
-1638.23 -1551.47
-1594.75 -1551.47
-1641.94 -1551.47
-1536.38 -1536.38
-1622.60 -1536.38
-1596.51 -1536.38
-1668.72 -1536.38
-1549.59 -1536.38
-1631.07 -1536.38
-1651.75 -1536.38
-1584.15 -1536.38
-1583.71 -1536.38
-1680.63 -1536.38
-1632.83 -1536.38
-1604.14 -1536.38
-1604.70 -1536.38
-1633.53 -1536.38
-1539.49 -1536.38
-1600.25 -1536.38
-1587.00 -1536.38
-1622.42 -1536.38
-1533.25 -1533.25
-1546.61 -1533.25
-1574.37 -1533.25
-1640.26 -1533.25
-1589.49 -1533.25
-1609.25 -1533.25
-1548.69 -1533.25
-1659.23 -1533.25
-1640.88 -1533.25
-1604.06 -1533.25
-1566.50 -1533.25
-1600.90 -1533.25
-1564.89 -1533.25
-1639.74 -1533.25
-1631.23 -1533.25
-1563.96 -1533.25
-1618.37 -1533.25
-1620.06 -1533.25
-1553.19 -1533.25
-1605.44 -1533.25
-1667.67 -1533.25
-1610.60 -1533.25
-1590.33 -1533.25
-1710.37 -1533.25
-1599.13 -1533.25
-1607.17 -1533.25
-1597.55 -1533.25
-1583.12 -1533.25
-1552.39 -1533.25
-1619.64 -1533.25
-1636.02 -1533.25
-1652.14 -1533.25
-1596.62 -1533.25
-1540.10 -1533.25
-1606.30 -1533.25
-1575.04 -1533.25
-1597.60 -1533.25
-1592.99 -1533.25
-1597.15 -1533.25
-1591.65 -1533.25
-1639.92 -1533.25
-1626.75 -1533.25
-1556.00 -1533.25
-1579.95 -1533.25
-1611.45 -1533.25
-1613.34 -1533.25
-1597.70 -1533.25
-1568.93 -1533.25
-1621.84 -1533.25
-1600.70 -1533.25
-1665.04 -1533.25
-1625.34 -1533.25
-1595.73 -1533.25
-1609.06 -1533.25
-1596.98 -1533.25
-1598.93 -1533.25
-1614.73 -1533.25
-1581.37 -1533.25
-1608.73 -1533.25
-1681.64 -1533.25
-1588.59 -1533.25
-1567.21 -1533.25
-1623.17 -1533.25
-1609.74 -1533.25
-1637.74 -1533.25
-1682.73 -1533.25
-1571.30 -1533.25
-1538.28 -1533.25
-1606.20 -1533.25
-1605.39 -1533.25
-1598.71 -1533.25
-1581.20 -1533.25
-1594.56 -1533.25
-1594.89 -1533.25
-1626.77 -1533.25
-1607.49 -1533.25
-1651.35 -1533.25
-1543.97 -1533.25
-1603.31 -1533.25
-1596.93 -1533.25
-1579.34 -1533.25
-1623.21 -1533.25
-1586.35 -1533.25
-1614.96 -1533.25
-1623.00 -1533.25
-1605.26 -1533.25
-1560.83 -1533.25
-1626.55 -1533.25
-1614.89 -1533.25
-1589.11 -1533.25
-1641.50 -1533.25
-1586.13 -1533.25
-1606.13 -1533.25
-1599.86 -1533.25
-1591.81 -1533.25
-1559.69 -1533.25
-1647.46 -1533.25
-1667.96 -1533.25
-1571.81 -1533.25
-1565.65 -1533.25
-1583.02 -1533.25
-1571.46 -1533.25
-1552.31 -1533.25
-1628.17 -1533.25
-1692.59 -1533.25
-1563.08 -1533.25
-1662.18 -1533.25
-1578.90 -1533.25
-1588.61 -1533.25
-1660.57 -1533.25
-1597.17 -1533.25
-1669.90 -1533.25
-1732.95 -1533.25
-1627.36 -1533.25
-1640.04 -1533.25
-1616.90 -1533.25
-1611.39 -1533.25
-1601.50 -1533.25
-1538.35 -1533.25
-1605.20 -1533.25
-1630.49 -1533.25
-1614.09 -1533.25
-1530.11 -1530.11
-1619.16 -1530.11
-1521.16 -1521.16
-1608.40 -1521.16
-1617.53 -1521.16
-1527.75 -1521.16
-1630.23 -1521.16
-1631.84 -1521.16
-1601.93 -1521.16
-1626.92 -1521.16
-1552.91 -1521.16
-1570.95 -1521.16
-1610.89 -1521.16
-1576.30 -1521.16
-1498.12 -1498.12
-1588.68 -1498.12
-1508.13 -1498.12
-1677.84 -1498.12
-1566.30 -1498.12
-1632.05 -1498.12
-1522.28 -1498.12
-1591.21 -1498.12
-1615.00 -1498.12
-1553.00 -1498.12
-1552.75 -1498.12
-1586.44 -1498.12
-1523.79 -1498.12
-1556.33 -1498.12
-1550.27 -1498.12
-1555.36 -1498.12
-1536.17 -1498.12
-1601.68 -1498.12
-1610.27 -1498.12
-1602.36 -1498.12
-1580.21 -1498.12
-1524.85 -1498.12
-1596.99 -1498.12
-1557.22 -1498.12
-1538.98 -1498.12
-1653.04 -1498.12
-1627.61 -1498.12
-1576.25 -1498.12
-1572.62 -1498.12
-1579.55 -1498.12
-1616.97 -1498.12
-1471.52 -1471.52
-1561.87 -1471.52
-1575.27 -1471.52
-1561.16 -1471.52
-1491.52 -1471.52
-1532.45 -1471.52
-1567.24 -1471.52
-1496.21 -1471.52
-1499.90 -1471.52
-1525.25 -1471.52
-1474.06 -1471.52
-1549.20 -1471.52
-1550.45 -1471.52
-1476.48 -1471.52
-1549.38 -1471.52
-1572.28 -1471.52
-1545.27 -1471.52
-1467.84 -1467.84
-1539.82 -1467.84
-1432.65 -1432.65
-1490.12 -1432.65
-1529.64 -1432.65
-1477.49 -1432.65
-1500.89 -1432.65
-1427.85 -1427.85
-1462.50 -1427.85
-1616.38 -1427.85
-1438.64 -1427.85
-1595.18 -1427.85
-1467.26 -1427.85
-1625.61 -1625.61
-1648.28 -1625.61
-1660.54 -1625.61
-1609.28 -1609.28
-1622.95 -1609.28
-1633.91 -1609.28
-1626.57 -1609.28
-1626.48 -1609.28
-1607.83 -1607.83
-1643.25 -1607.83
-1635.25 -1607.83
-1628.43 -1607.83
-1701.70 -1607.83
-1685.44 -1607.83
-1645.42 -1607.83
-1646.52 -1607.83
-1655.26 -1607.83
-1643.01 -1607.83
-1645.32 -1607.83
-1659.99 -1607.83
-1646.20 -1607.83
-1675.29 -1607.83
-1661.26 -1607.83
-1679.04 -1607.83
-1634.14 -1607.83
-1655.60 -1607.83
-1651.93 -1607.83
-1610.19 -1610.19
-1698.10 -1610.19
-1600.54 -1600.54
-1677.13 -1600.54
-1643.32 -1600.54
-1676.91 -1600.54
-1615.92 -1600.54
-1598.46 -1598.46
-1610.12 -1598.46
-1614.60 -1598.46
-1648.92 -1598.46
-1647.40 -1598.46
-1567.98 -1567.98
-1579.88 -1567.98
-1642.19 -1567.98
-1694.17 -1567.98
-1629.93 -1567.98
-1636.35 -1567.98
-1611.26 -1567.98
-1619.90 -1567.98
-1626.18 -1567.98
-1618.65 -1567.98
-1630.49 -1567.98
-1620.90 -1567.98
-1558.63 -1558.63
-1608.79 -1558.63
-1655.13 -1558.63
-1623.46 -1558.63
-1595.71 -1558.63
-1629.22 -1558.63
-1666.93 -1558.63
-1561.96 -1558.63
-1578.44 -1558.63
-1604.64 -1558.63
-1619.65 -1558.63
-1599.78 -1558.63
-1597.86 -1558.63
-1583.15 -1558.63
-1619.68 -1558.63
-1617.66 -1558.63
-1634.99 -1558.63
-1716.64 -1558.63
-1629.50 -1558.63
-1633.53 -1558.63
-1660.15 -1558.63
-1525.76 -1525.76
-1628.80 -1525.76
-1618.02 -1525.76
-1582.33 -1525.76
-1626.78 -1525.76
-1628.05 -1525.76
-1527.32 -1525.76
-1589.64 -1525.76
-1551.97 -1525.76
-1563.00 -1525.76
-1625.83 -1525.76
-1536.34 -1525.76
-1566.80 -1525.76
-1614.09 -1525.76
-1577.15 -1525.76
-1564.68 -1525.76
-1636.25 -1525.76
-1565.28 -1525.76
-1551.96 -1525.76
-1579.85 -1525.76
-1621.38 -1525.76
-1623.89 -1525.76
-1602.13 -1525.76
-1569.67 -1525.76
-1604.01 -1525.76
-1536.54 -1525.76
-1546.57 -1525.76
-1559.52 -1525.76
-1620.65 -1525.76
-1583.79 -1525.76
-1555.65 -1525.76
-1521.79 -1521.79
-1518.78 -1518.78
-1583.25 -1518.78
-1539.15 -1518.78
-1522.06 -1518.78
-1478.08 -1478.08
-1498.95 -1478.08
-1435.06 -1435.06
-1622.62 -1435.06
-1536.91 -1435.06
-1554.39 -1435.06
-1635.27 -1435.06
-1475.93 -1435.06
-1553.06 -1435.06
-1497.64 -1435.06
-1567.57 -1435.06
-1501.10 -1435.06
-1517.46 -1435.06
-1592.21 -1435.06
-1519.30 -1435.06
-1530.28 -1435.06
-1564.44 -1435.06
-1587.35 -1435.06
-1457.27 -1435.06
-1483.43 -1435.06
-1594.45 -1435.06
-1480.70 -1435.06
-1546.09 -1435.06
-1546.16 -1435.06
-1575.96 -1435.06
-1493.12 -1435.06
-1471.39 -1435.06
-1532.96 -1435.06
-1511.77 -1435.06
-1506.20 -1435.06
-1512.30 -1435.06
-1508.50 -1435.06
-1569.44 -1435.06
-1528.23 -1435.06
-1564.45 -1435.06
-1472.67 -1435.06
-1530.10 -1435.06
-1525.90 -1435.06
-1437.99 -1435.06
-1503.61 -1435.06
-1517.70 -1435.06
-1526.19 -1435.06
-1575.84 -1435.06
-1465.89 -1435.06
-1560.02 -1435.06
-1505.09 -1435.06
-1525.48 -1435.06
-1475.79 -1435.06
-1498.79 -1435.06
-1535.48 -1435.06
-1504.82 -1435.06
-1436.48 -1435.06
-1550.56 -1435.06
-1496.48 -1435.06
-1599.85 -1435.06
-1533.39 -1435.06
-1518.59 -1435.06
-1519.16 -1435.06
-1521.82 -1435.06
-1483.08 -1435.06
-1542.04 -1435.06
-1490.86 -1435.06
-1623.46 -1435.06
-1535.01 -1435.06
-1485.61 -1435.06
-1595.79 -1435.06
-1468.45 -1435.06
-1655.59 -1435.06
-1565.51 -1435.06
-1495.26 -1435.06
-1498.20 -1435.06
-1512.33 -1435.06
-1485.93 -1435.06
-1488.99 -1435.06
-1495.24 -1435.06
-1567.39 -1435.06
-1578.57 -1435.06
-1613.20 -1435.06
-1510.72 -1435.06
-1626.31 -1435.06
-1490.32 -1435.06
-1537.64 -1435.06
-1460.17 -1435.06
-1561.94 -1435.06
-1507.77 -1435.06
-1546.84 -1435.06
-1486.60 -1435.06
-1481.80 -1435.06
-1585.13 -1435.06
-1558.18 -1435.06
-1500.43 -1435.06
-1505.35 -1435.06
-1645.47 -1435.06
-1541.82 -1435.06
-1564.57 -1435.06
-1643.09 -1435.06
-1514.35 -1435.06
-1510.08 -1435.06
-1548.55 -1435.06
-1477.71 -1435.06
-1561.50 -1435.06
-1493.66 -1435.06
-1409.18 -1409.18
-1385.30 -1385.30
-1424.54 -1385.30
-1505.20 -1385.30
-1448.67 -1385.30
-1412.83 -1385.30
-1315.90 -1315.90
-1347.23 -1315.90
-1359.63 -1315.90
-1503.10 -1315.90
-1318.43 -1315.90
-1329.43 -1315.90
-1430.33 -1315.90
-1391.45 -1315.90
-1423.27 -1315.90
-1539.37 -1315.90
-1406.85 -1315.90
-1397.15 -1315.90
-1403.33 -1315.90
-1483.38 -1315.90
-1365.62 -1315.90
-1414.60 -1315.90
-1596.58 -1315.90
-1454.67 -1315.90
-1542.07 -1315.90
-1430.45 -1315.90
-1404.64 -1315.90
-1435.27 -1315.90
-1431.94 -1315.90
-1434.66 -1315.90
-1380.87 -1315.90
-1303.47 -1303.47
-1429.16 -1303.47
-1368.41 -1303.47
-1360.80 -1303.47
-1383.57 -1303.47
-1416.53 -1303.47
-1439.01 -1303.47
-1365.17 -1303.47
-1430.51 -1303.47
-1394.33 -1303.47
-1390.78 -1303.47
-1355.23 -1303.47
-1336.33 -1303.47
-1531.93 -1303.47
-1502.65 -1303.47
-1426.79 -1303.47
-1315.34 -1303.47
-1392.54 -1303.47
-1408.28 -1303.47
-1470.87 -1303.47
-1421.34 -1303.47
-1380.20 -1303.47
-1582.63 -1303.47
-1377.45 -1303.47
-1285.81 -1285.81
-1418.57 -1285.81
-1408.55 -1285.81
-1414.94 -1285.81
-1307.34 -1285.81
-1454.02 -1285.81
-1304.32 -1285.81
-1465.68 -1285.81
-1274.21 -1274.21
-1414.83 -1274.21
-1510.01 -1274.21
-1276.45 -1274.21
-1363.16 -1274.21
-1435.73 -1274.21
-1254.95 -1254.95
-1423.60 -1254.95
-1309.61 -1254.95
-1331.75 -1254.95
-1340.92 -1254.95
-1358.22 -1254.95
-1350.63 -1254.95
-1404.49 -1254.95
-1415.43 -1254.95
-1369.19 -1254.95
-1483.04 -1254.95
-1394.66 -1254.95
-1321.60 -1254.95
-1300.17 -1254.95
-1397.36 -1254.95
-1217.03 -1217.03
-1437.27 -1217.03
-1416.90 -1217.03
-1417.43 -1217.03
-1397.45 -1217.03
-1370.05 -1217.03
-1339.94 -1217.03
-1434.55 -1217.03
-1501.80 -1217.03
-1441.75 -1217.03
-1253.54 -1217.03
-1437.15 -1217.03
-1388.83 -1217.03
-1367.85 -1217.03
-1393.80 -1217.03
-1480.30 -1217.03
-1389.96 -1217.03
-1340.75 -1217.03
-1250.87 -1217.03
-1344.69 -1217.03
-1403.39 -1217.03
-1362.89 -1217.03
-1398.86 -1217.03
-1546.01 -1217.03
-1355.67 -1217.03
-1294.83 -1217.03
-1355.61 -1217.03
-1356.82 -1217.03
-1426.18 -1217.03
-1339.61 -1217.03
-1331.01 -1217.03
-1411.14 -1217.03
-1376.50 -1217.03
-1371.66 -1217.03
-1534.11 -1217.03
-1434.25 -1217.03
-1352.87 -1217.03
-1357.10 -1217.03
-1349.99 -1217.03
-1384.98 -1217.03
-1319.03 -1217.03
-1332.74 -1217.03
-1425.89 -1217.03
-1416.13 -1217.03
-1334.93 -1217.03
-1467.65 -1217.03
-1359.16 -1217.03
-1497.60 -1217.03
-1439.40 -1217.03
-1410.18 -1217.03
-1450.01 -1217.03
-1274.37 -1217.03
-1380.55 -1217.03
-1263.71 -1217.03
-1415.60 -1217.03
-1429.93 -1217.03
-1439.02 -1217.03
-1358.62 -1217.03
-1438.63 -1217.03
-1412.73 -1217.03
-1429.13 -1217.03
-1328.23 -1217.03
-1284.94 -1217.03
-1394.01 -1217.03
-1310.14 -1217.03
-1527.45 -1217.03
-1297.42 -1217.03
-1330.59 -1217.03
-1417.14 -1217.03
-1272.94 -1217.03
-1371.29 -1217.03
-1425.12 -1217.03
-1366.37 -1217.03
-1379.65 -1217.03
-1500.59 -1217.03
-1376.83 -1217.03
-1310.43 -1217.03
-1350.30 -1217.03
-1344.02 -1217.03
-1460.51 -1217.03
-1417.36 -1217.03
-1392.78 -1217.03
-1416.79 -1217.03
-1437.95 -1217.03
-1287.14 -1217.03
-1438.91 -1217.03
-1456.10 -1217.03
-1409.81 -1217.03
-1330.81 -1217.03
-1323.50 -1217.03
-1418.90 -1217.03
-1381.99 -1217.03
-1359.20 -1217.03
-1378.67 -1217.03
-1611.35 -1217.03
-1446.64 -1217.03
-1426.76 -1217.03
-1380.87 -1217.03
-1402.96 -1217.03
-1431.88 -1217.03
-1367.76 -1217.03
-1345.77 -1217.03
-1389.56 -1217.03
-1361.09 -1217.03
-1441.56 -1217.03
-1402.00 -1217.03
-1488.36 -1217.03
-1397.53 -1217.03
-1428.32 -1217.03
-1410.93 -1217.03
-1425.23 -1217.03
-1287.45 -1217.03
-1395.83 -1217.03
-1373.35 -1217.03
-1501.81 -1217.03
-1355.26 -1217.03
-1436.93 -1217.03
-1381.92 -1217.03
-1306.65 -1217.03
-1319.61 -1217.03
-1296.09 -1217.03
-1309.71 -1217.03
-1732.40 -1217.03
-1681.29 -1217.03
-1653.89 -1653.89
-1669.74 -1653.89
-1609.45 -1609.45
-1603.87 -1603.87
-1640.32 -1603.87
-1597.95 -1597.95
-1615.07 -1597.95
-1668.80 -1597.95
-1622.56 -1597.95
-1626.37 -1597.95
-1709.21 -1597.95
-1605.48 -1597.95
-1644.04 -1597.95
-1677.28 -1597.95
-1594.70 -1594.70
-1631.70 -1594.70
-1653.40 -1594.70
-1624.11 -1594.70
-1596.64 -1594.70
-1648.87 -1594.70
-1648.62 -1594.70
-1683.81 -1594.70
-1626.77 -1594.70
-1622.72 -1594.70
-1649.42 -1594.70
-1552.68 -1552.68
-1619.84 -1552.68
-1590.13 -1552.68
-1635.20 -1552.68
-1558.47 -1552.68
-1635.52 -1552.68
-1628.72 -1552.68
-1643.85 -1552.68
-1656.74 -1552.68
-1617.43 -1552.68
-1629.71 -1552.68
-1628.41 -1552.68
-1568.27 -1552.68
-1580.61 -1552.68
-1584.19 -1552.68
-1655.48 -1552.68
-1599.87 -1552.68
-1635.72 -1552.68
-1615.99 -1552.68
-1610.59 -1552.68
-1644.33 -1552.68
-1613.17 -1552.68
-1562.51 -1552.68
-1647.10 -1552.68
-1567.17 -1552.68
-1578.59 -1552.68
-1605.26 -1552.68
-1629.94 -1552.68
-1650.21 -1552.68
-1594.57 -1552.68
-1568.74 -1552.68
-1601.93 -1552.68
-1614.24 -1552.68
-1646.05 -1552.68
-1595.48 -1552.68
-1582.78 -1552.68
-1695.37 -1552.68
-1604.41 -1552.68
-1617.45 -1552.68
-1615.83 -1552.68
-1677.29 -1552.68
-1644.39 -1552.68
-1629.18 -1552.68
-1622.24 -1552.68
-1578.31 -1552.68
-1622.74 -1552.68
-1616.65 -1552.68
-1581.18 -1552.68
-1615.45 -1552.68
-1562.53 -1552.68
-1625.32 -1552.68
-1566.42 -1552.68
-1598.98 -1552.68
-1588.31 -1552.68
-1577.61 -1552.68
-1686.81 -1552.68
-1585.50 -1552.68
-1616.07 -1552.68
-1665.63 -1552.68
-1619.63 -1552.68
-1625.40 -1552.68
-1575.84 -1552.68
-1569.93 -1552.68
-1644.02 -1552.68
-1600.37 -1552.68
-1603.92 -1552.68
-1654.30 -1552.68
-1650.34 -1552.68
-1674.09 -1552.68
-1588.80 -1552.68
-1623.74 -1552.68
-1559.15 -1552.68
-1562.67 -1552.68
-1593.53 -1552.68
-1548.21 -1548.21
-1598.03 -1548.21
-1592.28 -1548.21
-1593.69 -1548.21
-1567.23 -1548.21
-1583.73 -1548.21
-1600.36 -1548.21
-1563.82 -1548.21
-1655.62 -1548.21
-1580.14 -1548.21
-1618.08 -1548.21
-1600.03 -1548.21
-1653.65 -1548.21
-1556.45 -1548.21
-1629.15 -1548.21
-1626.71 -1548.21
-1597.56 -1548.21
-1581.42 -1548.21
-1600.82 -1548.21
-1596.81 -1548.21
-1619.25 -1548.21
-1668.78 -1548.21
-1639.59 -1548.21
-1613.79 -1548.21
-1666.69 -1548.21
-1676.34 -1548.21
-1556.02 -1548.21
-1620.84 -1548.21
-1561.54 -1548.21
-1624.41 -1548.21
-1578.60 -1548.21
-1575.13 -1548.21
-1548.96 -1548.21
-1571.96 -1548.21
-1589.13 -1548.21
-1589.58 -1548.21
-1592.87 -1548.21
-1654.67 -1548.21
-1602.09 -1548.21
-1645.66 -1548.21
-1600.90 -1548.21
-1576.25 -1548.21
-1679.47 -1548.21
-1588.62 -1548.21
-1583.91 -1548.21
-1595.53 -1548.21
-1676.14 -1548.21
-1621.01 -1548.21
-1667.69 -1548.21
-1570.61 -1548.21
-1591.12 -1548.21
-1574.59 -1548.21
-1634.93 -1548.21
-1561.35 -1548.21
-1586.59 -1548.21
-1589.17 -1548.21
-1559.48 -1548.21
-1591.08 -1548.21
-1600.08 -1548.21
-1637.41 -1548.21
-1615.98 -1548.21
-1608.23 -1548.21
-1585.04 -1548.21
-1614.90 -1548.21
-1628.56 -1548.21
-1573.28 -1548.21
-1634.40 -1548.21
-1627.24 -1548.21
-1583.29 -1548.21
-1567.60 -1548.21
-1582.69 -1548.21
-1591.58 -1548.21
-1574.24 -1548.21
-1608.68 -1548.21
-1545.04 -1545.04
-1645.73 -1545.04
-1550.84 -1545.04
-1629.06 -1545.04
-1598.89 -1545.04
-1490.37 -1490.37
-1581.19 -1490.37
-1565.16 -1490.37
-1621.34 -1490.37
-1596.63 -1490.37
-1545.76 -1490.37
-1536.94 -1490.37
-1613.73 -1490.37
-1604.10 -1490.37
-1576.78 -1490.37
-1590.20 -1490.37
-1580.74 -1490.37
-1573.51 -1490.37
-1533.84 -1490.37
-1546.60 -1490.37
-1600.98 -1490.37
-1579.32 -1490.37
-1551.88 -1490.37
-1579.30 -1490.37
-1536.38 -1490.37
-1555.41 -1490.37
-1576.35 -1490.37
-1585.25 -1490.37
-1600.15 -1490.37
-1625.56 -1490.37
-1600.35 -1490.37
-1571.01 -1490.37
-1535.79 -1490.37
-1568.16 -1490.37
-1578.58 -1490.37
-1591.18 -1490.37
-1658.94 -1490.37
-1645.89 -1490.37
-1601.19 -1490.37
-1564.05 -1490.37
-1576.76 -1490.37
-1573.61 -1490.37
-1527.82 -1490.37
-1615.07 -1490.37
-1586.69 -1490.37
-1500.13 -1490.37
-1630.33 -1490.37
-1618.67 -1490.37
-1561.37 -1490.37
-1650.74 -1490.37
-1632.42 -1490.37
-1549.55 -1490.37
-1578.93 -1490.37
-1662.27 -1490.37
-1506.15 -1490.37
-1558.97 -1490.37
-1598.06 -1490.37
-1578.74 -1490.37
-1534.74 -1490.37
-1595.90 -1490.37
-1471.13 -1471.13
-1490.08 -1471.13
-1542.22 -1471.13
-1506.35 -1471.13
-1591.45 -1471.13
-1464.21 -1464.21
-1534.50 -1464.21
-1504.02 -1464.21
-1491.71 -1464.21
-1548.40 -1464.21
-1553.02 -1464.21
-1543.24 -1464.21
-1477.22 -1464.21
-1545.26 -1464.21
-1605.98 -1464.21
-1544.38 -1464.21
-1463.75 -1463.75
-1552.61 -1463.75
-1474.48 -1463.75
-1499.08 -1463.75
-1512.12 -1463.75
-1502.46 -1463.75
-1492.72 -1463.75
-1496.99 -1463.75
-1495.60 -1463.75
-1478.60 -1463.75
-1465.63 -1465.63
-1476.62 -1465.63
-1462.28 -1462.28
-1542.72 -1462.28
-1451.97 -1451.97
-1495.08 -1451.97
-1515.71 -1451.97
-1552.73 -1451.97
-1484.67 -1451.97
-1527.25 -1451.97
-1459.31 -1451.97
-1462.29 -1451.97
-1485.65 -1451.97
-1462.84 -1451.97
-1444.21 -1444.21
-1511.38 -1444.21
-1476.20 -1444.21
-1524.46 -1444.21
-1505.64 -1444.21
-1506.18 -1444.21
-1433.70 -1433.70
-1407.96 -1407.96
-1421.38 -1407.96
-1411.80 -1407.96
-1317.56 -1317.56
-1409.09 -1317.56
-1410.57 -1317.56
-1448.77 -1317.56
-1346.47 -1317.56
-1394.04 -1317.56
-1232.14 -1232.14
-1369.04 -1232.14
-1349.19 -1232.14
-1399.53 -1232.14
-1303.78 -1232.14
-1381.11 -1232.14
-1321.09 -1232.14
-1377.09 -1232.14
-1352.19 -1232.14
-1311.18 -1232.14
-1389.87 -1232.14
-1232.91 -1232.14
-1307.37 -1232.14
-1409.38 -1232.14
-1487.37 -1232.14
-1392.24 -1232.14
-1348.46 -1232.14
-1305.88 -1232.14
-1432.77 -1232.14
-1377.95 -1232.14
-1463.94 -1232.14
-1329.29 -1232.14
-1438.07 -1232.14
-1289.19 -1232.14
-1335.40 -1232.14
-1323.52 -1232.14
-1325.96 -1232.14
-1331.76 -1232.14
-1275.77 -1232.14
-1546.18 -1232.14
-1386.37 -1232.14
-1410.08 -1232.14
-1405.23 -1232.14
-1312.78 -1232.14
-1508.15 -1232.14
-1424.19 -1232.14
-1443.62 -1232.14
-1354.73 -1232.14
-1443.60 -1232.14
-1210.93 -1210.93
-1387.24 -1210.93
-1359.23 -1210.93
-1316.46 -1210.93
-1354.45 -1210.93
-1436.42 -1210.93
-1341.96 -1210.93
-1338.47 -1210.93
-1367.79 -1210.93
-1348.85 -1210.93
-1362.02 -1210.93
-1468.18 -1210.93
-1335.32 -1210.93
-1320.45 -1210.93
-1390.54 -1210.93
-1432.96 -1210.93
-1480.09 -1210.93
-1558.37 -1210.93
-1367.63 -1210.93
-1404.91 -1210.93
-1422.25 -1210.93
-1408.17 -1210.93
-1411.90 -1210.93
-1501.40 -1210.93
-1397.87 -1210.93
-1334.39 -1210.93
-1344.05 -1210.93
-1437.26 -1210.93
-1407.74 -1210.93
-1314.62 -1210.93
-1452.30 -1210.93
-1387.25 -1210.93
-1393.53 -1210.93
-1544.64 -1210.93
-1409.48 -1210.93
-1414.59 -1210.93
-1316.57 -1210.93
-1383.61 -1210.93
-1309.72 -1210.93
-1417.48 -1210.93
-1314.26 -1210.93
-1466.72 -1210.93
-1550.18 -1210.93
-1387.40 -1210.93
-1407.46 -1210.93
-1499.49 -1210.93
-1338.09 -1210.93
-1390.09 -1210.93
-1533.79 -1210.93
-1494.43 -1210.93
-1358.63 -1210.93
-1362.14 -1210.93
-1272.27 -1210.93
-1321.00 -1210.93
-1334.47 -1210.93
-1339.78 -1210.93
-1444.65 -1210.93
-1330.66 -1210.93
-1301.02 -1210.93
-1353.45 -1210.93
-1357.83 -1210.93
-1467.07 -1210.93
-1377.10 -1210.93
-1355.99 -1210.93
-1515.60 -1210.93
-1556.35 -1210.93
-1407.30 -1210.93
-1383.73 -1210.93
-1367.90 -1210.93
-1415.21 -1210.93
-1382.31 -1210.93
-1286.25 -1210.93
-1373.32 -1210.93
-1390.98 -1210.93
-1492.01 -1210.93
-1396.37 -1210.93
-1557.96 -1210.93
-1406.95 -1210.93
-1368.67 -1210.93
-1330.97 -1210.93
-1441.54 -1210.93
-1304.18 -1210.93
-1478.38 -1210.93
-1252.92 -1210.93
-1419.31 -1210.93
-1361.30 -1210.93
-1653.87 -1653.87
-1643.52 -1643.52
-1633.85 -1633.85
-1655.54 -1633.85
-1661.54 -1633.85
-1671.00 -1633.85
-1664.42 -1633.85
-1724.26 -1633.85
-1691.83 -1633.85
-1691.65 -1633.85
-1698.64 -1633.85
-1628.52 -1628.52
-1665.80 -1628.52
-1675.16 -1628.52
-1619.50 -1619.50
-1655.38 -1619.50
-1668.63 -1619.50
-1650.28 -1619.50
-1639.35 -1619.50
-1598.06 -1598.06
-1649.55 -1598.06
-1655.85 -1598.06
-1685.16 -1598.06
-1622.09 -1598.06
-1653.95 -1598.06
-1621.06 -1598.06
-1628.06 -1598.06
-1649.35 -1598.06
-1608.38 -1598.06
-1660.65 -1598.06
-1599.16 -1598.06
-1673.67 -1598.06
-1615.25 -1598.06
-1613.43 -1598.06
-1620.63 -1598.06
-1600.59 -1598.06
-1676.25 -1598.06
-1681.71 -1598.06
-1624.16 -1598.06
-1577.87 -1577.87
-1613.96 -1577.87
-1591.83 -1577.87
-1591.46 -1577.87
-1612.97 -1577.87
-1662.19 -1577.87
-1624.58 -1577.87
-1599.35 -1577.87
-1648.56 -1577.87
-1607.85 -1577.87
-1568.28 -1568.28
-1653.78 -1568.28
-1622.87 -1568.28
-1606.70 -1568.28
-1637.68 -1568.28
-1625.12 -1568.28
-1622.17 -1568.28
-1656.91 -1568.28
-1645.22 -1568.28
-1622.60 -1568.28
-1555.91 -1555.91
-1573.38 -1555.91
-1607.58 -1555.91
-1579.67 -1555.91
-1604.83 -1555.91
-1626.15 -1555.91
-1590.25 -1555.91
-1673.38 -1555.91
-1638.76 -1555.91
-1619.35 -1555.91
-1654.31 -1555.91
-1553.08 -1553.08
-1666.02 -1553.08
-1580.77 -1553.08
-1556.02 -1553.08
-1577.19 -1553.08
-1535.49 -1535.49
-1560.24 -1535.49
-1684.12 -1535.49
-1585.23 -1535.49
-1591.93 -1535.49
-1571.09 -1535.49
-1556.62 -1535.49
-1560.05 -1535.49
-1605.56 -1535.49
-1606.21 -1535.49
-1636.99 -1535.49
-1622.74 -1535.49
-1564.31 -1535.49
-1600.65 -1535.49
-1604.86 -1535.49
-1546.03 -1535.49
-1534.29 -1534.29
-1617.97 -1534.29
-1617.04 -1534.29
-1604.72 -1534.29
-1583.62 -1534.29
-1626.78 -1534.29
-1557.38 -1534.29
-1558.79 -1534.29
-1546.36 -1534.29
-1567.71 -1534.29
-1606.46 -1534.29
-1645.88 -1534.29
-1580.16 -1534.29
-1710.89 -1534.29
-1559.63 -1534.29
-1550.45 -1534.29
-1549.89 -1534.29
-1534.64 -1534.64
-1598.61 -1534.64
-1644.33 -1534.64
-1610.62 -1534.64
-1616.96 -1534.64
-1541.54 -1534.64
-1554.93 -1534.64
-1571.49 -1534.64
-1547.88 -1534.64
-1567.45 -1534.64
-1651.74 -1534.64
-1543.64 -1534.64
-1565.51 -1534.64
-1587.78 -1534.64
-1613.66 -1534.64
-1635.56 -1534.64
-1584.96 -1534.64
-1669.13 -1534.64
-1565.70 -1534.64
-1541.79 -1534.64
-1652.16 -1534.64
-1555.72 -1534.64
-1621.96 -1534.64
-1611.30 -1534.64
-1557.82 -1534.64
-1575.66 -1534.64
-1612.83 -1534.64
-1571.80 -1534.64
-1584.34 -1534.64
-1561.43 -1534.64
-1593.52 -1534.64
-1635.76 -1534.64
-1605.75 -1534.64
-1551.24 -1534.64
-1497.89 -1497.89
-1640.53 -1497.89
-1542.02 -1497.89
-1541.14 -1497.89
-1523.00 -1497.89
-1561.76 -1497.89
-1581.74 -1497.89
-1542.76 -1497.89
-1544.40 -1497.89
-1560.01 -1497.89
-1582.68 -1497.89
-1539.27 -1497.89
-1491.81 -1491.81
-1503.48 -1491.81
-1499.50 -1491.81
-1482.88 -1482.88
-1562.94 -1482.88
-1523.68 -1482.88
-1503.79 -1482.88
-1451.14 -1451.14
-1489.76 -1451.14
-1391.11 -1391.11
-1438.88 -1391.11
-1525.66 -1391.11
-1432.46 -1391.11
-1434.15 -1391.11
-1424.21 -1391.11
-1393.85 -1391.11
-1407.05 -1391.11
-1432.58 -1391.11
-1419.02 -1391.11
-1455.77 -1391.11
-1453.81 -1391.11
-1376.41 -1376.41
-1434.39 -1376.41
-1382.66 -1376.41
-1351.47 -1351.47
-1403.31 -1351.47
-1229.77 -1229.77
-1357.28 -1229.77
-1484.30 -1229.77
-1523.56 -1229.77
-1363.26 -1229.77
-1340.66 -1229.77
-1394.63 -1229.77
-1354.21 -1229.77
-1366.66 -1229.77
-1418.47 -1229.77
-1289.67 -1229.77
-1299.41 -1229.77
-1311.90 -1229.77
-1471.27 -1229.77
-1364.31 -1229.77
-1271.22 -1229.77
-1362.94 -1229.77
-1354.10 -1229.77
-1327.21 -1229.77
-1360.31 -1229.77
-1459.14 -1229.77
-1389.29 -1229.77
-1460.09 -1229.77
-1365.28 -1229.77
-1304.11 -1229.77
-1373.19 -1229.77
-1319.77 -1229.77
-1465.87 -1229.77
-1439.39 -1229.77
-1344.11 -1229.77
-1302.50 -1229.77
-1347.32 -1229.77
-1336.84 -1229.77
-1519.10 -1229.77
-1336.33 -1229.77
-1250.30 -1229.77
-1392.73 -1229.77
-1378.02 -1229.77
-1327.42 -1229.77
-1367.53 -1229.77
-1418.05 -1229.77
-1392.41 -1229.77
-1321.42 -1229.77
-1455.97 -1229.77
-1337.80 -1229.77
-1516.28 -1229.77
-1555.21 -1229.77
-1422.44 -1229.77
-1419.23 -1229.77
-1336.03 -1229.77
-1471.78 -1229.77
-1471.36 -1229.77
-1321.26 -1229.77
-1311.61 -1229.77
-1386.25 -1229.77
-1423.77 -1229.77
-1397.57 -1229.77
-1386.24 -1229.77
-1309.67 -1229.77
-1480.87 -1229.77
-1310.70 -1229.77
-1395.80 -1229.77
-1417.65 -1229.77
-1357.99 -1229.77
-1309.40 -1229.77
-1481.75 -1229.77
-1395.15 -1229.77
-1385.89 -1229.77
-1445.31 -1229.77
-1397.83 -1229.77
-1382.85 -1229.77
-1349.48 -1229.77
-1421.80 -1229.77
-1370.38 -1229.77
-1379.83 -1229.77
-1381.84 -1229.77
-1453.42 -1229.77
-1428.06 -1229.77
-1455.04 -1229.77
-1261.45 -1229.77
-1360.28 -1229.77
-1365.61 -1229.77
-1373.50 -1229.77
-1398.45 -1229.77
-1363.33 -1229.77
-1479.15 -1229.77
-1363.18 -1229.77
-1444.90 -1229.77
-1373.35 -1229.77
-1359.65 -1229.77
-1381.78 -1229.77
-1412.37 -1229.77
-1395.21 -1229.77
-1356.24 -1229.77
-1355.68 -1229.77
-1405.64 -1229.77
-1316.08 -1229.77
-1433.15 -1229.77
-1354.92 -1229.77
-1350.27 -1229.77
-1303.85 -1229.77
-1432.75 -1229.77
-1469.05 -1229.77
-1422.93 -1229.77
-1321.59 -1229.77
-1411.39 -1229.77
-1403.73 -1229.77
-1264.40 -1229.77
-1435.60 -1229.77
-1409.20 -1229.77
-1261.41 -1229.77
-1360.21 -1229.77
-1380.06 -1229.77
-1344.24 -1229.77
-1404.34 -1229.77
-1358.76 -1229.77
-1425.72 -1229.77
-1464.28 -1229.77
-1355.24 -1229.77
-1320.03 -1229.77
-1446.15 -1229.77
-1460.79 -1229.77
-1336.57 -1229.77
-1418.87 -1229.77
-1419.98 -1229.77
-1359.81 -1229.77
-1340.35 -1229.77
-1389.44 -1229.77
-1388.70 -1229.77
-1400.58 -1229.77
-1403.66 -1229.77
-1356.13 -1229.77
-1423.28 -1229.77
-1322.91 -1229.77
-1452.37 -1229.77
-1411.87 -1229.77
-1266.28 -1229.77
-1406.43 -1229.77
-1454.40 -1229.77
-1380.72 -1229.77
-1403.16 -1229.77
-1576.67 -1229.77
-1373.36 -1229.77
-1402.17 -1229.77
-1283.51 -1229.77
-1358.14 -1229.77
-1446.41 -1229.77
-1439.72 -1229.77
-1334.25 -1229.77
-1431.52 -1229.77
-1334.69 -1229.77
-1439.66 -1229.77
-1385.39 -1229.77
-1361.85 -1229.77
-1352.69 -1229.77
-1403.34 -1229.77
-1366.97 -1229.77
-1464.17 -1229.77
-1386.71 -1229.77
-1312.89 -1229.77
-1314.73 -1229.77
-1368.53 -1229.77
-1444.52 -1229.77
-1430.16 -1229.77
-1371.90 -1229.77
-1357.91 -1229.77
-1425.89 -1229.77
-1431.56 -1229.77
-1367.92 -1229.77
-1356.16 -1229.77
-1376.36 -1229.77
-1328.47 -1229.77
-1352.03 -1229.77
-1371.67 -1229.77
-1337.09 -1229.77
-1349.69 -1229.77
-1394.75 -1229.77
-1387.95 -1229.77
-1392.29 -1229.77
-1438.61 -1229.77
-1384.90 -1229.77
-1407.39 -1229.77
-1316.94 -1229.77
-1520.04 -1229.77
-1367.24 -1229.77
-1375.11 -1229.77
-1373.12 -1229.77
-1375.93 -1229.77
-1404.15 -1229.77
-1367.34 -1229.77
-1334.36 -1229.77
-1309.98 -1229.77
-1431.13 -1229.77
-1434.18 -1229.77
-1356.28 -1229.77
-1346.00 -1229.77
-1385.90 -1229.77
-1412.68 -1229.77
-1386.20 -1229.77
-1413.56 -1229.77
-1352.91 -1229.77
-1426.25 -1229.77
-1528.60 -1229.77
-1449.25 -1229.77
-1395.10 -1229.77
-1407.28 -1229.77
-1372.36 -1229.77
-1426.48 -1229.77
-1390.85 -1229.77
-1432.15 -1229.77
-1350.37 -1229.77
-1570.98 -1229.77
-1429.62 -1229.77
-1367.87 -1229.77
-1553.54 -1229.77
-1410.98 -1229.77
-1399.60 -1229.77
-1369.08 -1229.77
-1359.25 -1229.77
-1311.61 -1229.77
-1415.46 -1229.77
-1376.78 -1229.77
-1436.78 -1229.77
-1516.73 -1229.77
-1245.14 -1229.77
-1427.76 -1229.77
-1461.10 -1229.77
-1525.91 -1229.77
-1363.28 -1229.77
-1336.01 -1229.77
-1362.73 -1229.77
-1566.45 -1229.77
-1398.28 -1229.77
-1321.46 -1229.77
-1401.71 -1229.77
-1362.70 -1229.77
-1636.11 -1636.11
-1698.73 -1636.11
-1659.02 -1636.11
-1673.51 -1636.11
-1719.12 -1636.11
-1674.30 -1636.11
-1670.76 -1636.11
-1669.82 -1636.11
-1657.02 -1636.11
-1686.88 -1636.11
-1672.83 -1636.11
-1648.14 -1636.11
-1677.33 -1636.11
-1664.28 -1636.11
-1680.41 -1636.11
-1694.01 -1636.11
-1686.81 -1636.11
-1666.94 -1636.11
-1686.19 -1636.11
-1657.55 -1636.11
-1641.44 -1636.11
-1670.61 -1636.11
-1719.25 -1636.11
-1659.44 -1636.11
-1699.39 -1636.11
-1648.70 -1636.11
-1684.94 -1636.11
-1637.97 -1637.97
-1625.62 -1625.62
-1730.80 -1625.62
-1651.60 -1625.62
-1666.23 -1625.62
-1629.35 -1625.62
-1667.82 -1625.62
-1655.26 -1625.62
-1644.88 -1625.62
-1646.15 -1625.62
-1679.78 -1625.62
-1630.94 -1625.62
-1654.18 -1625.62
-1615.95 -1615.95
-1725.11 -1615.95
-1635.76 -1615.95
-1674.26 -1615.95
-1714.17 -1615.95
-1607.84 -1607.84
-1677.46 -1607.84
-1690.31 -1607.84
-1670.83 -1607.84
-1616.70 -1607.84
-1631.81 -1607.84
-1625.65 -1607.84
-1668.65 -1607.84
-1637.36 -1607.84
-1676.43 -1607.84
-1652.03 -1607.84
-1607.04 -1607.04
-1574.50 -1574.50
-1582.15 -1574.50
-1633.46 -1574.50
-1613.66 -1574.50
-1669.15 -1574.50
-1589.07 -1574.50
-1664.59 -1574.50
-1626.18 -1574.50
-1661.74 -1574.50
-1661.04 -1574.50
-1683.66 -1574.50
-1608.11 -1574.50
-1550.13 -1550.13
-1591.76 -1550.13
-1614.45 -1550.13
-1616.40 -1550.13
-1649.08 -1550.13
-1616.58 -1550.13
-1664.10 -1550.13
-1625.42 -1550.13
-1537.80 -1537.80
-1537.26 -1537.26
-1568.44 -1537.26
-1643.68 -1537.26
-1551.19 -1537.26
-1606.36 -1537.26
-1619.32 -1537.26
-1518.23 -1518.23
-1656.65 -1518.23
-1520.70 -1518.23
-1530.13 -1518.23
-1584.61 -1518.23
-1530.26 -1518.23
-1564.68 -1518.23
-1519.02 -1519.02
-1520.48 -1520.48
-1641.02 -1520.48
-1588.12 -1520.48
-1570.48 -1520.48
-1504.05 -1504.05
-1567.27 -1504.05
-1518.73 -1504.05
-1539.26 -1504.05
-1569.19 -1504.05
-1551.65 -1504.05
-1479.40 -1479.40
-1563.29 -1479.40
-1504.34 -1479.40
-1590.69 -1479.40
-1623.96 -1479.40
-1481.69 -1479.40
-1538.00 -1479.40
-1509.61 -1479.40
-1483.30 -1479.40
-1553.39 -1479.40
-1535.16 -1479.40
-1525.19 -1479.40
-1573.82 -1479.40
-1529.78 -1479.40
-1498.20 -1479.40
-1513.65 -1479.40
-1573.48 -1479.40
-1455.82 -1455.82
-1533.14 -1455.82
-1518.72 -1455.82
-1549.91 -1455.82
-1493.24 -1455.82
-1494.74 -1455.82
-1495.66 -1455.82
-1524.49 -1455.82
-1464.65 -1455.82
-1464.61 -1455.82
-1487.57 -1455.82
-1426.14 -1426.14
-1538.31 -1426.14
-1541.38 -1426.14
-1455.67 -1426.14
-1481.59 -1426.14
-1461.32 -1426.14
-1472.78 -1426.14
-1497.52 -1426.14
-1408.18 -1408.18
-1381.70 -1381.70
-1396.57 -1381.70
-1460.44 -1381.70
-1473.36 -1381.70
-1362.89 -1362.89
-1376.01 -1362.89
-1395.19 -1362.89
-1415.39 -1362.89
-1458.90 -1362.89
-1415.12 -1362.89
-1435.35 -1362.89
-1429.16 -1362.89
-1453.05 -1362.89
-1447.69 -1362.89
-1544.22 -1362.89
-1474.73 -1362.89
-1468.57 -1362.89
-1419.74 -1362.89
-1395.76 -1362.89
-1421.51 -1362.89
-1497.28 -1362.89
-1509.25 -1362.89
-1524.54 -1362.89
-1529.29 -1362.89
-1433.13 -1362.89
-1453.16 -1362.89
-1396.71 -1362.89
-1487.80 -1362.89
-1460.52 -1362.89
-1475.44 -1362.89
-1520.82 -1362.89
-1451.40 -1362.89
-1451.10 -1362.89
-1380.27 -1362.89
-1477.29 -1362.89
-1502.65 -1362.89
-1460.78 -1362.89
-1434.91 -1362.89
-1398.14 -1362.89
-1459.13 -1362.89
-1496.95 -1362.89
-1460.71 -1362.89
-1597.44 -1362.89
-1394.90 -1362.89
-1510.42 -1362.89
-1437.48 -1362.89
-1497.28 -1362.89
-1486.14 -1362.89
-1366.68 -1362.89
-1401.48 -1362.89
-1413.39 -1362.89
-1499.18 -1362.89
-1387.71 -1362.89
-1436.64 -1362.89
-1413.98 -1362.89
-1309.31 -1309.31
-1431.52 -1309.31
-1397.41 -1309.31
-1403.32 -1309.31
-1428.92 -1309.31
-1286.26 -1286.26
-1356.57 -1286.26
-1333.58 -1286.26
-1378.86 -1286.26
-1403.41 -1286.26
-1198.19 -1198.19
-1331.66 -1198.19
-1290.39 -1198.19
-1375.91 -1198.19
-1321.83 -1198.19
-1423.61 -1198.19
-1465.95 -1198.19
-1527.27 -1198.19
-1428.99 -1198.19
-1358.12 -1198.19
-1342.27 -1198.19
-1325.30 -1198.19
-1329.00 -1198.19
-1335.63 -1198.19
-1386.80 -1198.19
-1390.93 -1198.19
-1548.83 -1198.19
-1337.24 -1198.19
-1401.06 -1198.19
-1384.07 -1198.19
-1377.76 -1198.19
-1303.29 -1198.19
-1368.95 -1198.19
-1322.09 -1198.19
-1465.91 -1198.19
-1359.84 -1198.19
-1386.90 -1198.19
-1345.67 -1198.19
-1361.36 -1198.19
-1380.41 -1198.19
-1524.53 -1198.19
-1399.23 -1198.19
-1276.50 -1198.19
-1415.26 -1198.19
-1406.18 -1198.19
-1432.79 -1198.19
-1360.11 -1198.19
-1310.80 -1198.19
-1428.65 -1198.19
-1397.12 -1198.19
-1418.46 -1198.19
-1430.44 -1198.19
-1412.82 -1198.19
-1389.38 -1198.19
-1310.66 -1198.19
-1404.44 -1198.19
-1334.09 -1198.19
-1359.08 -1198.19
-1418.95 -1198.19
-1373.59 -1198.19
-1363.91 -1198.19
-1457.44 -1198.19
-1556.78 -1198.19
-1345.61 -1198.19
-1293.29 -1198.19
-1340.28 -1198.19
-1409.24 -1198.19
-1315.78 -1198.19
-1389.49 -1198.19
-1340.49 -1198.19
-1390.31 -1198.19
-1373.64 -1198.19
-1395.19 -1198.19
-1434.99 -1198.19
-1385.10 -1198.19
-1362.98 -1198.19
-1374.11 -1198.19
-1343.47 -1198.19
-1337.96 -1198.19
-1414.21 -1198.19
-1381.05 -1198.19
-1360.69 -1198.19
-1435.85 -1198.19
-1389.61 -1198.19
-1364.43 -1198.19
-1296.59 -1198.19
-1357.78 -1198.19
-1316.15 -1198.19
-1353.94 -1198.19
-1484.36 -1198.19
-1370.54 -1198.19
-1342.93 -1198.19
-1313.30 -1198.19
-1377.94 -1198.19
-1481.11 -1198.19
-1414.99 -1198.19
-1370.50 -1198.19
-1351.85 -1198.19
-1405.05 -1198.19
-1413.86 -1198.19
-1377.06 -1198.19
-1394.37 -1198.19
-1379.97 -1198.19
-1401.86 -1198.19
-1433.22 -1198.19
-1353.42 -1198.19
-1331.08 -1198.19
-1414.59 -1198.19
-1403.88 -1198.19
-1360.29 -1198.19
-1363.74 -1198.19
-1285.56 -1198.19
-1449.81 -1198.19
-1328.06 -1198.19
-1289.85 -1198.19
-1461.91 -1198.19
-1553.02 -1198.19
-1377.05 -1198.19
-1409.50 -1198.19
-1371.07 -1198.19
-1311.27 -1198.19
-1429.95 -1198.19
-1335.37 -1198.19
-1324.18 -1198.19
-1345.30 -1198.19
-1320.38 -1198.19
-1354.21 -1198.19
-1316.50 -1198.19
-1308.78 -1198.19
-1320.53 -1198.19
-1363.36 -1198.19
-1384.70 -1198.19
-1427.85 -1198.19
-1286.56 -1198.19
-1259.27 -1198.19
-1443.01 -1198.19
-1410.16 -1198.19
-1391.47 -1198.19
-1448.80 -1198.19
-1364.33 -1198.19
-1245.74 -1198.19
-1419.76 -1198.19
-1428.54 -1198.19
-1352.77 -1198.19
-1376.80 -1198.19
-1360.33 -1198.19
-1330.59 -1198.19
-1387.47 -1198.19
-1392.46 -1198.19
-1298.27 -1198.19
-1277.12 -1198.19
-1303.40 -1198.19
-1385.55 -1198.19
-1427.16 -1198.19
-1389.08 -1198.19
-1335.73 -1198.19
-1351.26 -1198.19
-1312.66 -1198.19
-1338.32 -1198.19
-1422.46 -1198.19
-1356.44 -1198.19
-1326.34 -1198.19
-1471.41 -1198.19
-1375.28 -1198.19
-1259.20 -1198.19
-1348.55 -1198.19
-1334.36 -1198.19
-1418.94 -1198.19
-1343.63 -1198.19
-1393.85 -1198.19
-1351.46 -1198.19
-1286.54 -1198.19
-1408.48 -1198.19
-1412.55 -1198.19
-1395.16 -1198.19
-1392.67 -1198.19
-1459.72 -1198.19
-1353.08 -1198.19
-1472.29 -1198.19
-1338.41 -1198.19
-1437.89 -1198.19
-1413.93 -1198.19
-1426.48 -1198.19
-1454.04 -1198.19
-1342.14 -1198.19
-1351.80 -1198.19
-1410.18 -1198.19
-1347.72 -1198.19
-1373.95 -1198.19
-1368.43 -1198.19
-1262.39 -1198.19
-1293.57 -1198.19
-1311.86 -1198.19
-1418.37 -1198.19
-1318.26 -1198.19
-1483.84 -1198.19
-1442.06 -1198.19
-1287.67 -1198.19
-1349.48 -1198.19
-1316.40 -1198.19
-1332.74 -1198.19
-1424.42 -1198.19
-1474.91 -1198.19
-1362.28 -1198.19
-1289.95 -1198.19
-1359.99 -1198.19
-1361.70 -1198.19
-1345.82 -1198.19
-1361.29 -1198.19
-1389.19 -1198.19
-1413.32 -1198.19
-1388.92 -1198.19
-1259.49 -1198.19
-1367.30 -1198.19
-1365.83 -1198.19
-1309.85 -1198.19
-1347.49 -1198.19
-1394.28 -1198.19
-1402.09 -1198.19
-1299.59 -1198.19
-1264.10 -1198.19
-1440.47 -1198.19
-1685.18 -1198.19
-1749.05 -1198.19
-1699.56 -1198.19
-1679.12 -1198.19
