-10000.00 -10000.00
-10051.98 -10051.98
-10002.23 -10002.23
-10118.13 -10002.23
-9841.11 -9841.11
-10088.45 -9841.11
-9996.99 -9841.11
-10164.84 -9841.11
-9862.39 -9841.11
-10091.95 -9841.11
-10145.31 -9841.11
-9913.24 -9841.11
-9950.50 -9841.11
-10442.81 -9841.11
-10170.23 -9841.11
-9899.87 -9841.11
-10018.22 -9841.11
-9940.31 -9841.11
-9838.51 -9838.51
-10128.49 -9838.51
-9866.64 -9838.51
-9897.71 -9838.51
-9853.32 -9838.51
-10027.46 -9838.51
-9842.22 -9838.51
-10134.02 -9838.51
-10085.41 -9838.51
-9988.15 -9838.51
-10177.90 -9838.51
-9894.00 -9838.51
-10199.80 -9838.51
-10200.81 -9838.51
-9940.58 -9838.51
-9966.04 -9838.51
-10142.90 -9838.51
-9898.58 -9838.51
-10056.07 -9838.51
-10105.91 -9838.51
-10052.96 -9838.51
-9885.31 -9838.51
-10247.19 -9838.51
-10274.79 -9838.51
-9928.01 -9838.51
-9997.80 -9838.51
-10095.31 -9838.51
-9935.26 -9838.51
-10003.18 -9838.51
-9831.74 -9831.74
-9911.98 -9831.74
-9759.42 -9759.42
-10117.88 -9759.42
-10170.56 -9759.42
-9762.87 -9759.42
-9935.57 -9759.42
-9696.85 -9696.85
-9862.90 -9696.85
-10098.01 -9696.85
-10080.47 -9696.85
-9997.66 -9696.85
-9878.57 -9696.85
-9948.33 -9696.85
-10054.93 -9696.85
-10015.31 -9696.85
-10007.82 -9696.85
-9887.04 -9696.85
-9884.14 -9696.85
-10338.12 -9696.85
-9671.72 -9671.72
-9799.22 -9671.72
-9862.79 -9671.72
-9963.09 -9671.72
-9719.89 -9671.72
-10284.74 -9671.72
-9877.78 -9671.72
-10093.51 -9671.72
-9724.01 -9671.72
-9677.89 -9671.72
-9725.89 -9671.72
-10181.35 -9671.72
-9936.55 -9671.72
-9697.16 -9671.72
-10011.98 -9671.72
-9607.80 -9607.80
-9897.98 -9607.80
-9848.35 -9607.80
-9625.78 -9607.80
-9894.07 -9607.80
-10060.30 -9607.80
-9755.38 -9607.80
-9772.86 -9607.80
-9765.39 -9607.80
-9988.07 -9607.80
-9978.85 -9607.80
-9764.37 -9607.80
-9852.51 -9607.80
-9681.02 -9607.80
-9628.66 -9607.80
-9789.63 -9607.80
-9737.39 -9607.80
-9538.30 -9538.30
-9790.76 -9538.30
-9812.51 -9538.30
-10243.99 -9538.30
-9781.17 -9538.30
-9782.63 -9538.30
-9625.21 -9538.30
-9952.19 -9538.30
-10046.82 -9538.30
-9939.97 -9538.30
-9718.98 -9538.30
-9650.94 -9538.30
-9664.89 -9538.30
-9528.40 -9528.40
-9744.66 -9528.40
-9905.15 -9528.40
-10151.75 -9528.40
-9644.56 -9528.40
-10064.74 -9528.40
-9768.14 -9528.40
-9855.61 -9528.40
-9581.58 -9528.40
-9782.90 -9528.40
-9474.62 -9474.62
-9845.76 -9474.62
-9864.82 -9474.62
-9604.04 -9474.62
-9464.45 -9464.45
-9307.29 -9307.29
-9416.95 -9307.29
-9302.42 -9302.42
-9551.33 -9302.42
-9512.82 -9302.42
-9572.84 -9302.42
-9669.18 -9302.42
-9734.97 -9302.42
-9332.56 -9302.42
-9578.01 -9302.42
-9616.51 -9302.42
-9445.83 -9302.42
-9941.11 -9302.42
-9570.65 -9302.42
-9360.42 -9302.42
-9844.43 -9302.42
-9375.06 -9302.42
-9232.57 -9232.57
-9375.03 -9232.57
-9644.35 -9232.57
-9272.68 -9232.57
-9593.67 -9232.57
-9549.11 -9232.57
-9353.55 -9232.57
-9582.76 -9232.57
-9341.10 -9232.57
-9698.64 -9232.57
-9458.79 -9232.57
-9397.18 -9232.57
-9541.40 -9232.57
-9353.41 -9232.57
-9719.76 -9232.57
-9355.65 -9232.57
-9368.81 -9232.57
-9524.61 -9232.57
-9669.80 -9232.57
-9351.72 -9232.57
-9946.02 -9232.57
-9448.16 -9232.57
-9222.38 -9222.38
-9243.63 -9222.38
-10146.59 -9222.38
-9426.87 -9222.38
-9883.96 -9222.38
-9761.39 -9222.38
-9520.08 -9222.38
-9508.43 -9222.38
-9373.93 -9222.38
-9587.96 -9222.38
-9197.32 -9197.32
-9762.43 -9197.32
-9562.27 -9197.32
-9466.83 -9197.32
-9421.68 -9197.32
-9435.23 -9197.32
-9352.03 -9197.32
-9316.78 -9197.32
-9574.40 -9197.32
-9522.45 -9197.32
-9538.94 -9197.32
-9577.33 -9197.32
-9406.56 -9197.32
-9504.70 -9197.32
-9306.77 -9197.32
-9951.63 -9197.32
-9549.48 -9197.32
-9575.55 -9197.32
-9596.50 -9197.32
-9463.45 -9197.32
-9694.01 -9197.32
-9567.86 -9197.32
-10052.48 -9197.32
-9488.20 -9197.32
-9376.65 -9197.32
-9267.98 -9197.32
-9137.52 -9137.52
-9596.29 -9137.52
-9451.26 -9137.52
-9518.07 -9137.52
-9409.06 -9137.52
-9507.09 -9137.52
-9349.24 -9137.52
-9388.90 -9137.52
-9389.31 -9137.52
-9457.41 -9137.52
-9690.80 -9137.52
-9548.13 -9137.52
-9307.93 -9137.52
-9556.43 -9137.52
-10006.94 -9137.52
-8982.10 -8982.10
-9026.18 -8982.10
-9268.34 -8982.10
-9841.00 -8982.10
-9299.28 -8982.10
-9363.89 -8982.10
-8974.81 -8974.81
-8903.83 -8903.83
-8866.00 -8866.00
-8867.77 -8866.00
-9070.72 -8866.00
-8893.46 -8866.00
-9154.54 -8866.00
-8765.65 -8765.65
-9311.54 -8765.65
-9140.07 -8765.65
-9382.37 -8765.65
-9151.89 -8765.65
-9136.55 -8765.65
-9271.72 -8765.65
-9172.83 -8765.65
-9140.34 -8765.65
-8689.93 -8689.93
-9142.81 -8689.93
-9665.40 -8689.93
-8933.86 -8689.93
-9303.28 -8689.93
-9110.30 -8689.93
-9020.93 -8689.93
-9049.00 -8689.93
-9217.46 -8689.93
-8826.66 -8689.93
-8867.68 -8689.93
-9240.92 -8689.93
-9088.97 -8689.93
-9682.28 -8689.93
-9411.34 -8689.93
-9265.94 -8689.93
-9060.17 -8689.93
-8953.54 -8689.93
-9284.23 -8689.93
-8908.53 -8689.93
-9536.80 -8689.93
-9348.08 -8689.93
-9095.85 -8689.93
-9087.95 -8689.93
-8877.12 -8689.93
-8771.49 -8689.93
-8907.90 -8689.93
-9277.91 -8689.93
-9432.20 -8689.93
-9083.91 -8689.93
-9113.86 -8689.93
-8856.88 -8689.93
-9305.02 -8689.93
-9374.37 -8689.93
-9149.49 -8689.93
-9026.43 -8689.93
-9043.09 -8689.93
-9416.44 -8689.93
-8814.49 -8689.93
-9006.57 -8689.93
-9030.69 -8689.93
-9272.69 -8689.93
-9692.15 -8689.93
-9048.58 -8689.93
-8649.10 -8649.10
-9075.61 -8649.10
-8525.19 -8525.19
-8612.11 -8525.19
-8947.14 -8525.19
-8885.93 -8525.19
-8898.18 -8525.19
-8919.47 -8525.19
-8984.84 -8525.19
-9101.34 -8525.19
-9253.48 -8525.19
-9290.63 -8525.19
-8931.76 -8525.19
-9005.47 -8525.19
-9074.89 -8525.19
-8895.78 -8525.19
-8599.31 -8525.19
-9065.30 -8525.19
-8816.32 -8525.19
-8947.05 -8525.19
-8497.17 -8497.17
-9044.08 -8497.17
-8941.32 -8497.17
-8898.96 -8497.17
-9243.09 -8497.17
-8827.29 -8497.17
-8888.20 -8497.17
-8778.89 -8497.17
-8967.83 -8497.17
-9411.53 -8497.17
-8982.11 -8497.17
-8679.09 -8497.17
-8745.60 -8497.17
-8866.34 -8497.17
-8910.66 -8497.17
-8963.43 -8497.17
-8399.36 -8399.36
-8919.08 -8399.36
-9113.86 -8399.36
-8768.06 -8399.36
-9140.89 -8399.36
-8349.29 -8349.29
-8561.34 -8349.29
-8860.36 -8349.29
-8857.01 -8349.29
-9271.08 -8349.29
-8366.60 -8349.29
-9187.14 -8349.29
-8858.49 -8349.29
-8778.63 -8349.29
-8979.79 -8349.29
-8787.79 -8349.29
-8844.74 -8349.29
-8545.71 -8349.29
-8376.72 -8349.29
-8370.34 -8349.29
-8702.74 -8349.29
-8460.45 -8349.29
-8713.97 -8349.29
-9062.53 -8349.29
-8331.51 -8331.51
-8332.47 -8332.47
-8532.23 -8332.47
-8044.96 -8044.96
-7467.18 -7467.18
-9188.14 -7467.18
-8386.29 -7467.18
-8188.51 -7467.18
-8751.04 -7467.18
-8300.97 -7467.18
-8134.73 -7467.18
-8528.85 -7467.18
-9402.47 -7467.18
-8590.79 -7467.18
-8155.84 -7467.18
-8473.01 -7467.18
-8826.35 -7467.18
-8466.78 -7467.18
-8217.92 -7467.18
-8580.03 -7467.18
-8266.40 -7467.18
-8662.06 -7467.18
-8635.38 -7467.18
-8229.38 -7467.18
-8655.39 -7467.18
-8358.80 -7467.18
-8382.64 -7467.18
-8639.23 -7467.18
-7883.44 -7467.18
-8666.50 -7467.18
-7563.53 -7467.18
-8900.59 -7467.18
-8168.42 -7467.18
-9251.81 -7467.18
-8093.74 -7467.18
-8177.35 -7467.18
-8038.81 -7467.18
-9119.23 -7467.18
-7826.06 -7467.18
-8694.07 -7467.18
-7937.79 -7467.18
-8021.16 -7467.18
-8101.57 -7467.18
-8480.30 -7467.18
-8469.59 -7467.18
-8420.09 -7467.18
-8677.46 -7467.18
-8641.02 -7467.18
-8200.44 -7467.18
-7833.34 -7467.18
-8431.41 -7467.18
-8851.19 -7467.18
-8533.47 -7467.18
-8729.95 -7467.18
-7961.32 -7467.18
-8272.16 -7467.18
-8788.45 -7467.18
-8579.19 -7467.18
-7823.35 -7467.18
-9127.37 -7467.18
-8062.71 -7467.18
-8585.14 -7467.18
-8264.21 -7467.18
-8801.45 -7467.18
-9030.10 -7467.18
-8449.45 -7467.18
-8333.61 -7467.18
-8447.51 -7467.18
-8432.65 -7467.18
-8068.28 -7467.18
-8004.32 -7467.18
-8861.41 -7467.18
-8038.57 -7467.18
-8294.77 -7467.18
-8957.06 -7467.18
-9753.68 -9753.68
-9911.10 -9753.68
-10414.13 -9753.68
-10010.88 -9753.68
-9656.26 -9656.26
-9980.45 -9656.26
-10271.01 -9656.26
-9904.31 -9656.26
-9941.89 -9656.26
-9813.28 -9656.26
-9798.90 -9656.26
-9856.69 -9656.26
-9904.74 -9656.26
-10045.68 -9656.26
-9940.35 -9656.26
-9684.74 -9656.26
-9932.14 -9656.26
-10020.12 -9656.26
-9826.59 -9656.26
-10023.24 -9656.26
-10046.43 -9656.26
-9951.24 -9656.26
-10004.08 -9656.26
-9898.42 -9656.26
-9772.81 -9656.26
-9790.81 -9656.26
-9888.85 -9656.26
-9870.38 -9656.26
-10135.87 -9656.26
-9822.97 -9656.26
-9958.01 -9656.26
-9891.15 -9656.26
-10053.42 -9656.26
-9981.00 -9656.26
-9654.29 -9654.29
-10099.08 -9654.29
-9830.96 -9654.29
-10154.50 -9654.29
-9876.78 -9654.29
-10148.57 -9654.29
-9997.68 -9654.29
-9870.74 -9654.29
-9811.64 -9654.29
-9736.32 -9654.29
-9991.96 -9654.29
-9884.84 -9654.29
-9985.74 -9654.29
-9898.33 -9654.29
-9814.24 -9654.29
-9900.29 -9654.29
-9605.94 -9605.94
-10291.84 -9605.94
-9910.38 -9605.94
-9689.79 -9605.94
-9782.38 -9605.94
-10207.43 -9605.94
-9919.77 -9605.94
-9700.36 -9605.94
-9888.88 -9605.94
-10327.36 -9605.94
-9760.09 -9605.94
-10081.68 -9605.94
-9568.10 -9568.10
-9742.39 -9568.10
-9834.08 -9568.10
-10111.94 -9568.10
-9642.22 -9568.10
-9598.96 -9568.10
-9946.00 -9568.10
-9971.46 -9568.10
-9774.32 -9568.10
-10219.88 -9568.10
-9639.08 -9568.10
-9535.18 -9535.18
-10252.40 -9535.18
-9710.83 -9535.18
-9723.39 -9535.18
-9922.17 -9535.18
-9472.59 -9472.59
-9820.24 -9472.59
-9707.16 -9472.59
-9761.52 -9472.59
-9699.22 -9472.59
-9491.02 -9472.59
-9440.16 -9440.16
-9755.00 -9440.16
-9452.87 -9440.16
-9873.82 -9440.16
-9618.15 -9440.16
-9581.57 -9440.16
-9529.66 -9440.16
-9622.11 -9440.16
-10237.04 -9440.16
-9848.71 -9440.16
-9996.87 -9440.16
-9574.70 -9440.16
-9909.45 -9440.16
-9643.52 -9440.16
-10002.02 -9440.16
-10080.68 -9440.16
-9853.90 -9440.16
-9300.02 -9300.02
-9573.52 -9300.02
-9537.66 -9300.02
-9678.32 -9300.02
-9647.64 -9300.02
-9746.08 -9300.02
-9395.96 -9300.02
-9460.77 -9300.02
-10099.68 -9300.02
-9198.53 -9198.53
-9174.82 -9174.82
-9562.01 -9174.82
-8984.45 -8984.45
-9662.61 -8984.45
-9302.68 -8984.45
-8863.12 -8863.12
-9161.81 -8863.12
-9033.86 -8863.12
-8835.05 -8835.05
-9112.55 -8835.05
-9421.42 -8835.05
-8644.28 -8644.28
-8856.81 -8644.28
-9350.74 -8644.28
-9123.72 -8644.28
-8970.50 -8644.28
-8952.51 -8644.28
-8751.98 -8644.28
-8985.89 -8644.28
-8983.05 -8644.28
-9188.57 -8644.28
-8964.31 -8644.28
-8926.78 -8644.28
-9247.22 -8644.28
-9285.31 -8644.28
-9250.18 -8644.28
-9012.16 -8644.28
-9087.71 -8644.28
-8909.18 -8644.28
-9177.57 -8644.28
-9183.85 -8644.28
-9028.58 -8644.28
-8940.61 -8644.28
-9112.56 -8644.28
-9874.29 -8644.28
-9096.17 -8644.28
-8791.51 -8644.28
-9612.28 -8644.28
-9299.55 -8644.28
-8739.46 -8644.28
-9166.86 -8644.28
-8684.59 -8644.28
-9047.78 -8644.28
-8825.87 -8644.28
-9133.19 -8644.28
-8431.19 -8431.19
-9163.62 -8431.19
-8348.60 -8348.60
-8742.46 -8348.60
-9070.73 -8348.60
-8461.34 -8348.60
-8900.75 -8348.60
-8743.44 -8348.60
-8879.45 -8348.60
-8710.25 -8348.60
-9060.32 -8348.60
-8617.39 -8348.60
-8573.53 -8348.60
-8870.04 -8348.60
-8635.49 -8348.60
-8877.82 -8348.60
-8402.79 -8348.60
-8618.99 -8348.60
-8731.21 -8348.60
-8669.40 -8348.60
-8949.39 -8348.60
-8588.03 -8348.60
-8705.25 -8348.60
-8555.27 -8348.60
-8863.83 -8348.60
-8463.17 -8348.60
-8186.45 -8186.45
-8804.55 -8186.45
-8493.17 -8186.45
-9257.78 -8186.45
-8248.71 -8186.45
-8006.26 -8006.26
-8588.53 -8006.26
-8365.03 -8006.26
-8928.20 -8006.26
-8131.79 -8006.26
-8611.84 -8006.26
-8185.32 -8006.26
-7991.70 -7991.70
-8994.48 -7991.70
-8660.71 -7991.70
-8672.78 -7991.70
-7875.85 -7875.85
-8432.97 -7875.85
-7998.24 -7875.85
-8550.23 -7875.85
-8237.84 -7875.85
-8201.35 -7875.85
-9104.13 -7875.85
-8245.16 -7875.85
-8006.70 -7875.85
-8337.69 -7875.85
-8429.00 -7875.85
-8000.01 -7875.85
-8185.34 -7875.85
-8517.79 -7875.85
-8501.51 -7875.85
-7947.23 -7875.85
-7661.74 -7661.74
-8160.05 -7661.74
-8026.53 -7661.74
-8237.01 -7661.74
-8024.23 -7661.74
-7801.53 -7661.74
-7715.78 -7661.74
-9018.51 -7661.74
-8064.87 -7661.74
-8401.79 -7661.74
-7948.06 -7661.74
-8333.64 -7661.74
-8165.07 -7661.74
-8311.09 -7661.74
-8628.45 -7661.74
-8024.91 -7661.74
-8339.56 -7661.74
-9077.91 -7661.74
-7912.50 -7661.74
-7945.11 -7661.74
-8685.42 -7661.74
-8861.13 -7661.74
-7797.31 -7661.74
-8310.64 -7661.74
-8437.10 -7661.74
-8268.02 -7661.74
-8372.91 -7661.74
-7916.05 -7661.74
-9285.94 -7661.74
-8153.73 -7661.74
-8469.08 -7661.74
-8319.08 -7661.74
-7971.09 -7661.74
-8356.71 -7661.74
-8328.19 -7661.74
-8968.29 -7661.74
-8518.58 -7661.74
-7756.92 -7661.74
-8452.16 -7661.74
-8724.16 -7661.74
-8795.71 -7661.74
-8471.55 -7661.74
-9167.61 -7661.74
-8555.49 -7661.74
-8737.06 -7661.74
-8376.02 -7661.74
-9228.90 -7661.74
-8163.25 -7661.74
-7963.08 -7661.74
-7911.50 -7661.74
-8412.54 -7661.74
-8387.61 -7661.74
-8241.50 -7661.74
-7730.06 -7661.74
-8257.71 -7661.74
-8178.85 -7661.74
-8132.97 -7661.74
-8219.24 -7661.74
-8317.38 -7661.74
-7838.12 -7661.74
-8614.25 -7661.74
-8890.16 -7661.74
-8276.58 -7661.74
-8251.53 -7661.74
-7565.38 -7565.38
-8158.25 -7565.38
-9132.47 -7565.38
-8377.23 -7565.38
-8624.84 -7565.38
-7941.07 -7565.38
-8661.37 -7565.38
-7594.20 -7565.38
-9049.42 -7565.38
-8308.26 -7565.38
-8041.52 -7565.38
-8797.28 -7565.38
-8551.82 -7565.38
-8269.69 -7565.38
-8477.59 -7565.38
-8640.46 -7565.38
-8269.65 -7565.38
-8497.88 -7565.38
-7616.90 -7565.38
-8888.02 -7565.38
-8187.97 -7565.38
-7570.20 -7565.38
-8690.58 -7565.38
-8455.43 -7565.38
-7733.48 -7565.38
-7918.01 -7565.38
-8801.48 -7565.38
-7879.39 -7565.38
-7934.78 -7565.38
-9324.15 -7565.38
-8313.07 -7565.38
-8399.71 -7565.38
-7895.71 -7565.38
-9278.80 -7565.38
-7832.20 -7565.38
-8319.74 -7565.38
-8086.75 -7565.38
-7633.69 -7565.38
-8792.83 -7565.38
-8451.20 -7565.38
-8578.74 -7565.38
-8729.36 -7565.38
-9100.95 -7565.38
-8324.71 -7565.38
-8250.23 -7565.38
-8539.29 -7565.38
-7418.47 -7418.47
-8632.70 -7418.47
-8215.18 -7418.47
-8994.48 -7418.47
-7949.78 -7418.47
-8533.89 -7418.47
-8815.40 -7418.47
-8372.23 -7418.47
-8667.19 -7418.47
-8186.86 -7418.47
-7897.47 -7418.47
-8403.09 -7418.47
-8202.85 -7418.47
-9379.82 -7418.47
-8480.58 -7418.47
-8624.60 -7418.47
-8006.59 -7418.47
-8437.78 -7418.47
-8168.58 -7418.47
-8710.84 -7418.47
-7990.31 -7418.47
-8557.19 -7418.47
-8162.09 -7418.47
-7771.55 -7418.47
-8518.43 -7418.47
-8857.80 -7418.47
-8861.43 -7418.47
-8165.27 -7418.47
-7851.24 -7418.47
-8461.91 -7418.47
-7020.17 -7020.17
-8206.65 -7020.17
-8705.42 -7020.17
-8230.63 -7020.17
-8396.29 -7020.17
-8209.38 -7020.17
-7914.01 -7020.17
-8247.29 -7020.17
-8052.10 -7020.17
-8767.41 -7020.17
-7728.53 -7020.17
-8147.67 -7020.17
-8030.50 -7020.17
-8017.10 -7020.17
-8317.79 -7020.17
-8515.73 -7020.17
-8739.34 -7020.17
-8237.39 -7020.17
-8358.13 -7020.17
-8235.73 -7020.17
-8335.62 -7020.17
-8129.72 -7020.17
-9058.20 -7020.17
-8321.29 -7020.17
-8121.52 -7020.17
-8391.42 -7020.17
-8240.69 -7020.17
-8088.60 -7020.17
-8537.85 -7020.17
-8301.01 -7020.17
-8168.76 -7020.17
-8382.30 -7020.17
-7963.03 -7020.17
-8173.43 -7020.17
-7805.92 -7020.17
-8114.62 -7020.17
-7781.43 -7020.17
-8605.07 -7020.17
-8846.80 -7020.17
-8567.75 -7020.17
-8419.91 -7020.17
-8356.02 -7020.17
-8759.09 -7020.17
-8065.11 -7020.17
-7947.32 -7020.17
-9155.67 -7020.17
-8205.89 -7020.17
-8084.48 -7020.17
-8788.14 -7020.17
-8776.22 -7020.17
-7958.23 -7020.17
-8387.37 -7020.17
-8743.95 -7020.17
-8163.74 -7020.17
-9310.67 -7020.17
-8330.18 -7020.17
-7731.49 -7020.17
-8224.54 -7020.17
-7994.44 -7020.17
-8486.50 -7020.17
-8345.28 -7020.17
-8185.80 -7020.17
-10025.02 -10025.02
-10062.02 -10025.02
-10211.76 -10025.02
-10225.78 -10025.02
-9962.61 -9962.61
-9810.74 -9810.74
-10425.02 -9810.74
-10191.15 -9810.74
-10023.86 -9810.74
-10170.19 -9810.74
-10117.24 -9810.74
-10074.37 -9810.74
-10079.89 -9810.74
-9765.61 -9765.61
-10129.73 -9765.61
-9999.56 -9765.61
-9776.46 -9765.61
-9859.78 -9765.61
-9880.21 -9765.61
-9770.88 -9765.61
-9900.62 -9765.61
-9870.49 -9765.61
-10222.64 -9765.61
-9975.20 -9765.61
-9949.23 -9765.61
-9893.27 -9765.61
-10325.45 -9765.61
-9924.04 -9765.61
-9899.84 -9765.61
-9944.31 -9765.61
-9937.93 -9765.61
-9856.28 -9765.61
-9649.23 -9649.23
-9777.51 -9649.23
-9890.74 -9649.23
-9864.83 -9649.23
-10085.78 -9649.23
-10199.94 -9649.23
-9757.72 -9649.23
-9935.94 -9649.23
-10239.84 -9649.23
-10322.26 -9649.23
-9942.63 -9649.23
-10183.63 -9649.23
-9864.33 -9649.23
-9710.89 -9649.23
-9964.87 -9649.23
-9831.34 -9649.23
-10142.05 -9649.23
-9977.64 -9649.23
-10269.45 -9649.23
-9871.94 -9649.23
-10154.11 -9649.23
-10030.31 -9649.23
-9948.95 -9649.23
-10001.54 -9649.23
-9889.90 -9649.23
-9892.92 -9649.23
-10064.75 -9649.23
-10299.97 -9649.23
-10101.04 -9649.23
-10375.17 -9649.23
-10119.60 -9649.23
-9913.91 -9649.23
-9715.24 -9649.23
-10295.60 -9649.23
-9850.97 -9649.23
-9755.53 -9649.23
-10263.42 -9649.23
-9820.07 -9649.23
-10026.07 -9649.23
-9869.05 -9649.23
-10318.03 -9649.23
-9916.73 -9649.23
-10031.53 -9649.23
-9768.18 -9649.23
-9851.72 -9649.23
-10004.94 -9649.23
-9707.91 -9649.23
-9901.36 -9649.23
-10083.32 -9649.23
-10104.71 -9649.23
-9984.96 -9649.23
-9869.70 -9649.23
-9885.41 -9649.23
-10288.45 -9649.23
-9902.80 -9649.23
-9682.64 -9649.23
-9852.34 -9649.23
-10234.72 -9649.23
-9954.07 -9649.23
-9787.82 -9649.23
-9828.30 -9649.23
-9812.22 -9649.23
-10044.84 -9649.23
-10160.78 -9649.23
-10224.03 -9649.23
-9945.76 -9649.23
-9843.95 -9649.23
-10068.44 -9649.23
-9988.12 -9649.23
-10076.39 -9649.23
-10101.00 -9649.23
-9956.10 -9649.23
-9837.26 -9649.23
-9838.44 -9649.23
-9834.09 -9649.23
-9854.11 -9649.23
-9973.90 -9649.23
-9699.20 -9649.23
-9996.82 -9649.23
-9788.63 -9649.23
-9675.70 -9649.23
-10173.95 -9649.23
-10002.67 -9649.23
-10325.02 -9649.23
-9940.12 -9649.23
-10215.34 -9649.23
-9976.95 -9649.23
-10443.85 -9649.23
-9978.15 -9649.23
-9943.89 -9649.23
-10024.48 -9649.23
-9941.64 -9649.23
-10035.17 -9649.23
-9993.31 -9649.23
-9944.87 -9649.23
-9776.69 -9649.23
-9849.60 -9649.23
-9986.38 -9649.23
-9961.43 -9649.23
-9838.78 -9649.23
-9791.57 -9649.23
-9933.25 -9649.23
-10226.67 -9649.23
-10041.27 -9649.23
-10112.40 -9649.23
-10398.46 -9649.23
-9861.16 -9649.23
-9714.53 -9649.23
-9888.73 -9649.23
-10336.85 -9649.23
-9795.51 -9649.23
-9958.87 -9649.23
-9921.10 -9649.23
-10021.34 -9649.23
-9850.52 -9649.23
-9795.03 -9649.23
-10125.24 -9649.23
-9883.12 -9649.23
-9999.04 -9649.23
-9640.74 -9640.74
-9981.78 -9640.74
-10353.97 -9640.74
-9813.31 -9640.74
-10386.79 -9640.74
-10022.91 -9640.74
-9888.16 -9640.74
-9710.02 -9640.74
-9742.37 -9640.74
-10174.26 -9640.74
-9905.78 -9640.74
-9796.98 -9640.74
-10209.75 -9640.74
-9946.97 -9640.74
-9911.97 -9640.74
-9635.57 -9635.57
-9975.34 -9635.57
-9775.49 -9635.57
-9820.33 -9635.57
-9856.54 -9635.57
-9846.84 -9635.57
-9984.93 -9635.57
-9776.86 -9635.57
-9903.02 -9635.57
-9828.22 -9635.57
-10172.54 -9635.57
-9824.30 -9635.57
-9765.37 -9635.57
-10118.67 -9635.57
-10135.97 -9635.57
-9889.55 -9635.57
-10091.94 -9635.57
-9928.95 -9635.57
-9947.69 -9635.57
-9797.07 -9635.57
-10017.19 -9635.57
-9879.75 -9635.57
-9855.61 -9635.57
-9816.78 -9635.57
-10046.26 -9635.57
-9786.13 -9635.57
-9666.58 -9635.57
-9667.51 -9635.57
-9935.61 -9635.57
-9841.90 -9635.57
-9688.39 -9635.57
-9934.45 -9635.57
-9608.83 -9608.83
-9704.11 -9608.83
-9903.25 -9608.83
-9532.32 -9532.32
-10088.13 -9532.32
-9713.25 -9532.32
-9876.24 -9532.32
-9767.20 -9532.32
-9904.60 -9532.32
-10014.37 -9532.32
-9996.31 -9532.32
-10093.59 -9532.32
-9711.45 -9532.32
-9900.03 -9532.32
-9698.28 -9532.32
-9645.20 -9532.32
-10081.26 -9532.32
-9792.26 -9532.32
-10008.62 -9532.32
-9901.63 -9532.32
-9660.09 -9532.32
-9620.56 -9532.32
-9832.43 -9532.32
-10160.20 -9532.32
-9736.20 -9532.32
-9910.04 -9532.32
-9828.19 -9532.32
-9680.57 -9532.32
-9651.21 -9532.32
-10250.35 -9532.32
-10122.80 -9532.32
-9864.49 -9532.32
-9705.01 -9532.32
-9759.16 -9532.32
-10024.57 -9532.32
-9908.06 -9532.32
-10035.92 -9532.32
-9900.81 -9532.32
-9770.13 -9532.32
-9656.34 -9532.32
-10049.32 -9532.32
-9502.30 -9502.30
-9721.60 -9502.30
-9741.66 -9502.30
-9550.15 -9502.30
-9784.78 -9502.30
-9698.49 -9502.30
-9658.07 -9502.30
-9673.66 -9502.30
-9572.03 -9502.30
-9656.58 -9502.30
-10025.79 -9502.30
-9788.54 -9502.30
-9857.04 -9502.30
-9750.85 -9502.30
-9584.64 -9502.30
-9812.22 -9502.30
-9636.89 -9502.30
-9682.28 -9502.30
-9945.68 -9502.30
-9956.08 -9502.30
-9875.49 -9502.30
-9635.00 -9502.30
-9979.54 -9502.30
-9678.20 -9502.30
-9663.62 -9502.30
-9959.89 -9502.30
-9959.76 -9502.30
-10099.12 -9502.30
-9795.65 -9502.30
-9893.01 -9502.30
-9833.32 -9502.30
-9989.91 -9502.30
-10146.77 -9502.30
-9641.02 -9502.30
-10023.24 -9502.30
-9563.74 -9502.30
-9728.48 -9502.30
-9790.20 -9502.30
-9700.54 -9502.30
-10141.92 -9502.30
-9697.77 -9502.30
-10021.33 -9502.30
-9651.29 -9502.30
-9796.54 -9502.30
-9888.06 -9502.30
-9944.24 -9502.30
-9809.71 -9502.30
-9718.26 -9502.30
-9786.97 -9502.30
-9953.86 -9502.30
-9522.01 -9502.30
-9591.24 -9502.30
-9948.10 -9502.30
-9831.18 -9502.30
-9762.39 -9502.30
-9656.15 -9502.30
-9430.38 -9430.38
-9624.39 -9430.38
-9689.94 -9430.38
-9835.29 -9430.38
-9728.67 -9430.38
-10026.20 -9430.38
-9954.44 -9430.38
-10072.62 -9430.38
-9647.65 -9430.38
-10250.26 -9430.38
-9724.07 -9430.38
-9811.66 -9430.38
-9979.69 -9430.38
-9889.51 -9430.38
-9746.00 -9430.38
-9843.90 -9430.38
-9640.44 -9430.38
-9699.82 -9430.38
-9796.17 -9430.38
-9988.82 -9430.38
-9667.70 -9430.38
-10284.36 -9430.38
-9739.22 -9430.38
-9706.41 -9430.38
-9824.33 -9430.38
-9937.67 -9430.38
-9544.46 -9430.38
-9893.58 -9430.38
-9738.19 -9430.38
-9728.51 -9430.38
-9588.46 -9430.38
-10120.41 -9430.38
-9749.25 -9430.38
-9560.13 -9430.38
-9692.36 -9430.38
-9664.54 -9430.38
-9665.80 -9430.38
-9795.40 -9430.38
-9798.28 -9430.38
-9543.24 -9430.38
-9614.89 -9430.38
-9959.02 -9430.38
-9712.72 -9430.38
-9796.59 -9430.38
-9579.07 -9430.38
-9637.62 -9430.38
-9710.60 -9430.38
-9657.52 -9430.38
-9893.71 -9430.38
-9641.99 -9430.38
-9988.06 -9430.38
-9683.83 -9430.38
-9685.09 -9430.38
-9662.89 -9430.38
-9916.23 -9430.38
-9760.41 -9430.38
-9533.61 -9430.38
-9642.15 -9430.38
-9912.09 -9430.38
-9810.30 -9430.38
-9645.63 -9430.38
-9914.80 -9430.38
-9671.97 -9430.38
-10202.27 -9430.38
-9654.91 -9430.38
-9867.70 -9430.38
-9771.21 -9430.38
-9812.96 -9430.38
-10164.66 -9430.38
-9898.96 -9430.38
-9770.13 -9430.38
-9693.43 -9430.38
-9587.57 -9430.38
-10026.50 -9430.38
-9471.42 -9430.38
-10358.43 -9430.38
-9831.18 -9430.38
-9699.20 -9430.38
-9728.84 -9430.38
-9751.71 -9430.38
-9929.08 -9430.38
-9992.01 -9430.38
-10022.14 -9430.38
-9598.10 -9430.38
-9648.11 -9430.38
-9966.77 -9430.38
-9613.92 -9430.38
-9820.59 -9430.38
-9764.86 -9430.38
-9591.70 -9430.38
-9506.91 -9430.38
-9676.84 -9430.38
-9740.74 -9430.38
-9770.80 -9430.38
-9733.28 -9430.38
-9612.39 -9430.38
-10118.29 -9430.38
-9802.91 -9430.38
-9694.00 -9430.38
-9825.90 -9430.38
-9727.66 -9430.38
-9653.88 -9430.38
-9744.07 -9430.38
-9576.60 -9430.38
-10183.98 -9430.38
-9671.67 -9430.38
-9675.64 -9430.38
-10167.32 -9430.38
-9610.39 -9430.38
-9666.97 -9430.38
-9589.23 -9430.38
-9650.72 -9430.38
-9626.56 -9430.38
-9781.95 -9430.38
-9573.95 -9430.38
-9953.91 -9430.38
-9865.36 -9430.38
-9783.72 -9430.38
-9989.02 -9430.38
-9886.67 -9430.38
-9990.82 -9430.38
-10001.49 -9430.38
-10016.98 -9430.38
-10098.85 -9430.38
-10207.20 -9430.38
-9900.90 -9430.38
-10299.90 -9430.38
-10072.52 -9430.38
-9883.20 -9430.38
-10007.97 -9430.38
-10068.02 -9430.38
-9877.57 -9430.38
-10469.18 -9430.38
-10185.09 -9430.38
-10125.92 -9430.38
-10037.32 -9430.38
-10262.72 -9430.38
-10096.72 -9430.38
-9900.48 -9430.38
-10075.16 -9430.38
-10115.76 -9430.38
-9981.85 -9430.38
-9885.06 -9430.38
-9987.80 -9430.38
-9819.22 -9430.38
-9788.09 -9430.38
-9819.54 -9430.38
-10119.76 -9430.38
-10037.00 -9430.38
-9885.73 -9430.38
-10176.62 -9430.38
-10119.86 -9430.38
-10043.00 -9430.38
-9863.58 -9430.38
-9802.11 -9430.38
-9934.35 -9430.38
-9812.69 -9430.38
-9969.25 -9430.38
-9972.85 -9430.38
-10268.34 -9430.38
-9838.74 -9430.38
-9952.09 -9430.38
-10052.10 -9430.38
-10006.38 -9430.38
-9956.12 -9430.38
-9863.55 -9430.38
-9988.48 -9430.38
-10010.08 -9430.38
-10195.75 -9430.38
-10151.42 -9430.38
-9953.28 -9430.38
-9837.48 -9430.38
-9932.30 -9430.38
-9926.48 -9430.38
-10085.55 -9430.38
-10439.93 -9430.38
-10002.43 -9430.38
-10003.09 -9430.38
-10126.83 -9430.38
-9770.86 -9430.38
-10109.74 -9430.38
-9720.18 -9430.38
-9906.86 -9430.38
-10156.67 -9430.38
-10163.55 -9430.38
-9811.13 -9430.38
-10022.10 -9430.38
-9920.52 -9430.38
-10218.01 -9430.38
-9941.18 -9430.38
-9958.03 -9430.38
-10271.39 -9430.38
-10106.74 -9430.38
-9926.41 -9430.38
-10188.23 -9430.38
-10339.55 -9430.38
-10248.36 -9430.38
-9737.58 -9430.38
-9753.42 -9430.38
-9941.78 -9430.38
-10218.40 -9430.38
-9914.21 -9430.38
-10037.19 -9430.38
-10304.35 -9430.38
-9853.42 -9430.38
-10240.43 -9430.38
-10215.89 -9430.38
-9993.26 -9430.38
-10345.60 -9430.38
-9913.91 -9430.38
-10282.71 -9430.38
-9924.42 -9430.38
-9887.55 -9430.38
-10252.43 -9430.38
-10502.59 -9430.38
-10201.83 -9430.38
-9774.73 -9430.38
-9922.72 -9430.38
-9980.39 -9430.38
-10107.05 -9430.38
-9838.42 -9430.38
-10151.25 -9430.38
-10296.54 -9430.38
-10025.64 -9430.38
-9979.73 -9430.38
-10024.26 -9430.38
-9995.16 -9430.38
-10057.47 -9430.38
-10109.79 -9430.38
-10153.02 -9430.38
-10020.34 -9430.38
-9819.60 -9430.38
-9931.97 -9430.38
-9847.07 -9430.38
-10199.99 -9430.38
-10008.82 -9430.38
-10132.87 -9430.38
-9984.47 -9430.38
-10153.99 -9430.38
-9997.32 -9430.38
-9823.03 -9430.38
-10429.12 -9430.38
-10134.03 -9430.38
-10230.62 -9430.38
-10082.79 -9430.38
-9922.08 -9430.38
-10122.27 -9430.38
-10143.44 -9430.38
-9932.06 -9430.38
-9777.04 -9430.38
-9935.73 -9430.38
-9904.62 -9430.38
-9823.42 -9430.38
-10177.91 -9430.38
-9888.39 -9430.38
-10116.82 -9430.38
-10016.43 -9430.38
-10072.03 -9430.38
-10172.29 -9430.38
-9808.84 -9430.38
-9845.20 -9430.38
-10146.50 -9430.38
-10224.68 -9430.38
-10159.01 -9430.38
-10008.55 -9430.38
-9818.30 -9430.38
-10089.63 -9430.38
-9971.41 -9430.38
-9958.98 -9430.38
-10196.56 -9430.38
-10006.50 -9430.38
-9892.04 -9430.38
-9819.35 -9430.38
-10245.55 -9430.38
-10122.96 -9430.38
-9907.22 -9430.38
-9905.53 -9430.38
-10001.51 -9430.38
-9881.75 -9430.38
-9940.41 -9430.38
-10084.90 -9430.38
-9861.22 -9430.38
-10405.88 -9430.38
-10358.04 -9430.38
-10452.77 -9430.38
-10059.66 -9430.38
-10105.81 -9430.38
-9876.08 -9430.38
-10129.29 -9430.38
-10042.61 -9430.38
-9915.08 -9430.38
-9912.15 -9430.38
-10256.43 -9430.38
-10008.98 -9430.38
-9935.31 -9430.38
-10078.59 -9430.38
-10230.75 -9430.38
-9934.23 -9430.38
-9832.24 -9430.38
-9978.53 -9430.38
-10355.87 -9430.38
-10127.83 -9430.38
-9917.35 -9430.38
-9942.23 -9430.38
-10317.79 -9430.38
-9745.23 -9430.38
-9983.17 -9430.38
-9972.06 -9430.38
-10065.51 -9430.38
-9893.66 -9430.38
-10258.84 -9430.38
-9829.70 -9430.38
-10105.36 -9430.38
-10015.28 -9430.38
-9854.21 -9430.38
-10330.95 -9430.38
-9968.89 -9430.38
-10056.86 -9430.38
-9888.13 -9430.38
-10008.07 -9430.38
-9752.26 -9430.38
-9903.62 -9430.38
-9818.30 -9430.38
-9926.12 -9430.38
-10057.72 -9430.38
-10008.32 -9430.38
-10172.18 -9430.38
-9820.79 -9430.38
-10079.50 -9430.38
-10138.83 -9430.38
-9894.49 -9430.38
-10268.81 -9430.38
-9938.36 -9430.38
-10585.11 -9430.38
-10124.47 -9430.38
-10052.35 -9430.38
-10409.48 -9430.38
-10200.26 -9430.38
-10219.21 -9430.38
-10025.80 -9430.38
-9793.01 -9430.38
-10422.70 -9430.38
-10154.87 -9430.38
-9965.13 -9430.38
-9932.89 -9430.38
-10001.55 -9430.38
-10288.54 -9430.38
-10200.90 -9430.38
-10372.24 -9430.38
-10000.82 -9430.38
-9746.63 -9430.38
-9688.37 -9430.38
-9908.32 -9430.38
-10085.23 -9430.38
-9891.24 -9430.38
-10147.21 -9430.38
-9997.02 -9430.38
-10023.49 -9430.38
-10102.44 -9430.38
-9861.31 -9430.38
-10189.92 -9430.38
-9989.25 -9430.38
-9917.56 -9430.38
-9772.69 -9430.38
-9986.65 -9430.38
-10261.32 -9430.38
-10295.93 -9430.38
-9891.29 -9430.38
-10102.47 -9430.38
-9882.44 -9430.38
-9867.52 -9430.38
-10290.74 -9430.38
-10408.42 -9430.38
-10132.10 -9430.38
-10154.60 -9430.38
-9884.58 -9430.38
-9721.10 -9430.38
-10148.56 -9430.38
-10080.67 -9430.38
-9958.44 -9430.38
-10262.57 -9430.38
-9871.22 -9430.38
-10058.58 -9430.38
-9945.50 -9430.38
-9939.80 -9430.38
-10024.11 -9430.38
-9881.55 -9430.38
-9878.07 -9430.38
-10047.34 -9430.38
-10105.02 -9430.38
-9953.53 -9430.38
-10166.41 -9430.38
-9899.17 -9430.38
-10218.63 -9430.38
-9845.27 -9430.38
-10098.77 -9430.38
-9953.24 -9430.38
-10080.66 -9430.38
-9984.60 -9430.38
-10043.36 -9430.38
-9990.23 -9430.38
-9905.77 -9430.38
-10050.35 -9430.38
-10361.22 -9430.38
-10205.33 -9430.38
-10018.88 -9430.38
-9915.12 -9430.38
-10039.66 -9430.38
-10014.98 -9430.38
-9996.45 -9430.38
-10091.73 -9430.38
-10369.25 -9430.38
-9920.90 -9430.38
-10064.51 -9430.38
-10016.51 -9430.38
-9769.75 -9430.38
-10148.23 -9430.38
-9898.02 -9430.38
-9914.12 -9430.38
-9990.30 -9430.38
-10010.17 -9430.38
-10089.43 -9430.38
-9961.22 -9430.38
-10081.71 -9430.38
-9950.24 -9430.38
-9925.33 -9430.38
-10126.81 -9430.38
-9752.34 -9430.38
-9937.23 -9430.38
-9877.29 -9430.38
-10125.61 -9430.38
-9974.23 -9430.38
-9987.86 -9430.38
-9869.75 -9430.38
-9994.09 -9430.38
-10252.14 -9430.38
-9833.15 -9430.38
-10359.92 -9430.38
-10051.11 -9430.38
-10355.88 -9430.38
-10089.18 -9430.38
-9648.68 -9430.38
-10265.36 -9430.38
-9863.59 -9430.38
-9914.27 -9430.38
-9858.27 -9430.38
-10118.34 -9430.38
-10266.26 -9430.38
-9916.85 -9430.38
-10432.84 -9430.38
-10089.42 -9430.38
-10121.94 -9430.38
-10159.82 -9430.38
-10024.47 -9430.38
-9780.66 -9430.38
-10176.50 -9430.38
-10157.17 -9430.38
-9966.25 -9430.38
-9858.39 -9430.38
-9979.02 -9430.38
-9864.15 -9430.38
-9865.56 -9430.38
-9972.67 -9430.38
-10078.96 -9430.38
-10162.28 -9430.38
-9851.91 -9430.38
-10000.49 -9430.38
-10166.84 -9430.38
-10274.33 -9430.38
-9897.00 -9430.38
-10318.76 -9430.38
-10035.17 -9430.38
-9916.23 -9430.38
-10096.09 -9430.38
-10291.41 -9430.38
-10433.92 -9430.38
-9695.48 -9430.38
-9993.33 -9430.38
-9898.13 -9430.38
-10229.40 -9430.38
-10340.40 -9430.38
-9941.18 -9430.38
-9944.39 -9430.38
-9910.43 -9430.38
-10145.04 -9430.38
-10286.84 -9430.38
-9952.24 -9430.38
-10017.93 -9430.38
-10158.33 -9430.38
-9783.78 -9430.38
-10004.39 -9430.38
-9925.63 -9430.38
-9965.35 -9430.38
-10168.96 -9430.38
-10003.26 -9430.38
-9944.66 -9430.38
-9930.20 -9430.38
-9974.63 -9430.38
-10233.35 -9430.38
-9859.96 -9430.38
-9996.45 -9430.38
-9815.41 -9430.38
-9964.03 -9430.38
-9868.34 -9430.38
-10059.96 -9430.38
-9945.49 -9430.38
-10311.16 -9430.38
-9933.50 -9430.38
-10002.21 -9430.38
-10190.86 -9430.38
-9798.36 -9430.38
-9860.40 -9430.38
-10135.60 -9430.38
-9983.22 -9430.38
-10043.20 -9430.38
-10094.89 -9430.38
-10083.79 -9430.38
-10059.48 -9430.38
-10402.48 -9430.38
-9923.30 -9430.38
-9995.04 -9430.38
-10040.60 -9430.38
-9917.43 -9430.38
-9788.82 -9430.38
-10182.04 -9430.38
-9756.09 -9430.38
-9893.70 -9430.38
-10313.27 -9430.38
-10208.30 -9430.38
-10004.00 -9430.38
-9943.05 -9430.38
-9818.13 -9430.38
-9987.89 -9430.38
-10072.56 -9430.38
-9906.68 -9430.38
-10043.46 -9430.38
-10244.15 -9430.38
-9839.42 -9839.42
-9844.25 -9839.42
-9867.65 -9839.42
-10137.04 -9839.42
-10061.79 -9839.42
-9840.38 -9840.38
-10113.89 -9840.38
-10151.47 -9840.38
-9620.43 -9620.43
-9528.03 -9528.03
-9874.82 -9528.03
-9722.29 -9528.03
-9888.83 -9528.03
-9585.42 -9528.03
-9812.04 -9528.03
-9761.41 -9528.03
-10295.71 -9528.03
-9682.88 -9528.03
-9715.11 -9528.03
-9685.03 -9528.03
-10281.06 -9528.03
-9833.21 -9528.03
-9969.03 -9528.03
-9789.16 -9528.03
-9751.07 -9528.03
-9715.46 -9528.03
-9872.65 -9528.03
-10007.61 -9528.03
-9744.73 -9528.03
-9676.45 -9528.03
-10086.09 -9528.03
-9919.53 -9528.03
-9846.99 -9528.03
-9890.77 -9528.03
-9587.19 -9528.03
-9854.39 -9528.03
-9834.76 -9528.03
-9680.70 -9528.03
-9608.04 -9528.03
-9654.15 -9528.03
-9789.08 -9528.03
-9758.49 -9528.03
-9882.80 -9528.03
-9879.31 -9528.03
-10099.88 -9528.03
-9848.79 -9528.03
-9866.16 -9528.03
-10003.91 -9528.03
-10174.62 -9528.03
-9814.38 -9528.03
-9703.69 -9528.03
-9662.81 -9528.03
-10130.36 -9528.03
-10344.39 -9528.03
-9901.77 -9528.03
-9682.43 -9528.03
-9679.99 -9528.03
-9965.00 -9528.03
-9909.02 -9528.03
-9768.21 -9528.03
-9919.76 -9528.03
-9720.36 -9528.03
-9597.08 -9528.03
-10047.66 -9528.03
-9876.14 -9528.03
-9752.72 -9528.03
-9831.04 -9528.03
-9577.40 -9528.03
-9856.81 -9528.03
-9788.51 -9528.03
-9928.95 -9528.03
-9806.93 -9528.03
-9587.59 -9528.03
-9796.05 -9528.03
-9884.56 -9528.03
-9830.40 -9528.03
-10032.62 -9528.03
-9896.49 -9528.03
-9812.96 -9528.03
-9800.68 -9528.03
-9820.89 -9528.03
-9920.40 -9528.03
-9648.25 -9528.03
-9630.94 -9528.03
-10183.87 -9528.03
-9731.10 -9528.03
-9963.08 -9528.03
-9780.09 -9528.03
-9837.13 -9528.03
-10237.29 -9528.03
-9845.34 -9528.03
-9679.38 -9528.03
-9469.93 -9469.93
-9647.03 -9469.93
-10320.81 -9469.93
-10143.69 -9469.93
-9767.95 -9469.93
-9841.05 -9469.93
-9776.53 -9469.93
-9884.58 -9469.93
-10352.54 -9469.93
-9529.62 -9469.93
-9680.23 -9469.93
-9714.80 -9469.93
-10234.88 -9469.93
-10033.70 -9469.93
-9642.94 -9469.93
-10110.34 -9469.93
-9782.12 -9469.93
-9599.20 -9469.93
-9860.13 -9469.93
-9728.94 -9469.93
-10062.07 -9469.93
-9760.60 -9469.93
-9626.93 -9469.93
-9660.89 -9469.93
-9982.62 -9469.93
-9644.49 -9469.93
-9976.34 -9469.93
-9686.92 -9469.93
-10094.99 -9469.93
-9820.87 -9469.93
-9727.99 -9469.93
-9931.40 -9469.93
-9586.65 -9469.93
-10019.68 -9469.93
-10065.86 -9469.93
-9784.41 -9469.93
-9794.79 -9469.93
-9870.87 -9469.93
-9670.35 -9469.93
-9674.95 -9469.93
-9907.04 -9469.93
-9574.77 -9469.93
-9786.09 -9469.93
-9638.26 -9469.93
-9727.52 -9469.93
-9687.24 -9469.93
-9616.29 -9469.93
-9690.93 -9469.93
-10161.31 -9469.93
-9768.59 -9469.93
-9763.18 -9469.93
-9948.13 -9469.93
-9706.83 -9469.93
-9796.70 -9469.93
-9682.11 -9469.93
-9982.25 -9469.93
-10184.72 -9469.93
-9847.13 -9469.93
-9991.80 -9469.93
-9692.23 -9469.93
-9622.42 -9469.93
-9988.50 -9469.93
-10083.81 -9469.93
-9622.06 -9469.93
-9665.65 -9469.93
-9912.15 -9469.93
-9568.32 -9469.93
-10278.58 -9469.93
-9827.77 -9469.93
-10041.35 -9469.93
-9591.89 -9469.93
-9717.70 -9469.93
-9617.64 -9469.93
-9672.23 -9469.93
-9606.58 -9469.93
-9784.16 -9469.93
-9850.87 -9469.93
-9953.80 -9469.93
-9737.93 -9469.93
-9499.00 -9469.93
-9825.71 -9469.93
-9990.63 -9469.93
-9637.00 -9469.93
-9781.04 -9469.93
-9382.80 -9382.80
-10094.17 -9382.80
-9578.00 -9382.80
-10119.17 -9382.80
-10087.26 -9382.80
-9798.05 -9382.80
-9590.16 -9382.80
-9589.40 -9382.80
-9487.06 -9382.80
-9571.64 -9382.80
-9877.15 -9382.80
-10218.13 -9382.80
-9813.62 -9382.80
-9753.60 -9382.80
-9703.91 -9382.80
-9575.44 -9382.80
-9754.85 -9382.80
-9651.68 -9382.80
-9563.33 -9382.80
-9674.03 -9382.80
-9423.45 -9382.80
-9647.81 -9382.80
-10154.20 -9382.80
-9547.10 -9382.80
-9437.09 -9382.80
-10081.23 -9382.80
-9470.93 -9382.80
-9412.07 -9382.80
-9633.71 -9382.80
-9663.14 -9382.80
-9537.03 -9382.80
-9941.47 -9382.80
-9791.41 -9382.80
-9662.97 -9382.80
-9647.23 -9382.80
-9608.82 -9382.80
-9706.53 -9382.80
-9624.14 -9382.80
-9498.40 -9382.80
-9624.99 -9382.80
-9751.81 -9382.80
-9660.25 -9382.80
-9901.61 -9382.80
-9854.74 -9382.80
-9642.89 -9382.80
-9617.68 -9382.80
-9759.23 -9382.80
-9796.40 -9382.80
-9532.05 -9382.80
-9524.78 -9382.80
-9490.54 -9382.80
-9900.63 -9382.80
-9674.81 -9382.80
-9902.34 -9382.80
-9721.75 -9382.80
-9935.63 -9382.80
-9651.83 -9382.80
-9565.24 -9382.80
-9807.88 -9382.80
-10204.00 -9382.80
-9465.72 -9382.80
-9985.75 -9382.80
-9659.44 -9382.80
-9673.50 -9382.80
-9463.20 -9382.80
-10167.04 -9382.80
-9600.15 -9382.80
-9828.59 -9382.80
-9726.05 -9382.80
-9877.42 -9382.80
-9543.95 -9382.80
-9884.38 -9382.80
-9486.49 -9382.80
-9573.95 -9382.80
-9645.04 -9382.80
-9630.41 -9382.80
-9548.94 -9382.80
-9614.28 -9382.80
-9695.63 -9382.80
-9773.79 -9382.80
-9508.40 -9382.80
-10088.05 -9382.80
-9519.94 -9382.80
-9992.99 -9382.80
-9538.87 -9382.80
-10288.54 -9382.80
-9818.48 -9382.80
-9965.02 -9382.80
-9583.81 -9382.80
-9953.16 -9382.80
-9564.99 -9382.80
-9754.60 -9382.80
-9723.28 -9382.80
-10106.64 -9382.80
-9565.43 -9382.80
-9830.35 -9382.80
-9605.67 -9382.80
-9692.48 -9382.80
-9531.12 -9382.80
-10097.79 -9382.80
-9642.46 -9382.80
-9901.99 -9382.80
-9820.77 -9382.80
-9499.27 -9382.80
-9721.70 -9382.80
-9655.72 -9382.80
-9665.05 -9382.80
-9706.34 -9382.80
-10068.63 -9382.80
-9558.17 -9382.80
-9601.95 -9382.80
-10067.08 -9382.80
-9432.99 -9382.80
-9741.18 -9382.80
-9828.63 -9382.80
-9541.08 -9382.80
-9641.08 -9382.80
-9787.02 -9382.80
-9743.43 -9382.80
-9879.79 -9382.80
-9659.38 -9382.80
-9433.52 -9382.80
-9622.73 -9382.80
-9696.27 -9382.80
-9797.80 -9382.80
-9526.05 -9382.80
-9641.63 -9382.80
-9635.65 -9382.80
-9763.63 -9382.80
-9462.09 -9382.80
-9569.45 -9382.80
-9741.81 -9382.80
-9908.98 -9382.80
-9837.88 -9382.80
-10139.68 -9382.80
-9507.16 -9382.80
-9830.86 -9382.80
-9506.62 -9382.80
-9869.36 -9382.80
-9545.62 -9382.80
-9621.75 -9382.80
-9748.15 -9382.80
-9741.11 -9382.80
-9657.42 -9382.80
-9679.41 -9382.80
-9716.12 -9382.80
-9702.57 -9382.80
-9727.27 -9382.80
-9772.48 -9382.80
-10003.14 -9382.80
-9504.75 -9382.80
-10086.98 -9382.80
-9628.16 -9382.80
-9777.92 -9382.80
-9869.95 -9382.80
-9519.20 -9382.80
-9789.90 -9382.80
-9662.44 -9382.80
-9715.15 -9382.80
-9723.17 -9382.80
-9602.86 -9382.80
-9872.51 -9382.80
-10111.58 -9382.80
-9707.82 -9382.80
-10027.09 -9382.80
-9274.60 -9274.60
-9371.69 -9274.60
-9867.72 -9274.60
-10055.51 -9274.60
-9987.10 -9274.60
-9778.81 -9274.60
-9816.20 -9274.60
-9430.53 -9274.60
-10062.31 -9274.60
-10055.66 -9274.60
-9681.82 -9274.60
-9577.11 -9274.60
-9682.82 -9274.60
-9600.91 -9274.60
-9799.50 -9274.60
-9706.22 -9274.60
-9716.37 -9274.60
-9544.90 -9274.60
-9501.94 -9274.60
-9824.73 -9274.60
-9665.11 -9274.60
-9661.46 -9274.60
-9730.01 -9274.60
-9733.98 -9274.60
-9585.84 -9274.60
-9583.89 -9274.60
-9939.28 -9274.60
-9535.85 -9274.60
-9774.34 -9274.60
-9797.53 -9274.60
-9693.32 -9274.60
-9707.35 -9274.60
-9825.90 -9274.60
-9978.59 -9274.60
-9681.04 -9274.60
-9546.47 -9274.60
-9763.08 -9274.60
-9996.76 -9274.60
-10129.70 -9274.60
-9435.11 -9274.60
-9605.31 -9274.60
-9781.17 -9274.60
-9600.34 -9274.60
-9777.88 -9274.60
-9424.20 -9274.60
-9571.27 -9274.60
-9778.33 -9274.60
-9816.46 -9274.60
-9503.11 -9274.60
-10007.15 -9274.60
-9693.52 -9274.60
-9749.13 -9274.60
-9458.09 -9274.60
-9703.98 -9274.60
-9199.69 -9199.69
-9549.36 -9199.69
-9384.20 -9199.69
-9356.21 -9199.69
-9484.41 -9199.69
-9862.04 -9199.69
-9586.29 -9199.69
-9551.00 -9199.69
-9376.47 -9199.69
-9520.32 -9199.69
-9572.11 -9199.69
-9336.29 -9199.69
-10004.64 -9199.69
-9999.53 -9199.69
-9478.19 -9199.69
-9327.61 -9199.69
-9533.58 -9199.69
-9605.25 -9199.69
-9318.56 -9199.69
-9164.14 -9164.14
-9409.00 -9164.14
-9852.94 -9852.94
-9983.59 -9852.94
-9888.55 -9852.94
-9858.21 -9852.94
-9771.05 -9771.05
-9670.47 -9670.47
-10245.49 -9670.47
-10029.02 -9670.47
-9670.83 -9670.47
-9744.91 -9670.47
-9785.25 -9670.47
-9968.17 -9670.47
-9978.12 -9670.47
-9902.95 -9670.47
-9653.06 -9653.06
-9653.40 -9653.40
-10142.25 -9653.40
-9726.57 -9653.40
-9621.72 -9621.72
-9734.40 -9621.72
-9959.40 -9621.72
-9889.44 -9621.72
-10249.77 -9621.72
-9815.19 -9621.72
-9776.24 -9621.72
-9637.62 -9621.72
-9707.61 -9621.72
-10105.64 -9621.72
-9469.60 -9469.60
-9734.08 -9469.60
-9754.81 -9469.60
-9934.24 -9469.60
-9785.34 -9469.60
-9484.25 -9469.60
-9904.39 -9469.60
-10098.84 -9469.60
-9785.68 -9469.60
-9598.86 -9469.60
-9517.51 -9469.60
-9704.87 -9469.60
-9583.29 -9469.60
-9659.07 -9469.60
-9717.71 -9469.60
-9904.52 -9469.60
-9671.65 -9469.60
-9978.41 -9469.60
-9929.62 -9469.60
-9783.58 -9469.60
-9707.56 -9469.60
-10349.80 -9469.60
-9979.69 -9469.60
-9860.97 -9469.60
-9625.35 -9469.60
-10249.00 -9469.60
-9916.31 -9469.60
-9727.39 -9469.60
-10003.99 -9469.60
-9748.84 -9469.60
-9791.21 -9469.60
-9727.11 -9469.60
-9651.97 -9469.60
-9719.56 -9469.60
-9472.86 -9472.86
-10189.56 -9472.86
-9501.37 -9472.86
-9501.78 -9472.86
-9362.85 -9362.85
-9870.79 -9362.85
-9517.46 -9362.85
-9692.01 -9362.85
-9521.79 -9362.85
-9482.85 -9362.85
-10100.47 -9362.85
-9599.63 -9362.85
-9444.07 -9362.85
-9773.68 -9362.85
-10019.43 -9362.85
-9623.46 -9362.85
-9777.66 -9362.85
-9417.05 -9362.85
-9630.20 -9362.85
-9613.99 -9362.85
-9790.10 -9362.85
-9742.44 -9362.85
-10137.20 -9362.85
-9817.43 -9362.85
-9634.88 -9362.85
-9877.50 -9362.85
-9676.01 -9362.85
-9360.48 -9360.48
-9756.31 -9360.48
-9597.40 -9360.48
-9914.00 -9360.48
-9964.90 -9360.48
-9832.49 -9360.48
-9739.10 -9360.48
-9640.78 -9360.48
-9747.13 -9360.48
-9792.73 -9360.48
-9961.38 -9360.48
-9768.41 -9360.48
-10283.75 -9360.48
-9674.58 -9360.48
-9793.70 -9360.48
-9701.48 -9360.48
-9440.23 -9360.48
-9432.90 -9360.48
-9848.03 -9360.48
-10002.84 -9360.48
-9534.76 -9360.48
-9496.19 -9360.48
-9721.05 -9360.48
-9848.99 -9360.48
-10098.46 -9360.48
-9574.20 -9360.48
-9643.27 -9360.48
-9693.43 -9360.48
-9489.06 -9360.48
-9712.83 -9360.48
-9633.22 -9360.48
-9691.06 -9360.48
-9727.77 -9360.48
-9835.93 -9360.48
-9842.42 -9360.48
-9549.75 -9360.48
-9595.92 -9360.48
-9786.73 -9360.48
-9937.33 -9360.48
-9761.84 -9360.48
-9707.33 -9360.48
-9581.77 -9360.48
-9823.20 -9360.48
-9638.14 -9360.48
-9746.15 -9360.48
-9526.10 -9360.48
-9987.85 -9360.48
-9695.04 -9360.48
-9573.98 -9360.48
-9738.12 -9360.48
-9881.02 -9360.48
-9873.51 -9360.48
-9799.36 -9360.48
-9748.79 -9360.48
-9530.73 -9360.48
-9698.27 -9360.48
-9692.88 -9360.48
-9620.15 -9360.48
-9990.84 -9360.48
-9544.52 -9360.48
-9628.59 -9360.48
-9892.49 -9360.48
-9836.12 -9360.48
-9693.23 -9360.48
-9583.11 -9360.48
-9670.42 -9360.48
-9904.51 -9360.48
-9708.56 -9360.48
-9797.58 -9360.48
-9380.32 -9360.48
-10293.91 -9360.48
-9680.57 -9360.48
-9726.61 -9360.48
-9882.70 -9360.48
-10029.95 -9360.48
-9898.94 -9360.48
-9925.35 -9360.48
-9556.32 -9360.48
-9798.41 -9360.48
-9581.86 -9360.48
-9968.49 -9360.48
-9648.45 -9360.48
-9608.76 -9360.48
-9829.62 -9360.48
-9428.66 -9360.48
-10248.94 -9360.48
-10039.54 -9360.48
-9998.42 -9360.48
-9854.22 -9360.48
-9872.76 -9360.48
-9763.46 -9360.48
-9726.61 -9360.48
-9794.42 -9360.48
-9624.83 -9360.48
-9996.83 -9360.48
-9714.05 -9360.48
-9689.74 -9360.48
-9613.01 -9360.48
-10022.14 -9360.48
-9559.21 -9360.48
-9967.02 -9360.48
-9702.79 -9360.48
-9679.43 -9360.48
-9610.00 -9360.48
-9801.13 -9360.48
-9601.35 -9360.48
-10025.29 -9360.48
-9470.68 -9360.48
-9566.04 -9360.48
-9732.96 -9360.48
-9673.05 -9360.48
-9879.92 -9360.48
-9563.20 -9360.48
-9813.86 -9360.48
-10098.19 -9360.48
-9779.78 -9360.48
-9649.55 -9360.48
-9640.28 -9360.48
-9774.93 -9360.48
-9767.57 -9360.48
-9816.20 -9360.48
-9565.26 -9360.48
-9626.04 -9360.48
-9585.16 -9360.48
-9747.63 -9360.48
-9506.64 -9360.48
-9710.60 -9360.48
-9871.34 -9360.48
-9692.45 -9360.48
-9272.31 -9272.31
-9647.98 -9272.31
-9594.68 -9272.31
-9608.22 -9272.31
-9593.71 -9272.31
-9878.00 -9272.31
-9596.01 -9272.31
-9872.67 -9272.31
-9809.17 -9272.31
-9381.78 -9272.31
-9499.33 -9272.31
-9349.39 -9272.31
-9726.81 -9272.31
-9578.00 -9272.31
-10087.13 -9272.31
-9598.68 -9272.31
-9959.05 -9272.31
-9635.19 -9272.31
-9713.85 -9272.31
-9572.67 -9272.31
-9827.01 -9272.31
-9704.53 -9272.31
-9649.69 -9272.31
-9437.77 -9272.31
-9454.50 -9272.31
-9523.46 -9272.31
-9668.49 -9272.31
-9878.07 -9272.31
-9661.88 -9272.31
-9776.20 -9272.31
-9551.50 -9272.31
-9480.16 -9272.31
-9517.47 -9272.31
-9628.20 -9272.31
-9537.19 -9272.31
-9899.26 -9272.31
-9694.23 -9272.31
-10038.26 -9272.31
-9440.05 -9272.31
-9748.48 -9272.31
-9944.76 -9272.31
-10189.37 -9272.31
-9907.74 -9272.31
-9753.87 -9272.31
-9684.22 -9272.31
-9764.63 -9272.31
-9347.07 -9272.31
-9432.35 -9272.31
-9572.80 -9272.31
-9732.63 -9272.31
-9484.08 -9272.31
-9409.42 -9272.31
-9487.53 -9272.31
-9748.12 -9272.31
-9318.68 -9272.31
-9537.80 -9272.31
-9619.37 -9272.31
-9383.78 -9272.31
-9558.78 -9272.31
-9684.66 -9272.31
-9636.23 -9272.31
-9538.76 -9272.31
-9496.44 -9272.31
-9945.03 -9272.31
-9589.40 -9272.31
-9317.84 -9272.31
-9732.30 -9272.31
-9280.38 -9272.31
-9686.47 -9272.31
-9591.15 -9272.31
-9901.51 -9272.31
-9668.33 -9272.31
-9461.87 -9272.31
-9459.05 -9272.31
-9462.97 -9272.31
-10085.30 -9272.31
-9554.17 -9272.31
-9798.16 -9272.31
-9499.53 -9272.31
-9444.82 -9272.31
-9711.62 -9272.31
-9595.11 -9272.31
-9354.48 -9272.31
-9902.69 -9272.31
-9340.36 -9272.31
-9601.00 -9272.31
-9416.41 -9272.31
-9377.92 -9272.31
-9515.20 -9272.31
-9506.47 -9272.31
-9567.30 -9272.31
-9634.87 -9272.31
-9408.04 -9272.31
-10007.15 -9272.31
-9538.58 -9272.31
-9852.83 -9272.31
-9745.74 -9272.31
-10116.48 -9272.31
-10003.76 -9272.31
-9635.56 -9272.31
-9703.88 -9272.31
-9474.78 -9272.31
-9742.26 -9272.31
-9350.80 -9272.31
-9564.16 -9272.31
-9808.67 -9272.31
-9505.90 -9272.31
-10014.42 -9272.31
-9359.48 -9272.31
-9706.91 -9272.31
-9810.27 -9272.31
-9323.83 -9272.31
-9359.56 -9272.31
-9880.27 -9272.31
-9522.65 -9272.31
-9447.58 -9272.31
-9551.31 -9272.31
-9398.26 -9272.31
-9424.46 -9272.31
-10008.07 -9272.31
-9479.84 -9272.31
-9817.14 -9272.31
-9404.83 -9272.31
-9761.95 -9272.31
-9481.39 -9272.31
-9573.67 -9272.31
-9809.17 -9272.31
-9330.72 -9272.31
-9532.39 -9272.31
-9607.38 -9272.31
-9425.83 -9272.31
-9430.27 -9272.31
-9550.22 -9272.31
-9764.92 -9272.31
-9778.12 -9272.31
-9353.90 -9272.31
-9807.61 -9272.31
-9536.74 -9272.31
-10122.44 -9272.31
-9561.24 -9272.31
-9891.92 -9272.31
-9184.47 -9184.47
-9424.80 -9184.47
-9453.74 -9184.47
-9457.92 -9184.47
-9700.33 -9184.47
-9242.00 -9184.47
-9140.42 -9140.42
-9634.62 -9140.42
-9416.25 -9140.42
-9602.56 -9140.42
-9061.33 -9061.33
-9632.26 -9061.33
-9062.85 -9061.33
-9232.00 -9061.33
-9491.93 -9061.33
-9414.81 -9061.33
-8915.54 -8915.54
-9945.26 -8915.54
-9154.49 -8915.54
-9349.87 -8915.54
-9685.29 -8915.54
-9345.32 -8915.54
-9085.96 -8915.54
-9638.91 -8915.54
-9563.63 -8915.54
-9069.12 -8915.54
-8952.76 -8915.54
-8875.69 -8875.69
-8829.97 -8829.97
-8712.94 -8712.94
-8701.19 -8701.19
-8956.21 -8701.19
-8672.52 -8672.52
-9583.48 -8672.52
-9006.53 -8672.52
-9158.34 -8672.52
-8534.19 -8534.19
-8619.86 -8534.19
-8911.61 -8534.19
-8400.31 -8400.31
-8810.30 -8400.31
-8477.60 -8400.31
-7739.77 -7739.77
-8822.88 -7739.77
-8718.97 -7739.77
-8502.07 -7739.77
-7969.16 -7739.77
-8555.47 -7739.77
-8100.59 -7739.77
-8815.32 -7739.77
-8503.09 -7739.77
-8034.21 -7739.77
-8450.65 -7739.77
-8729.60 -7739.77
-7032.13 -7032.13
-8331.93 -7032.13
-8105.58 -7032.13
-9832.42 -7032.13
-10038.27 -7032.13
-9819.47 -7032.13
-10262.81 -7032.13
-9973.34 -7032.13
-9845.71 -7032.13
-10389.60 -7032.13
-10168.67 -7032.13
-9927.60 -7032.13
-10094.38 -7032.13
-10009.71 -7032.13
-10032.77 -7032.13
-10530.15 -7032.13
-9724.34 -7032.13
-10171.21 -7032.13
-9867.80 -7032.13
-10103.37 -7032.13
-10069.13 -7032.13
-10086.45 -7032.13
-9773.65 -7032.13
-10128.80 -7032.13
-10091.38 -7032.13
-10065.12 -7032.13
-9902.64 -7032.13
-9968.48 -7032.13
-9992.41 -7032.13
-9924.85 -7032.13
-10061.34 -7032.13
-10141.90 -7032.13
-10046.56 -7032.13
-10018.10 -7032.13
-10417.56 -7032.13
-10165.24 -7032.13
-10051.36 -7032.13
-10143.28 -7032.13
-10032.61 -7032.13
-9762.71 -7032.13
-9942.07 -7032.13
-9839.80 -7032.13
-10077.24 -7032.13
-10217.64 -7032.13
-9922.59 -7032.13
-10098.93 -7032.13
-10094.20 -7032.13
-10128.01 -7032.13
-10212.91 -7032.13
-9917.07 -7032.13
-9709.40 -7032.13
-10093.77 -7032.13
-9821.76 -7032.13
-10223.25 -7032.13
-10009.91 -7032.13
-9945.32 -7032.13
-10002.45 -7032.13
-9962.04 -7032.13
-9998.53 -7032.13
-9936.98 -7032.13
-10029.51 -7032.13
-10012.38 -7032.13
-10002.41 -7032.13
-9986.10 -7032.13
-9945.00 -7032.13
-10039.08 -7032.13
-10060.08 -7032.13
-9932.58 -7032.13
-10442.51 -7032.13
-10267.33 -7032.13
-10137.64 -7032.13
-9900.60 -7032.13
-10174.89 -7032.13
-9969.56 -7032.13
-9876.63 -7032.13
-9974.44 -7032.13
-10073.88 -7032.13
-10131.08 -7032.13
-10248.52 -7032.13
-10089.24 -7032.13
-10062.64 -7032.13
-10247.87 -7032.13
-10282.43 -7032.13
-10151.53 -7032.13
-10103.80 -7032.13
-10279.96 -7032.13
-10090.12 -7032.13
-10076.98 -7032.13
-9936.89 -7032.13
-10029.63 -7032.13
-10077.93 -7032.13
-10031.81 -7032.13
-9836.71 -7032.13
-10148.58 -7032.13
-10466.52 -7032.13
-9908.00 -7032.13
-9796.21 -7032.13
-10033.97 -7032.13
-10127.30 -7032.13
-10167.62 -7032.13
-10030.32 -7032.13
-10072.70 -7032.13
-9973.57 -7032.13
-9915.55 -7032.13
-10215.89 -7032.13
-10144.48 -7032.13
-9888.35 -7032.13
-10146.60 -7032.13
-10318.94 -7032.13
-10248.90 -7032.13
-10217.02 -7032.13
-10089.61 -7032.13
-9924.51 -7032.13
-9761.01 -7032.13
-9961.68 -7032.13
-10068.95 -7032.13
-9926.64 -7032.13
-9961.91 -7032.13
-10089.09 -7032.13
-9944.48 -7032.13
-9979.00 -7032.13
-9818.08 -7032.13
-9972.56 -7032.13
-10019.10 -7032.13
-10081.05 -7032.13
-9984.45 -7032.13
-9918.37 -7032.13
-9990.36 -7032.13
-10295.03 -7032.13
-9974.38 -7032.13
-9827.91 -7032.13
-9911.46 -7032.13
-9828.96 -7032.13
-10157.51 -7032.13
-9992.13 -7032.13
-10393.00 -7032.13
-10497.17 -7032.13
-10116.38 -7032.13
-9872.69 -7032.13
-9908.25 -7032.13
-10020.36 -7032.13
-9734.26 -7032.13
-9929.37 -7032.13
-9955.40 -7032.13
-10030.14 -7032.13
-10001.08 -7032.13
-9932.76 -7032.13
-9820.79 -7032.13
-10061.03 -7032.13
-9936.81 -7032.13
-10022.49 -7032.13
-10077.59 -7032.13
-10122.91 -7032.13
-9920.62 -7032.13
-9788.05 -7032.13
-9806.83 -7032.13
-10225.74 -7032.13
-10195.42 -7032.13
-10244.89 -7032.13
-10392.66 -7032.13
-9998.54 -7032.13
-10106.68 -7032.13
-10177.23 -7032.13
-9838.51 -7032.13
-10017.23 -7032.13
-10372.09 -7032.13
-9841.59 -7032.13
-10065.25 -7032.13
-10054.53 -7032.13
-9888.14 -7032.13
-9984.33 -7032.13
-10075.98 -7032.13
-10022.49 -7032.13
-9911.56 -7032.13
-10038.16 -7032.13
-10241.59 -7032.13
-10060.54 -7032.13
-9976.84 -7032.13
-9979.99 -7032.13
-9904.19 -7032.13
-9926.48 -7032.13
-10050.49 -7032.13
-10323.87 -7032.13
-10025.14 -7032.13
-10008.48 -7032.13
-10103.15 -7032.13
-10117.80 -7032.13
-9901.40 -7032.13
-10153.34 -7032.13
-9824.96 -7032.13
-9988.51 -7032.13
-9883.16 -7032.13
-10421.78 -7032.13
-9918.83 -7032.13
-10189.56 -7032.13
-10086.56 -7032.13
-9915.09 -7032.13
-9980.53 -7032.13
-10311.51 -7032.13
-9948.75 -7032.13
-9976.99 -7032.13
-9847.41 -7032.13
-9915.93 -7032.13
-10022.01 -7032.13
-9758.47 -7032.13
-10126.26 -7032.13
-9867.16 -7032.13
-10026.25 -7032.13
-9955.52 -7032.13
-9938.50 -7032.13
-9987.13 -7032.13
-10189.56 -7032.13
-10309.72 -7032.13
-10012.09 -7032.13
-10239.33 -7032.13
-9931.01 -7032.13
-9828.59 -7032.13
-10043.28 -7032.13
-10333.26 -7032.13
-10075.22 -7032.13
-9934.97 -7032.13
-10269.00 -7032.13
-9806.39 -7032.13
-9962.86 -7032.13
-9956.87 -7032.13
-9903.92 -7032.13
-10391.73 -7032.13
-10012.97 -7032.13
-10346.52 -7032.13
-9933.92 -7032.13
-10278.03 -7032.13
-9915.48 -7032.13
-10042.58 -7032.13
-10055.47 -7032.13
-9965.47 -7032.13
-9964.39 -7032.13
-10451.00 -7032.13
-9838.00 -7032.13
-9925.37 -7032.13
-10256.29 -7032.13
-10163.77 -7032.13
-9856.52 -7032.13
-10084.57 -7032.13
-10163.32 -7032.13
-10251.30 -7032.13
-10120.39 -7032.13
-10227.95 -7032.13
-10180.05 -7032.13
-10051.71 -7032.13
-10192.83 -7032.13
-10047.90 -7032.13
-9989.38 -7032.13
-10133.91 -7032.13
-10005.45 -7032.13
-9859.96 -7032.13
-9911.16 -7032.13
-10065.69 -7032.13
-9970.01 -7032.13
-9771.57 -7032.13
-10048.32 -7032.13
-9823.33 -7032.13
-9989.35 -7032.13
-10227.81 -7032.13
-9973.33 -7032.13
-9859.61 -7032.13
-9862.23 -7032.13
-10217.75 -7032.13
-9938.64 -7032.13
-9923.91 -7032.13
-10111.32 -7032.13
-10048.96 -7032.13
-10187.48 -7032.13
-9897.69 -7032.13
-9986.11 -7032.13
-10301.97 -7032.13
-9807.59 -7032.13
-9962.66 -7032.13
-10033.21 -7032.13
-10340.89 -7032.13
-10100.22 -7032.13
-10025.07 -7032.13
-10001.16 -7032.13
-10440.75 -7032.13
-10053.13 -7032.13
-9779.85 -7032.13
-10000.61 -7032.13
-10048.14 -7032.13
-10018.83 -7032.13
-9892.31 -7032.13
-9986.78 -7032.13
-10262.60 -7032.13
-10259.58 -7032.13
-10033.40 -7032.13
-9828.88 -7032.13
-10019.22 -7032.13
-10001.67 -7032.13
-10241.63 -7032.13
-10041.50 -7032.13
-9900.04 -7032.13
-9944.22 -7032.13
-10396.36 -7032.13
-9897.00 -7032.13
-10120.10 -7032.13
-10224.03 -7032.13
-9994.71 -7032.13
-9982.09 -7032.13
-9948.12 -7032.13
-9908.26 -7032.13
-9951.53 -7032.13
-10294.40 -7032.13
-10066.18 -7032.13
-9864.47 -7032.13
-10338.84 -7032.13
-10088.95 -7032.13
-10260.10 -7032.13
-9811.07 -7032.13
-10002.74 -7032.13
-9985.37 -7032.13
-10230.02 -7032.13
-9922.45 -7032.13
-10000.02 -7032.13
-10141.30 -7032.13
-9858.68 -7032.13
-9810.38 -7032.13
-10104.72 -7032.13
-10504.05 -7032.13
-9683.63 -7032.13
-9930.17 -7032.13
-10103.26 -7032.13
-10091.30 -7032.13
-10127.12 -7032.13
-10056.10 -7032.13
-10042.73 -7032.13
-9891.89 -7032.13
-10093.42 -7032.13
-10169.94 -7032.13
-9946.50 -7032.13
-9872.68 -7032.13
-10156.56 -7032.13
-10135.98 -7032.13
-10076.45 -7032.13
-9981.58 -7032.13
-9985.93 -7032.13
-10080.75 -7032.13
-10253.39 -7032.13
-9947.04 -7032.13
-10074.83 -7032.13
-10457.19 -7032.13
-10038.44 -7032.13
-9890.79 -7032.13
-9956.59 -7032.13
-10010.75 -7032.13
-10116.83 -7032.13
-9981.92 -7032.13
-10296.15 -7032.13
-10266.70 -7032.13
-9999.98 -7032.13
-9970.19 -7032.13
-10085.65 -7032.13
-9785.70 -7032.13
-10041.62 -7032.13
-9849.46 -7032.13
-10128.03 -7032.13
-10292.68 -7032.13
-10026.56 -7032.13
-9810.66 -7032.13
-9985.76 -7032.13
-10117.13 -7032.13
-10145.32 -7032.13
-9985.87 -7032.13
-9951.05 -7032.13
-9941.21 -7032.13
-9799.69 -7032.13
-9972.88 -7032.13
-10345.06 -7032.13
-9768.48 -7032.13
-10014.15 -7032.13
-10113.60 -7032.13
-10027.96 -7032.13
-9977.34 -7032.13
-9866.64 -7032.13
-9959.04 -7032.13
-9825.35 -7032.13
-10228.80 -7032.13
-10034.24 -7032.13
-10065.77 -7032.13
-10219.07 -7032.13
-9859.09 -7032.13
-10220.83 -7032.13
-10212.83 -7032.13
-10283.58 -7032.13
-9873.61 -7032.13
-9865.17 -7032.13
-9997.98 -7032.13
-10294.48 -7032.13
-10058.90 -7032.13
-9939.89 -7032.13
-9994.71 -7032.13
-9898.83 -7032.13
-10419.37 -7032.13
-9963.24 -7032.13
-9944.03 -7032.13
-9905.31 -7032.13
-9958.76 -7032.13
-10025.79 -7032.13
-10157.08 -7032.13
-10141.19 -7032.13
-9974.66 -7032.13
-9998.32 -7032.13
-10071.29 -7032.13
-9967.86 -7032.13
-9959.04 -7032.13
-10087.86 -7032.13
-9880.63 -7032.13
-9971.03 -7032.13
-9746.69 -7032.13
-10083.21 -7032.13
-10004.99 -7032.13
-10014.83 -7032.13
-9891.21 -9891.21
-9702.32 -9702.32
-9778.88 -9702.32
-9879.02 -9702.32
-9999.01 -9702.32
-10041.44 -9702.32
-9997.62 -9702.32
-10057.26 -9702.32
-9711.61 -9702.32
-10050.14 -9702.32
-9955.53 -9702.32
-9918.44 -9702.32
-9922.46 -9702.32
-9769.86 -9702.32
-9657.71 -9657.71
-9920.28 -9657.71
-9728.26 -9657.71
-9715.02 -9657.71
-9886.07 -9657.71
-10111.74 -9657.71
-9680.54 -9657.71
-9699.31 -9657.71
-9669.05 -9657.71
-9649.67 -9649.67
-10057.97 -9649.67
-9810.72 -9649.67
-9814.91 -9649.67
-9538.57 -9538.57
-9930.14 -9538.57
-9791.56 -9538.57
-9694.68 -9538.57
-9739.36 -9538.57
-9525.11 -9525.11
-9994.13 -9525.11
-9999.85 -9525.11
-9739.57 -9525.11
-10145.42 -9525.11
-9906.81 -9525.11
-9688.63 -9525.11
-9818.45 -9525.11
-9865.26 -9525.11
-10236.25 -9525.11
-10045.74 -9525.11
-10103.26 -9525.11
-9786.96 -9525.11
-9751.08 -9525.11
-9646.60 -9525.11
-9978.59 -9525.11
-9727.68 -9525.11
-9935.11 -9525.11
-9575.38 -9525.11
-9484.77 -9484.77
-10011.57 -9484.77
-9844.27 -9484.77
-10176.67 -9484.77
-9794.91 -9484.77
-9509.31 -9484.77
-9601.96 -9484.77
-9799.82 -9484.77
-9722.55 -9484.77
-9728.53 -9484.77
-9365.00 -9365.00
-10071.44 -9365.00
-9414.47 -9365.00
-9475.49 -9365.00
-9608.97 -9365.00
-9406.22 -9365.00
-9939.14 -9365.00
-9460.69 -9365.00
-9628.01 -9365.00
-9353.46 -9353.46
-9621.89 -9353.46
-9448.70 -9353.46
-9441.44 -9353.46
-9424.82 -9353.46
-9730.27 -9353.46
-10180.65 -9353.46
-9538.65 -9353.46
-9401.52 -9353.46
-9486.08 -9353.46
-9903.22 -9353.46
-9642.96 -9353.46
-9844.32 -9353.46
-9653.94 -9353.46
-9572.79 -9353.46
-9837.71 -9353.46
-9578.10 -9353.46
-9388.56 -9353.46
-9355.12 -9353.46
-9889.18 -9353.46
-9524.59 -9353.46
-9474.97 -9353.46
-9909.20 -9353.46
-9291.46 -9291.46
-9554.36 -9291.46
-9566.27 -9291.46
-9310.57 -9291.46
-9220.80 -9220.80
-9604.26 -9220.80
-9674.84 -9220.80
-9773.52 -9220.80
-9500.32 -9220.80
-9721.31 -9220.80
-9452.24 -9220.80
-9946.04 -9220.80
-9530.70 -9220.80
-9708.66 -9220.80
-9859.92 -9220.80
-9802.42 -9220.80
-9534.30 -9220.80
-9724.63 -9220.80
-9676.36 -9220.80
-9462.73 -9220.80
-9570.64 -9220.80
-9629.07 -9220.80
-10025.30 -9220.80
-9812.93 -9220.80
-9731.04 -9220.80
-9425.96 -9220.80
-9517.78 -9220.80
-9767.30 -9220.80
-9394.33 -9220.80
-9613.30 -9220.80
-9921.92 -9220.80
-9610.59 -9220.80
-9632.86 -9220.80
-9476.36 -9220.80
-9409.50 -9220.80
-9590.42 -9220.80
-9296.37 -9220.80
-9225.56 -9220.80
-9683.46 -9220.80
-9579.34 -9220.80
-10379.01 -9220.80
-9836.37 -9220.80
-9530.39 -9220.80
-9429.73 -9220.80
-9628.57 -9220.80
-9314.06 -9220.80
-9563.12 -9220.80
-9549.45 -9220.80
-9404.53 -9220.80
-9558.22 -9220.80
-9957.56 -9220.80
-9572.17 -9220.80
-9361.36 -9220.80
-9477.67 -9220.80
-9382.93 -9220.80
-9755.44 -9220.80
-9556.54 -9220.80
-9342.78 -9220.80
-9621.94 -9220.80
-9451.88 -9220.80
-9501.80 -9220.80
-9549.42 -9220.80
-9397.97 -9220.80
-9442.45 -9220.80
-9333.08 -9220.80
-9451.87 -9220.80
-9496.19 -9220.80
-9315.34 -9220.80
-9329.20 -9220.80
-9345.32 -9220.80
-9781.42 -9220.80
-9521.19 -9220.80
-9638.22 -9220.80
-9499.00 -9220.80
-9568.26 -9220.80
-9322.71 -9220.80
-9585.59 -9220.80
-9248.35 -9220.80
-9297.59 -9220.80
-9723.07 -9220.80
-9038.19 -9038.19
-9433.64 -9038.19
-9591.43 -9038.19
-9344.58 -9038.19
-10005.29 -9038.19
-9050.82 -9038.19
-9768.20 -9038.19
-9653.38 -9038.19
-9506.03 -9038.19
-9407.46 -9038.19
-9666.19 -9038.19
-9686.23 -9038.19
-9813.72 -9038.19
-9804.92 -9038.19
-9841.31 -9038.19
-9896.19 -9038.19
-9990.06 -9038.19
-9443.54 -9038.19
-9398.00 -9038.19
-9501.53 -9038.19
-9686.10 -9038.19
-9297.40 -9038.19
-9837.08 -9038.19
-9648.39 -9038.19
-10200.65 -9038.19
-9689.94 -9038.19
-9497.85 -9038.19
-9779.58 -9038.19
-9574.67 -9038.19
-9711.89 -9038.19
-9496.94 -9038.19
-9253.15 -9038.19
-9354.95 -9038.19
-9440.36 -9038.19
-9599.72 -9038.19
-9639.39 -9038.19
-9346.76 -9038.19
-9916.43 -9038.19
-9533.01 -9038.19
-9558.61 -9038.19
-9628.09 -9038.19
-9374.66 -9038.19
-9566.30 -9038.19
-9371.79 -9038.19
-9645.38 -9038.19
-9692.61 -9038.19
-9475.11 -9038.19
-9738.74 -9038.19
-9615.34 -9038.19
-9410.93 -9038.19
-9575.64 -9038.19
-9611.73 -9038.19
-9399.09 -9038.19
-9605.79 -9038.19
-9653.53 -9038.19
-9646.85 -9038.19
-9637.85 -9038.19
-9507.79 -9038.19
-9658.89 -9038.19
-9977.86 -9038.19
-9619.02 -9038.19
-9787.77 -9038.19
-9419.71 -9038.19
-9497.65 -9038.19
-9465.50 -9038.19
-9924.60 -9038.19
-9555.44 -9038.19
-9866.85 -9038.19
-8997.76 -8997.76
-9116.65 -8997.76
-9785.95 -8997.76
-9545.73 -8997.76
-9349.82 -8997.76
-9518.67 -8997.76
-9307.36 -8997.76
-9299.46 -8997.76
-9276.19 -8997.76
-8940.00 -8940.00
-8960.19 -8940.00
-9231.31 -8940.00
-9015.00 -8940.00
-9008.57 -8940.00
-9351.73 -8940.00
-9169.94 -8940.00
-8940.90 -8940.90
-9057.82 -8940.90
-8929.33 -8929.33
-8856.14 -8856.14
-9005.56 -8856.14
-9090.76 -8856.14
-9078.88 -8856.14
-9113.38 -8856.14
-8662.49 -8662.49
-8565.22 -8565.22
-7964.30 -7964.30
-8316.98 -7964.30
-8143.06 -7964.30
-8254.33 -7964.30
-8386.30 -7964.30
-8864.95 -7964.30
-7926.37 -7926.37
-8702.86 -7926.37
-8898.82 -7926.37
-9003.32 -7926.37
-8255.95 -7926.37
-7894.53 -7894.53
-8687.10 -7894.53
-8296.82 -7894.53
-7439.60 -7439.60
-8289.36 -7439.60
-8233.66 -7439.60
-9603.61 -7439.60
-8552.82 -7439.60
-8694.99 -7439.60
-8192.23 -7439.60
-8374.26 -7439.60
-8354.31 -7439.60
-8486.04 -7439.60
-8426.61 -7439.60
-8621.81 -7439.60
-8493.63 -7439.60
-8612.51 -7439.60
-7832.63 -7439.60
-8373.94 -7439.60
-8586.38 -7439.60
-7792.92 -7439.60
-8367.66 -7439.60
-8033.14 -7439.60
-7875.05 -7439.60
-8245.19 -7439.60
-8605.71 -7439.60
-7898.06 -7439.60
-7305.22 -7305.22
-8274.85 -7305.22
-7759.07 -7305.22
-7946.19 -7305.22
-8741.03 -7305.22
-7980.25 -7305.22
-8356.79 -7305.22
-8151.16 -7305.22
-8050.70 -7305.22
-8779.97 -7305.22
-7906.56 -7305.22
-8125.28 -7305.22
-8475.19 -7305.22
-8228.42 -7305.22
-8608.80 -7305.22
-8502.25 -7305.22
-8206.80 -7305.22
-8429.12 -7305.22
-8074.96 -7305.22
-8274.76 -7305.22
-8204.98 -7305.22
-8823.49 -7305.22
-8622.38 -7305.22
-8280.26 -7305.22
-8606.73 -7305.22
-8110.81 -7305.22
-8292.44 -7305.22
-8639.82 -7305.22
-8058.42 -7305.22
-8284.78 -7305.22
-8648.84 -7305.22
-8064.77 -7305.22
-7828.63 -7305.22
-7790.40 -7305.22
-8466.56 -7305.22
-8062.96 -7305.22
-8341.09 -7305.22
-8339.78 -7305.22
-8182.44 -7305.22
-8197.93 -7305.22
-8714.64 -7305.22
-7600.85 -7305.22
-8464.44 -7305.22
-8763.51 -7305.22
-8410.85 -7305.22
-7944.64 -7305.22
-7616.90 -7305.22
-8231.21 -7305.22
-8700.28 -7305.22
-8328.18 -7305.22
-7863.89 -7305.22
-8771.12 -7305.22
-8045.48 -7305.22
-8500.51 -7305.22
-8723.02 -7305.22
-7875.19 -7305.22
-8132.53 -7305.22
-8067.42 -7305.22
-8152.99 -7305.22
-8822.85 -7305.22
-8442.92 -7305.22
-8036.11 -7305.22
-8024.55 -7305.22
-8665.92 -7305.22
-8759.97 -7305.22
-8450.65 -7305.22
-8373.62 -7305.22
-8659.62 -7305.22
-7629.55 -7305.22
-8704.01 -7305.22
-7787.92 -7305.22
-8516.78 -7305.22
-8016.69 -7305.22
-8583.03 -7305.22
-7977.02 -7305.22
-8262.36 -7305.22
-8457.90 -7305.22
-7906.09 -7305.22
-7752.41 -7305.22
-8102.82 -7305.22
-7755.68 -7305.22
-7967.88 -7305.22
-8962.95 -7305.22
-7576.02 -7305.22
-8497.81 -7305.22
-8172.65 -7305.22
-8050.81 -7305.22
-7635.40 -7305.22
-9048.85 -7305.22
-8129.94 -7305.22
-8903.82 -7305.22
-8867.22 -7305.22
-8644.04 -7305.22
-8319.97 -7305.22
-8205.25 -7305.22
-7719.20 -7305.22
-8122.63 -7305.22
-8558.34 -7305.22
-8153.95 -7305.22
-8565.15 -7305.22
-8041.72 -7305.22
-7896.12 -7305.22
-8800.15 -7305.22
-8852.48 -7305.22
-8077.15 -7305.22
-8590.02 -7305.22
-8095.07 -7305.22
-9554.37 -7305.22
-8054.15 -7305.22
-8780.27 -7305.22
-8837.97 -7305.22
-9823.09 -9823.09
-9959.19 -9823.09
-9935.55 -9823.09
-9981.55 -9823.09
-10018.00 -9823.09
-9814.01 -9814.01
-9693.70 -9693.70
-9989.68 -9693.70
-10416.70 -9693.70
-9968.94 -9693.70
-9799.36 -9693.70
-9959.57 -9693.70
-10162.87 -9693.70
-9928.62 -9693.70
-9724.54 -9693.70
-9837.39 -9693.70
-10089.52 -9693.70
-9964.75 -9693.70
-9812.49 -9693.70
-10301.50 -9693.70
-9821.43 -9693.70
-9804.68 -9693.70
-9915.45 -9693.70
-10094.47 -9693.70
-10134.22 -9693.70
-10060.22 -9693.70
-9829.59 -9693.70
-9858.88 -9693.70
-9971.49 -9693.70
-9746.37 -9693.70
-9946.28 -9693.70
-9946.40 -9693.70
-9872.39 -9693.70
-10125.65 -9693.70
-9875.97 -9693.70
-10036.06 -9693.70
-9676.04 -9676.04
-9730.06 -9676.04
-9862.92 -9676.04
-9938.76 -9676.04
-9971.11 -9676.04
-9859.51 -9676.04
-9897.19 -9676.04
-9982.06 -9676.04
-9830.96 -9676.04
-9847.44 -9676.04
-9704.33 -9676.04
-9833.72 -9676.04
-10035.70 -9676.04
-10073.37 -9676.04
-9675.89 -9675.89
-10296.99 -9675.89
-9640.23 -9640.23
-9852.09 -9640.23
-9796.38 -9640.23
-9880.59 -9640.23
-10075.47 -9640.23
-9648.92 -9640.23
-9897.07 -9640.23
-9889.86 -9640.23
-9797.46 -9640.23
-9708.34 -9640.23
-9850.26 -9640.23
-9923.28 -9640.23
-9996.89 -9640.23
-9802.06 -9640.23
-9755.90 -9640.23
-9813.63 -9640.23
-9882.43 -9640.23
-9635.91 -9635.91
-9906.45 -9635.91
-9666.59 -9635.91
-9691.60 -9635.91
-10249.12 -9635.91
-9817.02 -9635.91
-9974.40 -9635.91
-9948.81 -9635.91
-9769.90 -9635.91
-9826.47 -9635.91
-9757.02 -9635.91
-9613.36 -9613.36
-9931.59 -9613.36
-9659.44 -9613.36
-9962.69 -9613.36
-9797.33 -9613.36
-10058.80 -9613.36
-9605.13 -9605.13
-9514.84 -9514.84
-9865.54 -9514.84
-9583.29 -9514.84
-9684.74 -9514.84
-9923.93 -9514.84
-10089.91 -9514.84
-9732.49 -9514.84
-9610.68 -9514.84
-10008.66 -9514.84
-9739.31 -9514.84
-9871.68 -9514.84
-9598.05 -9514.84
-9679.90 -9514.84
-9743.18 -9514.84
-9671.08 -9514.84
-9462.39 -9462.39
-9785.57 -9462.39
-9810.91 -9462.39
-9814.01 -9462.39
-9593.49 -9462.39
-9470.46 -9462.39
-9502.67 -9462.39
-9721.18 -9462.39
-9664.67 -9462.39
-9660.13 -9462.39
-10124.48 -9462.39
-10086.81 -9462.39
-9659.99 -9462.39
-9798.60 -9462.39
-9614.30 -9462.39
-9482.95 -9462.39
-9588.70 -9462.39
-9752.23 -9462.39
-9748.04 -9462.39
-10023.90 -9462.39
-9774.81 -9462.39
-9637.01 -9462.39
-9664.56 -9462.39
-9531.75 -9462.39
-9594.49 -9462.39
-9658.36 -9462.39
-9400.96 -9400.96
-9610.12 -9400.96
-9612.70 -9400.96
-10028.87 -9400.96
-9805.99 -9400.96
-9467.68 -9400.96
-9973.09 -9400.96
-9625.34 -9400.96
-9742.23 -9400.96
-9505.40 -9400.96
-9486.71 -9400.96
-10247.44 -9400.96
-9398.25 -9398.25
-9882.37 -9398.25
-9413.64 -9398.25
-9530.48 -9398.25
-9453.97 -9398.25
-9645.49 -9398.25
-9847.50 -9398.25
-9322.52 -9322.52
-9878.37 -9322.52
-9358.35 -9322.52
-9383.77 -9322.52
-9539.19 -9322.52
-9378.46 -9322.52
-9316.56 -9316.56
-9471.01 -9316.56
-9422.99 -9316.56
-9505.02 -9316.56
-9556.48 -9316.56
-9352.25 -9316.56
-9272.74 -9272.74
-9344.47 -9272.74
-9558.22 -9272.74
-9047.50 -9047.50
-9597.69 -9047.50
-9285.24 -9047.50
-9442.51 -9047.50
-9642.14 -9047.50
-9226.20 -9047.50
-9420.45 -9047.50
-9300.58 -9047.50
-9436.54 -9047.50
-9443.64 -9047.50
-9032.13 -9032.13
-8970.47 -8970.47
-9725.22 -8970.47
-9139.28 -8970.47
-9029.46 -8970.47
-9333.45 -8970.47
-9090.25 -8970.47
-9358.61 -8970.47
-9567.76 -8970.47
-9565.10 -8970.47
-9191.00 -8970.47
-9349.11 -8970.47
-9600.53 -8970.47
-8988.05 -8970.47
-9311.54 -8970.47
-8695.18 -8695.18
-8722.01 -8695.18
-8842.01 -8695.18
-8898.32 -8695.18
-9212.70 -8695.18
-8624.20 -8624.20
-9200.40 -8624.20
-9327.50 -8624.20
-9560.84 -8624.20
-9021.42 -8624.20
-9013.51 -8624.20
-8895.89 -8624.20
-9295.22 -8624.20
-9416.59 -8624.20
-8861.43 -8624.20
-9034.93 -8624.20
-9123.35 -8624.20
-9309.45 -8624.20
-9143.14 -8624.20
-9565.67 -8624.20
-9502.51 -8624.20
-8705.31 -8624.20
-9404.04 -8624.20
-9078.88 -8624.20
-9193.57 -8624.20
-9699.32 -8624.20
-9078.88 -8624.20
-9377.23 -8624.20
-9123.99 -8624.20
-9063.47 -8624.20
-9666.83 -8624.20
-8909.18 -8624.20
-9254.25 -8624.20
-9506.40 -8624.20
-9131.41 -8624.20
-8932.97 -8624.20
-9811.29 -8624.20
-8808.32 -8624.20
-8410.31 -8410.31
-8882.12 -8410.31
-8274.97 -8274.97
-8717.68 -8274.97
-8533.79 -8274.97
-8542.20 -8274.97
-9332.56 -8274.97
-8550.02 -8274.97
-8650.28 -8274.97
-8074.34 -8074.34
-7867.27 -7867.27
-7623.51 -7623.51
-8062.50 -7623.51
-7919.04 -7623.51
-8134.91 -7623.51
-8037.64 -7623.51
-8936.38 -7623.51
-8267.42 -7623.51
-8134.33 -7623.51
-8091.89 -7623.51
-8772.02 -7623.51
-8697.19 -7623.51
-8207.65 -7623.51
-8337.50 -7623.51
-8349.23 -7623.51
-7620.15 -7620.15
-9603.29 -7620.15
-9165.31 -7620.15
-8800.66 -7620.15
-8365.99 -7620.15
-8690.22 -7620.15
-8696.66 -7620.15
-7863.90 -7620.15
-8323.64 -7620.15
-8523.48 -7620.15
-8196.85 -7620.15
-8222.39 -7620.15
-8008.19 -7620.15
-8841.51 -7620.15
-8248.72 -7620.15
-8290.77 -7620.15
-8472.46 -7620.15
-8314.88 -7620.15
-8081.61 -7620.15
-8817.53 -7620.15
-8300.95 -7620.15
-8175.38 -7620.15
-8354.28 -7620.15
-8784.89 -7620.15
-8014.41 -7620.15
-8316.43 -7620.15
-8743.37 -7620.15
-8449.23 -7620.15
-8330.95 -7620.15
-7857.01 -7620.15
-8543.77 -7620.15
-8605.13 -7620.15
-9559.42 -7620.15
-8789.83 -7620.15
-8534.19 -7620.15
-8535.57 -7620.15
-7905.60 -7620.15
-8278.34 -7620.15
-8396.41 -7620.15
-8323.84 -7620.15
-8289.26 -7620.15
-8368.18 -7620.15
-8749.78 -7620.15
-8461.13 -7620.15
-8748.86 -7620.15
-8323.12 -7620.15
-8387.90 -7620.15
-8594.41 -7620.15
-8161.74 -7620.15
-8586.74 -7620.15
-8733.27 -7620.15
-8625.09 -7620.15
-8089.96 -7620.15
-8363.98 -7620.15
-7926.72 -7620.15
-8554.33 -7620.15
-8620.77 -7620.15
-8097.52 -7620.15
-8844.17 -7620.15
-8012.05 -7620.15
-9429.13 -7620.15
-8596.99 -7620.15
-8594.32 -7620.15
-8881.81 -7620.15
-8858.83 -7620.15
-8623.70 -7620.15
-8440.14 -7620.15
-8652.54 -7620.15
-7967.36 -7620.15
-8279.51 -7620.15
-7559.29 -7559.29
-7436.75 -7436.75
-8138.33 -7436.75
-8231.37 -7436.75
-8113.53 -7436.75
-8116.44 -7436.75
-8305.99 -7436.75
-8973.43 -7436.75
-8749.88 -7436.75
-8380.40 -7436.75
-8215.94 -7436.75
-7954.07 -7436.75
-8039.06 -7436.75
-7565.36 -7436.75
-7958.02 -7436.75
-8371.62 -7436.75
-8607.34 -7436.75
-7846.78 -7436.75
-8754.31 -7436.75
-8631.91 -7436.75
-7964.16 -7436.75
-8086.01 -7436.75
-8004.31 -7436.75
-8182.98 -7436.75
-8050.68 -7436.75
-8260.40 -7436.75
-8282.53 -7436.75
-7804.43 -7436.75
-8312.13 -7436.75
-8579.60 -7436.75
-8828.33 -7436.75
-8411.71 -7436.75
-8542.79 -7436.75
-7907.91 -7436.75
-7813.97 -7436.75
-8399.34 -7436.75
-8550.71 -7436.75
-8555.62 -7436.75
-8145.25 -7436.75
-7841.21 -7436.75
-8028.56 -7436.75
-8724.18 -7436.75
-7704.40 -7436.75
-8100.85 -7436.75
-7413.51 -7413.51
-8024.90 -7413.51
-8085.02 -7413.51
-8144.41 -7413.51
-9214.88 -7413.51
-8591.63 -7413.51
-8438.49 -7413.51
-8459.54 -7413.51
-8449.96 -7413.51
-7701.03 -7413.51
-7906.09 -7413.51
-8109.00 -7413.51
-8429.12 -7413.51
-8295.76 -7413.51
-8604.29 -7413.51
-7801.99 -7413.51
-8113.53 -7413.51
-8598.26 -7413.51
-8148.69 -7413.51
-8011.99 -7413.51
-8242.69 -7413.51
-8378.95 -7413.51
-8044.07 -7413.51
-8083.42 -7413.51
-7729.06 -7413.51
-8586.86 -7413.51
-9175.87 -7413.51
-8446.35 -7413.51
-8116.94 -7413.51
-8178.86 -7413.51
-8455.77 -7413.51
-7983.24 -7413.51
-8224.99 -7413.51
-8597.46 -7413.51
-7605.28 -7413.51
-8287.84 -7413.51
-8119.16 -7413.51
-8201.81 -7413.51
-8519.94 -7413.51
-7926.43 -7413.51
-8294.74 -7413.51
-9047.88 -7413.51
-7915.76 -7413.51
-8896.59 -7413.51
-8147.63 -7413.51
-8034.10 -7413.51
-8505.58 -7413.51
-8557.58 -7413.51
-7666.53 -7413.51
-8442.92 -7413.51
-8096.17 -7413.51
-8249.09 -7413.51
-10071.08 -10071.08
-10089.44 -10071.08
-10050.55 -10050.55
-9764.90 -9764.90
-9630.49 -9630.49
-10316.65 -9630.49
-9749.77 -9630.49
-10216.30 -9630.49
-9667.16 -9630.49
-9788.79 -9630.49
-9858.47 -9630.49
-9813.08 -9630.49
-9980.99 -9630.49
-10020.73 -9630.49
-9797.18 -9630.49
-10216.36 -9630.49
-10011.02 -9630.49
-9929.20 -9630.49
-9850.86 -9630.49
-9707.73 -9630.49
-10056.17 -9630.49
-9523.68 -9523.68
-9954.14 -9523.68
-9898.10 -9523.68
-9784.54 -9523.68
-10176.45 -9523.68
-9685.88 -9523.68
-9611.84 -9523.68
-9883.12 -9523.68
-9920.85 -9523.68
-9659.17 -9523.68
-9935.61 -9523.68
-9727.62 -9523.68
-9692.01 -9523.68
-9965.38 -9523.68
-9808.22 -9523.68
-9639.66 -9523.68
-9790.95 -9523.68
-9568.45 -9523.68
-9668.42 -9523.68
-9736.47 -9523.68
-9879.80 -9523.68
-9563.99 -9523.68
-9901.84 -9523.68
-9631.68 -9523.68
-9606.55 -9523.68
-9641.95 -9523.68
-9618.07 -9523.68
-9565.39 -9523.68
-9743.25 -9523.68
-9717.52 -9523.68
-9762.37 -9523.68
-9763.67 -9523.68
-9783.88 -9523.68
-9885.08 -9523.68
-9705.23 -9523.68
-9746.73 -9523.68
-9572.18 -9523.68
-9718.93 -9523.68
-10072.03 -9523.68
-9602.14 -9523.68
-9824.08 -9523.68
-9840.41 -9523.68
-9803.86 -9523.68
-10208.90 -9523.68
-9704.12 -9523.68
-9806.46 -9523.68
-10179.79 -9523.68
-9978.08 -9523.68
-9888.73 -9523.68
-9537.13 -9523.68
-10018.72 -9523.68
-9733.25 -9523.68
-9830.71 -9523.68
-9771.91 -9523.68
-10017.96 -9523.68
-9936.45 -9523.68
-9810.32 -9523.68
-9804.01 -9523.68
-9644.81 -9523.68
-9908.68 -9523.68
-9894.37 -9523.68
-10083.26 -9523.68
-9815.60 -9523.68
-9915.65 -9523.68
-9823.04 -9523.68
-9717.83 -9523.68
-9872.97 -9523.68
-9841.16 -9523.68
-9624.02 -9523.68
-9606.55 -9523.68
-9803.16 -9523.68
-9551.57 -9523.68
-9615.78 -9523.68
-9528.15 -9523.68
-9656.63 -9523.68
-9743.65 -9523.68
-9851.98 -9523.68
-9563.91 -9523.68
-9789.91 -9523.68
-9484.44 -9484.44
-10079.76 -9484.44
-10142.72 -9484.44
-9771.18 -9484.44
-9855.09 -9484.44
-9615.83 -9484.44
-10269.50 -9484.44
-9599.38 -9484.44
-9719.72 -9484.44
-9382.18 -9382.18
-9724.54 -9382.18
-9452.05 -9382.18
-9501.37 -9382.18
-9533.54 -9382.18
-9556.90 -9382.18
-9355.63 -9355.63
-9806.68 -9355.63
-9646.36 -9355.63
-9545.61 -9355.63
-9448.63 -9355.63
-9456.64 -9355.63
-9491.66 -9355.63
-10299.22 -9355.63
-9732.09 -9355.63
-9292.25 -9292.25
-9491.42 -9292.25
-9399.24 -9292.25
-9411.62 -9292.25
-9610.87 -9292.25
-10029.83 -9292.25
-9459.82 -9292.25
-9346.60 -9292.25
-9456.42 -9292.25
-9529.25 -9292.25
-9473.31 -9292.25
-9430.85 -9292.25
-9647.35 -9292.25
-9903.22 -9292.25
-9404.20 -9292.25
-10111.30 -9292.25
-9414.48 -9292.25
-10167.36 -9292.25
-9679.05 -9292.25
-9600.25 -9292.25
-9591.46 -9292.25
-10097.34 -9292.25
-9707.04 -9292.25
-9454.95 -9292.25
-9513.24 -9292.25
-9403.60 -9292.25
-9824.44 -9292.25
-9375.99 -9292.25
-9508.95 -9292.25
-9492.73 -9292.25
-9339.95 -9292.25
-9830.60 -9292.25
-9770.43 -9292.25
-9475.32 -9292.25
-9294.98 -9292.25
-10060.26 -9292.25
-9628.02 -9292.25
-9422.95 -9292.25
-9629.24 -9292.25
-9619.82 -9292.25
-9708.70 -9292.25
-9600.63 -9292.25
-9380.88 -9292.25
-9657.91 -9292.25
-9415.97 -9292.25
-9473.74 -9292.25
-9341.31 -9292.25
-9337.21 -9292.25
-9655.23 -9292.25
-9763.48 -9292.25
-9693.42 -9292.25
-9468.12 -9292.25
-9818.02 -9292.25
-9367.45 -9292.25
-9607.24 -9292.25
-9299.64 -9292.25
-9683.10 -9292.25
-9706.70 -9292.25
-9390.50 -9292.25
-9752.29 -9292.25
-9990.03 -9292.25
-9920.32 -9292.25
-9737.49 -9292.25
-9767.84 -9292.25
-9301.64 -9292.25
-9847.91 -9292.25
-9610.34 -9292.25
-9342.18 -9292.25
-10235.03 -9292.25
-9495.00 -9292.25
-9249.82 -9249.82
-9411.72 -9249.82
-9784.24 -9249.82
-10076.81 -9249.82
-9691.35 -9249.82
-9437.95 -9249.82
-9597.57 -9249.82
-9313.88 -9249.82
-9909.77 -9249.82
-9575.72 -9249.82
-9559.64 -9249.82
-9560.05 -9249.82
-9804.92 -9249.82
-9920.37 -9249.82
-9410.18 -9249.82
-9226.36 -9226.36
-9492.09 -9226.36
-9565.76 -9226.36
-9454.10 -9226.36
-9279.90 -9226.36
-9603.77 -9226.36
-9582.26 -9226.36
-9510.46 -9226.36
-9924.79 -9226.36
-9743.72 -9226.36
-9830.83 -9226.36
-9556.11 -9226.36
-9416.14 -9226.36
-9431.05 -9226.36
-9482.88 -9226.36
-9748.06 -9226.36
-9535.20 -9226.36
-9850.30 -9226.36
-9573.64 -9226.36
-9577.93 -9226.36
-9692.75 -9226.36
-9519.13 -9226.36
-9926.99 -9226.36
-9515.91 -9226.36
-9368.66 -9226.36
-9910.34 -9226.36
-9567.23 -9226.36
-8991.68 -8991.68
-9454.00 -8991.68
-9059.14 -8991.68
-9619.71 -8991.68
-9522.30 -8991.68
-9332.35 -8991.68
-9241.73 -8991.68
-9387.04 -8991.68
-9283.57 -8991.68
-9666.96 -8991.68
-9024.99 -8991.68
-9763.02 -8991.68
-9120.50 -8991.68
-9799.12 -8991.68
-8987.86 -8987.86
-9114.04 -8987.86
-9209.64 -8987.86
-9333.08 -8987.86
-9393.44 -8987.86
-9549.00 -8987.86
-9125.32 -8987.86
-9508.25 -8987.86
-9598.74 -8987.86
-9433.84 -8987.86
-9139.54 -8987.86
-9616.06 -8987.86
-9380.24 -8987.86
-8881.22 -8881.22
-9201.52 -8881.22
-9649.99 -8881.22
-9831.43 -8881.22
-9298.60 -8881.22
-9214.82 -8881.22
-9332.60 -8881.22
-9312.13 -8881.22
-9121.73 -8881.22
-8925.25 -8881.22
-9743.21 -8881.22
-9482.22 -8881.22
-9122.81 -8881.22
-9547.30 -8881.22
-9794.47 -8881.22
-9669.14 -8881.22
-9323.77 -8881.22
-9208.52 -8881.22
-9219.50 -8881.22
-9175.53 -8881.22
-9555.12 -8881.22
-9316.67 -8881.22
-9045.11 -8881.22
-9412.75 -8881.22
-9025.45 -8881.22
-8669.32 -8669.32
-8714.25 -8669.32
-8900.32 -8669.32
-8506.42 -8506.42
-8851.27 -8506.42
-9179.93 -8506.42
-9353.22 -8506.42
-8609.71 -8506.42
-9430.46 -8506.42
-8996.68 -8506.42
-8881.70 -8506.42
-9003.20 -8506.42
-8639.96 -8506.42
-8627.30 -8506.42
-8913.39 -8506.42
-8760.06 -8506.42
-9055.30 -8506.42
-8736.95 -8506.42
-8983.01 -8506.42
-8889.01 -8506.42
-8749.97 -8506.42
-8875.74 -8506.42
-8826.64 -8506.42
-8749.97 -8506.42
-8795.01 -8506.42
-8564.38 -8506.42
-9148.99 -8506.42
-8515.55 -8506.42
-9734.91 -8506.42
-8756.52 -8506.42
-9000.33 -8506.42
-8074.36 -8074.36
-9339.57 -8074.36
-9412.15 -8074.36
-8133.77 -8074.36
-8939.74 -8074.36
-8253.22 -8074.36
-8828.44 -8074.36
-8959.18 -8074.36
-8451.90 -8074.36
-8568.82 -8074.36
-8963.63 -8074.36
-8260.20 -8074.36
-8597.34 -8074.36
-8489.54 -8074.36
-8107.98 -8074.36
-9149.57 -8074.36
-8367.26 -8074.36
-8872.12 -8074.36
-8387.40 -8074.36
-8560.02 -8074.36
-8264.30 -8074.36
-9792.91 -8074.36
-9100.06 -8074.36
-8667.35 -8074.36
-8574.34 -8074.36
-8852.83 -8074.36
-9120.03 -8074.36
-8682.06 -8074.36
-8473.01 -8074.36
-8776.49 -8074.36
-8768.07 -8074.36
-9064.05 -8074.36
-8538.22 -8074.36
-8082.05 -8074.36
-8514.75 -8074.36
-8249.46 -8074.36
-8945.81 -8074.36
-8740.08 -8074.36
-8658.83 -8074.36
-8106.54 -8074.36
-8713.40 -8074.36
-8515.47 -8074.36
-8382.45 -8074.36
-9273.19 -8074.36
-8134.17 -8074.36
-8536.81 -8074.36
-8908.73 -8074.36
-8827.75 -8074.36
-8654.84 -8074.36
-9438.64 -8074.36
-8952.58 -8074.36
-8366.77 -8074.36
-8100.19 -8074.36
-9049.69 -8074.36
-8252.25 -8074.36
-8178.87 -8074.36
-8453.54 -8074.36
-8338.68 -8074.36
-8414.30 -8074.36
-8714.64 -8074.36
-8829.15 -8074.36
-8326.88 -8074.36
-8230.89 -8074.36
-8680.75 -8074.36
-8246.17 -8074.36
-9263.33 -8074.36
-8807.27 -8074.36
-7956.97 -7956.97
-8588.14 -7956.97
-8494.09 -7956.97
-8407.98 -7956.97
-8419.97 -7956.97
-8171.85 -7956.97
-8581.54 -7956.97
-8882.78 -7956.97
-8804.01 -7956.97
-8144.24 -7956.97
-8573.92 -7956.97
-7698.38 -7698.38
-8378.93 -7698.38
-8490.74 -7698.38
-8551.66 -7698.38
-7954.55 -7698.38
-8649.33 -7698.38
-7781.00 -7698.38
-7957.50 -7698.38
-8864.59 -7698.38
-8217.02 -7698.38
-8160.22 -7698.38
-8353.68 -7698.38
-8553.88 -7698.38
-9394.85 -7698.38
-8240.47 -7698.38
-7934.13 -7698.38
-7800.34 -7698.38
-8541.53 -7698.38
-7876.53 -7698.38
-10255.93 -7698.38
-9772.93 -9772.93
-10172.78 -9772.93
-9838.61 -9772.93
