0.00 0.00
-3863.48 -3863.48
-3760.08 -3760.08
-3751.06 -3751.06
-3571.23 -3571.23
-3575.55 -3571.23
-3535.09 -3535.09
-3607.60 -3535.09
-3604.76 -3535.09
-3535.18 -3535.18
-3559.99 -3535.18
-3492.95 -3492.95
-3560.67 -3492.95
-3449.00 -3449.00
-3477.03 -3449.00
-3530.50 -3449.00
-3502.68 -3449.00
-3529.11 -3449.00
-3314.00 -3314.00
-3274.51 -3274.51
-3230.78 -3230.78
-3289.24 -3230.78
-3250.07 -3230.78
-3185.42 -3185.42
-3114.02 -3114.02
-3169.36 -3114.02
-3197.72 -3114.02
-3069.31 -3069.31
-3183.98 -3069.31
-3105.89 -3069.31
-3067.41 -3067.41
-2990.95 -2990.95
-3094.45 -2990.95
-2969.89 -2969.89
-3028.00 -2969.89
-2942.20 -2942.20
-2903.93 -2903.93
-2856.93 -2856.93
-2854.94 -2854.94
-2894.63 -2854.94
-2838.35 -2838.35
-2820.49 -2820.49
-2771.84 -2771.84
-2738.67 -2738.67
-2708.69 -2708.69
-2707.75 -2707.75
-2724.30 -2707.75
-2708.20 -2708.20
-2707.17 -2707.17
-2704.97 -2704.97
-2694.47 -2694.47
-2685.86 -2685.86
-2694.11 -2685.86
-2692.80 -2685.86
-2688.88 -2688.88
-2690.24 -2688.88
-2658.42 -2658.42
-2680.03 -2658.42
-2670.44 -2658.42
-2654.69 -2654.69
-2654.27 -2654.27
-2686.78 -2654.27
-2682.02 -2654.27
-2659.16 -2654.27
-2680.01 -2654.27
-2655.95 -2654.27
-2659.15 -2654.27
-2653.88 -2653.88
-2658.45 -2653.88
-2685.90 -2653.88
-2653.84 -2653.84
-2670.61 -2653.84
-2655.07 -2653.84
-2653.87 -2653.87
-2670.50 -2653.87
-2653.86 -2653.86
-2656.08 -2653.86
-2654.30 -2654.30
-2659.69 -2654.30
-2666.12 -2654.30
-2672.97 -2654.30
-2682.11 -2654.30
-2669.52 -2654.30
-2679.70 -2654.30
-2655.04 -2654.30
-2653.92 -2653.92
-2653.79 -2653.79
-2664.99 -2653.79
-2682.27 -2653.79
-2655.10 -2653.79
-2658.61 -2653.79
-2655.14 -2653.79
-2657.99 -2653.79
-2662.14 -2653.79
-2653.85 -2653.85
-2672.72 -2653.85
-2682.44 -2653.85
-2657.34 -2653.85
-2656.85 -2653.85
-2655.27 -2653.85
-2669.53 -2653.85
-2700.30 -2653.85
-3944.23 -2653.85
-3874.41 -2653.85
-3756.82 -3756.82
-3762.73 -3756.82
-3647.46 -3647.46
-3679.80 -3647.46
-3615.99 -3615.99
-3613.28 -3613.28
-3571.43 -3571.43
-3606.37 -3571.43
-3492.32 -3492.32
-3465.69 -3465.69
-3496.03 -3465.69
-3464.67 -3464.67
-3492.71 -3464.67
-3594.10 -3464.67
-3460.28 -3460.28
-3447.28 -3447.28
-3413.67 -3413.67
-3386.63 -3386.63
-3447.13 -3386.63
-3344.76 -3344.76
-3257.57 -3257.57
-3133.65 -3133.65
-3091.04 -3091.04
-3135.81 -3091.04
-3153.78 -3091.04
-3191.75 -3091.04
-3178.12 -3091.04
-3094.37 -3091.04
-3097.18 -3091.04
-3113.96 -3091.04
-3066.00 -3066.00
-3062.29 -3062.29
-3066.02 -3062.29
-3012.00 -3012.00
-2902.74 -2902.74
-2941.97 -2902.74
-2941.97 -2902.74
-2910.76 -2902.74
-2913.79 -2902.74
-2910.53 -2902.74
-2871.26 -2871.26
-2846.84 -2846.84
-2808.77 -2808.77
-2868.70 -2808.77
-2818.86 -2808.77
-2792.02 -2792.02
-2800.87 -2792.02
-2812.71 -2792.02
-2775.18 -2775.18
-2717.13 -2717.13
-2737.73 -2717.13
-2693.52 -2693.52
-2710.83 -2693.52
-2688.29 -2688.29
-2677.35 -2677.35
-2662.12 -2662.12
-2660.49 -2660.49
-2707.96 -2660.49
-2676.58 -2660.49
-2679.07 -2660.49
-2681.75 -2660.49
-2657.31 -2657.31
-2654.76 -2654.76
-2654.62 -2654.62
-2655.68 -2654.62
-2676.60 -2654.62
-2654.71 -2654.71
-2653.76 -2653.76
-2654.06 -2653.76
-2658.92 -2653.76
-2654.08 -2654.08
-2685.88 -2654.08
-2751.93 -2654.08
-2700.25 -2654.08
-2657.37 -2654.08
-2686.79 -2654.08
-2669.50 -2654.08
-2666.07 -2654.08
-2687.14 -2654.08
-2658.50 -2654.08
-2655.17 -2655.17
-2655.19 -2655.19
-2672.92 -2655.19
-2657.17 -2657.17
-2658.84 -2658.84
-2711.00 -2658.84
-2681.76 -2658.84
-2659.16 -2659.16
-2659.22 -2659.22
-2653.94 -2653.94
-2655.66 -2653.94
-2655.12 -2653.94
-2685.92 -2653.94
-2688.70 -2653.94
-2655.97 -2653.94
-2658.41 -2653.94
-2654.72 -2653.94
-2655.13 -2653.94
-3829.31 -3829.31
-3799.89 -3799.89
-3862.31 -3799.89
-3696.46 -3696.46
-3759.57 -3696.46
-3850.99 -3696.46
-3498.75 -3498.75
-3321.94 -3321.94
-3376.80 -3321.94
-3343.81 -3321.94
-3363.64 -3321.94
-3351.74 -3321.94
-3311.64 -3311.64
-3328.99 -3311.64
-3233.59 -3233.59
-3313.98 -3233.59
-3235.10 -3233.59
-3236.97 -3233.59
-3261.62 -3233.59
-3324.69 -3233.59
-3230.87 -3230.87
-3188.28 -3188.28
-3151.33 -3151.33
-3078.73 -3078.73
-3097.40 -3078.73
-3009.20 -3009.20
-3063.52 -3009.20
-2979.96 -2979.96
-2982.32 -2979.96
-2991.14 -2979.96
-2999.47 -2979.96
-2894.68 -2894.68
-2905.96 -2894.68
-2943.23 -2894.68
-2835.85 -2835.85
-2895.48 -2835.85
-2829.22 -2829.22
-2777.37 -2777.37
-2775.17 -2775.17
-2813.08 -2775.17
-2714.43 -2714.43
-2752.39 -2714.43
-2690.95 -2690.95
-2693.62 -2690.95
-2685.05 -2685.05
-2697.15 -2685.05
-2682.83 -2682.83
-2694.44 -2682.83
-2680.05 -2680.05
-2660.00 -2660.00
-2657.28 -2657.28
-2655.47 -2655.47
-2654.20 -2654.20
-2684.26 -2654.20
-2655.29 -2654.20
-2684.28 -2654.20
-2700.29 -2654.20
-2654.41 -2654.41
-2654.50 -2654.50
-2670.57 -2654.50
-2654.17 -2654.17
-2684.02 -2654.17
-2654.27 -2654.27
-2659.78 -2654.27
-2655.31 -2654.27
-2659.49 -2654.27
-2656.71 -2656.71
-2658.93 -2656.71
-2656.86 -2656.86
-2654.30 -2654.30
-2655.38 -2654.30
-2654.08 -2654.08
-2680.51 -2654.08
-2655.64 -2654.08
-2672.89 -2654.08
-2666.15 -2654.08
-2664.17 -2654.08
-2655.03 -2654.08
-2655.03 -2654.08
-2695.44 -2654.08
-2654.13 -2654.13
-2687.07 -2654.13
-2670.64 -2654.13
-2664.08 -2654.13
-2655.18 -2655.18
-2654.11 -2654.11
-2655.17 -2654.11
-2672.64 -2654.11
-2742.19 -2654.11
-2654.07 -2654.07
-2654.89 -2654.89
-2658.67 -2654.89
-2653.99 -2653.99
-2670.57 -2653.99
-2683.70 -2653.99
-2653.94 -2653.94
-2655.25 -2655.25
-2653.91 -2653.91
-2657.86 -2653.91
-2654.11 -2654.11
-3845.24 -3845.24
-3827.02 -3827.02
-3687.96 -3687.96
-3806.57 -3687.96
-3651.59 -3651.59
-3517.81 -3517.81
-3602.56 -3517.81
-3550.88 -3517.81
-3389.38 -3389.38
-3351.95 -3351.95
-3463.90 -3351.95
-3396.39 -3351.95
-3284.05 -3284.05
-3271.74 -3271.74
-3390.31 -3271.74
-3234.42 -3234.42
-3205.97 -3205.97
-3165.29 -3165.29
-3227.08 -3165.29
-3105.46 -3105.46
-3081.20 -3081.20
-3068.98 -3068.98
-3025.80 -3025.80
-3018.75 -3018.75
-3130.69 -3018.75
-2977.89 -2977.89
-2984.29 -2977.89
-3025.99 -2977.89
-2961.81 -2961.81
-2970.25 -2961.81
-3003.00 -2961.81
-2962.46 -2962.46
-2984.50 -2962.46
-2958.25 -2958.25
-2893.83 -2893.83
-2898.24 -2893.83
-2903.18 -2893.83
-2915.20 -2893.83
-2894.46 -2894.46
-2882.06 -2882.06
-2853.25 -2853.25
-2917.46 -2853.25
-2780.30 -2780.30
-2755.17 -2755.17
-2773.87 -2755.17
-2794.26 -2755.17
-2781.04 -2755.17
-2774.53 -2755.17
-2779.37 -2755.17
-2784.09 -2755.17
-2777.67 -2755.17
-2754.13 -2754.13
-2779.15 -2754.13
-2781.78 -2754.13
-2725.94 -2725.94
-2734.38 -2725.94
-2691.44 -2691.44
-2688.67 -2688.67
-2689.63 -2688.67
-2670.74 -2670.74
-2686.89 -2670.74
-2680.11 -2670.74
-2672.66 -2670.74
-2670.14 -2670.14
-2678.98 -2670.14
-2656.18 -2656.18
-2654.57 -2654.57
-2654.61 -2654.61
-2654.22 -2654.22
-2653.79 -2653.79
-2654.26 -2654.26
-2659.50 -2654.26
-2655.39 -2654.26
-2700.30 -2654.26
-2654.02 -2654.02
-2654.89 -2654.02
-2658.42 -2654.02
-2658.73 -2654.02
-2751.94 -2654.02
-2700.46 -2654.02
-2658.47 -2654.02
-2681.46 -2654.02
-2666.19 -2654.02
-2653.87 -2653.87
-2654.56 -2654.56
-2654.86 -2654.86
-2681.09 -2654.86
-2654.54 -2654.54
-2656.83 -2654.54
-2684.02 -2654.54
-2654.23 -2654.23
-2658.41 -2654.23
-2653.82 -2653.82
-2653.87 -2653.87
-2684.00 -2653.87
-2653.89 -2653.89
-2654.17 -2654.17
-2655.23 -2654.17
-2681.11 -2654.17
-2653.88 -2653.88
-3956.33 -3956.33
-3909.12 -3909.12
-3813.14 -3813.14
-3832.66 -3813.14
-3965.09 -3813.14
-3814.01 -3813.14
-3993.98 -3813.14
-3831.55 -3813.14
-3768.34 -3768.34
-3728.89 -3728.89
-3536.72 -3536.72
-3587.62 -3536.72
-3571.81 -3536.72
-3505.03 -3505.03
-3529.71 -3505.03
-3619.01 -3505.03
-3474.42 -3474.42
-3501.80 -3474.42
-3502.30 -3474.42
-3520.93 -3474.42
-3611.52 -3474.42
-3590.25 -3474.42
-3434.25 -3434.25
-3353.15 -3353.15
-3330.14 -3330.14
-3421.96 -3330.14
-3320.85 -3320.85
-3371.57 -3320.85
-3340.71 -3320.85
-3352.83 -3320.85
-3307.52 -3307.52
-3321.12 -3307.52
-3289.03 -3289.03
-3265.91 -3265.91
-3267.07 -3267.07
-3281.93 -3267.07
-3238.47 -3238.47
-3142.53 -3142.53
-3176.91 -3142.53
-3203.69 -3142.53
-3169.15 -3142.53
-3198.26 -3142.53
-3157.51 -3142.53
-3196.92 -3142.53
-3103.13 -3103.13
-3070.74 -3070.74
-3077.44 -3070.74
-3089.19 -3070.74
-3066.55 -3066.55
-3138.15 -3066.55
-2988.39 -2988.39
-2952.15 -2952.15
-3051.17 -2952.15
-2928.71 -2928.71
-2895.87 -2895.87
-2867.17 -2867.17
-2851.86 -2851.86
-2802.96 -2802.96
-2799.97 -2799.97
-2789.84 -2789.84
-2777.40 -2777.40
-2853.80 -2777.40
-2784.72 -2777.40
-2774.24 -2774.24
-2749.96 -2749.96
-2732.89 -2732.89
-2709.97 -2709.97
-2713.61 -2709.97
-2706.37 -2706.37
-2713.34 -2706.37
-2726.77 -2706.37
-2726.15 -2706.37
-2747.05 -2706.37
-2694.42 -2694.42
-2713.64 -2694.42
-2681.75 -2681.75
-2658.69 -2658.69
-2654.28 -2654.28
-2655.87 -2654.28
-2654.96 -2654.96
-2672.71 -2654.96
-2653.87 -2653.87
-2653.84 -2653.84
-2680.11 -2653.84
-2654.19 -2654.19
-2653.91 -2653.91
-2658.51 -2653.91
-2658.58 -2653.91
-2672.69 -2653.91
-2656.85 -2653.91
-2654.06 -2654.06
-2751.97 -2654.06
-2681.49 -2654.06
-2683.99 -2654.06
-2656.85 -2654.06
-2684.19 -2654.06
-2680.17 -2654.06
-2653.85 -2653.85
