0.00 0.00
-42684.79 -42684.79
-41104.93 -42684.79
-42209.71 -42684.79
-42054.40 -42684.79
-43917.13 -42684.79
-42654.69 -42684.79
-41812.37 -42684.79
-43302.09 -42684.79
-42150.95 -42684.79
-41797.58 -42684.79
-44357.57 -42684.79
-42366.29 -42684.79
-43483.49 -42684.79
-43008.76 -42684.79
-44316.59 -42684.79
-41876.42 -42684.79
-41871.22 -42684.79
-41251.06 -42684.79
-41403.99 -42684.79
-43305.00 -42684.79
-41975.38 -42684.79
-42744.26 -42684.79
-43497.44 -42684.79
-41488.92 -42684.79
-42252.50 -42684.79
-42805.55 -42684.79
-42410.79 -42684.79
-40548.12 -42684.79
-43203.15 -42684.79
-44170.95 -42684.79
-43533.34 -42684.79
-42252.77 -42684.79
-40691.80 -42684.79
-42715.60 -42684.79
-42254.20 -42684.79
-43247.79 -42684.79
-42235.81 -42684.79
-42092.94 -42684.79
-42247.92 -42684.79
-41431.86 -42684.79
-42096.15 -42684.79
-43229.89 -42684.79
-43238.66 -42684.79
-42535.76 -42684.79
-42493.22 -42684.79
-43683.93 -42684.79
-41925.14 -42684.79
-44061.82 -42684.79
-41811.00 -42684.79
-43029.77 -42684.79
-42242.23 -42684.79
-42117.63 -42684.79
-43375.19 -42684.79
-42218.62 -42684.79
-42730.48 -42684.79
-41965.08 -42684.79
-42011.84 -42684.79
-41828.50 -42684.79
-42626.83 -42684.79
-41981.66 -42684.79
-39435.48 -42684.79
-41475.58 -42684.79
-42059.80 -42684.79
-42259.58 -42684.79
-42263.76 -42684.79
-44398.82 -42684.79
-41560.54 -42684.79
-43853.93 -42684.79
-41392.28 -42684.79
-41999.69 -42684.79
-42201.92 -42684.79
-42074.25 -42684.79
-43526.45 -42684.79
-41554.79 -42684.79
-42214.40 -42684.79
-41612.33 -42684.79
-41764.60 -42684.79
-43282.94 -42684.79
-43823.73 -42684.79
-42402.19 -42684.79
-42196.81 -42684.79
-43219.56 -42684.79
-40866.88 -42684.79
-42253.15 -42684.79
-42218.08 -42684.79
-43207.52 -42684.79
-43222.56 -42684.79
-42985.55 -42684.79
-43518.74 -42684.79
-43010.50 -42684.79
-42218.42 -42684.79
-42189.53 -42684.79
-42794.36 -42684.79
-42134.39 -42684.79
-41217.26 -42684.79
-41237.56 -42684.79
-43011.65 -42684.79
-42139.35 -42684.79
-42803.46 -42684.79
-43207.06 -42684.79
-43227.04 -42684.79
-44058.37 -42684.79
-43696.43 -42684.79
-43204.64 -42684.79
-41859.68 -42684.79
-43371.98 -42684.79
-42194.56 -42684.79
-44074.96 -42684.79
-44273.85 -42684.79
-43624.04 -42684.79
-43653.40 -42684.79
-43502.62 -42684.79
-42263.34 -42684.79
-42219.29 -42684.79
-43259.39 -42684.79
-42274.32 -42684.79
-43221.90 -42684.79
-41991.20 -42684.79
-43054.59 -42684.79
-43520.63 -42684.79
-43215.38 -42684.79
-42053.73 -42684.79
-43516.42 -42684.79
-43648.18 -42684.79
-43050.00 -42684.79
-43509.72 -42684.79
-42718.81 -42684.79
-42203.80 -42684.79
-43216.04 -42684.79
-44524.88 -42684.79
-43206.30 -42684.79
-43654.92 -42684.79
-41745.24 -42684.79
-43064.32 -42684.79
-41303.11 -42684.79
-43494.32 -42684.79
-44324.98 -42684.79
-43060.78 -42684.79
-43206.38 -42684.79
-42718.19 -42684.79
-41751.19 -42684.79
-41894.12 -42684.79
-43023.21 -42684.79
-43365.72 -42684.79
-43195.01 -42684.79
-42449.47 -42684.79
-43210.38 -42684.79
-41282.94 -42684.79
-42013.86 -42684.79
-41240.58 -42684.79
-43651.70 -42684.79
-43480.54 -42684.79
-44536.82 -42684.79
-42375.89 -42684.79
-43209.37 -42684.79
-42447.78 -42684.79
-43374.93 -42684.79
-42593.52 -42684.79
-42220.24 -42684.79
-42228.26 -42684.79
-43212.37 -42684.79
-43298.31 -42684.79
-42226.26 -42684.79
-42057.67 -42684.79
-41957.82 -42684.79
-41641.55 -42684.79
-43225.93 -42684.79
-43867.59 -42684.79
-41412.66 -42684.79
-42896.01 -42684.79
-43226.63 -42684.79
-41838.52 -42684.79
-42191.27 -42684.79
-41843.65 -42684.79
-43219.22 -42684.79
-43016.22 -42684.79
-42172.45 -42684.79
-44132.74 -42684.79
-43192.13 -42684.79
-43221.75 -42684.79
-42672.04 -42684.79
-42796.75 -42684.79
-41337.30 -42684.79
-42485.36 -42684.79
-42604.99 -42684.79
-41391.08 -42684.79
-43841.00 -42684.79
-43037.39 -42684.79
-43472.49 -42684.79
-43750.21 -42684.79
-42264.51 -42684.79
-43730.25 -42684.79
-43234.94 -42684.79
-41550.42 -42684.79
-41382.57 -42684.79
-44255.33 -42684.79
-41329.56 -42684.79
-42532.99 -42684.79
-43508.02 -42684.79
-43828.37 -42684.79
-42597.30 -42684.79
-43216.48 -42684.79
-42725.89 -42684.79
-42448.71 -42684.79
-43184.80 -42684.79
-42215.32 -42684.79
-42243.98 -42684.79
-42500.17 -42684.79
-42712.05 -42684.79
-43797.36 -42684.79
-42464.52 -42684.79
-43178.42 -42684.79
-43266.91 -42684.79
-43219.04 -42684.79
-43055.71 -42684.79
-43107.02 -42684.79
-43502.41 -42684.79
-43637.91 -42684.79
-42726.39 -42684.79
-43220.63 -42684.79
-42138.60 -42684.79
-43382.06 -42684.79
-43478.41 -42684.79
-42787.39 -42684.79
-41995.78 -42684.79
-41976.83 -42684.79
-41588.67 -42684.79
-42219.12 -42684.79
-42226.33 -42684.79
-42735.02 -42684.79
-44524.35 -42684.79
-43426.47 -42684.79
-42026.68 -42684.79
-42465.19 -42684.79
-42217.19 -42684.79
-43064.08 -42684.79
-43193.64 -42684.79
-43648.95 -42684.79
-41563.54 -42684.79
-42610.60 -42684.79
-42618.00 -42684.79
-43395.29 -42684.79
-44245.86 -42684.79
-42904.57 -42684.79
-42265.37 -42684.79
-43528.21 -42684.79
-43029.88 -42684.79
-42706.78 -42684.79
-41385.89 -42684.79
-41553.74 -42684.79
-41911.48 -42684.79
-43532.17 -42684.79
-43751.96 -42684.79
-43342.80 -42684.79
-41491.59 -42684.79
-42013.58 -42684.79
-42227.62 -42684.79
-44102.45 -42684.79
-42470.76 -42684.79
-43226.24 -42684.79
-42196.79 -42684.79
-42209.18 -42684.79
-41977.97 -42684.79
-42374.06 -42684.79
-42233.38 -42684.79
-43219.70 -42684.79
-42804.07 -42684.79
-40735.84 -42684.79
-43267.97 -42684.79
-43199.80 -42684.79
-42447.91 -42684.79
-43396.74 -42684.79
-43195.14 -42684.79
-42229.52 -42684.79
-41486.90 -42684.79
-43706.90 -42684.79
-43270.41 -42684.79
-41911.29 -42684.79
-42251.07 -42684.79
-43213.74 -42684.79
-44470.91 -42684.79
-43221.76 -42684.79
-43506.60 -42684.79
-42485.66 -42684.79
-41954.19 -42684.79
-42272.25 -42684.79
-42615.53 -42684.79
-42788.05 -42684.79
-43388.76 -42684.79
-43213.18 -42684.79
-41485.06 -42684.79
-41916.92 -42684.79
-41828.74 -42684.79
-41876.16 -42684.79
-43057.14 -42684.79
-43012.23 -42684.79
-43279.35 -42684.79
-42248.50 -42684.79
-42436.80 -42684.79
-42904.02 -42684.79
-41526.62 -42684.79
-42187.52 -42684.79
-43530.89 -42684.79
-43499.81 -42684.79
-43005.13 -42684.79
-43221.38 -42684.79
-43562.59 -42684.79
-43283.65 -42684.79
-41622.13 -42684.79
-44105.60 -42684.79
-42721.98 -42684.79
-43419.86 -42684.79
-43282.84 -42684.79
-41488.97 -42684.79
-43017.48 -42684.79
-43394.28 -42684.79
-43280.77 -42684.79
-42089.39 -42684.79
-42265.55 -42684.79
-41888.83 -42684.79
-42221.41 -42684.79
-43826.31 -42684.79
-42229.50 -42684.79
-42021.27 -42684.79
-43224.66 -42684.79
-42248.92 -42684.79
-41507.97 -42684.79
-43836.42 -42684.79
-42373.58 -42684.79
-43200.35 -42684.79
-43502.73 -42684.79
-43937.18 -42684.79
-43499.06 -42684.79
-42463.17 -42684.79
-43031.90 -42684.79
-42770.20 -42684.79
-43935.84 -42684.79
-43405.71 -42684.79
-42208.99 -42684.79
-43808.08 -42684.79
-42715.06 -42684.79
-43196.63 -42684.79
-43259.74 -42684.79
-43275.53 -42684.79
-43637.67 -42684.79
-43180.40 -42684.79
-42789.57 -42684.79
-44430.68 -42684.79
-42733.00 -42684.79
-44515.58 -42684.79
-43209.01 -42684.79
-43062.43 -42684.79
-42136.31 -42684.79
-43498.07 -42684.79
-43488.82 -42684.79
-44016.36 -42684.79
-43543.25 -42684.79
-43106.44 -42684.79
-41540.61 -42684.79
-42070.92 -42684.79
-42139.31 -42684.79
-40497.72 -42684.79
-42244.36 -42684.79
-41411.55 -42684.79
-43019.07 -42684.79
-41866.02 -42684.79
-41883.97 -42684.79
-43015.62 -42684.79
-42722.76 -42684.79
-44181.16 -42684.79
-43021.27 -42684.79
-43475.88 -42684.79
-43205.17 -42684.79
-43869.22 -42684.79
-41960.41 -42684.79
-43234.26 -42684.79
-42013.91 -42684.79
-43859.32 -42684.79
-43270.45 -42684.79
-43307.44 -42684.79
-44150.50 -42684.79
-44155.97 -42684.79
-43520.20 -42684.79
-43651.35 -42684.79
-42512.52 -42684.79
-42411.12 -42684.79
-43646.39 -42684.79
-42511.76 -42684.79
-42262.75 -42684.79
-42592.83 -42684.79
-44408.33 -42684.79
-42272.10 -42684.79
-44334.65 -42684.79
-43692.23 -42684.79
-43662.87 -42684.79
-42560.16 -42684.79
-43220.96 -42684.79
-42268.63 -42684.79
-41534.89 -42684.79
-43517.73 -42684.79
-42221.29 -42684.79
-43617.62 -42684.79
-43841.61 -42684.79
-42052.50 -42684.79
-44360.32 -42684.79
-43250.94 -42684.79
-43833.13 -42684.79
-41391.65 -42684.79
-44184.88 -42684.79
-45066.96 -42684.79
-43246.82 -42684.79
-42482.44 -42684.79
-44162.21 -42684.79
-41990.31 -42684.79
-41982.75 -42684.79
-42599.16 -42684.79
-44177.72 -42684.79
-42725.96 -42684.79
-43505.50 -42684.79
-42068.83 -42684.79
-41955.27 -42684.79
-43936.05 -42684.79
-42129.14 -42684.79
-44516.90 -42684.79
-42902.68 -42684.79
-44207.82 -42684.79
-43044.01 -42684.79
-42798.41 -42684.79
-42527.57 -42684.79
-42709.48 -42684.79
-43210.49 -42684.79
-43534.94 -42684.79
-44219.04 -42684.79
-43650.82 -42684.79
-42454.16 -42684.79
-42604.10 -42684.79
-43942.21 -42684.79
-43601.98 -42684.79
-41480.68 -42684.79
-42603.37 -42684.79
-42214.04 -42684.79
-43178.61 -42684.79
-43390.02 -42684.79
-41384.23 -42684.79
-43176.39 -42684.79
-43499.09 -42684.79
-43555.40 -42684.79
-42284.36 -42684.79
-41486.37 -42684.79
-41411.87 -42684.79
-43665.97 -42684.79
-44104.32 -42684.79
-42461.06 -42684.79
-43222.05 -42684.79
-43489.85 -42684.79
-42664.06 -42684.79
-41574.58 -42684.79
-44342.22 -42684.79
-43214.90 -42684.79
-43710.05 -42684.79
-43503.18 -42684.79
-41989.32 -42684.79
-44698.24 -42684.79
-43887.26 -42684.79
-41101.00 -42684.79
-43189.84 -42684.79
-43554.96 -42684.79
-43857.08 -42684.79
-43225.35 -42684.79
-43203.32 -42684.79
-43694.78 -42684.79
-43214.19 -42684.79
-42364.10 -42684.79
-43481.72 -42684.79
-43854.06 -42684.79
-43231.15 -42684.79
-43520.18 -42684.79
-41766.57 -42684.79
-42891.69 -42684.79
-43500.22 -42684.79
-42715.84 -42684.79
-42376.70 -42684.79
-42804.98 -42684.79
-43660.70 -42684.79
-43741.95 -42684.79
-42088.27 -42684.79
-44326.29 -42684.79
-44157.50 -42684.79
-43320.45 -42684.79
-43502.37 -42684.79
-43504.21 -42684.79
-43798.80 -42684.79
-44108.66 -42684.79
-43569.42 -42684.79
-42717.55 -42684.79
-43479.55 -42684.79
-42903.46 -42684.79
-41926.65 -42684.79
-42741.20 -42684.79
-43540.75 -42684.79
-42232.35 -42684.79
-41493.85 -42684.79
-43701.47 -42684.79
-43898.21 -42684.79
-42498.60 -42684.79
-42706.11 -42684.79
-42584.90 -42684.79
-43986.44 -42684.79
-43409.52 -42684.79
-43502.85 -42684.79
-43554.71 -42684.79
-43038.27 -42684.79
-41408.22 -42684.79
-43863.07 -42684.79
-43502.34 -42684.79
-42758.75 -42684.79
-42605.22 -42684.79
-42196.91 -42684.79
-41365.18 -42684.79
-43711.93 -42684.79
-43177.59 -42684.79
-42748.38 -42684.79
-42890.10 -42684.79
-42896.75 -42684.79
-41966.45 -42684.79
-42474.06 -42684.79
-42006.08 -42684.79
-42808.15 -42684.79
-43666.87 -42684.79
-42737.32 -42684.79
-43507.49 -42684.79
-41492.81 -42684.79
-42503.65 -42684.79
-43810.60 -42684.79
-42739.61 -42684.79
-42275.38 -42684.79
-43671.03 -42684.79
-43054.54 -42684.79
-43522.04 -42684.79
-45267.98 -42684.79
-42727.86 -42684.79
-44796.39 -42684.79
-43260.79 -42684.79
-44057.05 -42684.79
-44072.84 -42684.79
-43411.15 -42684.79
-42097.93 -42684.79
-44661.10 -42684.79
-44130.38 -42684.79
-43230.99 -42684.79
-43489.70 -42684.79
-42122.46 -42684.79
-42664.04 -42684.79
-42705.26 -42684.79
-43022.72 -42684.79
-43057.93 -42684.79
-41817.77 -42684.79
-43261.16 -42684.79
-42482.36 -42684.79
-42773.90 -42684.79
-43388.43 -42684.79
-43207.57 -42684.79
-43378.50 -42684.79
-42892.85 -42684.79
-42742.44 -42684.79
-43186.31 -42684.79
-43202.84 -42684.79
-41132.57 -42684.79
-41616.97 -42684.79
-42188.98 -42684.79
-43246.77 -42684.79
-42556.80 -42684.79
-43293.28 -42684.79
-43531.72 -42684.79
-43032.60 -42684.79
-44506.43 -42684.79
-43398.32 -42684.79
-42277.08 -42684.79
-42234.61 -42684.79
-44072.21 -42684.79
-43221.15 -42684.79
-44141.56 -42684.79
-42688.71 -42684.79
-43388.13 -42684.79
-44078.65 -42684.79
-43041.11 -42684.79
-43698.04 -42684.79
-42252.89 -42684.79
-42727.65 -42684.79
-42395.47 -42684.79
-41866.58 -42684.79
-43705.08 -42684.79
-45357.88 -42684.79
-42805.43 -42684.79
-42677.53 -42684.79
-43039.52 -42684.79
-44073.89 -42684.79
-42492.03 -42684.79
-43236.99 -42684.79
-42252.92 -42684.79
-42251.57 -42684.79
-44073.70 -42684.79
-43054.20 -42684.79
-43861.76 -42684.79
-43491.55 -42684.79
-42804.76 -42684.79
-41328.23 -42684.79
-44245.35 -42684.79
-43401.07 -42684.79
-43039.00 -42684.79
-43209.79 -42684.79
-43140.04 -42684.79
-42229.91 -42684.79
-42906.44 -42684.79
-43040.56 -42684.79
-42254.38 -42684.79
-42204.63 -42684.79
-42729.25 -42684.79
-42694.48 -42684.79
-43219.55 -42684.79
-43504.43 -42684.79
-43499.13 -42684.79
-43387.05 -42684.79
-43478.07 -42684.79
-43844.04 -42684.79
-42807.37 -42684.79
-43221.18 -42684.79
-42415.84 -42684.79
-43062.19 -42684.79
-43403.00 -42684.79
-41635.80 -42684.79
-44180.21 -42684.79
-43235.10 -42684.79
-42208.66 -42684.79
-44142.11 -42684.79
-43238.42 -42684.79
-45058.29 -42684.79
-43850.53 -42684.79
-43186.76 -42684.79
-43202.43 -42684.79
-42984.79 -42684.79
-43499.73 -42684.79
-44679.54 -42684.79
-44518.91 -42684.79
-42464.57 -42684.79
-42228.92 -42684.79
-43727.17 -42684.79
-43387.20 -42684.79
-41844.99 -42684.79
-43541.09 -42684.79
-42495.75 -42684.79
-43537.94 -42684.79
-42562.24 -42684.79
-42218.24 -42684.79
-43569.75 -42684.79
-42209.67 -42684.79
-42437.95 -42684.79
-43218.66 -42684.79
-41959.08 -42684.79
-44072.06 -42684.79
-42591.67 -42684.79
-42905.70 -42684.79
-43957.62 -42684.79
-43490.96 -42684.79
-42798.37 -42684.79
-43523.19 -42684.79
-43390.05 -42684.79
-43531.80 -42684.79
-43258.72 -42684.79
-43258.73 -42684.79
-42750.98 -42684.79
-43395.59 -42684.79
-43525.55 -42684.79
-44507.81 -42684.79
-43260.86 -42684.79
-43543.08 -42684.79
-43379.83 -42684.79
-43238.64 -42684.79
-44198.82 -42684.79
-43372.96 -42684.79
-43264.57 -42684.79
-43723.57 -42684.79
-43852.80 -42684.79
-43037.89 -42684.79
-42028.99 -42684.79
-43230.73 -42684.79
-43399.93 -42684.79
-43281.07 -42684.79
-43843.75 -42684.79
-43386.99 -42684.79
-43036.44 -42684.79
-43388.30 -42684.79
-43315.19 -42684.79
-43022.32 -42684.79
-41971.90 -42684.79
-41937.78 -42684.79
-43971.72 -42684.79
-43059.90 -42684.79
-43290.74 -42684.79
-43318.94 -42684.79
-45166.78 -42684.79
-43245.63 -42684.79
-43733.89 -42684.79
-43399.79 -42684.79
-41469.85 -42684.79
-44926.49 -42684.79
-42675.45 -42684.79
-43200.90 -42684.79
-42633.95 -42684.79
-43259.77 -42684.79
-42253.12 -42684.79
-43055.43 -42684.79
-43220.77 -42684.79
-42446.40 -42684.79
-41622.14 -42684.79
-43220.50 -42684.79
-41790.22 -42684.79
-41180.36 -42684.79
-43864.36 -42684.79
-42715.03 -42684.79
-41239.22 -42684.79
-43384.69 -42684.79
-42744.55 -42684.79
-43024.54 -42684.79
-43518.56 -42684.79
-43220.81 -42684.79
-41245.98 -42684.79
-43392.26 -42684.79
-42407.13 -42684.79
-43573.11 -42684.79
-42634.97 -42684.79
-43529.48 -42684.79
-41877.94 -42684.79
-43529.85 -42684.79
-43514.18 -42684.79
-42403.67 -42684.79
-42173.85 -42684.79
-44094.27 -42684.79
-44180.32 -42684.79
-43418.07 -42684.79
-42054.71 -42684.79
-40955.60 -42684.79
-43183.43 -42684.79
-42376.67 -42684.79
-42000.83 -42684.79
-42501.60 -42684.79
-42772.21 -42684.79
-43053.63 -42684.79
-42213.62 -42684.79
-43020.50 -42684.79
-43216.65 -42684.79
-43214.59 -42684.79
-43026.09 -42684.79
-43596.98 -42684.79
-43261.21 -42684.79
-43206.55 -42684.79
-42399.93 -42684.79
-43227.32 -42684.79
-43056.27 -42684.79
-41477.80 -42684.79
-42909.30 -42684.79
-42191.70 -42684.79
-44016.41 -42684.79
-44118.16 -42684.79
-43281.44 -42684.79
-41389.09 -42684.79
-42673.85 -42684.79
-43391.34 -42684.79
-43500.95 -42684.79
-42590.01 -42684.79
-42687.29 -42684.79
-43005.69 -42684.79
-44377.61 -42684.79
-42450.38 -42684.79
-44064.21 -42684.79
-43314.55 -42684.79
-42232.80 -42684.79
-42192.86 -42684.79
-42802.19 -42684.79
-43622.56 -42684.79
-42253.37 -42684.79
-42450.72 -42684.79
-41399.51 -42684.79
-42479.05 -42684.79
-42730.70 -42684.79
-43396.15 -42684.79
-43504.28 -42684.79
-43204.39 -42684.79
-43810.07 -42684.79
-43900.70 -42684.79
-42050.42 -42684.79
-43537.31 -42684.79
-44698.81 -42684.79
-40776.57 -42684.79
-43987.03 -42684.79
-42674.75 -42684.79
-43827.89 -42684.79
-44853.73 -42684.79
-42485.78 -42684.79
-41847.47 -42684.79
-43471.18 -42684.79
-43265.42 -42684.79
-44086.95 -42684.79
-44226.01 -42684.79
-43493.47 -42684.79
-42425.12 -42684.79
-42657.79 -42684.79
-43659.60 -42684.79
-43203.32 -42684.79
-43807.31 -42684.79
-41550.13 -42684.79
-42557.48 -42684.79
-43806.20 -42684.79
-43184.32 -42684.79
-42059.37 -42684.79
-42798.13 -42684.79
-42695.15 -42684.79
-43998.45 -42684.79
-44010.60 -42684.79
-43250.92 -42684.79
-43205.95 -42684.79
-43025.72 -42684.79
-41406.29 -42684.79
-43531.88 -42684.79
-42482.97 -42684.79
-42050.74 -42684.79
-41837.12 -42684.79
-44193.95 -42684.79
-43906.79 -42684.79
-43801.80 -42684.79
-42886.69 -42684.79
-43105.98 -42684.79
-43218.05 -42684.79
-43203.28 -42684.79
-44819.12 -42684.79
-42271.04 -42684.79
-42401.51 -42684.79
-43545.23 -42684.79
-42500.81 -42684.79
-43997.32 -42684.79
-42805.81 -42684.79
-44065.80 -42684.79
-42516.80 -42684.79
-42809.83 -42684.79
-42394.29 -42684.79
-43615.86 -42684.79
-43216.21 -42684.79
-42265.74 -42684.79
-42714.43 -42684.79
-43971.72 -42684.79
-42729.01 -42684.79
-43289.33 -42684.79
-44018.74 -42684.79
-42759.40 -42684.79
-41961.79 -42684.79
-43297.85 -42684.79
-43281.57 -42684.79
-43224.17 -42684.79
-41995.82 -42684.79
-42367.19 -42684.79
-43000.97 -42684.79
-43055.21 -42684.79
-42213.39 -42684.79
-43265.54 -42684.79
-42721.23 -42684.79
-44064.87 -42684.79
-43181.14 -42684.79
-42794.84 -42684.79
-42182.25 -42684.79
-42985.66 -42684.79
-43521.09 -42684.79
-43259.54 -42684.79
-43276.19 -42684.79
-44075.67 -42684.79
-42562.75 -42684.79
-44272.61 -42684.79
-43724.28 -42684.79
-44065.05 -42684.79
-43195.55 -42684.79
-41727.50 -42684.79
-43148.45 -42684.79
-43711.23 -42684.79
-44486.52 -42684.79
-43290.34 -42684.79
-43105.01 -42684.79
-42752.54 -42684.79
-43024.42 -42684.79
-43192.20 -42684.79
-44125.98 -42684.79
-42394.50 -42684.79
-42211.70 -42684.79
-43012.54 -42684.79
-43398.52 -42684.79
-43986.55 -42684.79
-42261.20 -42684.79
-43805.04 -42684.79
-42667.32 -42684.79
-43406.94 -42684.79
-43532.60 -42684.79
-43750.11 -42684.79
-43261.42 -42684.79
-43233.46 -42684.79
-43853.13 -42684.79
-43280.64 -42684.79
-43426.31 -42684.79
-41500.46 -42684.79
-43415.90 -42684.79
-43032.06 -42684.79
-44074.15 -42684.79
-42259.38 -42684.79
-42706.04 -42684.79
-42394.82 -42684.79
-43094.54 -42684.79
-41764.05 -42684.79
-43710.67 -42684.79
-43051.08 -42684.79
-43065.48 -42684.79
-41978.45 -42684.79
-43554.65 -42684.79
-43506.50 -42684.79
-42408.62 -42684.79
-44077.53 -42684.79
-43260.56 -42684.79
-42253.96 -42684.79
-42236.15 -42684.79
-43850.80 -42684.79
-43210.20 -42684.79
-43214.36 -42684.79
-43012.05 -42684.79
-43186.17 -42684.79
-43263.49 -42684.79
-45069.18 -42684.79
-44084.08 -42684.79
-43192.32 -42684.79
-42732.65 -42684.79
-43499.53 -42684.79
-41949.40 -42684.79
-43897.98 -42684.79
-42278.87 -42684.79
-42737.92 -42684.79
-42682.09 -42684.79
-43532.02 -42684.79
-42393.45 -42684.79
-43044.98 -42684.79
-42745.18 -42684.79
-43248.83 -42684.79
-42250.42 -42684.79
-41132.01 -42684.79
-42904.16 -42684.79
-43266.84 -42684.79
-42888.38 -42684.79
-43000.94 -42684.79
-43373.17 -42684.79
-43389.86 -42684.79
-42238.29 -42684.79
-44324.07 -42684.79
-41803.84 -42684.79
-43684.14 -42684.79
-43893.34 -42684.79
-43489.23 -42684.79
-41972.48 -42684.79
-43708.88 -42684.79
-41939.04 -42684.79
-42262.93 -42684.79
-43280.23 -42684.79
-43502.14 -42684.79
-41271.27 -42684.79
-43234.34 -42684.79
-43023.67 -42684.79
-43546.14 -42684.79
-43522.30 -42684.79
-43057.03 -42684.79
-43380.91 -42684.79
-42711.65 -42684.79
-43487.50 -42684.79
-43142.24 -42684.79
-43505.54 -42684.79
-44154.72 -42684.79
-42698.18 -42684.79
-42217.53 -42684.79
-44486.51 -42684.79
-43519.52 -42684.79
-44279.05 -42684.79
-43863.34 -42684.79
-42218.14 -42684.79
-43975.55 -42684.79
-43531.16 -42684.79
-43854.91 -42684.79
-41296.91 -42684.79
-43711.63 -42684.79
-43727.64 -42684.79
-43216.81 -42684.79
-42516.60 -42684.79
-41530.54 -42684.79
-43095.17 -42684.79
-44088.07 -42684.79
-43342.85 -42684.79
-42247.31 -42684.79
-42729.30 -42684.79
-43214.38 -42684.79
-42747.34 -42684.79
-43501.97 -42684.79
-42453.82 -42684.79
-43280.83 -42684.79
-41425.80 -42684.79
-42121.57 -42684.79
-43275.14 -42684.79
-43496.05 -42684.79
-43400.78 -42684.79
-43962.68 -42684.79
-42137.36 -42684.79
-41341.76 -42684.79
-43204.54 -42684.79
-42744.31 -42684.79
-41875.14 -42684.79
-42375.90 -42684.79
-40228.43 -42684.79
-42400.47 -42684.79
-42728.75 -42684.79
-43033.24 -42684.79
-42087.03 -42684.79
-41473.17 -42684.79
-42661.51 -42684.79
-42432.68 -42684.79
-43394.15 -42684.79
-41580.35 -42684.79
-43503.99 -42684.79
-44362.75 -42684.79
-43394.42 -42684.79
-42628.69 -42684.79
-41800.67 -42684.79
-42797.79 -42684.79
-41471.92 -42684.79
-41570.89 -42684.79
-42363.52 -42684.79
-41429.97 -42684.79
-43189.67 -42684.79
-43210.20 -42684.79
-42733.21 -42684.79
-41276.53 -42684.79
-42751.85 -42684.79
-41843.90 -42684.79
-42218.96 -42684.79
-44104.22 -42684.79
-42428.46 -42684.79
-42767.79 -42684.79
-43545.71 -42684.79
-43508.52 -42684.79
-42252.32 -42684.79
-41838.83 -42684.79
-41486.16 -42684.79
-43217.75 -42684.79
-42752.17 -42684.79
-43217.35 -42684.79
-42504.57 -42684.79
-43199.71 -42684.79
-41751.95 -42684.79
-42604.32 -42684.79
-43057.35 -42684.79
-43018.08 -42684.79
-42406.28 -42684.79
-41764.39 -42684.79
-43201.85 -42684.79
-41531.50 -42684.79
-43690.79 -42684.79
-41316.12 -42684.79
-42454.06 -42684.79
-42101.47 -42684.79
-42729.60 -42684.79
-41391.53 -42684.79
-41466.60 -42684.79
-42086.18 -42684.79
-41493.91 -42684.79
-41211.14 -42684.79
-43281.29 -42684.79
-41836.67 -42684.79
-42785.35 -42684.79
-42607.78 -42684.79
-42714.41 -42684.79
-42198.06 -42684.79
-41845.63 -42684.79
-43149.11 -42684.79
-41628.25 -42684.79
-42588.53 -42684.79
-42721.32 -42684.79
-43226.75 -42684.79
-42017.89 -42684.79
-41424.57 -42684.79
-43274.43 -42684.79
-43059.48 -42684.79
-42227.51 -42684.79
-41548.82 -42684.79
-43037.14 -42684.79
-41549.83 -42684.79
-43795.21 -42684.79
-42014.78 -42684.79
-41470.69 -42684.79
-43497.89 -42684.79
-42984.86 -42684.79
-43200.20 -42684.79
-43630.00 -42684.79
-43222.41 -42684.79
-41935.00 -42684.79
-42486.37 -42684.79
-41886.74 -42684.79
-43295.98 -42684.79
-42051.04 -42684.79
-42809.50 -42684.79
-42195.29 -42684.79
-41583.90 -42684.79
-44335.49 -42684.79
-41413.01 -42684.79
-43058.18 -42684.79
-43838.02 -42684.79
-42201.05 -42684.79
-43179.70 -42684.79
-42083.16 -42684.79
-42054.89 -42684.79
-42888.92 -42684.79
-42260.64 -42684.79
-43391.21 -42684.79
-43737.71 -42684.79
-43506.95 -42684.79
-43512.21 -42684.79
-42530.21 -42684.79
-43722.62 -42684.79
-42535.69 -42684.79
-42242.16 -42684.79
-41546.10 -42684.79
-42748.23 -42684.79
-43204.08 -42684.79
-41986.83 -42684.79
-43014.81 -42684.79
-43186.90 -42684.79
-43887.67 -42684.79
-44581.21 -42684.79
-41999.21 -42684.79
-43671.45 -42684.79
-43212.72 -42684.79
-42217.14 -42684.79
-42233.85 -42684.79
-43405.26 -42684.79
-42586.13 -42684.79
-42670.45 -42684.79
-42731.52 -42684.79
-42521.94 -42684.79
-42593.19 -42684.79
-42227.38 -42684.79
-43612.36 -42684.79
-43224.32 -42684.79
-43897.09 -42684.79
-43058.26 -42684.79
-41541.56 -42684.79
-42724.82 -42684.79
-43940.92 -42684.79
-43021.24 -42684.79
-43028.79 -42684.79
-43205.58 -42684.79
-44063.61 -42684.79
-43185.15 -42684.79
-42732.81 -42684.79
-43019.51 -42684.79
-43820.84 -42684.79
-42791.94 -42684.79
-43504.97 -42684.79
-42088.02 -42684.79
-41911.55 -42684.79
-42705.41 -42684.79
-42197.65 -42684.79
-43292.29 -42684.79
-43201.22 -42684.79
-43667.96 -42684.79
-43632.60 -42684.79
-43374.45 -42684.79
-41756.40 -42684.79
-44087.44 -42684.79
-44208.70 -42684.79
-43496.87 -42684.79
-43013.09 -42684.79
-42225.09 -42684.79
-43106.01 -42684.79
-43045.52 -42684.79
-43201.87 -42684.79
-42282.20 -42684.79
-43501.44 -42684.79
-41426.89 -42684.79
-42723.37 -42684.79
-43065.20 -42684.79
-41246.78 -42684.79
-43634.86 -42684.79
-42135.22 -42684.79
-43341.46 -42684.79
-41731.96 -42684.79
-42012.65 -42684.79
-43281.26 -42684.79
-43212.36 -42684.79
-42556.67 -42684.79
-43496.63 -42684.79
-42052.62 -42684.79
-42037.40 -42684.79
-43210.25 -42684.79
-44442.27 -42684.79
-42194.35 -42684.79
-41434.78 -42684.79
-43708.60 -42684.79
-42910.09 -42684.79
-43312.19 -42684.79
-42121.56 -42684.79
-43511.02 -42684.79
-43342.84 -42684.79
-43033.30 -42684.79
-43615.00 -42684.79
-42260.90 -42684.79
-43273.51 -42684.79
-44140.71 -42684.79
-43021.30 -42684.79
-43834.75 -42684.79
-43013.67 -42684.79
-43259.31 -42684.79
-43704.58 -42684.79
-43056.79 -42684.79
-44244.71 -42684.79
-43210.80 -42684.79
-42456.64 -42684.79
-43222.69 -42684.79
-43203.34 -42684.79
-43966.60 -42684.79
-43218.69 -42684.79
-42197.44 -42684.79
-43178.90 -42684.79
-43977.94 -42684.79
-43399.36 -42684.79
-42247.59 -42684.79
-43377.37 -42684.79
-41828.52 -42684.79
-43699.62 -42684.79
-42234.51 -42684.79
-43532.56 -42684.79
-43007.94 -42684.79
-43142.66 -42684.79
-44252.82 -42684.79
-42786.85 -42684.79
-42684.84 -42684.79
-43532.06 -42684.79
-42455.09 -42684.79
-43647.23 -42684.79
-43388.86 -42684.79
-43503.10 -42684.79
-41794.21 -42684.79
-42173.36 -42684.79
-43955.68 -42684.79
-42709.57 -42684.79
-43711.22 -42684.79
-42758.78 -42684.79
-43504.07 -42684.79
-43686.72 -42684.79
-43984.40 -42684.79
-42558.92 -42684.79
-43491.46 -42684.79
-42778.91 -42684.79
-42270.59 -42684.79
-43508.49 -42684.79
-44062.18 -42684.79
-43195.22 -42684.79
-43917.30 -42684.79
-42522.29 -42684.79
-43283.27 -42684.79
-44337.70 -42684.79
-43914.95 -42684.79
-43393.30 -42684.79
-41369.03 -42684.79
-43211.39 -42684.79
-43797.56 -42684.79
-43195.42 -42684.79
-43186.31 -42684.79
-42728.50 -42684.79
-43506.47 -42684.79
-42685.33 -42684.79
-42216.07 -42684.79
-42501.18 -42684.79
-43639.10 -42684.79
-43000.76 -42684.79
-43237.42 -42684.79
-42403.49 -42684.79
-43659.96 -42684.79
-43598.60 -42684.79
-41485.60 -42684.79
-43857.02 -42684.79
-44005.67 -42684.79
-42186.76 -42684.79
-43260.88 -42684.79
-42672.70 -42684.79
-43389.48 -42684.79
-44094.33 -42684.79
-41532.94 -42684.79
-43343.70 -42684.79
-42130.91 -42684.79
-43308.52 -42684.79
-42677.29 -42684.79
-43275.93 -42684.79
-43138.71 -42684.79
-42688.39 -42684.79
-45337.01 -42684.79
-41320.91 -42684.79
-44172.61 -42684.79
-43737.84 -42684.79
-43844.41 -42684.79
-42051.06 -42684.79
-42752.15 -42684.79
-43307.80 -42684.79
-43613.22 -42684.79
-42237.03 -42684.79
-42500.66 -42684.79
-43513.59 -42684.79
-42065.33 -42684.79
-43607.25 -42684.79
-44581.30 -42684.79
-44698.04 -42684.79
-42226.04 -42684.79
-43217.37 -42684.79
-42397.96 -42684.79
-42780.28 -42684.79
-43259.20 -42684.79
-43257.83 -42684.79
-43544.68 -42684.79
-43489.90 -42684.79
-43640.70 -42684.79
-43853.35 -42684.79
-42234.50 -42684.79
-42133.74 -42684.79
-43861.62 -42684.79
-43316.21 -42684.79
-43206.62 -42684.79
-43677.83 -42684.79
-44496.46 -42684.79
-42479.97 -42684.79
-43517.47 -42684.79
-43526.46 -42684.79
-42718.96 -42684.79
-43397.80 -42684.79
-43043.86 -42684.79
-43963.17 -42684.79
-44378.54 -42684.79
-43501.52 -42684.79
-43834.84 -42684.79
-43369.24 -42684.79
-41813.71 -42684.79
-42730.88 -42684.79
-41279.16 -42684.79
-41973.53 -42684.79
-41991.20 -42684.79
-45044.47 -42684.79
-42801.84 -42684.79
-43998.05 -42684.79
-43854.36 -42684.79
-44666.82 -42684.79
-43230.31 -42684.79
-43249.08 -42684.79
-43884.45 -42684.79
-42185.94 -42684.79
-42249.20 -42684.79
-43537.65 -42684.79
-44083.92 -42684.79
-43525.73 -42684.79
-43532.29 -42684.79
-43486.31 -42684.79
-44835.03 -42684.79
-43621.64 -42684.79
-43536.70 -42684.79
-43233.16 -42684.79
-42786.07 -42684.79
-41504.04 -42684.79
-42005.00 -42684.79
-42513.55 -42684.79
-42752.57 -42684.79
-41895.13 -42684.79
-43970.48 -42684.79
-42886.85 -42684.79
-43290.59 -42684.79
-42407.48 -42684.79
-41646.26 -42684.79
-42564.79 -42684.79
-42674.38 -42684.79
-43202.45 -42684.79
-42386.30 -42684.79
-42602.49 -42684.79
-42228.96 -42684.79
-42745.25 -42684.79
-45323.70 -42684.79
-42364.96 -42684.79
-43205.48 -42684.79
-42615.42 -42684.79
-41455.68 -42684.79
-43701.13 -42684.79
-43852.52 -42684.79
-42269.25 -42684.79
-43643.52 -42684.79
-42226.45 -42684.79
-44272.06 -42684.79
-43611.51 -42684.79
-41553.51 -42684.79
-42607.80 -42684.79
-43091.42 -42684.79
-42481.99 -42684.79
-42619.78 -42684.79
-42093.00 -42684.79
-41259.53 -42684.79
-43500.79 -42684.79
-41511.78 -42684.79
-41937.86 -42684.79
-43183.43 -42684.79
-43797.31 -42684.79
-43175.02 -42684.79
-41960.84 -42684.79
-43379.34 -42684.79
-41889.58 -42684.79
-41180.07 -42684.79
-43233.36 -42684.79
-44256.36 -42684.79
-41986.39 -42684.79
-41481.24 -42684.79
-42894.73 -42684.79
-43020.11 -42684.79
-42197.48 -42684.79
-43537.29 -42684.79
-43343.02 -42684.79
-43035.54 -42684.79
-43157.70 -42684.79
-41728.06 -42684.79
-43486.99 -42684.79
-43569.34 -42684.79
-43204.22 -42684.79
-42507.18 -42684.79
-43498.11 -42684.79
-43848.00 -42684.79
-43218.54 -42684.79
-41979.10 -42684.79
-43503.74 -42684.79
-44441.81 -42684.79
-41377.94 -42684.79
-43036.78 -42684.79
-42146.66 -42684.79
-43612.21 -42684.79
-43389.33 -42684.79
-42719.02 -42684.79
-43209.76 -42684.79
-43562.53 -42684.79
-43650.09 -42684.79
-42220.87 -42684.79
-43142.66 -42684.79
-41323.54 -42684.79
-43398.39 -42684.79
-41301.01 -42684.79
-44561.70 -42684.79
-42785.06 -42684.79
-43202.12 -42684.79
-42805.29 -42684.79
-41246.56 -42684.79
-41626.48 -42684.79
-42190.22 -42684.79
-43260.92 -42684.79
-41621.97 -42684.79
-42658.95 -42684.79
-43504.80 -42684.79
-41993.17 -42684.79
-44068.17 -42684.79
-42719.56 -42684.79
-43107.21 -42684.79
-42482.49 -42684.79
-41845.01 -42684.79
-43845.85 -42684.79
-43000.66 -42684.79
-43060.58 -42684.79
-43508.04 -42684.79
-43493.89 -42684.79
-42698.50 -42684.79
-43220.91 -42684.79
-42441.43 -42684.79
-43277.12 -42684.79
-41974.69 -42684.79
-42806.03 -42684.79
-41430.04 -42684.79
-43502.05 -42684.79
-43225.98 -42684.79
-42204.79 -42684.79
-43001.16 -42684.79
-43279.05 -42684.79
-42897.22 -42684.79
-43296.68 -42684.79
-42678.52 -42684.79
-41551.91 -42684.79
-42213.81 -42684.79
-41844.99 -42684.79
-43319.82 -42684.79
-42379.59 -42684.79
-42268.18 -42684.79
-43393.48 -42684.79
-43422.97 -42684.79
-43280.42 -42684.79
-42410.32 -42684.79
-41320.34 -42684.79
-43277.33 -42684.79
-43033.55 -42684.79
-41986.18 -41986.18
-40147.27 -40147.27
-36219.80 -36219.80
-34812.02 -34812.02
-37405.20 -34812.02
-33575.29 -33575.29
-32402.91 -32402.91
-32426.01 -32402.91
-34206.94 -32402.91
-31965.27 -31965.27
-32825.36 -31965.27
-32869.87 -31965.27
-32733.81 -31965.27
-32153.81 -31965.27
-32472.22 -31965.27
-31818.48 -31818.48
-32820.53 -31818.48
-31781.02 -31781.02
-30981.23 -30981.23
-31210.33 -30981.23
-30832.37 -30832.37
-30997.69 -30832.37
-30191.58 -30191.58
-30131.43 -30131.43
-29807.10 -29807.10
-32040.21 -29807.10
-28494.88 -28494.88
-26987.17 -26987.17
-27901.89 -26987.17
-27531.26 -26987.17
-28389.19 -26987.17
-25546.62 -25546.62
-25697.29 -25546.62
-26530.99 -25546.62
-21326.50 -21326.50
-25403.03 -21326.50
-22748.36 -21326.50
-18677.55 -18677.55
-18993.49 -18677.55
-18407.86 -18407.86
-21315.74 -18407.86
-10748.94 -10748.94
-12046.99 -10748.94
-5284.02 -5284.02
-6549.35 -5284.02
-4650.86 -4650.86
4764.68 4764.68
9657.54 9657.54
10441.19 10441.19
-8280.76 10441.19
-4321.96 10441.19
7849.95 10441.19
-4992.76 10441.19
1031.93 10441.19
8404.38 10441.19
8418.31 10441.19
2246.05 10441.19
-5267.73 10441.19
8503.72 10441.19
8733.45 10441.19
-11818.44 10441.19
-8547.43 10441.19
8777.12 10441.19
9186.02 10441.19
-8371.63 10441.19
-2286.95 10441.19
8364.69 10441.19
8465.13 10441.19
-5013.50 10441.19
7600.86 10441.19
-2647.76 10441.19
3478.02 10441.19
10490.46 10490.46
-4376.27 10490.46
10659.28 10659.28
-2613.34 10659.28
-12274.60 10659.28
-6327.53 10659.28
-6546.65 10659.28
-6857.33 10659.28
10442.19 10659.28
907.23 10659.28
-6929.84 10659.28
6027.18 10659.28
-5498.96 10659.28
-5020.54 10659.28
-5329.30 10659.28
4868.25 10659.28
10629.23 10659.28
7622.53 10659.28
-7484.10 10659.28
-2411.85 10659.28
-7441.78 10659.28
-11678.91 10659.28
-7467.07 10659.28
-2503.37 10659.28
10331.89 10659.28
-4570.20 10659.28
-42135.05 10659.28
-43248.94 10659.28
-41841.81 10659.28
-42069.27 10659.28
-42017.96 10659.28
-41577.57 10659.28
-41291.09 10659.28
-43219.93 10659.28
-42808.80 10659.28
-42268.44 10659.28
-42372.23 10659.28
-40211.46 10659.28
-43536.46 10659.28
-42000.30 10659.28
-42721.86 10659.28
-41236.27 10659.28
-43103.96 10659.28
-42628.08 10659.28
-42562.55 10659.28
-40877.83 10659.28
-41400.93 10659.28
-41483.71 10659.28
-43181.58 10659.28
-43213.93 10659.28
-43382.38 10659.28
-42374.27 10659.28
-42010.94 10659.28
-42369.07 10659.28
-40336.45 10659.28
-43097.34 10659.28
-41979.22 10659.28
-43047.43 10659.28
-41103.52 10659.28
-42030.47 10659.28
-43809.66 10659.28
-41888.48 10659.28
-43716.78 10659.28
-41231.72 10659.28
-42171.47 10659.28
-42266.68 10659.28
-42005.48 10659.28
-41888.89 10659.28
-43026.63 10659.28
-41803.57 10659.28
-43146.59 10659.28
-43004.19 10659.28
-41931.96 10659.28
-42532.07 10659.28
-42254.23 10659.28
-42184.44 10659.28
-43206.40 10659.28
-44222.52 10659.28
-43209.81 10659.28
-42778.31 10659.28
-40916.08 10659.28
-42720.46 10659.28
-41302.48 10659.28
-42095.24 10659.28
-43224.24 10659.28
-43015.76 10659.28
-41786.17 10659.28
-42606.12 10659.28
-43844.82 10659.28
-42133.00 10659.28
-43290.82 10659.28
-42403.62 10659.28
-42723.22 10659.28
-40436.50 10659.28
-40502.84 10659.28
-41476.79 10659.28
-41159.84 10659.28
-42234.82 10659.28
-42436.93 10659.28
-42788.88 10659.28
-42558.59 10659.28
-43176.07 10659.28
-44428.54 10659.28
-42523.70 10659.28
-42449.59 10659.28
-41873.47 10659.28
-42196.09 10659.28
-42980.54 10659.28
-43012.11 10659.28
-43226.94 10659.28
-41328.59 10659.28
-41997.30 10659.28
-43478.30 10659.28
-43232.08 10659.28
-42741.63 10659.28
-42196.93 10659.28
-43182.56 10659.28
-43396.65 10659.28
-42372.89 10659.28
-43409.87 10659.28
-43182.74 10659.28
-41998.29 10659.28
-42722.36 10659.28
-42561.00 10659.28
-42610.22 10659.28
-43057.85 10659.28
-42984.89 10659.28
-43511.22 10659.28
-43059.17 10659.28
-45377.98 10659.28
-44441.85 10659.28
-43276.94 10659.28
-44697.75 10659.28
-43801.11 10659.28
-41875.53 10659.28
-43186.43 10659.28
-42196.97 10659.28
-43401.37 10659.28
-43660.55 10659.28
-42029.54 10659.28
-43972.41 10659.28
-42702.98 10659.28
-44392.02 10659.28
-45167.36 10659.28
-44473.50 10659.28
-43021.55 10659.28
-42423.10 10659.28
-43669.35 10659.28
-43712.66 10659.28
-41539.07 10659.28
-42002.47 10659.28
-42601.61 10659.28
-44109.73 10659.28
-42805.31 10659.28
-42029.39 10659.28
-43798.21 10659.28
-42230.57 10659.28
-43949.68 10659.28
-43472.07 10659.28
-44161.98 10659.28
-43496.36 10659.28
-42890.22 10659.28
-42517.70 10659.28
-44375.62 10659.28
-41531.49 10659.28
-43210.19 10659.28
-43652.83 10659.28
-43174.02 10659.28
-43322.43 10659.28
-44372.06 10659.28
-42745.17 10659.28
-43228.09 10659.28
-42492.76 10659.28
-43375.48 10659.28
-43406.58 10659.28
-44123.28 10659.28
-42372.54 10659.28
-42699.41 10659.28
-42725.60 10659.28
-44086.70 10659.28
-44290.97 10659.28
-41923.67 10659.28
-43718.40 10659.28
-42240.35 10659.28
-44424.99 10659.28
-42431.82 10659.28
-43219.81 10659.28
-41496.84 10659.28
-42244.29 10659.28
-43474.46 10659.28
-43595.63 10659.28
-41968.81 10659.28
-43614.09 10659.28
-43251.52 10659.28
-42530.82 10659.28
-43505.74 10659.28
-43216.94 10659.28
-42391.63 10659.28
-43261.31 10659.28
-43669.64 10659.28
-42201.58 10659.28
-42535.19 10659.28
-43266.38 10659.28
-41594.06 10659.28
-43020.09 10659.28
-43531.40 10659.28
-41000.54 10659.28
-42756.22 10659.28
-43183.94 10659.28
-41282.54 10659.28
-43232.25 10659.28
-42607.00 10659.28
-41552.67 10659.28
-42225.71 10659.28
-42484.87 10659.28
-43613.97 10659.28
-42570.23 10659.28
-43188.19 10659.28
-41807.54 10659.28
-43803.80 10659.28
-43205.29 10659.28
-42566.36 10659.28
-44058.44 10659.28
-42226.45 10659.28
-42464.54 10659.28
-45080.03 10659.28
-42222.07 10659.28
-41313.91 10659.28
-43224.41 10659.28
-42234.41 10659.28
-44342.17 10659.28
-41393.86 10659.28
-41976.38 10659.28
-43215.54 10659.28
-41778.33 10659.28
-41551.65 10659.28
-42028.26 10659.28
-42010.71 10659.28
-43106.40 10659.28
-41485.26 10659.28
-43055.14 10659.28
-43220.32 10659.28
-43385.17 10659.28
-43999.25 10659.28
-41614.47 10659.28
-42060.04 10659.28
-43323.35 10659.28
-41993.50 10659.28
-42731.33 10659.28
-43204.04 10659.28
-43185.28 10659.28
-44069.55 10659.28
-42088.48 10659.28
-43206.13 10659.28
-43002.15 10659.28
-43283.73 10659.28
-41987.80 10659.28
-41929.68 10659.28
-42199.60 10659.28
-43208.17 10659.28
-43037.06 10659.28
-43533.77 10659.28
-43208.00 10659.28
-42985.71 10659.28
-43186.50 10659.28
-43806.35 10659.28
-43497.47 10659.28
-43194.49 10659.28
-42802.26 10659.28
-43632.95 10659.28
-43499.20 10659.28
-42387.09 10659.28
-42007.76 10659.28
-42230.03 10659.28
-43094.36 10659.28
-43947.97 10659.28
-43057.99 10659.28
-42087.31 10659.28
-43037.92 10659.28
-43480.73 10659.28
-41548.49 10659.28
-43507.73 10659.28
-41430.58 10659.28
-42486.90 10659.28
-43906.86 10659.28
-42705.40 10659.28
-42728.50 10659.28
-42492.66 10659.28
-41640.47 10659.28
-42597.87 10659.28
-41944.66 10659.28
-43054.91 10659.28
-43298.71 10659.28
-42751.17 10659.28
-43814.59 10659.28
-43487.74 10659.28
-42176.41 10659.28
-42604.60 10659.28
-42717.33 10659.28
-41466.90 10659.28
-41171.05 10659.28
-43207.34 10659.28
-43497.99 10659.28
-43378.81 10659.28
-42495.01 10659.28
-40948.96 10659.28
-43213.84 10659.28
-42378.15 10659.28
-42222.14 10659.28
-43018.06 10659.28
-43192.74 10659.28
-41280.48 10659.28
-41821.75 10659.28
-41485.34 10659.28
-42244.62 10659.28
-44925.73 10659.28
-40910.42 10659.28
-41917.17 10659.28
-44307.68 10659.28
-42615.55 10659.28
-42772.30 10659.28
-42132.21 10659.28
-43259.15 10659.28
-44439.57 10659.28
-41418.90 10659.28
-43192.74 10659.28
-41508.49 10659.28
-43548.74 10659.28
-42249.91 10659.28
-43518.28 10659.28
-41954.80 10659.28
-41530.09 10659.28
-44349.25 10659.28
-43148.39 10659.28
-43863.97 10659.28
-42376.17 10659.28
-44667.56 10659.28
-43370.29 10659.28
-43202.63 10659.28
-42140.41 10659.28
-43215.59 10659.28
-43499.68 10659.28
-42601.05 10659.28
-41753.58 10659.28
-43538.82 10659.28
-43225.43 10659.28
-42431.94 10659.28
-43532.37 10659.28
-42722.37 10659.28
-43681.18 10659.28
-44172.59 10659.28
-43528.38 10659.28
-43293.35 10659.28
-43210.42 10659.28
-42806.61 10659.28
-43553.62 10659.28
-43540.16 10659.28
-43061.98 10659.28
-42012.03 10659.28
-41744.21 10659.28
-42704.81 10659.28
-43213.73 10659.28
-43059.70 10659.28
-43093.44 10659.28
-43032.71 10659.28
-44052.85 10659.28
-41484.30 10659.28
-41780.50 10659.28
-42586.20 10659.28
-42023.71 10659.28
-43023.10 10659.28
-43829.07 10659.28
-42209.70 10659.28
-42986.91 10659.28
-41771.11 10659.28
-42026.89 10659.28
-41384.73 10659.28
-42187.93 10659.28
-43054.97 10659.28
-41243.24 10659.28
-42661.65 10659.28
-42784.17 10659.28
-43733.88 10659.28
-42270.15 10659.28
-42608.38 10659.28
-42480.00 10659.28
-43220.02 10659.28
-43226.33 10659.28
-43256.32 10659.28
-41268.02 10659.28
-42401.12 10659.28
-41753.37 10659.28
-43812.63 10659.28
-43280.67 10659.28
-42366.64 10659.28
-42189.84 10659.28
-42376.52 10659.28
-41619.83 10659.28
-43226.07 10659.28
-43572.02 10659.28
-42228.74 10659.28
-42733.73 10659.28
-43275.95 10659.28
-43058.15 10659.28
-42887.20 10659.28
-42677.63 10659.28
-43317.46 10659.28
-43546.93 10659.28
-43535.98 10659.28
-42264.41 10659.28
-43403.50 10659.28
-43619.86 10659.28
-42482.55 10659.28
-43663.65 10659.28
-42716.48 10659.28
-43862.83 10659.28
-41610.11 10659.28
-42504.42 10659.28
-42074.75 10659.28
-43306.60 10659.28
-43273.66 10659.28
-42478.07 10659.28
-43187.13 10659.28
-43004.65 10659.28
