0.00 0.00
-9529.26 0.00
-9491.14 0.00
-9483.01 0.00
-9703.77 0.00
-9216.47 -9216.47
-8962.82 -8962.82
-9294.11 -8962.82
-8741.53 -8741.53
-8635.92 -8635.92
-8617.60 -8617.60
-8988.08 -8617.60
-8654.90 -8617.60
-8530.92 -8530.92
-8712.48 -8530.92
-8212.16 -8212.16
-8066.41 -8066.41
-7990.52 -7990.52
-7795.27 -7795.27
-7851.03 -7795.27
-7751.77 -7751.77
-7845.28 -7751.77
-7821.84 -7751.77
-7841.71 -7751.77
-7872.62 -7751.77
-7769.03 -7751.77
-7925.55 -7751.77
-7629.55 -7629.55
-7572.57 -7572.57
-7676.06 -7572.57
-7541.75 -7541.75
-7748.49 -7541.75
-7727.84 -7541.75
-7673.20 -7541.75
-7476.22 -7476.22
-7516.79 -7476.22
-7451.91 -7451.91
-7430.61 -7430.61
-7324.24 -7324.24
-7454.71 -7324.24
-7232.12 -7232.12
-7299.17 -7232.12
-7421.07 -7232.12
-7324.46 -7232.12
-7351.38 -7232.12
-7276.37 -7232.12
-7221.24 -7221.24
-7332.23 -7221.24
-7205.76 -7205.76
-7333.23 -7205.76
-7233.72 -7205.76
-7206.43 -7205.76
-7242.12 -7205.76
-7219.70 -7205.76
-7114.83 -7114.83
-7140.81 -7114.83
-7109.37 -7109.37
-7150.80 -7109.37
-7043.77 -7043.77
-7065.35 -7043.77
-7085.83 -7043.77
-6955.24 -6955.24
-7045.65 -6955.24
-6906.17 -6906.17
-7050.21 -6906.17
-6880.32 -6880.32
-6893.80 -6880.32
-6843.68 -6843.68
-6868.31 -6843.68
-6934.87 -6843.68
-6775.35 -6775.35
-6734.10 -6734.10
-6753.57 -6734.10
-6730.43 -6730.43
-6745.32 -6730.43
-6684.57 -6684.57
-6717.29 -6684.57
-6690.54 -6684.57
-6727.94 -6684.57
-6809.77 -6684.57
-6663.98 -6663.98
-6677.45 -6663.98
-6670.13 -6663.98
-6571.20 -6571.20
-6653.88 -6571.20
-6591.63 -6571.20
-6535.81 -6535.81
-6505.88 -6505.88
-6504.08 -6504.08
-6484.32 -6484.32
-6525.78 -6484.32
-6548.78 -6484.32
-6512.75 -6484.32
-6585.42 -6484.32
-6534.76 -6484.32
-6461.48 -6461.48
-6457.32 -6457.32
-6448.35 -6448.35
-6489.94 -6448.35
-6458.81 -6448.35
-6632.72 -6448.35
-6445.72 -6445.72
-9649.47 -6445.72
-9541.12 -6445.72
-9490.81 -6445.72
-9115.20 -6445.72
-9289.34 -6445.72
-9467.93 -6445.72
-9622.76 -6445.72
-8998.97 -6445.72
-9331.35 -6445.72
-9399.56 -6445.72
-9447.49 -6445.72
-9566.69 -6445.72
-9522.24 -6445.72
-9516.40 -6445.72
-9749.90 -6445.72
-9287.91 -6445.72
-9765.36 -6445.72
-9246.14 -6445.72
-9698.95 -6445.72
-9899.95 -6445.72
-9488.21 -6445.72
-9162.52 -6445.72
-9470.38 -6445.72
-9128.91 -6445.72
-9463.81 -6445.72
-9097.41 -6445.72
-9411.60 -6445.72
-9109.06 -6445.72
-9364.77 -6445.72
-9296.67 -6445.72
-9728.47 -6445.72
-9318.82 -6445.72
-9848.36 -6445.72
-9594.41 -6445.72
-9407.26 -6445.72
-9338.15 -6445.72
-9333.13 -6445.72
-9853.72 -6445.72
-9184.83 -6445.72
-9551.76 -6445.72
-9231.68 -6445.72
-9556.54 -6445.72
-9390.92 -6445.72
-9595.19 -6445.72
-9615.88 -6445.72
-9414.09 -6445.72
-9498.55 -6445.72
-9245.40 -6445.72
-9613.28 -6445.72
-9754.67 -6445.72
-9483.21 -6445.72
-9388.70 -6445.72
-9573.86 -6445.72
-9347.78 -6445.72
-9189.41 -6445.72
-9250.37 -6445.72
-9194.72 -6445.72
-9344.36 -6445.72
-9477.75 -6445.72
-9650.19 -6445.72
-9667.11 -6445.72
-8975.19 -6445.72
-9288.45 -6445.72
-9423.19 -6445.72
-9628.79 -6445.72
-9570.85 -6445.72
-9553.75 -6445.72
-9441.00 -6445.72
-9342.08 -6445.72
-9413.18 -6445.72
-9402.59 -6445.72
-9654.51 -6445.72
-9555.83 -6445.72
-9606.87 -6445.72
-9382.52 -6445.72
-9688.23 -6445.72
-9595.54 -6445.72
-9626.45 -6445.72
-9589.03 -6445.72
-9489.37 -6445.72
-9617.34 -6445.72
-9536.31 -6445.72
-9663.31 -6445.72
-9008.58 -6445.72
-9259.70 -6445.72
-9804.00 -6445.72
-9375.50 -6445.72
-9287.65 -6445.72
-9306.36 -6445.72
-9395.11 -6445.72
-9538.80 -6445.72
-9293.50 -6445.72
-9196.20 -6445.72
-9459.73 -6445.72
-9451.23 -6445.72
-9412.95 -6445.72
-9533.53 -6445.72
-9622.93 -6445.72
-9490.08 -6445.72
-9431.95 -6445.72
-9377.59 -6445.72
-9703.64 -6445.72
-9692.38 -6445.72
-9305.21 -6445.72
-10091.68 -6445.72
-9418.02 -6445.72
-9679.82 -6445.72
-9433.24 -6445.72
-9291.24 -6445.72
-9107.82 -6445.72
-9698.96 -6445.72
-9280.27 -6445.72
-9383.50 -6445.72
-9229.82 -6445.72
-9407.41 -6445.72
-9384.44 -6445.72
-9232.33 -6445.72
-9805.71 -6445.72
-9297.18 -6445.72
-9488.91 -6445.72
-9589.14 -6445.72
-9494.11 -6445.72
-9476.85 -6445.72
-9562.43 -6445.72
-9557.84 -6445.72
-9460.51 -6445.72
-9352.15 -6445.72
-9359.50 -6445.72
-9008.66 -6445.72
-9350.24 -6445.72
-9138.08 -6445.72
-9408.70 -6445.72
-9699.67 -6445.72
-9244.47 -6445.72
-9525.63 -6445.72
-9364.02 -6445.72
-9656.90 -6445.72
-9758.02 -6445.72
-9641.20 -6445.72
-9557.48 -6445.72
-9021.05 -6445.72
-9279.50 -6445.72
-9459.07 -6445.72
-9493.45 -6445.72
-9145.25 -6445.72
-9662.60 -6445.72
-9705.80 -6445.72
-9440.18 -6445.72
-9525.30 -6445.72
-9646.14 -6445.72
-9401.19 -6445.72
-9291.23 -6445.72
-9689.70 -6445.72
-9295.98 -6445.72
-9310.60 -6445.72
-9591.18 -6445.72
-9603.83 -6445.72
-9420.06 -6445.72
-9144.09 -6445.72
-9295.45 -6445.72
-9462.17 -6445.72
-9684.63 -6445.72
-9049.91 -6445.72
-9386.22 -6445.72
-9739.12 -6445.72
-9001.19 -6445.72
-9733.26 -6445.72
-9510.66 -6445.72
-9731.91 -6445.72
-9426.68 -6445.72
-9548.16 -6445.72
-9351.90 -6445.72
-9454.51 -6445.72
-9343.17 -6445.72
-9732.54 -6445.72
-9160.86 -6445.72
-9477.24 -6445.72
-9491.68 -6445.72
-9374.40 -6445.72
-9246.38 -6445.72
-9567.26 -6445.72
-9016.01 -6445.72
-9293.61 -6445.72
-9807.06 -6445.72
-9513.03 -6445.72
-9644.37 -6445.72
-9698.88 -6445.72
-9391.41 -6445.72
-9706.76 -6445.72
-9429.66 -6445.72
-9733.97 -6445.72
-9763.07 -6445.72
-9591.25 -6445.72
-9451.41 -6445.72
-9325.30 -6445.72
-9496.96 -6445.72
-9484.97 -6445.72
-9596.03 -6445.72
-9520.29 -6445.72
-9197.62 -6445.72
-9239.23 -9239.23
-9304.07 -9239.23
-9603.56 -9239.23
-9045.21 -9045.21
-8720.01 -8720.01
-8456.71 -8456.71
-8492.17 -8456.71
-8053.35 -8053.35
-7978.97 -7978.97
-7806.63 -7806.63
-7674.23 -7674.23
-7661.51 -7661.51
-7571.16 -7571.16
-7661.68 -7571.16
-7561.78 -7561.78
-7541.24 -7541.24
-7483.34 -7483.34
-7542.84 -7483.34
-7688.69 -7483.34
-7685.44 -7483.34
-7503.44 -7483.34
-7542.11 -7483.34
-7503.77 -7483.34
-7324.16 -7324.16
-7380.79 -7324.16
-7701.19 -7324.16
-7407.80 -7324.16
-7218.60 -7218.60
-7312.11 -7218.60
-7142.92 -7142.92
-6935.52 -6935.52
-6848.91 -6848.91
-6898.96 -6848.91
-6939.62 -6848.91
-6764.67 -6764.67
-6576.57 -6576.57
-6548.44 -6548.44
-6449.79 -6449.79
-6447.37 -6447.37
-6460.75 -6447.37
-6448.34 -6448.34
-6445.26 -6445.26
-6514.71 -6445.26
-6447.86 -6445.26
-6445.43 -6445.43
-6445.52 -6445.52
-6542.57 -6445.52
-6452.49 -6445.52
-6445.77 -6445.77
-6452.37 -6445.77
-6448.57 -6445.77
-6445.07 -6445.07
-6445.14 -6445.14
-6513.66 -6445.14
-6446.85 -6445.14
-6448.39 -6445.14
-6445.71 -6445.71
-6518.97 -6445.71
-6447.75 -6445.71
-6445.09 -6445.09
-6445.27 -6445.09
-6507.23 -6445.09
-6516.84 -6445.09
-6659.86 -6445.09
-6509.63 -6445.09
-6470.10 -6445.09
-6447.01 -6445.09
-6447.01 -6445.09
-6452.61 -6445.09
-6448.40 -6445.09
-6490.91 -6445.09
-6446.39 -6446.39
-6452.38 -6446.39
-6445.13 -6445.13
-6446.45 -6445.13
-6683.21 -6445.13
-6447.92 -6445.13
-6512.81 -6445.13
-6518.38 -6445.13
-6490.35 -6445.13
-6528.90 -6445.13
-6448.63 -6445.13
-6445.07 -6445.07
-6470.28 -6445.07
-6456.39 -6445.07
-6446.34 -6446.34
-6445.46 -6445.46
-6446.08 -6445.46
-6632.91 -6445.46
-6446.83 -6445.46
-6445.09 -6445.09
-6446.38 -6445.09
-6451.97 -6445.09
-6445.51 -6445.51
-6446.72 -6445.51
-6445.12 -6445.12
-6445.19 -6445.19
-6445.94 -6445.94
-6659.62 -6445.94
-6445.68 -6445.68
-9195.51 -6445.68
-9302.38 -6445.68
-9548.22 -6445.68
-9536.73 -6445.68
-9454.93 -6445.68
-9618.79 -6445.68
-9680.34 -6445.68
-9557.09 -6445.68
-9040.59 -6445.68
-9964.22 -6445.68
-9219.25 -6445.68
-9944.12 -6445.68
-9691.49 -6445.68
-9418.60 -6445.68
-9164.93 -6445.68
-9576.73 -6445.68
-9470.07 -6445.68
-9498.50 -6445.68
-9478.40 -6445.68
-9553.79 -6445.68
-9163.30 -6445.68
-9246.38 -6445.68
-9257.54 -6445.68
-9146.54 -6445.68
-9260.96 -6445.68
-9405.10 -6445.68
-9351.24 -6445.68
-9436.65 -6445.68
-9341.74 -6445.68
-9213.60 -6445.68
-9546.68 -6445.68
-9568.18 -6445.68
-9374.45 -6445.68
-9279.69 -6445.68
-9476.42 -6445.68
-9666.51 -6445.68
-9215.24 -6445.68
-9030.54 -6445.68
-9020.90 -6445.68
-9815.72 -6445.68
-9517.58 -6445.68
-9276.48 -6445.68
-9239.29 -6445.68
-9146.49 -6445.68
-9427.63 -6445.68
-9461.38 -6445.68
-9482.01 -6445.68
-9497.90 -6445.68
-9253.76 -6445.68
-9253.97 -6445.68
-8955.30 -6445.68
-9639.44 -6445.68
-9630.39 -6445.68
-9251.25 -6445.68
-9782.66 -6445.68
-9231.69 -6445.68
-9264.69 -6445.68
-9298.39 -6445.68
-9516.91 -6445.68
-9231.87 -6445.68
-9603.53 -6445.68
-9108.85 -6445.68
-9713.45 -6445.68
-9073.27 -6445.68
-9848.53 -6445.68
-9766.02 -6445.68
-9224.97 -6445.68
-9577.87 -6445.68
-9545.76 -6445.68
-9296.52 -6445.68
-9409.43 -6445.68
-9338.59 -6445.68
-8909.20 -6445.68
-9621.75 -6445.68
-9031.31 -6445.68
-9296.41 -6445.68
-9231.49 -6445.68
-9124.34 -6445.68
-9678.04 -6445.68
-9539.85 -6445.68
-9482.51 -6445.68
-9440.10 -6445.68
-9354.75 -6445.68
-9295.66 -6445.68
-9172.73 -6445.68
-9366.86 -6445.68
-9440.92 -6445.68
-9231.84 -6445.68
-9515.50 -6445.68
-9451.97 -6445.68
-9332.84 -6445.68
-9276.31 -6445.68
-9354.86 -6445.68
-9626.61 -6445.68
-9499.13 -6445.68
-9294.79 -6445.68
-9576.09 -6445.68
-9457.66 -6445.68
