0.000000000 0.000000000 0.000000000 0.000000000
0.581268421 0.000003798 0.500000000 1.000000000
0.676579664 0.000003829 0.500000000 1.000000000
0.676579664 0.000003829 0.500000000 1.000000000
0.676579664 0.000003829 0.500000000 1.000000000
0.676579664 0.000003829 0.500000000 1.000000000
0.616416560 0.000003870 0.500000000 1.000000000
0.616416560 0.000003870 0.500000000 1.000000000
0.611017810 0.000003886 0.500000000 1.000000000
0.611017810 0.000003886 0.500000000 1.000000000
0.611017810 0.000003886 0.500000000 1.000000000
0.611017810 0.000003886 0.500000000 1.000000000
0.708618418 0.000003933 0.500000000 1.000000000
0.708618418 0.000003933 0.500000000 1.000000000
0.708618418 0.000003933 0.500000000 1.000000000
0.770776497 0.000003974 0.500000000 1.000000000
0.778627636 0.000004033 0.500000000 1.000000000
0.825684167 0.000004057 0.500000000 1.000000000
0.891063607 0.000004179 0.500000000 1.000000000
0.914471572 0.000004212 0.500000000 1.000000000
0.914471572 0.000004212 0.500000000 1.000000000
0.914471572 0.000004212 0.500000000 1.000000000
0.931185925 0.000004291 0.500000000 1.000000000
0.931185925 0.000004291 0.500000000 1.000000000
0.931185925 0.000004291 0.500000000 1.000000000
1.006267137 0.000004293 0.500000000 1.000000000
0.993083725 0.000004366 0.500000000 1.000000000
1.068292508 0.000004433 0.500000000 1.000000000
1.068292508 0.000004433 0.500000000 1.000000000
1.068292508 0.000004433 0.500000000 1.000000000
1.068292508 0.000004433 0.500000000 1.000000000
1.068292508 0.000004433 0.500000000 1.000000000
1.068292508 0.000004433 0.500000000 1.000000000
1.068292508 0.000004433 0.500000000 1.000000000
1.068292508 0.000004433 0.500000000 1.000000000
1.068292508 0.000004433 0.500000000 1.000000000
1.071993635 0.000004395 0.500000000 1.000000000
1.071993635 0.000004395 0.500000000 1.000000000
1.071993635 0.000004395 0.500000000 1.000000000
1.071993635 0.000004395 0.500000000 1.000000000
1.071993635 0.000004395 0.500000000 1.000000000
1.071993635 0.000004395 0.500000000 1.000000000
1.071993635 0.000004395 0.500000000 1.000000000
1.071993635 0.000004395 0.500000000 1.000000000
1.100942502 0.000004600 0.500000000 1.000000000
1.100942502 0.000004600 0.500000000 1.000000000
1.237291215 0.000004606 0.500000000 1.000000000
1.237291215 0.000004606 0.500000000 1.000000000
1.237291215 0.000004606 0.500000000 1.000000000
1.171644385 0.000004637 0.500000000 1.000000000
1.171644385 0.000004637 0.500000000 1.000000000
1.171644385 0.000004637 0.500000000 1.000000000
1.171644385 0.000004637 0.500000000 1.000000000
1.171644385 0.000004637 0.500000000 1.000000000
1.171644385 0.000004637 0.500000000 1.000000000
1.171644385 0.000004637 0.500000000 1.000000000
1.171644385 0.000004637 0.500000000 1.000000000
1.171644385 0.000004637 0.500000000 1.000000000
1.171644385 0.000004637 0.500000000 1.000000000
1.171644385 0.000004637 0.500000000 1.000000000
1.171644385 0.000004637 0.500000000 1.000000000
1.171644385 0.000004637 0.500000000 1.000000000
1.171644385 0.000004637 0.500000000 1.000000000
1.171644385 0.000004637 0.500000000 1.000000000
1.171644385 0.000004637 0.500000000 1.000000000
1.171644385 0.000004637 0.500000000 1.000000000
1.171644385 0.000004637 0.500000000 1.000000000
1.173394025 0.000004855 0.500000000 1.000000000
1.173394025 0.000004855 0.500000000 1.000000000
1.173394025 0.000004855 0.500000000 1.000000000
1.156141669 0.000004927 0.500000000 1.000000000
1.156141669 0.000004927 0.500000000 1.000000000
1.156141669 0.000004927 0.500000000 1.000000000
1.156141669 0.000004927 0.500000000 1.000000000
1.156141669 0.000004927 0.500000000 1.000000000
1.156141669 0.000004927 0.500000000 1.000000000
1.156141669 0.000004927 0.500000000 1.000000000
1.156141669 0.000004927 0.500000000 1.000000000
1.156141669 0.000004927 0.500000000 1.000000000
1.156141669 0.000004927 0.500000000 1.000000000
1.156141669 0.000004927 0.500000000 1.000000000
1.156141669 0.000004927 0.500000000 1.000000000
1.156141669 0.000004927 0.500000000 1.000000000
1.156141669 0.000004927 0.500000000 1.000000000
1.156141669 0.000004927 0.500000000 1.000000000
1.156141669 0.000004927 0.500000000 1.000000000
1.156141669 0.000004927 0.500000000 1.000000000
1.156141669 0.000004927 0.500000000 1.000000000
1.156141669 0.000004927 0.500000000 1.000000000
1.156141669 0.000004927 0.500000000 1.000000000
1.156141669 0.000004927 0.500000000 1.000000000
1.156141669 0.000004927 0.500000000 1.000000000
1.156141669 0.000004927 0.500000000 1.000000000
1.213602545 0.000004883 0.500000000 1.000000000
1.213602545 0.000004883 0.500000000 1.000000000
1.213602545 0.000004883 0.500000000 1.000000000
1.290687253 0.000005036 0.500000000 1.000000000
1.290687253 0.000005036 0.500000000 1.000000000
1.290687253 0.000005036 0.500000000 1.000000000
1.290687253 0.000005036 0.500000000 1.000000000
1.290687253 0.000005036 0.500000000 1.000000000
1.290687253 0.000005036 0.500000000 1.000000000
0.629466415 0.000003861 0.500000000 1.000000000
0.629466415 0.000003861 0.500000000 1.000000000
0.629466415 0.000003861 0.500000000 1.000000000
0.622857774 0.000004018 0.500000000 1.000000000
0.716577455 0.000004021 0.500000000 1.000000000
0.729588790 0.000003946 0.500000000 1.000000000
0.729588790 0.000003946 0.500000000 1.000000000
0.808175009 0.000003952 0.500000000 1.000000000
0.808175009 0.000003952 0.500000000 1.000000000
0.808175009 0.000003952 0.500000000 1.000000000
0.808175009 0.000003952 0.500000000 1.000000000
0.808175009 0.000003952 0.500000000 1.000000000
0.808175009 0.000003952 0.500000000 1.000000000
0.808175009 0.000003952 0.500000000 1.000000000
0.808175009 0.000003952 0.500000000 1.000000000
0.808175009 0.000003952 0.500000000 1.000000000
0.808175009 0.000003952 0.500000000 1.000000000
0.844910313 0.000004033 0.500000000 1.000000000
0.844910313 0.000004033 0.500000000 1.000000000
0.844910313 0.000004033 0.500000000 1.000000000
0.875768178 0.000004075 0.500000000 1.000000000
0.875768178 0.000004075 0.500000000 1.000000000
0.984676613 0.000004153 0.500000000 1.000000000
0.984676613 0.000004153 0.500000000 1.000000000
1.021943393 0.000004087 0.500000000 1.000000000
1.021943393 0.000004087 0.500000000 1.000000000
1.025590116 0.000004178 0.500000000 1.000000000
1.090646213 0.000004211 0.500000000 1.000000000
1.235778758 0.000004203 0.500000000 1.000000000
1.139081630 0.000004363 0.500000000 1.000000000
1.139081630 0.000004363 0.500000000 1.000000000
1.144928933 0.000004435 0.500000000 1.000000000
1.144928933 0.000004435 0.500000000 1.000000000
1.144928933 0.000004435 0.500000000 1.000000000
1.144928933 0.000004435 0.500000000 1.000000000
1.206006656 0.000004562 0.500000000 1.000000000
1.206006656 0.000004562 0.500000000 1.000000000
1.206006656 0.000004562 0.500000000 1.000000000
1.206006656 0.000004562 0.500000000 1.000000000
1.243028199 0.000004524 0.500000000 1.000000000
1.243028199 0.000004524 0.500000000 1.000000000
1.243028199 0.000004524 0.500000000 1.000000000
1.243028199 0.000004524 0.500000000 1.000000000
1.243028199 0.000004524 0.500000000 1.000000000
1.243028199 0.000004524 0.500000000 1.000000000
1.243028199 0.000004524 0.500000000 1.000000000
1.243028199 0.000004524 0.500000000 1.000000000
1.243028199 0.000004524 0.500000000 1.000000000
1.243028199 0.000004524 0.500000000 1.000000000
1.243028199 0.000004524 0.500000000 1.000000000
1.243028199 0.000004524 0.500000000 1.000000000
1.243028199 0.000004524 0.500000000 1.000000000
1.243028199 0.000004524 0.500000000 1.000000000
1.243028199 0.000004524 0.500000000 1.000000000
1.243028199 0.000004524 0.500000000 1.000000000
1.243028199 0.000004524 0.500000000 1.000000000
1.243028199 0.000004524 0.500000000 1.000000000
1.243028199 0.000004524 0.500000000 1.000000000
1.243028199 0.000004524 0.500000000 1.000000000
1.243028199 0.000004524 0.500000000 1.000000000
1.243028199 0.000004524 0.500000000 1.000000000
1.243028199 0.000004524 0.500000000 1.000000000
1.243028199 0.000004524 0.500000000 1.000000000
1.243028199 0.000004524 0.500000000 1.000000000
1.243028199 0.000004524 0.500000000 1.000000000
1.243028199 0.000004524 0.500000000 1.000000000
1.243028199 0.000004524 0.500000000 1.000000000
1.243028199 0.000004524 0.500000000 1.000000000
1.315897217 0.000004583 0.500000000 1.000000000
1.315897217 0.000004583 0.500000000 1.000000000
1.315897217 0.000004583 0.500000000 1.000000000
1.315897217 0.000004583 0.500000000 1.000000000
1.315897217 0.000004583 0.500000000 1.000000000
1.315897217 0.000004583 0.500000000 1.000000000
1.315897217 0.000004583 0.500000000 1.000000000
1.315897217 0.000004583 0.500000000 1.000000000
1.462431744 0.000004745 0.500000000 1.000000000
1.462431744 0.000004745 0.500000000 1.000000000
1.462431744 0.000004745 0.500000000 1.000000000
1.462431744 0.000004745 0.500000000 1.000000000
1.462431744 0.000004745 0.500000000 1.000000000
1.462431744 0.000004745 0.500000000 1.000000000
1.462431744 0.000004745 0.500000000 1.000000000
1.462431744 0.000004745 0.500000000 1.000000000
1.462431744 0.000004745 0.500000000 1.000000000
1.565224128 0.000004831 0.500000000 1.000000000
1.565224128 0.000004831 0.500000000 1.000000000
1.565224128 0.000004831 0.500000000 1.000000000
1.565224128 0.000004831 0.500000000 1.000000000
1.565224128 0.000004831 0.500000000 1.000000000
1.565224128 0.000004831 0.500000000 1.000000000
1.565224128 0.000004831 0.500000000 1.000000000
1.565224128 0.000004831 0.500000000 1.000000000
1.565224128 0.000004831 0.500000000 1.000000000
1.565224128 0.000004831 0.500000000 1.000000000
1.565224128 0.000004831 0.500000000 1.000000000
1.565224128 0.000004831 0.500000000 1.000000000
1.565224128 0.000004831 0.500000000 1.000000000
1.565224128 0.000004831 0.500000000 1.000000000
1.565224128 0.000004831 0.500000000 1.000000000
0.665723375 0.000003824 0.500000000 1.000000000
0.665723375 0.000003824 0.500000000 1.000000000
0.663853642 0.000003855 0.500000000 1.000000000
0.663853642 0.000003855 0.500000000 1.000000000
0.751745824 0.000003860 0.500000000 1.000000000
0.751745824 0.000003860 0.500000000 1.000000000
0.801784229 0.000003935 0.500000000 1.000000000
0.770620317 0.000003899 0.500000000 1.000000000
0.770620317 0.000003899 0.500000000 1.000000000
0.841336267 0.000003986 0.500000000 1.000000000
0.827482344 0.000004049 0.500000000 1.000000000
0.827482344 0.000004049 0.500000000 1.000000000
0.827482344 0.000004049 0.500000000 1.000000000
0.901472518 0.000004131 0.500000000 1.000000000
0.901472518 0.000004131 0.500000000 1.000000000
0.901472518 0.000004131 0.500000000 1.000000000
0.901472518 0.000004131 0.500000000 1.000000000
0.901472518 0.000004131 0.500000000 1.000000000
1.032229959 0.000004000 0.500000000 1.000000000
1.032229959 0.000004000 0.500000000 1.000000000
1.032229959 0.000004000 0.500000000 1.000000000
1.032229959 0.000004000 0.500000000 1.000000000
1.116884905 0.000004095 0.500000000 1.000000000
1.205931796 0.000004170 0.500000000 1.000000000
1.205931796 0.000004170 0.500000000 1.000000000
1.211107170 0.000004160 0.500000000 1.000000000
1.211107170 0.000004160 0.500000000 1.000000000
1.211107170 0.000004160 0.500000000 1.000000000
1.201170706 0.000004309 0.500000000 1.000000000
1.201170706 0.000004309 0.500000000 1.000000000
1.207756077 0.000004321 0.500000000 1.000000000
1.207756077 0.000004321 0.500000000 1.000000000
1.207756077 0.000004321 0.500000000 1.000000000
1.207756077 0.000004321 0.500000000 1.000000000
1.207756077 0.000004321 0.500000000 1.000000000
1.207756077 0.000004321 0.500000000 1.000000000
1.207756077 0.000004321 0.500000000 1.000000000
1.207756077 0.000004321 0.500000000 1.000000000
1.207756077 0.000004321 0.500000000 1.000000000
1.207756077 0.000004321 0.500000000 1.000000000
1.261877377 0.000004421 0.500000000 1.000000000
1.289133984 0.000004540 0.500000000 1.000000000
1.335168459 0.000004461 0.500000000 1.000000000
1.335168459 0.000004461 0.500000000 1.000000000
1.335168459 0.000004461 0.500000000 1.000000000
1.335168459 0.000004461 0.500000000 1.000000000
1.361868689 0.000004624 0.500000000 1.000000000
1.361868689 0.000004624 0.500000000 1.000000000
1.296417931 0.000004667 0.500000000 1.000000000
1.296417931 0.000004667 0.500000000 1.000000000
1.296417931 0.000004667 0.500000000 1.000000000
1.296417931 0.000004667 0.500000000 1.000000000
1.296417931 0.000004667 0.500000000 1.000000000
1.296417931 0.000004667 0.500000000 1.000000000
1.296417931 0.000004667 0.500000000 1.000000000
1.296417931 0.000004667 0.500000000 1.000000000
1.296417931 0.000004667 0.500000000 1.000000000
1.296417931 0.000004667 0.500000000 1.000000000
1.296417931 0.000004667 0.500000000 1.000000000
1.381262772 0.000004608 0.500000000 1.000000000
1.381262772 0.000004608 0.500000000 1.000000000
1.381262772 0.000004608 0.500000000 1.000000000
1.381262772 0.000004608 0.500000000 1.000000000
1.381262772 0.000004608 0.500000000 1.000000000
1.387017945 0.000004682 0.500000000 1.000000000
1.387017945 0.000004682 0.500000000 1.000000000
1.387017945 0.000004682 0.500000000 1.000000000
1.387017945 0.000004682 0.500000000 1.000000000
1.387017945 0.000004682 0.500000000 1.000000000
1.387017945 0.000004682 0.500000000 1.000000000
1.387017945 0.000004682 0.500000000 1.000000000
1.387017945 0.000004682 0.500000000 1.000000000
1.387017945 0.000004682 0.500000000 1.000000000
1.387017945 0.000004682 0.500000000 1.000000000
1.387017945 0.000004682 0.500000000 1.000000000
1.387017945 0.000004682 0.500000000 1.000000000
1.387017945 0.000004682 0.500000000 1.000000000
1.387017945 0.000004682 0.500000000 1.000000000
1.387017945 0.000004682 0.500000000 1.000000000
1.387017945 0.000004682 0.500000000 1.000000000
1.387017945 0.000004682 0.500000000 1.000000000
1.387017945 0.000004682 0.500000000 1.000000000
1.387017945 0.000004682 0.500000000 1.000000000
1.387017945 0.000004682 0.500000000 1.000000000
1.387017945 0.000004682 0.500000000 1.000000000
1.387017945 0.000004682 0.500000000 1.000000000
1.387017945 0.000004682 0.500000000 1.000000000
1.387017945 0.000004682 0.500000000 1.000000000
1.387017945 0.000004682 0.500000000 1.000000000
1.387017945 0.000004682 0.500000000 1.000000000
1.387017945 0.000004682 0.500000000 1.000000000
1.387017945 0.000004682 0.500000000 1.000000000
1.387017945 0.000004682 0.500000000 1.000000000
1.387017945 0.000004682 0.500000000 1.000000000
1.387017945 0.000004682 0.500000000 1.000000000
1.387017945 0.000004682 0.500000000 1.000000000
1.387017945 0.000004682 0.500000000 1.000000000
1.387017945 0.000004682 0.500000000 1.000000000
1.387017945 0.000004682 0.500000000 1.000000000
1.387017945 0.000004682 0.500000000 1.000000000
1.387017945 0.000004682 0.500000000 1.000000000
1.387017945 0.000004682 0.500000000 1.000000000
1.387017945 0.000004682 0.500000000 1.000000000
1.387017945 0.000004682 0.500000000 1.000000000
1.387017945 0.000004682 0.500000000 1.000000000
1.387017945 0.000004682 0.500000000 1.000000000
1.387017945 0.000004682 0.500000000 1.000000000
1.387017945 0.000004682 0.500000000 1.000000000
1.387017945 0.000004682 0.500000000 1.000000000
0.628422279 0.000003743 0.500000000 1.000000000
0.638588911 0.000003745 0.500000000 1.000000000
0.638588911 0.000003745 0.500000000 1.000000000
0.638588911 0.000003745 0.500000000 1.000000000
0.680065499 0.000003764 0.500000000 1.000000000
0.680521766 0.000003735 0.500000000 1.000000000
0.680521766 0.000003735 0.500000000 1.000000000
0.680521766 0.000003735 0.500000000 1.000000000
0.680521766 0.000003735 0.500000000 1.000000000
0.680521766 0.000003735 0.500000000 1.000000000
0.680521766 0.000003735 0.500000000 1.000000000
0.680521766 0.000003735 0.500000000 1.000000000
0.680521766 0.000003735 0.500000000 1.000000000
0.680521766 0.000003735 0.500000000 1.000000000
0.694610568 0.000003708 0.500000000 1.000000000
0.694610568 0.000003708 0.500000000 1.000000000
0.694610568 0.000003708 0.500000000 1.000000000
0.707722360 0.000003822 0.500000000 1.000000000
0.792768785 0.000003892 0.500000000 1.000000000
0.792768785 0.000003892 0.500000000 1.000000000
0.792768785 0.000003892 0.500000000 1.000000000
0.792768785 0.000003892 0.500000000 1.000000000
0.879553250 0.000003898 0.500000000 1.000000000
0.879553250 0.000003898 0.500000000 1.000000000
0.879553250 0.000003898 0.500000000 1.000000000
0.879553250 0.000003898 0.500000000 1.000000000
0.879553250 0.000003898 0.500000000 1.000000000
0.952108410 0.000003833 0.500000000 1.000000000
0.952108410 0.000003833 0.500000000 1.000000000
0.952108410 0.000003833 0.500000000 1.000000000
0.974385153 0.000003910 0.500000000 1.000000000
0.974385153 0.000003910 0.500000000 1.000000000
0.974385153 0.000003910 0.500000000 1.000000000
0.974385153 0.000003910 0.500000000 1.000000000
0.974385153 0.000003910 0.500000000 1.000000000
0.974385153 0.000003910 0.500000000 1.000000000
0.974385153 0.000003910 0.500000000 1.000000000
0.974385153 0.000003910 0.500000000 1.000000000
1.052563990 0.000004015 0.500000000 1.000000000
1.014550298 0.000004060 0.500000000 1.000000000
1.014550298 0.000004060 0.500000000 1.000000000
1.014550298 0.000004060 0.500000000 1.000000000
1.014550298 0.000004060 0.500000000 1.000000000
1.014550298 0.000004060 0.500000000 1.000000000
1.026300452 0.000004104 0.500000000 1.000000000
1.026300452 0.000004104 0.500000000 1.000000000
1.026300452 0.000004104 0.500000000 1.000000000
1.026300452 0.000004104 0.500000000 1.000000000
1.026300452 0.000004104 0.500000000 1.000000000
1.026300452 0.000004104 0.500000000 1.000000000
1.026300452 0.000004104 0.500000000 1.000000000
1.026300452 0.000004104 0.500000000 1.000000000
1.026300452 0.000004104 0.500000000 1.000000000
1.026300452 0.000004104 0.500000000 1.000000000
0.999144622 0.000004161 0.500000000 1.000000000
0.999144622 0.000004161 0.500000000 1.000000000
0.999144622 0.000004161 0.500000000 1.000000000
0.999144622 0.000004161 0.500000000 1.000000000
0.999144622 0.000004161 0.500000000 1.000000000
0.999144622 0.000004161 0.500000000 1.000000000
0.999144622 0.000004161 0.500000000 1.000000000
0.999144622 0.000004161 0.500000000 1.000000000
0.999144622 0.000004161 0.500000000 1.000000000
0.999144622 0.000004161 0.500000000 1.000000000
0.999144622 0.000004161 0.500000000 1.000000000
0.999144622 0.000004161 0.500000000 1.000000000
0.999144622 0.000004161 0.500000000 1.000000000
0.999144622 0.000004161 0.500000000 1.000000000
0.999144622 0.000004161 0.500000000 1.000000000
0.999144622 0.000004161 0.500000000 1.000000000
0.999144622 0.000004161 0.500000000 1.000000000
0.999144622 0.000004161 0.500000000 1.000000000
0.999144622 0.000004161 0.500000000 1.000000000
0.999144622 0.000004161 0.500000000 1.000000000
0.999144622 0.000004161 0.500000000 1.000000000
0.999144622 0.000004161 0.500000000 1.000000000
0.999144622 0.000004161 0.500000000 1.000000000
0.999144622 0.000004161 0.500000000 1.000000000
0.999144622 0.000004161 0.500000000 1.000000000
0.999144622 0.000004161 0.500000000 1.000000000
0.999144622 0.000004161 0.500000000 1.000000000
0.999144622 0.000004161 0.500000000 1.000000000
0.999144622 0.000004161 0.500000000 1.000000000
0.999144622 0.000004161 0.500000000 1.000000000
0.999144622 0.000004161 0.500000000 1.000000000
0.999144622 0.000004161 0.500000000 1.000000000
0.999144622 0.000004161 0.500000000 1.000000000
0.999144622 0.000004161 0.500000000 1.000000000
0.999144622 0.000004161 0.500000000 1.000000000
0.999144622 0.000004161 0.500000000 1.000000000
0.992537981 0.000004339 0.500000000 1.000000000
0.716165995 0.000003605 0.500000000 1.000000000
0.716165995 0.000003605 0.500000000 1.000000000
0.704620023 0.000003590 0.500000000 1.000000000
0.704620023 0.000003590 0.500000000 1.000000000
0.740307076 0.000003522 0.500000000 1.000000000
0.740307076 0.000003522 0.500000000 1.000000000
0.740307076 0.000003522 0.500000000 1.000000000
0.779972256 0.000003640 0.500000000 1.000000000
0.809128390 0.000003702 0.500000000 1.000000000
0.829221282 0.000003844 0.500000000 1.000000000
0.821864519 0.000003900 0.500000000 1.000000000
0.900979660 0.000004008 0.500000000 1.000000000
0.969769114 0.000003980 0.500000000 1.000000000
1.002182202 0.000003995 0.500000000 1.000000000
1.002182202 0.000003995 0.500000000 1.000000000
1.002182202 0.000003995 0.500000000 1.000000000
1.086514145 0.000003899 0.500000000 1.000000000
1.086514145 0.000003899 0.500000000 1.000000000
1.086514145 0.000003899 0.500000000 1.000000000
1.222426839 0.000003877 0.500000000 1.000000000
1.207171564 0.000003886 0.500000000 1.000000000
1.125400723 0.000004064 0.500000000 1.000000000
1.218228219 0.000004113 0.500000000 1.000000000
1.373984398 0.000004096 0.500000000 1.000000000
1.411244080 0.000004111 0.500000000 1.000000000
1.411244080 0.000004111 0.500000000 1.000000000
1.411244080 0.000004111 0.500000000 1.000000000
1.411244080 0.000004111 0.500000000 1.000000000
1.411244080 0.000004111 0.500000000 1.000000000
1.411244080 0.000004111 0.500000000 1.000000000
1.411244080 0.000004111 0.500000000 1.000000000
1.411244080 0.000004111 0.500000000 1.000000000
1.411244080 0.000004111 0.500000000 1.000000000
1.411244080 0.000004111 0.500000000 1.000000000
1.411244080 0.000004111 0.500000000 1.000000000
1.362643558 0.000004192 0.500000000 1.000000000
1.362643558 0.000004192 0.500000000 1.000000000
1.362643558 0.000004192 0.500000000 1.000000000
1.362643558 0.000004192 0.500000000 1.000000000
1.362643558 0.000004192 0.500000000 1.000000000
1.362643558 0.000004192 0.500000000 1.000000000
1.362643558 0.000004192 0.500000000 1.000000000
1.362643558 0.000004192 0.500000000 1.000000000
1.362643558 0.000004192 0.500000000 1.000000000
1.362643558 0.000004192 0.500000000 1.000000000
1.362643558 0.000004192 0.500000000 1.000000000
1.362643558 0.000004192 0.500000000 1.000000000
1.362643558 0.000004192 0.500000000 1.000000000
1.362643558 0.000004192 0.500000000 1.000000000
1.404812547 0.000004334 0.500000000 1.000000000
1.345638414 0.000004308 0.500000000 1.000000000
1.345638414 0.000004308 0.500000000 1.000000000
1.345638414 0.000004308 0.500000000 1.000000000
1.345638414 0.000004308 0.500000000 1.000000000
1.345638414 0.000004308 0.500000000 1.000000000
1.345638414 0.000004308 0.500000000 1.000000000
1.407064241 0.000004223 0.500000000 1.000000000
1.407064241 0.000004223 0.500000000 1.000000000
1.407064241 0.000004223 0.500000000 1.000000000
1.407064241 0.000004223 0.500000000 1.000000000
1.407064241 0.000004223 0.500000000 1.000000000
1.407064241 0.000004223 0.500000000 1.000000000
1.407064241 0.000004223 0.500000000 1.000000000
1.407064241 0.000004223 0.500000000 1.000000000
1.407064241 0.000004223 0.500000000 1.000000000
1.407064241 0.000004223 0.500000000 1.000000000
1.407064241 0.000004223 0.500000000 1.000000000
1.407064241 0.000004223 0.500000000 1.000000000
1.407064241 0.000004223 0.500000000 1.000000000
1.407064241 0.000004223 0.500000000 1.000000000
1.407064241 0.000004223 0.500000000 1.000000000
1.407064241 0.000004223 0.500000000 1.000000000
1.407064241 0.000004223 0.500000000 1.000000000
1.407064241 0.000004223 0.500000000 1.000000000
1.407064241 0.000004223 0.500000000 1.000000000
1.407064241 0.000004223 0.500000000 1.000000000
1.407064241 0.000004223 0.500000000 1.000000000
1.407064241 0.000004223 0.500000000 1.000000000
1.407064241 0.000004223 0.500000000 1.000000000
1.407064241 0.000004223 0.500000000 1.000000000
1.528319621 0.000004248 0.500000000 1.000000000
1.528319621 0.000004248 0.500000000 1.000000000
1.528319621 0.000004248 0.500000000 1.000000000
1.528319621 0.000004248 0.500000000 1.000000000
1.528319621 0.000004248 0.500000000 1.000000000
1.528319621 0.000004248 0.500000000 1.000000000
1.528319621 0.000004248 0.500000000 1.000000000
1.528319621 0.000004248 0.500000000 1.000000000
1.528319621 0.000004248 0.500000000 1.000000000
1.528319621 0.000004248 0.500000000 1.000000000
1.528319621 0.000004248 0.500000000 1.000000000
1.528319621 0.000004248 0.500000000 1.000000000
1.528319621 0.000004248 0.500000000 1.000000000
1.528319621 0.000004248 0.500000000 1.000000000
1.528319621 0.000004248 0.500000000 1.000000000
1.528319621 0.000004248 0.500000000 1.000000000
1.528319621 0.000004248 0.500000000 1.000000000
1.528319621 0.000004248 0.500000000 1.000000000
1.528319621 0.000004248 0.500000000 1.000000000
1.528319621 0.000004248 0.500000000 1.000000000
0.619891491 0.000003825 0.500000000 1.000000000
0.619583133 0.000003954 0.500000000 1.000000000
0.619583133 0.000003954 0.500000000 1.000000000
0.619583133 0.000003954 0.500000000 1.000000000
0.619583133 0.000003954 0.500000000 1.000000000
0.619583133 0.000003954 0.500000000 1.000000000
0.619583133 0.000003954 0.500000000 1.000000000
0.619583133 0.000003954 0.500000000 1.000000000
0.725135039 0.000004055 0.500000000 1.000000000
0.725135039 0.000004055 0.500000000 1.000000000
0.725135039 0.000004055 0.500000000 1.000000000
0.833916554 0.000004040 0.500000000 1.000000000
0.923752043 0.000004099 0.500000000 1.000000000
0.923752043 0.000004099 0.500000000 1.000000000
0.923752043 0.000004099 0.500000000 1.000000000
0.923752043 0.000004099 0.500000000 1.000000000
0.923752043 0.000004099 0.500000000 1.000000000
0.923752043 0.000004099 0.500000000 1.000000000
0.932738185 0.000004145 0.500000000 1.000000000
1.006136334 0.000004154 0.500000000 1.000000000
1.006136334 0.000004154 0.500000000 1.000000000
1.006136334 0.000004154 0.500000000 1.000000000
1.006136334 0.000004154 0.500000000 1.000000000
1.006136334 0.000004154 0.500000000 1.000000000
1.006136334 0.000004154 0.500000000 1.000000000
1.006136334 0.000004154 0.500000000 1.000000000
1.006136334 0.000004154 0.500000000 1.000000000
1.006136334 0.000004154 0.500000000 1.000000000
1.006136334 0.000004154 0.500000000 1.000000000
1.006136334 0.000004154 0.500000000 1.000000000
1.006136334 0.000004154 0.500000000 1.000000000
1.006136334 0.000004154 0.500000000 1.000000000
1.006136334 0.000004154 0.500000000 1.000000000
1.006136334 0.000004154 0.500000000 1.000000000
1.006136334 0.000004154 0.500000000 1.000000000
1.045469218 0.000004296 0.500000000 1.000000000
1.045469218 0.000004296 0.500000000 1.000000000
1.045469218 0.000004296 0.500000000 1.000000000
1.045469218 0.000004296 0.500000000 1.000000000
1.045469218 0.000004296 0.500000000 1.000000000
1.045469218 0.000004296 0.500000000 1.000000000
1.045469218 0.000004296 0.500000000 1.000000000
1.045469218 0.000004296 0.500000000 1.000000000
1.045469218 0.000004296 0.500000000 1.000000000
1.045469218 0.000004296 0.500000000 1.000000000
1.045469218 0.000004296 0.500000000 1.000000000
1.045469218 0.000004296 0.500000000 1.000000000
1.045469218 0.000004296 0.500000000 1.000000000
1.045469218 0.000004296 0.500000000 1.000000000
1.045469218 0.000004296 0.500000000 1.000000000
1.045469218 0.000004296 0.500000000 1.000000000
1.038549007 0.000004350 0.500000000 1.000000000
1.038549007 0.000004350 0.500000000 1.000000000
1.038549007 0.000004350 0.500000000 1.000000000
1.038549007 0.000004350 0.500000000 1.000000000
1.091614951 0.000004414 0.500000000 1.000000000
1.091614951 0.000004414 0.500000000 1.000000000
1.091614951 0.000004414 0.500000000 1.000000000
1.046021598 0.000004547 0.500000000 1.000000000
1.046021598 0.000004547 0.500000000 1.000000000
1.123801142 0.000004578 0.500000000 1.000000000
1.123801142 0.000004578 0.500000000 1.000000000
1.123801142 0.000004578 0.500000000 1.000000000
1.123801142 0.000004578 0.500000000 1.000000000
1.123801142 0.000004578 0.500000000 1.000000000
1.172731523 0.000004718 0.500000000 1.000000000
1.172731523 0.000004718 0.500000000 1.000000000
1.172731523 0.000004718 0.500000000 1.000000000
1.172731523 0.000004718 0.500000000 1.000000000
1.172731523 0.000004718 0.500000000 1.000000000
1.172731523 0.000004718 0.500000000 1.000000000
1.172731523 0.000004718 0.500000000 1.000000000
1.172731523 0.000004718 0.500000000 1.000000000
1.172731523 0.000004718 0.500000000 1.000000000
1.172731523 0.000004718 0.500000000 1.000000000
1.172731523 0.000004718 0.500000000 1.000000000
1.172731523 0.000004718 0.500000000 1.000000000
1.172731523 0.000004718 0.500000000 1.000000000
1.172731523 0.000004718 0.500000000 1.000000000
1.172731523 0.000004718 0.500000000 1.000000000
1.172731523 0.000004718 0.500000000 1.000000000
1.172731523 0.000004718 0.500000000 1.000000000
1.172731523 0.000004718 0.500000000 1.000000000
1.172731523 0.000004718 0.500000000 1.000000000
1.115659357 0.000004911 0.500000000 1.000000000
1.115659357 0.000004911 0.500000000 1.000000000
1.115659357 0.000004911 0.500000000 1.000000000
1.115659357 0.000004911 0.500000000 1.000000000
1.115659357 0.000004911 0.500000000 1.000000000
1.102498022 0.000005012 0.500000000 1.000000000
1.102498022 0.000005012 0.500000000 1.000000000
1.102498022 0.000005012 0.500000000 1.000000000
1.102498022 0.000005012 0.500000000 1.000000000
1.102498022 0.000005012 0.500000000 1.000000000
1.102498022 0.000005012 0.500000000 1.000000000
1.102498022 0.000005012 0.500000000 1.000000000
1.102498022 0.000005012 0.500000000 1.000000000
1.204708532 0.000004979 0.500000000 1.000000000
1.204708532 0.000004979 0.500000000 1.000000000
1.223537145 0.000005108 0.500000000 1.000000000
1.223537145 0.000005108 0.500000000 1.000000000
1.223537145 0.000005108 0.500000000 1.000000000
0.660884553 0.000003867 0.500000000 1.000000000
0.774796548 0.000003857 0.500000000 1.000000000
0.774796548 0.000003857 0.500000000 1.000000000
0.814589352 0.000003882 0.500000000 1.000000000
0.814589352 0.000003882 0.500000000 1.000000000
0.810535790 0.000003881 0.500000000 1.000000000
0.810535790 0.000003881 0.500000000 1.000000000
0.904064162 0.000003815 0.500000000 1.000000000
0.904064162 0.000003815 0.500000000 1.000000000
0.904064162 0.000003815 0.500000000 1.000000000
0.904064162 0.000003815 0.500000000 1.000000000
0.904064162 0.000003815 0.500000000 1.000000000
0.904064162 0.000003815 0.500000000 1.000000000
0.938922569 0.000003817 0.500000000 1.000000000
1.070310895 0.000003764 0.500000000 1.000000000
1.070310895 0.000003764 0.500000000 1.000000000
1.083737011 0.000003898 0.500000000 1.000000000
1.113753063 0.000003886 0.500000000 1.000000000
1.113753063 0.000003886 0.500000000 1.000000000
1.113753063 0.000003886 0.500000000 1.000000000
1.113753063 0.000003886 0.500000000 1.000000000
1.113753063 0.000003886 0.500000000 1.000000000
1.113753063 0.000003886 0.500000000 1.000000000
1.113753063 0.000003886 0.500000000 1.000000000
1.113753063 0.000003886 0.500000000 1.000000000
1.113753063 0.000003886 0.500000000 1.000000000
1.113753063 0.000003886 0.500000000 1.000000000
1.113753063 0.000003886 0.500000000 1.000000000
1.058840393 0.000004065 0.500000000 1.000000000
1.058840393 0.000004065 0.500000000 1.000000000
1.097582153 0.000003990 0.500000000 1.000000000
1.097582153 0.000003990 0.500000000 1.000000000
1.097582153 0.000003990 0.500000000 1.000000000
1.097582153 0.000003990 0.500000000 1.000000000
1.097582153 0.000003990 0.500000000 1.000000000
1.097582153 0.000003990 0.500000000 1.000000000
1.097582153 0.000003990 0.500000000 1.000000000
1.097582153 0.000003990 0.500000000 1.000000000
1.073730977 0.000004082 0.500000000 1.000000000
1.073730977 0.000004082 0.500000000 1.000000000
1.073730977 0.000004082 0.500000000 1.000000000
1.073730977 0.000004082 0.500000000 1.000000000
1.073730977 0.000004082 0.500000000 1.000000000
1.153209676 0.000004123 0.500000000 1.000000000
1.153209676 0.000004123 0.500000000 1.000000000
1.153209676 0.000004123 0.500000000 1.000000000
1.180039350 0.000004142 0.500000000 1.000000000
1.180039350 0.000004142 0.500000000 1.000000000
1.180039350 0.000004142 0.500000000 1.000000000
1.180039350 0.000004142 0.500000000 1.000000000
1.180039350 0.000004142 0.500000000 1.000000000
1.180039350 0.000004142 0.500000000 1.000000000
1.180039350 0.000004142 0.500000000 1.000000000
1.180039350 0.000004142 0.500000000 1.000000000
1.241903685 0.000004287 0.500000000 1.000000000
1.237948210 0.000004326 0.500000000 1.000000000
1.262958475 0.000004268 0.500000000 1.000000000
1.262958475 0.000004268 0.500000000 1.000000000
1.262958475 0.000004268 0.500000000 1.000000000
1.262958475 0.000004268 0.500000000 1.000000000
1.262958475 0.000004268 0.500000000 1.000000000
1.262958475 0.000004268 0.500000000 1.000000000
1.262958475 0.000004268 0.500000000 1.000000000
1.262958475 0.000004268 0.500000000 1.000000000
1.262958475 0.000004268 0.500000000 1.000000000
1.262958475 0.000004268 0.500000000 1.000000000
1.262958475 0.000004268 0.500000000 1.000000000
1.262958475 0.000004268 0.500000000 1.000000000
1.262958475 0.000004268 0.500000000 1.000000000
1.262958475 0.000004268 0.500000000 1.000000000
1.262958475 0.000004268 0.500000000 1.000000000
1.262958475 0.000004268 0.500000000 1.000000000
1.352775213 0.000004248 0.500000000 1.000000000
1.352775213 0.000004248 0.500000000 1.000000000
1.352775213 0.000004248 0.500000000 1.000000000
1.352775213 0.000004248 0.500000000 1.000000000
1.352775213 0.000004248 0.500000000 1.000000000
1.352775213 0.000004248 0.500000000 1.000000000
1.352775213 0.000004248 0.500000000 1.000000000
1.352775213 0.000004248 0.500000000 1.000000000
1.418100102 0.000004276 0.500000000 1.000000000
1.418100102 0.000004276 0.500000000 1.000000000
1.418100102 0.000004276 0.500000000 1.000000000
1.418100102 0.000004276 0.500000000 1.000000000
1.418100102 0.000004276 0.500000000 1.000000000
1.418100102 0.000004276 0.500000000 1.000000000
1.418100102 0.000004276 0.500000000 1.000000000
1.418100102 0.000004276 0.500000000 1.000000000
1.418100102 0.000004276 0.500000000 1.000000000
1.418100102 0.000004276 0.500000000 1.000000000
1.418100102 0.000004276 0.500000000 1.000000000
1.418100102 0.000004276 0.500000000 1.000000000
1.418100102 0.000004276 0.500000000 1.000000000
1.418100102 0.000004276 0.500000000 1.000000000
1.418100102 0.000004276 0.500000000 1.000000000
1.418100102 0.000004276 0.500000000 1.000000000
1.418100102 0.000004276 0.500000000 1.000000000
1.418100102 0.000004276 0.500000000 1.000000000
1.418100102 0.000004276 0.500000000 1.000000000
0.591425651 0.000003939 0.500000000 1.000000000
0.591425651 0.000003939 0.500000000 1.000000000
0.591425651 0.000003939 0.500000000 1.000000000
0.591425651 0.000003939 0.500000000 1.000000000
0.591425651 0.000003939 0.500000000 1.000000000
0.591425651 0.000003939 0.500000000 1.000000000
0.591425651 0.000003939 0.500000000 1.000000000
0.591425651 0.000003939 0.500000000 1.000000000
0.591425651 0.000003939 0.500000000 1.000000000
0.700165046 0.000003888 0.500000000 1.000000000
0.700165046 0.000003888 0.500000000 1.000000000
0.700165046 0.000003888 0.500000000 1.000000000
0.700165046 0.000003888 0.500000000 1.000000000
0.700165046 0.000003888 0.500000000 1.000000000
0.700165046 0.000003888 0.500000000 1.000000000
0.700165046 0.000003888 0.500000000 1.000000000
0.700165046 0.000003888 0.500000000 1.000000000
0.700165046 0.000003888 0.500000000 1.000000000
0.700165046 0.000003888 0.500000000 1.000000000
0.700165046 0.000003888 0.500000000 1.000000000
0.711428179 0.000004014 0.500000000 1.000000000
0.787690691 0.000004151 0.500000000 1.000000000
0.770115386 0.000004101 0.500000000 1.000000000
0.825724562 0.000004173 0.500000000 1.000000000
0.825724562 0.000004173 0.500000000 1.000000000
0.825724562 0.000004173 0.500000000 1.000000000
0.825724562 0.000004173 0.500000000 1.000000000
0.889160880 0.000004113 0.500000000 1.000000000
0.889160880 0.000004113 0.500000000 1.000000000
0.889160880 0.000004113 0.500000000 1.000000000
0.961837747 0.000004267 0.500000000 1.000000000
0.961837747 0.000004267 0.500000000 1.000000000
1.040525256 0.000004195 0.500000000 1.000000000
1.164828630 0.000004233 0.500000000 1.000000000
1.164828630 0.000004233 0.500000000 1.000000000
1.164828630 0.000004233 0.500000000 1.000000000
1.094856244 0.000004260 0.500000000 1.000000000
1.210292725 0.000004360 0.500000000 1.000000000
1.210292725 0.000004360 0.500000000 1.000000000
1.210292725 0.000004360 0.500000000 1.000000000
1.298211673 0.000004365 0.500000000 1.000000000
1.298211673 0.000004365 0.500000000 1.000000000
1.298211673 0.000004365 0.500000000 1.000000000
1.298211673 0.000004365 0.500000000 1.000000000
1.264512292 0.000004380 0.500000000 1.000000000
1.280788431 0.000004408 0.500000000 1.000000000
1.293148121 0.000004336 0.500000000 1.000000000
1.293148121 0.000004336 0.500000000 1.000000000
1.293148121 0.000004336 0.500000000 1.000000000
1.293148121 0.000004336 0.500000000 1.000000000
1.293148121 0.000004336 0.500000000 1.000000000
1.293148121 0.000004336 0.500000000 1.000000000
1.293148121 0.000004336 0.500000000 1.000000000
1.293148121 0.000004336 0.500000000 1.000000000
1.293148121 0.000004336 0.500000000 1.000000000
1.293148121 0.000004336 0.500000000 1.000000000
1.293148121 0.000004336 0.500000000 1.000000000
1.293148121 0.000004336 0.500000000 1.000000000
1.293148121 0.000004336 0.500000000 1.000000000
1.293148121 0.000004336 0.500000000 1.000000000
1.378911798 0.000004296 0.500000000 1.000000000
1.378911798 0.000004296 0.500000000 1.000000000
1.378911798 0.000004296 0.500000000 1.000000000
1.392419769 0.000004424 0.500000000 1.000000000
1.392419769 0.000004424 0.500000000 1.000000000
1.392419769 0.000004424 0.500000000 1.000000000
1.392419769 0.000004424 0.500000000 1.000000000
1.392419769 0.000004424 0.500000000 1.000000000
1.392419769 0.000004424 0.500000000 1.000000000
1.392419769 0.000004424 0.500000000 1.000000000
1.430273274 0.000004514 0.500000000 1.000000000
1.430273274 0.000004514 0.500000000 1.000000000
1.430273274 0.000004514 0.500000000 1.000000000
1.430273274 0.000004514 0.500000000 1.000000000
1.430273274 0.000004514 0.500000000 1.000000000
1.430273274 0.000004514 0.500000000 1.000000000
1.430273274 0.000004514 0.500000000 1.000000000
1.408332444 0.000004630 0.500000000 1.000000000
1.408332444 0.000004630 0.500000000 1.000000000
1.408332444 0.000004630 0.500000000 1.000000000
1.408332444 0.000004630 0.500000000 1.000000000
1.408332444 0.000004630 0.500000000 1.000000000
1.408332444 0.000004630 0.500000000 1.000000000
1.408332444 0.000004630 0.500000000 1.000000000
1.408332444 0.000004630 0.500000000 1.000000000
1.408332444 0.000004630 0.500000000 1.000000000
1.408332444 0.000004630 0.500000000 1.000000000
1.408332444 0.000004630 0.500000000 1.000000000
1.492299775 0.000004641 0.500000000 1.000000000
1.492299775 0.000004641 0.500000000 1.000000000
1.492299775 0.000004641 0.500000000 1.000000000
1.492299775 0.000004641 0.500000000 1.000000000
1.492299775 0.000004641 0.500000000 1.000000000
1.492299775 0.000004641 0.500000000 1.000000000
1.492299775 0.000004641 0.500000000 1.000000000
1.492299775 0.000004641 0.500000000 1.000000000
1.492299775 0.000004641 0.500000000 1.000000000
1.492299775 0.000004641 0.500000000 1.000000000
1.492299775 0.000004641 0.500000000 1.000000000
0.642459974 0.000003590 0.500000000 1.000000000
0.642459974 0.000003590 0.500000000 1.000000000
0.715513136 0.000003600 0.500000000 1.000000000
0.715513136 0.000003600 0.500000000 1.000000000
0.715513136 0.000003600 0.500000000 1.000000000
0.715513136 0.000003600 0.500000000 1.000000000
0.715513136 0.000003600 0.500000000 1.000000000
0.715513136 0.000003600 0.500000000 1.000000000
0.715513136 0.000003600 0.500000000 1.000000000
0.715513136 0.000003600 0.500000000 1.000000000
0.715513136 0.000003600 0.500000000 1.000000000
0.715513136 0.000003600 0.500000000 1.000000000
0.715513136 0.000003600 0.500000000 1.000000000
0.715513136 0.000003600 0.500000000 1.000000000
0.784129040 0.000003624 0.500000000 1.000000000
0.784129040 0.000003624 0.500000000 1.000000000
0.784129040 0.000003624 0.500000000 1.000000000
0.784129040 0.000003624 0.500000000 1.000000000
0.784129040 0.000003624 0.500000000 1.000000000
0.846838482 0.000003717 0.500000000 1.000000000
0.882844910 0.000003771 0.500000000 1.000000000
0.882844910 0.000003771 0.500000000 1.000000000
0.882844910 0.000003771 0.500000000 1.000000000
0.882844910 0.000003771 0.500000000 1.000000000
0.898172814 0.000003922 0.500000000 1.000000000
0.898172814 0.000003922 0.500000000 1.000000000
0.898172814 0.000003922 0.500000000 1.000000000
0.921869366 0.000004086 0.500000000 1.000000000
0.921869366 0.000004086 0.500000000 1.000000000
0.950285120 0.000004159 0.500000000 1.000000000
0.967148587 0.000004188 0.500000000 1.000000000
1.004920559 0.000004200 0.500000000 1.000000000
1.004920559 0.000004200 0.500000000 1.000000000
1.096637493 0.000004201 0.500000000 1.000000000
1.096637493 0.000004201 0.500000000 1.000000000
1.096637493 0.000004201 0.500000000 1.000000000
1.170173689 0.000004183 0.500000000 1.000000000
1.170173689 0.000004183 0.500000000 1.000000000
1.170173689 0.000004183 0.500000000 1.000000000
1.170173689 0.000004183 0.500000000 1.000000000
1.170173689 0.000004183 0.500000000 1.000000000
1.170173689 0.000004183 0.500000000 1.000000000
1.170173689 0.000004183 0.500000000 1.000000000
1.170173689 0.000004183 0.500000000 1.000000000
1.170173689 0.000004183 0.500000000 1.000000000
1.170173689 0.000004183 0.500000000 1.000000000
1.170173689 0.000004183 0.500000000 1.000000000
1.153716167 0.000004367 0.500000000 1.000000000
1.153716167 0.000004367 0.500000000 1.000000000
1.153716167 0.000004367 0.500000000 1.000000000
1.153716167 0.000004367 0.500000000 1.000000000
1.153716167 0.000004367 0.500000000 1.000000000
1.153716167 0.000004367 0.500000000 1.000000000
1.153716167 0.000004367 0.500000000 1.000000000
1.153716167 0.000004367 0.500000000 1.000000000
1.153716167 0.000004367 0.500000000 1.000000000
1.153716167 0.000004367 0.500000000 1.000000000
1.153716167 0.000004367 0.500000000 1.000000000
1.153716167 0.000004367 0.500000000 1.000000000
1.153716167 0.000004367 0.500000000 1.000000000
1.153716167 0.000004367 0.500000000 1.000000000
1.153716167 0.000004367 0.500000000 1.000000000
1.153716167 0.000004367 0.500000000 1.000000000
1.153716167 0.000004367 0.500000000 1.000000000
1.153716167 0.000004367 0.500000000 1.000000000
1.153716167 0.000004367 0.500000000 1.000000000
1.176443665 0.000004445 0.500000000 1.000000000
1.176443665 0.000004445 0.500000000 1.000000000
1.176443665 0.000004445 0.500000000 1.000000000
1.176443665 0.000004445 0.500000000 1.000000000
1.176443665 0.000004445 0.500000000 1.000000000
1.176443665 0.000004445 0.500000000 1.000000000
1.176443665 0.000004445 0.500000000 1.000000000
1.176443665 0.000004445 0.500000000 1.000000000
1.176443665 0.000004445 0.500000000 1.000000000
1.176443665 0.000004445 0.500000000 1.000000000
1.176443665 0.000004445 0.500000000 1.000000000
1.176443665 0.000004445 0.500000000 1.000000000
1.200838999 0.000004519 0.500000000 1.000000000
1.200838999 0.000004519 0.500000000 1.000000000
1.353563387 0.000004523 0.500000000 1.000000000
1.353563387 0.000004523 0.500000000 1.000000000
1.353563387 0.000004523 0.500000000 1.000000000
1.353563387 0.000004523 0.500000000 1.000000000
1.353563387 0.000004523 0.500000000 1.000000000
1.353563387 0.000004523 0.500000000 1.000000000
1.353563387 0.000004523 0.500000000 1.000000000
1.353563387 0.000004523 0.500000000 1.000000000
1.353563387 0.000004523 0.500000000 1.000000000
1.353563387 0.000004523 0.500000000 1.000000000
1.353563387 0.000004523 0.500000000 1.000000000
1.353563387 0.000004523 0.500000000 1.000000000
1.353563387 0.000004523 0.500000000 1.000000000
1.353563387 0.000004523 0.500000000 1.000000000
1.353563387 0.000004523 0.500000000 1.000000000
1.353563387 0.000004523 0.500000000 1.000000000
1.353563387 0.000004523 0.500000000 1.000000000
1.353563387 0.000004523 0.500000000 1.000000000
