0.000000000 0.000000000 0.000000000 0.000000000
0.000000000 0.000000000 0.000000000 0.000000000
0.000000000 0.000000000 0.000000000 0.000000000
0.324395405 0.000003099 0.500000000 1.000000000
0.375217241 0.000003110 0.500000000 1.000000000
0.388312179 0.000003239 0.500000000 1.000000000
0.427597882 0.000003387 0.500000000 1.000000000
0.488229209 0.000003424 0.500000000 1.000000000
0.494923922 0.000003505 0.500000000 1.000000000
0.502256895 0.000003535 0.500000000 1.000000000
0.502256895 0.000003535 0.500000000 1.000000000
0.574612118 0.000003627 0.500000000 1.000000000
0.603314644 0.000003700 0.500000000 1.000000000
0.603314644 0.000003700 0.500000000 1.000000000
0.614733288 0.000003742 0.500000000 1.000000000
0.614733288 0.000003742 0.500000000 1.000000000
0.614733288 0.000003742 0.500000000 1.000000000
0.614733288 0.000003742 0.500000000 1.000000000
0.647279774 0.000003747 0.500000000 1.000000000
0.698814515 0.000003503 0.500000000 1.000000000
0.698814515 0.000003503 0.500000000 1.000000000
0.778675949 0.000003428 0.500000000 1.000000000
0.778675949 0.000003428 0.500000000 1.000000000
0.711314735 0.000003625 0.500000000 1.000000000
0.711314735 0.000003625 0.500000000 1.000000000
0.711314735 0.000003625 0.500000000 1.000000000
0.708446997 0.000003717 0.500000000 1.000000000
0.750510843 0.000003716 0.500000000 1.000000000
0.750510843 0.000003716 0.500000000 1.000000000
0.750510843 0.000003716 0.500000000 1.000000000
0.750510843 0.000003716 0.500000000 1.000000000
0.750510843 0.000003716 0.500000000 1.000000000
0.750510843 0.000003716 0.500000000 1.000000000
0.750510843 0.000003716 0.500000000 1.000000000
0.750510843 0.000003716 0.500000000 1.000000000
0.750510843 0.000003716 0.500000000 1.000000000
0.750510843 0.000003716 0.500000000 1.000000000
0.750510843 0.000003716 0.500000000 1.000000000
0.750510843 0.000003716 0.500000000 1.000000000
0.750510843 0.000003716 0.500000000 1.000000000
0.750510843 0.000003716 0.500000000 1.000000000
0.750510843 0.000003716 0.500000000 1.000000000
0.750510843 0.000003716 0.500000000 1.000000000
0.750510843 0.000003716 0.500000000 1.000000000
0.750510843 0.000003716 0.500000000 1.000000000
0.750510843 0.000003716 0.500000000 1.000000000
0.809977694 0.000003822 0.500000000 1.000000000
0.809977694 0.000003822 0.500000000 1.000000000
0.809977694 0.000003822 0.500000000 1.000000000
0.830089625 0.000003848 0.500000000 1.000000000
0.830089625 0.000003848 0.500000000 1.000000000
0.830089625 0.000003848 0.500000000 1.000000000
0.830089625 0.000003848 0.500000000 1.000000000
0.830089625 0.000003848 0.500000000 1.000000000
0.931569169 0.000003968 0.500000000 1.000000000
1.061661132 0.000003941 0.500000000 1.000000000
1.061661132 0.000003941 0.500000000 1.000000000
1.061661132 0.000003941 0.500000000 1.000000000
1.103517425 0.000003983 0.500000000 1.000000000
1.103517425 0.000003983 0.500000000 1.000000000
1.103517425 0.000003983 0.500000000 1.000000000
1.145049848 0.000003989 0.500000000 1.000000000
1.145049848 0.000003989 0.500000000 1.000000000
1.145049848 0.000003989 0.500000000 1.000000000
1.145049848 0.000003989 0.500000000 1.000000000
1.145049848 0.000003989 0.500000000 1.000000000
1.141374990 0.000003984 0.500000000 1.000000000
1.147960663 0.000004160 0.500000000 1.000000000
1.147960663 0.000004160 0.500000000 1.000000000
1.147960663 0.000004160 0.500000000 1.000000000
1.119670038 0.000004127 0.500000000 1.000000000
1.125493918 0.000004091 0.500000000 1.000000000
1.125493918 0.000004091 0.500000000 1.000000000
1.243862427 0.000004122 0.500000000 1.000000000
1.243862427 0.000004122 0.500000000 1.000000000
1.243862427 0.000004122 0.500000000 1.000000000
1.243862427 0.000004122 0.500000000 1.000000000
1.243862427 0.000004122 0.500000000 1.000000000
1.243862427 0.000004122 0.500000000 1.000000000
1.243862427 0.000004122 0.500000000 1.000000000
1.243862427 0.000004122 0.500000000 1.000000000
1.244092733 0.000004181 0.500000000 1.000000000
1.374459453 0.000004240 0.500000000 1.000000000
1.374459453 0.000004240 0.500000000 1.000000000
1.374459453 0.000004240 0.500000000 1.000000000
1.374459453 0.000004240 0.500000000 1.000000000
1.374459453 0.000004240 0.500000000 1.000000000
1.374459453 0.000004240 0.500000000 1.000000000
1.374459453 0.000004240 0.500000000 1.000000000
1.452496962 0.000004343 0.500000000 1.000000000
1.452496962 0.000004343 0.500000000 1.000000000
1.452496962 0.000004343 0.500000000 1.000000000
1.452496962 0.000004343 0.500000000 1.000000000
1.452496962 0.000004343 0.500000000 1.000000000
1.363749878 0.000004321 0.500000000 1.000000000
1.363749878 0.000004321 0.500000000 1.000000000
1.363749878 0.000004321 0.500000000 1.000000000
1.363749878 0.000004321 0.500000000 1.000000000
1.363749878 0.000004321 0.500000000 1.000000000
1.363749878 0.000004321 0.500000000 1.000000000
1.363749878 0.000004321 0.500000000 1.000000000
1.363749878 0.000004321 0.500000000 1.000000000
1.363749878 0.000004321 0.500000000 1.000000000
1.363749878 0.000004321 0.500000000 1.000000000
1.363749878 0.000004321 0.500000000 1.000000000
1.363749878 0.000004321 0.500000000 1.000000000
1.363749878 0.000004321 0.500000000 1.000000000
1.363749878 0.000004321 0.500000000 1.000000000
1.363749878 0.000004321 0.500000000 1.000000000
1.363749878 0.000004321 0.500000000 1.000000000
1.363749878 0.000004321 0.500000000 1.000000000
1.363749878 0.000004321 0.500000000 1.000000000
1.363749878 0.000004321 0.500000000 1.000000000
1.363749878 0.000004321 0.500000000 1.000000000
1.363749878 0.000004321 0.500000000 1.000000000
1.363749878 0.000004321 0.500000000 1.000000000
1.363749878 0.000004321 0.500000000 1.000000000
1.363749878 0.000004321 0.500000000 1.000000000
1.363749878 0.000004321 0.500000000 1.000000000
1.363749878 0.000004321 0.500000000 1.000000000
1.363749878 0.000004321 0.500000000 1.000000000
1.363749878 0.000004321 0.500000000 1.000000000
1.363749878 0.000004321 0.500000000 1.000000000
1.363749878 0.000004321 0.500000000 1.000000000
1.363749878 0.000004321 0.500000000 1.000000000
1.363749878 0.000004321 0.500000000 1.000000000
1.363749878 0.000004321 0.500000000 1.000000000
1.363749878 0.000004321 0.500000000 1.000000000
1.363749878 0.000004321 0.500000000 1.000000000
1.363749878 0.000004321 0.500000000 1.000000000
1.363749878 0.000004321 0.500000000 1.000000000
1.363749878 0.000004321 0.500000000 1.000000000
1.363749878 0.000004321 0.500000000 1.000000000
1.363749878 0.000004321 0.500000000 1.000000000
1.363749878 0.000004321 0.500000000 1.000000000
1.363749878 0.000004321 0.500000000 1.000000000
1.363749878 0.000004321 0.500000000 1.000000000
1.363749878 0.000004321 0.500000000 1.000000000
1.363749878 0.000004321 0.500000000 1.000000000
1.363749878 0.000004321 0.500000000 1.000000000
1.363749878 0.000004321 0.500000000 1.000000000
1.363749878 0.000004321 0.500000000 1.000000000
1.363749878 0.000004321 0.500000000 1.000000000
1.363749878 0.000004321 0.500000000 1.000000000
1.363749878 0.000004321 0.500000000 1.000000000
1.363749878 0.000004321 0.500000000 1.000000000
1.363749878 0.000004321 0.500000000 1.000000000
1.363749878 0.000004321 0.500000000 1.000000000
1.363749878 0.000004321 0.500000000 1.000000000
1.363749878 0.000004321 0.500000000 1.000000000
1.363749878 0.000004321 0.500000000 1.000000000
1.363749878 0.000004321 0.500000000 1.000000000
1.363749878 0.000004321 0.500000000 1.000000000
1.363749878 0.000004321 0.500000000 1.000000000
1.363749878 0.000004321 0.500000000 1.000000000
1.363749878 0.000004321 0.500000000 1.000000000
1.363749878 0.000004321 0.500000000 1.000000000
1.363749878 0.000004321 0.500000000 1.000000000
1.363749878 0.000004321 0.500000000 1.000000000
1.363749878 0.000004321 0.500000000 1.000000000
1.363749878 0.000004321 0.500000000 1.000000000
1.363749878 0.000004321 0.500000000 1.000000000
1.363749878 0.000004321 0.500000000 1.000000000
1.363749878 0.000004321 0.500000000 1.000000000
1.363749878 0.000004321 0.500000000 1.000000000
1.363749878 0.000004321 0.500000000 1.000000000
1.363749878 0.000004321 0.500000000 1.000000000
1.363749878 0.000004321 0.500000000 1.000000000
1.363749878 0.000004321 0.500000000 1.000000000
1.363749878 0.000004321 0.500000000 1.000000000
1.363749878 0.000004321 0.500000000 1.000000000
1.363749878 0.000004321 0.500000000 1.000000000
1.363749878 0.000004321 0.500000000 1.000000000
1.363749878 0.000004321 0.500000000 1.000000000
1.363749878 0.000004321 0.500000000 1.000000000
1.363749878 0.000004321 0.500000000 1.000000000
1.363749878 0.000004321 0.500000000 1.000000000
1.363749878 0.000004321 0.500000000 1.000000000
1.363749878 0.000004321 0.500000000 1.000000000
1.363749878 0.000004321 0.500000000 1.000000000
1.363749878 0.000004321 0.500000000 1.000000000
1.363749878 0.000004321 0.500000000 1.000000000
1.363749878 0.000004321 0.500000000 1.000000000
1.363749878 0.000004321 0.500000000 1.000000000
1.363749878 0.000004321 0.500000000 1.000000000
1.363749878 0.000004321 0.500000000 1.000000000
1.363749878 0.000004321 0.500000000 1.000000000
1.363749878 0.000004321 0.500000000 1.000000000
1.363749878 0.000004321 0.500000000 1.000000000
1.363749878 0.000004321 0.500000000 1.000000000
1.363749878 0.000004321 0.500000000 1.000000000
1.363749878 0.000004321 0.500000000 1.000000000
1.363749878 0.000004321 0.500000000 1.000000000
1.363749878 0.000004321 0.500000000 1.000000000
1.363749878 0.000004321 0.500000000 1.000000000
1.363749878 0.000004321 0.500000000 1.000000000
1.363749878 0.000004321 0.500000000 1.000000000
1.363749878 0.000004321 0.500000000 1.000000000
1.363749878 0.000004321 0.500000000 1.000000000
1.363749878 0.000004321 0.500000000 1.000000000
1.363749878 0.000004321 0.500000000 1.000000000
1.363749878 0.000004321 0.500000000 1.000000000
1.363749878 0.000004321 0.500000000 1.000000000
1.363749878 0.000004321 0.500000000 1.000000000
1.363749878 0.000004321 0.500000000 1.000000000
1.363749878 0.000004321 0.500000000 1.000000000
1.363749878 0.000004321 0.500000000 1.000000000
1.363749878 0.000004321 0.500000000 1.000000000
1.363749878 0.000004321 0.500000000 1.000000000
1.363749878 0.000004321 0.500000000 1.000000000
1.363749878 0.000004321 0.500000000 1.000000000
1.363749878 0.000004321 0.500000000 1.000000000
1.363749878 0.000004321 0.500000000 1.000000000
1.363749878 0.000004321 0.500000000 1.000000000
1.363749878 0.000004321 0.500000000 1.000000000
1.363749878 0.000004321 0.500000000 1.000000000
1.363749878 0.000004321 0.500000000 1.000000000
1.363749878 0.000004321 0.500000000 1.000000000
1.363749878 0.000004321 0.500000000 1.000000000
1.363749878 0.000004321 0.500000000 1.000000000
1.363749878 0.000004321 0.500000000 1.000000000
1.363749878 0.000004321 0.500000000 1.000000000
1.363749878 0.000004321 0.500000000 1.000000000
1.363749878 0.000004321 0.500000000 1.000000000
1.363749878 0.000004321 0.500000000 1.000000000
1.363749878 0.000004321 0.500000000 1.000000000
1.363749878 0.000004321 0.500000000 1.000000000
1.363749878 0.000004321 0.500000000 1.000000000
1.363749878 0.000004321 0.500000000 1.000000000
1.363749878 0.000004321 0.500000000 1.000000000
1.363749878 0.000004321 0.500000000 1.000000000
1.363749878 0.000004321 0.500000000 1.000000000
1.363749878 0.000004321 0.500000000 1.000000000
1.363749878 0.000004321 0.500000000 1.000000000
1.363749878 0.000004321 0.500000000 1.000000000
1.363749878 0.000004321 0.500000000 1.000000000
1.363749878 0.000004321 0.500000000 1.000000000
1.363749878 0.000004321 0.500000000 1.000000000
1.363749878 0.000004321 0.500000000 1.000000000
1.363749878 0.000004321 0.500000000 1.000000000
1.363749878 0.000004321 0.500000000 1.000000000
1.363749878 0.000004321 0.500000000 1.000000000
1.363749878 0.000004321 0.500000000 1.000000000
1.363749878 0.000004321 0.500000000 1.000000000
1.363749878 0.000004321 0.500000000 1.000000000
1.363749878 0.000004321 0.500000000 1.000000000
1.363749878 0.000004321 0.500000000 1.000000000
1.363749878 0.000004321 0.500000000 1.000000000
1.363749878 0.000004321 0.500000000 1.000000000
1.363749878 0.000004321 0.500000000 1.000000000
1.363749878 0.000004321 0.500000000 1.000000000
1.363749878 0.000004321 0.500000000 1.000000000
1.363749878 0.000004321 0.500000000 1.000000000
1.363749878 0.000004321 0.500000000 1.000000000
1.363749878 0.000004321 0.500000000 1.000000000
1.363749878 0.000004321 0.500000000 1.000000000
1.363749878 0.000004321 0.500000000 1.000000000
1.363749878 0.000004321 0.500000000 1.000000000
1.363749878 0.000004321 0.500000000 1.000000000
1.363749878 0.000004321 0.500000000 1.000000000
1.363749878 0.000004321 0.500000000 1.000000000
1.363749878 0.000004321 0.500000000 1.000000000
1.363749878 0.000004321 0.500000000 1.000000000
1.363749878 0.000004321 0.500000000 1.000000000
1.363749878 0.000004321 0.500000000 1.000000000
1.363749878 0.000004321 0.500000000 1.000000000
1.363749878 0.000004321 0.500000000 1.000000000
1.363749878 0.000004321 0.500000000 1.000000000
1.363749878 0.000004321 0.500000000 1.000000000
1.363749878 0.000004321 0.500000000 1.000000000
1.363749878 0.000004321 0.500000000 1.000000000
1.363749878 0.000004321 0.500000000 1.000000000
1.363749878 0.000004321 0.500000000 1.000000000
1.363749878 0.000004321 0.500000000 1.000000000
1.363749878 0.000004321 0.500000000 1.000000000
1.363749878 0.000004321 0.500000000 1.000000000
1.363749878 0.000004321 0.500000000 1.000000000
1.363749878 0.000004321 0.500000000 1.000000000
1.363749878 0.000004321 0.500000000 1.000000000
1.363749878 0.000004321 0.500000000 1.000000000
1.363749878 0.000004321 0.500000000 1.000000000
1.363749878 0.000004321 0.500000000 1.000000000
1.363749878 0.000004321 0.500000000 1.000000000
1.363749878 0.000004321 0.500000000 1.000000000
1.363749878 0.000004321 0.500000000 1.000000000
1.363749878 0.000004321 0.500000000 1.000000000
1.363749878 0.000004321 0.500000000 1.000000000
1.363749878 0.000004321 0.500000000 1.000000000
1.363749878 0.000004321 0.500000000 1.000000000
1.363749878 0.000004321 0.500000000 1.000000000
1.363749878 0.000004321 0.500000000 1.000000000
1.363749878 0.000004321 0.500000000 1.000000000
1.363749878 0.000004321 0.500000000 1.000000000
1.363749878 0.000004321 0.500000000 1.000000000
1.363749878 0.000004321 0.500000000 1.000000000
1.363749878 0.000004321 0.500000000 1.000000000
1.363749878 0.000004321 0.500000000 1.000000000
1.363749878 0.000004321 0.500000000 1.000000000
1.363749878 0.000004321 0.500000000 1.000000000
1.363749878 0.000004321 0.500000000 1.000000000
1.363749878 0.000004321 0.500000000 1.000000000
1.363749878 0.000004321 0.500000000 1.000000000
0.331730204 0.000003186 0.500000000 1.000000000
0.379525533 0.000003040 0.500000000 1.000000000
0.379525533 0.000003040 0.500000000 1.000000000
0.394532311 0.000003177 0.500000000 1.000000000
0.373706194 0.000003242 0.500000000 1.000000000
0.367500071 0.000003389 0.500000000 1.000000000
0.367500071 0.000003389 0.500000000 1.000000000
0.421460687 0.000003414 0.500000000 1.000000000
0.421460687 0.000003414 0.500000000 1.000000000
0.421460687 0.000003414 0.500000000 1.000000000
0.460585159 0.000003482 0.500000000 1.000000000
0.460585159 0.000003482 0.500000000 1.000000000
0.460585159 0.000003482 0.500000000 1.000000000
0.460585159 0.000003482 0.500000000 1.000000000
0.504231916 0.000003502 0.500000000 1.000000000
0.504231916 0.000003502 0.500000000 1.000000000
0.504231916 0.000003502 0.500000000 1.000000000
0.504231916 0.000003502 0.500000000 1.000000000
0.504231916 0.000003502 0.500000000 1.000000000
0.560945491 0.000003559 0.500000000 1.000000000
0.589228964 0.000003449 0.500000000 1.000000000
0.666622697 0.000003517 0.500000000 1.000000000
0.756262830 0.000003506 0.500000000 1.000000000
0.840203492 0.000003527 0.500000000 1.000000000
0.840203492 0.000003527 0.500000000 1.000000000
0.904944345 0.000003568 0.500000000 1.000000000
0.904944345 0.000003568 0.500000000 1.000000000
0.961765725 0.000003665 0.500000000 1.000000000
0.961765725 0.000003665 0.500000000 1.000000000
0.961765725 0.000003665 0.500000000 1.000000000
0.961765725 0.000003665 0.500000000 1.000000000
0.961765725 0.000003665 0.500000000 1.000000000
0.961765725 0.000003665 0.500000000 1.000000000
0.975977332 0.000003857 0.500000000 1.000000000
0.975977332 0.000003857 0.500000000 1.000000000
0.975977332 0.000003857 0.500000000 1.000000000
0.975977332 0.000003857 0.500000000 1.000000000
1.128272002 0.000004005 0.500000000 1.000000000
1.142429028 0.000004036 0.500000000 1.000000000
1.142429028 0.000004036 0.500000000 1.000000000
1.125924711 0.000004043 0.500000000 1.000000000
1.125924711 0.000004043 0.500000000 1.000000000
1.125924711 0.000004043 0.500000000 1.000000000
1.125924711 0.000004043 0.500000000 1.000000000
1.125924711 0.000004043 0.500000000 1.000000000
1.125924711 0.000004043 0.500000000 1.000000000
1.125924711 0.000004043 0.500000000 1.000000000
1.125924711 0.000004043 0.500000000 1.000000000
1.125924711 0.000004043 0.500000000 1.000000000
1.125924711 0.000004043 0.500000000 1.000000000
1.125924711 0.000004043 0.500000000 1.000000000
1.127526160 0.000004132 0.500000000 1.000000000
1.264106628 0.000004052 0.500000000 1.000000000
1.264106628 0.000004052 0.500000000 1.000000000
1.264106628 0.000004052 0.500000000 1.000000000
1.264106628 0.000004052 0.500000000 1.000000000
1.264106628 0.000004052 0.500000000 1.000000000
1.264106628 0.000004052 0.500000000 1.000000000
1.264106628 0.000004052 0.500000000 1.000000000
1.264106628 0.000004052 0.500000000 1.000000000
1.264106628 0.000004052 0.500000000 1.000000000
1.264106628 0.000004052 0.500000000 1.000000000
1.264106628 0.000004052 0.500000000 1.000000000
1.264106628 0.000004052 0.500000000 1.000000000
1.264106628 0.000004052 0.500000000 1.000000000
1.264106628 0.000004052 0.500000000 1.000000000
1.264106628 0.000004052 0.500000000 1.000000000
1.264106628 0.000004052 0.500000000 1.000000000
1.264106628 0.000004052 0.500000000 1.000000000
1.264106628 0.000004052 0.500000000 1.000000000
1.264106628 0.000004052 0.500000000 1.000000000
1.264106628 0.000004052 0.500000000 1.000000000
1.264106628 0.000004052 0.500000000 1.000000000
1.264106628 0.000004052 0.500000000 1.000000000
1.264106628 0.000004052 0.500000000 1.000000000
1.264106628 0.000004052 0.500000000 1.000000000
1.264106628 0.000004052 0.500000000 1.000000000
1.264106628 0.000004052 0.500000000 1.000000000
1.264106628 0.000004052 0.500000000 1.000000000
1.264106628 0.000004052 0.500000000 1.000000000
1.264106628 0.000004052 0.500000000 1.000000000
1.264106628 0.000004052 0.500000000 1.000000000
1.264106628 0.000004052 0.500000000 1.000000000
1.264106628 0.000004052 0.500000000 1.000000000
1.264106628 0.000004052 0.500000000 1.000000000
1.264106628 0.000004052 0.500000000 1.000000000
1.264106628 0.000004052 0.500000000 1.000000000
1.264106628 0.000004052 0.500000000 1.000000000
1.264106628 0.000004052 0.500000000 1.000000000
1.264106628 0.000004052 0.500000000 1.000000000
1.264106628 0.000004052 0.500000000 1.000000000
1.264106628 0.000004052 0.500000000 1.000000000
1.264106628 0.000004052 0.500000000 1.000000000
1.264106628 0.000004052 0.500000000 1.000000000
1.264106628 0.000004052 0.500000000 1.000000000
1.264106628 0.000004052 0.500000000 1.000000000
1.264106628 0.000004052 0.500000000 1.000000000
1.264106628 0.000004052 0.500000000 1.000000000
1.264106628 0.000004052 0.500000000 1.000000000
1.264106628 0.000004052 0.500000000 1.000000000
1.264106628 0.000004052 0.500000000 1.000000000
1.264106628 0.000004052 0.500000000 1.000000000
1.264106628 0.000004052 0.500000000 1.000000000
1.264106628 0.000004052 0.500000000 1.000000000
1.264106628 0.000004052 0.500000000 1.000000000
1.264106628 0.000004052 0.500000000 1.000000000
1.264106628 0.000004052 0.500000000 1.000000000
1.264106628 0.000004052 0.500000000 1.000000000
1.264106628 0.000004052 0.500000000 1.000000000
1.264106628 0.000004052 0.500000000 1.000000000
1.264106628 0.000004052 0.500000000 1.000000000
1.264106628 0.000004052 0.500000000 1.000000000
1.264106628 0.000004052 0.500000000 1.000000000
1.264106628 0.000004052 0.500000000 1.000000000
1.264106628 0.000004052 0.500000000 1.000000000
1.264106628 0.000004052 0.500000000 1.000000000
1.264106628 0.000004052 0.500000000 1.000000000
1.264106628 0.000004052 0.500000000 1.000000000
1.264106628 0.000004052 0.500000000 1.000000000
1.264106628 0.000004052 0.500000000 1.000000000
1.264106628 0.000004052 0.500000000 1.000000000
1.264106628 0.000004052 0.500000000 1.000000000
1.264106628 0.000004052 0.500000000 1.000000000
1.264106628 0.000004052 0.500000000 1.000000000
1.264106628 0.000004052 0.500000000 1.000000000
1.264106628 0.000004052 0.500000000 1.000000000
1.264106628 0.000004052 0.500000000 1.000000000
1.264106628 0.000004052 0.500000000 1.000000000
1.264106628 0.000004052 0.500000000 1.000000000
1.264106628 0.000004052 0.500000000 1.000000000
1.264106628 0.000004052 0.500000000 1.000000000
1.264106628 0.000004052 0.500000000 1.000000000
1.264106628 0.000004052 0.500000000 1.000000000
1.264106628 0.000004052 0.500000000 1.000000000
1.264106628 0.000004052 0.500000000 1.000000000
1.264106628 0.000004052 0.500000000 1.000000000
1.264106628 0.000004052 0.500000000 1.000000000
1.264106628 0.000004052 0.500000000 1.000000000
1.264106628 0.000004052 0.500000000 1.000000000
1.264106628 0.000004052 0.500000000 1.000000000
1.264106628 0.000004052 0.500000000 1.000000000
1.264106628 0.000004052 0.500000000 1.000000000
1.264106628 0.000004052 0.500000000 1.000000000
1.264106628 0.000004052 0.500000000 1.000000000
1.264106628 0.000004052 0.500000000 1.000000000
1.264106628 0.000004052 0.500000000 1.000000000
1.264106628 0.000004052 0.500000000 1.000000000
1.264106628 0.000004052 0.500000000 1.000000000
1.264106628 0.000004052 0.500000000 1.000000000
1.264106628 0.000004052 0.500000000 1.000000000
1.264106628 0.000004052 0.500000000 1.000000000
1.264106628 0.000004052 0.500000000 1.000000000
1.264106628 0.000004052 0.500000000 1.000000000
1.264106628 0.000004052 0.500000000 1.000000000
1.264106628 0.000004052 0.500000000 1.000000000
1.264106628 0.000004052 0.500000000 1.000000000
1.264106628 0.000004052 0.500000000 1.000000000
1.264106628 0.000004052 0.500000000 1.000000000
1.264106628 0.000004052 0.500000000 1.000000000
1.264106628 0.000004052 0.500000000 1.000000000
1.264106628 0.000004052 0.500000000 1.000000000
1.264106628 0.000004052 0.500000000 1.000000000
1.264106628 0.000004052 0.500000000 1.000000000
1.264106628 0.000004052 0.500000000 1.000000000
1.264106628 0.000004052 0.500000000 1.000000000
1.264106628 0.000004052 0.500000000 1.000000000
1.264106628 0.000004052 0.500000000 1.000000000
1.264106628 0.000004052 0.500000000 1.000000000
1.264106628 0.000004052 0.500000000 1.000000000
1.264106628 0.000004052 0.500000000 1.000000000
1.264106628 0.000004052 0.500000000 1.000000000
1.264106628 0.000004052 0.500000000 1.000000000
1.264106628 0.000004052 0.500000000 1.000000000
1.264106628 0.000004052 0.500000000 1.000000000
1.264106628 0.000004052 0.500000000 1.000000000
1.264106628 0.000004052 0.500000000 1.000000000
1.264106628 0.000004052 0.500000000 1.000000000
1.264106628 0.000004052 0.500000000 1.000000000
1.264106628 0.000004052 0.500000000 1.000000000
1.264106628 0.000004052 0.500000000 1.000000000
1.264106628 0.000004052 0.500000000 1.000000000
1.264106628 0.000004052 0.500000000 1.000000000
1.264106628 0.000004052 0.500000000 1.000000000
1.264106628 0.000004052 0.500000000 1.000000000
1.264106628 0.000004052 0.500000000 1.000000000
1.264106628 0.000004052 0.500000000 1.000000000
1.264106628 0.000004052 0.500000000 1.000000000
1.264106628 0.000004052 0.500000000 1.000000000
1.264106628 0.000004052 0.500000000 1.000000000
1.264106628 0.000004052 0.500000000 1.000000000
1.264106628 0.000004052 0.500000000 1.000000000
1.264106628 0.000004052 0.500000000 1.000000000
1.264106628 0.000004052 0.500000000 1.000000000
1.264106628 0.000004052 0.500000000 1.000000000
1.264106628 0.000004052 0.500000000 1.000000000
1.264106628 0.000004052 0.500000000 1.000000000
1.264106628 0.000004052 0.500000000 1.000000000
1.264106628 0.000004052 0.500000000 1.000000000
1.264106628 0.000004052 0.500000000 1.000000000
1.264106628 0.000004052 0.500000000 1.000000000
1.264106628 0.000004052 0.500000000 1.000000000
1.264106628 0.000004052 0.500000000 1.000000000
1.264106628 0.000004052 0.500000000 1.000000000
0.386487882 0.000003199 0.500000000 1.000000000
0.395912524 0.000003297 0.500000000 1.000000000
0.395912524 0.000003297 0.500000000 1.000000000
0.395912524 0.000003297 0.500000000 1.000000000
0.498768946 0.000003376 0.500000000 1.000000000
0.542559986 0.000003249 0.500000000 1.000000000
0.542559986 0.000003249 0.500000000 1.000000000
0.542559986 0.000003249 0.500000000 1.000000000
0.542559986 0.000003249 0.500000000 1.000000000
0.657667158 0.000003319 0.500000000 1.000000000
0.657667158 0.000003319 0.500000000 1.000000000
0.728482812 0.000003348 0.500000000 1.000000000
0.728482812 0.000003348 0.500000000 1.000000000
0.804829749 0.000003328 0.500000000 1.000000000
0.897211010 0.000003239 0.500000000 1.000000000
0.897211010 0.000003239 0.500000000 1.000000000
0.957249688 0.000003331 0.500000000 1.000000000
0.957249688 0.000003331 0.500000000 1.000000000
0.957249688 0.000003331 0.500000000 1.000000000
0.957249688 0.000003331 0.500000000 1.000000000
0.957249688 0.000003331 0.500000000 1.000000000
1.003656956 0.000003310 0.500000000 1.000000000
1.003656956 0.000003310 0.500000000 1.000000000
0.981251347 0.000003408 0.500000000 1.000000000
0.981251347 0.000003408 0.500000000 1.000000000
0.981251347 0.000003408 0.500000000 1.000000000
1.017843954 0.000003397 0.500000000 1.000000000
1.017843954 0.000003397 0.500000000 1.000000000
1.017843954 0.000003397 0.500000000 1.000000000
1.017843954 0.000003397 0.500000000 1.000000000
1.017843954 0.000003397 0.500000000 1.000000000
0.938631890 0.000003484 0.500000000 1.000000000
0.938631890 0.000003484 0.500000000 1.000000000
0.938631890 0.000003484 0.500000000 1.000000000
0.938631890 0.000003484 0.500000000 1.000000000
0.938631890 0.000003484 0.500000000 1.000000000
0.938631890 0.000003484 0.500000000 1.000000000
0.938631890 0.000003484 0.500000000 1.000000000
0.938631890 0.000003484 0.500000000 1.000000000
0.938631890 0.000003484 0.500000000 1.000000000
0.954823018 0.000003511 0.500000000 1.000000000
0.954823018 0.000003511 0.500000000 1.000000000
0.954823018 0.000003511 0.500000000 1.000000000
1.035791538 0.000003596 0.500000000 1.000000000
1.035791538 0.000003596 0.500000000 1.000000000
1.035791538 0.000003596 0.500000000 1.000000000
1.035791538 0.000003596 0.500000000 1.000000000
1.035791538 0.000003596 0.500000000 1.000000000
1.035791538 0.000003596 0.500000000 1.000000000
1.035791538 0.000003596 0.500000000 1.000000000
1.035791538 0.000003596 0.500000000 1.000000000
1.035791538 0.000003596 0.500000000 1.000000000
1.088962491 0.000003583 0.500000000 1.000000000
1.088962491 0.000003583 0.500000000 1.000000000
1.088962491 0.000003583 0.500000000 1.000000000
1.088962491 0.000003583 0.500000000 1.000000000
1.088962491 0.000003583 0.500000000 1.000000000
1.088962491 0.000003583 0.500000000 1.000000000
1.088962491 0.000003583 0.500000000 1.000000000
1.088962491 0.000003583 0.500000000 1.000000000
1.088962491 0.000003583 0.500000000 1.000000000
1.088962491 0.000003583 0.500000000 1.000000000
1.088962491 0.000003583 0.500000000 1.000000000
1.178762571 0.000003595 0.500000000 1.000000000
1.178762571 0.000003595 0.500000000 1.000000000
1.178762571 0.000003595 0.500000000 1.000000000
1.178762571 0.000003595 0.500000000 1.000000000
1.181823236 0.000003597 0.500000000 1.000000000
1.181823236 0.000003597 0.500000000 1.000000000
1.251950185 0.000003630 0.500000000 1.000000000
1.339394181 0.000003583 0.500000000 1.000000000
1.339394181 0.000003583 0.500000000 1.000000000
1.339394181 0.000003583 0.500000000 1.000000000
1.339394181 0.000003583 0.500000000 1.000000000
1.435783640 0.000003733 0.500000000 1.000000000
1.464174990 0.000003803 0.500000000 1.000000000
1.464174990 0.000003803 0.500000000 1.000000000
1.555746204 0.000003830 0.500000000 1.000000000
1.555746204 0.000003830 0.500000000 1.000000000
1.555746204 0.000003830 0.500000000 1.000000000
1.555746204 0.000003830 0.500000000 1.000000000
1.555746204 0.000003830 0.500000000 1.000000000
1.555746204 0.000003830 0.500000000 1.000000000
1.555746204 0.000003830 0.500000000 1.000000000
1.555746204 0.000003830 0.500000000 1.000000000
1.555746204 0.000003830 0.500000000 1.000000000
1.555746204 0.000003830 0.500000000 1.000000000
1.555746204 0.000003830 0.500000000 1.000000000
1.555746204 0.000003830 0.500000000 1.000000000
1.624012605 0.000003787 0.500000000 1.000000000
1.710416943 0.000003857 0.500000000 1.000000000
1.710416943 0.000003857 0.500000000 1.000000000
1.710416943 0.000003857 0.500000000 1.000000000
1.710416943 0.000003857 0.500000000 1.000000000
1.710416943 0.000003857 0.500000000 1.000000000
1.710416943 0.000003857 0.500000000 1.000000000
1.710416943 0.000003857 0.500000000 1.000000000
0.271629008 0.000003086 0.500000000 1.000000000
0.271629008 0.000003086 0.500000000 1.000000000
0.361294214 0.000003112 0.500000000 1.000000000
0.351733218 0.000003264 0.500000000 1.000000000
0.443638930 0.000003321 0.500000000 1.000000000
0.412294676 0.000003412 0.500000000 1.000000000
0.621594884 0.000003435 0.500000000 1.000000000
0.616412182 0.000003357 0.500000000 1.000000000
0.692868686 0.000003404 0.500000000 1.000000000
0.692868686 0.000003404 0.500000000 1.000000000
0.705166608 0.000003515 0.500000000 1.000000000
0.705166608 0.000003515 0.500000000 1.000000000
0.705166608 0.000003515 0.500000000 1.000000000
0.705166608 0.000003515 0.500000000 1.000000000
0.783814192 0.000003453 0.500000000 1.000000000
0.783814192 0.000003453 0.500000000 1.000000000
0.783814192 0.000003453 0.500000000 1.000000000
0.783814192 0.000003453 0.500000000 1.000000000
0.783814192 0.000003453 0.500000000 1.000000000
0.783814192 0.000003453 0.500000000 1.000000000
0.811587166 0.000003540 0.500000000 1.000000000
0.811587166 0.000003540 0.500000000 1.000000000
0.811587166 0.000003540 0.500000000 1.000000000
0.811587166 0.000003540 0.500000000 1.000000000
0.811587166 0.000003540 0.500000000 1.000000000
0.862875851 0.000003737 0.500000000 1.000000000
0.862875851 0.000003737 0.500000000 1.000000000
0.862875851 0.000003737 0.500000000 1.000000000
0.852298598 0.000003920 0.500000000 1.000000000
0.819379527 0.000003973 0.500000000 1.000000000
0.836870870 0.000003925 0.500000000 1.000000000
0.836870870 0.000003925 0.500000000 1.000000000
0.836870870 0.000003925 0.500000000 1.000000000
0.836870870 0.000003925 0.500000000 1.000000000
0.836870870 0.000003925 0.500000000 1.000000000
0.836870870 0.000003925 0.500000000 1.000000000
0.836870870 0.000003925 0.500000000 1.000000000
0.836870870 0.000003925 0.500000000 1.000000000
0.836870870 0.000003925 0.500000000 1.000000000
0.836870870 0.000003925 0.500000000 1.000000000
0.836870870 0.000003925 0.500000000 1.000000000
0.836870870 0.000003925 0.500000000 1.000000000
0.836870870 0.000003925 0.500000000 1.000000000
0.908918555 0.000004026 0.500000000 1.000000000
0.908918555 0.000004026 0.500000000 1.000000000
0.884132835 0.000004098 0.500000000 1.000000000
0.921602147 0.000004228 0.500000000 1.000000000
0.921602147 0.000004228 0.500000000 1.000000000
0.921602147 0.000004228 0.500000000 1.000000000
0.921602147 0.000004228 0.500000000 1.000000000
0.921602147 0.000004228 0.500000000 1.000000000
0.921602147 0.000004228 0.500000000 1.000000000
0.921602147 0.000004228 0.500000000 1.000000000
0.921602147 0.000004228 0.500000000 1.000000000
0.934903524 0.000004247 0.500000000 1.000000000
0.934903524 0.000004247 0.500000000 1.000000000
1.020381506 0.000004332 0.500000000 1.000000000
1.020381506 0.000004332 0.500000000 1.000000000
1.020381506 0.000004332 0.500000000 1.000000000
1.020381506 0.000004332 0.500000000 1.000000000
1.020381506 0.000004332 0.500000000 1.000000000
1.034852819 0.000004400 0.500000000 1.000000000
1.144443776 0.000004408 0.500000000 1.000000000
1.144443776 0.000004408 0.500000000 1.000000000
1.144443776 0.000004408 0.500000000 1.000000000
1.144443776 0.000004408 0.500000000 1.000000000
1.144443776 0.000004408 0.500000000 1.000000000
1.144443776 0.000004408 0.500000000 1.000000000
1.144443776 0.000004408 0.500000000 1.000000000
1.144443776 0.000004408 0.500000000 1.000000000
1.144443776 0.000004408 0.500000000 1.000000000
1.144443776 0.000004408 0.500000000 1.000000000
1.144443776 0.000004408 0.500000000 1.000000000
1.144443776 0.000004408 0.500000000 1.000000000
1.144443776 0.000004408 0.500000000 1.000000000
1.144443776 0.000004408 0.500000000 1.000000000
1.144443776 0.000004408 0.500000000 1.000000000
1.144443776 0.000004408 0.500000000 1.000000000
1.144443776 0.000004408 0.500000000 1.000000000
1.144443776 0.000004408 0.500000000 1.000000000
1.144443776 0.000004408 0.500000000 1.000000000
1.144443776 0.000004408 0.500000000 1.000000000
1.144443776 0.000004408 0.500000000 1.000000000
1.144443776 0.000004408 0.500000000 1.000000000
1.144443776 0.000004408 0.500000000 1.000000000
1.144443776 0.000004408 0.500000000 1.000000000
1.144443776 0.000004408 0.500000000 1.000000000
1.144443776 0.000004408 0.500000000 1.000000000
1.144443776 0.000004408 0.500000000 1.000000000
1.144443776 0.000004408 0.500000000 1.000000000
1.144443776 0.000004408 0.500000000 1.000000000
1.144443776 0.000004408 0.500000000 1.000000000
1.144443776 0.000004408 0.500000000 1.000000000
1.144443776 0.000004408 0.500000000 1.000000000
1.144443776 0.000004408 0.500000000 1.000000000
1.144443776 0.000004408 0.500000000 1.000000000
1.144443776 0.000004408 0.500000000 1.000000000
1.144443776 0.000004408 0.500000000 1.000000000
1.144443776 0.000004408 0.500000000 1.000000000
1.144443776 0.000004408 0.500000000 1.000000000
0.331148306 0.000003253 0.500000000 1.000000000
0.331148306 0.000003253 0.500000000 1.000000000
0.331148306 0.000003253 0.500000000 1.000000000
0.331148306 0.000003253 0.500000000 1.000000000
0.331148306 0.000003253 0.500000000 1.000000000
0.331148306 0.000003253 0.500000000 1.000000000
0.343200764 0.000003243 0.500000000 1.000000000
0.343200764 0.000003243 0.500000000 1.000000000
0.343200764 0.000003243 0.500000000 1.000000000
0.343200764 0.000003243 0.500000000 1.000000000
0.324702548 0.000003366 0.500000000 1.000000000
0.324702548 0.000003366 0.500000000 1.000000000
0.419877143 0.000003362 0.500000000 1.000000000
0.419877143 0.000003362 0.500000000 1.000000000
0.479129103 0.000003365 0.500000000 1.000000000
0.535035085 0.000003331 0.500000000 1.000000000
0.535035085 0.000003331 0.500000000 1.000000000
0.588993450 0.000003445 0.500000000 1.000000000
0.640668019 0.000003435 0.500000000 1.000000000
0.640668019 0.000003435 0.500000000 1.000000000
0.656136936 0.000003606 0.500000000 1.000000000
0.727149111 0.000003560 0.500000000 1.000000000
0.837087527 0.000003519 0.500000000 1.000000000
0.837087527 0.000003519 0.500000000 1.000000000
0.838828673 0.000003652 0.500000000 1.000000000
0.777256910 0.000003743 0.500000000 1.000000000
0.777256910 0.000003743 0.500000000 1.000000000
0.777256910 0.000003743 0.500000000 1.000000000
0.777256910 0.000003743 0.500000000 1.000000000
0.777256910 0.000003743 0.500000000 1.000000000
0.884050475 0.000003720 0.500000000 1.000000000
0.884050475 0.000003720 0.500000000 1.000000000
0.854556688 0.000003706 0.500000000 1.000000000
0.854556688 0.000003706 0.500000000 1.000000000
0.854556688 0.000003706 0.500000000 1.000000000
0.854556688 0.000003706 0.500000000 1.000000000
0.854556688 0.000003706 0.500000000 1.000000000
0.854556688 0.000003706 0.500000000 1.000000000
0.854556688 0.000003706 0.500000000 1.000000000
0.854556688 0.000003706 0.500000000 1.000000000
0.900638710 0.000003801 0.500000000 1.000000000
0.900638710 0.000003801 0.500000000 1.000000000
0.900638710 0.000003801 0.500000000 1.000000000
1.003559607 0.000003768 0.500000000 1.000000000
1.003559607 0.000003768 0.500000000 1.000000000
0.932713990 0.000003884 0.500000000 1.000000000
0.944315610 0.000004006 0.500000000 1.000000000
0.944315610 0.000004006 0.500000000 1.000000000
0.944315610 0.000004006 0.500000000 1.000000000
0.944315610 0.000004006 0.500000000 1.000000000
0.944315610 0.000004006 0.500000000 1.000000000
0.973500502 0.000004148 0.500000000 1.000000000
0.973500502 0.000004148 0.500000000 1.000000000
0.973500502 0.000004148 0.500000000 1.000000000
1.062977025 0.000004126 0.500000000 1.000000000
0.988328024 0.000004266 0.500000000 1.000000000
0.988328024 0.000004266 0.500000000 1.000000000
0.988328024 0.000004266 0.500000000 1.000000000
1.034527733 0.000004358 0.500000000 1.000000000
1.150021819 0.000004486 0.500000000 1.000000000
1.150021819 0.000004486 0.500000000 1.000000000
1.150021819 0.000004486 0.500000000 1.000000000
1.150021819 0.000004486 0.500000000 1.000000000
1.150021819 0.000004486 0.500000000 1.000000000
1.150021819 0.000004486 0.500000000 1.000000000
1.150021819 0.000004486 0.500000000 1.000000000
1.214857537 0.000004536 0.500000000 1.000000000
1.214857537 0.000004536 0.500000000 1.000000000
1.214857537 0.000004536 0.500000000 1.000000000
1.214857537 0.000004536 0.500000000 1.000000000
1.214857537 0.000004536 0.500000000 1.000000000
1.214857537 0.000004536 0.500000000 1.000000000
1.214857537 0.000004536 0.500000000 1.000000000
1.214857537 0.000004536 0.500000000 1.000000000
1.214857537 0.000004536 0.500000000 1.000000000
1.214857537 0.000004536 0.500000000 1.000000000
1.214857537 0.000004536 0.500000000 1.000000000
1.214857537 0.000004536 0.500000000 1.000000000
1.214857537 0.000004536 0.500000000 1.000000000
1.214857537 0.000004536 0.500000000 1.000000000
1.214857537 0.000004536 0.500000000 1.000000000
1.214857537 0.000004536 0.500000000 1.000000000
1.214857537 0.000004536 0.500000000 1.000000000
1.364137137 0.000004583 0.500000000 1.000000000
1.374245518 0.000004448 0.500000000 1.000000000
1.374245518 0.000004448 0.500000000 1.000000000
1.374245518 0.000004448 0.500000000 1.000000000
1.374245518 0.000004448 0.500000000 1.000000000
1.374245518 0.000004448 0.500000000 1.000000000
1.374245518 0.000004448 0.500000000 1.000000000
1.374245518 0.000004448 0.500000000 1.000000000
1.374245518 0.000004448 0.500000000 1.000000000
1.374245518 0.000004448 0.500000000 1.000000000
1.374245518 0.000004448 0.500000000 1.000000000
1.374245518 0.000004448 0.500000000 1.000000000
1.374245518 0.000004448 0.500000000 1.000000000
1.374245518 0.000004448 0.500000000 1.000000000
1.374245518 0.000004448 0.500000000 1.000000000
1.472500779 0.000004475 0.500000000 1.000000000
1.472500779 0.000004475 0.500000000 1.000000000
0.341462491 0.000003059 0.500000000 1.000000000
0.340106902 0.000003013 0.500000000 1.000000000
0.398079274 0.000003038 0.500000000 1.000000000
0.447894062 0.000003042 0.500000000 1.000000000
0.549052854 0.000003042 0.500000000 1.000000000
0.549052854 0.000003042 0.500000000 1.000000000
0.602822215 0.000003042 0.500000000 1.000000000
0.602822215 0.000003042 0.500000000 1.000000000
0.602822215 0.000003042 0.500000000 1.000000000
0.602822215 0.000003042 0.500000000 1.000000000
0.674658065 0.000003133 0.500000000 1.000000000
0.674658065 0.000003133 0.500000000 1.000000000
0.738566517 0.000003103 0.500000000 1.000000000
0.738566517 0.000003103 0.500000000 1.000000000
0.738566517 0.000003103 0.500000000 1.000000000
0.788953080 0.000003048 0.500000000 1.000000000
0.752870563 0.000003048 0.500000000 1.000000000
0.813542933 0.000003119 0.500000000 1.000000000
0.929779116 0.000003220 0.500000000 1.000000000
0.929779116 0.000003220 0.500000000 1.000000000
1.010644193 0.000003310 0.500000000 1.000000000
1.088156241 0.000003386 0.500000000 1.000000000
1.076437244 0.000003430 0.500000000 1.000000000
1.076437244 0.000003430 0.500000000 1.000000000
1.076437244 0.000003430 0.500000000 1.000000000
1.076437244 0.000003430 0.500000000 1.000000000
1.185813828 0.000003422 0.500000000 1.000000000
1.185813828 0.000003422 0.500000000 1.000000000
1.216528540 0.000003472 0.500000000 1.000000000
1.216528540 0.000003472 0.500000000 1.000000000
1.216528540 0.000003472 0.500000000 1.000000000
1.216528540 0.000003472 0.500000000 1.000000000
1.216528540 0.000003472 0.500000000 1.000000000
1.248317989 0.000003479 0.500000000 1.000000000
1.248317989 0.000003479 0.500000000 1.000000000
1.218724984 0.000003679 0.500000000 1.000000000
1.218724984 0.000003679 0.500000000 1.000000000
1.218724984 0.000003679 0.500000000 1.000000000
1.218724984 0.000003679 0.500000000 1.000000000
1.383413813 0.000003674 0.500000000 1.000000000
1.383413813 0.000003674 0.500000000 1.000000000
1.420441420 0.000003851 0.500000000 1.000000000
1.420441420 0.000003851 0.500000000 1.000000000
1.434216847 0.000003937 0.500000000 1.000000000
1.441216750 0.000003914 0.500000000 1.000000000
1.430742459 0.000004119 0.500000000 1.000000000
1.430742459 0.000004119 0.500000000 1.000000000
1.433516374 0.000004211 0.500000000 1.000000000
1.433516374 0.000004211 0.500000000 1.000000000
1.433516374 0.000004211 0.500000000 1.000000000
1.509623239 0.000004247 0.500000000 1.000000000
1.509623239 0.000004247 0.500000000 1.000000000
1.509623239 0.000004247 0.500000000 1.000000000
1.509623239 0.000004247 0.500000000 1.000000000
1.558683572 0.000004178 0.500000000 1.000000000
1.558683572 0.000004178 0.500000000 1.000000000
1.558683572 0.000004178 0.500000000 1.000000000
1.558683572 0.000004178 0.500000000 1.000000000
1.558683572 0.000004178 0.500000000 1.000000000
1.558683572 0.000004178 0.500000000 1.000000000
1.558683572 0.000004178 0.500000000 1.000000000
1.558683572 0.000004178 0.500000000 1.000000000
1.558683572 0.000004178 0.500000000 1.000000000
1.558683572 0.000004178 0.500000000 1.000000000
1.558683572 0.000004178 0.500000000 1.000000000
1.558683572 0.000004178 0.500000000 1.000000000
1.558683572 0.000004178 0.500000000 1.000000000
1.558683572 0.000004178 0.500000000 1.000000000
1.558683572 0.000004178 0.500000000 1.000000000
1.558683572 0.000004178 0.500000000 1.000000000
1.558683572 0.000004178 0.500000000 1.000000000
1.558683572 0.000004178 0.500000000 1.000000000
1.558683572 0.000004178 0.500000000 1.000000000
1.558683572 0.000004178 0.500000000 1.000000000
1.558683572 0.000004178 0.500000000 1.000000000
1.558683572 0.000004178 0.500000000 1.000000000
1.631681613 0.000004099 0.500000000 1.000000000
1.631681613 0.000004099 0.500000000 1.000000000
1.631681613 0.000004099 0.500000000 1.000000000
1.631681613 0.000004099 0.500000000 1.000000000
1.631681613 0.000004099 0.500000000 1.000000000
1.631681613 0.000004099 0.500000000 1.000000000
1.631681613 0.000004099 0.500000000 1.000000000
1.631681613 0.000004099 0.500000000 1.000000000
1.631681613 0.000004099 0.500000000 1.000000000
1.631681613 0.000004099 0.500000000 1.000000000
1.631681613 0.000004099 0.500000000 1.000000000
1.631681613 0.000004099 0.500000000 1.000000000
1.631681613 0.000004099 0.500000000 1.000000000
1.631681613 0.000004099 0.500000000 1.000000000
1.631681613 0.000004099 0.500000000 1.000000000
1.631681613 0.000004099 0.500000000 1.000000000
1.631681613 0.000004099 0.500000000 1.000000000
1.631681613 0.000004099 0.500000000 1.000000000
1.631681613 0.000004099 0.500000000 1.000000000
1.631681613 0.000004099 0.500000000 1.000000000
1.631681613 0.000004099 0.500000000 1.000000000
1.631681613 0.000004099 0.500000000 1.000000000
