0.000000000 0.000000000 0.000000000 0.000000000
0.602372646 0.000003769 0.500000000 1.000000000
0.602372646 0.000003769 0.500000000 1.000000000
0.642922410 0.000003777 0.500000000 1.000000000
0.642922410 0.000003777 0.500000000 1.000000000
0.658581078 0.000003839 0.500000000 1.000000000
0.658581078 0.000003839 0.500000000 1.000000000
0.658581078 0.000003839 0.500000000 1.000000000
0.658581078 0.000003839 0.500000000 1.000000000
0.658581078 0.000003839 0.500000000 1.000000000
0.658581078 0.000003839 0.500000000 1.000000000
0.680682318 0.000003887 0.500000000 1.000000000
0.680682318 0.000003887 0.500000000 1.000000000
0.740322163 0.000003786 0.500000000 1.000000000
0.804079482 0.000003899 0.500000000 1.000000000
0.804079482 0.000003899 0.500000000 1.000000000
0.804079482 0.000003899 0.500000000 1.000000000
0.804079482 0.000003899 0.500000000 1.000000000
0.804079482 0.000003899 0.500000000 1.000000000
0.799538831 0.000003983 0.500000000 1.000000000
0.799538831 0.000003983 0.500000000 1.000000000
0.799538831 0.000003983 0.500000000 1.000000000
0.799538831 0.000003983 0.500000000 1.000000000
0.870648753 0.000003945 0.500000000 1.000000000
0.870648753 0.000003945 0.500000000 1.000000000
0.870648753 0.000003945 0.500000000 1.000000000
0.870648753 0.000003945 0.500000000 1.000000000
0.829328265 0.000004049 0.500000000 1.000000000
0.829328265 0.000004049 0.500000000 1.000000000
0.821619824 0.000004257 0.500000000 1.000000000
0.821619824 0.000004257 0.500000000 1.000000000
0.831295618 0.000004255 0.500000000 1.000000000
0.804549759 0.000004427 0.500000000 1.000000000
0.804549759 0.000004427 0.500000000 1.000000000
0.804549759 0.000004427 0.500000000 1.000000000
0.804549759 0.000004427 0.500000000 1.000000000
0.804549759 0.000004427 0.500000000 1.000000000
0.804549759 0.000004427 0.500000000 1.000000000
0.830006155 0.000004364 0.500000000 1.000000000
0.872140054 0.000004446 0.500000000 1.000000000
1.013022007 0.000004358 0.500000000 1.000000000
1.013022007 0.000004358 0.500000000 1.000000000
1.013022007 0.000004358 0.500000000 1.000000000
1.013022007 0.000004358 0.500000000 1.000000000
1.013022007 0.000004358 0.500000000 1.000000000
1.062054922 0.000004269 0.500000000 1.000000000
1.062054922 0.000004269 0.500000000 1.000000000
1.062054922 0.000004269 0.500000000 1.000000000
1.081349783 0.000004244 0.500000000 1.000000000
1.081349783 0.000004244 0.500000000 1.000000000
1.081349783 0.000004244 0.500000000 1.000000000
1.081349783 0.000004244 0.500000000 1.000000000
1.081349783 0.000004244 0.500000000 1.000000000
1.081349783 0.000004244 0.500000000 1.000000000
1.091483034 0.000004292 0.500000000 1.000000000
1.091483034 0.000004292 0.500000000 1.000000000
1.091483034 0.000004292 0.500000000 1.000000000
1.104525101 0.000004405 0.500000000 1.000000000
1.104525101 0.000004405 0.500000000 1.000000000
1.104525101 0.000004405 0.500000000 1.000000000
1.104525101 0.000004405 0.500000000 1.000000000
1.104525101 0.000004405 0.500000000 1.000000000
1.179051010 0.000004548 0.500000000 1.000000000
1.268151162 0.000004502 0.500000000 1.000000000
1.268151162 0.000004502 0.500000000 1.000000000
1.268151162 0.000004502 0.500000000 1.000000000
1.268151162 0.000004502 0.500000000 1.000000000
1.268151162 0.000004502 0.500000000 1.000000000
1.268151162 0.000004502 0.500000000 1.000000000
1.268151162 0.000004502 0.500000000 1.000000000
1.250849913 0.000004524 0.500000000 1.000000000
1.292100540 0.000004541 0.500000000 1.000000000
1.389009861 0.000004515 0.500000000 1.000000000
1.386976490 0.000004566 0.500000000 1.000000000
1.386976490 0.000004566 0.500000000 1.000000000
1.386976490 0.000004566 0.500000000 1.000000000
1.386976490 0.000004566 0.500000000 1.000000000
1.386976490 0.000004566 0.500000000 1.000000000
1.386976490 0.000004566 0.500000000 1.000000000
1.386976490 0.000004566 0.500000000 1.000000000
1.364009108 0.000004643 0.500000000 1.000000000
1.364009108 0.000004643 0.500000000 1.000000000
1.364009108 0.000004643 0.500000000 1.000000000
1.364009108 0.000004643 0.500000000 1.000000000
1.364009108 0.000004643 0.500000000 1.000000000
1.364009108 0.000004643 0.500000000 1.000000000
1.364009108 0.000004643 0.500000000 1.000000000
1.364009108 0.000004643 0.500000000 1.000000000
1.364009108 0.000004643 0.500000000 1.000000000
1.364009108 0.000004643 0.500000000 1.000000000
1.364009108 0.000004643 0.500000000 1.000000000
1.364009108 0.000004643 0.500000000 1.000000000
1.380335806 0.000004670 0.500000000 1.000000000
1.380335806 0.000004670 0.500000000 1.000000000
1.380335806 0.000004670 0.500000000 1.000000000
1.427689616 0.000004652 0.500000000 1.000000000
1.427689616 0.000004652 0.500000000 1.000000000
1.427689616 0.000004652 0.500000000 1.000000000
1.427689616 0.000004652 0.500000000 1.000000000
1.427689616 0.000004652 0.500000000 1.000000000
1.427689616 0.000004652 0.500000000 1.000000000
1.427689616 0.000004652 0.500000000 1.000000000
0.638619501 0.000003791 0.500000000 1.000000000
0.599415828 0.000003731 0.500000000 1.000000000
0.599415828 0.000003731 0.500000000 1.000000000
0.599415828 0.000003731 0.500000000 1.000000000
0.709164323 0.000003816 0.500000000 1.000000000
0.774468579 0.000003768 0.500000000 1.000000000
0.774468579 0.000003768 0.500000000 1.000000000
0.774468579 0.000003768 0.500000000 1.000000000
0.806445564 0.000003775 0.500000000 1.000000000
0.806445564 0.000003775 0.500000000 1.000000000
0.806445564 0.000003775 0.500000000 1.000000000
0.835820881 0.000003728 0.500000000 1.000000000
0.884518859 0.000003626 0.500000000 1.000000000
0.884518859 0.000003626 0.500000000 1.000000000
0.927929833 0.000003609 0.500000000 1.000000000
0.927929833 0.000003609 0.500000000 1.000000000
0.927929833 0.000003609 0.500000000 1.000000000
0.971552862 0.000003613 0.500000000 1.000000000
1.038932976 0.000003558 0.500000000 1.000000000
1.038932976 0.000003558 0.500000000 1.000000000
1.038932976 0.000003558 0.500000000 1.000000000
1.180257432 0.000003669 0.500000000 1.000000000
1.180257432 0.000003669 0.500000000 1.000000000
1.309671346 0.000003718 0.500000000 1.000000000
1.309671346 0.000003718 0.500000000 1.000000000
1.329495980 0.000003773 0.500000000 1.000000000
1.329495980 0.000003773 0.500000000 1.000000000
1.317669930 0.000003719 0.500000000 1.000000000
1.319200509 0.000003698 0.500000000 1.000000000
1.319200509 0.000003698 0.500000000 1.000000000
1.343324025 0.000003758 0.500000000 1.000000000
1.343324025 0.000003758 0.500000000 1.000000000
1.343324025 0.000003758 0.500000000 1.000000000
1.343324025 0.000003758 0.500000000 1.000000000
1.343324025 0.000003758 0.500000000 1.000000000
1.343324025 0.000003758 0.500000000 1.000000000
1.343324025 0.000003758 0.500000000 1.000000000
1.365276298 0.000003806 0.500000000 1.000000000
1.365276298 0.000003806 0.500000000 1.000000000
1.353717456 0.000003950 0.500000000 1.000000000
1.353717456 0.000003950 0.500000000 1.000000000
1.353717456 0.000003950 0.500000000 1.000000000
1.353717456 0.000003950 0.500000000 1.000000000
1.353717456 0.000003950 0.500000000 1.000000000
1.353717456 0.000003950 0.500000000 1.000000000
1.477952043 0.000003931 0.500000000 1.000000000
1.477952043 0.000003931 0.500000000 1.000000000
1.477952043 0.000003931 0.500000000 1.000000000
1.477952043 0.000003931 0.500000000 1.000000000
1.477952043 0.000003931 0.500000000 1.000000000
1.477952043 0.000003931 0.500000000 1.000000000
1.477952043 0.000003931 0.500000000 1.000000000
1.477952043 0.000003931 0.500000000 1.000000000
1.477952043 0.000003931 0.500000000 1.000000000
1.477952043 0.000003931 0.500000000 1.000000000
1.463016072 0.000004086 0.500000000 1.000000000
1.528452778 0.000004072 0.500000000 1.000000000
1.528452778 0.000004072 0.500000000 1.000000000
1.528452778 0.000004072 0.500000000 1.000000000
1.600751451 0.000004080 0.500000000 1.000000000
1.600751451 0.000004080 0.500000000 1.000000000
1.600751451 0.000004080 0.500000000 1.000000000
1.600751451 0.000004080 0.500000000 1.000000000
1.645050607 0.000004188 0.500000000 1.000000000
1.645050607 0.000004188 0.500000000 1.000000000
1.645050607 0.000004188 0.500000000 1.000000000
1.645050607 0.000004188 0.500000000 1.000000000
1.645050607 0.000004188 0.500000000 1.000000000
1.645050607 0.000004188 0.500000000 1.000000000
1.645050607 0.000004188 0.500000000 1.000000000
1.742052289 0.000004080 0.500000000 1.000000000
1.742052289 0.000004080 0.500000000 1.000000000
1.742052289 0.000004080 0.500000000 1.000000000
1.757890964 0.000004060 0.500000000 1.000000000
1.757890964 0.000004060 0.500000000 1.000000000
1.757890964 0.000004060 0.500000000 1.000000000
1.757890964 0.000004060 0.500000000 1.000000000
1.757890964 0.000004060 0.500000000 1.000000000
1.757890964 0.000004060 0.500000000 1.000000000
1.757890964 0.000004060 0.500000000 1.000000000
1.757890964 0.000004060 0.500000000 1.000000000
1.757890964 0.000004060 0.500000000 1.000000000
1.757890964 0.000004060 0.500000000 1.000000000
1.757890964 0.000004060 0.500000000 1.000000000
1.757890964 0.000004060 0.500000000 1.000000000
1.757890964 0.000004060 0.500000000 1.000000000
1.757890964 0.000004060 0.500000000 1.000000000
1.757890964 0.000004060 0.500000000 1.000000000
1.757890964 0.000004060 0.500000000 1.000000000
1.757890964 0.000004060 0.500000000 1.000000000
1.757890964 0.000004060 0.500000000 1.000000000
1.757890964 0.000004060 0.500000000 1.000000000
1.757890964 0.000004060 0.500000000 1.000000000
1.757890964 0.000004060 0.500000000 1.000000000
1.757890964 0.000004060 0.500000000 1.000000000
1.721964039 0.000004086 0.500000000 1.000000000
1.721964039 0.000004086 0.500000000 1.000000000
1.721964039 0.000004086 0.500000000 1.000000000
1.721964039 0.000004086 0.500000000 1.000000000
1.721964039 0.000004086 0.500000000 1.000000000
0.719650625 0.000003761 0.500000000 1.000000000
0.719650625 0.000003761 0.500000000 1.000000000
0.785138685 0.000003794 0.500000000 1.000000000
0.785138685 0.000003794 0.500000000 1.000000000
0.844202469 0.000003835 0.500000000 1.000000000
0.754828805 0.000003905 0.500000000 1.000000000
0.754828805 0.000003905 0.500000000 1.000000000
0.754828805 0.000003905 0.500000000 1.000000000
0.754828805 0.000003905 0.500000000 1.000000000
0.777124721 0.000004023 0.500000000 1.000000000
0.777124721 0.000004023 0.500000000 1.000000000
0.777124721 0.000004023 0.500000000 1.000000000
0.777124721 0.000004023 0.500000000 1.000000000
0.777124721 0.000004023 0.500000000 1.000000000
0.777124721 0.000004023 0.500000000 1.000000000
0.777124721 0.000004023 0.500000000 1.000000000
0.878461578 0.000004107 0.500000000 1.000000000
0.965642829 0.000004087 0.500000000 1.000000000
0.965642829 0.000004087 0.500000000 1.000000000
0.965642829 0.000004087 0.500000000 1.000000000
0.965642829 0.000004087 0.500000000 1.000000000
0.965642829 0.000004087 0.500000000 1.000000000
0.965642829 0.000004087 0.500000000 1.000000000
0.979369462 0.000004169 0.500000000 1.000000000
0.979369462 0.000004169 0.500000000 1.000000000
0.979369462 0.000004169 0.500000000 1.000000000
0.977396940 0.000004204 0.500000000 1.000000000
0.977396940 0.000004204 0.500000000 1.000000000
0.977396940 0.000004204 0.500000000 1.000000000
0.977396940 0.000004204 0.500000000 1.000000000
0.977396940 0.000004204 0.500000000 1.000000000
1.006805293 0.000004172 0.500000000 1.000000000
0.975128623 0.000004236 0.500000000 1.000000000
0.975128623 0.000004236 0.500000000 1.000000000
1.030884871 0.000004257 0.500000000 1.000000000
1.040473210 0.000004369 0.500000000 1.000000000
1.040473210 0.000004369 0.500000000 1.000000000
1.040473210 0.000004369 0.500000000 1.000000000
1.040473210 0.000004369 0.500000000 1.000000000
1.040473210 0.000004369 0.500000000 1.000000000
1.040473210 0.000004369 0.500000000 1.000000000
1.040473210 0.000004369 0.500000000 1.000000000
1.040473210 0.000004369 0.500000000 1.000000000
1.040473210 0.000004369 0.500000000 1.000000000
1.040473210 0.000004369 0.500000000 1.000000000
1.040473210 0.000004369 0.500000000 1.000000000
1.040473210 0.000004369 0.500000000 1.000000000
1.040473210 0.000004369 0.500000000 1.000000000
1.040473210 0.000004369 0.500000000 1.000000000
1.040473210 0.000004369 0.500000000 1.000000000
1.075142264 0.000004520 0.500000000 1.000000000
1.075142264 0.000004520 0.500000000 1.000000000
1.120485990 0.000004488 0.500000000 1.000000000
1.120485990 0.000004488 0.500000000 1.000000000
1.120485990 0.000004488 0.500000000 1.000000000
1.120485990 0.000004488 0.500000000 1.000000000
1.120485990 0.000004488 0.500000000 1.000000000
1.120485990 0.000004488 0.500000000 1.000000000
1.120485990 0.000004488 0.500000000 1.000000000
1.120485990 0.000004488 0.500000000 1.000000000
1.120485990 0.000004488 0.500000000 1.000000000
1.120485990 0.000004488 0.500000000 1.000000000
1.120485990 0.000004488 0.500000000 1.000000000
1.120485990 0.000004488 0.500000000 1.000000000
1.120485990 0.000004488 0.500000000 1.000000000
1.120485990 0.000004488 0.500000000 1.000000000
1.120485990 0.000004488 0.500000000 1.000000000
1.120485990 0.000004488 0.500000000 1.000000000
1.120485990 0.000004488 0.500000000 1.000000000
1.120485990 0.000004488 0.500000000 1.000000000
1.120485990 0.000004488 0.500000000 1.000000000
1.120485990 0.000004488 0.500000000 1.000000000
1.120485990 0.000004488 0.500000000 1.000000000
1.120485990 0.000004488 0.500000000 1.000000000
1.120485990 0.000004488 0.500000000 1.000000000
1.120485990 0.000004488 0.500000000 1.000000000
1.120485990 0.000004488 0.500000000 1.000000000
1.120485990 0.000004488 0.500000000 1.000000000
1.120485990 0.000004488 0.500000000 1.000000000
1.120485990 0.000004488 0.500000000 1.000000000
1.120485990 0.000004488 0.500000000 1.000000000
1.120485990 0.000004488 0.500000000 1.000000000
1.120485990 0.000004488 0.500000000 1.000000000
1.120485990 0.000004488 0.500000000 1.000000000
1.120485990 0.000004488 0.500000000 1.000000000
1.120485990 0.000004488 0.500000000 1.000000000
1.120485990 0.000004488 0.500000000 1.000000000
1.120485990 0.000004488 0.500000000 1.000000000
1.159017844 0.000004527 0.500000000 1.000000000
1.159017844 0.000004527 0.500000000 1.000000000
1.159017844 0.000004527 0.500000000 1.000000000
1.138839365 0.000004479 0.500000000 1.000000000
1.211303176 0.000004520 0.500000000 1.000000000
1.211303176 0.000004520 0.500000000 1.000000000
1.211303176 0.000004520 0.500000000 1.000000000
1.211303176 0.000004520 0.500000000 1.000000000
1.211303176 0.000004520 0.500000000 1.000000000
1.211303176 0.000004520 0.500000000 1.000000000
1.211303176 0.000004520 0.500000000 1.000000000
1.211303176 0.000004520 0.500000000 1.000000000
1.211303176 0.000004520 0.500000000 1.000000000
1.211303176 0.000004520 0.500000000 1.000000000
0.596467806 0.000003837 0.500000000 1.000000000
0.596467806 0.000003837 0.500000000 1.000000000
0.630492070 0.000003931 0.500000000 1.000000000
0.630492070 0.000003931 0.500000000 1.000000000
0.741816584 0.000003790 0.500000000 1.000000000
0.741816584 0.000003790 0.500000000 1.000000000
0.774734714 0.000003858 0.500000000 1.000000000
0.774734714 0.000003858 0.500000000 1.000000000
0.774734714 0.000003858 0.500000000 1.000000000
0.774734714 0.000003858 0.500000000 1.000000000
0.819954773 0.000003888 0.500000000 1.000000000
0.819954773 0.000003888 0.500000000 1.000000000
0.948458153 0.000003840 0.500000000 1.000000000
0.991369887 0.000003906 0.500000000 1.000000000
0.991369887 0.000003906 0.500000000 1.000000000
0.991369887 0.000003906 0.500000000 1.000000000
0.991369887 0.000003906 0.500000000 1.000000000
0.982521456 0.000003992 0.500000000 1.000000000
0.982521456 0.000003992 0.500000000 1.000000000
0.982521456 0.000003992 0.500000000 1.000000000
0.982521456 0.000003992 0.500000000 1.000000000
0.982521456 0.000003992 0.500000000 1.000000000
0.982521456 0.000003992 0.500000000 1.000000000
0.982521456 0.000003992 0.500000000 1.000000000
0.982521456 0.000003992 0.500000000 1.000000000
1.008183667 0.000004138 0.500000000 1.000000000
1.008183667 0.000004138 0.500000000 1.000000000
1.134154631 0.000004097 0.500000000 1.000000000
1.134154631 0.000004097 0.500000000 1.000000000
1.160259970 0.000004183 0.500000000 1.000000000
1.160259970 0.000004183 0.500000000 1.000000000
1.220917220 0.000004277 0.500000000 1.000000000
1.220917220 0.000004277 0.500000000 1.000000000
1.220917220 0.000004277 0.500000000 1.000000000
1.310483968 0.000004262 0.500000000 1.000000000
1.324681663 0.000004340 0.500000000 1.000000000
1.324681663 0.000004340 0.500000000 1.000000000
1.324681663 0.000004340 0.500000000 1.000000000
1.324681663 0.000004340 0.500000000 1.000000000
1.324681663 0.000004340 0.500000000 1.000000000
1.324681663 0.000004340 0.500000000 1.000000000
1.324681663 0.000004340 0.500000000 1.000000000
1.324681663 0.000004340 0.500000000 1.000000000
1.324681663 0.000004340 0.500000000 1.000000000
1.363631700 0.000004592 0.500000000 1.000000000
1.363631700 0.000004592 0.500000000 1.000000000
1.363631700 0.000004592 0.500000000 1.000000000
1.363631700 0.000004592 0.500000000 1.000000000
1.363631700 0.000004592 0.500000000 1.000000000
1.363631700 0.000004592 0.500000000 1.000000000
1.363631700 0.000004592 0.500000000 1.000000000
1.363631700 0.000004592 0.500000000 1.000000000
1.363631700 0.000004592 0.500000000 1.000000000
1.391049098 0.000004554 0.500000000 1.000000000
1.391049098 0.000004554 0.500000000 1.000000000
1.391049098 0.000004554 0.500000000 1.000000000
1.391049098 0.000004554 0.500000000 1.000000000
1.391049098 0.000004554 0.500000000 1.000000000
1.391049098 0.000004554 0.500000000 1.000000000
1.391049098 0.000004554 0.500000000 1.000000000
1.391049098 0.000004554 0.500000000 1.000000000
1.441264391 0.000004599 0.500000000 1.000000000
1.441264391 0.000004599 0.500000000 1.000000000
1.441264391 0.000004599 0.500000000 1.000000000
1.441264391 0.000004599 0.500000000 1.000000000
1.441264391 0.000004599 0.500000000 1.000000000
1.441264391 0.000004599 0.500000000 1.000000000
1.441264391 0.000004599 0.500000000 1.000000000
1.441264391 0.000004599 0.500000000 1.000000000
1.441264391 0.000004599 0.500000000 1.000000000
1.441264391 0.000004599 0.500000000 1.000000000
1.441264391 0.000004599 0.500000000 1.000000000
1.441264391 0.000004599 0.500000000 1.000000000
1.441264391 0.000004599 0.500000000 1.000000000
1.441264391 0.000004599 0.500000000 1.000000000
1.441264391 0.000004599 0.500000000 1.000000000
1.441264391 0.000004599 0.500000000 1.000000000
1.441264391 0.000004599 0.500000000 1.000000000
1.441264391 0.000004599 0.500000000 1.000000000
1.441264391 0.000004599 0.500000000 1.000000000
1.441264391 0.000004599 0.500000000 1.000000000
1.441264391 0.000004599 0.500000000 1.000000000
1.441264391 0.000004599 0.500000000 1.000000000
1.441264391 0.000004599 0.500000000 1.000000000
1.441264391 0.000004599 0.500000000 1.000000000
1.441264391 0.000004599 0.500000000 1.000000000
1.463897098 0.000004705 0.500000000 1.000000000
1.463897098 0.000004705 0.500000000 1.000000000
1.463897098 0.000004705 0.500000000 1.000000000
1.463897098 0.000004705 0.500000000 1.000000000
1.463897098 0.000004705 0.500000000 1.000000000
1.523147663 0.000004537 0.500000000 1.000000000
1.523147663 0.000004537 0.500000000 1.000000000
1.523147663 0.000004537 0.500000000 1.000000000
1.523147663 0.000004537 0.500000000 1.000000000
1.523147663 0.000004537 0.500000000 1.000000000
1.523147663 0.000004537 0.500000000 1.000000000
1.523147663 0.000004537 0.500000000 1.000000000
1.523147663 0.000004537 0.500000000 1.000000000
1.523147663 0.000004537 0.500000000 1.000000000
1.523147663 0.000004537 0.500000000 1.000000000
0.656218398 0.000003697 0.500000000 1.000000000
0.629584101 0.000003728 0.500000000 1.000000000
0.629584101 0.000003728 0.500000000 1.000000000
0.629584101 0.000003728 0.500000000 1.000000000
0.622948291 0.000003834 0.500000000 1.000000000
0.622948291 0.000003834 0.500000000 1.000000000
0.622948291 0.000003834 0.500000000 1.000000000
0.622948291 0.000003834 0.500000000 1.000000000
0.622948291 0.000003834 0.500000000 1.000000000
0.622948291 0.000003834 0.500000000 1.000000000
0.622948291 0.000003834 0.500000000 1.000000000
0.622948291 0.000003834 0.500000000 1.000000000
0.622948291 0.000003834 0.500000000 1.000000000
0.622948291 0.000003834 0.500000000 1.000000000
0.633865181 0.000003973 0.500000000 1.000000000
0.740234422 0.000003972 0.500000000 1.000000000
0.740234422 0.000003972 0.500000000 1.000000000
0.750211463 0.000004083 0.500000000 1.000000000
0.750211463 0.000004083 0.500000000 1.000000000
0.750211463 0.000004083 0.500000000 1.000000000
0.750211463 0.000004083 0.500000000 1.000000000
0.750211463 0.000004083 0.500000000 1.000000000
0.820323249 0.000004143 0.500000000 1.000000000
0.902499364 0.000004201 0.500000000 1.000000000
0.927142305 0.000004135 0.500000000 1.000000000
0.927142305 0.000004135 0.500000000 1.000000000
0.927142305 0.000004135 0.500000000 1.000000000
0.927142305 0.000004135 0.500000000 1.000000000
0.927142305 0.000004135 0.500000000 1.000000000
0.927142305 0.000004135 0.500000000 1.000000000
0.927142305 0.000004135 0.500000000 1.000000000
0.927142305 0.000004135 0.500000000 1.000000000
0.927142305 0.000004135 0.500000000 1.000000000
0.927142305 0.000004135 0.500000000 1.000000000
1.018469170 0.000004037 0.500000000 1.000000000
1.018469170 0.000004037 0.500000000 1.000000000
1.018469170 0.000004037 0.500000000 1.000000000
0.974503215 0.000004185 0.500000000 1.000000000
0.974503215 0.000004185 0.500000000 1.000000000
0.970629661 0.000004285 0.500000000 1.000000000
0.970629661 0.000004285 0.500000000 1.000000000
0.970629661 0.000004285 0.500000000 1.000000000
0.970629661 0.000004285 0.500000000 1.000000000
0.970629661 0.000004285 0.500000000 1.000000000
1.004134736 0.000004256 0.500000000 1.000000000
1.004134736 0.000004256 0.500000000 1.000000000
1.004134736 0.000004256 0.500000000 1.000000000
1.004134736 0.000004256 0.500000000 1.000000000
1.004134736 0.000004256 0.500000000 1.000000000
1.004134736 0.000004256 0.500000000 1.000000000
1.004134736 0.000004256 0.500000000 1.000000000
1.004134736 0.000004256 0.500000000 1.000000000
1.004134736 0.000004256 0.500000000 1.000000000
1.004134736 0.000004256 0.500000000 1.000000000
1.004134736 0.000004256 0.500000000 1.000000000
1.120878445 0.000004296 0.500000000 1.000000000
1.120878445 0.000004296 0.500000000 1.000000000
1.288395455 0.000004151 0.500000000 1.000000000
1.288395455 0.000004151 0.500000000 1.000000000
1.288395455 0.000004151 0.500000000 1.000000000
1.288395455 0.000004151 0.500000000 1.000000000
1.288395455 0.000004151 0.500000000 1.000000000
1.288395455 0.000004151 0.500000000 1.000000000
1.288395455 0.000004151 0.500000000 1.000000000
1.288395455 0.000004151 0.500000000 1.000000000
1.288395455 0.000004151 0.500000000 1.000000000
1.288395455 0.000004151 0.500000000 1.000000000
1.288395455 0.000004151 0.500000000 1.000000000
1.288395455 0.000004151 0.500000000 1.000000000
1.288395455 0.000004151 0.500000000 1.000000000
1.288395455 0.000004151 0.500000000 1.000000000
1.288395455 0.000004151 0.500000000 1.000000000
1.288395455 0.000004151 0.500000000 1.000000000
1.288395455 0.000004151 0.500000000 1.000000000
1.288395455 0.000004151 0.500000000 1.000000000
1.360625474 0.000004123 0.500000000 1.000000000
1.360625474 0.000004123 0.500000000 1.000000000
1.360625474 0.000004123 0.500000000 1.000000000
1.360625474 0.000004123 0.500000000 1.000000000
1.360625474 0.000004123 0.500000000 1.000000000
1.380237538 0.000004264 0.500000000 1.000000000
1.380237538 0.000004264 0.500000000 1.000000000
1.380237538 0.000004264 0.500000000 1.000000000
1.380237538 0.000004264 0.500000000 1.000000000
1.474805561 0.000004193 0.500000000 1.000000000
1.474805561 0.000004193 0.500000000 1.000000000
1.474805561 0.000004193 0.500000000 1.000000000
1.474805561 0.000004193 0.500000000 1.000000000
1.484288375 0.000004162 0.500000000 1.000000000
1.484288375 0.000004162 0.500000000 1.000000000
1.484288375 0.000004162 0.500000000 1.000000000
1.484288375 0.000004162 0.500000000 1.000000000
1.484288375 0.000004162 0.500000000 1.000000000
1.484288375 0.000004162 0.500000000 1.000000000
1.484288375 0.000004162 0.500000000 1.000000000
1.484288375 0.000004162 0.500000000 1.000000000
1.484288375 0.000004162 0.500000000 1.000000000
1.484288375 0.000004162 0.500000000 1.000000000
1.484288375 0.000004162 0.500000000 1.000000000
1.484288375 0.000004162 0.500000000 1.000000000
0.609541728 0.000003833 0.500000000 1.000000000
0.627551317 0.000003897 0.500000000 1.000000000
0.627551317 0.000003897 0.500000000 1.000000000
0.666891201 0.000003895 0.500000000 1.000000000
0.745087573 0.000003904 0.500000000 1.000000000
0.769378503 0.000003902 0.500000000 1.000000000
0.769378503 0.000003902 0.500000000 1.000000000
0.740377018 0.000004003 0.500000000 1.000000000
0.712076800 0.000004047 0.500000000 1.000000000
0.712076800 0.000004047 0.500000000 1.000000000
0.829448598 0.000004069 0.500000000 1.000000000
0.845889624 0.000004004 0.500000000 1.000000000
0.926545890 0.000003959 0.500000000 1.000000000
0.950646665 0.000003962 0.500000000 1.000000000
0.950646665 0.000003962 0.500000000 1.000000000
0.949806678 0.000003986 0.500000000 1.000000000
0.949806678 0.000003986 0.500000000 1.000000000
0.943195129 0.000003982 0.500000000 1.000000000
0.943195129 0.000003982 0.500000000 1.000000000
1.001526639 0.000003942 0.500000000 1.000000000
1.001526639 0.000003942 0.500000000 1.000000000
1.001526639 0.000003942 0.500000000 1.000000000
1.095372437 0.000003855 0.500000000 1.000000000
1.095372437 0.000003855 0.500000000 1.000000000
1.070993355 0.000003863 0.500000000 1.000000000
1.070993355 0.000003863 0.500000000 1.000000000
1.125782037 0.000003752 0.500000000 1.000000000
1.125782037 0.000003752 0.500000000 1.000000000
1.174652508 0.000003686 0.500000000 1.000000000
1.174652508 0.000003686 0.500000000 1.000000000
1.312261359 0.000003777 0.500000000 1.000000000
1.415867025 0.000003766 0.500000000 1.000000000
1.415867025 0.000003766 0.500000000 1.000000000
1.467261089 0.000003689 0.500000000 1.000000000
1.467261089 0.000003689 0.500000000 1.000000000
1.467261089 0.000003689 0.500000000 1.000000000
1.467261089 0.000003689 0.500000000 1.000000000
1.467261089 0.000003689 0.500000000 1.000000000
1.467261089 0.000003689 0.500000000 1.000000000
1.547757210 0.000003721 0.500000000 1.000000000
1.602050756 0.000003713 0.500000000 1.000000000
1.602050756 0.000003713 0.500000000 1.000000000
1.603340959 0.000003643 0.500000000 1.000000000
1.603340959 0.000003643 0.500000000 1.000000000
1.603340959 0.000003643 0.500000000 1.000000000
1.603340959 0.000003643 0.500000000 1.000000000
1.603340959 0.000003643 0.500000000 1.000000000
1.694148543 0.000003678 0.500000000 1.000000000
1.694148543 0.000003678 0.500000000 1.000000000
1.694148543 0.000003678 0.500000000 1.000000000
1.694148543 0.000003678 0.500000000 1.000000000
1.694148543 0.000003678 0.500000000 1.000000000
1.694148543 0.000003678 0.500000000 1.000000000
1.694148543 0.000003678 0.500000000 1.000000000
1.694148543 0.000003678 0.500000000 1.000000000
1.694148543 0.000003678 0.500000000 1.000000000
1.748618272 0.000003588 0.500000000 1.000000000
1.733148786 0.000003577 0.500000000 1.000000000
1.733148786 0.000003577 0.500000000 1.000000000
1.733148786 0.000003577 0.500000000 1.000000000
1.733148786 0.000003577 0.500000000 1.000000000
1.733148786 0.000003577 0.500000000 1.000000000
1.733148786 0.000003577 0.500000000 1.000000000
1.733148786 0.000003577 0.500000000 1.000000000
1.733148786 0.000003577 0.500000000 1.000000000
1.768191329 0.000003615 0.500000000 1.000000000
1.744432792 0.000003665 0.500000000 1.000000000
1.744432792 0.000003665 0.500000000 1.000000000
1.744432792 0.000003665 0.500000000 1.000000000
1.744432792 0.000003665 0.500000000 1.000000000
1.744432792 0.000003665 0.500000000 1.000000000
1.660975713 0.000003816 0.500000000 1.000000000
1.660975713 0.000003816 0.500000000 1.000000000
1.660975713 0.000003816 0.500000000 1.000000000
1.660975713 0.000003816 0.500000000 1.000000000
1.660975713 0.000003816 0.500000000 1.000000000
1.712606518 0.000003862 0.500000000 1.000000000
1.712606518 0.000003862 0.500000000 1.000000000
1.712606518 0.000003862 0.500000000 1.000000000
1.712606518 0.000003862 0.500000000 1.000000000
1.712606518 0.000003862 0.500000000 1.000000000
1.811672745 0.000003889 0.500000000 1.000000000
1.871599197 0.000003988 0.500000000 1.000000000
1.871599197 0.000003988 0.500000000 1.000000000
2.011726735 0.000004084 0.500000000 1.000000000
2.011726735 0.000004084 0.500000000 1.000000000
2.011726735 0.000004084 0.500000000 1.000000000
1.977006118 0.000004008 0.500000000 1.000000000
1.977006118 0.000004008 0.500000000 1.000000000
1.977006118 0.000004008 0.500000000 1.000000000
1.977006118 0.000004008 0.500000000 1.000000000
1.977006118 0.000004008 0.500000000 1.000000000
1.977006118 0.000004008 0.500000000 1.000000000
1.977006118 0.000004008 0.500000000 1.000000000
1.977006118 0.000004008 0.500000000 1.000000000
1.977006118 0.000004008 0.500000000 1.000000000
1.977006118 0.000004008 0.500000000 1.000000000
0.605135873 0.000003791 0.500000000 1.000000000
0.605135873 0.000003791 0.500000000 1.000000000
0.605135873 0.000003791 0.500000000 1.000000000
0.605135873 0.000003791 0.500000000 1.000000000
0.605135873 0.000003791 0.500000000 1.000000000
0.626794620 0.000003640 0.500000000 1.000000000
0.626794620 0.000003640 0.500000000 1.000000000
0.693148114 0.000003630 0.500000000 1.000000000
0.725036665 0.000003697 0.500000000 1.000000000
0.646556607 0.000003722 0.500000000 1.000000000
0.646556607 0.000003722 0.500000000 1.000000000
0.708021336 0.000003747 0.500000000 1.000000000
0.708021336 0.000003747 0.500000000 1.000000000
0.734307753 0.000003830 0.500000000 1.000000000
0.734307753 0.000003830 0.500000000 1.000000000
0.734307753 0.000003830 0.500000000 1.000000000
0.734307753 0.000003830 0.500000000 1.000000000
0.734307753 0.000003830 0.500000000 1.000000000
0.730345622 0.000003946 0.500000000 1.000000000
0.789264071 0.000003838 0.500000000 1.000000000
0.789264071 0.000003838 0.500000000 1.000000000
0.789264071 0.000003838 0.500000000 1.000000000
0.789264071 0.000003838 0.500000000 1.000000000
0.789264071 0.000003838 0.500000000 1.000000000
0.789264071 0.000003838 0.500000000 1.000000000
0.789264071 0.000003838 0.500000000 1.000000000
0.850624443 0.000003862 0.500000000 1.000000000
0.850624443 0.000003862 0.500000000 1.000000000
0.850624443 0.000003862 0.500000000 1.000000000
0.850624443 0.000003862 0.500000000 1.000000000
0.850624443 0.000003862 0.500000000 1.000000000
0.850624443 0.000003862 0.500000000 1.000000000
0.850624443 0.000003862 0.500000000 1.000000000
0.850624443 0.000003862 0.500000000 1.000000000
0.850624443 0.000003862 0.500000000 1.000000000
0.885777788 0.000003836 0.500000000 1.000000000
0.885777788 0.000003836 0.500000000 1.000000000
0.946434327 0.000003878 0.500000000 1.000000000
0.879832455 0.000003888 0.500000000 1.000000000
0.879832455 0.000003888 0.500000000 1.000000000
1.046449445 0.000003817 0.500000000 1.000000000
1.046449445 0.000003817 0.500000000 1.000000000
1.046449445 0.000003817 0.500000000 1.000000000
1.098609048 0.000003869 0.500000000 1.000000000
1.098609048 0.000003869 0.500000000 1.000000000
1.098609048 0.000003869 0.500000000 1.000000000
1.114261653 0.000003989 0.500000000 1.000000000
1.114261653 0.000003989 0.500000000 1.000000000
1.114261653 0.000003989 0.500000000 1.000000000
1.114261653 0.000003989 0.500000000 1.000000000
1.114261653 0.000003989 0.500000000 1.000000000
1.114261653 0.000003989 0.500000000 1.000000000
1.114261653 0.000003989 0.500000000 1.000000000
1.144953082 0.000003937 0.500000000 1.000000000
1.144953082 0.000003937 0.500000000 1.000000000
1.204235887 0.000003984 0.500000000 1.000000000
1.204235887 0.000003984 0.500000000 1.000000000
1.197818336 0.000003995 0.500000000 1.000000000
1.197818336 0.000003995 0.500000000 1.000000000
1.197818336 0.000003995 0.500000000 1.000000000
1.285957924 0.000003983 0.500000000 1.000000000
1.285957924 0.000003983 0.500000000 1.000000000
1.285957924 0.000003983 0.500000000 1.000000000
1.285957924 0.000003983 0.500000000 1.000000000
1.288410300 0.000003983 0.500000000 1.000000000
1.288410300 0.000003983 0.500000000 1.000000000
1.288410300 0.000003983 0.500000000 1.000000000
1.277878168 0.000004031 0.500000000 1.000000000
1.277878168 0.000004031 0.500000000 1.000000000
1.277878168 0.000004031 0.500000000 1.000000000
1.277878168 0.000004031 0.500000000 1.000000000
1.277878168 0.000004031 0.500000000 1.000000000
1.277878168 0.000004031 0.500000000 1.000000000
1.277878168 0.000004031 0.500000000 1.000000000
1.277878168 0.000004031 0.500000000 1.000000000
1.277878168 0.000004031 0.500000000 1.000000000
1.277878168 0.000004031 0.500000000 1.000000000
1.277878168 0.000004031 0.500000000 1.000000000
1.277878168 0.000004031 0.500000000 1.000000000
1.277878168 0.000004031 0.500000000 1.000000000
1.279575531 0.000004063 0.500000000 1.000000000
1.279575531 0.000004063 0.500000000 1.000000000
1.279575531 0.000004063 0.500000000 1.000000000
1.279575531 0.000004063 0.500000000 1.000000000
1.279575531 0.000004063 0.500000000 1.000000000
1.279575531 0.000004063 0.500000000 1.000000000
1.279575531 0.000004063 0.500000000 1.000000000
1.279575531 0.000004063 0.500000000 1.000000000
1.279575531 0.000004063 0.500000000 1.000000000
1.279575531 0.000004063 0.500000000 1.000000000
1.279575531 0.000004063 0.500000000 1.000000000
1.279575531 0.000004063 0.500000000 1.000000000
1.279575531 0.000004063 0.500000000 1.000000000
1.279575531 0.000004063 0.500000000 1.000000000
1.279575531 0.000004063 0.500000000 1.000000000
1.279575531 0.000004063 0.500000000 1.000000000
1.279575531 0.000004063 0.500000000 1.000000000
1.279575531 0.000004063 0.500000000 1.000000000
1.279575531 0.000004063 0.500000000 1.000000000
1.279575531 0.000004063 0.500000000 1.000000000
0.645723988 0.000003757 0.500000000 1.000000000
0.645723988 0.000003757 0.500000000 1.000000000
0.645723988 0.000003757 0.500000000 1.000000000
0.645723988 0.000003757 0.500000000 1.000000000
0.645723988 0.000003757 0.500000000 1.000000000
0.645723988 0.000003757 0.500000000 1.000000000
0.645723988 0.000003757 0.500000000 1.000000000
0.644745919 0.000003785 0.500000000 1.000000000
0.644745919 0.000003785 0.500000000 1.000000000
0.644745919 0.000003785 0.500000000 1.000000000
0.644745919 0.000003785 0.500000000 1.000000000
0.644745919 0.000003785 0.500000000 1.000000000
0.644745919 0.000003785 0.500000000 1.000000000
0.688593439 0.000003848 0.500000000 1.000000000
0.727922061 0.000003824 0.500000000 1.000000000
0.747771733 0.000003841 0.500000000 1.000000000
0.762165995 0.000003849 0.500000000 1.000000000
0.848513129 0.000003868 0.500000000 1.000000000
0.848513129 0.000003868 0.500000000 1.000000000
0.848513129 0.000003868 0.500000000 1.000000000
0.848513129 0.000003868 0.500000000 1.000000000
0.848513129 0.000003868 0.500000000 1.000000000
0.848513129 0.000003868 0.500000000 1.000000000
0.886113583 0.000003829 0.500000000 1.000000000
0.859333306 0.000003831 0.500000000 1.000000000
0.859333306 0.000003831 0.500000000 1.000000000
0.859333306 0.000003831 0.500000000 1.000000000
0.859333306 0.000003831 0.500000000 1.000000000
0.859333306 0.000003831 0.500000000 1.000000000
0.859333306 0.000003831 0.500000000 1.000000000
0.859333306 0.000003831 0.500000000 1.000000000
0.859333306 0.000003831 0.500000000 1.000000000
0.859333306 0.000003831 0.500000000 1.000000000
0.859333306 0.000003831 0.500000000 1.000000000
0.859333306 0.000003831 0.500000000 1.000000000
0.859333306 0.000003831 0.500000000 1.000000000
0.859333306 0.000003831 0.500000000 1.000000000
0.859333306 0.000003831 0.500000000 1.000000000
0.859333306 0.000003831 0.500000000 1.000000000
0.859333306 0.000003831 0.500000000 1.000000000
0.859333306 0.000003831 0.500000000 1.000000000
0.859333306 0.000003831 0.500000000 1.000000000
0.859333306 0.000003831 0.500000000 1.000000000
0.859333306 0.000003831 0.500000000 1.000000000
0.859333306 0.000003831 0.500000000 1.000000000
0.859333306 0.000003831 0.500000000 1.000000000
0.859333306 0.000003831 0.500000000 1.000000000
0.859333306 0.000003831 0.500000000 1.000000000
0.859333306 0.000003831 0.500000000 1.000000000
0.859333306 0.000003831 0.500000000 1.000000000
0.859333306 0.000003831 0.500000000 1.000000000
0.903766850 0.000003943 0.500000000 1.000000000
0.903766850 0.000003943 0.500000000 1.000000000
0.903766850 0.000003943 0.500000000 1.000000000
0.966097337 0.000004098 0.500000000 1.000000000
1.013935565 0.000004126 0.500000000 1.000000000
1.029578242 0.000004210 0.500000000 1.000000000
1.029578242 0.000004210 0.500000000 1.000000000
1.029578242 0.000004210 0.500000000 1.000000000
1.029578242 0.000004210 0.500000000 1.000000000
1.029578242 0.000004210 0.500000000 1.000000000
0.978771700 0.000004273 0.500000000 1.000000000
0.978771700 0.000004273 0.500000000 1.000000000
0.978771700 0.000004273 0.500000000 1.000000000
0.978771700 0.000004273 0.500000000 1.000000000
0.978771700 0.000004273 0.500000000 1.000000000
0.978771700 0.000004273 0.500000000 1.000000000
0.978771700 0.000004273 0.500000000 1.000000000
0.978771700 0.000004273 0.500000000 1.000000000
0.978771700 0.000004273 0.500000000 1.000000000
0.978771700 0.000004273 0.500000000 1.000000000
0.978771700 0.000004273 0.500000000 1.000000000
0.978771700 0.000004273 0.500000000 1.000000000
0.978771700 0.000004273 0.500000000 1.000000000
0.978771700 0.000004273 0.500000000 1.000000000
0.978771700 0.000004273 0.500000000 1.000000000
0.978771700 0.000004273 0.500000000 1.000000000
0.978771700 0.000004273 0.500000000 1.000000000
0.978771700 0.000004273 0.500000000 1.000000000
0.978771700 0.000004273 0.500000000 1.000000000
1.024496023 0.000004297 0.500000000 1.000000000
1.024496023 0.000004297 0.500000000 1.000000000
1.024496023 0.000004297 0.500000000 1.000000000
1.024496023 0.000004297 0.500000000 1.000000000
1.024496023 0.000004297 0.500000000 1.000000000
1.054567644 0.000004248 0.500000000 1.000000000
1.054567644 0.000004248 0.500000000 1.000000000
1.054567644 0.000004248 0.500000000 1.000000000
1.169768157 0.000004333 0.500000000 1.000000000
1.169768157 0.000004333 0.500000000 1.000000000
1.272716892 0.000004317 0.500000000 1.000000000
1.314624116 0.000004284 0.500000000 1.000000000
1.265049281 0.000004298 0.500000000 1.000000000
1.265049281 0.000004298 0.500000000 1.000000000
1.248419394 0.000004335 0.500000000 1.000000000
1.296976240 0.000004283 0.500000000 1.000000000
1.296976240 0.000004283 0.500000000 1.000000000
1.296976240 0.000004283 0.500000000 1.000000000
1.296976240 0.000004283 0.500000000 1.000000000
1.296976240 0.000004283 0.500000000 1.000000000
1.296976240 0.000004283 0.500000000 1.000000000
1.296976240 0.000004283 0.500000000 1.000000000
0.637980073 0.000003930 0.500000000 1.000000000
0.695801723 0.000003951 0.500000000 1.000000000
0.695801723 0.000003951 0.500000000 1.000000000
0.695801723 0.000003951 0.500000000 1.000000000
0.695801723 0.000003951 0.500000000 1.000000000
0.695801723 0.000003951 0.500000000 1.000000000
0.718970384 0.000004056 0.500000000 1.000000000
0.718970384 0.000004056 0.500000000 1.000000000
0.718970384 0.000004056 0.500000000 1.000000000
0.718970384 0.000004056 0.500000000 1.000000000
0.718970384 0.000004056 0.500000000 1.000000000
0.718970384 0.000004056 0.500000000 1.000000000
0.718970384 0.000004056 0.500000000 1.000000000
0.728448111 0.000003978 0.500000000 1.000000000
0.728448111 0.000003978 0.500000000 1.000000000
0.779208393 0.000004042 0.500000000 1.000000000
0.779208393 0.000004042 0.500000000 1.000000000
0.862433608 0.000004083 0.500000000 1.000000000
0.862433608 0.000004083 0.500000000 1.000000000
0.913988083 0.000004226 0.500000000 1.000000000
0.883662627 0.000004298 0.500000000 1.000000000
0.883662627 0.000004298 0.500000000 1.000000000
0.883662627 0.000004298 0.500000000 1.000000000
0.883662627 0.000004298 0.500000000 1.000000000
0.894406429 0.000004282 0.500000000 1.000000000
0.976405864 0.000004276 0.500000000 1.000000000
0.976405864 0.000004276 0.500000000 1.000000000
1.012911526 0.000004330 0.500000000 1.000000000
1.012911526 0.000004330 0.500000000 1.000000000
1.012911526 0.000004330 0.500000000 1.000000000
1.012911526 0.000004330 0.500000000 1.000000000
1.024390478 0.000004248 0.500000000 1.000000000
1.024390478 0.000004248 0.500000000 1.000000000
1.024390478 0.000004248 0.500000000 1.000000000
1.024390478 0.000004248 0.500000000 1.000000000
1.024390478 0.000004248 0.500000000 1.000000000
1.024390478 0.000004248 0.500000000 1.000000000
1.024390478 0.000004248 0.500000000 1.000000000
1.024390478 0.000004248 0.500000000 1.000000000
1.136096494 0.000004179 0.500000000 1.000000000
1.136096494 0.000004179 0.500000000 1.000000000
1.204885293 0.000004206 0.500000000 1.000000000
1.204885293 0.000004206 0.500000000 1.000000000
1.195359298 0.000004193 0.500000000 1.000000000
1.263423690 0.000004197 0.500000000 1.000000000
1.263423690 0.000004197 0.500000000 1.000000000
1.263423690 0.000004197 0.500000000 1.000000000
1.263423690 0.000004197 0.500000000 1.000000000
1.263423690 0.000004197 0.500000000 1.000000000
1.263423690 0.000004197 0.500000000 1.000000000
1.263423690 0.000004197 0.500000000 1.000000000
1.263423690 0.000004197 0.500000000 1.000000000
1.263423690 0.000004197 0.500000000 1.000000000
1.263423690 0.000004197 0.500000000 1.000000000
1.263423690 0.000004197 0.500000000 1.000000000
1.263423690 0.000004197 0.500000000 1.000000000
1.263423690 0.000004197 0.500000000 1.000000000
1.263423690 0.000004197 0.500000000 1.000000000
1.263423690 0.000004197 0.500000000 1.000000000
1.263423690 0.000004197 0.500000000 1.000000000
1.263423690 0.000004197 0.500000000 1.000000000
1.263423690 0.000004197 0.500000000 1.000000000
1.263423690 0.000004197 0.500000000 1.000000000
1.263423690 0.000004197 0.500000000 1.000000000
1.263423690 0.000004197 0.500000000 1.000000000
1.263423690 0.000004197 0.500000000 1.000000000
1.263423690 0.000004197 0.500000000 1.000000000
1.263423690 0.000004197 0.500000000 1.000000000
1.263423690 0.000004197 0.500000000 1.000000000
1.263423690 0.000004197 0.500000000 1.000000000
1.263423690 0.000004197 0.500000000 1.000000000
1.263423690 0.000004197 0.500000000 1.000000000
1.263423690 0.000004197 0.500000000 1.000000000
1.263423690 0.000004197 0.500000000 1.000000000
1.263423690 0.000004197 0.500000000 1.000000000
1.263423690 0.000004197 0.500000000 1.000000000
1.263423690 0.000004197 0.500000000 1.000000000
1.263423690 0.000004197 0.500000000 1.000000000
1.263423690 0.000004197 0.500000000 1.000000000
1.263423690 0.000004197 0.500000000 1.000000000
1.263423690 0.000004197 0.500000000 1.000000000
1.263423690 0.000004197 0.500000000 1.000000000
1.263423690 0.000004197 0.500000000 1.000000000
1.263423690 0.000004197 0.500000000 1.000000000
1.263423690 0.000004197 0.500000000 1.000000000
1.263423690 0.000004197 0.500000000 1.000000000
1.263423690 0.000004197 0.500000000 1.000000000
1.263423690 0.000004197 0.500000000 1.000000000
1.263423690 0.000004197 0.500000000 1.000000000
1.263423690 0.000004197 0.500000000 1.000000000
1.263423690 0.000004197 0.500000000 1.000000000
1.263423690 0.000004197 0.500000000 1.000000000
1.263423690 0.000004197 0.500000000 1.000000000
1.263423690 0.000004197 0.500000000 1.000000000
1.263423690 0.000004197 0.500000000 1.000000000
1.263423690 0.000004197 0.500000000 1.000000000
