
\samples: 4166
	stepsize_vec: [  6.00000000e-02   8.00000000e-08   4.00000000e-02   4.00000000e-02
   8.00000000e-03   8.00000000e-03]
	step_ratio_vec: [ 0.02  0.02  0.02  0.02  0.02  0.02]
	swap interval: 416
	Initial_proposed_vec: [  2.25747636e+00   6.22337511e-06   1.91540863e+00   1.97580946e+00
   8.46940192e-01   6.22775930e-01]
\samples: 4166
	stepsize_vec: [  6.00000000e-02   8.00000000e-08   4.00000000e-02   4.00000000e-02
   8.00000000e-03   8.00000000e-03]
	step_ratio_vec: [ 0.02  0.02  0.02  0.02  0.02  0.02]
	swap interval: 416
	Initial_proposed_vec: [  2.25747636e+00   6.22337511e-06   1.91540863e+00   1.97580946e+00
   8.46940192e-01   6.22775930e-01]
\samples: 4166
	stepsize_vec: [  6.00000000e-02   8.00000000e-08   4.00000000e-02   4.00000000e-02
   8.00000000e-03   8.00000000e-03]
	step_ratio_vec: [ 0.02  0.02  0.02  0.02  0.02  0.02]
	swap interval: 416
	Initial_proposed_vec: [  2.25747636e+00   6.22337511e-06   1.91540863e+00   1.97580946e+00
   8.46940192e-01   6.22775930e-01]
\samples: 4166
	stepsize_vec: [  6.00000000e-02   8.00000000e-08   4.00000000e-02   4.00000000e-02
   8.00000000e-03   8.00000000e-03]
	step_ratio_vec: [ 0.02  0.02  0.02  0.02  0.02  0.02]
	swap interval: 416
	Initial_proposed_vec: [  2.25747636e+00   6.22337511e-06   1.91540863e+00   1.97580946e+00
   8.46940192e-01   6.22775930e-01]
\samples: 4166
	stepsize_vec: [  6.00000000e-02   8.00000000e-08   4.00000000e-02   4.00000000e-02
   8.00000000e-03   8.00000000e-03]
	step_ratio_vec: [ 0.02  0.02  0.02  0.02  0.02  0.02]
	swap interval: 416
	Initial_proposed_vec: [  2.25747636e+00   6.22337511e-06   1.91540863e+00   1.97580946e+00
   8.46940192e-01   6.22775930e-01]
\samples: 4166
	stepsize_vec: [  6.00000000e-02   8.00000000e-08   4.00000000e-02   4.00000000e-02
   8.00000000e-03   8.00000000e-03]
	step_ratio_vec: [ 0.02  0.02  0.02  0.02  0.02  0.02]
	swap interval: 416
	Initial_proposed_vec: [  2.25747636e+00   6.22337511e-06   1.91540863e+00   1.97580946e+00
   8.46940192e-01   6.22775930e-01]
\samples: 4166
	stepsize_vec: [  6.00000000e-02   8.00000000e-08   4.00000000e-02   4.00000000e-02
   8.00000000e-03   8.00000000e-03]
	step_ratio_vec: [ 0.02  0.02  0.02  0.02  0.02  0.02]
	swap interval: 416
	Initial_proposed_vec: [  2.25747636e+00   6.22337511e-06   1.91540863e+00   1.97580946e+00
   8.46940192e-01   6.22775930e-01]
\samples: 4166
	stepsize_vec: [  6.00000000e-02   8.00000000e-08   4.00000000e-02   4.00000000e-02
   8.00000000e-03   8.00000000e-03]
	step_ratio_vec: [ 0.02  0.02  0.02  0.02  0.02  0.02]
	swap interval: 416
	Initial_proposed_vec: [  2.25747636e+00   6.22337511e-06   1.91540863e+00   1.97580946e+00
   8.46940192e-01   6.22775930e-01]
\samples: 4166
	stepsize_vec: [  6.00000000e-02   8.00000000e-08   4.00000000e-02   4.00000000e-02
   8.00000000e-03   8.00000000e-03]
	step_ratio_vec: [ 0.02  0.02  0.02  0.02  0.02  0.02]
	swap interval: 416
	Initial_proposed_vec: [  2.25747636e+00   6.22337511e-06   1.91540863e+00   1.97580946e+00
   8.46940192e-01   6.22775930e-01]
\samples: 4166
	stepsize_vec: [  6.00000000e-02   8.00000000e-08   4.00000000e-02   4.00000000e-02
   8.00000000e-03   8.00000000e-03]
	step_ratio_vec: [ 0.02  0.02  0.02  0.02  0.02  0.02]
	swap interval: 416
	Initial_proposed_vec: [  2.25747636e+00   6.22337511e-06   1.91540863e+00   1.97580946e+00
   8.46940192e-01   6.22775930e-01]
\samples: 4166
	stepsize_vec: [  6.00000000e-02   8.00000000e-08   4.00000000e-02   4.00000000e-02
   8.00000000e-03   8.00000000e-03]
	step_ratio_vec: [ 0.02  0.02  0.02  0.02  0.02  0.02]
	swap interval: 416
	Initial_proposed_vec: [  2.25747636e+00   6.22337511e-06   1.91540863e+00   1.97580946e+00
   8.46940192e-01   6.22775930e-01]
\samples: 4166
	stepsize_vec: [  6.00000000e-02   8.00000000e-08   4.00000000e-02   4.00000000e-02
   8.00000000e-03   8.00000000e-03]
	step_ratio_vec: [ 0.02  0.02  0.02  0.02  0.02  0.02]
	swap interval: 416
	Initial_proposed_vec: [  2.25747636e+00   6.22337511e-06   1.91540863e+00   1.97580946e+00
   8.46940192e-01   6.22775930e-01]
\samples: 4166
	stepsize_vec: [  6.00000000e-02   8.00000000e-08   4.00000000e-02   4.00000000e-02
   8.00000000e-03   8.00000000e-03]
	step_ratio_vec: [ 0.02  0.02  0.02  0.02  0.02  0.02]
	swap interval: 416
	Initial_proposed_vec: [  2.25747636e+00   6.22337511e-06   1.91540863e+00   1.97580946e+00
   8.46940192e-01   6.22775930e-01]
\samples: 4166
	stepsize_vec: [  6.00000000e-02   8.00000000e-08   4.00000000e-02   4.00000000e-02
   8.00000000e-03   8.00000000e-03]
	step_ratio_vec: [ 0.02  0.02  0.02  0.02  0.02  0.02]
	swap interval: 416
	Initial_proposed_vec: [  2.25747636e+00   6.22337511e-06   1.91540863e+00   1.97580946e+00
   8.46940192e-01   6.22775930e-01]
\samples: 4166
	stepsize_vec: [  6.00000000e-02   8.00000000e-08   4.00000000e-02   4.00000000e-02
   8.00000000e-03   8.00000000e-03]
	step_ratio_vec: [ 0.02  0.02  0.02  0.02  0.02  0.02]
	swap interval: 416
	Initial_proposed_vec: [  2.25747636e+00   6.22337511e-06   1.91540863e+00   1.97580946e+00
   8.46940192e-01   6.22775930e-01]
\samples: 4166
	stepsize_vec: [  6.00000000e-02   8.00000000e-08   4.00000000e-02   4.00000000e-02
   8.00000000e-03   8.00000000e-03]
	step_ratio_vec: [ 0.02  0.02  0.02  0.02  0.02  0.02]
	swap interval: 416
	Initial_proposed_vec: [  2.25747636e+00   6.22337511e-06   1.91540863e+00   1.97580946e+00
   8.46940192e-01   6.22775930e-01]
\samples: 4166
	stepsize_vec: [  6.00000000e-02   8.00000000e-08   4.00000000e-02   4.00000000e-02
   8.00000000e-03   8.00000000e-03]
	step_ratio_vec: [ 0.02  0.02  0.02  0.02  0.02  0.02]
	swap interval: 416
	Initial_proposed_vec: [  2.25747636e+00   6.22337511e-06   1.91540863e+00   1.97580946e+00
   8.46940192e-01   6.22775930e-01]
\samples: 4166
	stepsize_vec: [  6.00000000e-02   8.00000000e-08   4.00000000e-02   4.00000000e-02
   8.00000000e-03   8.00000000e-03]
	step_ratio_vec: [ 0.02  0.02  0.02  0.02  0.02  0.02]
	swap interval: 416
	Initial_proposed_vec: [  2.25747636e+00   6.22337511e-06   1.91540863e+00   1.97580946e+00
   8.46940192e-01   6.22775930e-01]
\samples: 4166
	stepsize_vec: [  6.00000000e-02   8.00000000e-08   4.00000000e-02   4.00000000e-02
   8.00000000e-03   8.00000000e-03]
	step_ratio_vec: [ 0.02  0.02  0.02  0.02  0.02  0.02]
	swap interval: 416
	Initial_proposed_vec: [  2.25747636e+00   6.22337511e-06   1.91540863e+00   1.97580946e+00
   8.46940192e-01   6.22775930e-01]
\samples: 4166
	stepsize_vec: [  6.00000000e-02   8.00000000e-08   4.00000000e-02   4.00000000e-02
   8.00000000e-03   8.00000000e-03]
	step_ratio_vec: [ 0.02  0.02  0.02  0.02  0.02  0.02]
	swap interval: 416
	Initial_proposed_vec: [  2.25747636e+00   6.22337511e-06   1.91540863e+00   1.97580946e+00
   8.46940192e-01   6.22775930e-01]
\samples: 4166
	stepsize_vec: [  6.00000000e-02   8.00000000e-08   4.00000000e-02   4.00000000e-02
   8.00000000e-03   8.00000000e-03]
	step_ratio_vec: [ 0.02  0.02  0.02  0.02  0.02  0.02]
	swap interval: 416
	Initial_proposed_vec: [  2.25747636e+00   6.22337511e-06   1.91540863e+00   1.97580946e+00
   8.46940192e-01   6.22775930e-01]
\samples: 4166
	stepsize_vec: [  6.00000000e-02   8.00000000e-08   4.00000000e-02   4.00000000e-02
   8.00000000e-03   8.00000000e-03]
	step_ratio_vec: [ 0.02  0.02  0.02  0.02  0.02  0.02]
	swap interval: 416
	Initial_proposed_vec: [  2.25747636e+00   6.22337511e-06   1.91540863e+00   1.97580946e+00
   8.46940192e-01   6.22775930e-01]
\samples: 4166
	stepsize_vec: [  6.00000000e-02   8.00000000e-08   4.00000000e-02   4.00000000e-02
   8.00000000e-03   8.00000000e-03]
	step_ratio_vec: [ 0.02  0.02  0.02  0.02  0.02  0.02]
	swap interval: 416
	Initial_proposed_vec: [  2.25747636e+00   6.22337511e-06   1.91540863e+00   1.97580946e+00
   8.46940192e-01   6.22775930e-01]
\samples: 4166
	stepsize_vec: [  6.00000000e-02   8.00000000e-08   4.00000000e-02   4.00000000e-02
   8.00000000e-03   8.00000000e-03]
	step_ratio_vec: [ 0.02  0.02  0.02  0.02  0.02  0.02]
	swap interval: 416
	Initial_proposed_vec: [  2.25747636e+00   6.22337511e-06   1.91540863e+00   1.97580946e+00
   8.46940192e-01   6.22775930e-01]