-10000.00 -10000.00
-3155.27 -10000.00
-3157.69 -10000.00
-3142.85 -10000.00
-3142.34 -10000.00
-3148.41 -10000.00
-3170.19 -10000.00
-3153.82 -10000.00
-3156.12 -10000.00
-3149.71 -10000.00
-3142.63 -10000.00
-3200.96 -10000.00
-3141.51 -10000.00
-3148.60 -10000.00
-3158.37 -10000.00
-3138.72 -3138.72
-3149.45 -3138.72
-3183.36 -3138.72
-3153.15 -3138.72
-3106.49 -3106.49
-3132.48 -3106.49
-3137.58 -3106.49
-3120.80 -3106.49
-3131.29 -3106.49
-3104.19 -3104.19
-3113.24 -3104.19
-3121.38 -3104.19
-3128.11 -3104.19
-3116.86 -3104.19
-3092.57 -3092.57
-3066.49 -3066.49
-3016.92 -3016.92
-3017.03 -3017.03
-3036.53 -3017.03
-3028.31 -3017.03
-3028.05 -3017.03
-3099.95 -3017.03
-3018.74 -3017.03
-3053.11 -3017.03
-3060.02 -3017.03
-3013.51 -3013.51
-3066.67 -3013.51
-2997.46 -2997.46
-3053.04 -2997.46
-3092.13 -2997.46
-2998.49 -2998.49
-3091.12 -2998.49
-3044.80 -2998.49
-3080.41 -2998.49
-2963.73 -2963.73
-3009.73 -2963.73
-2935.73 -2935.73
-2908.95 -2908.95
-2963.68 -2908.95
-2876.98 -2876.98
-2931.47 -2876.98
-3029.31 -2876.98
-2944.93 -2876.98
-3021.84 -2876.98
-2891.45 -2876.98
-2911.87 -2876.98
-2964.79 -2876.98
-3030.31 -2876.98
-3004.66 -2876.98
-3003.69 -2876.98
-2870.79 -2870.79
-3032.85 -2870.79
-2950.40 -2870.79
-2988.73 -2870.79
-2912.48 -2870.79
-3011.03 -2870.79
-2910.36 -2870.79
-2998.79 -2870.79
-2875.03 -2870.79
-2897.33 -2870.79
-3106.95 -2870.79
-2933.20 -2870.79
-2879.85 -2870.79
-3033.57 -2870.79
-2981.71 -2870.79
-2900.74 -2870.79
-2975.67 -2870.79
-2896.30 -2870.79
-2964.53 -2870.79
-3025.11 -2870.79
-3052.85 -2870.79
-2965.16 -2870.79
-3004.14 -2870.79
-2919.12 -2870.79
-2842.38 -2842.38
-2918.32 -2842.38
-2986.04 -2842.38
-3001.83 -2842.38
-3052.31 -2842.38
-2997.16 -2842.38
-2877.14 -2842.38
-3029.39 -2842.38
-2952.20 -2842.38
-2969.91 -2842.38
-2978.11 -2842.38
-2933.64 -2842.38
-3023.06 -2842.38
-2873.75 -2842.38
-3006.60 -2842.38
-2956.49 -2842.38
-2914.05 -2842.38
-3042.84 -2842.38
-3042.47 -2842.38
-3029.32 -2842.38
-2853.04 -2842.38
-3017.85 -2842.38
-2902.89 -2842.38
-2828.75 -2828.75
-2836.15 -2828.75
-2977.85 -2828.75
-2906.72 -2828.75
-3023.58 -2828.75
-3035.67 -2828.75
-2975.49 -2828.75
-3056.43 -2828.75
-3026.88 -2828.75
-2989.35 -2828.75
-2928.47 -2828.75
-2953.78 -2828.75
-2937.37 -2828.75
-2928.93 -2828.75
-2997.29 -2828.75
-2930.11 -2828.75
-2995.76 -2828.75
-2708.69 -2708.69
-2968.21 -2708.69
-3053.07 -2708.69
-2943.81 -2708.69
-3019.13 -2708.69
-2736.06 -2708.69
-2900.98 -2708.69
-2748.03 -2708.69
-2828.63 -2708.69
-3004.88 -2708.69
-2755.51 -2708.69
-2880.98 -2708.69
-2982.85 -2708.69
-2904.23 -2708.69
-3044.78 -2708.69
-2924.44 -2708.69
-2830.00 -2708.69
-2817.58 -2708.69
-3007.90 -2708.69
-2955.20 -2708.69
-2943.07 -2708.69
-2959.22 -2708.69
-2918.87 -2708.69
-2901.23 -2708.69
-3001.68 -2708.69
-2812.31 -2708.69
-2964.34 -2708.69
-2987.96 -2708.69
-2899.21 -2708.69
-2984.52 -2708.69
-2709.96 -2708.69
-2908.03 -2708.69
-2935.11 -2708.69
-2977.22 -2708.69
-2724.26 -2708.69
-2999.33 -2708.69
-2984.34 -2708.69
-2878.09 -2708.69
-3083.63 -2708.69
-3012.03 -2708.69
-2807.23 -2708.69
-2814.70 -2708.69
-3063.60 -2708.69
-3001.65 -2708.69
-2912.48 -2708.69
-2854.59 -2708.69
-2908.60 -2708.69
-2915.92 -2708.69
-2977.49 -2708.69
-2715.53 -2708.69
-2816.39 -2708.69
-2944.82 -2708.69
-3041.91 -2708.69
-2871.29 -2708.69
-2838.15 -2708.69
-2894.60 -2708.69
-2961.47 -2708.69
-3003.23 -2708.69
-2991.10 -2708.69
-2924.26 -2708.69
-2815.30 -2708.69
-3030.30 -2708.69
-2887.28 -2708.69
-2939.75 -2708.69
-2886.13 -2708.69
-2994.81 -2708.69
-2838.77 -2708.69
-2743.95 -2708.69
-2838.93 -2708.69
-2883.96 -2708.69
-2825.26 -2708.69
-3011.39 -2708.69
-2895.23 -2708.69
-2912.85 -2708.69
-2872.42 -2708.69
-2913.85 -2708.69
-2981.40 -2708.69
-2922.26 -2708.69
-2933.68 -2708.69
-2963.76 -2708.69
-2848.76 -2708.69
-2929.84 -2708.69
-2811.22 -2708.69
-2822.76 -2708.69
-2789.85 -2708.69
-2862.01 -2708.69
-2961.13 -2708.69
-2919.68 -2708.69
-2953.83 -2708.69
-2827.78 -2708.69
-2886.88 -2708.69
-2880.67 -2708.69
-2924.94 -2708.69
-3076.80 -2708.69
-2794.40 -2708.69
-2974.14 -2708.69
-3035.89 -2708.69
-3003.02 -2708.69
-2802.45 -2708.69
-2808.45 -2708.69
-2894.71 -2708.69
-2841.76 -2708.69
-2883.95 -2708.69
-2786.34 -2708.69
-2979.85 -2708.69
-2927.47 -2708.69
-3007.68 -2708.69
-2886.55 -2708.69
-3045.17 -2708.69
-2803.36 -2708.69
-3023.25 -2708.69
-2806.23 -2708.69
-2669.31 -2669.31
-2816.79 -2669.31
-2913.00 -2669.31
-3011.71 -2669.31
-2880.90 -2669.31
-2843.93 -2669.31
-2768.48 -2669.31
-2842.49 -2669.31
-2823.33 -2669.31
-2950.24 -2669.31
-3007.52 -2669.31
-2994.94 -2669.31
-2711.18 -2669.31
-2902.69 -2669.31
-2852.73 -2669.31
-2929.43 -2669.31
-2940.60 -2669.31
-3075.95 -2669.31
-2902.04 -2669.31
-2851.38 -2669.31
-3049.22 -2669.31
-2906.49 -2669.31
-2843.95 -2669.31
-2972.23 -2669.31
-3023.19 -2669.31
-2760.84 -2669.31
-2825.97 -2669.31
-2712.93 -2669.31
-2954.16 -2669.31
-2919.70 -2669.31
-2840.13 -2669.31
-2819.62 -2669.31
-3005.78 -2669.31
-2913.45 -2669.31
-2815.28 -2669.31
-2932.71 -2669.31
-2916.25 -2669.31
-2826.58 -2669.31
-2771.16 -2669.31
-3006.63 -2669.31
-2837.32 -2669.31
-3018.79 -2669.31
-2800.04 -2669.31
-2757.17 -2669.31
-2985.04 -2669.31
-2901.69 -2669.31
-2782.35 -2669.31
-2894.41 -2669.31
-2989.70 -2669.31
-2866.65 -2669.31
-2957.45 -2669.31
-2901.84 -2669.31
-3026.27 -2669.31
-2848.69 -2669.31
-2850.99 -2669.31
-2896.62 -2669.31
-2942.87 -2669.31
-3063.52 -2669.31
-3057.17 -2669.31
-2936.66 -2669.31
-2971.38 -2669.31
-3023.64 -2669.31
-2949.44 -2669.31
-3083.42 -2669.31
-2905.58 -2669.31
-2887.17 -2669.31
-2864.62 -2669.31
-2813.72 -2669.31
-2959.51 -2669.31
-2923.55 -2669.31
-2875.90 -2669.31
-2900.63 -2669.31
-2781.65 -2669.31
-2907.03 -2669.31
-2862.57 -2669.31
-2953.20 -2669.31
-2978.38 -2669.31
-2952.73 -2669.31
-2889.78 -2669.31
-2937.57 -2669.31
-2994.84 -2669.31
-2976.15 -2669.31
-2985.85 -2669.31
-2800.03 -2669.31
-2813.89 -2669.31
-2975.02 -2669.31
-2881.84 -2669.31
-2903.34 -2669.31
-2981.45 -2669.31
-2960.06 -2669.31
-2901.31 -2669.31
-2925.88 -2669.31
-2862.91 -2669.31
-2867.76 -2669.31
-3015.42 -2669.31
-2702.76 -2669.31
-2535.44 -2535.44
-2955.02 -2535.44
-2946.00 -2535.44
-2909.12 -2535.44
-2963.73 -2535.44
-2798.24 -2535.44
-2744.93 -2535.44
-2910.90 -2535.44
-2903.97 -2535.44
-2726.33 -2535.44
-2722.62 -2535.44
-2990.72 -2535.44
-2930.73 -2535.44
-2864.16 -2535.44
-2728.38 -2535.44
-2855.33 -2535.44
-2980.91 -2535.44
-3016.35 -2535.44
-2778.11 -2535.44
-2819.30 -2535.44
-2715.32 -2535.44
-2982.55 -2535.44
-3008.15 -2535.44
-2938.05 -2535.44
-2877.82 -2535.44
-3070.95 -2535.44
-2990.65 -2535.44
-2665.30 -2535.44
-2986.93 -2535.44
-2766.51 -2535.44
-2800.56 -2535.44
-2905.77 -2535.44
-2802.99 -2535.44
-2958.38 -2535.44
-2946.02 -2535.44
-2747.86 -2535.44
-2789.15 -2535.44
-2905.08 -2535.44
-2946.03 -2535.44
-2974.08 -2535.44
-2843.76 -2535.44
-2589.19 -2535.44
-2755.23 -2535.44
-3010.27 -2535.44
-2663.19 -2535.44
-2880.55 -2535.44
-2847.97 -2535.44
-2802.94 -2535.44
-2869.08 -2535.44
-2994.76 -2535.44
-2874.53 -2535.44
-2940.56 -2535.44
-2630.91 -2535.44
-2861.27 -2535.44
-2935.87 -2535.44
-2677.04 -2535.44
-2757.19 -2535.44
-2600.65 -2535.44
-2896.34 -2535.44
-3022.64 -2535.44
-2692.38 -2535.44
-2791.99 -2535.44
-2753.10 -2535.44
-2966.35 -2535.44
-2968.62 -2535.44
-3006.16 -2535.44
-2759.53 -2535.44
-2868.84 -2535.44
-2637.35 -2535.44
-2783.42 -2535.44
-3066.29 -2535.44
-2832.41 -2535.44
-2751.80 -2535.44
-3010.20 -2535.44
-2817.19 -2535.44
-2761.16 -2535.44
-2630.03 -2535.44
-2782.88 -2535.44
-3043.82 -2535.44
-2775.50 -2535.44
-3020.08 -2535.44
-3128.63 -3128.63
-3098.45 -3098.45
-3067.43 -3067.43
-3112.62 -3067.43
-3054.36 -3054.36
-2989.72 -2989.72
-3129.96 -2989.72
-3060.06 -2989.72
-3069.12 -2989.72
-3065.35 -2989.72
-2999.63 -2989.72
-3064.06 -2989.72
-3046.63 -2989.72
-3083.44 -2989.72
-3064.67 -2989.72
-3050.90 -2989.72
-3039.11 -2989.72
-3016.65 -2989.72
-3047.42 -2989.72
-3067.10 -2989.72
-3049.13 -2989.72
-3094.08 -2989.72
-3085.98 -2989.72
-3091.72 -2989.72
-3031.56 -2989.72
-3022.35 -2989.72
-3031.02 -2989.72
-3002.10 -2989.72
-3129.91 -2989.72
-3028.91 -2989.72
-2951.83 -2951.83
-2964.76 -2951.83
-3045.39 -2951.83
-2972.88 -2951.83
-2965.55 -2951.83
-3048.14 -2951.83
-3001.81 -2951.83
-2957.04 -2951.83
-3006.83 -2951.83
-2938.92 -2938.92
-3036.28 -2938.92
-3056.09 -2938.92
-2986.87 -2938.92
-3002.38 -2938.92
-2992.27 -2938.92
-2933.28 -2933.28
-2957.56 -2933.28
-2973.18 -2933.28
-2933.70 -2933.70
-2940.10 -2933.70
-2972.25 -2933.70
-3025.87 -2933.70
-2987.17 -2933.70
-2986.02 -2933.70
-3064.19 -2933.70
-2926.08 -2926.08
-2933.19 -2926.08
-2929.63 -2926.08
-3053.23 -2926.08
-2969.33 -2926.08
-3113.10 -2926.08
-3003.34 -2926.08
-3045.68 -2926.08
-3015.29 -2926.08
-2992.62 -2926.08
-3046.78 -2926.08
-2976.48 -2926.08
-2902.79 -2902.79
-2952.06 -2902.79
-3059.98 -2902.79
-3024.79 -2902.79
-2884.11 -2884.11
-2902.46 -2884.11
-3060.40 -2884.11
-2802.70 -2802.70
-3041.88 -2802.70
-2988.70 -2802.70
-2944.23 -2802.70
-2865.66 -2802.70
-3029.04 -2802.70
-3014.20 -2802.70
-2960.66 -2802.70
-3043.02 -2802.70
-2903.62 -2802.70
-2818.62 -2802.70
-2886.14 -2802.70
-2894.54 -2802.70
-2961.76 -2802.70
-2861.49 -2802.70
-2849.53 -2802.70
-2818.38 -2802.70
-2989.02 -2802.70
-2921.28 -2802.70
-3040.65 -2802.70
-2810.20 -2802.70
-2972.50 -2802.70
-2993.99 -2802.70
-3051.07 -2802.70
-3007.42 -2802.70
-2889.26 -2802.70
-2907.43 -2802.70
-2902.39 -2802.70
-2933.96 -2802.70
-2944.38 -2802.70
-3030.41 -2802.70
-2924.81 -2802.70
-2901.23 -2802.70
-2959.09 -2802.70
-2987.27 -2802.70
-2903.59 -2802.70
-2916.53 -2802.70
-2931.22 -2802.70
-2925.04 -2802.70
-2996.17 -2802.70
-2885.09 -2802.70
-2895.86 -2802.70
-2956.42 -2802.70
-2966.47 -2802.70
-2888.86 -2802.70
-3019.70 -2802.70
-2845.08 -2802.70
-2916.23 -2802.70
-2940.49 -2802.70
-2892.72 -2802.70
-2949.44 -2802.70
-2895.69 -2802.70
-3094.93 -2802.70
-2853.73 -2802.70
-2835.98 -2802.70
-2895.36 -2802.70
-3032.45 -2802.70
-2903.29 -2802.70
-2953.47 -2802.70
-2799.97 -2799.97
-2952.99 -2799.97
-2834.23 -2799.97
-3045.79 -2799.97
-3005.24 -2799.97
-2902.20 -2799.97
-2872.85 -2799.97
-2908.31 -2799.97
-2963.12 -2799.97
-3027.10 -2799.97
-3053.03 -2799.97
-2955.64 -2799.97
-2899.65 -2799.97
-2919.17 -2799.97
-3011.37 -2799.97
-2950.12 -2799.97
-3002.44 -2799.97
-2869.67 -2799.97
-2888.47 -2799.97
-2991.92 -2799.97
-2940.84 -2799.97
-3030.03 -2799.97
-2962.17 -2799.97
-2969.05 -2799.97
-3070.67 -2799.97
-2948.92 -2799.97
-3030.93 -2799.97
-2942.74 -2799.97
-2944.70 -2799.97
-3039.24 -2799.97
-3044.12 -2799.97
-3036.04 -2799.97
-2896.54 -2799.97
-3049.69 -2799.97
-2867.82 -2799.97
-2865.84 -2799.97
-3119.60 -2799.97
-2890.92 -2799.97
-2862.20 -2799.97
-2971.28 -2799.97
-3012.41 -2799.97
-2932.50 -2799.97
-2983.12 -2799.97
-2948.68 -2799.97
-3082.69 -2799.97
-2890.16 -2799.97
-2986.00 -2799.97
-2880.85 -2799.97
-2927.95 -2799.97
-2927.22 -2799.97
-2997.60 -2799.97
-2804.61 -2799.97
-2999.63 -2799.97
-2946.78 -2799.97
-2924.52 -2799.97
-2910.79 -2799.97
-2941.92 -2799.97
-2968.30 -2799.97
-2954.94 -2799.97
-2906.53 -2799.97
-2960.50 -2799.97
-2917.31 -2799.97
-2847.36 -2799.97
-3087.08 -2799.97
-2968.95 -2799.97
-3060.73 -2799.97
-2894.61 -2799.97
-3034.31 -2799.97
-2913.62 -2799.97
-2922.68 -2799.97
-2931.29 -2799.97
-2891.70 -2799.97
-2862.38 -2799.97
-3008.87 -2799.97
-2959.44 -2799.97
-3015.28 -2799.97
-2979.53 -2799.97
-3043.65 -2799.97
-2898.35 -2799.97
-3046.09 -2799.97
-3024.51 -2799.97
-2898.03 -2799.97
-3024.26 -2799.97
-2956.74 -2799.97
-3053.96 -2799.97
-2907.40 -2799.97
-2879.04 -2799.97
-3047.96 -2799.97
-3030.41 -2799.97
-2855.32 -2799.97
-3031.63 -2799.97
-2913.58 -2799.97
-2922.98 -2799.97
-3012.77 -2799.97
-2877.22 -2799.97
-3069.18 -2799.97
-3020.82 -2799.97
-3041.50 -2799.97
-2917.87 -2799.97
-2961.94 -2799.97
-2979.87 -2799.97
-2892.08 -2799.97
-2969.58 -2799.97
-2941.08 -2799.97
-3080.17 -2799.97
-2918.87 -2799.97
-2982.57 -2799.97
-2948.82 -2799.97
-3072.45 -2799.97
-3074.01 -2799.97
-3012.01 -2799.97
-2914.14 -2799.97
-2934.91 -2799.97
-2842.62 -2799.97
-2883.45 -2799.97
-2973.40 -2799.97
-2913.19 -2799.97
-2928.00 -2799.97
-2967.62 -2799.97
-2937.47 -2799.97
-2945.90 -2799.97
-2921.37 -2799.97
-2936.62 -2799.97
-3017.54 -2799.97
-2957.46 -2799.97
-2859.13 -2799.97
-2845.46 -2799.97
-3026.08 -2799.97
-2926.96 -2799.97
-3054.81 -2799.97
-2837.93 -2799.97
-2868.83 -2799.97
-2988.71 -2799.97
-2961.47 -2799.97
-2823.43 -2799.97
-3026.91 -2799.97
-2923.15 -2799.97
-2862.96 -2799.97
-2941.46 -2799.97
-3004.66 -2799.97
-2847.89 -2799.97
-2819.47 -2799.97
-2925.60 -2799.97
-2968.29 -2799.97
-3037.53 -2799.97
-3047.47 -2799.97
-2903.18 -2799.97
-2901.66 -2799.97
-2858.99 -2799.97
-3039.00 -2799.97
-2921.19 -2799.97
-2856.54 -2799.97
-2956.47 -2799.97
-2949.27 -2799.97
-3013.06 -2799.97
-2953.88 -2799.97
-2948.57 -2799.97
-3000.08 -2799.97
-2956.18 -2799.97
-2935.21 -2799.97
-3036.87 -2799.97
-2958.08 -2799.97
-2885.99 -2799.97
-2956.90 -2799.97
-2871.15 -2799.97
-3041.54 -2799.97
-3034.06 -2799.97
-3023.92 -2799.97
-2874.32 -2799.97
-2978.24 -2799.97
-2862.42 -2799.97
-2874.28 -2799.97
-2838.82 -2799.97
-2898.42 -2799.97
-2770.28 -2770.28
-3046.60 -2770.28
-3058.14 -2770.28
-2860.78 -2770.28
-2869.17 -2770.28
-2989.79 -2770.28
-2987.25 -2770.28
-2974.12 -2770.28
-2839.67 -2770.28
-3023.70 -2770.28
-2831.41 -2770.28
-2935.81 -2770.28
-2877.95 -2770.28
-2929.71 -2770.28
-3015.07 -2770.28
-2898.27 -2770.28
-2819.11 -2770.28
-2982.53 -2770.28
-2924.66 -2770.28
-3027.50 -2770.28
-2941.39 -2770.28
-2899.34 -2770.28
-2794.77 -2770.28
-2811.48 -2770.28
-2844.14 -2770.28
-2925.39 -2770.28
-3013.25 -2770.28
-2920.96 -2770.28
-2967.21 -2770.28
-2914.40 -2770.28
-2987.59 -2770.28
-2950.64 -2770.28
-2992.24 -2770.28
-3029.43 -2770.28
-2976.21 -2770.28
-2967.15 -2770.28
-2977.52 -2770.28
-2826.05 -2770.28
-2944.81 -2770.28
-2902.27 -2770.28
-2915.94 -2770.28
-2934.05 -2770.28
-2884.51 -2770.28
-2981.60 -2770.28
-3074.44 -2770.28
-2850.62 -2770.28
-2849.95 -2770.28
-2953.66 -2770.28
-2839.75 -2770.28
-2847.95 -2770.28
-2940.72 -2770.28
-3049.77 -2770.28
-2920.58 -2770.28
-2915.38 -2770.28
-3046.23 -2770.28
-2962.60 -2770.28
-2916.51 -2770.28
-3011.34 -2770.28
-2900.16 -2770.28
-3020.85 -2770.28
-2919.85 -2770.28
-2887.62 -2770.28
-2976.74 -2770.28
-2860.99 -2770.28
-2940.80 -2770.28
-2836.63 -2770.28
-3021.34 -2770.28
-2848.65 -2770.28
-3039.98 -2770.28
-2893.59 -2770.28
-2938.84 -2770.28
-3028.74 -2770.28
-2900.14 -2770.28
-2978.97 -2770.28
-2926.74 -2770.28
-2929.82 -2770.28
-2945.52 -2770.28
-3041.20 -2770.28
-2891.68 -2770.28
-3006.97 -2770.28
-2859.08 -2770.28
-3037.70 -2770.28
-2978.74 -2770.28
-3038.12 -2770.28
-2781.86 -2770.28
-2943.52 -2770.28
-3037.35 -2770.28
-2874.24 -2770.28
-2957.02 -2770.28
-2919.22 -2770.28
-3022.26 -2770.28
-2958.61 -2770.28
-2886.18 -2770.28
-2894.54 -2770.28
-2994.12 -2770.28
-2952.45 -2770.28
-2998.85 -2770.28
-2902.42 -2770.28
-2844.60 -2770.28
-2922.19 -2770.28
-2994.93 -2770.28
-2919.16 -2770.28
-2919.39 -2770.28
-2990.80 -2770.28
-2956.25 -2770.28
-2948.10 -2770.28
-2920.95 -2770.28
-3034.23 -2770.28
-2946.66 -2770.28
-3123.20 -3123.20
-3077.73 -3077.73
-3072.05 -3072.05
-3080.27 -3072.05
-3091.91 -3072.05
-3095.36 -3072.05
-3102.16 -3072.05
-3069.12 -3069.12
-3061.69 -3061.69
-3090.45 -3061.69
-3112.71 -3061.69
-2949.17 -2949.17
-3020.64 -2949.17
-3074.57 -2949.17
-3042.95 -2949.17
-2996.97 -2949.17
-3042.64 -2949.17
-3055.49 -2949.17
-3034.69 -2949.17
-3006.96 -2949.17
-3061.06 -2949.17
-3053.16 -2949.17
-3001.95 -2949.17
-3002.34 -2949.17
-3033.26 -2949.17
-3030.95 -2949.17
-3034.54 -2949.17
-2971.62 -2949.17
-3009.36 -2949.17
-2971.93 -2949.17
-3011.54 -2949.17
-2994.41 -2949.17
-3073.88 -2949.17
-3036.90 -2949.17
-3057.31 -2949.17
-3008.28 -2949.17
-3014.00 -2949.17
-3011.51 -2949.17
-2984.89 -2949.17
-3077.07 -2949.17
-2976.97 -2949.17
-2974.53 -2949.17
-3037.17 -2949.17
-2990.91 -2949.17
-3052.79 -2949.17
-3005.82 -2949.17
-3056.34 -2949.17
-3088.23 -2949.17
-3043.65 -2949.17
-2989.88 -2949.17
-2983.30 -2949.17
-3073.88 -2949.17
-3007.92 -2949.17
-3054.62 -2949.17
-3004.43 -2949.17
-3009.88 -2949.17
-3059.44 -2949.17
-2964.37 -2949.17
-3076.32 -2949.17
-3077.38 -2949.17
-2942.75 -2942.75
-3011.47 -2942.75
-2960.71 -2942.75
-2998.42 -2942.75
-3016.52 -2942.75
-3004.14 -2942.75
-3063.61 -2942.75
-3088.24 -2942.75
-2994.93 -2942.75
-3006.65 -2942.75
-2896.56 -2896.56
-3051.29 -2896.56
-2870.15 -2870.15
-2998.48 -2870.15
-2930.16 -2870.15
-2897.80 -2870.15
-2959.17 -2870.15
-2992.59 -2870.15
-2875.27 -2870.15
-2960.35 -2870.15
-2942.98 -2870.15
-2991.55 -2870.15
-3011.61 -2870.15
-2950.59 -2870.15
-2896.46 -2870.15
-3016.54 -2870.15
-2987.43 -2870.15
-2922.74 -2870.15
-3001.60 -2870.15
-2864.61 -2864.61
-2942.84 -2864.61
-2877.11 -2864.61
-2962.63 -2864.61
-3059.76 -2864.61
-2937.13 -2864.61
-2921.90 -2864.61
-2896.82 -2864.61
-3036.67 -2864.61
-3097.31 -2864.61
-2860.11 -2860.11
-2920.70 -2860.11
-2848.08 -2848.08
-2747.31 -2747.31
-2907.93 -2747.31
-2916.36 -2747.31
-2901.30 -2747.31
-3025.56 -2747.31
-2926.27 -2747.31
-2901.78 -2747.31
-2928.40 -2747.31
-2880.28 -2747.31
-2850.57 -2747.31
-2996.11 -2747.31
-3092.94 -2747.31
-2828.64 -2747.31
-3006.32 -2747.31
-2824.19 -2747.31
-2828.15 -2747.31
-2814.01 -2747.31
-2991.26 -2747.31
-3011.60 -2747.31
-2940.52 -2747.31
-3050.40 -2747.31
-2877.09 -2747.31
-2967.35 -2747.31
-3055.25 -2747.31
-2883.36 -2747.31
-2836.52 -2747.31
-2906.81 -2747.31
-2968.53 -2747.31
-2896.49 -2747.31
-2968.03 -2747.31
-2948.88 -2747.31
-2928.94 -2747.31
-2970.40 -2747.31
-2842.31 -2747.31
-2914.55 -2747.31
-2883.54 -2747.31
-2997.14 -2747.31
-2931.36 -2747.31
-2932.00 -2747.31
-2951.45 -2747.31
-2886.65 -2747.31
-2961.32 -2747.31
-2969.63 -2747.31
-2914.38 -2747.31
-2993.57 -2747.31
-2859.30 -2747.31
-2975.55 -2747.31
-3036.73 -2747.31
-2937.04 -2747.31
-2964.98 -2747.31
-2924.64 -2747.31
-2874.69 -2747.31
-2912.16 -2747.31
-2947.53 -2747.31
-2977.28 -2747.31
-2922.73 -2747.31
-2872.46 -2747.31
-2873.46 -2747.31
-3017.23 -2747.31
-2987.79 -2747.31
-2956.00 -2747.31
-2910.85 -2747.31
-3033.67 -2747.31
-2948.32 -2747.31
-2867.85 -2747.31
-2883.33 -2747.31
-2894.43 -2747.31
-2770.35 -2747.31
-2927.21 -2747.31
-2965.06 -2747.31
-2887.78 -2747.31
-2927.67 -2747.31
-2947.31 -2747.31
-2913.85 -2747.31
-2997.42 -2747.31
-2982.32 -2747.31
-2879.18 -2747.31
-2941.32 -2747.31
-3015.32 -2747.31
-2914.14 -2747.31
-2856.28 -2747.31
-3059.97 -2747.31
-2864.73 -2747.31
-2880.79 -2747.31
-2995.84 -2747.31
-3024.11 -2747.31
-3008.31 -2747.31
-2858.63 -2747.31
-2901.93 -2747.31
-2991.22 -2747.31
-2839.79 -2747.31
-2863.42 -2747.31
-2832.46 -2747.31
-2936.87 -2747.31
-2907.02 -2747.31
-2965.91 -2747.31
-2927.15 -2747.31
-2939.96 -2747.31
-2894.19 -2747.31
-2841.51 -2747.31
-3012.45 -2747.31
-2945.96 -2747.31
-2788.00 -2747.31
-3001.39 -2747.31
-2882.67 -2747.31
-2902.16 -2747.31
-2870.98 -2747.31
-3053.29 -2747.31
-2894.66 -2747.31
-2962.58 -2747.31
-2932.93 -2747.31
-2972.02 -2747.31
-2950.03 -2747.31
-2957.16 -2747.31
-2952.95 -2747.31
-2963.54 -2747.31
-2977.10 -2747.31
-3024.25 -2747.31
-2856.79 -2747.31
-3063.69 -2747.31
-2858.74 -2747.31
-2938.84 -2747.31
-2818.59 -2747.31
-2985.47 -2747.31
-2898.09 -2747.31
-2977.93 -2747.31
-3018.32 -2747.31
-3026.96 -2747.31
-2865.40 -2747.31
-2983.03 -2747.31
-2957.20 -2747.31
-2985.85 -2747.31
-3005.65 -2747.31
-2906.25 -2747.31
-2996.63 -2747.31
-2948.96 -2747.31
-2951.90 -2747.31
-2841.60 -2747.31
-2974.27 -2747.31
-2843.20 -2747.31
-2956.01 -2747.31
-2889.83 -2747.31
-2932.54 -2747.31
-2895.62 -2747.31
-2919.18 -2747.31
-2878.72 -2747.31
-2865.29 -2747.31
-2963.74 -2747.31
-2896.31 -2747.31
-2981.34 -2747.31
-2819.39 -2747.31
-3025.75 -2747.31
-3066.00 -2747.31
-2968.17 -2747.31
-3031.41 -2747.31
-2967.23 -2747.31
-2909.75 -2747.31
-2906.20 -2747.31
-3070.38 -2747.31
-3027.24 -2747.31
-2903.13 -2747.31
-2965.31 -2747.31
-2853.69 -2747.31
-2879.91 -2747.31
-3042.08 -2747.31
-3022.48 -2747.31
-2973.83 -2747.31
-2933.06 -2747.31
-2924.61 -2747.31
-2930.44 -2747.31
-3016.82 -2747.31
-3023.84 -2747.31
-2738.07 -2738.07
-2793.21 -2738.07
-2902.14 -2738.07
-2852.51 -2738.07
-3077.21 -2738.07
-2936.55 -2738.07
-2874.38 -2738.07
-2934.61 -2738.07
-3045.70 -2738.07
-2828.12 -2738.07
-2858.31 -2738.07
-2942.22 -2738.07
-2970.34 -2738.07
-2929.52 -2738.07
-2996.09 -2738.07
-3015.40 -2738.07
-2765.13 -2738.07
-2964.68 -2738.07
-2930.24 -2738.07
-3022.74 -2738.07
-2999.42 -2738.07
-2971.70 -2738.07
-2969.67 -2738.07
-2908.01 -2738.07
-3043.33 -2738.07
-3031.01 -2738.07
-2998.26 -2738.07
-2955.31 -2738.07
-2893.84 -2738.07
-2843.03 -2738.07
-2944.76 -2738.07
-2843.08 -2738.07
-2970.43 -2738.07
-3043.52 -2738.07
-2837.58 -2738.07
-3024.08 -2738.07
-2897.29 -2738.07
-2949.51 -2738.07
-2990.67 -2738.07
-2881.07 -2738.07
-2940.24 -2738.07
-2992.05 -2738.07
-2959.79 -2738.07
-3026.94 -2738.07
-2820.80 -2738.07
-2988.71 -2738.07
-2968.84 -2738.07
-2978.94 -2738.07
-3016.37 -2738.07
-2907.33 -2738.07
-2949.76 -2738.07
-2864.03 -2738.07
-2988.96 -2738.07
-2957.52 -2738.07
-2858.71 -2738.07
-3031.77 -2738.07
-2779.89 -2738.07
-2813.76 -2738.07
-2998.51 -2738.07
-2806.21 -2738.07
-2943.95 -2738.07
-2938.79 -2738.07
-2971.73 -2738.07
-2979.46 -2738.07
-3022.12 -2738.07
-2845.67 -2738.07
-2942.31 -2738.07
-2746.57 -2738.07
-2890.04 -2738.07
-3031.81 -2738.07
-3081.34 -2738.07
-2983.07 -2738.07
-2965.45 -2738.07
-2990.52 -2738.07
-2883.34 -2738.07
-2995.76 -2738.07
-2843.57 -2738.07
-2897.72 -2738.07
-3002.50 -2738.07
-2979.44 -2738.07
-2958.14 -2738.07
-2754.05 -2738.07
-2902.61 -2738.07
-2917.70 -2738.07
-2888.82 -2738.07
-2885.78 -2738.07
-2997.60 -2738.07
-2975.66 -2738.07
-2904.16 -2738.07
-2999.67 -2738.07
-2889.59 -2738.07
-2810.38 -2738.07
-2930.84 -2738.07
-2991.92 -2738.07
-3082.97 -2738.07
-2930.03 -2738.07
-2866.22 -2738.07
-3014.80 -2738.07
-3007.44 -2738.07
-2917.09 -2738.07
-3000.47 -2738.07
-2946.77 -2738.07
-2849.75 -2738.07
-2955.01 -2738.07
-2947.87 -2738.07
-3075.56 -2738.07
-3023.77 -2738.07
-2994.99 -2738.07
-3030.89 -2738.07
-3131.47 -2738.07
-2926.63 -2738.07
-2874.17 -2738.07
-3050.38 -2738.07
-2831.57 -2738.07
-2916.44 -2738.07
-2810.11 -2738.07
-3029.40 -2738.07
-2924.17 -2738.07
-2949.53 -2738.07
-2974.48 -2738.07
-2812.53 -2738.07
-3038.92 -2738.07
-2841.27 -2738.07
-2981.64 -2738.07
-3046.68 -2738.07
-2868.47 -2738.07
-2857.22 -2738.07
-2942.30 -2738.07
-3013.33 -2738.07
-2819.05 -2738.07
-2677.60 -2677.60
-2833.29 -2677.60
-2831.86 -2677.60
-3012.13 -2677.60
-3033.19 -2677.60
-2930.66 -2677.60
-2841.20 -2677.60
-3047.12 -2677.60
-2904.09 -2677.60
-2961.39 -2677.60
-3020.15 -2677.60
-2968.47 -2677.60
-3184.19 -2677.60
-3132.93 -3132.93
-3144.64 -3132.93
-3112.98 -3112.98
-3169.04 -3112.98
-3118.48 -3112.98
-3137.28 -3112.98
-3115.40 -3115.40
-3123.91 -3115.40
-3100.53 -3100.53
-3098.14 -3098.14
-3124.65 -3098.14
-3122.65 -3098.14
-3124.10 -3098.14
-3142.69 -3098.14
-3116.68 -3098.14
-3136.21 -3098.14
-3141.12 -3098.14
-3157.79 -3098.14
-3094.34 -3094.34
-3172.90 -3094.34
-3094.18 -3094.18
-3157.08 -3094.18
-3147.18 -3094.18
-3106.18 -3094.18
-3134.12 -3094.18
-3092.45 -3092.45
-3109.65 -3092.45
-3119.22 -3092.45
-3087.56 -3087.56
-3128.76 -3087.56
-3137.30 -3087.56
-3080.03 -3080.03
-3088.06 -3080.03
-3085.75 -3080.03
-3112.52 -3080.03
-3133.51 -3080.03
-3100.03 -3080.03
-3051.56 -3051.56
-3081.72 -3051.56
-3057.88 -3051.56
-3125.63 -3051.56
-3105.54 -3051.56
-3115.10 -3051.56
-3109.65 -3051.56
-3070.21 -3051.56
-3078.24 -3051.56
-3109.90 -3051.56
-3076.87 -3051.56
-3048.81 -3048.81
-3095.48 -3048.81
-3065.88 -3048.81
-3065.44 -3048.81
-3067.17 -3048.81
-3069.16 -3048.81
-3067.73 -3048.81
-3067.31 -3048.81
-3077.86 -3048.81
-3136.96 -3048.81
-3115.18 -3048.81
-3069.56 -3048.81
-3089.09 -3048.81
-3078.62 -3048.81
-3107.31 -3048.81
-3127.00 -3048.81
-3101.15 -3048.81
-3017.25 -3017.25
-3099.15 -3017.25
-3097.41 -3017.25
-3101.59 -3017.25
-3109.87 -3017.25
-3060.11 -3017.25
-3064.11 -3017.25
-3066.83 -3017.25
-3067.34 -3017.25
-3072.28 -3017.25
-3068.04 -3017.25
-3044.47 -3017.25
-3108.35 -3017.25
-3083.87 -3017.25
-3056.42 -3017.25
-3019.52 -3017.25
-3075.83 -3017.25
-3096.11 -3017.25
-3034.64 -3017.25
-3092.73 -3017.25
-3101.87 -3017.25
-3071.91 -3017.25
-3103.60 -3017.25
-3036.15 -3017.25
-3003.56 -3003.56
-3039.69 -3003.56
-3044.51 -3003.56
-3076.07 -3003.56
-2930.40 -2930.40
-2892.98 -2892.98
-2927.25 -2892.98
-2991.51 -2892.98
-3038.01 -2892.98
-2991.40 -2892.98
-3001.87 -2892.98
-2932.41 -2892.98
-3014.35 -2892.98
-2961.18 -2892.98
-2975.13 -2892.98
-3032.83 -2892.98
-3037.68 -2892.98
-2954.65 -2892.98
-3012.68 -2892.98
-3023.46 -2892.98
-2966.15 -2892.98
-3031.32 -2892.98
-3032.07 -2892.98
-3038.36 -2892.98
-2950.75 -2892.98
-3021.13 -2892.98
-3013.46 -2892.98
-2987.08 -2892.98
-3103.09 -2892.98
-2923.35 -2892.98
-2957.37 -2892.98
-2884.74 -2884.74
-2937.11 -2884.74
-3059.03 -2884.74
-2948.57 -2884.74
-2957.68 -2884.74
-2989.91 -2884.74
-2932.91 -2884.74
-3004.10 -2884.74
-2984.52 -2884.74
-2995.09 -2884.74
-3046.39 -2884.74
-3093.34 -2884.74
-2911.61 -2884.74
-3076.12 -2884.74
-3061.82 -2884.74
-2911.77 -2884.74
-2983.12 -2884.74
-2981.97 -2884.74
-2988.37 -2884.74
-2955.48 -2884.74
-3011.05 -2884.74
-2984.57 -2884.74
-2933.93 -2884.74
-3014.98 -2884.74
-3014.70 -2884.74
-2915.23 -2884.74
-3002.22 -2884.74
-2989.98 -2884.74
-3025.10 -2884.74
-2936.71 -2884.74
-3040.28 -2884.74
-2857.02 -2857.02
-3034.23 -2857.02
-2881.57 -2857.02
-2927.88 -2857.02
-2893.01 -2857.02
-2875.41 -2857.02
-2845.04 -2845.04
-2930.45 -2845.04
-2926.00 -2845.04
-2861.86 -2845.04
-2941.54 -2845.04
-2937.37 -2845.04
-2977.19 -2845.04
-3001.64 -2845.04
-2932.52 -2845.04
-2988.26 -2845.04
-2924.36 -2845.04
-3019.80 -2845.04
-2991.07 -2845.04
-2868.51 -2845.04
-2914.37 -2845.04
-2859.62 -2845.04
-2967.24 -2845.04
-3069.10 -2845.04
-2940.87 -2845.04
-2943.53 -2845.04
-3057.20 -2845.04
-2803.97 -2803.97
-3048.29 -2803.97
-2838.34 -2803.97
-2930.25 -2803.97
-3025.49 -2803.97
-2935.99 -2803.97
-2913.14 -2803.97
-2903.16 -2803.97
-2828.66 -2803.97
-3043.66 -2803.97
-3113.34 -2803.97
-3000.38 -2803.97
-3014.18 -2803.97
-2818.06 -2803.97
-3031.11 -2803.97
-3047.35 -2803.97
-2998.01 -2803.97
-2963.54 -2803.97
-2945.82 -2803.97
-3005.90 -2803.97
-2950.88 -2803.97
-2828.60 -2803.97
-2998.45 -2803.97
-2866.03 -2803.97
-2925.00 -2803.97
-3028.48 -2803.97
-2914.63 -2803.97
-2911.31 -2803.97
-2973.10 -2803.97
-2998.93 -2803.97
-2888.35 -2803.97
-2896.52 -2803.97
-2992.57 -2803.97
-2778.62 -2778.62
-2903.44 -2778.62
-2917.55 -2778.62
-2972.94 -2778.62
-2815.98 -2778.62
-2945.11 -2778.62
-2998.22 -2778.62
-2922.11 -2778.62
-2931.19 -2778.62
-2954.93 -2778.62
-3075.61 -2778.62
-2919.73 -2778.62
-2927.00 -2778.62
-2852.58 -2778.62
-2925.76 -2778.62
-3034.81 -2778.62
-2688.10 -2688.10
-3102.59 -2688.10
-3036.98 -2688.10
-2737.23 -2688.10
-2803.67 -2688.10
-2796.34 -2688.10
-2806.77 -2688.10
-2983.51 -2688.10
-2927.02 -2688.10
-2839.53 -2688.10
-2781.88 -2688.10
-3024.08 -2688.10
-2863.66 -2688.10
-2899.23 -2688.10
-2738.84 -2688.10
-2862.52 -2688.10
-2828.71 -2688.10
-2781.63 -2688.10
-2880.98 -2688.10
-2795.60 -2688.10
-2952.16 -2688.10
-2924.66 -2688.10
-3038.24 -2688.10
-2976.42 -2688.10
-2987.59 -2688.10
-2881.85 -2688.10
-2936.53 -2688.10
-2877.98 -2688.10
-2776.98 -2688.10
-2807.86 -2688.10
-2839.97 -2688.10
-2888.54 -2688.10
-2813.65 -2688.10
-2958.73 -2688.10
-3035.69 -2688.10
-2959.31 -2688.10
-3028.66 -2688.10
-2957.46 -2688.10
-2788.31 -2688.10
-2813.67 -2688.10
-3035.34 -2688.10
-2985.73 -2688.10
-2735.95 -2688.10
-2846.48 -2688.10
-2999.67 -2688.10
-3029.34 -2688.10
-3052.73 -2688.10
-2941.90 -2688.10
-2928.37 -2688.10
-2826.47 -2688.10
-3056.82 -2688.10
-2925.51 -2688.10
-3039.84 -2688.10
-2845.72 -2688.10
-2948.68 -2688.10
-2796.05 -2688.10
-3006.02 -2688.10
-3073.28 -2688.10
-3007.45 -2688.10
-2843.11 -2688.10
-2901.16 -2688.10
-3018.28 -2688.10
-2567.72 -2567.72
-2800.41 -2567.72
-2788.89 -2567.72
-2902.30 -2567.72
-2899.40 -2567.72
-2940.05 -2567.72
-2782.09 -2567.72
-2924.07 -2567.72
-3024.15 -2567.72
-2754.82 -2567.72
-2927.68 -2567.72
-3034.05 -2567.72
-3019.35 -2567.72
-2900.04 -2567.72
-2930.65 -2567.72
-2912.68 -2567.72
-2775.44 -2567.72
-2981.95 -2567.72
-2795.43 -2567.72
-2884.76 -2567.72
-2928.56 -2567.72
-2898.05 -2567.72
-2973.23 -2567.72
-2877.73 -2567.72
-2943.63 -2567.72
-2748.71 -2567.72
-2842.78 -2567.72
-2989.84 -2567.72
-2976.98 -2567.72
-3100.27 -2567.72
-2627.55 -2567.72
-2982.43 -2567.72
-2927.42 -2567.72
-2790.79 -2567.72
-3016.07 -2567.72
-2780.53 -2567.72
-2790.22 -2567.72
-2870.99 -2567.72
-2950.46 -2567.72
-2940.26 -2567.72
-2810.87 -2567.72
-2984.53 -2567.72
-2846.88 -2567.72
-2892.80 -2567.72
-2928.80 -2567.72
-2963.89 -2567.72
-2786.03 -2567.72
-3049.39 -2567.72
-2844.10 -2567.72
-2846.42 -2567.72
-2823.71 -2567.72
-2911.04 -2567.72
-2721.00 -2567.72
-2828.23 -2567.72
-2789.07 -2567.72
-2973.20 -2567.72
-2981.03 -2567.72
-2903.55 -2567.72
-3008.74 -2567.72
-2864.72 -2567.72
-2917.36 -2567.72
-2812.28 -2567.72
-2757.43 -2567.72
-2832.83 -2567.72
-2883.25 -2567.72
-2854.09 -2567.72
-2862.36 -2567.72
-2851.97 -2567.72
-2975.81 -2567.72
-2816.44 -2567.72
-2745.86 -2567.72
-2765.33 -2567.72
-3040.16 -2567.72
-2921.63 -2567.72
-2984.58 -2567.72
-2831.99 -2567.72
-2900.80 -2567.72
-2814.59 -2567.72
-2990.17 -2567.72
-2922.32 -2567.72
-2780.61 -2567.72
-2951.57 -2567.72
-2956.02 -2567.72
-2955.16 -2567.72
-2680.59 -2567.72
-2799.07 -2567.72
-2872.89 -2567.72
-3041.87 -2567.72
-2686.30 -2567.72
-3015.91 -2567.72
-2775.14 -2567.72
-2933.77 -2567.72
-2754.85 -2567.72
-2945.73 -2567.72
-2962.36 -2567.72
-2885.23 -2567.72
-2873.41 -2567.72
-2856.92 -2567.72
-3126.17 -2567.72
-2872.12 -2567.72
-2728.54 -2567.72
-2896.87 -2567.72
-2923.72 -2567.72
-2996.33 -2567.72
-2710.01 -2567.72
-3051.30 -2567.72
-2906.43 -2567.72
-2789.11 -2567.72
-2836.23 -2567.72
-2897.60 -2567.72
-2964.33 -2567.72
-2818.53 -2567.72
-2943.40 -2567.72
-2914.04 -2567.72
-2849.78 -2567.72
-2866.00 -2567.72
-2891.55 -2567.72
-2721.41 -2567.72
-2846.86 -2567.72
-2840.39 -2567.72
-2948.16 -2567.72
-2968.90 -2567.72
-2715.38 -2567.72
-3020.76 -2567.72
-3047.52 -2567.72
-2861.99 -2567.72
-3155.15 -2567.72
-3152.72 -2567.72
-3146.79 -2567.72
-3155.24 -2567.72
-3156.46 -2567.72
-3142.84 -2567.72
-3166.69 -2567.72
-3196.15 -2567.72
-3149.00 -2567.72
-3116.69 -3116.69
-3061.41 -3061.41
-3092.00 -3061.41
-3105.77 -3061.41
-3113.55 -3061.41
-3089.90 -3061.41
-3101.61 -3061.41
-3091.40 -3061.41
-3134.35 -3061.41
-3121.09 -3061.41
-3093.81 -3061.41
-3106.84 -3061.41
-3061.36 -3061.36
-3092.92 -3061.36
-3065.40 -3061.36
-3043.83 -3043.83
-3062.07 -3043.83
-3078.66 -3043.83
-3071.80 -3043.83
-3092.23 -3043.83
-3007.21 -3007.21
-3013.51 -3007.21
-2996.72 -2996.72
-3031.70 -2996.72
-3012.42 -2996.72
-3106.80 -2996.72
-3069.06 -2996.72
-3049.83 -2996.72
-3040.98 -2996.72
-3026.84 -2996.72
-3066.23 -2996.72
-2983.99 -2983.99
-3020.95 -2983.99
-3035.11 -2983.99
-3046.82 -2983.99
-3050.54 -2983.99
-3031.31 -2983.99
-2969.05 -2969.05
-3184.91 -2969.05
-3032.30 -2969.05
-3066.45 -2969.05
-3051.73 -2969.05
-3013.61 -2969.05
-3061.46 -2969.05
-2959.44 -2959.44
-2979.84 -2959.44
-2978.25 -2959.44
-3001.63 -2959.44
-3001.92 -2959.44
-3085.40 -2959.44
-3099.46 -2959.44
-3082.26 -2959.44
-3075.44 -2959.44
-3045.80 -2959.44
-3008.17 -2959.44
-3006.55 -2959.44
-3072.34 -2959.44
-2913.34 -2913.34
-3071.70 -2913.34
-3009.18 -2913.34
-2923.01 -2913.34
-2889.51 -2889.51
-2937.66 -2889.51
-3052.05 -2889.51
-2890.41 -2890.41
-2865.71 -2865.71
-2895.11 -2865.71
-2868.53 -2865.71
-3017.05 -2865.71
-2968.70 -2865.71
-2948.07 -2865.71
-3044.46 -2865.71
-3039.14 -2865.71
-2845.33 -2845.33
-2935.85 -2845.33
-3014.15 -2845.33
-3122.89 -2845.33
-2934.36 -2845.33
-2861.13 -2845.33
-2942.58 -2845.33
-2912.09 -2845.33
-3067.89 -2845.33
-3047.53 -2845.33
-3033.58 -2845.33
-2880.43 -2845.33
-2840.41 -2840.41
-2917.98 -2840.41
-2923.66 -2840.41
-2943.42 -2840.41
-2921.48 -2840.41
-3025.04 -2840.41
-2988.75 -2840.41
-2959.54 -2840.41
-3070.72 -2840.41
-2949.13 -2840.41
-2844.99 -2840.41
-2966.41 -2840.41
-2928.82 -2840.41
-2851.47 -2840.41
-3052.47 -2840.41
-2952.12 -2840.41
-2926.28 -2840.41
-3002.77 -2840.41
-2991.11 -2840.41
-2893.33 -2840.41
-3066.98 -2840.41
-3061.64 -2840.41
-3014.21 -2840.41
-2906.29 -2840.41
-2904.71 -2840.41
-3007.86 -2840.41
-2890.99 -2840.41
-2911.78 -2840.41
-2888.14 -2840.41
-2893.64 -2840.41
-2806.39 -2806.39
-2907.37 -2806.39
-2885.13 -2806.39
-2873.86 -2806.39
-2967.85 -2806.39
-2889.28 -2806.39
-2902.70 -2806.39
-2871.94 -2806.39
-2881.44 -2806.39
-2875.76 -2806.39
-2870.63 -2806.39
-3060.42 -2806.39
-2864.18 -2806.39
-2884.94 -2806.39
-2910.37 -2806.39
-2917.77 -2806.39
-2945.63 -2806.39
-2876.64 -2806.39
-3035.80 -2806.39
-3104.15 -2806.39
-2931.13 -2806.39
-3044.51 -2806.39
-2919.95 -2806.39
-2927.91 -2806.39
-2851.77 -2806.39
-2943.35 -2806.39
-2967.74 -2806.39
-2970.60 -2806.39
-2790.83 -2790.83
-3009.87 -2790.83
-2921.29 -2790.83
-2991.58 -2790.83
-3021.05 -2790.83
-3011.21 -2790.83
-2938.65 -2790.83
-2837.05 -2790.83
-2959.89 -2790.83
-2898.68 -2790.83
-2917.22 -2790.83
-3044.37 -2790.83
-3000.25 -2790.83
-2925.19 -2790.83
-2788.10 -2788.10
-2923.95 -2788.10
-2931.61 -2788.10
-2988.38 -2788.10
-3027.38 -2788.10
-2869.34 -2788.10
-2863.73 -2788.10
-2852.59 -2788.10
-2940.97 -2788.10
-2877.38 -2788.10
-2917.44 -2788.10
-2966.73 -2788.10
-3129.16 -2788.10
-2968.75 -2788.10
-2920.30 -2788.10
-2855.98 -2788.10
-2937.73 -2788.10
-2900.38 -2788.10
-2956.49 -2788.10
-2890.59 -2788.10
-2964.08 -2788.10
-2926.53 -2788.10
-2885.78 -2788.10
-2978.40 -2788.10
-2889.33 -2788.10
-2803.89 -2788.10
-3047.92 -2788.10
-3081.00 -2788.10
-2913.84 -2788.10
-2953.34 -2788.10
-3030.22 -2788.10
-2944.41 -2788.10
-2840.44 -2788.10
-3017.00 -2788.10
-2878.10 -2788.10
-2998.05 -2788.10
-2947.14 -2788.10
-2849.39 -2788.10
-2987.00 -2788.10
-3006.57 -2788.10
-2935.08 -2788.10
-3004.17 -2788.10
-2839.38 -2788.10
-2901.49 -2788.10
-2912.93 -2788.10
-3033.14 -2788.10
-3005.32 -2788.10
-2990.87 -2788.10
-3000.35 -2788.10
-2869.48 -2788.10
-2890.72 -2788.10
-3092.68 -2788.10
-2858.22 -2788.10
-2848.32 -2788.10
-2985.68 -2788.10
-2964.44 -2788.10
-2958.53 -2788.10
-2850.08 -2788.10
-2930.85 -2788.10
-3080.20 -2788.10
-2779.07 -2779.07
-2986.17 -2779.07
-2920.49 -2779.07
-2913.65 -2779.07
-2999.21 -2779.07
-2946.78 -2779.07
-3015.20 -2779.07
-2964.76 -2779.07
-2916.54 -2779.07
-2981.79 -2779.07
-2805.98 -2779.07
-2858.11 -2779.07
-3027.75 -2779.07
-2846.37 -2779.07
-2963.07 -2779.07
-2896.64 -2779.07
-2899.53 -2779.07
-2777.70 -2777.70
-2834.75 -2777.70
-2990.16 -2777.70
-2788.41 -2777.70
-3069.64 -2777.70
-2859.12 -2777.70
-2935.88 -2777.70
-2999.89 -2777.70
-2900.94 -2777.70
-2909.43 -2777.70
-2869.76 -2777.70
-3006.97 -2777.70
-2873.82 -2777.70
-3057.96 -2777.70
-3043.88 -2777.70
-2922.93 -2777.70
-2983.08 -2777.70
-2964.55 -2777.70
-3041.62 -2777.70
-2866.92 -2777.70
-3034.66 -2777.70
-3002.80 -2777.70
-2957.46 -2777.70
-2896.01 -2777.70
-2926.56 -2777.70
-2932.24 -2777.70
-2919.79 -2777.70
-2801.89 -2777.70
-3054.25 -2777.70
-3066.72 -2777.70
-2893.15 -2777.70
-2956.83 -2777.70
-2954.45 -2777.70
-2890.69 -2777.70
-2971.45 -2777.70
-2922.30 -2777.70
-3123.03 -2777.70
-2866.87 -2777.70
-3119.65 -2777.70
-2791.27 -2777.70
-2971.61 -2777.70
-2979.92 -2777.70
-2933.78 -2777.70
-2918.63 -2777.70
-3001.78 -2777.70
-2859.05 -2777.70
-2900.90 -2777.70
-2880.85 -2777.70
-2879.99 -2777.70
-2849.68 -2777.70
-2971.81 -2777.70
-2962.74 -2777.70
-2921.20 -2777.70
-2996.06 -2777.70
-3006.00 -2777.70
-3044.72 -2777.70
-2900.33 -2777.70
-2930.71 -2777.70
-2851.91 -2777.70
-3054.24 -2777.70
-2958.08 -2777.70
-3011.46 -2777.70
-2926.49 -2777.70
-3009.09 -2777.70
-3029.68 -2777.70
-2784.00 -2777.70
-3026.02 -2777.70
-3025.65 -2777.70
-2876.67 -2777.70
-2965.53 -2777.70
-2980.21 -2777.70
-3051.94 -2777.70
-2978.94 -2777.70
-2976.01 -2777.70
-2922.57 -2777.70
-2878.84 -2777.70
-2841.22 -2777.70
-3050.01 -2777.70
-2956.34 -2777.70
-2956.12 -2777.70
-2986.31 -2777.70
-3005.65 -2777.70
-2827.58 -2777.70
-2873.96 -2777.70
-2895.57 -2777.70
-2915.13 -2777.70
-2967.88 -2777.70
-2905.72 -2777.70
-3048.33 -2777.70
-2991.45 -2777.70
-2926.25 -2777.70
-2873.76 -2777.70
-2914.57 -2777.70
-3047.05 -2777.70
-3011.12 -2777.70
-2834.95 -2777.70
-2927.85 -2777.70
-2989.47 -2777.70
-2969.16 -2777.70
-2889.16 -2777.70
-2992.74 -2777.70
-2998.34 -2777.70
-2870.00 -2777.70
-2870.26 -2777.70
-3080.07 -2777.70
-3012.09 -2777.70
-2899.42 -2777.70
-2983.19 -2777.70
-2973.30 -2777.70
-3016.02 -2777.70
-2994.76 -2777.70
-2827.19 -2777.70
-2934.32 -2777.70
-3008.91 -2777.70
-2973.20 -2777.70
-3002.42 -2777.70
-3033.38 -2777.70
-2924.15 -2777.70
-2999.90 -2777.70
-2965.98 -2777.70
-2891.98 -2777.70
-2864.89 -2777.70
-3058.64 -2777.70
-3052.37 -2777.70
-2915.73 -2777.70
-2984.89 -2777.70
-2862.13 -2777.70
-2936.74 -2777.70
-2899.79 -2777.70
-2985.21 -2777.70
-2909.51 -2777.70
-2861.14 -2777.70
-2998.73 -2777.70
-2895.94 -2777.70
-2974.34 -2777.70
-2956.50 -2777.70
-2823.71 -2777.70
-2916.65 -2777.70
-2821.90 -2777.70
-2807.25 -2777.70
-2998.12 -2777.70
-3075.67 -2777.70
-2908.37 -2777.70
-2867.92 -2777.70
-2902.04 -2777.70
-3017.04 -2777.70
-2922.35 -2777.70
-2746.66 -2746.66
-2862.58 -2746.66
-2804.93 -2746.66
-3008.21 -2746.66
-3006.32 -2746.66
-3048.64 -2746.66
-2807.93 -2746.66
-2984.49 -2746.66
-2887.31 -2746.66
-2788.07 -2746.66
-2841.48 -2746.66
-2951.11 -2746.66
-2944.34 -2746.66
-2990.38 -2746.66
-2931.63 -2746.66
-2975.44 -2746.66
-2999.93 -2746.66
-2938.22 -2746.66
-2899.14 -2746.66
-2981.61 -2746.66
-3024.94 -2746.66
-2994.87 -2746.66
-2855.87 -2746.66
-2973.68 -2746.66
-2887.08 -2746.66
-2838.81 -2746.66
-3181.38 -2746.66
-3186.31 -2746.66
-3133.49 -3133.49
-3163.30 -3133.49
-3148.61 -3133.49
-3147.38 -3133.49
-3142.05 -3133.49
-3094.70 -3094.70
-3109.22 -3094.70
-3098.19 -3094.70
-3128.93 -3094.70
-3133.52 -3094.70
-3124.20 -3094.70
-3139.77 -3094.70
-3097.10 -3094.70
-3148.18 -3094.70
-3108.86 -3094.70
-3115.74 -3094.70
-3121.93 -3094.70
-3108.75 -3094.70
-3102.83 -3094.70
-3092.93 -3092.93
-3039.30 -3039.30
-3039.70 -3039.70
-2998.13 -2998.13
-3034.59 -2998.13
-3041.32 -2998.13
-3087.25 -2998.13
-3054.74 -2998.13
-3057.06 -2998.13
-3050.57 -2998.13
-3063.78 -2998.13
-3040.06 -2998.13
-3056.30 -2998.13
-2996.69 -2996.69
-3065.12 -2996.69
-2961.60 -2961.60
-3061.58 -2961.60
-2988.91 -2961.60
-2978.47 -2961.60
-2970.56 -2961.60
-2958.46 -2958.46
-3025.27 -2958.46
-3062.02 -2958.46
-2977.11 -2958.46
-3000.25 -2958.46
-2995.70 -2958.46
-3072.78 -2958.46
-3049.28 -2958.46
-3054.37 -2958.46
-3014.87 -2958.46
-3052.05 -2958.46
-2972.38 -2958.46
-2958.80 -2958.46
-3056.64 -2958.46
-3087.57 -2958.46
-3008.57 -2958.46
-3031.29 -2958.46
-3049.72 -2958.46
-2983.67 -2958.46
-3024.70 -2958.46
-3071.55 -2958.46
-2999.94 -2958.46
-3023.42 -2958.46
-3030.92 -2958.46
-3044.47 -2958.46
-2966.11 -2958.46
-2967.51 -2958.46
-2980.92 -2958.46
-3089.69 -2958.46
-2997.48 -2958.46
-2894.08 -2894.08
-3025.73 -2894.08
-2928.73 -2894.08
-2989.17 -2894.08
-2976.21 -2894.08
-2979.99 -2894.08
-3017.97 -2894.08
-2996.14 -2894.08
-3008.96 -2894.08
-3101.80 -2894.08
-2986.27 -2894.08
-2964.65 -2894.08
-2928.62 -2894.08
-2944.79 -2894.08
-3014.35 -2894.08
-2997.59 -2894.08
-3067.81 -2894.08
-3044.83 -2894.08
-2973.82 -2894.08
-3047.81 -2894.08
-2981.11 -2894.08
-3074.42 -2894.08
-2929.20 -2894.08
-2927.42 -2894.08
-3006.48 -2894.08
-2915.12 -2894.08
-3061.47 -2894.08
-2991.40 -2894.08
-3040.84 -2894.08
-3046.23 -2894.08
-2951.81 -2894.08
-2985.43 -2894.08
-3019.54 -2894.08
-3082.74 -2894.08
-2923.56 -2894.08
-3087.27 -2894.08
-2942.46 -2894.08
-3028.51 -2894.08
-2932.31 -2894.08
-3010.67 -2894.08
-2903.07 -2894.08
-2949.74 -2894.08
-2946.96 -2894.08
-2952.71 -2894.08
-3044.13 -2894.08
-2934.84 -2894.08
-2941.31 -2894.08
-2980.05 -2894.08
-2948.98 -2894.08
-2962.97 -2894.08
-2932.57 -2894.08
-3046.30 -2894.08
-3003.38 -2894.08
-2963.98 -2894.08
-2929.07 -2894.08
-2959.08 -2894.08
-3017.58 -2894.08
-2894.64 -2894.64
-2905.96 -2894.64
-2935.60 -2894.64
-3047.00 -2894.64
-2974.38 -2894.64
-3025.87 -2894.64
-2970.88 -2894.64
-2903.59 -2894.64
-3027.00 -2894.64
-3027.89 -2894.64
-2944.06 -2894.64
-3074.23 -2894.64
-3061.99 -2894.64
-2932.99 -2894.64
-3009.53 -2894.64
-2955.20 -2894.64
-3084.45 -2894.64
-3037.95 -2894.64
-2975.79 -2894.64
-3023.63 -2894.64
-2969.06 -2894.64
-2983.43 -2894.64
-2981.32 -2894.64
-3002.42 -2894.64
-2961.09 -2894.64
-2966.22 -2894.64
-2928.19 -2894.64
-2866.53 -2866.53
-2994.33 -2866.53
-2915.72 -2866.53
-3121.88 -2866.53
-2994.16 -2866.53
-3039.80 -2866.53
-2937.63 -2866.53
-2918.56 -2866.53
-2925.95 -2866.53
-2966.35 -2866.53
-2894.04 -2866.53
-3016.31 -2866.53
-2983.79 -2866.53
-2937.23 -2866.53
-3060.15 -2866.53
-2974.19 -2866.53
-3070.97 -2866.53
-2961.24 -2866.53
-2968.26 -2866.53
-3038.43 -2866.53
-2931.84 -2866.53
-3000.53 -2866.53
-3031.61 -2866.53
-3021.17 -2866.53
-2978.92 -2866.53
-2980.15 -2866.53
-2862.45 -2862.45
-2891.15 -2862.45
-3024.21 -2862.45
-3006.08 -2862.45
-3010.97 -2862.45
-3002.02 -2862.45
-2949.80 -2862.45
-2858.54 -2858.54
-2868.90 -2858.54
-3007.53 -2858.54
-2965.99 -2858.54
-2916.48 -2858.54
-2846.40 -2846.40
-3007.23 -2846.40
-2944.20 -2846.40
-2914.37 -2846.40
-2891.95 -2846.40
-2907.33 -2846.40
-2871.57 -2846.40
-3000.23 -2846.40
-2932.94 -2846.40
-2946.66 -2846.40
-2989.94 -2846.40
-2935.11 -2846.40
-3041.45 -2846.40
-2991.28 -2846.40
-3027.72 -2846.40
-2805.15 -2805.15
-2824.00 -2805.15
-3023.13 -2805.15
-2814.33 -2805.15
-2981.38 -2805.15
-2980.31 -2805.15
-2890.52 -2805.15
-2953.88 -2805.15
-2960.07 -2805.15
-2842.09 -2805.15
-2943.30 -2805.15
-3006.65 -2805.15
-2980.90 -2805.15
-3053.68 -2805.15
-2968.28 -2805.15
-2926.74 -2805.15
-2985.20 -2805.15
-2957.25 -2805.15
-2966.83 -2805.15
-2992.12 -2805.15
-3003.60 -2805.15
-2909.22 -2805.15
-3033.97 -2805.15
-2885.45 -2805.15
-3003.11 -2805.15
-3046.00 -2805.15
-2950.58 -2805.15
-2792.06 -2792.06
-2918.56 -2792.06
-2853.56 -2792.06
-2943.31 -2792.06
-2722.53 -2722.53
-2991.56 -2722.53
-2874.49 -2722.53
-2918.97 -2722.53
-2844.09 -2722.53
-3019.08 -2722.53
-2965.31 -2722.53
-2908.25 -2722.53
-2918.06 -2722.53
-2847.98 -2722.53
-2848.84 -2722.53
-2786.96 -2722.53
-2906.08 -2722.53
-2976.64 -2722.53
-2853.26 -2722.53
-3088.01 -2722.53
-2969.63 -2722.53
-2921.00 -2722.53
-2992.72 -2722.53
-3027.34 -2722.53
-2832.17 -2722.53
-2802.26 -2722.53
-3012.80 -2722.53
-3040.68 -2722.53
-2915.55 -2722.53
-2908.23 -2722.53
-2920.86 -2722.53
-2932.14 -2722.53
-2989.85 -2722.53
-3022.07 -2722.53
-2875.78 -2722.53
-2856.28 -2722.53
-3013.46 -2722.53
-2788.10 -2722.53
-2795.47 -2722.53
-2843.52 -2722.53
-2920.05 -2722.53
-2926.84 -2722.53
-2945.02 -2722.53
-3011.91 -2722.53
-2873.86 -2722.53
-2821.23 -2722.53
-2932.80 -2722.53
-2981.11 -2722.53
-2879.63 -2722.53
-3052.10 -2722.53
-3018.60 -2722.53
-2970.01 -2722.53
-3006.39 -2722.53
-2796.41 -2722.53
-2788.50 -2722.53
-2857.57 -2722.53
-2940.33 -2722.53
-2705.47 -2705.47
-2940.69 -2705.47
-2842.16 -2705.47
-2851.82 -2705.47
-2751.54 -2705.47
-2904.92 -2705.47
-2958.63 -2705.47
-2853.91 -2705.47
-2865.28 -2705.47
-3086.43 -2705.47
-2969.13 -2705.47
-2916.01 -2705.47
-3002.95 -2705.47
-2950.07 -2705.47
-3008.33 -2705.47
-2875.01 -2705.47
-2889.66 -2705.47
-2882.88 -2705.47
-2853.08 -2705.47
-2922.08 -2705.47
-2839.55 -2705.47
-3010.00 -2705.47
-3013.79 -2705.47
-2769.20 -2705.47
-2972.00 -2705.47
-2980.72 -2705.47
-2825.13 -2705.47
-2880.17 -2705.47
-2808.40 -2705.47
-2920.20 -2705.47
-2770.70 -2705.47
-2976.13 -2705.47
-2764.72 -2705.47
-2861.78 -2705.47
-2829.37 -2705.47
-3021.70 -2705.47
-3020.18 -2705.47
-2907.33 -2705.47
-2785.23 -2705.47
-2938.55 -2705.47
-2884.02 -2705.47
-2936.72 -2705.47
-2822.91 -2705.47
-2911.42 -2705.47
-2875.31 -2705.47
-3025.45 -2705.47
-2796.89 -2705.47
-2868.35 -2705.47
-2796.42 -2705.47
-2842.10 -2705.47
-2901.97 -2705.47
-2992.38 -2705.47
-2813.12 -2705.47
-3023.67 -2705.47
-2986.26 -2705.47
-2995.57 -2705.47
-2802.98 -2705.47
-3021.41 -2705.47
-2766.56 -2705.47
-2857.01 -2705.47
-3018.14 -2705.47
-2796.96 -2705.47
-2764.50 -2705.47
-2898.81 -2705.47
-2850.11 -2705.47
-2871.09 -2705.47
-3008.76 -2705.47
-2896.70 -2705.47
-2871.26 -2705.47
-2905.86 -2705.47
-3037.60 -2705.47
-2958.70 -2705.47
-2738.52 -2705.47
-3024.37 -2705.47
-2763.64 -2705.47
-2975.72 -2705.47
-2952.82 -2705.47
-2880.61 -2705.47
-2726.49 -2705.47
-2773.70 -2705.47
-2948.72 -2705.47
-3027.96 -2705.47
-3063.50 -2705.47
-2913.24 -2705.47
-3037.86 -2705.47
-2965.09 -2705.47
-3025.10 -2705.47
-2881.42 -2705.47
-2849.93 -2705.47
-2845.70 -2705.47
-3013.34 -2705.47
-2759.44 -2705.47
-2902.54 -2705.47
-3046.63 -2705.47
-2940.24 -2705.47
-3013.82 -2705.47
-2968.77 -2705.47
-3028.89 -2705.47
-2946.42 -2705.47
-2920.82 -2705.47
-2989.15 -2705.47
-2842.60 -2705.47
-2931.66 -2705.47
-2822.11 -2705.47
-2879.24 -2705.47
-3027.21 -2705.47
-3029.25 -2705.47
-2916.21 -2705.47
-2852.02 -2705.47
-2867.01 -2705.47
-2815.01 -2705.47
-2834.00 -2705.47
-2922.08 -2705.47
-2726.30 -2705.47
-2825.63 -2705.47
-2929.33 -2705.47
-2963.84 -2705.47
-3013.33 -2705.47
-2968.69 -2705.47
-2811.56 -2705.47
-3017.38 -2705.47
-2759.62 -2705.47
-2969.23 -2705.47
-2891.59 -2705.47
-3155.39 -2705.47
-3146.83 -2705.47
-3153.81 -2705.47
-3146.29 -2705.47
-3134.04 -3134.04
-3154.03 -3134.04
-3163.86 -3134.04
-3167.33 -3134.04
-3163.51 -3134.04
-3140.01 -3134.04
-3122.84 -3122.84
-3117.93 -3117.93
-3172.02 -3117.93
-3135.65 -3117.93
-3120.15 -3117.93
-3125.39 -3117.93
-3180.73 -3117.93
-3131.99 -3117.93
-3144.94 -3117.93
-3101.85 -3101.85
-3045.04 -3045.04
-3067.12 -3045.04
-3098.48 -3045.04
-3071.38 -3045.04
-3051.53 -3045.04
-3060.42 -3045.04
-3145.35 -3045.04
-3053.31 -3045.04
-3051.55 -3045.04
-2994.68 -2994.68
-3077.62 -2994.68
-3071.53 -2994.68
-3049.32 -2994.68
-3022.03 -2994.68
-3108.25 -2994.68
-3039.05 -2994.68
-3073.38 -2994.68
-3007.59 -2994.68
-2960.58 -2960.58
-3056.28 -2960.58
-2956.35 -2956.35
-3056.34 -2956.35
-3029.47 -2956.35
-2996.99 -2956.35
-3013.79 -2956.35
-2987.81 -2956.35
-2955.31 -2955.31
-3024.48 -2955.31
-2988.00 -2955.31
-3009.28 -2955.31
-3069.70 -2955.31
-3003.29 -2955.31
-3052.14 -2955.31
-2928.41 -2928.41
-3005.78 -2928.41
-2954.47 -2928.41
-2983.06 -2928.41
-2961.30 -2928.41
-2993.28 -2928.41
-2940.54 -2928.41
-3133.90 -2928.41
-2971.84 -2928.41
-2908.49 -2908.49
-3068.45 -2908.49
-2908.14 -2908.14
-3000.79 -2908.14
-3052.74 -2908.14
-3035.83 -2908.14
-2950.62 -2908.14
-3064.28 -2908.14
-3057.94 -2908.14
-3061.06 -2908.14
-3069.59 -2908.14
-2969.84 -2908.14
-2998.18 -2908.14
-3013.44 -2908.14
-3034.48 -2908.14
-2946.99 -2908.14
-3053.34 -2908.14
-3039.26 -2908.14
-2910.10 -2908.14
-3018.25 -2908.14
-3000.23 -2908.14
-3018.60 -2908.14
-2833.08 -2833.08
-2816.20 -2816.20
-2848.35 -2816.20
-3089.51 -2816.20
-3056.14 -2816.20
-2779.10 -2779.10
-3061.77 -2779.10
-2831.25 -2779.10
-2845.30 -2779.10
-2929.56 -2779.10
-2823.94 -2779.10
-2851.33 -2779.10
-2891.10 -2779.10
-2817.08 -2779.10
-2976.83 -2779.10
-2891.77 -2779.10
-2864.82 -2779.10
-2934.28 -2779.10
-2826.57 -2779.10
-2894.96 -2779.10
-3027.60 -2779.10
-3042.02 -2779.10
-2992.72 -2779.10
-2898.43 -2779.10
-2877.16 -2779.10
-2921.40 -2779.10
-3139.02 -2779.10
-3019.10 -2779.10
-2876.39 -2779.10
-2947.33 -2779.10
-2843.17 -2779.10
-2972.99 -2779.10
-2884.50 -2779.10
-2973.97 -2779.10
-2895.97 -2779.10
-2935.72 -2779.10
-2910.24 -2779.10
-2896.95 -2779.10
-2863.83 -2779.10
-2957.66 -2779.10
-2972.34 -2779.10
-2880.50 -2779.10
-2892.71 -2779.10
-2871.82 -2779.10
-2959.74 -2779.10
-2818.73 -2779.10
-3035.53 -2779.10
-2920.62 -2779.10
-3015.44 -2779.10
-3002.39 -2779.10
-2817.77 -2779.10
-2982.45 -2779.10
-2917.85 -2779.10
-2918.01 -2779.10
-2847.21 -2779.10
-2952.57 -2779.10
-2843.08 -2779.10
-2852.96 -2779.10
-2714.52 -2714.52
-2988.57 -2714.52
-3058.57 -2714.52
-2859.75 -2714.52
-3051.92 -2714.52
-2854.26 -2714.52
-3028.51 -2714.52
-2867.92 -2714.52
-2857.94 -2714.52
-3014.44 -2714.52
-3037.06 -2714.52
-2946.32 -2714.52
-3065.11 -2714.52
-2860.42 -2714.52
-2917.00 -2714.52
-3034.24 -2714.52
-2967.18 -2714.52
-2860.98 -2714.52
-3051.22 -2714.52
-2800.32 -2714.52
-3024.84 -2714.52
-2992.30 -2714.52
-3044.57 -2714.52
-2760.71 -2714.52
-3043.30 -2714.52
-2921.34 -2714.52
-3036.64 -2714.52
-2957.15 -2714.52
-2986.11 -2714.52
-3034.12 -2714.52
-2973.35 -2714.52
-2877.88 -2714.52
-2850.55 -2714.52
-2916.98 -2714.52
-3025.86 -2714.52
-2904.42 -2714.52
-2928.15 -2714.52
-2970.01 -2714.52
-3037.50 -2714.52
-3017.38 -2714.52
-2937.06 -2714.52
-2958.01 -2714.52
-2902.17 -2714.52
-2961.41 -2714.52
-2877.08 -2714.52
-2761.25 -2714.52
-2896.08 -2714.52
-2837.17 -2714.52
-2983.20 -2714.52
-3016.02 -2714.52
-2723.66 -2714.52
-3044.16 -2714.52
-2905.82 -2714.52
-2839.37 -2714.52
-2948.78 -2714.52
-2977.87 -2714.52
-2961.82 -2714.52
-3018.58 -2714.52
-2801.34 -2714.52
-2846.93 -2714.52
-2893.89 -2714.52
-2978.08 -2714.52
-3028.52 -2714.52
-3039.64 -2714.52
-2963.38 -2714.52
-3016.43 -2714.52
-2886.47 -2714.52
-3049.73 -2714.52
-2926.94 -2714.52
-2896.71 -2714.52
-2961.46 -2714.52
-2956.30 -2714.52
-2901.03 -2714.52
-2948.53 -2714.52
-3069.31 -2714.52
-2891.37 -2714.52
-2793.69 -2714.52
-3006.14 -2714.52
-2894.56 -2714.52
-3044.50 -2714.52
-2996.12 -2714.52
-2834.64 -2714.52
-2989.55 -2714.52
-2952.23 -2714.52
-2928.27 -2714.52
-2817.70 -2714.52
-2919.33 -2714.52
-2967.32 -2714.52
-2853.75 -2714.52
-2866.26 -2714.52
-2967.66 -2714.52
-2948.66 -2714.52
-2989.25 -2714.52
-3089.34 -2714.52
-2858.67 -2714.52
-2858.90 -2714.52
-3036.15 -2714.52
-2915.93 -2714.52
-2992.14 -2714.52
-2915.68 -2714.52
-2725.34 -2714.52
-2976.54 -2714.52
-2937.25 -2714.52
-3049.43 -2714.52
-2728.60 -2714.52
-2788.53 -2714.52
-2998.78 -2714.52
-2817.64 -2714.52
-3033.27 -2714.52
-2835.41 -2714.52
-2870.46 -2714.52
-3111.25 -2714.52
-2993.93 -2714.52
-3052.49 -2714.52
-2871.51 -2714.52
-2848.00 -2714.52
-2784.93 -2714.52
-2839.11 -2714.52
-2919.45 -2714.52
-2987.14 -2714.52
-3023.56 -2714.52
-2906.44 -2714.52
-2912.74 -2714.52
-2938.39 -2714.52
-3059.26 -2714.52
-2860.62 -2714.52
-2911.97 -2714.52
-2959.91 -2714.52
-2959.13 -2714.52
-2938.35 -2714.52
-2873.04 -2714.52
-2821.97 -2714.52
-2978.00 -2714.52
-2859.04 -2714.52
-2856.50 -2714.52
-2931.77 -2714.52
-3038.17 -2714.52
-3056.24 -2714.52
-3033.34 -2714.52
-3024.23 -2714.52
-2844.00 -2714.52
-3059.27 -2714.52
-2923.87 -2714.52
-2966.38 -2714.52
-2850.79 -2714.52
-2901.28 -2714.52
-2925.04 -2714.52
-2840.91 -2714.52
-2910.99 -2714.52
-3042.08 -2714.52
-2832.36 -2714.52
-2789.00 -2714.52
-2953.77 -2714.52
-2913.89 -2714.52
-2897.16 -2714.52
-2871.16 -2714.52
-2834.09 -2714.52
-2879.31 -2714.52
-2882.73 -2714.52
-2855.01 -2714.52
-2866.99 -2714.52
-2903.11 -2714.52
-2888.11 -2714.52
-3040.95 -2714.52
-2884.74 -2714.52
-2976.17 -2714.52
-2963.73 -2714.52
-3028.30 -2714.52
-2992.63 -2714.52
-2913.84 -2714.52
-2950.15 -2714.52
-2953.41 -2714.52
-2934.11 -2714.52
-2802.12 -2714.52
-3016.01 -2714.52
-3054.12 -2714.52
-3038.76 -2714.52
-2886.22 -2714.52
-2878.97 -2714.52
-3014.81 -2714.52
-2726.13 -2714.52
-2871.26 -2714.52
-2792.08 -2714.52
-2851.14 -2714.52
-2997.42 -2714.52
-3061.30 -2714.52
-2871.28 -2714.52
-2840.95 -2714.52
-2974.97 -2714.52
-2807.45 -2714.52
-2950.75 -2714.52
-2825.56 -2714.52
-2921.33 -2714.52
-3040.36 -2714.52
-2911.95 -2714.52
-2825.67 -2714.52
-2898.99 -2714.52
-2926.37 -2714.52
-3049.67 -2714.52
-2971.75 -2714.52
-2836.26 -2714.52
-2914.59 -2714.52
-2990.73 -2714.52
-3032.98 -2714.52
-2780.52 -2714.52
-2968.52 -2714.52
-2966.70 -2714.52
-2792.70 -2714.52
-2896.70 -2714.52
-2905.14 -2714.52
-3073.70 -2714.52
-2953.11 -2714.52
-2999.89 -2714.52
-3032.41 -2714.52
-3016.42 -2714.52
-2966.33 -2714.52
-2835.49 -2714.52
-3031.30 -2714.52
-2833.79 -2714.52
-2852.21 -2714.52
-2896.59 -2714.52
-2946.24 -2714.52
-2900.18 -2714.52
-2941.51 -2714.52
-2896.74 -2714.52
-2961.26 -2714.52
-2853.01 -2714.52
-3031.57 -2714.52
-2872.18 -2714.52
-2984.68 -2714.52
-2728.05 -2714.52
-2868.67 -2714.52
-2936.87 -2714.52
-2875.69 -2714.52
-2987.17 -2714.52
-3085.01 -2714.52
-2778.76 -2714.52
-2874.65 -2714.52
-2845.45 -2714.52
-2879.46 -2714.52
-2883.82 -2714.52
-2827.39 -2714.52
-3021.95 -2714.52
-2989.79 -2714.52
-3037.09 -2714.52
-3002.21 -2714.52
-2842.38 -2714.52
-2937.99 -2714.52
-2972.54 -2714.52
-2899.35 -2714.52
-2833.88 -2714.52
-2834.98 -2714.52
-2981.08 -2714.52
-2973.63 -2714.52
-3034.09 -2714.52
-3010.82 -2714.52
-3007.14 -2714.52
-2932.20 -2714.52
-2904.86 -2714.52
-3008.30 -2714.52
-2984.67 -2714.52
-3024.50 -2714.52
-2851.42 -2714.52
-2874.13 -2714.52
-2883.64 -2714.52
-3055.57 -2714.52
-2935.78 -2714.52
-3061.49 -2714.52
-2822.43 -2714.52
-2868.72 -2714.52
-2913.18 -2714.52
-3058.83 -2714.52
-2863.50 -2714.52
-2805.90 -2714.52
-3182.51 -2714.52
-3142.01 -2714.52
-3142.97 -2714.52
-3156.03 -2714.52
-3150.35 -2714.52
-3163.21 -2714.52
-3130.46 -3130.46
-3141.82 -3130.46
-3180.95 -3130.46
-3146.96 -3130.46
-3149.29 -3130.46
-3150.44 -3130.46
-3141.58 -3130.46
-3157.59 -3130.46
-3149.51 -3130.46
-3149.43 -3130.46
-3110.45 -3110.45
-3134.02 -3110.45
-3167.45 -3110.45
-3123.75 -3110.45
-3094.51 -3094.51
-3082.17 -3082.17
-3094.81 -3082.17
-3109.22 -3082.17
-3108.34 -3082.17
-3133.47 -3082.17
-3082.88 -3082.17
-3154.56 -3082.17
-3079.24 -3079.24
-3072.75 -3072.75
-3110.61 -3072.75
-3106.64 -3072.75
-3110.41 -3072.75
-3104.03 -3072.75
-3111.45 -3072.75
-3151.08 -3072.75
-3122.76 -3072.75
-3098.14 -3072.75
-3096.05 -3072.75
-3122.87 -3072.75
-3115.80 -3072.75
-3153.46 -3072.75
-3123.46 -3072.75
-3123.41 -3072.75
-3106.75 -3072.75
-3062.54 -3062.54
-3063.06 -3062.54
-3096.49 -3062.54
-3067.48 -3062.54
-3097.83 -3062.54
-3132.36 -3062.54
-3076.63 -3062.54
-3052.09 -3052.09
-3071.82 -3052.09
-3087.11 -3052.09
-3102.04 -3052.09
-3092.08 -3052.09
-2978.71 -2978.71
-3109.29 -2978.71
-3051.19 -2978.71
-3156.26 -2978.71
-3078.19 -2978.71
-3067.32 -2978.71
-3040.22 -2978.71
-3064.21 -2978.71
-3068.16 -2978.71
-3040.66 -2978.71
-2969.29 -2969.29
-3091.74 -2969.29
-2890.43 -2890.43
-2990.20 -2890.43
-3074.59 -2890.43
-3012.56 -2890.43
-3059.53 -2890.43
-3082.23 -2890.43
-2942.90 -2890.43
-3007.09 -2890.43
-3032.85 -2890.43
-2962.93 -2890.43
-3041.61 -2890.43
-3004.49 -2890.43
-3076.54 -2890.43
-2976.89 -2890.43
-2894.53 -2890.43
-3026.13 -2890.43
-3016.50 -2890.43
-2922.44 -2890.43
-2935.61 -2890.43
-2941.42 -2890.43
-2905.96 -2890.43
-3083.15 -2890.43
-2944.88 -2890.43
-3092.03 -2890.43
-2981.31 -2890.43
-3062.61 -2890.43
-2945.77 -2890.43
-3041.85 -2890.43
-2965.26 -2890.43
-3021.18 -2890.43
-2999.26 -2890.43
-2997.20 -2890.43
-2998.34 -2890.43
-2921.85 -2890.43
-2946.04 -2890.43
-3093.32 -2890.43
-2982.73 -2890.43
-2990.20 -2890.43
-3006.10 -2890.43
-3023.31 -2890.43
-2947.75 -2890.43
-3036.69 -2890.43
-3044.76 -2890.43
-3006.92 -2890.43
-3093.51 -2890.43
-2987.89 -2890.43
-3033.00 -2890.43
-3028.25 -2890.43
-3018.23 -2890.43
-3141.27 -2890.43
-2991.33 -2890.43
-3053.81 -2890.43
-3056.14 -2890.43
-2955.81 -2890.43
-3034.02 -2890.43
-2934.77 -2890.43
-3030.60 -2890.43
-2987.86 -2890.43
-3036.19 -2890.43
-2999.68 -2890.43
-2915.19 -2890.43
-3083.91 -2890.43
-3064.90 -2890.43
-2977.80 -2890.43
-2973.87 -2890.43
-2996.85 -2890.43
-2985.14 -2890.43
-3010.58 -2890.43
-3019.36 -2890.43
-2940.42 -2890.43
-3042.61 -2890.43
-3095.01 -2890.43
-2990.66 -2890.43
-2952.75 -2890.43
-2925.58 -2890.43
-3013.14 -2890.43
-3007.74 -2890.43
-2971.76 -2890.43
-2946.59 -2890.43
-3038.41 -2890.43
-3027.15 -2890.43
-3041.62 -2890.43
-2954.88 -2890.43
-3024.75 -2890.43
-2978.40 -2890.43
-3078.51 -2890.43
-3081.17 -2890.43
-2974.18 -2890.43
-3033.60 -2890.43
-2997.35 -2890.43
-3047.16 -2890.43
-2995.99 -2890.43
-2987.05 -2890.43
-3071.07 -2890.43
-3038.44 -2890.43
-2990.20 -2890.43
-3052.86 -2890.43
-2970.75 -2890.43
-3026.01 -2890.43
-2979.30 -2890.43
-3002.62 -2890.43
-2985.73 -2890.43
-3021.08 -2890.43
-3000.00 -2890.43
-2985.34 -2890.43
-2962.31 -2890.43
-2967.65 -2890.43
-2981.81 -2890.43
-2998.75 -2890.43
-3014.02 -2890.43
-2894.70 -2890.43
-3017.06 -2890.43
-2853.32 -2853.32
-2899.49 -2853.32
-2960.11 -2853.32
-2906.63 -2853.32
-2947.91 -2853.32
-2968.48 -2853.32
-2976.23 -2853.32
-3095.08 -2853.32
-2983.68 -2853.32
-2967.06 -2853.32
-2994.98 -2853.32
-3046.02 -2853.32
-2973.74 -2853.32
-2954.02 -2853.32
-2993.67 -2853.32
-2944.08 -2853.32
-2889.59 -2853.32
-2993.00 -2853.32
-3011.37 -2853.32
-2954.23 -2853.32
-3004.29 -2853.32
-3033.42 -2853.32
-3052.56 -2853.32
-2967.48 -2853.32
-2986.90 -2853.32
-3046.15 -2853.32
-3040.64 -2853.32
-3047.15 -2853.32
-2969.77 -2853.32
-2955.63 -2853.32
-2960.67 -2853.32
-2910.41 -2853.32
-2961.26 -2853.32
-3049.83 -2853.32
-2961.12 -2853.32
-2955.13 -2853.32
-2885.43 -2853.32
-2862.38 -2853.32
-2965.47 -2853.32
-2883.79 -2853.32
-3028.43 -2853.32
-3003.36 -2853.32
-3011.64 -2853.32
-2964.10 -2853.32
-2941.53 -2853.32
-2981.43 -2853.32
-2945.68 -2853.32
-2910.04 -2853.32
-2974.66 -2853.32
-2939.34 -2853.32
-3013.13 -2853.32
-2994.08 -2853.32
-3038.58 -2853.32
-2880.54 -2853.32
-2966.11 -2853.32
-2960.43 -2853.32
-2961.95 -2853.32
-2974.42 -2853.32
-2949.19 -2853.32
-3061.77 -2853.32
-2985.48 -2853.32
-2902.56 -2853.32
-2926.17 -2853.32
-2960.19 -2853.32
-2952.96 -2853.32
-2966.57 -2853.32
-2860.23 -2853.32
-2925.13 -2853.32
-2927.80 -2853.32
-3041.93 -2853.32
-2949.28 -2853.32
-2915.10 -2853.32
-2953.28 -2853.32
-2998.93 -2853.32
-2872.67 -2853.32
-2814.14 -2814.14
-2881.27 -2814.14
-2913.77 -2814.14
-2999.34 -2814.14
-2898.38 -2814.14
-3039.73 -2814.14
-3037.70 -2814.14
-2911.13 -2814.14
-2886.76 -2814.14
-2985.03 -2814.14
-2918.55 -2814.14
-2994.51 -2814.14
-2907.73 -2814.14
-2938.98 -2814.14
-2931.32 -2814.14
-2977.64 -2814.14
-2852.62 -2814.14
-3087.36 -2814.14
-2883.76 -2814.14
-2860.42 -2814.14
-2945.92 -2814.14
-2898.09 -2814.14
-2962.40 -2814.14
-3052.99 -2814.14
-3043.24 -2814.14
-2914.86 -2814.14
-3112.04 -2814.14
-3009.32 -2814.14
-2989.26 -2814.14
-2917.97 -2814.14
-2954.47 -2814.14
-2979.49 -2814.14
-2935.05 -2814.14
-2961.22 -2814.14
-2935.57 -2814.14
-2959.66 -2814.14
-2958.49 -2814.14
-2916.38 -2814.14
-2851.34 -2814.14
-2993.42 -2814.14
-2919.54 -2814.14
-3126.84 -2814.14
-3046.06 -2814.14
-2973.40 -2814.14
-3014.10 -2814.14
-2986.54 -2814.14
-3019.28 -2814.14
-2901.32 -2814.14
-2865.19 -2814.14
-2949.07 -2814.14
-2907.80 -2814.14
-2966.51 -2814.14
-2969.66 -2814.14
-2995.44 -2814.14
-3006.74 -2814.14
-2916.09 -2814.14
-2929.55 -2814.14
-2929.58 -2814.14
-2974.89 -2814.14
-2978.23 -2814.14
-2885.03 -2814.14
-2954.25 -2814.14
-2898.22 -2814.14
-3067.18 -2814.14
-2909.19 -2814.14
-2879.49 -2814.14
-2892.94 -2814.14
-2888.79 -2814.14
-2895.31 -2814.14
-2951.47 -2814.14
-2838.08 -2814.14
-2876.39 -2814.14
-2961.66 -2814.14
-3002.80 -2814.14
-2973.48 -2814.14
-2977.68 -2814.14
-2799.53 -2799.53
-2982.78 -2799.53
-2935.63 -2799.53
-3053.32 -2799.53
-2936.41 -2799.53
-2940.84 -2799.53
-2818.89 -2799.53
-3027.78 -2799.53
-2916.18 -2799.53
-2919.62 -2799.53
-3118.14 -2799.53
-3057.99 -2799.53
-3024.40 -2799.53
-2935.97 -2799.53
-2910.28 -2799.53
-2877.07 -2799.53
-2892.99 -2799.53
-2869.43 -2799.53
-2802.75 -2799.53
-2895.15 -2799.53
-2854.41 -2799.53
-2934.90 -2799.53
-2970.46 -2799.53
-2893.01 -2799.53
-3018.03 -2799.53
-2912.61 -2799.53
-2999.60 -2799.53
-2933.39 -2799.53
-2939.37 -2799.53
-2986.65 -2799.53
-2949.09 -2799.53
-2907.56 -2799.53
-2970.68 -2799.53
-2855.84 -2799.53
-2969.36 -2799.53
-2863.45 -2799.53
-2846.74 -2799.53
-2971.22 -2799.53
-3003.42 -2799.53
-2898.70 -2799.53
-3007.22 -2799.53
-2857.61 -2799.53
-2939.53 -2799.53
-3083.49 -2799.53
-2829.04 -2799.53
-2968.14 -2799.53
-2969.44 -2799.53
-2992.37 -2799.53
-3066.91 -2799.53
-2984.27 -2799.53
-2839.24 -2799.53
-3046.83 -2799.53
-2829.41 -2799.53
-2840.83 -2799.53
-2907.02 -2799.53
-2822.36 -2799.53
-2952.30 -2799.53
-3017.10 -2799.53
-3052.73 -2799.53
-2899.31 -2799.53
-2994.87 -2799.53
-3045.92 -2799.53
-2843.26 -2799.53
-2982.26 -2799.53
-2977.06 -2799.53
-2857.62 -2799.53
-2854.23 -2799.53
-2856.66 -2799.53
-2957.34 -2799.53
-2850.80 -2799.53
-2804.26 -2799.53
-3032.32 -2799.53
-3027.87 -2799.53
-2877.21 -2799.53
-2837.98 -2799.53
-3003.51 -2799.53
-2963.91 -2799.53
-2942.91 -2799.53
-2834.81 -2799.53
-3019.62 -2799.53
-3003.56 -2799.53
-3028.80 -2799.53
-2840.32 -2799.53
-2834.27 -2799.53
-3168.50 -2799.53
-3115.30 -3115.30
-3150.71 -3115.30
-3128.41 -3115.30
-3131.16 -3115.30
-3128.93 -3115.30
-3161.98 -3115.30
-3121.18 -3115.30
-3148.47 -3115.30
-3164.74 -3115.30
-3122.63 -3115.30
-3161.21 -3115.30
-3127.47 -3115.30
-3151.79 -3115.30
-3135.63 -3115.30
-3091.34 -3091.34
-3139.43 -3091.34
-3121.71 -3091.34
-3112.21 -3091.34
-3137.58 -3091.34
-3149.69 -3091.34
-3081.88 -3081.88
-3077.52 -3077.52
-3051.33 -3051.33
-3097.50 -3051.33
-2991.17 -2991.17
-3041.29 -2991.17
-2996.38 -2991.17
-2934.55 -2934.55
-2965.52 -2934.55
-2970.10 -2934.55
-2942.34 -2934.55
-3052.09 -2934.55
-3019.09 -2934.55
-3031.17 -2934.55
-3049.96 -2934.55
-3040.04 -2934.55
-3041.58 -2934.55
-3020.66 -2934.55
-3032.54 -2934.55
-3063.54 -2934.55
-3057.43 -2934.55
-3042.40 -2934.55
-2997.93 -2934.55
-3066.42 -2934.55
-2920.90 -2920.90
-3073.22 -2920.90
-2880.21 -2880.21
-2939.81 -2880.21
-3031.73 -2880.21
-3019.07 -2880.21
-2936.89 -2880.21
-2984.87 -2880.21
-2857.58 -2857.58
-3102.78 -2857.58
-2913.99 -2857.58
-2906.54 -2857.58
-2973.51 -2857.58
-2978.59 -2857.58
-2986.24 -2857.58
-2941.19 -2857.58
-2918.71 -2857.58
-3046.30 -2857.58
-3000.35 -2857.58
-2868.19 -2857.58
-2891.85 -2857.58
-3013.96 -2857.58
-3062.03 -2857.58
-2884.72 -2857.58
-2991.18 -2857.58
-2881.46 -2857.58
-2897.67 -2857.58
-3008.38 -2857.58
-3067.71 -2857.58
-2956.44 -2857.58
-2846.24 -2846.24
-2951.86 -2846.24
-2942.65 -2846.24
-2949.06 -2846.24
-2922.04 -2846.24
-2901.60 -2846.24
-3023.77 -2846.24
-2933.29 -2846.24
-2970.35 -2846.24
-3007.37 -2846.24
-3023.45 -2846.24
-3048.05 -2846.24
-2848.42 -2846.24
-3025.45 -2846.24
-2933.39 -2846.24
-2832.60 -2832.60
-2774.75 -2774.75
-2914.81 -2774.75
-2959.40 -2774.75
-3019.16 -2774.75
-2970.66 -2774.75
-2892.36 -2774.75
-2977.90 -2774.75
-3022.03 -2774.75
-3010.50 -2774.75
-2697.79 -2697.79
-2786.52 -2697.79
-2828.63 -2697.79
-2858.53 -2697.79
-2847.50 -2697.79
-2966.64 -2697.79
-2968.21 -2697.79
-2960.74 -2697.79
-2811.77 -2697.79
-2912.48 -2697.79
-2860.29 -2697.79
-2923.55 -2697.79
-2896.87 -2697.79
-2963.49 -2697.79
-2918.26 -2697.79
-2943.31 -2697.79
-2897.60 -2697.79
-2767.97 -2697.79
-2985.54 -2697.79
-3027.98 -2697.79
-2893.49 -2697.79
-3021.91 -2697.79
-2969.19 -2697.79
-2891.56 -2697.79
-2853.87 -2697.79
-2925.28 -2697.79
-3001.92 -2697.79
-2854.19 -2697.79
-2989.35 -2697.79
-2866.76 -2697.79
-2976.40 -2697.79
-2856.27 -2697.79
-2936.17 -2697.79
-2913.86 -2697.79
-2993.56 -2697.79
-2829.55 -2697.79
-2999.53 -2697.79
-3037.00 -2697.79
-2942.64 -2697.79
-2996.40 -2697.79
-3031.62 -2697.79
-3026.07 -2697.79
-2859.47 -2697.79
-3017.59 -2697.79
-2901.72 -2697.79
-2821.67 -2697.79
-2792.63 -2697.79
-2826.38 -2697.79
-3037.79 -2697.79
-2973.51 -2697.79
-3023.52 -2697.79
-3008.49 -2697.79
-3006.03 -2697.79
-2804.77 -2697.79
-2840.98 -2697.79
-2967.65 -2697.79
-3045.09 -2697.79
-2989.73 -2697.79
-2776.32 -2697.79
-2768.23 -2697.79
-2971.06 -2697.79
-2943.17 -2697.79
-2896.54 -2697.79
-2797.46 -2697.79
-2862.64 -2697.79
-2985.28 -2697.79
-3043.41 -2697.79
-2822.71 -2697.79
-2815.74 -2697.79
-2864.38 -2697.79
-2826.24 -2697.79
-3018.16 -2697.79
-2927.80 -2697.79
-2989.26 -2697.79
-2937.61 -2697.79
-2803.05 -2697.79
-2936.32 -2697.79
-3012.93 -2697.79
-2849.86 -2697.79
-2784.30 -2697.79
-2999.32 -2697.79
-2971.44 -2697.79
-3020.53 -2697.79
-2883.57 -2697.79
-2856.12 -2697.79
-2971.77 -2697.79
-2876.51 -2697.79
-2973.31 -2697.79
-2969.24 -2697.79
-3033.87 -2697.79
-2902.94 -2697.79
-2825.71 -2697.79
-2974.01 -2697.79
-3007.72 -2697.79
-2923.78 -2697.79
-2862.06 -2697.79
-3047.14 -2697.79
-3038.08 -2697.79
-2962.69 -2697.79
-3004.71 -2697.79
-2859.48 -2697.79
-2863.07 -2697.79
-2974.48 -2697.79
-2937.25 -2697.79
-2902.91 -2697.79
-3018.36 -2697.79
-2853.14 -2697.79
-2997.59 -2697.79
-3055.45 -2697.79
-2832.99 -2697.79
-2952.39 -2697.79
-2817.83 -2697.79
-2844.94 -2697.79
-2883.86 -2697.79
-2811.25 -2697.79
-2840.16 -2697.79
-2997.79 -2697.79
-2918.78 -2697.79
-3023.44 -2697.79
-2849.93 -2697.79
-3069.40 -2697.79
-2773.29 -2697.79
-2969.65 -2697.79
-2962.62 -2697.79
-2948.27 -2697.79
-2950.99 -2697.79
-3049.41 -2697.79
-2888.99 -2697.79
-2881.48 -2697.79
-3021.52 -2697.79
-2834.79 -2697.79
-2893.36 -2697.79
-2768.78 -2697.79
-2838.01 -2697.79
-2897.83 -2697.79
-2878.71 -2697.79
-2930.60 -2697.79
-2868.00 -2697.79
-2938.55 -2697.79
-2944.53 -2697.79
-2838.42 -2697.79
-2928.86 -2697.79
-2967.38 -2697.79
-2994.61 -2697.79
-2964.22 -2697.79
-2860.96 -2697.79
-3003.63 -2697.79
-2877.19 -2697.79
-2992.84 -2697.79
-2866.96 -2697.79
-2975.84 -2697.79
-2842.85 -2697.79
-3018.19 -2697.79
-2830.37 -2697.79
-2697.61 -2697.61
-2852.73 -2697.61
-3051.76 -2697.61
-2881.33 -2697.61
-2990.28 -2697.61
-3003.42 -2697.61
-2889.15 -2697.61
-2959.08 -2697.61
-2925.65 -2697.61
-2972.74 -2697.61
-2642.13 -2642.13
-3027.00 -2642.13
-2949.19 -2642.13
-2925.80 -2642.13
-2994.03 -2642.13
-3004.42 -2642.13
-3049.46 -2642.13
-2969.36 -2642.13
-2783.17 -2642.13
-2756.05 -2642.13
-2725.32 -2642.13
-2920.50 -2642.13
-2785.95 -2642.13
-2819.57 -2642.13
-3041.98 -2642.13
-2980.17 -2642.13
-2977.40 -2642.13
-2776.93 -2642.13
-2910.10 -2642.13
-2814.23 -2642.13
-2803.43 -2642.13
-2796.05 -2642.13
-2940.59 -2642.13
-2813.19 -2642.13
-2848.66 -2642.13
-2890.26 -2642.13
-2998.21 -2642.13
-2932.96 -2642.13
-2772.44 -2642.13
-2873.07 -2642.13
-3064.51 -2642.13
-2843.81 -2642.13
-2785.91 -2642.13
-2975.52 -2642.13
-2824.93 -2642.13
-2930.84 -2642.13
-3012.38 -2642.13
-2779.69 -2642.13
-2850.76 -2642.13
-2952.46 -2642.13
-2985.05 -2642.13
-2741.15 -2642.13
-2957.11 -2642.13
-2821.54 -2642.13
-2976.87 -2642.13
-3017.02 -2642.13
-2851.36 -2642.13
-2842.29 -2642.13
-3010.96 -2642.13
-2987.13 -2642.13
-3006.75 -2642.13
-2667.94 -2642.13
-2886.49 -2642.13
-2935.54 -2642.13
-2975.95 -2642.13
-3013.64 -2642.13
-2847.65 -2642.13
-2800.76 -2642.13
-2901.50 -2642.13
-2812.56 -2642.13
-3009.80 -2642.13
-3015.45 -2642.13
-2828.13 -2642.13
-2669.96 -2642.13
-2756.07 -2642.13
-2729.23 -2642.13
-3020.68 -2642.13
-2928.81 -2642.13
-2906.38 -2642.13
-2765.41 -2642.13
-3010.04 -2642.13
-3005.42 -2642.13
-3038.19 -2642.13
-3016.78 -2642.13
-2891.03 -2642.13
-2778.13 -2642.13
-2888.68 -2642.13
-2714.81 -2642.13
-2909.68 -2642.13
-2811.86 -2642.13
-2945.47 -2642.13
-3057.92 -2642.13
-2885.10 -2642.13
-2940.09 -2642.13
-2866.95 -2642.13
-2985.60 -2642.13
-3002.58 -2642.13
-2963.31 -2642.13
-2793.71 -2642.13
-2908.82 -2642.13
-2888.58 -2642.13
-2802.30 -2642.13
-2864.58 -2642.13
-2778.51 -2642.13
-2994.79 -2642.13
-2974.84 -2642.13
-2768.17 -2642.13
-3027.27 -2642.13
-2865.59 -2642.13
-2908.49 -2642.13
-2900.92 -2642.13
-2756.06 -2642.13
-2896.23 -2642.13
-2982.65 -2642.13
-2881.20 -2642.13
-2934.29 -2642.13
-2772.04 -2642.13
-2733.88 -2642.13
-2943.08 -2642.13
-2881.93 -2642.13
-2963.21 -2642.13
-2956.11 -2642.13
-2970.42 -2642.13
-2767.98 -2642.13
-2877.64 -2642.13
-2998.99 -2642.13
-2952.81 -2642.13
-2820.43 -2642.13
-2883.23 -2642.13
-2925.52 -2642.13
-2818.01 -2642.13
-2854.90 -2642.13
-2764.78 -2642.13
-2858.85 -2642.13
-2721.50 -2642.13
-2851.33 -2642.13
-2945.96 -2642.13
-2833.00 -2642.13
-3024.88 -2642.13
-2857.21 -2642.13
-2958.36 -2642.13
-2987.65 -2642.13
-2821.47 -2642.13
-2823.84 -2642.13
-2766.68 -2642.13
-2993.48 -2642.13
-2905.98 -2642.13
-2958.91 -2642.13
-2957.67 -2642.13
-2890.90 -2642.13
-2923.38 -2642.13
-3024.32 -2642.13
-2883.70 -2642.13
-3084.70 -2642.13
-2979.50 -2642.13
-2947.45 -2642.13
-2953.66 -2642.13
-2960.59 -2642.13
-2908.84 -2642.13
-2785.86 -2642.13
-3000.69 -2642.13
-2928.08 -2642.13
-3130.89 -3130.89
-3106.39 -3106.39
-3080.95 -3080.95
-3106.04 -3080.95
-3058.42 -3058.42
-3052.23 -3052.23
-3061.44 -3052.23
-3082.91 -3052.23
-3048.10 -3048.10
-3066.67 -3048.10
-3006.09 -3006.09
-3035.45 -3006.09
-3073.21 -3006.09
-3066.15 -3006.09
-3071.92 -3006.09
-2967.26 -2967.26
-3059.41 -2967.26
-3014.21 -2967.26
-2987.21 -2967.26
-2986.94 -2967.26
-3076.26 -2967.26
-3045.91 -2967.26
-3009.83 -2967.26
-3035.98 -2967.26
-3010.30 -2967.26
-3034.34 -2967.26
-3055.53 -2967.26
-3036.64 -2967.26
-2923.41 -2923.41
-3002.19 -2923.41
-2956.97 -2923.41
-2944.33 -2923.41
-2922.05 -2922.05
-2936.69 -2922.05
-3046.44 -2922.05
-2959.01 -2922.05
-2891.49 -2891.49
-2864.87 -2864.87
-2988.84 -2864.87
-3044.97 -2864.87
-2924.90 -2864.87
-3046.61 -2864.87
-3002.47 -2864.87
-2839.79 -2839.79
-3113.42 -2839.79
-2881.31 -2839.79
-3034.74 -2839.79
-3090.64 -2839.79
-2903.01 -2839.79
-2953.01 -2839.79
-2823.11 -2823.11
-3115.56 -2823.11
-2975.66 -2823.11
-3014.32 -2823.11
-3010.71 -2823.11
-2968.00 -2823.11
-2907.10 -2823.11
-2952.77 -2823.11
-2956.48 -2823.11
-2900.67 -2823.11
-3004.84 -2823.11
-2859.67 -2823.11
-3067.97 -2823.11
-2995.46 -2823.11
-3009.91 -2823.11
-3090.55 -2823.11
-3000.52 -2823.11
-2996.46 -2823.11
-2985.97 -2823.11
-2975.95 -2823.11
-3046.81 -2823.11
-3045.42 -2823.11
-3055.91 -2823.11
-2942.52 -2823.11
-3006.33 -2823.11
-2978.54 -2823.11
-3033.86 -2823.11
-3044.87 -2823.11
-2947.28 -2823.11
-3000.39 -2823.11
-2969.10 -2823.11
-3036.24 -2823.11
-2920.93 -2823.11
-2939.91 -2823.11
-2957.68 -2823.11
-2868.11 -2823.11
-2959.03 -2823.11
-2889.74 -2823.11
-2962.91 -2823.11
-2906.36 -2823.11
-2989.26 -2823.11
-3001.14 -2823.11
-3046.48 -2823.11
-3001.66 -2823.11
-3003.20 -2823.11
-2966.33 -2823.11
-2959.05 -2823.11
-2982.22 -2823.11
-2917.42 -2823.11
-2948.36 -2823.11
-2977.07 -2823.11
-2995.39 -2823.11
-2964.16 -2823.11
-3045.88 -2823.11
-2899.99 -2823.11
-3012.12 -2823.11
-2998.62 -2823.11
-3049.15 -2823.11
-2996.02 -2823.11
-2970.01 -2823.11
-2969.35 -2823.11
-2973.41 -2823.11
-2956.80 -2823.11
-2987.97 -2823.11
-2899.51 -2823.11
-2943.17 -2823.11
-2913.52 -2823.11
-3046.34 -2823.11
-2940.80 -2823.11
-3033.91 -2823.11
-3023.32 -2823.11
-2854.73 -2823.11
-2917.80 -2823.11
-2954.22 -2823.11
-3022.46 -2823.11
-2858.90 -2823.11
-2877.68 -2823.11
-2891.70 -2823.11
-2865.70 -2823.11
-2858.52 -2823.11
-3119.02 -2823.11
-2847.23 -2823.11
-2976.66 -2823.11
-2982.10 -2823.11
-3031.01 -2823.11
-2897.32 -2823.11
-3039.87 -2823.11
-2901.86 -2823.11
-3077.67 -2823.11
-2949.96 -2823.11
-2900.86 -2823.11
-2932.51 -2823.11
-2933.60 -2823.11
-2996.70 -2823.11
-2952.29 -2823.11
-2868.22 -2823.11
-2894.67 -2823.11
-2938.99 -2823.11
-2970.29 -2823.11
-3010.10 -2823.11
-2866.57 -2823.11
-2975.22 -2823.11
-2985.54 -2823.11
-3126.46 -2823.11
-3042.17 -2823.11
-2946.16 -2823.11
-2925.66 -2823.11
-2973.13 -2823.11
-3027.78 -2823.11
-2986.72 -2823.11
-2939.64 -2823.11
-3001.55 -2823.11
-2975.66 -2823.11
-2897.13 -2823.11
-2986.84 -2823.11
-2983.69 -2823.11
-2934.23 -2823.11
-3050.26 -2823.11
-3018.91 -2823.11
-2999.07 -2823.11
-2991.34 -2823.11
-3049.90 -2823.11
-2965.57 -2823.11
-2932.49 -2823.11
-2961.58 -2823.11
-3091.03 -2823.11
-2792.21 -2792.21
-2930.40 -2792.21
-2958.57 -2792.21
-3015.14 -2792.21
-3058.34 -2792.21
-3020.71 -2792.21
-2894.22 -2792.21
-2893.34 -2792.21
-2934.80 -2792.21
-3003.29 -2792.21
-3017.02 -2792.21
-2884.94 -2792.21
-2849.84 -2792.21
-3088.43 -2792.21
-2974.19 -2792.21
-3057.24 -2792.21
-2932.01 -2792.21
-3023.11 -2792.21
-2871.60 -2792.21
-3013.94 -2792.21
-3043.77 -2792.21
-2959.28 -2792.21
-2971.40 -2792.21
-3072.26 -2792.21
-2932.56 -2792.21
-2860.98 -2792.21
-2900.28 -2792.21
-2886.66 -2792.21
-2944.25 -2792.21
-2803.90 -2792.21
-2835.82 -2792.21
-2839.50 -2792.21
-2887.76 -2792.21
-2866.65 -2792.21
-2963.43 -2792.21
-2951.97 -2792.21
-2904.90 -2792.21
-2959.49 -2792.21
-3008.58 -2792.21
-2997.90 -2792.21
-2863.36 -2792.21
-3032.50 -2792.21
-2990.44 -2792.21
-2882.95 -2792.21
-2862.52 -2792.21
-2936.04 -2792.21
-3008.55 -2792.21
-3060.64 -2792.21
-2882.00 -2792.21
-2925.17 -2792.21
-2825.90 -2792.21
-2923.21 -2792.21
-2932.96 -2792.21
-2951.00 -2792.21
-3001.43 -2792.21
-3057.74 -2792.21
-2839.65 -2792.21
-2842.39 -2792.21
-3066.06 -2792.21
-2811.26 -2792.21
-2961.22 -2792.21
-2905.98 -2792.21
-2950.13 -2792.21
-2943.64 -2792.21
-2955.45 -2792.21
-3027.37 -2792.21
-2958.40 -2792.21
-2928.59 -2792.21
-3003.16 -2792.21
-2953.21 -2792.21
-2991.56 -2792.21
-3009.73 -2792.21
-2911.12 -2792.21
-2840.00 -2792.21
-2943.45 -2792.21
-2940.70 -2792.21
-3029.88 -2792.21
-2893.91 -2792.21
-2888.96 -2792.21
-2898.06 -2792.21
-2931.36 -2792.21
-2888.45 -2792.21
-2932.68 -2792.21
-3000.79 -2792.21
-2836.81 -2792.21
-2986.71 -2792.21
-2783.56 -2783.56
-2825.12 -2783.56
-2940.65 -2783.56
-2980.12 -2783.56
-3003.37 -2783.56
-2961.13 -2783.56
-2862.42 -2783.56
-2872.78 -2783.56
-2905.71 -2783.56
-2906.92 -2783.56
-2879.57 -2783.56
-2906.35 -2783.56
-2892.93 -2783.56
-2949.67 -2783.56
-2853.87 -2783.56
-2793.42 -2783.56
-2832.55 -2783.56
-2982.28 -2783.56
-2981.77 -2783.56
-2927.85 -2783.56
-2882.29 -2783.56
-2945.16 -2783.56
-2875.15 -2783.56
-2714.13 -2714.13
-2908.90 -2714.13
-2983.77 -2714.13
-2834.79 -2714.13
-2883.14 -2714.13
-2959.95 -2714.13
-2765.73 -2714.13
-2893.24 -2714.13
-2994.90 -2714.13
-2881.38 -2714.13
-2691.55 -2691.55
-2827.34 -2691.55
-2986.67 -2691.55
-2767.67 -2691.55
-2916.57 -2691.55
-2981.85 -2691.55
-3002.49 -2691.55
-2989.40 -2691.55
-2645.33 -2645.33
-2844.35 -2645.33
-2904.41 -2645.33
-2832.48 -2645.33
-2963.58 -2645.33
-2943.46 -2645.33
-2839.31 -2645.33
-2757.37 -2645.33
-2829.91 -2645.33
-2803.35 -2645.33
-2834.50 -2645.33
-2804.19 -2645.33
-2731.26 -2645.33
-3023.97 -2645.33
-2925.70 -2645.33
-2960.95 -2645.33
-2740.60 -2645.33
-2886.67 -2645.33
-3076.09 -2645.33
-2914.97 -2645.33
-2960.83 -2645.33
-2785.62 -2645.33
-2976.30 -2645.33
-2740.17 -2645.33
-2946.43 -2645.33
-2923.53 -2645.33
-3030.39 -2645.33
-2868.63 -2645.33
-2994.97 -2645.33
-2717.46 -2645.33
-2793.41 -2645.33
-2907.04 -2645.33
-2762.89 -2645.33
-2797.91 -2645.33
-2831.67 -2645.33
-2961.58 -2645.33
-2978.76 -2645.33
-3045.53 -2645.33
-2998.18 -2645.33
-2995.31 -2645.33
-2843.58 -2645.33
-2702.62 -2645.33
-3048.23 -2645.33
-2989.23 -2645.33
-2839.88 -2645.33
-2901.54 -2645.33
-2942.60 -2645.33
-2947.98 -2645.33
-2941.20 -2645.33
-2810.53 -2645.33
-2942.79 -2645.33
-2933.18 -2645.33
-2993.36 -2645.33
-2827.97 -2645.33
-3017.21 -2645.33
-2689.45 -2645.33
-3016.19 -2645.33
-2887.61 -2645.33
-2878.75 -2645.33
-2679.88 -2645.33
-2973.50 -2645.33
-2792.21 -2645.33
-2936.12 -2645.33
-2694.07 -2645.33
-2922.72 -2645.33
-2642.05 -2642.05
-2937.36 -2642.05
-2730.99 -2642.05
-3024.66 -2642.05
-2737.90 -2642.05
-2948.19 -2642.05
-2960.17 -2642.05
-2810.62 -2642.05
-2880.63 -2642.05
-2893.61 -2642.05
-2783.25 -2642.05
-2946.90 -2642.05
-2804.12 -2642.05
-2866.01 -2642.05
-2957.07 -2642.05
-2857.60 -2642.05
-2749.98 -2642.05
-2705.70 -2642.05
-2919.72 -2642.05
-2926.97 -2642.05
-3051.80 -2642.05
-2995.23 -2642.05
-2881.69 -2642.05
-2887.44 -2642.05
-2937.38 -2642.05
-3001.03 -2642.05
-2865.58 -2642.05
-2771.87 -2642.05
-2777.54 -2642.05
-2976.32 -2642.05
-2678.42 -2642.05
-2950.54 -2642.05
-2598.11 -2598.11
-2980.36 -2598.11
-2706.84 -2598.11
-2921.98 -2598.11
-2995.76 -2598.11
-3104.22 -2598.11
-2860.37 -2598.11
-2812.74 -2598.11
-2826.54 -2598.11
-2870.08 -2598.11
-3045.29 -2598.11
-2902.30 -2598.11
-2889.31 -2598.11
-2919.31 -2598.11
-2936.25 -2598.11
-2560.44 -2560.44
-3148.73 -2560.44
-3142.23 -2560.44
-3151.25 -2560.44
-3147.21 -2560.44
