-10000.00 -10000.00
-129052.15 -10000.00
-128319.20 -10000.00
-129031.97 -10000.00
-128328.61 -10000.00
-129784.53 -10000.00
-129073.24 -10000.00
-128769.53 -10000.00
-128895.45 -10000.00
-130681.93 -10000.00
-128299.29 -10000.00
-129912.76 -10000.00
-129625.98 -10000.00
-130194.61 -10000.00
-128439.44 -10000.00
-128868.47 -10000.00
-127821.82 -10000.00
-128934.06 -10000.00
-129431.21 -10000.00
-128739.60 -10000.00
-129452.22 -10000.00
-131000.11 -10000.00
-127407.83 -10000.00
-131002.36 -10000.00
-129157.22 -10000.00
-128194.17 -10000.00
-125862.19 -10000.00
-129331.60 -10000.00
-129126.06 -10000.00
-128131.18 -10000.00
-127749.63 -10000.00
-128679.17 -10000.00
-128554.13 -10000.00
-130523.84 -10000.00
-129377.85 -10000.00
-128850.24 -10000.00
-128913.90 -10000.00
-130053.15 -10000.00
-128695.32 -10000.00
-131465.75 -10000.00
-131657.88 -10000.00
-128229.08 -10000.00
-129588.78 -10000.00
-128435.44 -10000.00
-128075.21 -10000.00
-130046.76 -10000.00
-128580.84 -10000.00
-129337.59 -10000.00
-131577.72 -10000.00
-128213.31 -10000.00
-129970.69 -10000.00
-127935.55 -10000.00
-128878.54 -10000.00
-129205.60 -10000.00
-127449.35 -10000.00
-128864.75 -10000.00
-128408.63 -10000.00
-129796.98 -10000.00
-127265.94 -10000.00
-128340.21 -10000.00
-130124.68 -10000.00
-130583.66 -10000.00
-127347.88 -10000.00
-128948.13 -10000.00
-129511.47 -10000.00
-129210.67 -10000.00
-131160.51 -10000.00
-127987.22 -10000.00
-128867.65 -10000.00
-130199.57 -10000.00
-130698.55 -10000.00
-129348.16 -10000.00
-130384.18 -10000.00
-130411.86 -10000.00
-129933.62 -10000.00
-129030.54 -10000.00
-130030.55 -10000.00
-128685.72 -10000.00
-129752.85 -10000.00
-130128.87 -10000.00
-127737.44 -10000.00
-128542.01 -10000.00
-131396.08 -10000.00
-127816.87 -10000.00
-128023.20 -10000.00
-130015.48 -10000.00
-128510.46 -10000.00
-129915.29 -10000.00
-129291.60 -10000.00
-128921.75 -10000.00
-128846.08 -10000.00
-129021.37 -10000.00
-129194.41 -10000.00
-130004.00 -10000.00
-129044.68 -10000.00
-129489.97 -10000.00
-128822.06 -10000.00
-129163.33 -10000.00
-128885.04 -10000.00
-129932.44 -10000.00
-131043.53 -10000.00
-129350.60 -10000.00
-127939.66 -10000.00
-129157.02 -10000.00
-128159.43 -10000.00
-128490.69 -10000.00
-129058.53 -10000.00
-128873.91 -10000.00
-127987.26 -10000.00
-128135.95 -10000.00
-129019.67 -10000.00
-128727.88 -10000.00
-127771.35 -10000.00
-128497.60 -10000.00
-129241.81 -10000.00
-127761.25 -10000.00
-129365.67 -10000.00
-128775.63 -10000.00
-128668.03 -10000.00
-126852.82 -10000.00
-129697.08 -10000.00
-129043.54 -10000.00
-129354.18 -10000.00
-130405.42 -10000.00
-127467.54 -10000.00
-128878.87 -10000.00
-128126.49 -10000.00
-128146.52 -10000.00
-129093.55 -10000.00
-128999.39 -10000.00
-129979.41 -10000.00
-128773.36 -10000.00
-127917.58 -10000.00
-129802.39 -10000.00
-128851.62 -10000.00
-129692.48 -10000.00
-129099.37 -10000.00
-129021.95 -10000.00
-129347.73 -10000.00
-127242.52 -10000.00
-128945.96 -10000.00
-129389.53 -10000.00
-127775.47 -10000.00
-128656.14 -10000.00
-129302.88 -10000.00
-128272.58 -10000.00
-129083.10 -10000.00
-130465.83 -10000.00
-128353.55 -10000.00
-128176.70 -10000.00
-128786.64 -10000.00
-128808.47 -10000.00
-130803.44 -10000.00
-128935.15 -10000.00
-128657.81 -10000.00
-129118.16 -10000.00
-129610.58 -10000.00
-127937.99 -10000.00
-130122.82 -10000.00
-128883.46 -10000.00
-129860.97 -10000.00
-129373.06 -10000.00
-129620.86 -10000.00
-129373.29 -10000.00
-129483.22 -10000.00
-130053.21 -10000.00
-129338.03 -10000.00
-128593.33 -10000.00
-128789.23 -10000.00
-130120.31 -10000.00
-128603.79 -10000.00
-128386.71 -10000.00
-129535.00 -10000.00
-127366.87 -10000.00
-127923.10 -10000.00
-128682.78 -10000.00
-130163.56 -10000.00
-131254.86 -10000.00
-128635.35 -10000.00
-127325.56 -10000.00
-130804.99 -10000.00
-129420.91 -10000.00
-128879.32 -10000.00
-129445.62 -10000.00
-129497.79 -10000.00
-129155.88 -10000.00
-128830.87 -10000.00
-127414.53 -10000.00
-131735.04 -10000.00
-129203.65 -10000.00
-129927.50 -10000.00
-131371.11 -10000.00
-129866.46 -10000.00
-128967.61 -10000.00
-129890.73 -10000.00
-130666.91 -10000.00
-129206.57 -10000.00
-128136.65 -10000.00
-127861.85 -10000.00
-130946.03 -10000.00
-126931.63 -10000.00
-130096.53 -10000.00
-129307.26 -10000.00
-131172.31 -10000.00
-128213.36 -10000.00
-129056.14 -10000.00
-129858.50 -10000.00
-128047.47 -10000.00
-129475.00 -10000.00
-128932.08 -10000.00
-128694.47 -10000.00
-128843.03 -10000.00
-128916.11 -10000.00
-128573.58 -10000.00
-129721.33 -10000.00
-128536.54 -10000.00
-128420.72 -10000.00
-128226.71 -10000.00
-128905.22 -10000.00
-130149.31 -10000.00
-131148.12 -10000.00
-129673.13 -10000.00
-128523.40 -10000.00
-128134.23 -10000.00
-130306.15 -10000.00
-129399.50 -10000.00
-130468.57 -10000.00
-128976.36 -10000.00
-129350.12 -10000.00
-128441.15 -10000.00
-129291.96 -10000.00
-129931.30 -10000.00
-129235.57 -10000.00
-127937.32 -10000.00
-129183.26 -10000.00
-129032.89 -10000.00
-127858.02 -10000.00
-130437.18 -10000.00
-128683.71 -10000.00
-129697.91 -10000.00
-129284.29 -10000.00
-128624.47 -10000.00
-128781.52 -10000.00
-128104.26 -10000.00
-126876.17 -10000.00
-127514.90 -10000.00
-127292.03 -10000.00
-129849.80 -10000.00
-127932.13 -10000.00
-129530.62 -10000.00
-129561.72 -10000.00
-129102.06 -10000.00
-128410.17 -10000.00
-127801.70 -10000.00
-129475.30 -10000.00
-128540.04 -10000.00
-129482.87 -10000.00
-128512.58 -10000.00
-131300.86 -10000.00
-129073.00 -10000.00
-129748.83 -10000.00
-129006.66 -10000.00
-130045.60 -10000.00
-129595.23 -10000.00
-128843.50 -10000.00
-126852.25 -10000.00
-127907.59 -10000.00
-129336.18 -10000.00
-130401.82 -10000.00
-128436.03 -10000.00
-128761.61 -10000.00
-129788.80 -10000.00
-128845.57 -10000.00
-128928.97 -10000.00
-128530.79 -10000.00
-127633.96 -10000.00
-131608.16 -10000.00
-129736.22 -10000.00
-128730.45 -10000.00
-128681.06 -10000.00
-128702.56 -10000.00
-130775.01 -10000.00
-128457.51 -10000.00
-129460.67 -10000.00
-129532.21 -10000.00
-128379.39 -10000.00
-129601.53 -10000.00
-128749.39 -10000.00
-129144.38 -10000.00
-127987.90 -10000.00
-128643.07 -10000.00
-129759.91 -10000.00
-129896.94 -10000.00
-128872.83 -10000.00
-128673.41 -10000.00
-129271.28 -10000.00
-129628.45 -10000.00
-129376.93 -10000.00
-129486.26 -10000.00
-129683.86 -10000.00
-129196.06 -10000.00
-129925.52 -10000.00
-128991.21 -10000.00
-128208.29 -10000.00
-129865.61 -10000.00
-127670.05 -10000.00
-129963.32 -10000.00
-127869.97 -10000.00
-127987.69 -10000.00
-130235.17 -10000.00
-129976.27 -10000.00
-128099.50 -10000.00
-129952.62 -10000.00
-130059.88 -10000.00
-129821.47 -10000.00
-129327.98 -10000.00
-129362.38 -10000.00
-127867.33 -10000.00
-130780.86 -10000.00
-129345.07 -10000.00
-127856.95 -10000.00
-127902.25 -10000.00
-130475.97 -10000.00
-128784.27 -10000.00
-128826.77 -10000.00
-128212.31 -10000.00
-127636.90 -10000.00
-128650.92 -10000.00
-128637.14 -10000.00
-129614.26 -10000.00
-129354.57 -10000.00
-128634.98 -10000.00
-129555.45 -10000.00
-128230.15 -10000.00
-128397.58 -10000.00
-128855.75 -10000.00
-128701.00 -10000.00
-129512.72 -10000.00
-127130.80 -10000.00
-127774.18 -10000.00
-130396.33 -10000.00
-129149.55 -10000.00
-129492.01 -10000.00
-128442.31 -10000.00
-127005.56 -10000.00
-130554.21 -10000.00
-129523.54 -10000.00
-129551.90 -10000.00
-128611.85 -10000.00
-127970.08 -10000.00
-129418.01 -10000.00
-129677.75 -10000.00
-128857.17 -10000.00
-128428.90 -10000.00
-130298.48 -10000.00
-128017.37 -10000.00
-128189.59 -10000.00
-128989.98 -10000.00
-128736.54 -10000.00
-129305.83 -10000.00
-129031.33 -10000.00
-128101.20 -10000.00
-128942.00 -10000.00
-127673.93 -10000.00
-129231.60 -10000.00
-128693.01 -10000.00
-128736.21 -10000.00
-129913.18 -10000.00
-130300.74 -10000.00
-128535.90 -10000.00
-127908.95 -10000.00
-128967.07 -10000.00
-128003.34 -10000.00
-129307.68 -10000.00
-127484.14 -10000.00
-129439.12 -10000.00
-129689.96 -10000.00
-127755.06 -10000.00
-129557.38 -10000.00
-130223.28 -10000.00
-127714.43 -10000.00
-127638.30 -10000.00
-129946.84 -10000.00
-128572.58 -10000.00
-129237.81 -10000.00
-129579.93 -10000.00
-129234.25 -10000.00
-129309.76 -10000.00
-129277.21 -10000.00
-128873.45 -10000.00
-128939.39 -10000.00
-128054.98 -10000.00
-128695.40 -10000.00
-130165.89 -10000.00
-129571.96 -10000.00
-127643.75 -10000.00
-130354.74 -10000.00
-128080.74 -10000.00
-129861.68 -10000.00
-129241.52 -10000.00
-128975.59 -10000.00
-129681.50 -10000.00
-129058.35 -10000.00
-128628.14 -10000.00
-131329.34 -10000.00
-130218.43 -10000.00
-128663.44 -10000.00
-128691.26 -10000.00
-128937.29 -10000.00
-127867.84 -10000.00
-128078.36 -10000.00
-128585.05 -10000.00
-129642.50 -10000.00
-128977.59 -10000.00
-129515.19 -10000.00
-130836.75 -10000.00
-129013.98 -10000.00
-130267.17 -10000.00
-128562.95 -10000.00
-129671.68 -10000.00
-129302.73 -10000.00
-131603.31 -10000.00
-128988.77 -10000.00
-128518.95 -10000.00
-128364.41 -10000.00
-126844.98 -10000.00
-129071.24 -10000.00
-129077.98 -10000.00
-129441.79 -10000.00
-130081.90 -10000.00
-130113.99 -10000.00
-128124.20 -10000.00
-127997.20 -10000.00
-130624.41 -10000.00
-128685.12 -10000.00
-129423.74 -10000.00
-127260.25 -10000.00
-128989.37 -10000.00
-128749.17 -10000.00
-129820.28 -10000.00
-129722.12 -10000.00
-129756.13 -10000.00
-128710.20 -10000.00
-129652.86 -10000.00
-129284.16 -10000.00
-128559.71 -10000.00
-129207.44 -10000.00
-129590.63 -10000.00
-130752.60 -10000.00
-128053.15 -10000.00
-128652.77 -10000.00
-130709.13 -10000.00
-129286.80 -10000.00
-130253.52 -10000.00
-127427.06 -10000.00
-129434.90 -10000.00
-129468.86 -10000.00
-129497.50 -10000.00
-128444.44 -10000.00
-130129.88 -10000.00
-128421.60 -10000.00
-129610.17 -10000.00
-128031.44 -10000.00
-129091.45 -10000.00
-128678.36 -10000.00
-129204.93 -10000.00
-128439.33 -10000.00
-130204.66 -10000.00
-130821.74 -10000.00
-130556.24 -10000.00
-130582.01 -10000.00
-127771.44 -10000.00
-129427.50 -10000.00
-128743.32 -10000.00
-129507.87 -10000.00
-128769.67 -10000.00
-129534.52 -10000.00
-130732.44 -10000.00
-128989.50 -10000.00
-127649.98 -10000.00
-129618.36 -10000.00
-129848.15 -10000.00
-132292.81 -10000.00
-128782.12 -10000.00
-130506.46 -10000.00
-130465.54 -10000.00
-128300.41 -10000.00
-129614.68 -10000.00
-129392.50 -10000.00
-129965.39 -10000.00
-129863.96 -10000.00
-129736.07 -10000.00
-128768.15 -10000.00
-129833.84 -10000.00
-127880.13 -10000.00
-129212.64 -10000.00
-129248.15 -10000.00
-128979.36 -10000.00
-129114.30 -10000.00
-128941.30 -10000.00
-128417.43 -10000.00
-129249.96 -10000.00
-130254.51 -10000.00
-130123.03 -10000.00
-128966.05 -10000.00
-128066.59 -10000.00
-129424.99 -10000.00
-128194.69 -10000.00
-129390.23 -10000.00
-129669.72 -10000.00
-128514.36 -10000.00
-127434.90 -10000.00
-130499.70 -10000.00
-128336.09 -10000.00
-128469.11 -10000.00
-127481.34 -10000.00
-128946.28 -10000.00
-129069.36 -10000.00
-129655.21 -10000.00
-130723.91 -10000.00
-127967.27 -10000.00
-129916.09 -10000.00
-129101.15 -10000.00
-130382.73 -10000.00
-130168.09 -10000.00
-128333.24 -10000.00
-129035.74 -10000.00
-126719.54 -10000.00
-127894.68 -10000.00
-127773.79 -10000.00
-128681.25 -10000.00
-129183.26 -10000.00
-130301.47 -10000.00
-129086.61 -10000.00
-129346.28 -10000.00
-127769.22 -10000.00
-128517.61 -10000.00
-129505.44 -10000.00
-128819.23 -10000.00
-128340.41 -10000.00
-130132.63 -10000.00
-130346.52 -10000.00
-129785.92 -10000.00
-128211.12 -10000.00
-129342.01 -10000.00
-129333.68 -10000.00
-129465.88 -10000.00
-129195.25 -10000.00
-128920.03 -10000.00
-127966.54 -10000.00
-128969.09 -10000.00
-128727.14 -10000.00
-127797.32 -10000.00
-128232.67 -10000.00
-129981.28 -10000.00
-131447.67 -10000.00
-129897.88 -10000.00
-127422.52 -10000.00
-128702.26 -10000.00
-130427.31 -10000.00
-129948.88 -10000.00
-129181.06 -10000.00
-127853.53 -10000.00
-129543.84 -10000.00
-129481.75 -10000.00
-128527.42 -10000.00
-129887.36 -10000.00
-128281.75 -10000.00
-128815.78 -10000.00
-128781.87 -10000.00
-129232.15 -10000.00
-128037.34 -10000.00
-129748.40 -10000.00
-129296.27 -10000.00
-130541.89 -10000.00
-131233.23 -10000.00
-130110.35 -10000.00
-129042.75 -10000.00
-128721.93 -10000.00
-126912.43 -10000.00
-128293.82 -10000.00
-128670.94 -10000.00
-129271.07 -10000.00
-129028.65 -10000.00
-128322.72 -10000.00
-130093.84 -10000.00
-127947.74 -10000.00
-126786.26 -10000.00
-129702.23 -10000.00
-130080.66 -10000.00
-128410.46 -10000.00
-128699.16 -10000.00
-128908.86 -10000.00
-129174.04 -10000.00
-128247.56 -10000.00
-129182.73 -10000.00
-128940.44 -10000.00
-130024.64 -10000.00
-129090.50 -10000.00
-128961.73 -10000.00
-128905.43 -10000.00
-130333.70 -10000.00
-128935.93 -10000.00
-130190.22 -10000.00
-129304.83 -10000.00
-129096.84 -10000.00
-129108.35 -10000.00
-128880.56 -10000.00
-130154.82 -10000.00
-128414.93 -10000.00
-129810.25 -10000.00
-128698.69 -10000.00
-128615.12 -10000.00
-127898.21 -10000.00
-129186.60 -10000.00
-127736.30 -10000.00
-129695.29 -10000.00
-128996.54 -10000.00
-129374.14 -10000.00
-127774.59 -10000.00
-127810.75 -10000.00
-128876.99 -10000.00
-129100.22 -10000.00
-130247.03 -10000.00
-128713.00 -10000.00
-129314.43 -10000.00
-128261.70 -10000.00
-128841.56 -10000.00
-128660.23 -10000.00
-129314.86 -10000.00
-130128.87 -10000.00
-128881.53 -10000.00
-129567.01 -10000.00
-129117.84 -10000.00
-129025.30 -10000.00
-128865.21 -10000.00
-128084.77 -10000.00
-128942.29 -10000.00
-130966.52 -10000.00
-129179.66 -10000.00
-128693.63 -10000.00
-126725.21 -10000.00
-130105.44 -10000.00
-129773.88 -10000.00
-127682.31 -10000.00
-129766.55 -10000.00
-129144.68 -10000.00
-129118.39 -10000.00
-127926.84 -10000.00
-127564.46 -10000.00
-128710.40 -10000.00
-130317.60 -10000.00
-129714.19 -10000.00
-128638.47 -10000.00
-129217.58 -10000.00
-129514.05 -10000.00
-129229.04 -10000.00
-129032.86 -10000.00
-128925.88 -10000.00
-130450.77 -10000.00
-130666.17 -10000.00
-130478.84 -10000.00
-129097.04 -10000.00
-128239.90 -10000.00
-129254.85 -10000.00
-128869.52 -10000.00
-129141.73 -10000.00
-130384.09 -10000.00
-128596.19 -10000.00
-128744.18 -10000.00
-128505.14 -10000.00
-128313.08 -10000.00
-128993.53 -10000.00
-130446.04 -10000.00
-129840.47 -10000.00
-129014.47 -10000.00
-131354.84 -10000.00
-129010.79 -10000.00
-128361.38 -10000.00
-128894.66 -10000.00
-129146.03 -10000.00
-128955.87 -10000.00
-129647.03 -10000.00
-130404.69 -10000.00
-130883.85 -10000.00
-129349.50 -10000.00
-128175.95 -10000.00
-128393.77 -10000.00
-129572.66 -10000.00
-129148.04 -10000.00
-129430.96 -10000.00
-129622.64 -10000.00
-130241.39 -10000.00
-129613.48 -10000.00
-128607.89 -10000.00
-128732.03 -10000.00
-128424.05 -10000.00
-129039.65 -10000.00
-127928.16 -10000.00
-129998.42 -10000.00
-128844.16 -10000.00
-129728.67 -10000.00
-128910.04 -10000.00
-129964.19 -10000.00
-128417.32 -10000.00
-129101.43 -10000.00
-129639.56 -10000.00
-129530.47 -10000.00
-130766.19 -10000.00
-128848.83 -10000.00
-127399.38 -10000.00
-129504.19 -10000.00
-129581.40 -10000.00
-130223.61 -10000.00
-128877.73 -10000.00
-131493.27 -10000.00
-128759.48 -10000.00
-129600.41 -10000.00
-128929.38 -10000.00
-130804.01 -10000.00
-131011.20 -10000.00
-128243.97 -10000.00
-128050.18 -10000.00
-128801.82 -10000.00
-128936.36 -10000.00
-128896.75 -10000.00
-129352.06 -10000.00
-129568.30 -10000.00
-128552.69 -10000.00
-128440.14 -10000.00
-128747.22 -10000.00
-128890.36 -10000.00
-128876.91 -10000.00
-129378.53 -10000.00
-129287.12 -10000.00
-128103.53 -10000.00
-128423.76 -10000.00
-128488.78 -10000.00
-129164.23 -10000.00
-129790.51 -10000.00
-128649.53 -10000.00
-129708.88 -10000.00
-129340.50 -10000.00
-129143.87 -10000.00
-129089.02 -10000.00
-130341.22 -10000.00
-130201.11 -10000.00
-129444.13 -10000.00
-128654.35 -10000.00
-130184.86 -10000.00
-128715.08 -10000.00
-130384.43 -10000.00
-127998.90 -10000.00
-128037.32 -10000.00
-129338.61 -10000.00
-128730.27 -10000.00
-129926.33 -10000.00
-127860.72 -10000.00
-129347.62 -10000.00
-127908.05 -10000.00
-128963.85 -10000.00
-127927.44 -10000.00
-129442.22 -10000.00
-128245.24 -10000.00
-129121.51 -10000.00
-128879.73 -10000.00
-128783.83 -10000.00
-129170.65 -10000.00
-127913.24 -10000.00
-129702.52 -10000.00
-128028.20 -10000.00
-128536.56 -10000.00
-130194.40 -10000.00
-128623.13 -10000.00
-129367.88 -10000.00
-129083.22 -10000.00
-129590.31 -10000.00
-128776.83 -10000.00
-129543.35 -10000.00
-130006.52 -10000.00
-130029.35 -10000.00
-129802.51 -10000.00
-128840.01 -10000.00
-128621.28 -10000.00
-129999.59 -10000.00
-131369.65 -10000.00
-129119.13 -10000.00
-128198.69 -10000.00
-129470.84 -10000.00
-129226.67 -10000.00
-129725.89 -10000.00
-128941.70 -10000.00
-130393.79 -10000.00
-128767.68 -10000.00
-127639.31 -10000.00
-128713.22 -10000.00
-129809.20 -10000.00
-128769.83 -10000.00
-128473.66 -10000.00
-129327.65 -10000.00
-129069.55 -10000.00
-129439.64 -10000.00
-130280.88 -10000.00
-127983.82 -10000.00
-127487.26 -10000.00
-129706.22 -10000.00
-129109.86 -10000.00
-127961.56 -10000.00
-129433.29 -10000.00
-128787.80 -10000.00
-129110.72 -10000.00
-129186.00 -10000.00
-129458.84 -10000.00
-128607.16 -10000.00
-129845.27 -10000.00
-129274.67 -10000.00
-129501.56 -10000.00
-128921.57 -10000.00
-128863.79 -10000.00
-128076.88 -10000.00
-128956.47 -10000.00
-129902.01 -10000.00
-129628.04 -10000.00
-129022.08 -10000.00
-128631.50 -10000.00
-129217.27 -10000.00
-128026.47 -10000.00
-126921.96 -10000.00
-128999.67 -10000.00
-128041.66 -10000.00
-129158.46 -10000.00
-129257.30 -10000.00
-130150.77 -10000.00
-128300.58 -10000.00
-128753.17 -10000.00
-128263.65 -10000.00
-127718.92 -10000.00
-129342.35 -10000.00
-127511.97 -10000.00
-128990.97 -10000.00
-129679.86 -10000.00
-128902.02 -10000.00
-128066.05 -10000.00
-128419.44 -10000.00
-127864.80 -10000.00
-128081.16 -10000.00
-128681.97 -10000.00
-127844.27 -10000.00
-127671.56 -10000.00
-129306.22 -10000.00
-129200.69 -10000.00
-128269.81 -10000.00
-127374.98 -10000.00
-128363.33 -10000.00
-129334.91 -10000.00
-128007.80 -10000.00
-129044.75 -10000.00
-129641.54 -10000.00
-128874.28 -10000.00
-129580.64 -10000.00
-128043.83 -10000.00
-129237.60 -10000.00
-129265.90 -10000.00
-127263.03 -10000.00
-127818.95 -10000.00
-128013.19 -10000.00
-127295.91 -10000.00
-127551.71 -10000.00
-129636.59 -10000.00
-126876.04 -10000.00
-126237.56 -10000.00
-127406.47 -10000.00
-129591.98 -10000.00
-127362.21 -10000.00
-128735.48 -10000.00
-129046.75 -10000.00
-127955.76 -10000.00
-127518.24 -10000.00
-128560.88 -10000.00
-128420.74 -10000.00
-127972.72 -10000.00
-129060.32 -10000.00
-128741.85 -10000.00
-128895.19 -10000.00
-126645.38 -10000.00
-128527.54 -10000.00
-128331.29 -10000.00
-129275.09 -10000.00
-128215.05 -10000.00
-129303.63 -10000.00
-129487.02 -10000.00
-126419.03 -10000.00
-128028.58 -10000.00
-129130.01 -10000.00
-128431.69 -10000.00
-129915.76 -10000.00
-128121.41 -10000.00
-129268.75 -10000.00
-126547.79 -10000.00
-127481.91 -10000.00
-129659.40 -10000.00
-127640.90 -10000.00
-126152.40 -10000.00
-127658.77 -10000.00
-128331.08 -10000.00
-128752.04 -10000.00
-127636.90 -10000.00
-127298.29 -10000.00
-129199.34 -10000.00
-129020.86 -10000.00
-127575.22 -10000.00
-129668.54 -10000.00
-128454.10 -10000.00
-127571.24 -10000.00
-126967.96 -10000.00
-128130.43 -10000.00
-129538.62 -10000.00
-127516.67 -10000.00
-127398.60 -10000.00
-129766.62 -10000.00
-128806.20 -10000.00
-129215.81 -10000.00
-128566.73 -10000.00
-129312.04 -10000.00
-128464.24 -10000.00
-128685.16 -10000.00
-129063.79 -10000.00
-128343.10 -10000.00
-125820.24 -10000.00
-127833.06 -10000.00
-129712.97 -10000.00
-128921.75 -10000.00
-127978.11 -10000.00
-130047.41 -10000.00
-127729.12 -10000.00
-128278.82 -10000.00
-127966.23 -10000.00
-127249.78 -10000.00
-129070.47 -10000.00
-126299.54 -10000.00
-127122.58 -10000.00
-128085.22 -10000.00
-128346.45 -10000.00
-128592.48 -10000.00
-128579.64 -10000.00
-127249.41 -10000.00
-126909.22 -10000.00
-128164.82 -10000.00
-128196.82 -10000.00
-128045.15 -10000.00
-129655.56 -10000.00
-129399.86 -10000.00
-127544.18 -10000.00
-127747.82 -10000.00
-128646.69 -10000.00
-128019.52 -10000.00
-128295.67 -10000.00
-128659.91 -10000.00
-128092.33 -10000.00
-130673.37 -10000.00
-128568.58 -10000.00
-127682.75 -10000.00
-125715.94 -10000.00
-129356.41 -10000.00
-129258.82 -10000.00
-128994.21 -10000.00
-127793.70 -10000.00
-128387.85 -10000.00
-128409.33 -10000.00
-128476.49 -10000.00
-128174.94 -10000.00
-126595.82 -10000.00
-128992.46 -10000.00
-129802.96 -10000.00
-128703.77 -10000.00
-128645.31 -10000.00
-130816.30 -10000.00
-128487.21 -10000.00
-128232.14 -10000.00
-129253.68 -10000.00
-128154.79 -10000.00
-126905.01 -10000.00
-128786.23 -10000.00
-129042.64 -10000.00
-129429.56 -10000.00
-128626.73 -10000.00
-129824.89 -10000.00
-127463.29 -10000.00
-127289.84 -10000.00
-129785.45 -10000.00
-127761.82 -10000.00
-128594.34 -10000.00
-127112.08 -10000.00
-128536.60 -10000.00
-129063.48 -10000.00
-129505.28 -10000.00
-130037.55 -10000.00
-127244.78 -10000.00
-129401.06 -10000.00
-127752.13 -10000.00
-128626.73 -10000.00
-129418.24 -10000.00
-128287.89 -10000.00
-127127.96 -10000.00
-127626.95 -10000.00
-128633.24 -10000.00
-128509.19 -10000.00
-126807.21 -10000.00
-127989.77 -10000.00
-127371.50 -10000.00
-129933.07 -10000.00
-129703.19 -10000.00
-129240.50 -10000.00
-128211.21 -10000.00
-129667.11 -10000.00
-128644.44 -10000.00
-128664.12 -10000.00
-126146.66 -10000.00
-127279.67 -10000.00
-127316.26 -10000.00
-129042.86 -10000.00
-128117.05 -10000.00
-129097.19 -10000.00
-126108.86 -10000.00
-128071.15 -10000.00
-125581.35 -10000.00
-130863.86 -10000.00
-128227.03 -10000.00
-128131.55 -10000.00
-130505.18 -10000.00
-129579.60 -10000.00
-130019.71 -10000.00
-128196.69 -10000.00
-128172.33 -10000.00
-128018.33 -10000.00
-128621.37 -10000.00
-128064.05 -10000.00
-127083.81 -10000.00
-128948.88 -10000.00
-128709.57 -10000.00
-129288.03 -10000.00
-127815.62 -10000.00
-129284.34 -10000.00
-127390.10 -10000.00
-127361.36 -10000.00
-128800.26 -10000.00
-127998.56 -10000.00
-127487.53 -10000.00
-128480.29 -10000.00
-128900.07 -10000.00
-125772.94 -10000.00
-127068.69 -10000.00
-128397.12 -10000.00
-127643.84 -10000.00
-129401.75 -10000.00
-129904.48 -10000.00
-127809.79 -10000.00
-128464.61 -10000.00
-128335.56 -10000.00
-130848.65 -10000.00
-130025.59 -10000.00
-128148.51 -10000.00
-129538.77 -10000.00
-127842.08 -10000.00
-128736.57 -10000.00
-127606.86 -10000.00
-128438.95 -10000.00
-128206.34 -10000.00
-127592.71 -10000.00
-127165.58 -10000.00
-128334.24 -10000.00
-128077.50 -10000.00
-127318.53 -10000.00
-127458.37 -10000.00
-128553.28 -10000.00
-127872.98 -10000.00
-128883.27 -10000.00
-128111.33 -10000.00
-129595.89 -10000.00
-128272.78 -10000.00
-127076.07 -10000.00
-130022.37 -10000.00
-128427.15 -10000.00
-129880.96 -10000.00
-128923.47 -10000.00
-129024.81 -10000.00
-127838.99 -10000.00
-127027.48 -10000.00
-127900.31 -10000.00
-129479.88 -10000.00
-127715.84 -10000.00
-128129.14 -10000.00
-129395.00 -10000.00
-128514.19 -10000.00
-128343.14 -10000.00
-128120.22 -10000.00
-126658.49 -10000.00
-129400.61 -10000.00
-128280.61 -10000.00
-127818.23 -10000.00
-128717.01 -10000.00
-130221.13 -10000.00
-129418.76 -10000.00
-128273.24 -10000.00
-127435.88 -10000.00
-126662.28 -10000.00
-128574.00 -10000.00
-129418.61 -10000.00
-129692.45 -10000.00
-127683.14 -10000.00
-129106.83 -10000.00
-128095.23 -10000.00
-126029.13 -10000.00
-128740.40 -10000.00
-128807.43 -10000.00
-127069.10 -10000.00
-128410.05 -10000.00
-128769.17 -10000.00
-129375.26 -10000.00
-128092.02 -10000.00
-128743.37 -10000.00
-126747.65 -10000.00
-129285.40 -10000.00
-128484.25 -10000.00
-129646.56 -10000.00
-128896.02 -10000.00
-127036.44 -10000.00
-130105.65 -10000.00
-128187.53 -10000.00
-128851.75 -10000.00
-128175.60 -10000.00
-128578.14 -10000.00
-129415.68 -10000.00
-128178.89 -10000.00
-130456.72 -10000.00
-128099.21 -10000.00
-128632.12 -10000.00
-128819.08 -10000.00
-127691.05 -10000.00
-129834.85 -10000.00
-127910.70 -10000.00
-127923.01 -10000.00
-126661.22 -10000.00
-127480.59 -10000.00
-128657.63 -10000.00
-127489.64 -10000.00
-128131.56 -10000.00
-128393.44 -10000.00
-127983.03 -10000.00
-126229.45 -10000.00
-128975.83 -10000.00
-128108.87 -10000.00
-128616.64 -10000.00
-128416.66 -10000.00
-129427.92 -10000.00
-126913.35 -10000.00
-128385.79 -10000.00
-127078.14 -10000.00
-128507.86 -10000.00
-126316.23 -10000.00
-128310.30 -10000.00
-127528.32 -10000.00
-128268.36 -10000.00
-127208.94 -10000.00
-129514.76 -10000.00
-129565.57 -10000.00
-128744.82 -10000.00
-128885.59 -10000.00
-127734.08 -10000.00
-129135.90 -10000.00
-127689.80 -10000.00
-128309.78 -10000.00
-130462.53 -10000.00
-128631.01 -10000.00
-127271.48 -10000.00
-127104.96 -10000.00
-127751.77 -10000.00
-128584.74 -10000.00
-129514.53 -10000.00
-127763.08 -10000.00
-127767.65 -10000.00
-128061.65 -10000.00
-128506.25 -10000.00
-128178.71 -10000.00
-127725.30 -10000.00
-128204.08 -10000.00
-127323.60 -10000.00
-127493.41 -10000.00
-127708.41 -10000.00
-129407.42 -10000.00
-129433.10 -10000.00
-127358.05 -10000.00
-129024.96 -10000.00
-127183.83 -10000.00
-126837.84 -10000.00
-128400.75 -10000.00
-129270.73 -10000.00
-127606.90 -10000.00
-129733.36 -10000.00
-129441.43 -10000.00
-127954.37 -10000.00
-127959.17 -10000.00
-127320.46 -10000.00
-128847.96 -10000.00
-127243.58 -10000.00
-128911.62 -10000.00
-128632.51 -10000.00
-129025.81 -10000.00
-127635.65 -10000.00
-127072.92 -10000.00
-128910.72 -10000.00
-128726.87 -10000.00
-128664.82 -10000.00
-129415.22 -10000.00
-127039.89 -10000.00
-128833.23 -10000.00
-127374.03 -10000.00
-129935.43 -10000.00
-129139.05 -10000.00
-128126.26 -10000.00
-129354.42 -10000.00
-128097.22 -10000.00
-127299.33 -10000.00
-129056.44 -10000.00
-129074.59 -10000.00
-129136.87 -10000.00
-129485.28 -10000.00
-126496.44 -10000.00
-128478.44 -10000.00
-128390.50 -10000.00
-128199.53 -10000.00
-128426.75 -10000.00
-129139.47 -10000.00
-127263.26 -10000.00
-128471.74 -10000.00
-126411.76 -10000.00
-129050.42 -10000.00
-127332.86 -10000.00
-128432.48 -10000.00
-127595.52 -10000.00
-127221.29 -10000.00
-128808.74 -10000.00
-128245.48 -10000.00
-127878.66 -10000.00
-129480.01 -10000.00
-129424.22 -10000.00
-129288.44 -10000.00
-126864.48 -10000.00
-128318.48 -10000.00
-130197.30 -10000.00
-129555.64 -10000.00
-128464.20 -10000.00
-129123.21 -10000.00
-129504.56 -10000.00
-129201.77 -10000.00
-128080.43 -10000.00
-130996.34 -10000.00
-128004.27 -10000.00
-129618.23 -10000.00
-132082.09 -10000.00
-130579.27 -10000.00
-129758.49 -10000.00
-128746.01 -10000.00
-130173.60 -10000.00
-129400.08 -10000.00
-128005.62 -10000.00
-128870.51 -10000.00
-128435.80 -10000.00
-130177.55 -10000.00
-129921.66 -10000.00
-129501.60 -10000.00
-129511.45 -10000.00
-130069.66 -10000.00
-129193.22 -10000.00
-128519.36 -10000.00
-128734.71 -10000.00
-128895.10 -10000.00
-129624.30 -10000.00
-128978.65 -10000.00
-129702.44 -10000.00
-127552.84 -10000.00
-129185.09 -10000.00
-130305.46 -10000.00
-128784.65 -10000.00
-129173.34 -10000.00
-129895.49 -10000.00
-128841.77 -10000.00
-128543.62 -10000.00
-129689.27 -10000.00
-130438.83 -10000.00
-128638.32 -10000.00
-127623.17 -10000.00
-129232.29 -10000.00
-128596.09 -10000.00
-128604.59 -10000.00
-129059.64 -10000.00
-129407.41 -10000.00
-129364.32 -10000.00
-129230.19 -10000.00
-128590.09 -10000.00
-128493.86 -10000.00
-129643.63 -10000.00
-128416.36 -10000.00
-127900.93 -10000.00
-129380.57 -10000.00
-128499.93 -10000.00
-129419.97 -10000.00
-129745.70 -10000.00
-129978.94 -10000.00
-127784.99 -10000.00
-130395.13 -10000.00
-128594.47 -10000.00
-130049.55 -10000.00
-128954.69 -10000.00
-129475.13 -10000.00
-129611.66 -10000.00
-130144.53 -10000.00
-128498.14 -10000.00
-129767.16 -10000.00
-128973.81 -10000.00
-129829.38 -10000.00
-127022.03 -10000.00
-127982.99 -10000.00
-127920.73 -10000.00
-128617.27 -10000.00
-129918.08 -10000.00
-128735.59 -10000.00
-127752.70 -10000.00
-128558.99 -10000.00
-130022.67 -10000.00
-127928.91 -10000.00
-129054.43 -10000.00
-129186.15 -10000.00
-128793.76 -10000.00
-129060.05 -10000.00
-128941.58 -10000.00
-128602.29 -10000.00
-127103.26 -10000.00
-129499.21 -10000.00
-126666.35 -10000.00
-129404.73 -10000.00
-128524.17 -10000.00
-127357.77 -10000.00
-130028.30 -10000.00
-129446.74 -10000.00
-130404.53 -10000.00
-129724.79 -10000.00
-129521.41 -10000.00
-129031.59 -10000.00
-128800.13 -10000.00
-129905.41 -10000.00
-131862.39 -10000.00
-128956.76 -10000.00
-128451.70 -10000.00
-129036.34 -10000.00
-130483.71 -10000.00
-128974.80 -10000.00
-130092.90 -10000.00
-129951.66 -10000.00
-128613.84 -10000.00
-129987.63 -10000.00
-130737.88 -10000.00
-130419.69 -10000.00
-129093.19 -10000.00
-128611.93 -10000.00
-128966.03 -10000.00
-128579.71 -10000.00
-129528.74 -10000.00
-127573.54 -10000.00
-130715.01 -10000.00
-129388.32 -10000.00
-129571.18 -10000.00
-128434.27 -10000.00
-128610.77 -10000.00
-129933.42 -10000.00
-129070.84 -10000.00
-130345.79 -10000.00
-129003.18 -10000.00
-130900.70 -10000.00
-128921.65 -10000.00
-129621.62 -10000.00
-129486.65 -10000.00
-128695.18 -10000.00
-128406.77 -10000.00
-128700.99 -10000.00
-129484.72 -10000.00
-128362.69 -10000.00
-130503.35 -10000.00
-128409.20 -10000.00
-128486.60 -10000.00
-128621.87 -10000.00
-131225.10 -10000.00
-127364.47 -10000.00
-128290.55 -10000.00
-127002.49 -10000.00
-129134.31 -10000.00
-128993.68 -10000.00
-128929.59 -10000.00
-129035.41 -10000.00
-131342.16 -10000.00
-128790.06 -10000.00
-129581.10 -10000.00
-128993.98 -10000.00
-128478.74 -10000.00
-129494.33 -10000.00
-130944.49 -10000.00
-129586.06 -10000.00
-129823.91 -10000.00
-127927.78 -10000.00
-129707.81 -10000.00
-129278.17 -10000.00
-128017.35 -10000.00
-127867.80 -10000.00
-129070.21 -10000.00
-129014.80 -10000.00
-131011.35 -10000.00
-130132.17 -10000.00
-129347.10 -10000.00
-128227.48 -10000.00
-129763.94 -10000.00
-129068.38 -10000.00
-128763.89 -10000.00
-127395.56 -10000.00
-128830.36 -10000.00
-129813.31 -10000.00
-128336.13 -10000.00
-129417.11 -10000.00
-127593.86 -10000.00
-128832.96 -10000.00
-128874.66 -10000.00
-129429.74 -10000.00
-129281.51 -10000.00
-129088.90 -10000.00
-130266.18 -10000.00
-128594.77 -10000.00
-130933.50 -10000.00
-129788.11 -10000.00
-129486.44 -10000.00
-128901.53 -10000.00
-129239.03 -10000.00
-129095.59 -10000.00
-129034.25 -10000.00
-129232.06 -10000.00
-129333.71 -10000.00
-129199.11 -10000.00
-128969.09 -10000.00
-127519.37 -10000.00
-128272.64 -10000.00
-128100.61 -10000.00
-128511.88 -10000.00
-129257.37 -10000.00
-128992.83 -10000.00
-129822.88 -10000.00
-130233.52 -10000.00
-130186.68 -10000.00
-129341.76 -10000.00
-128340.71 -10000.00
-129544.56 -10000.00
-129761.65 -10000.00
-130236.59 -10000.00
-130021.58 -10000.00
-129330.84 -10000.00
-128590.60 -10000.00
-127532.97 -10000.00
-129031.22 -10000.00
-128249.44 -10000.00
-129183.68 -10000.00
-129703.00 -10000.00
-128487.77 -10000.00
-128795.13 -10000.00
-131179.17 -10000.00
-129498.29 -10000.00
-128833.14 -10000.00
-128987.86 -10000.00
-129205.16 -10000.00
-128364.01 -10000.00
-128401.89 -10000.00
-129792.11 -10000.00
-127939.54 -10000.00
-127227.13 -10000.00
-128879.51 -10000.00
-129256.95 -10000.00
-129675.70 -10000.00
-129762.74 -10000.00
-128322.40 -10000.00
-130285.82 -10000.00
-127811.27 -10000.00
-130862.47 -10000.00
-128555.75 -10000.00
-127965.73 -10000.00
-129974.76 -10000.00
-128739.80 -10000.00
-131217.02 -10000.00
-129203.66 -10000.00
-130036.64 -10000.00
-129198.94 -10000.00
-129641.32 -10000.00
-129245.63 -10000.00
-129560.86 -10000.00
-128033.44 -10000.00
-129561.08 -10000.00
-130890.78 -10000.00
-129484.53 -10000.00
-129487.67 -10000.00
-128330.31 -10000.00
-128768.86 -10000.00
-129561.09 -10000.00
-130415.55 -10000.00
-130832.38 -10000.00
-128603.97 -10000.00
-128639.31 -10000.00
-130450.48 -10000.00
-128997.61 -10000.00
-128614.77 -10000.00
-129626.43 -10000.00
-129976.69 -10000.00
-131453.23 -10000.00
-128894.10 -10000.00
-128420.74 -10000.00
-128340.45 -10000.00
-129868.66 -10000.00
-127386.07 -10000.00
-132365.75 -10000.00
-128584.15 -10000.00
-128750.32 -10000.00
-128654.35 -10000.00
-129629.42 -10000.00
-127863.62 -10000.00
-128813.90 -10000.00
-130461.69 -10000.00
-129784.69 -10000.00
-129257.24 -10000.00
-130240.52 -10000.00
-128931.99 -10000.00
-129938.10 -10000.00
-127873.43 -10000.00
-127213.37 -10000.00
-129059.37 -10000.00
-126041.54 -10000.00
-129770.51 -10000.00
-129432.12 -10000.00
-127579.21 -10000.00
-128034.78 -10000.00
-126811.79 -10000.00
-127888.53 -10000.00
-128450.70 -10000.00
-128834.97 -10000.00
-130581.14 -10000.00
-130202.27 -10000.00
-128609.12 -10000.00
-130144.78 -10000.00
-130294.86 -10000.00
-129191.16 -10000.00
-128618.30 -10000.00
-127561.46 -10000.00
-128887.18 -10000.00
-129986.47 -10000.00
-130397.00 -10000.00
-128788.89 -10000.00
-128970.12 -10000.00
-129326.08 -10000.00
-129609.18 -10000.00
-128894.22 -10000.00
-127025.34 -10000.00
-128581.47 -10000.00
-130276.44 -10000.00
-130112.83 -10000.00
-128857.10 -10000.00
-129295.12 -10000.00
-128331.49 -10000.00
-128388.92 -10000.00
-129627.92 -10000.00
-128592.19 -10000.00
-129826.22 -10000.00
-129220.66 -10000.00
-128471.17 -10000.00
-127351.71 -10000.00
-128872.82 -10000.00
-128872.75 -10000.00
-131535.79 -10000.00
-129317.77 -10000.00
-130473.14 -10000.00
-129572.70 -10000.00
-128766.14 -10000.00
-128730.05 -10000.00
-130058.07 -10000.00
-130392.52 -10000.00
-130534.53 -10000.00
-127522.64 -10000.00
-128835.54 -10000.00
-128193.30 -10000.00
-128501.44 -10000.00
-129657.53 -10000.00
-129623.85 -10000.00
-129127.87 -10000.00
-128544.55 -10000.00
-130706.01 -10000.00
-129954.18 -10000.00
-129774.08 -10000.00
-128890.47 -10000.00
-129139.79 -10000.00
-128527.84 -10000.00
-130420.62 -10000.00
-130751.91 -10000.00
-129821.54 -10000.00
-129088.59 -10000.00
-128627.47 -10000.00
-129112.61 -10000.00
-129945.83 -10000.00
-128901.22 -10000.00
-127196.87 -10000.00
-129219.36 -10000.00
-128672.61 -10000.00
-130326.46 -10000.00
-129432.53 -10000.00
-126858.06 -10000.00
-129256.48 -10000.00
-128933.92 -10000.00
-128336.93 -10000.00
-128937.28 -10000.00
-129123.87 -10000.00
-128061.51 -10000.00
-129365.33 -10000.00
-127177.79 -10000.00
-129684.45 -10000.00
-130775.58 -10000.00
-128928.12 -10000.00
-128616.01 -10000.00
-130216.00 -10000.00
-129530.20 -10000.00
-129104.74 -10000.00
-129011.80 -10000.00
-127016.36 -10000.00
-129844.59 -10000.00
-128877.93 -10000.00
-128602.78 -10000.00
-129177.30 -10000.00
-130417.50 -10000.00
-129133.58 -10000.00
-127294.57 -10000.00
-128343.22 -10000.00
-128567.70 -10000.00
-128748.61 -10000.00
-129544.57 -10000.00
-129778.22 -10000.00
-129962.30 -10000.00
-129644.92 -10000.00
-128991.12 -10000.00
-129232.10 -10000.00
-129945.50 -10000.00
-129106.95 -10000.00
-128700.74 -10000.00
-130010.96 -10000.00
-127716.69 -10000.00
-129135.68 -10000.00
-129377.45 -10000.00
-128606.08 -10000.00
-130394.94 -10000.00
-130278.71 -10000.00
-128754.84 -10000.00
-126902.31 -10000.00
-127850.28 -10000.00
-129339.52 -10000.00
-126283.12 -10000.00
-129348.96 -10000.00
-130536.58 -10000.00
-126788.47 -10000.00
-130805.75 -10000.00
-129198.33 -10000.00
-127984.03 -10000.00
-128697.78 -10000.00
-128198.46 -10000.00
-128951.14 -10000.00
-128626.10 -10000.00
-129384.58 -10000.00
-128671.25 -10000.00
-129139.89 -10000.00
-129250.27 -10000.00
-128706.47 -10000.00
-129159.89 -10000.00
-128630.69 -10000.00
-128589.21 -10000.00
-130381.33 -10000.00
-128735.34 -10000.00
-130453.84 -10000.00
-128953.91 -10000.00
-128296.62 -10000.00
-130088.60 -10000.00
-129415.51 -10000.00
-132165.87 -10000.00
-127541.48 -10000.00
-129239.81 -10000.00
-128829.70 -10000.00
-130776.66 -10000.00
-128688.13 -10000.00
-128708.28 -10000.00
-130514.58 -10000.00
-131222.01 -10000.00
-127854.07 -10000.00
-130277.20 -10000.00
-128935.67 -10000.00
-127419.39 -10000.00
-128241.84 -10000.00
-128212.45 -10000.00
-129124.57 -10000.00
-128818.03 -10000.00
-127833.59 -10000.00
-129468.19 -10000.00
-130134.19 -10000.00
-129239.84 -10000.00
-129716.17 -10000.00
-129470.59 -10000.00
-129560.04 -10000.00
-128727.49 -10000.00
-128179.40 -10000.00
-128289.71 -10000.00
-128151.11 -10000.00
-128398.58 -10000.00
-129035.84 -10000.00
-129928.59 -10000.00
-128942.57 -10000.00
-130118.31 -10000.00
-131069.91 -10000.00
-131676.70 -10000.00
-129205.03 -10000.00
-129286.64 -10000.00
-128083.53 -10000.00
-128919.56 -10000.00
-128451.24 -10000.00
-129175.48 -10000.00
-128915.23 -10000.00
-129314.48 -10000.00
-128022.24 -10000.00
-129807.26 -10000.00
-131686.29 -10000.00
-129946.13 -10000.00
-129381.52 -10000.00
-130080.56 -10000.00
-128332.23 -10000.00
-128746.59 -10000.00
-131172.53 -10000.00
-129340.98 -10000.00
-130499.68 -10000.00
-128746.15 -10000.00
-128984.76 -10000.00
-129918.55 -10000.00
-128211.28 -10000.00
-130455.02 -10000.00
-130459.26 -10000.00
-128939.19 -10000.00
-128202.14 -10000.00
-129663.51 -10000.00
-129659.10 -10000.00
-127589.63 -10000.00
-128057.95 -10000.00
-129511.80 -10000.00
-130847.11 -10000.00
-128413.49 -10000.00
-128675.13 -10000.00
-129855.20 -10000.00
-127104.03 -10000.00
-128936.84 -10000.00
-130918.21 -10000.00
-128447.50 -10000.00
-130178.08 -10000.00
-130536.85 -10000.00
-127936.10 -10000.00
-130264.15 -10000.00
-128856.54 -10000.00
-129621.96 -10000.00
-131164.96 -10000.00
-128785.88 -10000.00
-128962.68 -10000.00
-128881.56 -10000.00
-130230.93 -10000.00
-128605.47 -10000.00
-128508.36 -10000.00
-129135.91 -10000.00
-130389.39 -10000.00
-128982.20 -10000.00
-129615.73 -10000.00
-129558.20 -10000.00
-128986.95 -10000.00
-129757.40 -10000.00
-128571.64 -10000.00
-129404.30 -10000.00
-130064.65 -10000.00
-130589.74 -10000.00
-129905.23 -10000.00
-129442.22 -10000.00
-129068.35 -10000.00
-129450.43 -10000.00
-128270.69 -10000.00
-129680.12 -10000.00
-128722.06 -10000.00
-129284.97 -10000.00
-129396.36 -10000.00
-129026.62 -10000.00
-130164.07 -10000.00
-131140.30 -10000.00
-128674.50 -10000.00
-128145.83 -10000.00
-129130.01 -10000.00
-129038.62 -10000.00
-129280.31 -10000.00
-128465.41 -10000.00
-129113.73 -10000.00
-128568.14 -10000.00
-128390.73 -10000.00
-130557.40 -10000.00
-128818.45 -10000.00
-130515.03 -10000.00
-128477.02 -10000.00
-128730.29 -10000.00
-127631.67 -10000.00
-128701.97 -10000.00
-128750.48 -10000.00
-129925.54 -10000.00
-128905.84 -10000.00
-127924.42 -10000.00
-129189.08 -10000.00
-127522.12 -10000.00
-128856.35 -10000.00
-129437.76 -10000.00
-130785.78 -10000.00
-130530.56 -10000.00
-129529.79 -10000.00
-128731.57 -10000.00
-130243.01 -10000.00
-128767.56 -10000.00
-129974.16 -10000.00
-128948.16 -10000.00
-130771.34 -10000.00
-129119.39 -10000.00
-128001.93 -10000.00
-129084.39 -10000.00
-129569.43 -10000.00
-129467.47 -10000.00
-131232.40 -10000.00
-130421.66 -10000.00
-129713.98 -10000.00
-128477.14 -10000.00
-127264.64 -10000.00
-130428.06 -10000.00
-129585.58 -10000.00
-130302.21 -10000.00
-127704.68 -10000.00
-128078.19 -10000.00
-129913.30 -10000.00
-130042.50 -10000.00
-129169.76 -10000.00
-129175.45 -10000.00
-128507.00 -10000.00
-129605.64 -10000.00
-129281.49 -10000.00
-129630.69 -10000.00
-129077.35 -10000.00
-126577.36 -10000.00
-130355.17 -10000.00
-129748.27 -10000.00
-128635.03 -10000.00
-130329.86 -10000.00
-130187.07 -10000.00
-129273.02 -10000.00
-129351.11 -10000.00
-130784.84 -10000.00
-129535.18 -10000.00
-129243.71 -10000.00
-129073.91 -10000.00
-127418.34 -10000.00
-129017.91 -10000.00
-129752.29 -10000.00
-130033.99 -10000.00
-128371.12 -10000.00
-127651.51 -10000.00
-128696.18 -10000.00
-128134.68 -10000.00
-128722.88 -10000.00
-129881.11 -10000.00
-129173.69 -10000.00
-127992.63 -10000.00
-129474.94 -10000.00
-128981.41 -10000.00
-128998.48 -10000.00
-129441.59 -10000.00
-128577.15 -10000.00
-129749.88 -10000.00
-127964.24 -10000.00
-127833.54 -10000.00
-130265.38 -10000.00
-128881.09 -10000.00
-128296.03 -10000.00
-129932.71 -10000.00
-128113.46 -10000.00
-129988.06 -10000.00
-126356.60 -10000.00
-129303.72 -10000.00
-129607.26 -10000.00
-127630.11 -10000.00
-129472.70 -10000.00
-128917.56 -10000.00
-129836.70 -10000.00
-131345.99 -10000.00
-128422.02 -10000.00
-128669.39 -10000.00
-130376.18 -10000.00
-128383.25 -10000.00
-128867.24 -10000.00
-128887.81 -10000.00
-131079.68 -10000.00
-129461.80 -10000.00
-128339.77 -10000.00
-129543.78 -10000.00
-129083.18 -10000.00
-128445.92 -10000.00
-129876.48 -10000.00
-129598.59 -10000.00
-129233.23 -10000.00
-129030.17 -10000.00
-129418.14 -10000.00
-128949.10 -10000.00
-131647.14 -10000.00
-128168.86 -10000.00
-129508.27 -10000.00
-128701.94 -10000.00
-128659.29 -10000.00
-128325.96 -10000.00
-129007.11 -10000.00
-130341.13 -10000.00
-128622.51 -10000.00
-127776.05 -10000.00
-127721.94 -10000.00
-129811.96 -10000.00
-130532.20 -10000.00
-131483.51 -10000.00
-128659.65 -10000.00
-127793.93 -10000.00
-129009.64 -10000.00
-128927.86 -10000.00
-129178.21 -10000.00
-130279.02 -10000.00
-130365.93 -10000.00
-129274.76 -10000.00
-130682.21 -10000.00
-128891.92 -10000.00
-129224.70 -10000.00
-128717.43 -10000.00
-129111.12 -10000.00
-128594.50 -10000.00
-129140.53 -10000.00
-130899.08 -10000.00
-128261.78 -10000.00
-129449.69 -10000.00
-127398.36 -10000.00
-130173.62 -10000.00
-129300.06 -10000.00
-129108.78 -10000.00
-130633.90 -10000.00
-128995.16 -10000.00
-128821.82 -10000.00
-129387.99 -10000.00
-129490.03 -10000.00
-129967.84 -10000.00
-127573.30 -10000.00
-127661.35 -10000.00
-129622.39 -10000.00
-128888.54 -10000.00
-126913.34 -10000.00
-128688.99 -10000.00
-129165.79 -10000.00
-130228.19 -10000.00
-128890.63 -10000.00
-127058.43 -10000.00
-130071.62 -10000.00
-129218.88 -10000.00
-128393.18 -10000.00
-130796.21 -10000.00
-130931.05 -10000.00
-128731.66 -10000.00
-128753.24 -10000.00
-129224.66 -10000.00
-130674.36 -10000.00
-129609.20 -10000.00
-130715.63 -10000.00
-128502.98 -10000.00
-128885.21 -10000.00
-126694.14 -10000.00
-127675.67 -10000.00
-128505.04 -10000.00
-129175.27 -10000.00
-128570.40 -10000.00
-129671.42 -10000.00
-128501.82 -10000.00
-129748.64 -10000.00
-126582.77 -10000.00
-127749.03 -10000.00
-128151.47 -10000.00
-131693.95 -10000.00
-128400.89 -10000.00
-128122.66 -10000.00
-127270.75 -10000.00
-129765.12 -10000.00
-129441.16 -10000.00
-129265.45 -10000.00
-130237.39 -10000.00
-128744.34 -10000.00
-127531.14 -10000.00
-130714.97 -10000.00
-128956.46 -10000.00
-129269.09 -10000.00
-130572.22 -10000.00
-130080.91 -10000.00
-129292.75 -10000.00
-129855.64 -10000.00
-129518.86 -10000.00
-127535.83 -10000.00
-129738.81 -10000.00
-128258.66 -10000.00
-128864.94 -10000.00
-128433.64 -10000.00
-129347.41 -10000.00
-128354.85 -10000.00
-128640.72 -10000.00
-130258.24 -10000.00
-129899.84 -10000.00
-129634.08 -10000.00
-128564.75 -10000.00
-129479.45 -10000.00
-128919.68 -10000.00
-131441.28 -10000.00
-130347.47 -10000.00
-129510.89 -10000.00
-130852.94 -10000.00
-129391.44 -10000.00
-126868.66 -10000.00
-126212.30 -10000.00
-128727.63 -10000.00
-129867.89 -10000.00
-128714.09 -10000.00
-128774.84 -10000.00
-128072.03 -10000.00
-129101.52 -10000.00
-128429.47 -10000.00
-130218.23 -10000.00
-130325.43 -10000.00
-130191.73 -10000.00
-128429.50 -10000.00
-129015.10 -10000.00
-129698.37 -10000.00
-130291.41 -10000.00
-130571.03 -10000.00
-129394.75 -10000.00
-128617.43 -10000.00
-130249.37 -10000.00
-130984.48 -10000.00
-130370.57 -10000.00
-128479.68 -10000.00
-128590.84 -10000.00
-128339.88 -10000.00
-129241.56 -10000.00
-129646.79 -10000.00
-128636.83 -10000.00
-129649.87 -10000.00
-130375.86 -10000.00
-129363.54 -10000.00
-128363.01 -10000.00
-128816.17 -10000.00
-128670.48 -10000.00
-129804.12 -10000.00
-130995.54 -10000.00
-128565.90 -10000.00
-127177.06 -10000.00
-128543.39 -10000.00
-130420.97 -10000.00
-129218.27 -10000.00
-129522.15 -10000.00
-129485.64 -10000.00
-128310.93 -10000.00
-128267.40 -10000.00
-128063.91 -10000.00
-129412.49 -10000.00
-129686.07 -10000.00
-130241.99 -10000.00
-126513.18 -10000.00
-128083.29 -10000.00
-126954.94 -10000.00
-127358.79 -10000.00
-128759.98 -10000.00
-128469.07 -10000.00
-129013.25 -10000.00
-126747.79 -10000.00
-127995.00 -10000.00
-127572.79 -10000.00
-127936.26 -10000.00
-128954.88 -10000.00
-127975.65 -10000.00
-128679.15 -10000.00
-127494.06 -10000.00
-129405.15 -10000.00
-131330.36 -10000.00
-128296.66 -10000.00
-128002.64 -10000.00
-128359.96 -10000.00
-128489.03 -10000.00
-129020.19 -10000.00
-127476.13 -10000.00
-126599.09 -10000.00
-127735.97 -10000.00
-128250.15 -10000.00
-129394.68 -10000.00
-127144.54 -10000.00
-129564.32 -10000.00
-129594.56 -10000.00
-129510.73 -10000.00
-129528.42 -10000.00
-129140.36 -10000.00
-128207.35 -10000.00
-125454.29 -10000.00
-127274.98 -10000.00
-128177.82 -10000.00
-127740.89 -10000.00
-126793.29 -10000.00
-129472.82 -10000.00
-127310.67 -10000.00
-129113.84 -10000.00
-128232.05 -10000.00
-129867.88 -10000.00
-127978.02 -10000.00
-128651.99 -10000.00
-128225.26 -10000.00
-128777.42 -10000.00
-127465.76 -10000.00
-128809.66 -10000.00
-126642.95 -10000.00
-129614.79 -10000.00
-127706.53 -10000.00
-129496.08 -10000.00
-129313.19 -10000.00
-127791.39 -10000.00
-128178.66 -10000.00
-128765.67 -10000.00
-128399.56 -10000.00
-128753.70 -10000.00
-129277.65 -10000.00
-128206.02 -10000.00
-127741.65 -10000.00
-130459.63 -10000.00
-129761.63 -10000.00
-128697.79 -10000.00
-129294.21 -10000.00
-128755.95 -10000.00
-128220.91 -10000.00
-128586.81 -10000.00
-127169.41 -10000.00
-129544.63 -10000.00
-127177.83 -10000.00
-127648.50 -10000.00
-127347.27 -10000.00
-128308.73 -10000.00
-130269.05 -10000.00
-128425.18 -10000.00
-127810.61 -10000.00
-128048.15 -10000.00
-128710.49 -10000.00
-129091.52 -10000.00
-127548.59 -10000.00
-130248.72 -10000.00
-128540.31 -10000.00
-129960.21 -10000.00
-128541.10 -10000.00
-128360.90 -10000.00
-128673.98 -10000.00
-127808.80 -10000.00
-127695.55 -10000.00
-128191.62 -10000.00
-128945.61 -10000.00
-128639.21 -10000.00
-128183.98 -10000.00
-129817.43 -10000.00
-127268.84 -10000.00
-128273.53 -10000.00
-129286.22 -10000.00
-126354.72 -10000.00
-128361.28 -10000.00
-131369.32 -10000.00
-128067.08 -10000.00
-128870.41 -10000.00
-129226.24 -10000.00
-128271.36 -10000.00
-126535.22 -10000.00
-128502.81 -10000.00
-128387.58 -10000.00
-127404.42 -10000.00
-129447.55 -10000.00
-128055.05 -10000.00
-129508.55 -10000.00
-127766.11 -10000.00
-127966.66 -10000.00
-128623.92 -10000.00
-127528.45 -10000.00
-128818.60 -10000.00
-129883.02 -10000.00
-128656.55 -10000.00
-128335.85 -10000.00
-127848.88 -10000.00
-128040.68 -10000.00
-130514.05 -10000.00
-129853.87 -10000.00
-128861.76 -10000.00
-129358.46 -10000.00
-129272.26 -10000.00
-129819.13 -10000.00
-129333.10 -10000.00
-128423.37 -10000.00
-127978.49 -10000.00
-127909.35 -10000.00
-127477.21 -10000.00
-127002.53 -10000.00
-129988.00 -10000.00
-128211.04 -10000.00
-127302.99 -10000.00
-128942.56 -10000.00
-128881.95 -10000.00
-126653.58 -10000.00
-127549.12 -10000.00
-129544.51 -10000.00
-129470.73 -10000.00
-128791.01 -10000.00
-128729.60 -10000.00
-127815.33 -10000.00
-127752.48 -10000.00
-127293.10 -10000.00
-129370.19 -10000.00
-127261.39 -10000.00
-127287.22 -10000.00
-128420.85 -10000.00
-129095.93 -10000.00
-128775.01 -10000.00
-128702.51 -10000.00
-126783.26 -10000.00
-128398.50 -10000.00
-128970.59 -10000.00
-126495.78 -10000.00
-127120.48 -10000.00
-128583.72 -10000.00
-127327.06 -10000.00
-128425.60 -10000.00
-128791.21 -10000.00
-129600.08 -10000.00
-126939.42 -10000.00
-128082.65 -10000.00
-128452.25 -10000.00
-127111.23 -10000.00
-128244.61 -10000.00
-128760.15 -10000.00
-128412.57 -10000.00
-128058.11 -10000.00
-128225.61 -10000.00
-127015.63 -10000.00
-128279.39 -10000.00
-129457.16 -10000.00
-128178.81 -10000.00
-127328.06 -10000.00
-128477.56 -10000.00
-127067.98 -10000.00
-129418.30 -10000.00
-128908.73 -10000.00
-127302.81 -10000.00
-127297.93 -10000.00
-128358.26 -10000.00
-125212.43 -10000.00
-128619.51 -10000.00
-128149.15 -10000.00
-127400.34 -10000.00
-125862.15 -10000.00
-128720.21 -10000.00
-128094.56 -10000.00
-128031.31 -10000.00
-127547.26 -10000.00
-129965.15 -10000.00
-128182.76 -10000.00
-126366.49 -10000.00
-129088.19 -10000.00
-128681.72 -10000.00
-128748.35 -10000.00
-128762.64 -10000.00
-127543.54 -10000.00
-127011.73 -10000.00
-128083.86 -10000.00
-128049.39 -10000.00
-129041.03 -10000.00
-127311.73 -10000.00
-129384.48 -10000.00
-129664.68 -10000.00
-127082.75 -10000.00
-128444.57 -10000.00
-127571.41 -10000.00
-129026.24 -10000.00
-128336.44 -10000.00
-128494.23 -10000.00
-128746.41 -10000.00
-128662.95 -10000.00
-126599.41 -10000.00
-127399.01 -10000.00
-128970.86 -10000.00
-127974.53 -10000.00
-128246.67 -10000.00
-128838.97 -10000.00
-126938.80 -10000.00
-128712.04 -10000.00
-127910.12 -10000.00
-130036.67 -10000.00
-127792.65 -10000.00
-126957.96 -10000.00
-129072.86 -10000.00
-128778.73 -10000.00
-126093.48 -10000.00
-129221.60 -10000.00
-130111.23 -10000.00
-128404.72 -10000.00
-126937.37 -10000.00
-128825.78 -10000.00
-129028.41 -10000.00
-129053.92 -10000.00
-128708.16 -10000.00
-128852.08 -10000.00
-127525.90 -10000.00
-127347.93 -10000.00
-125307.89 -10000.00
-127264.36 -10000.00
-128510.88 -10000.00
-129528.60 -10000.00
-129186.68 -10000.00
-129016.56 -10000.00
-129482.15 -10000.00
-130991.63 -10000.00
-130015.57 -10000.00
-129060.01 -10000.00
-127915.53 -10000.00
-127980.10 -10000.00
-128775.97 -10000.00
-129093.47 -10000.00
-127864.62 -10000.00
-127203.74 -10000.00
-128087.95 -10000.00
-128499.81 -10000.00
-128146.87 -10000.00
-127645.87 -10000.00
-127419.38 -10000.00
-129225.68 -10000.00
-128388.57 -10000.00
-127727.82 -10000.00
-128880.70 -10000.00
-128082.77 -10000.00
-128395.87 -10000.00
-127890.31 -10000.00
-128246.72 -10000.00
-128596.72 -10000.00
-129406.94 -10000.00
-127814.92 -10000.00
-130136.47 -10000.00
-127311.56 -10000.00
-128093.37 -10000.00
-128411.20 -10000.00
-127847.15 -10000.00
-129384.94 -10000.00
-128372.27 -10000.00
-127934.86 -10000.00
-128768.81 -10000.00
-127869.92 -10000.00
-127325.84 -10000.00
-129007.72 -10000.00
-128455.37 -10000.00
-127648.57 -10000.00
-129001.33 -10000.00
-127394.98 -10000.00
-128521.54 -10000.00
-128175.90 -10000.00
-129365.69 -10000.00
-130248.46 -10000.00
-129094.53 -10000.00
-127375.79 -10000.00
-128434.66 -10000.00
-127711.93 -10000.00
-129158.83 -10000.00
-129192.48 -10000.00
-128086.17 -10000.00
-127795.95 -10000.00
-128780.39 -10000.00
-127195.62 -10000.00
-129323.49 -10000.00
-128035.68 -10000.00
-129938.06 -10000.00
-127907.60 -10000.00
-127758.46 -10000.00
-128295.80 -10000.00
-128027.06 -10000.00
-126264.16 -10000.00
-129180.80 -10000.00
-128363.17 -10000.00
-125810.43 -10000.00
-129856.37 -10000.00
-128465.15 -10000.00
-128399.91 -10000.00
-130665.46 -10000.00
-128553.98 -10000.00
-128954.43 -10000.00
-128355.51 -10000.00
-130132.37 -10000.00
-127932.00 -10000.00
-128917.58 -10000.00
-128966.97 -10000.00
-128570.16 -10000.00
-128949.71 -10000.00
-128425.13 -10000.00
-128528.53 -10000.00
-127703.56 -10000.00
-129936.55 -10000.00
-128528.17 -10000.00
-127103.77 -10000.00
-128181.00 -10000.00
-127202.97 -10000.00
-130600.14 -10000.00
-128391.41 -10000.00
-128634.34 -10000.00
-128131.25 -10000.00
-128292.53 -10000.00
-129194.60 -10000.00
-129245.74 -10000.00
-127845.81 -10000.00
-127972.48 -10000.00
-127782.92 -10000.00
-128415.44 -10000.00
-128950.08 -10000.00
-129197.23 -10000.00
-128674.80 -10000.00
-129020.44 -10000.00
-127381.14 -10000.00
-129667.28 -10000.00
-128758.48 -10000.00
-128450.44 -10000.00
-128650.06 -10000.00
-127763.82 -10000.00
-128628.37 -10000.00
-129096.03 -10000.00
-126455.63 -10000.00
-130986.72 -10000.00
-127050.22 -10000.00
-127213.77 -10000.00
-129821.74 -10000.00
-128437.35 -10000.00
-128439.16 -10000.00
-128155.68 -10000.00
-129025.62 -10000.00
-128477.86 -10000.00
-126621.44 -10000.00
-127965.01 -10000.00
-128744.53 -10000.00
-129259.81 -10000.00
-127328.89 -10000.00
-128344.41 -10000.00
-128316.29 -10000.00
-128233.28 -10000.00
-127424.05 -10000.00
-129867.86 -10000.00
-127943.32 -10000.00
-127924.46 -10000.00
-128682.58 -10000.00
-128004.27 -10000.00
-128241.01 -10000.00
-129101.36 -10000.00
-127703.11 -10000.00
-128882.86 -10000.00
-128074.29 -10000.00
-129881.26 -10000.00
-129682.33 -10000.00
-127837.04 -10000.00
-128845.70 -10000.00
-129966.77 -10000.00
-126681.32 -10000.00
-128022.87 -10000.00
-126754.88 -10000.00
-127733.38 -10000.00
-128973.76 -10000.00
-129786.36 -10000.00
-127904.87 -10000.00
-130139.28 -10000.00
-129276.70 -10000.00
-128666.65 -10000.00
-127518.09 -10000.00
-129810.74 -10000.00
-127688.21 -10000.00
-128262.41 -10000.00
-128484.80 -10000.00
-127386.66 -10000.00
-127488.25 -10000.00
-128792.09 -10000.00
-127842.85 -10000.00
-127550.89 -10000.00
-130214.08 -10000.00
-128916.36 -10000.00
-130703.25 -10000.00
-129561.83 -10000.00
-128667.61 -10000.00
-129305.44 -10000.00
-128875.07 -10000.00
-128070.20 -10000.00
-129341.53 -10000.00
-129163.08 -10000.00
-128767.44 -10000.00
-129013.30 -10000.00
-129528.29 -10000.00
-129611.30 -10000.00
-129250.89 -10000.00
-127771.66 -10000.00
-128480.57 -10000.00
-130235.20 -10000.00
-128512.19 -10000.00
-129408.23 -10000.00
-129342.13 -10000.00
-129772.12 -10000.00
-128362.98 -10000.00
-128890.47 -10000.00
-130640.88 -10000.00
-129519.84 -10000.00
-128079.31 -10000.00
-130796.42 -10000.00
-128773.88 -10000.00
-128722.12 -10000.00
-130395.35 -10000.00
-128370.31 -10000.00
-129651.21 -10000.00
-130560.18 -10000.00
-129262.11 -10000.00
-128587.80 -10000.00
-128494.39 -10000.00
-127335.52 -10000.00
-128848.13 -10000.00
-129570.40 -10000.00
-127858.27 -10000.00
-129609.99 -10000.00
-129640.04 -10000.00
-129364.19 -10000.00
-128763.41 -10000.00
-128403.51 -10000.00
-129111.74 -10000.00
-130412.09 -10000.00
-131924.91 -10000.00
-128076.37 -10000.00
-129037.00 -10000.00
-129827.91 -10000.00
-127107.20 -10000.00
-128359.17 -10000.00
-129132.53 -10000.00
-128618.31 -10000.00
-126892.84 -10000.00
-128948.07 -10000.00
-130841.76 -10000.00
-130352.95 -10000.00
-128301.26 -10000.00
-129304.03 -10000.00
-128051.00 -10000.00
-127679.04 -10000.00
-130240.80 -10000.00
-129159.33 -10000.00
-129573.43 -10000.00
-130015.12 -10000.00
-128826.99 -10000.00
-129893.91 -10000.00
-129121.22 -10000.00
-130966.89 -10000.00
-130108.89 -10000.00
-129384.13 -10000.00
-129968.39 -10000.00
-128822.39 -10000.00
-129494.75 -10000.00
-127911.42 -10000.00
-128387.64 -10000.00
-129117.95 -10000.00
-129388.43 -10000.00
-129081.12 -10000.00
-130399.60 -10000.00
-129181.09 -10000.00
-127867.78 -10000.00
-130470.54 -10000.00
-128958.71 -10000.00
-128753.59 -10000.00
-129448.11 -10000.00
-129065.07 -10000.00
-128538.21 -10000.00
-128437.43 -10000.00
-128587.19 -10000.00
-130064.73 -10000.00
-128773.08 -10000.00
-129369.81 -10000.00
-129087.52 -10000.00
-130496.15 -10000.00
-129139.61 -10000.00
-131089.46 -10000.00
-128297.39 -10000.00
-128760.78 -10000.00
-129655.94 -10000.00
-130175.41 -10000.00
-130586.32 -10000.00
-128927.70 -10000.00
-129710.60 -10000.00
-129247.39 -10000.00
-128809.20 -10000.00
-127949.13 -10000.00
-129141.89 -10000.00
-129281.44 -10000.00
-131347.18 -10000.00
-129129.72 -10000.00
-129493.35 -10000.00
-128626.02 -10000.00
-128952.74 -10000.00
-129122.49 -10000.00
-129887.02 -10000.00
-129668.25 -10000.00
-128721.40 -10000.00
-128799.57 -10000.00
-127733.39 -10000.00
-129679.61 -10000.00
-128536.50 -10000.00
-129145.53 -10000.00
-129959.73 -10000.00
-128721.92 -10000.00
-130213.94 -10000.00
-129757.28 -10000.00
-128476.22 -10000.00
-128797.08 -10000.00
-129129.99 -10000.00
-128946.64 -10000.00
-129965.49 -10000.00
-129052.75 -10000.00
-129283.86 -10000.00
-132303.81 -10000.00
-128822.71 -10000.00
-129507.34 -10000.00
-129701.65 -10000.00
-130683.71 -10000.00
-131183.22 -10000.00
-126339.60 -10000.00
-128028.13 -10000.00
-129800.96 -10000.00
-128836.53 -10000.00
-128441.88 -10000.00
-130241.89 -10000.00
-129105.60 -10000.00
-128636.58 -10000.00
-128899.57 -10000.00
-130461.31 -10000.00
-128898.69 -10000.00
-128808.54 -10000.00
-129549.16 -10000.00
-129909.50 -10000.00
-128924.74 -10000.00
-128538.31 -10000.00
-127915.12 -10000.00
-128319.37 -10000.00
-127930.37 -10000.00
-129811.32 -10000.00
-129135.44 -10000.00
-129970.45 -10000.00
-130674.93 -10000.00
-130392.32 -10000.00
-126925.86 -10000.00
-129226.63 -10000.00
-129561.31 -10000.00
-128646.04 -10000.00
-129476.68 -10000.00
-130348.15 -10000.00
-128476.29 -10000.00
-129955.34 -10000.00
-128801.70 -10000.00
-130891.07 -10000.00
-128349.13 -10000.00
-128897.63 -10000.00
-130386.88 -10000.00
-129718.55 -10000.00
-128712.02 -10000.00
-128757.01 -10000.00
-127903.35 -10000.00
-127603.57 -10000.00
-128983.66 -10000.00
-129685.86 -10000.00
-128554.72 -10000.00
-129764.81 -10000.00
-128409.60 -10000.00
-129600.06 -10000.00
-128744.37 -10000.00
-128609.70 -10000.00
-129993.42 -10000.00
-128797.28 -10000.00
-128685.99 -10000.00
-127433.50 -10000.00
-129554.04 -10000.00
-128853.64 -10000.00
-128305.77 -10000.00
-126930.30 -10000.00
-129313.53 -10000.00
-130100.28 -10000.00
-128339.19 -10000.00
-128308.91 -10000.00
-128374.41 -10000.00
-128923.00 -10000.00
-129809.52 -10000.00
-128831.54 -10000.00
-128225.51 -10000.00
-129243.84 -10000.00
-128372.00 -10000.00
-129925.31 -10000.00
-129037.35 -10000.00
-128487.38 -10000.00
-130325.52 -10000.00
-128710.69 -10000.00
-129271.46 -10000.00
-130783.70 -10000.00
-128101.28 -10000.00
-129676.89 -10000.00
-130121.43 -10000.00
-128913.05 -10000.00
-130679.34 -10000.00
-128721.77 -10000.00
-129376.93 -10000.00
-129991.37 -10000.00
-128289.34 -10000.00
-130389.03 -10000.00
-130578.26 -10000.00
-129006.32 -10000.00
-129817.69 -10000.00
-129183.08 -10000.00
-127945.71 -10000.00
-129639.68 -10000.00
-129303.21 -10000.00
-128573.55 -10000.00
-130436.76 -10000.00
-128045.12 -10000.00
-128358.61 -10000.00
-128690.67 -10000.00
-129486.59 -10000.00
-131587.03 -10000.00
-129646.45 -10000.00
-128948.83 -10000.00
-129764.87 -10000.00
-129168.22 -10000.00
-128499.29 -10000.00
-130281.47 -10000.00
-128887.60 -10000.00
-130711.46 -10000.00
-129153.39 -10000.00
-127721.88 -10000.00
-130526.09 -10000.00
-129754.03 -10000.00
-127289.87 -10000.00
-130795.32 -10000.00
-130982.36 -10000.00
-130556.04 -10000.00
-129993.44 -10000.00
-129361.89 -10000.00
-128975.94 -10000.00
-129723.19 -10000.00
-128887.77 -10000.00
-131382.82 -10000.00
-128904.08 -10000.00
-128942.12 -10000.00
-130325.74 -10000.00
-128990.49 -10000.00
-127969.21 -10000.00
-129042.84 -10000.00
-129331.62 -10000.00
-128527.95 -10000.00
-130087.31 -10000.00
-128659.61 -10000.00
-128760.31 -10000.00
-130607.25 -10000.00
-129599.99 -10000.00
-127975.86 -10000.00
-129184.67 -10000.00
-129305.48 -10000.00
-128475.79 -10000.00
-129448.59 -10000.00
-129106.26 -10000.00
-128286.67 -10000.00
-129019.03 -10000.00
-130529.85 -10000.00
-129371.96 -10000.00
-130485.64 -10000.00
-127543.99 -10000.00
-127601.69 -10000.00
-128847.39 -10000.00
-129619.45 -10000.00
-128864.46 -10000.00
-128861.40 -10000.00
-127992.82 -10000.00
-129537.68 -10000.00
-127708.81 -10000.00
-128597.03 -10000.00
-129513.46 -10000.00
-128625.78 -10000.00
-129595.07 -10000.00
-129117.22 -10000.00
-128884.75 -10000.00
-128401.04 -10000.00
-128472.33 -10000.00
-128547.05 -10000.00
-129688.85 -10000.00
-129949.28 -10000.00
-129449.28 -10000.00
-128970.09 -10000.00
-128405.00 -10000.00
-129231.66 -10000.00
-130723.14 -10000.00
-128820.79 -10000.00
-130084.33 -10000.00
-128152.81 -10000.00
-131169.35 -10000.00
-130321.69 -10000.00
-127878.26 -10000.00
-127682.00 -10000.00
-129786.08 -10000.00
-130450.80 -10000.00
-129630.44 -10000.00
-128815.56 -10000.00
-129586.33 -10000.00
-128154.18 -10000.00
-128770.25 -10000.00
-129728.15 -10000.00
-128824.20 -10000.00
-129939.89 -10000.00
-129587.38 -10000.00
-129858.63 -10000.00
-128850.15 -10000.00
-126489.38 -10000.00
-129644.36 -10000.00
-128154.73 -10000.00
-129226.25 -10000.00
-128883.63 -10000.00
-130117.73 -10000.00
-129218.53 -10000.00
-128584.49 -10000.00
-129913.72 -10000.00
-128544.02 -10000.00
-129303.38 -10000.00
-131595.14 -10000.00
-127611.76 -10000.00
-128517.41 -10000.00
-128701.06 -10000.00
-128229.24 -10000.00
-128810.92 -10000.00
-128812.20 -10000.00
-129150.21 -10000.00
-129317.89 -10000.00
-128170.24 -10000.00
-129841.29 -10000.00
-127286.83 -10000.00
-128533.66 -10000.00
-130973.53 -10000.00
-129657.37 -10000.00
-129679.13 -10000.00
-128660.36 -10000.00
-129245.15 -10000.00
-128919.01 -10000.00
-129277.24 -10000.00
-128089.56 -10000.00
-128970.99 -10000.00
-128164.18 -10000.00
-128383.37 -10000.00
-129284.66 -10000.00
-128765.29 -10000.00
-128259.46 -10000.00
-129615.21 -10000.00
-128135.40 -10000.00
-127738.05 -10000.00
-129852.51 -10000.00
-128357.55 -10000.00
-129687.63 -10000.00
-130654.14 -10000.00
-131013.65 -10000.00
-129098.71 -10000.00
-129243.70 -10000.00
-129105.49 -10000.00
-129446.09 -10000.00
-127837.64 -10000.00
-129969.44 -10000.00
-130476.88 -10000.00
-128336.77 -10000.00
-128640.78 -10000.00
-130129.83 -10000.00
-130834.44 -10000.00
-130236.02 -10000.00
-130532.27 -10000.00
-128660.78 -10000.00
-127693.61 -10000.00
-128091.84 -10000.00
-130323.06 -10000.00
-127968.69 -10000.00
-128523.22 -10000.00
-128380.24 -10000.00
-128676.94 -10000.00
-129447.15 -10000.00
-129408.58 -10000.00
-129500.27 -10000.00
-128774.89 -10000.00
-128422.32 -10000.00
-129437.41 -10000.00
-131334.59 -10000.00
-129124.59 -10000.00
-130065.96 -10000.00
-127419.46 -10000.00
-128718.77 -10000.00
-129798.78 -10000.00
-129606.93 -10000.00
-129474.31 -10000.00
-130459.95 -10000.00
-128501.74 -10000.00
-127959.98 -10000.00
-128510.30 -10000.00
-127108.93 -10000.00
-128875.04 -10000.00
-126572.71 -10000.00
-128401.03 -10000.00
-129323.71 -10000.00
-128959.41 -10000.00
-126081.96 -10000.00
-128879.65 -10000.00
-126971.81 -10000.00
-128573.66 -10000.00
-129350.75 -10000.00
-129547.42 -10000.00
-128221.30 -10000.00
-126878.63 -10000.00
-128309.03 -10000.00
-129586.99 -10000.00
-128235.15 -10000.00
-129617.88 -10000.00
-129416.86 -10000.00
-128942.64 -10000.00
-127202.40 -10000.00
-128273.76 -10000.00
-129385.14 -10000.00
-125962.93 -10000.00
-126679.65 -10000.00
-127667.77 -10000.00
-128670.76 -10000.00
-128431.85 -10000.00
-128279.53 -10000.00
-128167.70 -10000.00
-128653.11 -10000.00
-128085.13 -10000.00
-128635.76 -10000.00
-125639.17 -10000.00
-128408.24 -10000.00
-128158.52 -10000.00
-129858.96 -10000.00
-127945.90 -10000.00
-128076.41 -10000.00
-128648.29 -10000.00
-126737.07 -10000.00
-128889.79 -10000.00
-127789.16 -10000.00
-127859.27 -10000.00
-129877.25 -10000.00
-129476.46 -10000.00
-127689.29 -10000.00
-128788.02 -10000.00
-128032.14 -10000.00
-129122.79 -10000.00
-128398.57 -10000.00
-128495.25 -10000.00
-131254.67 -10000.00
-127470.87 -10000.00
-128783.49 -10000.00
-128008.05 -10000.00
-129672.87 -10000.00
-128084.41 -10000.00
-129253.03 -10000.00
-128294.85 -10000.00
-129341.53 -10000.00
-126619.84 -10000.00
-126667.57 -10000.00
-127561.48 -10000.00
-129690.59 -10000.00
-129012.70 -10000.00
-126637.79 -10000.00
-128213.03 -10000.00
-128350.36 -10000.00
-127749.51 -10000.00
-129770.07 -10000.00
-128828.98 -10000.00
-128746.71 -10000.00
-129816.25 -10000.00
-129790.10 -10000.00
-129561.95 -10000.00
-128570.79 -10000.00
-128169.16 -10000.00
-130113.58 -10000.00
-128534.48 -10000.00
-128490.42 -10000.00
-130571.63 -10000.00
-128753.67 -10000.00
-128374.77 -10000.00
-129565.69 -10000.00
-128337.81 -10000.00
-128824.50 -10000.00
-129471.68 -10000.00
-128241.67 -10000.00
-127938.19 -10000.00
-128911.81 -10000.00
-128237.29 -10000.00
-128217.29 -10000.00
-127280.45 -10000.00
-128830.74 -10000.00
-128358.02 -10000.00
-128127.10 -10000.00
-126912.55 -10000.00
-128262.99 -10000.00
-128426.95 -10000.00
-129018.12 -10000.00
-127982.35 -10000.00
-127457.65 -10000.00
-128378.76 -10000.00
-129371.11 -10000.00
-126896.42 -10000.00
-128958.64 -10000.00
-129250.75 -10000.00
-128059.43 -10000.00
-128269.19 -10000.00
-128328.68 -10000.00
-128504.69 -10000.00
-127791.26 -10000.00
-129681.49 -10000.00
-129098.68 -10000.00
-128047.64 -10000.00
-128935.43 -10000.00
-128201.62 -10000.00
-126937.45 -10000.00
-128352.42 -10000.00
-128147.02 -10000.00
-128760.09 -10000.00
-128499.45 -10000.00
-128519.72 -10000.00
-128964.41 -10000.00
-128581.56 -10000.00
-127950.57 -10000.00
-128032.44 -10000.00
-129082.76 -10000.00
-127246.46 -10000.00
-129380.55 -10000.00
-129487.18 -10000.00
-128340.06 -10000.00
-127473.64 -10000.00
-127829.30 -10000.00
-129408.03 -10000.00
-127117.60 -10000.00
-126976.61 -10000.00
-128915.63 -10000.00
-127800.71 -10000.00
-130077.81 -10000.00
-128618.45 -10000.00
-128692.10 -10000.00
-128741.89 -10000.00
-128959.92 -10000.00
-127192.16 -10000.00
-128722.55 -10000.00
-129493.75 -10000.00
-128434.39 -10000.00
-129393.05 -10000.00
-129697.02 -10000.00
-128510.88 -10000.00
-128534.35 -10000.00
-128298.97 -10000.00
-128577.35 -10000.00
-128377.62 -10000.00
-128976.95 -10000.00
-127662.98 -10000.00
-128386.47 -10000.00
-127282.43 -10000.00
-128068.54 -10000.00
-129355.34 -10000.00
-127469.93 -10000.00
-128573.83 -10000.00
-128358.73 -10000.00
-127296.10 -10000.00
-128608.06 -10000.00
-129120.14 -10000.00
-129903.17 -10000.00
-129997.75 -10000.00
-127794.13 -10000.00
-128902.00 -10000.00
-128613.92 -10000.00
-128944.80 -10000.00
-126879.73 -10000.00
-127701.85 -10000.00
-129372.99 -10000.00
-128544.30 -10000.00
-129088.58 -10000.00
-129496.70 -10000.00
-128666.02 -10000.00
-126943.92 -10000.00
-129374.64 -10000.00
-127647.09 -10000.00
-128695.88 -10000.00
-126572.38 -10000.00
-128419.90 -10000.00
-128704.22 -10000.00
-128996.16 -10000.00
-129946.45 -10000.00
-129054.23 -10000.00
-129177.59 -10000.00
-129287.96 -10000.00
-128524.61 -10000.00
-128573.08 -10000.00
-129981.71 -10000.00
-129363.89 -10000.00
-128269.35 -10000.00
-128732.45 -10000.00
-127952.55 -10000.00
-126483.39 -10000.00
-127537.32 -10000.00
-128256.20 -10000.00
-127881.60 -10000.00
-128165.32 -10000.00
-128330.38 -10000.00
-128827.43 -10000.00
-128238.92 -10000.00
-128483.08 -10000.00
-129442.70 -10000.00
-130125.34 -10000.00
-127122.32 -10000.00
-126574.97 -10000.00
-128700.72 -10000.00
-128763.50 -10000.00
-127698.89 -10000.00
-127582.78 -10000.00
-128361.32 -10000.00
-126882.72 -10000.00
-128601.85 -10000.00
-127716.69 -10000.00
-127734.39 -10000.00
-127322.65 -10000.00
-127548.11 -10000.00
-129180.35 -10000.00
-127587.47 -10000.00
-129069.08 -10000.00
-127520.48 -10000.00
-128919.55 -10000.00
-128445.25 -10000.00
-128694.00 -10000.00
-128626.19 -10000.00
-128616.72 -10000.00
-129427.56 -10000.00
-129063.26 -10000.00
-128659.03 -10000.00
-128629.88 -10000.00
-127359.80 -10000.00
-129159.75 -10000.00
-127614.47 -10000.00
-127089.12 -10000.00
-130200.00 -10000.00
-131155.19 -10000.00
-128066.74 -10000.00
-130359.18 -10000.00
-128722.93 -10000.00
-127730.94 -10000.00
-126424.24 -10000.00
-127641.63 -10000.00
-128353.48 -10000.00
-127470.20 -10000.00
-128402.16 -10000.00
-127862.67 -10000.00
-128675.52 -10000.00
-128687.10 -10000.00
-129306.81 -10000.00
-127294.25 -10000.00
-126877.16 -10000.00
-128309.49 -10000.00
-127552.11 -10000.00
-128843.21 -10000.00
-128186.48 -10000.00
-128221.57 -10000.00
-129494.34 -10000.00
-129435.73 -10000.00
-128573.27 -10000.00
-127930.10 -10000.00
-127670.29 -10000.00
-128881.41 -10000.00
-128067.82 -10000.00
-129571.57 -10000.00
-128929.86 -10000.00
-128066.13 -10000.00
-127153.57 -10000.00
-128621.34 -10000.00
-128503.43 -10000.00
-128683.69 -10000.00
-129427.81 -10000.00
-128937.78 -10000.00
-127884.56 -10000.00
-128940.62 -10000.00
-127051.19 -10000.00
-129599.84 -10000.00
-126930.19 -10000.00
-127692.06 -10000.00
-128804.33 -10000.00
-127358.15 -10000.00
-128426.35 -10000.00
-127765.90 -10000.00
-129457.79 -10000.00
-127537.70 -10000.00
-128234.74 -10000.00
-128574.68 -10000.00
-128246.66 -10000.00
-128271.48 -10000.00
-128438.99 -10000.00
-128657.80 -10000.00
-128794.67 -10000.00
-128581.25 -10000.00
-128081.37 -10000.00
-129795.65 -10000.00
-128113.55 -10000.00
-128113.15 -10000.00
-128757.67 -10000.00
-128647.26 -10000.00
-128190.68 -10000.00
-128964.81 -10000.00
-129069.69 -10000.00
-127296.92 -10000.00
-127160.13 -10000.00
-128741.84 -10000.00
-128079.31 -10000.00
-126640.46 -10000.00
-127419.37 -10000.00
-127531.13 -10000.00
-126909.92 -10000.00
-128029.40 -10000.00
-126844.32 -10000.00
-127892.25 -10000.00
-128210.32 -10000.00
-127598.65 -10000.00
-127170.45 -10000.00
-128137.64 -10000.00
-127546.27 -10000.00
-126321.35 -10000.00
-129072.40 -10000.00
-127542.00 -10000.00
-128390.34 -10000.00
-127266.43 -10000.00
-128057.75 -10000.00
-127703.07 -10000.00
-129850.36 -10000.00
-129462.00 -10000.00
-128043.61 -10000.00
-127982.32 -10000.00
-127863.61 -10000.00
-126942.08 -10000.00
-128193.00 -10000.00
-128358.33 -10000.00
-128978.44 -10000.00
-128050.71 -10000.00
-128616.51 -10000.00
-128310.12 -10000.00
-126874.00 -10000.00
-129517.95 -10000.00
-128553.97 -10000.00
-128205.97 -10000.00
-126248.08 -10000.00
-127425.92 -10000.00
-128499.70 -10000.00
-129204.91 -10000.00
-129244.20 -10000.00
-128541.53 -10000.00
-128986.44 -10000.00
-128683.34 -10000.00
-129299.79 -10000.00
-128349.89 -10000.00
-127899.07 -10000.00
-128509.62 -10000.00
-128152.14 -10000.00
-129084.49 -10000.00
-127359.74 -10000.00
-128225.68 -10000.00
-129579.33 -10000.00
-128488.19 -10000.00
-127926.28 -10000.00
-127494.40 -10000.00
-127172.17 -10000.00
-129917.87 -10000.00
-128145.43 -10000.00
-128656.59 -10000.00
-128502.70 -10000.00
-129094.04 -10000.00
-128641.62 -10000.00
-128346.20 -10000.00
-128959.62 -10000.00
-129381.40 -10000.00
-128359.87 -10000.00
-128944.35 -10000.00
-129242.50 -10000.00
-128634.10 -10000.00
-127998.56 -10000.00
-128119.88 -10000.00
-128873.73 -10000.00
-125921.59 -10000.00
-129189.17 -10000.00
-129351.16 -10000.00
-129529.21 -10000.00
-129939.34 -10000.00
-126834.01 -10000.00
-127759.63 -10000.00
-129213.58 -10000.00
-128707.91 -10000.00
-128064.55 -10000.00
-131537.68 -10000.00
-128958.33 -10000.00
-128867.04 -10000.00
-127626.64 -10000.00
-128067.58 -10000.00
-129306.18 -10000.00
-128926.16 -10000.00
-129574.54 -10000.00
-128780.14 -10000.00
-130253.88 -10000.00
-128072.63 -10000.00
-127950.82 -10000.00
-128263.26 -10000.00
-128203.38 -10000.00
-126911.00 -10000.00
-129370.14 -10000.00
-128886.25 -10000.00
-128338.72 -10000.00
-129670.79 -10000.00
-129213.34 -10000.00
-129758.76 -10000.00
-130710.91 -10000.00
-129348.67 -10000.00
-130170.52 -10000.00
-128148.36 -10000.00
-128479.32 -10000.00
-129538.07 -10000.00
-129576.89 -10000.00
-128406.77 -10000.00
-128944.75 -10000.00
-127388.64 -10000.00
-128129.28 -10000.00
-130071.99 -10000.00
-129247.28 -10000.00
-128114.54 -10000.00
-129802.29 -10000.00
-128342.73 -10000.00
-128577.96 -10000.00
-130307.99 -10000.00
-131268.52 -10000.00
-130019.71 -10000.00
-128976.99 -10000.00
-126012.96 -10000.00
-128107.53 -10000.00
-129162.31 -10000.00
-128859.50 -10000.00
-130109.95 -10000.00
-129501.58 -10000.00
-129935.95 -10000.00
-128120.95 -10000.00
-128332.94 -10000.00
-127372.25 -10000.00
-127722.75 -10000.00
-129765.73 -10000.00
-130934.06 -10000.00
-129189.71 -10000.00
-128838.49 -10000.00
-130089.13 -10000.00
-131084.06 -10000.00
-128738.45 -10000.00
-129320.87 -10000.00
-128902.43 -10000.00
-129535.26 -10000.00
-129594.79 -10000.00
-128936.30 -10000.00
-129198.30 -10000.00
-129532.94 -10000.00
-128603.90 -10000.00
-129258.09 -10000.00
-128965.81 -10000.00
-127901.83 -10000.00
-128618.98 -10000.00
-129865.12 -10000.00
-128221.45 -10000.00
-129234.46 -10000.00
-128814.99 -10000.00
-129802.37 -10000.00
-129257.16 -10000.00
-127761.39 -10000.00
-129029.30 -10000.00
-129405.44 -10000.00
-128975.67 -10000.00
-130587.77 -10000.00
-128948.57 -10000.00
-128542.86 -10000.00
-128195.12 -10000.00
-129285.73 -10000.00
-128802.35 -10000.00
-129386.40 -10000.00
-129195.03 -10000.00
-130334.13 -10000.00
-127562.67 -10000.00
-129445.42 -10000.00
-130587.97 -10000.00
-128624.19 -10000.00
-130974.31 -10000.00
-127652.51 -10000.00
-131609.65 -10000.00
-128926.35 -10000.00
-130087.68 -10000.00
-129813.38 -10000.00
-130197.11 -10000.00
-128997.12 -10000.00
-128342.33 -10000.00
-128044.63 -10000.00
-129282.70 -10000.00
-130748.40 -10000.00
-127090.43 -10000.00
-128802.20 -10000.00
-130099.33 -10000.00
-128424.85 -10000.00
-127631.99 -10000.00
-128537.23 -10000.00
-128156.66 -10000.00
-130334.28 -10000.00
-130026.48 -10000.00
-128740.31 -10000.00
-130124.02 -10000.00
-130037.13 -10000.00
-127883.80 -10000.00
-129241.39 -10000.00
-128748.66 -10000.00
-129475.99 -10000.00
-130719.54 -10000.00
-128141.00 -10000.00
-128570.23 -10000.00
-129127.71 -10000.00
-128005.51 -10000.00
-127454.62 -10000.00
-129880.99 -10000.00
-129713.69 -10000.00
-128504.87 -10000.00
-129345.86 -10000.00
-128285.60 -10000.00
-128695.13 -10000.00
-128629.04 -10000.00
-128886.85 -10000.00
-129567.82 -10000.00
-128501.89 -10000.00
-129855.40 -10000.00
-129414.46 -10000.00
-129446.30 -10000.00
-128839.93 -10000.00
-130736.29 -10000.00
-127649.50 -10000.00
-130245.45 -10000.00
-129291.67 -10000.00
-128244.66 -10000.00
-129346.61 -10000.00
-129190.54 -10000.00
-130595.32 -10000.00
-128150.69 -10000.00
-127309.58 -10000.00
-127605.30 -10000.00
-129563.47 -10000.00
-130171.66 -10000.00
-128948.83 -10000.00
-128790.32 -10000.00
-129371.41 -10000.00
-128639.73 -10000.00
-128956.91 -10000.00
-129291.54 -10000.00
-129943.35 -10000.00
-129576.78 -10000.00
-130536.04 -10000.00
-127971.00 -10000.00
-129321.62 -10000.00
-131011.01 -10000.00
-128711.50 -10000.00
-129491.32 -10000.00
-127969.79 -10000.00
-129606.85 -10000.00
-128560.36 -10000.00
-129134.51 -10000.00
-128660.54 -10000.00
-126688.31 -10000.00
-128638.59 -10000.00
-130197.80 -10000.00
-127439.08 -10000.00
-129858.71 -10000.00
-128343.50 -10000.00
-127353.46 -10000.00
-128566.69 -10000.00
-129429.44 -10000.00
-130018.51 -10000.00
-129250.82 -10000.00
-129329.22 -10000.00
-128995.21 -10000.00
-129812.10 -10000.00
-128547.95 -10000.00
-130391.84 -10000.00
-128263.38 -10000.00
-129312.38 -10000.00
-131105.28 -10000.00
-130472.51 -10000.00
-128910.86 -10000.00
-129168.10 -10000.00
-129304.68 -10000.00
-129512.01 -10000.00
-129878.82 -10000.00
-129309.72 -10000.00
-129246.68 -10000.00
-130198.18 -10000.00
-129775.67 -10000.00
-128662.41 -10000.00
-129188.75 -10000.00
-127843.15 -10000.00
-130126.82 -10000.00
-128448.48 -10000.00
-129706.95 -10000.00
-128747.70 -10000.00
-130849.34 -10000.00
-130407.12 -10000.00
-128241.78 -10000.00
-129166.02 -10000.00
-128248.19 -10000.00
-130289.20 -10000.00
-128100.25 -10000.00
-129023.15 -10000.00
-130299.30 -10000.00
-128843.53 -10000.00
-128446.16 -10000.00
-128779.30 -10000.00
-128408.55 -10000.00
-127947.20 -10000.00
-128128.59 -10000.00
-129117.55 -10000.00
-130578.97 -10000.00
-129435.07 -10000.00
-130568.91 -10000.00
-129345.61 -10000.00
-129610.48 -10000.00
-129530.35 -10000.00
-129681.72 -10000.00
-129402.29 -10000.00
-129244.59 -10000.00
-130269.19 -10000.00
-128896.22 -10000.00
-128320.34 -10000.00
-129878.18 -10000.00
-129122.02 -10000.00
-128099.96 -10000.00
-128056.26 -10000.00
-128487.58 -10000.00
-130010.90 -10000.00
-130353.53 -10000.00
-130627.51 -10000.00
-127495.86 -10000.00
-129137.91 -10000.00
-129788.76 -10000.00
-128809.80 -10000.00
-129856.72 -10000.00
-129103.66 -10000.00
-128550.37 -10000.00
-127807.60 -10000.00
-130072.47 -10000.00
-129269.22 -10000.00
-129558.69 -10000.00
-129451.94 -10000.00
-129666.39 -10000.00
-130145.98 -10000.00
-129460.30 -10000.00
-130803.52 -10000.00
-129133.91 -10000.00
-128727.50 -10000.00
-130007.68 -10000.00
-128643.76 -10000.00
-127856.33 -10000.00
-130598.75 -10000.00
-131387.00 -10000.00
-128994.06 -10000.00
-129190.87 -10000.00
-129026.70 -10000.00
-128682.95 -10000.00
-129827.92 -10000.00
-130362.73 -10000.00
-128665.42 -10000.00
-129132.58 -10000.00
-129544.68 -10000.00
-129408.24 -10000.00
-129036.70 -10000.00
-127809.11 -10000.00
-130729.25 -10000.00
-128660.95 -10000.00
-128980.03 -10000.00
-128814.75 -10000.00
-130929.58 -10000.00
-128512.13 -10000.00
-128418.24 -10000.00
-129332.51 -10000.00
-128499.75 -10000.00
-129819.17 -10000.00
-127531.68 -10000.00
-129033.86 -10000.00
-129814.69 -10000.00
-129408.22 -10000.00
-128822.27 -10000.00
-131000.27 -10000.00
-127024.41 -10000.00
-129455.48 -10000.00
-129514.76 -10000.00
-128215.20 -10000.00
-128150.92 -10000.00
-128571.82 -10000.00
-129042.71 -10000.00
-129325.99 -10000.00
-129548.25 -10000.00
-128487.34 -10000.00
-128164.00 -10000.00
-129333.63 -10000.00
-129568.36 -10000.00
-128983.81 -10000.00
-129993.34 -10000.00
-129560.27 -10000.00
-128517.75 -10000.00
-128307.56 -10000.00
-128041.28 -10000.00
-131380.21 -10000.00
-129329.93 -10000.00
-129624.06 -10000.00
-130494.70 -10000.00
-128813.75 -10000.00
-130085.93 -10000.00
-131082.96 -10000.00
-129525.25 -10000.00
-129285.88 -10000.00
-128737.26 -10000.00
-128620.70 -10000.00
-130056.12 -10000.00
-128787.69 -10000.00
-128548.39 -10000.00
-129250.55 -10000.00
-129251.79 -10000.00
-128987.80 -10000.00
-129905.26 -10000.00
-128387.06 -10000.00
-128648.20 -10000.00
-129542.94 -10000.00
-129833.53 -10000.00
-129728.65 -10000.00
-128475.71 -10000.00
-129323.23 -10000.00
-128928.60 -10000.00
-128444.32 -10000.00
-128807.42 -10000.00
-127906.36 -10000.00
-129275.19 -10000.00
-128006.78 -10000.00
-130622.36 -10000.00
-129742.99 -10000.00
-129154.06 -10000.00
-127981.80 -10000.00
-129171.36 -10000.00
-128332.73 -10000.00
-129549.55 -10000.00
-128815.28 -10000.00
-127909.40 -10000.00
-131056.00 -10000.00
-129447.11 -10000.00
-128139.26 -10000.00
-129327.84 -10000.00
-127540.74 -10000.00
-130719.00 -10000.00
-127316.78 -10000.00
-129795.49 -10000.00
-128720.36 -10000.00
-130808.13 -10000.00
-128508.64 -10000.00
-129335.60 -10000.00
-128110.42 -10000.00
-129189.49 -10000.00
-129940.95 -10000.00
-128077.95 -10000.00
-129350.87 -10000.00
-130390.12 -10000.00
-130847.91 -10000.00
-129748.90 -10000.00
-128304.11 -10000.00
-129137.77 -10000.00
-129999.65 -10000.00
-130169.57 -10000.00
-127064.60 -10000.00
-128900.71 -10000.00
-130894.15 -10000.00
-129954.91 -10000.00
-128985.56 -10000.00
-128872.63 -10000.00
-129463.78 -10000.00
-129334.34 -10000.00
-129625.12 -10000.00
-130356.34 -10000.00
-130027.32 -10000.00
-129070.55 -10000.00
-130442.19 -10000.00
-127582.68 -10000.00
-126769.84 -10000.00
-129092.04 -10000.00
-128366.81 -10000.00
-129368.62 -10000.00
-129309.77 -10000.00
-128955.79 -10000.00
-128439.20 -10000.00
-130115.81 -10000.00
-129139.37 -10000.00
-128165.93 -10000.00
-128742.61 -10000.00
-129463.89 -10000.00
-128697.40 -10000.00
-128308.63 -10000.00
-129320.23 -10000.00
-129675.81 -10000.00
-129969.33 -10000.00
-128370.16 -10000.00
-129669.23 -10000.00
-128992.84 -10000.00
-130381.77 -10000.00
-129727.14 -10000.00
-129638.26 -10000.00
-129242.60 -10000.00
-127973.08 -10000.00
-129142.43 -10000.00
-128348.21 -10000.00
-129685.35 -10000.00
-129030.72 -10000.00
-127533.41 -10000.00
-128523.42 -10000.00
-127722.45 -10000.00
-127834.02 -10000.00
-128471.57 -10000.00
-129080.04 -10000.00
-129625.71 -10000.00
-128992.70 -10000.00
-128568.05 -10000.00
-128546.97 -10000.00
-127745.83 -10000.00
-127784.30 -10000.00
-127956.26 -10000.00
-128508.41 -10000.00
-129158.48 -10000.00
-130343.57 -10000.00
-128727.82 -10000.00
-129406.73 -10000.00
-127213.79 -10000.00
-127488.37 -10000.00
-128514.72 -10000.00
-129647.56 -10000.00
-127997.38 -10000.00
-128471.12 -10000.00
-128970.54 -10000.00
-129045.52 -10000.00
-127331.64 -10000.00
-128239.95 -10000.00
-128831.85 -10000.00
-127943.93 -10000.00
-127563.02 -10000.00
-127209.99 -10000.00
-128783.88 -10000.00
-129143.83 -10000.00
-128643.07 -10000.00
-129167.08 -10000.00
-129680.77 -10000.00
-128371.67 -10000.00
-127174.91 -10000.00
-127745.11 -10000.00
-129153.76 -10000.00
-129976.95 -10000.00
-128369.93 -10000.00
-129161.94 -10000.00
-128661.03 -10000.00
-128120.04 -10000.00
-128749.72 -10000.00
-129554.64 -10000.00
-127807.38 -10000.00
-126115.11 -10000.00
-127245.61 -10000.00
-128727.99 -10000.00
-126724.00 -10000.00
-128122.36 -10000.00
-127412.29 -10000.00
-129208.60 -10000.00
-129112.59 -10000.00
-129165.99 -10000.00
-129182.93 -10000.00
-127851.07 -10000.00
-128666.07 -10000.00
-129855.46 -10000.00
-128231.04 -10000.00
-128445.14 -10000.00
-127792.98 -10000.00
-128639.16 -10000.00
-130309.57 -10000.00
-124637.65 -10000.00
-129372.49 -10000.00
-128604.17 -10000.00
-127709.99 -10000.00
-128832.16 -10000.00
-128748.69 -10000.00
-128188.62 -10000.00
-128953.85 -10000.00
-128133.03 -10000.00
-128824.03 -10000.00
-128979.05 -10000.00
-128308.66 -10000.00
-128551.17 -10000.00
-127127.39 -10000.00
-128245.54 -10000.00
-128938.43 -10000.00
-125834.16 -10000.00
-128483.52 -10000.00
-129605.95 -10000.00
-128522.71 -10000.00
-127786.84 -10000.00
-129189.75 -10000.00
-130316.37 -10000.00
-125658.05 -10000.00
-128522.72 -10000.00
-128265.90 -10000.00
-128896.53 -10000.00
-128688.76 -10000.00
-128370.62 -10000.00
-128841.80 -10000.00
-128628.21 -10000.00
-129174.02 -10000.00
-128015.02 -10000.00
-129599.00 -10000.00
-129314.39 -10000.00
-128992.65 -10000.00
-127472.68 -10000.00
-127290.29 -10000.00
-128635.27 -10000.00
-129716.08 -10000.00
-129145.07 -10000.00
-128590.42 -10000.00
-127727.41 -10000.00
-126690.51 -10000.00
-127222.97 -10000.00
-129572.73 -10000.00
-126357.59 -10000.00
-127085.03 -10000.00
-126781.70 -10000.00
-128549.69 -10000.00
-130718.78 -10000.00
-130449.12 -10000.00
-126146.94 -10000.00
-128529.18 -10000.00
-128765.30 -10000.00
-128865.18 -10000.00
-127570.12 -10000.00
-129449.44 -10000.00
-129380.92 -10000.00
-128129.97 -10000.00
-129743.52 -10000.00
-129175.48 -10000.00
-128298.86 -10000.00
-128315.27 -10000.00
-127938.89 -10000.00
-127192.87 -10000.00
-127496.72 -10000.00
-128819.10 -10000.00
-128528.84 -10000.00
-128965.77 -10000.00
-128188.67 -10000.00
-127668.90 -10000.00
-129012.87 -10000.00
-128334.58 -10000.00
-129545.90 -10000.00
-127526.91 -10000.00
-127864.64 -10000.00
-129074.93 -10000.00
-127058.47 -10000.00
-127304.31 -10000.00
-128724.98 -10000.00
-128647.21 -10000.00
-129956.44 -10000.00
-127880.33 -10000.00
-128181.84 -10000.00
-128950.11 -10000.00
-128896.02 -10000.00
-127793.61 -10000.00
-128750.49 -10000.00
-129154.14 -10000.00
-128438.92 -10000.00
-128614.35 -10000.00
-129300.85 -10000.00
-129794.45 -10000.00
-127803.68 -10000.00
-127799.33 -10000.00
-126555.13 -10000.00
-129187.24 -10000.00
-129895.72 -10000.00
-129748.46 -10000.00
-128672.22 -10000.00
-126119.30 -10000.00
-130136.79 -10000.00
-129676.17 -10000.00
-128209.43 -10000.00
-129098.14 -10000.00
-126848.82 -10000.00
-128463.62 -10000.00
-128698.20 -10000.00
-128992.56 -10000.00
-129893.17 -10000.00
-129768.70 -10000.00
-127314.35 -10000.00
-128784.31 -10000.00
-129472.77 -10000.00
-127546.30 -10000.00
-128753.80 -10000.00
-126450.28 -10000.00
-130612.97 -10000.00
-129216.63 -10000.00
-129353.99 -10000.00
-128756.47 -10000.00
-129249.49 -10000.00
-128435.42 -10000.00
-129087.11 -10000.00
-127234.60 -10000.00
-129608.97 -10000.00
-128366.61 -10000.00
-127285.32 -10000.00
-127727.97 -10000.00
-128589.47 -10000.00
-128978.17 -10000.00
-128436.38 -10000.00
-128325.15 -10000.00
-128065.52 -10000.00
-126991.52 -10000.00
-128622.60 -10000.00
-128430.77 -10000.00
-128330.77 -10000.00
-128927.77 -10000.00
-126981.67 -10000.00
-128939.85 -10000.00
-128761.54 -10000.00
-127945.93 -10000.00
-129471.52 -10000.00
-129594.73 -10000.00
-128782.50 -10000.00
-128291.76 -10000.00
-126286.54 -10000.00
-128810.01 -10000.00
-130734.89 -10000.00
-128041.87 -10000.00
-127813.25 -10000.00
-128562.65 -10000.00
-127946.07 -10000.00
-127764.38 -10000.00
-129301.03 -10000.00
-127699.94 -10000.00
-128043.34 -10000.00
-128498.72 -10000.00
-128612.15 -10000.00
-128846.48 -10000.00
-129375.09 -10000.00
-127468.39 -10000.00
-128946.65 -10000.00
-127909.18 -10000.00
-129058.27 -10000.00
-128691.64 -10000.00
-129340.77 -10000.00
-128676.16 -10000.00
-127281.37 -10000.00
-126944.61 -10000.00
-128983.01 -10000.00
-129016.04 -10000.00
-128319.27 -10000.00
-128303.13 -10000.00
-129469.53 -10000.00
-128358.09 -10000.00
-128276.58 -10000.00
-129578.30 -10000.00
-128682.48 -10000.00
-128457.94 -10000.00
-127863.34 -10000.00
-127391.68 -10000.00
-127890.79 -10000.00
-128754.35 -10000.00
-128778.49 -10000.00
-127112.09 -10000.00
-130702.61 -10000.00
-128496.31 -10000.00
-128759.20 -10000.00
-128477.06 -10000.00
-128353.40 -10000.00
-127692.66 -10000.00
-128376.67 -10000.00
-128881.30 -10000.00
-130787.05 -10000.00
-128435.61 -10000.00
-127235.95 -10000.00
-128629.91 -10000.00
-128537.29 -10000.00
-129066.52 -10000.00
-127058.20 -10000.00
-129192.36 -10000.00
-128017.53 -10000.00
-128157.05 -10000.00
-129459.59 -10000.00
-129909.44 -10000.00
-130142.38 -10000.00
-128690.69 -10000.00
-128478.02 -10000.00
-128546.65 -10000.00
-127145.37 -10000.00
-128361.42 -10000.00
-128289.25 -10000.00
-128965.00 -10000.00
-128266.39 -10000.00
-129025.95 -10000.00
-128890.39 -10000.00
-127844.05 -10000.00
-128061.94 -10000.00
-127774.02 -10000.00
-128995.91 -10000.00
-128768.34 -10000.00
-128513.06 -10000.00
-127498.60 -10000.00
-127375.01 -10000.00
-128922.35 -10000.00
-128887.63 -10000.00
-128958.36 -10000.00
-128282.76 -10000.00
-125870.51 -10000.00
-129477.64 -10000.00
-127986.60 -10000.00
-128649.99 -10000.00
-128276.37 -10000.00
-124548.52 -10000.00
-128240.12 -10000.00
-128497.23 -10000.00
-127062.50 -10000.00
-128088.76 -10000.00
-129128.19 -10000.00
-129076.51 -10000.00
-126587.75 -10000.00
-129570.06 -10000.00
-127952.54 -10000.00
-128521.56 -10000.00
-127657.20 -10000.00
-128662.71 -10000.00
-129088.51 -10000.00
-128182.05 -10000.00
-130084.18 -10000.00
-128928.19 -10000.00
-127049.79 -10000.00
-128150.09 -10000.00
-127759.53 -10000.00
-129862.01 -10000.00
-127524.61 -10000.00
-127998.27 -10000.00
-128890.83 -10000.00
-128113.09 -10000.00
-127848.19 -10000.00
-129356.39 -10000.00
-128700.15 -10000.00
-128573.41 -10000.00
-125233.05 -10000.00
-128611.01 -10000.00
-128809.97 -10000.00
-129542.14 -10000.00
-128854.69 -10000.00
-129244.06 -10000.00
-127069.02 -10000.00
-128128.60 -10000.00
-128843.59 -10000.00
-127891.53 -10000.00
-128042.35 -10000.00
-128586.64 -10000.00
-127623.59 -10000.00
-126552.54 -10000.00
-126799.23 -10000.00
-128944.60 -10000.00
-128981.20 -10000.00
-128837.60 -10000.00
-128740.35 -10000.00
-127187.06 -10000.00
-127242.85 -10000.00
-128631.59 -10000.00
-128783.39 -10000.00
-128066.43 -10000.00
-128781.23 -10000.00
-129565.05 -10000.00
-127301.65 -10000.00
-129241.29 -10000.00
-128001.20 -10000.00
-128909.72 -10000.00
-127683.65 -10000.00
-128988.10 -10000.00
-127245.88 -10000.00
-127342.25 -10000.00
-128410.78 -10000.00
-129129.58 -10000.00
-127843.02 -10000.00
-128184.04 -10000.00
-126985.92 -10000.00
-127460.19 -10000.00
-127841.40 -10000.00
-125826.72 -10000.00
-129525.04 -10000.00
-129406.96 -10000.00
-128026.18 -10000.00
-128548.46 -10000.00
-128153.04 -10000.00
-127989.01 -10000.00
-129344.66 -10000.00
-129822.90 -10000.00
-129512.16 -10000.00
-127366.55 -10000.00
-129768.19 -10000.00
-127261.27 -10000.00
-126534.84 -10000.00
-128334.38 -10000.00
-128226.45 -10000.00
-126678.81 -10000.00
-127951.82 -10000.00
-127186.29 -10000.00
-128042.70 -10000.00
-129017.40 -10000.00
-126423.25 -10000.00
-127590.13 -10000.00
-128358.49 -10000.00
-127943.35 -10000.00
-127526.32 -10000.00
-127594.26 -10000.00
-126126.38 -10000.00
-128941.23 -10000.00
-128441.03 -10000.00
-129283.07 -10000.00
-126982.66 -10000.00
-128517.42 -10000.00
-128211.39 -10000.00
-128379.80 -10000.00
-129592.99 -10000.00
-129048.42 -10000.00
-127710.06 -10000.00
-128803.32 -10000.00
-128873.94 -10000.00
-129029.18 -10000.00
-127364.99 -10000.00
-127661.38 -10000.00
-130096.63 -10000.00
-127855.16 -10000.00
-129147.43 -10000.00
-128153.35 -10000.00
-129982.28 -10000.00
-128096.11 -10000.00
-128425.81 -10000.00
-128787.96 -10000.00
-127795.25 -10000.00
-127735.96 -10000.00
-127699.36 -10000.00
-128576.79 -10000.00
-129172.93 -10000.00
-127332.94 -10000.00
