-10000.00 -10000.00
-2961.65 -10000.00
-2976.02 -10000.00
-2970.40 -10000.00
-2963.94 -10000.00
-2961.26 -10000.00
-2972.15 -10000.00
-3003.01 -10000.00
-2953.98 -2953.98
-2956.82 -2953.98
-2972.21 -2953.98
-2936.10 -2936.10
-2923.38 -2923.38
-2981.92 -2923.38
-2950.64 -2923.38
-2961.53 -2923.38
-2939.04 -2923.38
-2958.11 -2923.38
-2958.89 -2923.38
-2911.73 -2911.73
-2880.52 -2880.52
-2945.90 -2880.52
-2907.48 -2880.52
-2877.53 -2877.53
-2847.40 -2847.40
-2874.77 -2847.40
-2878.52 -2847.40
-2903.26 -2847.40
-2806.53 -2806.53
-2794.31 -2794.31
-2768.98 -2768.98
-2783.80 -2768.98
-2837.23 -2768.98
-2786.16 -2768.98
-2718.45 -2718.45
-2778.91 -2718.45
-2848.64 -2718.45
-2727.91 -2718.45
-2749.79 -2718.45
-2715.82 -2715.82
-2773.12 -2715.82
-2782.49 -2715.82
-2782.36 -2715.82
-2790.27 -2715.82
-2792.56 -2715.82
-2799.92 -2715.82
-2809.52 -2715.82
-2732.99 -2715.82
-2871.70 -2715.82
-2810.62 -2715.82
-2660.70 -2660.70
-2829.05 -2660.70
-2881.96 -2660.70
-2710.48 -2660.70
-2849.20 -2660.70
-2664.29 -2660.70
-2828.44 -2660.70
-2791.39 -2660.70
-2874.91 -2660.70
-2786.79 -2660.70
-2762.41 -2660.70
-2734.72 -2660.70
-2815.73 -2660.70
-2729.28 -2660.70
-2856.89 -2660.70
-2829.77 -2660.70
-2899.88 -2660.70
-2759.76 -2660.70
-2755.81 -2660.70
-2749.95 -2660.70
-2771.61 -2660.70
-2873.39 -2660.70
-2821.58 -2660.70
-2880.31 -2660.70
-2674.09 -2660.70
-2740.46 -2660.70
-2693.85 -2660.70
-2897.20 -2660.70
-2835.94 -2660.70
-2775.34 -2660.70
-2889.61 -2660.70
-2756.92 -2660.70
-2807.21 -2660.70
-2802.35 -2660.70
-2729.05 -2660.70
-2735.74 -2660.70
-2972.84 -2660.70
-2871.77 -2660.70
-2833.35 -2660.70
-2819.80 -2660.70
-2781.04 -2660.70
-2769.70 -2660.70
-2866.50 -2660.70
-2709.72 -2660.70
-2871.68 -2660.70
-2816.40 -2660.70
-2789.34 -2660.70
-2882.37 -2660.70
-2751.42 -2660.70
-2811.59 -2660.70
-2759.21 -2660.70
-2785.76 -2660.70
-2828.67 -2660.70
-2737.05 -2660.70
-2827.81 -2660.70
-2818.66 -2660.70
-2847.13 -2660.70
-2735.46 -2660.70
-2809.91 -2660.70
-2735.56 -2660.70
-2802.73 -2660.70
-2738.29 -2660.70
-2755.00 -2660.70
-2836.83 -2660.70
-2723.24 -2660.70
-2856.07 -2660.70
-2777.11 -2660.70
-2795.74 -2660.70
-2706.11 -2660.70
-2870.49 -2660.70
-2815.81 -2660.70
-2832.55 -2660.70
-2767.87 -2660.70
-2915.96 -2660.70
-2821.16 -2660.70
-2711.29 -2660.70
-2719.45 -2660.70
-2796.38 -2660.70
-2757.21 -2660.70
-2791.45 -2660.70
-2856.14 -2660.70
-2766.37 -2660.70
-2727.68 -2660.70
-2762.02 -2660.70
-2798.02 -2660.70
-2737.61 -2660.70
-2701.81 -2660.70
-2848.77 -2660.70
-2849.38 -2660.70
-2799.13 -2660.70
-2773.82 -2660.70
-2729.21 -2660.70
-2726.54 -2660.70
-2859.78 -2660.70
-2738.26 -2660.70
-2755.26 -2660.70
-2723.29 -2660.70
-2727.98 -2660.70
-2764.45 -2660.70
-2764.35 -2660.70
-2872.08 -2660.70
-2823.57 -2660.70
-2851.98 -2660.70
-2777.50 -2660.70
-2783.20 -2660.70
-2780.08 -2660.70
-2871.00 -2660.70
-2765.40 -2660.70
-2857.08 -2660.70
-2796.33 -2660.70
-2673.72 -2660.70
-2806.00 -2660.70
-2892.00 -2660.70
-2719.46 -2660.70
-2778.23 -2660.70
-2789.16 -2660.70
-2766.79 -2660.70
-2806.37 -2660.70
-2897.78 -2660.70
-2788.02 -2660.70
-2633.50 -2633.50
-2855.27 -2633.50
-2716.99 -2633.50
-2704.13 -2633.50
-2895.70 -2633.50
-2827.50 -2633.50
-2796.14 -2633.50
-2746.31 -2633.50
-2793.87 -2633.50
-2833.85 -2633.50
-2733.12 -2633.50
-2816.83 -2633.50
-2773.92 -2633.50
-2738.98 -2633.50
-2788.99 -2633.50
-2810.24 -2633.50
-2783.64 -2633.50
-2714.01 -2633.50
-2771.50 -2633.50
-2776.95 -2633.50
-2759.40 -2633.50
-2850.58 -2633.50
-2708.77 -2633.50
-2852.10 -2633.50
-2785.89 -2633.50
-2811.48 -2633.50
-2741.06 -2633.50
-2824.94 -2633.50
-2671.86 -2633.50
-2868.09 -2633.50
-2770.42 -2633.50
-2870.60 -2633.50
-2747.20 -2633.50
-2746.73 -2633.50
-2760.73 -2633.50
-2910.82 -2633.50
-2727.95 -2633.50
-2830.44 -2633.50
-2704.12 -2633.50
-2757.14 -2633.50
-2721.77 -2633.50
-2755.04 -2633.50
-2812.14 -2633.50
-2766.70 -2633.50
-2902.66 -2633.50
-2887.98 -2633.50
-2701.08 -2633.50
-2782.49 -2633.50
-2788.88 -2633.50
-2847.01 -2633.50
-2819.84 -2633.50
-2843.55 -2633.50
-2883.70 -2633.50
-2688.72 -2633.50
-2784.80 -2633.50
-2827.50 -2633.50
-2697.87 -2633.50
-2784.33 -2633.50
-2763.41 -2633.50
-2743.97 -2633.50
-2650.11 -2633.50
-2745.43 -2633.50
-2743.61 -2633.50
-2711.59 -2633.50
-2871.80 -2633.50
-2879.18 -2633.50
-2675.54 -2633.50
-2686.13 -2633.50
-2687.15 -2633.50
-2849.58 -2633.50
-2775.37 -2633.50
-2707.78 -2633.50
-2753.24 -2633.50
-2856.05 -2633.50
-2762.56 -2633.50
-2886.86 -2633.50
-2709.13 -2633.50
-2620.65 -2620.65
-2818.50 -2620.65
-2832.17 -2620.65
-2661.01 -2620.65
-2697.69 -2620.65
-2847.55 -2620.65
-2865.80 -2620.65
-2733.77 -2620.65
-2620.72 -2620.72
-2700.19 -2620.72
-2844.62 -2620.72
-2753.82 -2620.72
-2757.28 -2620.72
-2657.74 -2620.72
-2551.30 -2551.30
-2712.06 -2551.30
-2875.58 -2551.30
-2632.11 -2551.30
-2797.44 -2551.30
-2763.64 -2551.30
-2688.86 -2551.30
-2899.23 -2551.30
-2833.98 -2551.30
-2845.41 -2551.30
-2722.95 -2551.30
-2725.88 -2551.30
-2801.81 -2551.30
-2831.79 -2551.30
-2774.50 -2551.30
-2638.65 -2551.30
-2728.18 -2551.30
-2756.20 -2551.30
-2819.73 -2551.30
-2814.59 -2551.30
-2645.98 -2551.30
-2731.57 -2551.30
-2832.27 -2551.30
-2833.67 -2551.30
-2694.47 -2551.30
-2730.01 -2551.30
-2647.45 -2551.30
-2680.27 -2551.30
-2825.62 -2551.30
-2866.96 -2551.30
-2805.78 -2551.30
-2831.96 -2551.30
-2726.77 -2551.30
-2758.63 -2551.30
-2715.23 -2551.30
-2763.39 -2551.30
-2780.01 -2551.30
-2750.83 -2551.30
-2777.46 -2551.30
-2753.61 -2551.30
-2698.43 -2551.30
-2662.00 -2551.30
-2611.95 -2551.30
-2704.04 -2551.30
-2505.85 -2505.85
-2700.09 -2505.85
-2680.33 -2505.85
-2729.50 -2505.85
-2832.72 -2505.85
-2610.90 -2505.85
-2746.87 -2505.85
-2702.79 -2505.85
-2775.62 -2505.85
-2542.84 -2505.85
-2713.13 -2505.85
-2751.53 -2505.85
-2752.14 -2505.85
-2671.58 -2505.85
-2716.17 -2505.85
-2739.08 -2505.85
-2639.29 -2505.85
-2877.63 -2505.85
-2765.63 -2505.85
-2883.76 -2505.85
-2853.00 -2505.85
-2680.69 -2505.85
-2611.71 -2505.85
-2899.51 -2505.85
-2853.85 -2505.85
-2694.33 -2505.85
-2725.81 -2505.85
-2761.71 -2505.85
-2844.81 -2505.85
-2765.87 -2505.85
-2803.21 -2505.85
-2601.35 -2505.85
-2833.24 -2505.85
-2598.82 -2505.85
-2725.95 -2505.85
-2760.18 -2505.85
-2677.21 -2505.85
-2840.15 -2505.85
-2723.27 -2505.85
-2783.92 -2505.85
-2745.17 -2505.85
-2644.52 -2505.85
-2800.75 -2505.85
-2778.00 -2505.85
-2617.54 -2505.85
-2827.13 -2505.85
-2740.73 -2505.85
-2672.12 -2505.85
-2680.37 -2505.85
-2690.37 -2505.85
-2698.16 -2505.85
-2777.83 -2505.85
-2724.49 -2505.85
-2751.67 -2505.85
-2721.71 -2505.85
-2682.24 -2505.85
-2724.79 -2505.85
-2659.57 -2505.85
-2625.33 -2505.85
-2770.22 -2505.85
-2694.78 -2505.85
-2768.10 -2505.85
-2805.11 -2505.85
-2749.04 -2505.85
-2679.24 -2505.85
-2832.96 -2505.85
-2770.29 -2505.85
-2598.26 -2505.85
-2636.41 -2505.85
-2693.57 -2505.85
-2656.67 -2505.85
-2838.25 -2505.85
-2566.18 -2505.85
-2723.05 -2505.85
-2837.10 -2505.85
-2553.33 -2505.85
-2868.10 -2505.85
-2825.33 -2505.85
-2720.30 -2505.85
-2742.87 -2505.85
-2560.94 -2505.85
-2743.77 -2505.85
-2842.77 -2505.85
-2845.89 -2505.85
-2626.06 -2505.85
-2609.17 -2505.85
-2597.30 -2505.85
-2776.49 -2505.85
-2810.50 -2505.85
-2565.70 -2505.85
-2728.99 -2505.85
-2821.74 -2505.85
-2805.21 -2505.85
-2632.21 -2505.85
-2849.37 -2505.85
-2740.13 -2505.85
-2749.45 -2505.85
-2872.93 -2505.85
-2794.93 -2505.85
-2762.00 -2505.85
-2723.55 -2505.85
-2698.91 -2505.85
-2813.90 -2505.85
-2627.03 -2505.85
-2757.15 -2505.85
-2827.28 -2505.85
-2828.16 -2505.85
-2705.53 -2505.85
-2751.68 -2505.85
-2878.87 -2505.85
-2818.20 -2505.85
-2695.14 -2505.85
-2749.11 -2505.85
-2958.69 -2958.69
-2922.86 -2922.86
-2959.36 -2922.86
-2962.02 -2922.86
-2964.19 -2922.86
-2988.76 -2922.86
-2891.30 -2891.30
-2892.48 -2891.30
-2938.68 -2891.30
-2923.78 -2891.30
-2947.79 -2891.30
-2920.89 -2891.30
-2936.08 -2891.30
-2928.65 -2891.30
-2912.96 -2891.30
-2916.28 -2891.30
-2936.67 -2891.30
-2965.14 -2891.30
-2931.90 -2891.30
-2925.47 -2891.30
-2908.80 -2891.30
-2916.02 -2891.30
-2935.66 -2891.30
-2940.70 -2891.30
-2931.31 -2891.30
-2892.54 -2891.30
-2917.48 -2891.30
-2923.11 -2891.30
-2949.98 -2891.30
-2928.52 -2891.30
-2892.69 -2891.30
-2923.04 -2891.30
-2899.27 -2891.30
-2942.44 -2891.30
-2911.72 -2891.30
-2920.34 -2891.30
-2899.04 -2891.30
-2955.14 -2891.30
-2942.00 -2891.30
-2916.18 -2891.30
-2924.88 -2891.30
-2963.30 -2891.30
-2923.28 -2891.30
-2917.22 -2891.30
-2888.29 -2888.29
-2921.10 -2888.29
-2888.03 -2888.03
-2885.19 -2885.19
-2903.87 -2885.19
-2915.93 -2885.19
-2914.99 -2885.19
-2989.94 -2885.19
-2902.59 -2885.19
-2915.44 -2885.19
-2929.90 -2885.19
-2922.88 -2885.19
-3008.90 -2885.19
-2953.65 -2885.19
-2876.68 -2876.68
-2858.94 -2858.94
-2838.28 -2838.28
-2880.45 -2838.28
-2892.59 -2838.28
-2881.08 -2838.28
-2910.76 -2838.28
-2920.65 -2838.28
-2881.53 -2838.28
-2877.44 -2838.28
-2913.95 -2838.28
-2907.07 -2838.28
-2840.33 -2838.28
-2914.25 -2838.28
-2881.61 -2838.28
-2831.06 -2831.06
-2875.83 -2831.06
-2827.20 -2827.20
-2819.21 -2819.21
-2865.71 -2819.21
-2818.55 -2818.55
-2747.74 -2747.74
-2834.47 -2747.74
-2871.28 -2747.74
-2810.79 -2747.74
-2823.52 -2747.74
-2807.86 -2747.74
-2929.29 -2747.74
-2817.96 -2747.74
-2791.97 -2747.74
-2850.50 -2747.74
-2830.60 -2747.74
-2836.23 -2747.74
-2867.86 -2747.74
-2870.40 -2747.74
-2868.52 -2747.74
-2830.21 -2747.74
-2808.62 -2747.74
-2868.43 -2747.74
-2766.67 -2747.74
-2865.27 -2747.74
-2896.38 -2747.74
-2800.19 -2747.74
-2793.09 -2747.74
-2784.15 -2747.74
-2844.49 -2747.74
-2774.48 -2747.74
-2804.92 -2747.74
-2749.93 -2747.74
-2733.15 -2733.15
-2817.28 -2733.15
-2808.60 -2733.15
-2776.65 -2733.15
-2833.44 -2733.15
-2812.24 -2733.15
-2807.39 -2733.15
-2750.38 -2733.15
-2816.98 -2733.15
-2845.45 -2733.15
-2866.65 -2733.15
-2920.30 -2733.15
-2826.33 -2733.15
-2751.56 -2733.15
-2801.47 -2733.15
-2822.20 -2733.15
-2736.20 -2733.15
-2731.13 -2731.13
-2889.36 -2731.13
-2758.58 -2731.13
-2706.54 -2706.54
-2733.34 -2706.54
-2799.08 -2706.54
-2896.77 -2706.54
-2893.27 -2706.54
-2870.57 -2706.54
-2733.63 -2706.54
-2836.47 -2706.54
-2735.80 -2706.54
-2873.61 -2706.54
-2797.70 -2706.54
-2760.82 -2706.54
-2831.14 -2706.54
-2874.68 -2706.54
-2799.32 -2706.54
-2789.40 -2706.54
-2837.18 -2706.54
-2747.66 -2706.54
-2750.70 -2706.54
-2730.37 -2706.54
-2819.83 -2706.54
-2831.88 -2706.54
-2807.79 -2706.54
-2907.99 -2706.54
-2742.75 -2706.54
-2749.36 -2706.54
-2775.25 -2706.54
-2719.13 -2706.54
-2738.83 -2706.54
-2789.15 -2706.54
-2754.29 -2706.54
-2828.99 -2706.54
-2916.19 -2706.54
-2775.66 -2706.54
-2741.03 -2706.54
-2800.05 -2706.54
-2853.24 -2706.54
-2801.74 -2706.54
-2740.05 -2706.54
-2809.19 -2706.54
-2856.27 -2706.54
-2800.21 -2706.54
-2862.75 -2706.54
-2815.55 -2706.54
-2629.55 -2629.55
-2774.19 -2629.55
-2857.90 -2629.55
-2749.68 -2629.55
-2780.48 -2629.55
-2729.52 -2629.55
-2840.53 -2629.55
-2841.08 -2629.55
-2796.30 -2629.55
-2707.10 -2629.55
-2811.06 -2629.55
-2712.10 -2629.55
-2865.26 -2629.55
-2834.62 -2629.55
-2722.96 -2629.55
-2721.62 -2629.55
-2812.35 -2629.55
-2864.55 -2629.55
-2720.03 -2629.55
-2719.36 -2629.55
-2853.24 -2629.55
-2741.36 -2629.55
-2797.45 -2629.55
-2722.62 -2629.55
-2718.27 -2629.55
-2667.20 -2629.55
-2815.69 -2629.55
-2794.85 -2629.55
-2846.89 -2629.55
-2779.08 -2629.55
-2811.19 -2629.55
-2805.77 -2629.55
-2769.63 -2629.55
-2672.99 -2629.55
-2808.67 -2629.55
-2821.77 -2629.55
-2738.11 -2629.55
-2890.47 -2629.55
-2851.38 -2629.55
-2840.31 -2629.55
-2757.16 -2629.55
-2830.76 -2629.55
-2831.81 -2629.55
-2719.08 -2629.55
-2796.43 -2629.55
-2776.49 -2629.55
-2833.63 -2629.55
-2890.90 -2629.55
-2715.03 -2629.55
-2791.50 -2629.55
-2770.02 -2629.55
-2800.79 -2629.55
-2780.82 -2629.55
-2673.13 -2629.55
-2833.40 -2629.55
-2701.72 -2629.55
-2792.79 -2629.55
-2851.75 -2629.55
-2759.48 -2629.55
-2697.52 -2629.55
-2794.37 -2629.55
-2753.55 -2629.55
-2795.63 -2629.55
-2689.36 -2629.55
-2844.79 -2629.55
-2870.82 -2629.55
-2803.75 -2629.55
-2765.31 -2629.55
-2667.39 -2629.55
-2793.34 -2629.55
-2823.58 -2629.55
-2797.91 -2629.55
-2810.67 -2629.55
-2797.93 -2629.55
-2771.62 -2629.55
-2879.12 -2629.55
-2879.22 -2629.55
-2802.68 -2629.55
-2884.48 -2629.55
-2859.67 -2629.55
-2826.75 -2629.55
-2808.18 -2629.55
-2763.28 -2629.55
-2879.84 -2629.55
-2834.04 -2629.55
-2881.85 -2629.55
-2727.52 -2629.55
-2773.82 -2629.55
-2823.98 -2629.55
-2869.67 -2629.55
-2862.84 -2629.55
-2789.05 -2629.55
-2668.38 -2629.55
-2647.09 -2629.55
-2790.77 -2629.55
-2778.38 -2629.55
-2668.80 -2629.55
-2761.38 -2629.55
-2738.69 -2629.55
-2762.13 -2629.55
-2730.44 -2629.55
-2883.94 -2629.55
-2711.80 -2629.55
-2804.64 -2629.55
-2708.55 -2629.55
-2727.44 -2629.55
-2877.84 -2629.55
-2814.83 -2629.55
-2846.90 -2629.55
-2786.83 -2629.55
-2856.71 -2629.55
-2702.17 -2629.55
-2881.56 -2629.55
-2646.36 -2629.55
-2764.62 -2629.55
-2752.84 -2629.55
-2733.63 -2629.55
-2792.53 -2629.55
-2694.42 -2629.55
-2734.34 -2629.55
-2762.72 -2629.55
-2845.60 -2629.55
-2801.08 -2629.55
-2673.71 -2629.55
-2871.93 -2629.55
-2654.51 -2629.55
-2865.52 -2629.55
-2751.58 -2629.55
-2776.60 -2629.55
-2769.54 -2629.55
-2882.43 -2629.55
-2776.55 -2629.55
-2833.84 -2629.55
-2876.85 -2629.55
-2918.16 -2629.55
-2723.08 -2629.55
-2767.67 -2629.55
-2764.70 -2629.55
-2815.69 -2629.55
-2882.92 -2629.55
-2785.59 -2629.55
-2817.95 -2629.55
-2816.69 -2629.55
-2792.00 -2629.55
-2793.59 -2629.55
-2805.58 -2629.55
-2802.22 -2629.55
-2772.76 -2629.55
-2861.74 -2629.55
-2838.08 -2629.55
-2828.81 -2629.55
-2826.77 -2629.55
-2728.74 -2629.55
-2696.09 -2629.55
-2763.11 -2629.55
-2797.28 -2629.55
-2774.72 -2629.55
-2652.48 -2629.55
-2798.81 -2629.55
-2703.51 -2629.55
-2711.34 -2629.55
-2810.27 -2629.55
-2859.87 -2629.55
-2837.57 -2629.55
-2724.36 -2629.55
-2754.12 -2629.55
-2722.54 -2629.55
-2742.62 -2629.55
-2840.03 -2629.55
-2903.04 -2629.55
-2763.24 -2629.55
-2894.04 -2629.55
-2609.18 -2609.18
-2779.63 -2609.18
-2692.12 -2609.18
-2729.68 -2609.18
-2825.25 -2609.18
-2758.36 -2609.18
-2842.67 -2609.18
-2811.10 -2609.18
-2744.69 -2609.18
-2723.14 -2609.18
-2924.26 -2609.18
-2864.66 -2609.18
-2835.31 -2609.18
-2724.29 -2609.18
-2757.59 -2609.18
-2704.56 -2609.18
-2861.91 -2609.18
-2741.26 -2609.18
-2698.56 -2609.18
-2837.50 -2609.18
-2651.60 -2609.18
-2876.84 -2609.18
-2751.75 -2609.18
-2701.15 -2609.18
-2754.47 -2609.18
-2801.97 -2609.18
-2845.29 -2609.18
-2702.04 -2609.18
-2854.75 -2609.18
-2786.87 -2609.18
-2839.52 -2609.18
-2671.91 -2609.18
-2855.11 -2609.18
-2766.21 -2609.18
-2807.95 -2609.18
-2647.13 -2609.18
-2825.85 -2609.18
-2709.16 -2609.18
-2829.59 -2609.18
-2676.02 -2609.18
-2820.45 -2609.18
-2737.72 -2609.18
-2716.85 -2609.18
-2658.34 -2609.18
-2823.88 -2609.18
-2794.28 -2609.18
-2777.48 -2609.18
-2879.22 -2609.18
-2718.78 -2609.18
-2741.71 -2609.18
-2767.77 -2609.18
-2828.79 -2609.18
-2724.14 -2609.18
-2878.82 -2609.18
-2760.86 -2609.18
-2706.83 -2609.18
-2706.08 -2609.18
-2658.69 -2609.18
-2837.85 -2609.18
-2756.97 -2609.18
-2719.50 -2609.18
-2742.78 -2609.18
-2869.09 -2609.18
-2759.88 -2609.18
-2765.51 -2609.18
-2681.34 -2609.18
-2777.11 -2609.18
-2659.07 -2609.18
-2696.97 -2609.18
-2731.74 -2609.18
-2766.45 -2609.18
-2811.04 -2609.18
-2724.34 -2609.18
-2971.63 -2609.18
-2993.77 -2609.18
-3027.50 -2609.18
-2990.97 -2609.18
-2951.38 -2951.38
-2973.39 -2951.38
-2986.96 -2951.38
-2988.19 -2951.38
-2923.95 -2923.95
-2955.38 -2923.95
-2955.00 -2923.95
-2974.56 -2923.95
-2959.73 -2923.95
-2969.06 -2923.95
-2920.91 -2920.91
-2942.48 -2920.91
-2932.04 -2920.91
-2936.38 -2920.91
-2950.20 -2920.91
-2954.95 -2920.91
-2916.76 -2916.76
-2943.61 -2916.76
-2910.59 -2910.59
-2898.05 -2898.05
-2906.69 -2898.05
-2948.29 -2898.05
-2905.90 -2898.05
-2876.03 -2876.03
-2877.50 -2876.03
-2879.76 -2876.03
-2918.67 -2876.03
-2892.42 -2876.03
-2886.96 -2876.03
-2937.45 -2876.03
-2901.23 -2876.03
-2879.42 -2879.42
-2933.45 -2879.42
-2872.57 -2872.57
-2919.00 -2872.57
-2861.29 -2861.29
-2872.56 -2861.29
-2901.88 -2861.29
-2890.17 -2861.29
-2895.29 -2861.29
-2866.05 -2866.05
-2896.28 -2866.05
-2912.95 -2866.05
-2885.57 -2866.05
-2883.78 -2866.05
-2949.39 -2866.05
-2910.52 -2866.05
-2907.36 -2866.05
-2890.33 -2866.05
-2923.83 -2866.05
-2933.83 -2866.05
-2898.82 -2866.05
-2892.72 -2866.05
-2881.34 -2866.05
-2930.92 -2866.05
-2896.45 -2866.05
-2886.15 -2866.05
-2903.57 -2866.05
-2887.06 -2866.05
-2894.33 -2866.05
-2867.98 -2866.05
-2900.89 -2866.05
-2923.62 -2866.05
-2869.30 -2866.05
-2893.55 -2866.05
-2954.99 -2866.05
-2872.76 -2866.05
-2929.69 -2866.05
-2914.49 -2866.05
-2885.31 -2866.05
-2954.36 -2866.05
-2874.99 -2866.05
-2904.81 -2866.05
-2864.10 -2864.10
-2885.53 -2864.10
-2856.52 -2856.52
-2902.21 -2856.52
-2891.14 -2856.52
-2824.07 -2824.07
-2819.74 -2819.74
-2924.57 -2819.74
-2810.32 -2810.32
-2885.36 -2810.32
-2822.50 -2810.32
-2868.62 -2810.32
-2886.93 -2810.32
-2910.74 -2810.32
-2898.60 -2810.32
-2848.08 -2810.32
-2818.87 -2810.32
-2887.38 -2810.32
-2834.73 -2810.32
-2837.82 -2810.32
-2744.42 -2744.42
-2843.97 -2744.42
-2841.24 -2744.42
-2905.63 -2744.42
-2768.74 -2744.42
-2784.71 -2744.42
-2923.60 -2744.42
-2924.35 -2744.42
-2866.57 -2744.42
-2788.48 -2744.42
-2923.07 -2744.42
-2806.83 -2744.42
-2823.63 -2744.42
-2871.45 -2744.42
-2877.32 -2744.42
-2789.86 -2744.42
-2831.74 -2744.42
-2826.24 -2744.42
-2873.04 -2744.42
-2905.37 -2744.42
-2776.12 -2744.42
-2793.66 -2744.42
-2845.06 -2744.42
-2865.08 -2744.42
-2855.25 -2744.42
-2898.34 -2744.42
-2899.77 -2744.42
-2810.41 -2744.42
-2828.44 -2744.42
-2856.86 -2744.42
-2769.58 -2744.42
-2870.48 -2744.42
-2848.31 -2744.42
-2825.63 -2744.42
-2864.06 -2744.42
-2872.89 -2744.42
-2766.18 -2744.42
-2806.29 -2744.42
-2828.30 -2744.42
-2835.46 -2744.42
-2796.74 -2744.42
-2830.83 -2744.42
-2827.96 -2744.42
-2835.70 -2744.42
-2840.06 -2744.42
-2777.29 -2744.42
-2904.16 -2744.42
-2898.94 -2744.42
-2790.05 -2744.42
-2833.83 -2744.42
-2804.66 -2744.42
-2786.56 -2744.42
-2797.22 -2744.42
-2918.58 -2744.42
-2826.26 -2744.42
-2810.61 -2744.42
-2799.52 -2744.42
-2815.37 -2744.42
-2847.29 -2744.42
-2872.12 -2744.42
-2828.94 -2744.42
-2880.84 -2744.42
-2839.61 -2744.42
-2872.19 -2744.42
-2898.89 -2744.42
-2836.72 -2744.42
-2835.82 -2744.42
-2848.31 -2744.42
-2833.41 -2744.42
-2867.88 -2744.42
-2838.92 -2744.42
-2812.82 -2744.42
-2900.73 -2744.42
-2856.53 -2744.42
-2792.60 -2744.42
-2812.62 -2744.42
-2854.49 -2744.42
-2825.21 -2744.42
-2919.95 -2744.42
-2864.83 -2744.42
-2850.49 -2744.42
-2858.99 -2744.42
-2830.14 -2744.42
-2878.23 -2744.42
-2825.72 -2744.42
-2813.16 -2744.42
-2891.09 -2744.42
-2831.78 -2744.42
-2828.35 -2744.42
-2924.75 -2744.42
-2858.01 -2744.42
-2922.79 -2744.42
-2893.40 -2744.42
-2796.33 -2744.42
-2873.97 -2744.42
-2752.00 -2744.42
-2799.47 -2744.42
-2842.85 -2744.42
-2841.18 -2744.42
-2712.17 -2712.17
-2841.31 -2712.17
-2797.51 -2712.17
-2798.89 -2712.17
-2872.55 -2712.17
-2732.19 -2712.17
-2721.11 -2712.17
-2725.65 -2712.17
-2790.83 -2712.17
-2763.54 -2712.17
-2767.24 -2712.17
-2835.65 -2712.17
-2789.67 -2712.17
-2880.53 -2712.17
-2810.74 -2712.17
-2752.15 -2712.17
-2828.09 -2712.17
-2723.84 -2712.17
-2777.09 -2712.17
-2845.52 -2712.17
-2949.30 -2712.17
-2806.85 -2712.17
-2894.68 -2712.17
-2811.81 -2712.17
-2841.81 -2712.17
-2845.98 -2712.17
-2761.22 -2712.17
-2932.40 -2712.17
-2720.64 -2712.17
-2825.45 -2712.17
-2906.21 -2712.17
-2852.59 -2712.17
-2783.91 -2712.17
-2792.85 -2712.17
-2833.99 -2712.17
-2758.38 -2712.17
-2821.02 -2712.17
-2802.36 -2712.17
-2939.24 -2712.17
-2887.70 -2712.17
-2801.14 -2712.17
-2778.22 -2712.17
-2757.90 -2712.17
-2833.60 -2712.17
-2826.15 -2712.17
-2785.36 -2712.17
-2795.45 -2712.17
-2738.86 -2712.17
-2883.49 -2712.17
-2773.54 -2712.17
-2828.84 -2712.17
-2851.95 -2712.17
-2828.57 -2712.17
-2858.11 -2712.17
-2882.75 -2712.17
-2920.14 -2712.17
-2810.28 -2712.17
-2791.44 -2712.17
-2816.38 -2712.17
-2720.73 -2712.17
-2709.90 -2709.90
-2834.44 -2709.90
-2750.55 -2709.90
-2676.67 -2676.67
-2706.34 -2676.67
-2775.63 -2676.67
-2793.05 -2676.67
-2910.33 -2676.67
-2747.33 -2676.67
-2725.87 -2676.67
-2847.81 -2676.67
-2715.53 -2676.67
-2797.96 -2676.67
-2731.78 -2676.67
-2724.75 -2676.67
-2754.01 -2676.67
-2747.04 -2676.67
-2696.68 -2676.67
-2753.40 -2676.67
-2904.69 -2676.67
-2785.95 -2676.67
-2769.68 -2676.67
-2830.51 -2676.67
-2817.17 -2676.67
-2881.36 -2676.67
-2879.79 -2676.67
-2858.33 -2676.67
-2819.82 -2676.67
-2820.16 -2676.67
-2783.07 -2676.67
-2779.94 -2676.67
-2760.59 -2676.67
-2853.16 -2676.67
-2807.28 -2676.67
-2788.89 -2676.67
-2824.96 -2676.67
-2773.07 -2676.67
-2834.00 -2676.67
-2768.70 -2676.67
-2727.51 -2676.67
-2848.87 -2676.67
-2730.65 -2676.67
-2689.69 -2676.67
-2855.10 -2676.67
-2783.46 -2676.67
-2732.98 -2676.67
-2795.43 -2676.67
-2820.83 -2676.67
-2750.26 -2676.67
-2765.07 -2676.67
-2946.69 -2676.67
-2680.85 -2676.67
-2720.79 -2676.67
-2800.39 -2676.67
-2699.00 -2676.67
-2738.99 -2676.67
-2676.36 -2676.36
-2787.76 -2676.36
-2751.02 -2676.36
-2820.24 -2676.36
-2919.18 -2676.36
-2697.87 -2676.36
-2747.12 -2676.36
-2719.48 -2676.36
-2703.30 -2676.36
-2669.16 -2669.16
-2666.54 -2666.54
-2809.33 -2666.54
-2848.96 -2666.54
-2663.58 -2663.58
-2749.19 -2663.58
-2719.90 -2663.58
-2774.45 -2663.58
-2856.10 -2663.58
-2727.58 -2663.58
-2871.61 -2663.58
-2859.67 -2663.58
-2881.29 -2663.58
-2815.42 -2663.58
-2871.14 -2663.58
-2838.83 -2663.58
-2747.29 -2663.58
-2863.97 -2663.58
-2731.02 -2663.58
-2691.39 -2663.58
-2721.77 -2663.58
-2712.68 -2663.58
-2797.44 -2663.58
-2784.30 -2663.58
-2834.43 -2663.58
-2680.75 -2663.58
-2815.86 -2663.58
-2769.65 -2663.58
-2800.99 -2663.58
-2857.04 -2663.58
-2756.68 -2663.58
-2744.07 -2663.58
-2836.02 -2663.58
-2802.76 -2663.58
-2759.08 -2663.58
-2686.81 -2663.58
-2820.83 -2663.58
-2762.39 -2663.58
-2767.63 -2663.58
-2730.80 -2663.58
-2839.78 -2663.58
-2859.65 -2663.58
-2779.92 -2663.58
-2778.76 -2663.58
-2822.62 -2663.58
-2838.33 -2663.58
-2782.18 -2663.58
-2867.94 -2663.58
-2707.99 -2663.58
-2811.61 -2663.58
-2756.60 -2663.58
-2705.35 -2663.58
-2872.52 -2663.58
-2687.57 -2663.58
-2827.94 -2663.58
-2762.84 -2663.58
-2856.57 -2663.58
-2752.95 -2663.58
-2735.66 -2663.58
-2650.33 -2650.33
-2804.72 -2650.33
-2762.58 -2650.33
-2715.48 -2650.33
-2739.64 -2650.33
-2693.79 -2650.33
-2679.16 -2650.33
-2659.70 -2650.33
-2674.79 -2650.33
-2906.73 -2650.33
-2908.74 -2650.33
-2875.51 -2650.33
-2881.09 -2650.33
-2631.62 -2631.62
-2758.92 -2631.62
-2677.31 -2631.62
-2882.49 -2631.62
-2720.54 -2631.62
-2628.82 -2628.82
-2698.82 -2628.82
-2837.49 -2628.82
-2795.36 -2628.82
-2650.08 -2628.82
-2745.00 -2628.82
-2707.37 -2628.82
-2648.61 -2628.82
-2802.30 -2628.82
-2800.39 -2628.82
-2595.70 -2595.70
-2637.74 -2595.70
-2520.60 -2520.60
-2860.84 -2520.60
-2782.49 -2520.60
-2760.94 -2520.60
-2742.84 -2520.60
-2795.94 -2520.60
-2986.50 -2520.60
-2962.55 -2520.60
-2963.47 -2520.60
-2937.18 -2937.18
-2967.75 -2937.18
-2976.60 -2937.18
-3005.87 -2937.18
-2983.62 -2937.18
-2931.56 -2931.56
-2935.49 -2931.56
-2957.12 -2931.56
-2967.43 -2931.56
-2937.51 -2931.56
-2943.12 -2931.56
-2958.48 -2931.56
-2937.64 -2931.56
-2967.55 -2931.56
-2935.85 -2931.56
-2927.01 -2927.01
-2978.31 -2927.01
-2918.72 -2918.72
-2934.76 -2918.72
-2936.04 -2918.72
-2938.67 -2918.72
-2883.46 -2883.46
-2863.12 -2863.12
-2889.79 -2863.12
-2836.84 -2836.84
-2873.79 -2836.84
-2833.98 -2833.98
-2852.17 -2833.98
-2893.62 -2833.98
-2895.85 -2833.98
-2840.76 -2833.98
-2851.32 -2833.98
-2912.97 -2833.98
-2878.70 -2833.98
-2815.40 -2815.40
-2844.95 -2815.40
-2882.13 -2815.40
-2882.54 -2815.40
-2831.43 -2815.40
-2944.55 -2815.40
-2804.16 -2804.16
-2861.69 -2804.16
-2866.37 -2804.16
-2788.93 -2788.93
-2798.77 -2788.93
-2837.84 -2788.93
-2925.01 -2788.93
-2758.87 -2758.87
-2834.21 -2758.87
-2849.90 -2758.87
-2761.20 -2758.87
-2821.47 -2758.87
-2821.57 -2758.87
-2745.21 -2745.21
-2887.82 -2745.21
-2843.07 -2745.21
-2868.98 -2745.21
-2888.46 -2745.21
-2740.45 -2740.45
-2904.87 -2740.45
-2834.97 -2740.45
-2818.51 -2740.45
-2738.04 -2738.04
-2720.97 -2720.97
-2828.01 -2720.97
-2881.12 -2720.97
-2712.85 -2712.85
-2763.14 -2712.85
-2781.22 -2712.85
-2788.35 -2712.85
-2819.30 -2712.85
-2738.78 -2712.85
-2931.47 -2712.85
-2866.69 -2712.85
-2909.61 -2712.85
-2856.43 -2712.85
-2865.35 -2712.85
-2823.52 -2712.85
-2865.21 -2712.85
-2818.90 -2712.85
-2788.88 -2712.85
-2839.61 -2712.85
-2804.47 -2712.85
-2758.68 -2712.85
-2879.85 -2712.85
-2855.55 -2712.85
-2768.00 -2712.85
-2890.40 -2712.85
-2833.66 -2712.85
-2790.61 -2712.85
-2814.75 -2712.85
-2731.93 -2712.85
-2871.67 -2712.85
-2799.21 -2712.85
-2820.64 -2712.85
-2725.20 -2712.85
-2841.74 -2712.85
-2787.41 -2712.85
-2834.49 -2712.85
-2721.77 -2712.85
-2823.64 -2712.85
-2844.94 -2712.85
-2794.91 -2712.85
-2847.87 -2712.85
-2859.38 -2712.85
-2825.12 -2712.85
-2814.24 -2712.85
-2827.26 -2712.85
-2856.26 -2712.85
-2785.72 -2712.85
-2861.41 -2712.85
-2783.17 -2712.85
-2818.32 -2712.85
-2725.48 -2712.85
-2906.95 -2712.85
-2870.36 -2712.85
-2744.40 -2712.85
-2927.89 -2712.85
-2868.38 -2712.85
-2795.66 -2712.85
-2772.24 -2712.85
-2890.90 -2712.85
-2709.79 -2709.79
-2823.79 -2709.79
-2782.76 -2709.79
-2790.92 -2709.79
-2751.13 -2709.79
-2909.75 -2709.79
-2844.97 -2709.79
-2796.80 -2709.79
-2727.73 -2709.79
-2834.02 -2709.79
-2726.16 -2709.79
-2643.21 -2643.21
-2839.53 -2643.21
-2726.81 -2643.21
-2809.61 -2643.21
-2732.26 -2643.21
-2774.69 -2643.21
-2768.14 -2643.21
-2792.06 -2643.21
-2857.60 -2643.21
-2773.16 -2643.21
-2672.07 -2643.21
-2881.04 -2643.21
-2716.43 -2643.21
-2751.29 -2643.21
-2737.44 -2643.21
-2787.92 -2643.21
-2751.24 -2643.21
-2743.01 -2643.21
-2725.95 -2643.21
-2904.16 -2643.21
-2801.20 -2643.21
-2737.58 -2643.21
-2730.61 -2643.21
-2793.05 -2643.21
-2782.17 -2643.21
-2799.18 -2643.21
-2786.92 -2643.21
-2788.79 -2643.21
-2734.05 -2643.21
-2733.28 -2643.21
-2803.02 -2643.21
-2827.05 -2643.21
-2816.66 -2643.21
-2839.60 -2643.21
-2664.66 -2643.21
-2739.66 -2643.21
-2696.06 -2643.21
-2737.37 -2643.21
-2729.86 -2643.21
-2736.98 -2643.21
-2806.21 -2643.21
-2781.81 -2643.21
-2710.53 -2643.21
-2726.89 -2643.21
-2768.21 -2643.21
-2729.39 -2643.21
-2870.67 -2643.21
-2850.58 -2643.21
-2696.42 -2643.21
-2835.31 -2643.21
-2903.65 -2643.21
-2671.68 -2643.21
-2742.22 -2643.21
-2801.53 -2643.21
-2707.94 -2643.21
-2626.71 -2626.71
-2799.02 -2626.71
-2755.54 -2626.71
-2838.54 -2626.71
-2711.28 -2626.71
-2816.79 -2626.71
-2783.94 -2626.71
-2768.63 -2626.71
-2752.02 -2626.71
-2809.23 -2626.71
-2689.94 -2626.71
-2773.80 -2626.71
-2753.49 -2626.71
-2781.86 -2626.71
-2693.67 -2626.71
-2641.53 -2626.71
-2854.05 -2626.71
-2707.92 -2626.71
-2793.99 -2626.71
-2763.54 -2626.71
-2709.50 -2626.71
-2693.83 -2626.71
-2689.79 -2626.71
-2797.48 -2626.71
-2684.13 -2626.71
-2880.43 -2626.71
-2800.97 -2626.71
-2743.52 -2626.71
-2822.17 -2626.71
-2841.24 -2626.71
-2816.11 -2626.71
-2866.45 -2626.71
-2787.88 -2626.71
-2736.10 -2626.71
-2823.90 -2626.71
-2808.07 -2626.71
-2856.53 -2626.71
-2695.98 -2626.71
-2728.21 -2626.71
-2751.82 -2626.71
-2792.01 -2626.71
-2636.42 -2626.71
-2854.80 -2626.71
-2790.35 -2626.71
-2707.45 -2626.71
-2809.93 -2626.71
-2771.66 -2626.71
-2856.68 -2626.71
-2863.24 -2626.71
-2764.03 -2626.71
-2718.98 -2626.71
-2965.66 -2626.71
-2717.75 -2626.71
-2848.00 -2626.71
-2770.62 -2626.71
-2766.28 -2626.71
-2785.91 -2626.71
-2710.07 -2626.71
-2756.65 -2626.71
-2750.76 -2626.71
-2808.55 -2626.71
-2663.36 -2626.71
-2755.47 -2626.71
-2837.83 -2626.71
-2738.93 -2626.71
-2625.54 -2625.54
-2807.36 -2625.54
-2722.08 -2625.54
-2757.03 -2625.54
-2773.09 -2625.54
-2913.91 -2625.54
-2798.28 -2625.54
-2762.83 -2625.54
-2755.29 -2625.54
-2723.06 -2625.54
-2657.25 -2625.54
-2790.40 -2625.54
-2879.72 -2625.54
-2819.45 -2625.54
-2831.53 -2625.54
-2708.47 -2625.54
-2660.99 -2625.54
-2658.45 -2625.54
-2780.52 -2625.54
-2790.62 -2625.54
-2807.28 -2625.54
-2880.45 -2625.54
-2770.12 -2625.54
-2677.29 -2625.54
-2747.47 -2625.54
-2763.66 -2625.54
-2864.62 -2625.54
-2759.09 -2625.54
-2785.36 -2625.54
-2850.28 -2625.54
-2824.82 -2625.54
-2680.15 -2625.54
-2787.93 -2625.54
-2711.06 -2625.54
-2799.47 -2625.54
-2795.95 -2625.54
-2737.18 -2625.54
-2739.93 -2625.54
-2838.09 -2625.54
-2855.48 -2625.54
-2707.98 -2625.54
-2779.06 -2625.54
-2841.60 -2625.54
-2735.89 -2625.54
-2788.39 -2625.54
-2614.99 -2614.99
-2858.54 -2614.99
-2755.68 -2614.99
-2684.99 -2614.99
-2769.95 -2614.99
-2722.36 -2614.99
-2697.69 -2614.99
-2745.08 -2614.99
-2786.11 -2614.99
-2747.53 -2614.99
-2671.36 -2614.99
-2819.76 -2614.99
-2805.91 -2614.99
-2863.55 -2614.99
-2834.70 -2614.99
-2805.22 -2614.99
-2702.89 -2614.99
-2779.79 -2614.99
-2757.27 -2614.99
-2681.98 -2614.99
-2684.19 -2614.99
-2683.00 -2614.99
-2726.37 -2614.99
-2835.74 -2614.99
-2786.13 -2614.99
-2702.14 -2614.99
-2845.86 -2614.99
-2771.69 -2614.99
-2854.78 -2614.99
-2899.11 -2614.99
-2751.28 -2614.99
-2786.38 -2614.99
-2793.64 -2614.99
-2897.58 -2614.99
-2712.87 -2614.99
-2732.66 -2614.99
-2927.45 -2614.99
-2721.59 -2614.99
-2774.09 -2614.99
-2678.47 -2614.99
-2819.91 -2614.99
-2819.93 -2614.99
-2722.87 -2614.99
-2837.38 -2614.99
-2865.25 -2614.99
-2846.79 -2614.99
-2722.97 -2614.99
-2861.19 -2614.99
-2635.82 -2614.99
-2776.63 -2614.99
-2727.35 -2614.99
-2693.79 -2614.99
-2763.26 -2614.99
-2690.73 -2614.99
-2797.54 -2614.99
-2836.74 -2614.99
-2820.87 -2614.99
-2823.56 -2614.99
-2705.33 -2614.99
-2817.67 -2614.99
-2866.71 -2614.99
-2823.78 -2614.99
-2835.64 -2614.99
-2871.46 -2614.99
-2874.07 -2614.99
-2880.48 -2614.99
-2788.60 -2614.99
-2754.24 -2614.99
-2857.55 -2614.99
-2708.35 -2614.99
-2811.40 -2614.99
-2830.76 -2614.99
-2839.07 -2614.99
-2776.32 -2614.99
-2598.18 -2598.18
-2736.48 -2598.18
-2760.89 -2598.18
-2742.10 -2598.18
-2786.74 -2598.18
-2677.65 -2598.18
-2854.63 -2598.18
-2636.52 -2598.18
-2858.37 -2598.18
-2768.89 -2598.18
-2668.76 -2598.18
-2715.77 -2598.18
-2584.44 -2584.44
-2880.66 -2584.44
-2868.68 -2584.44
-2810.60 -2584.44
-2667.84 -2584.44
-2715.16 -2584.44
-2585.38 -2584.44
-2693.18 -2584.44
-2694.79 -2584.44
-2817.15 -2584.44
-2720.54 -2584.44
-2692.23 -2584.44
-2773.14 -2584.44
-2724.74 -2584.44
-2886.27 -2584.44
-2765.26 -2584.44
-2853.12 -2584.44
-2682.51 -2584.44
-2673.75 -2584.44
-2836.90 -2584.44
-2839.53 -2584.44
-2854.75 -2584.44
-2733.70 -2584.44
-2783.73 -2584.44
-2786.11 -2584.44
-2777.25 -2584.44
-2671.98 -2584.44
-2752.98 -2584.44
-2847.42 -2584.44
-2960.04 -2960.04
-2971.34 -2960.04
-2956.90 -2956.90
-2962.24 -2956.90
-2962.97 -2956.90
-2962.20 -2956.90
-2972.03 -2956.90
-2922.73 -2922.73
-2999.80 -2922.73
-2937.27 -2922.73
-2954.82 -2922.73
-2944.83 -2922.73
-2888.63 -2888.63
-2916.40 -2888.63
-2895.05 -2888.63
-2923.82 -2888.63
-2891.43 -2888.63
-2899.80 -2888.63
-2893.13 -2888.63
-2942.96 -2888.63
-2889.17 -2888.63
-2932.51 -2888.63
-2934.50 -2888.63
-2887.58 -2887.58
-2877.85 -2877.85
-2916.69 -2877.85
-2941.04 -2877.85
-2963.46 -2877.85
-2969.28 -2877.85
-2938.00 -2877.85
-2902.59 -2877.85
-2931.94 -2877.85
-2881.18 -2881.18
-2942.55 -2881.18
-2920.95 -2881.18
-2923.16 -2881.18
-2919.47 -2881.18
-2851.31 -2851.31
-2838.53 -2838.53
-2901.01 -2838.53
-2881.33 -2838.53
-2901.77 -2838.53
-2866.99 -2838.53
-2892.21 -2838.53
-2907.27 -2838.53
-2875.25 -2838.53
-2858.67 -2838.53
-2897.14 -2838.53
-2879.11 -2838.53
-2885.72 -2838.53
-2962.87 -2838.53
-2830.83 -2830.83
-2858.26 -2830.83
-2839.05 -2830.83
-2789.35 -2789.35
-2913.78 -2789.35
-2798.06 -2789.35
-2862.23 -2789.35
-2822.56 -2789.35
-2831.77 -2789.35
-2910.45 -2789.35
-2889.03 -2789.35
-2885.86 -2789.35
-2814.51 -2789.35
-2877.77 -2789.35
-2817.67 -2789.35
-2858.73 -2789.35
-2800.15 -2789.35
-2834.97 -2789.35
-2835.12 -2789.35
-2889.44 -2789.35
-2848.87 -2789.35
-2826.91 -2789.35
-2861.14 -2789.35
-2856.26 -2789.35
-2895.10 -2789.35
-2844.85 -2789.35
-2822.67 -2789.35
-2863.90 -2789.35
-2760.32 -2760.32
-2813.19 -2760.32
-2785.19 -2760.32
-2799.50 -2760.32
-2856.25 -2760.32
-2762.72 -2760.32
-2834.02 -2760.32
-2743.66 -2743.66
-2770.09 -2743.66
-2771.38 -2743.66
-2907.46 -2743.66
-2785.26 -2743.66
-2764.32 -2743.66
-2858.61 -2743.66
-2836.81 -2743.66
-2816.47 -2743.66
-2855.75 -2743.66
-2797.64 -2743.66
-2901.96 -2743.66
-2859.58 -2743.66
-2807.50 -2743.66
-2919.83 -2743.66
-2845.74 -2743.66
-2877.26 -2743.66
-2790.82 -2743.66
-2798.94 -2743.66
-2782.27 -2743.66
-2872.87 -2743.66
-2829.01 -2743.66
-2807.36 -2743.66
-2866.46 -2743.66
-2827.18 -2743.66
-2854.69 -2743.66
-2728.52 -2728.52
-2755.46 -2728.52
-2894.58 -2728.52
-2729.09 -2729.09
-2749.52 -2729.09
-2793.46 -2729.09
-2795.14 -2729.09
-2831.05 -2729.09
-2785.73 -2729.09
-2753.92 -2729.09
-2743.88 -2729.09
-2820.71 -2729.09
-2808.49 -2729.09
-2735.97 -2729.09
-2846.96 -2729.09
-2915.77 -2729.09
-2833.29 -2729.09
-2814.04 -2729.09
-2913.98 -2729.09
-2781.12 -2729.09
-2836.16 -2729.09
-2779.54 -2729.09
-2811.60 -2729.09
-2820.55 -2729.09
-2734.44 -2729.09
-2793.06 -2729.09
-2789.87 -2729.09
-2759.26 -2729.09
-2828.07 -2729.09
-2705.16 -2705.16
-2816.08 -2705.16
-2738.32 -2705.16
-2801.32 -2705.16
-2725.87 -2705.16
-2858.37 -2705.16
-2840.39 -2705.16
-2943.37 -2705.16
-2836.45 -2705.16
-2833.36 -2705.16
-2762.98 -2705.16
-2825.39 -2705.16
-2855.81 -2705.16
-2773.41 -2705.16
-2879.58 -2705.16
-2829.15 -2705.16
-2747.93 -2705.16
-2889.06 -2705.16
-2746.96 -2705.16
-2868.17 -2705.16
-2680.58 -2680.58
-2808.99 -2680.58
-2865.14 -2680.58
-2723.62 -2680.58
-2766.93 -2680.58
-2730.77 -2680.58
-2677.37 -2677.37
-2694.29 -2677.37
-2776.89 -2677.37
-2734.15 -2677.37
-2789.28 -2677.37
-2618.39 -2618.39
-2864.02 -2618.39
-2778.57 -2618.39
-2796.67 -2618.39
-2726.73 -2618.39
-2714.66 -2618.39
-2662.20 -2618.39
-2716.95 -2618.39
-2752.44 -2618.39
-2806.45 -2618.39
-2687.22 -2618.39
-2801.55 -2618.39
-2847.83 -2618.39
-2801.85 -2618.39
-2685.05 -2618.39
-2755.87 -2618.39
-2765.72 -2618.39
-2746.86 -2618.39
-2909.84 -2618.39
-2836.96 -2618.39
-2857.85 -2618.39
-2711.50 -2618.39
-2698.81 -2618.39
-2811.74 -2618.39
-2824.09 -2618.39
-2692.14 -2618.39
-2784.36 -2618.39
-2686.25 -2618.39
-2665.68 -2618.39
-2713.87 -2618.39
-2833.31 -2618.39
-2829.66 -2618.39
-2627.16 -2618.39
-2748.67 -2618.39
-2705.63 -2618.39
-2726.25 -2618.39
-2845.49 -2618.39
-2819.59 -2618.39
-2672.62 -2618.39
-2883.05 -2618.39
-2733.59 -2618.39
-2719.88 -2618.39
-2742.44 -2618.39
-2747.03 -2618.39
-2765.10 -2618.39
-2658.93 -2618.39
-2835.04 -2618.39
-2664.62 -2618.39
-2692.64 -2618.39
-2780.43 -2618.39
-2716.44 -2618.39
-2807.13 -2618.39
-2825.63 -2618.39
-2794.53 -2618.39
-2851.07 -2618.39
-2617.74 -2617.74
-2770.59 -2617.74
-2860.83 -2617.74
-2818.19 -2617.74
-2692.26 -2617.74
-2774.22 -2617.74
-2871.88 -2617.74
-2685.21 -2617.74
-2772.36 -2617.74
-2788.26 -2617.74
-2607.50 -2607.50
-2799.01 -2607.50
-2701.71 -2607.50
-2782.96 -2607.50
-2868.94 -2607.50
-2748.94 -2607.50
-2774.24 -2607.50
-2656.82 -2607.50
-2747.54 -2607.50
-2841.63 -2607.50
-2759.14 -2607.50
-2813.60 -2607.50
-2758.30 -2607.50
-2841.81 -2607.50
-2820.97 -2607.50
-2721.46 -2607.50
-2757.00 -2607.50
-2725.22 -2607.50
-2795.75 -2607.50
-2718.56 -2607.50
-2726.86 -2607.50
-2730.80 -2607.50
-2612.46 -2607.50
-2642.40 -2607.50
-2729.37 -2607.50
-2785.62 -2607.50
-2868.29 -2607.50
-2847.40 -2607.50
-2669.66 -2607.50
-2752.71 -2607.50
-2686.97 -2607.50
-2669.26 -2607.50
-2751.51 -2607.50
-2865.13 -2607.50
-2810.02 -2607.50
-2754.89 -2607.50
-2810.61 -2607.50
-2560.36 -2560.36
-2786.46 -2560.36
-2607.07 -2560.36
-2652.09 -2560.36
-2804.89 -2560.36
-2670.31 -2560.36
-2835.43 -2560.36
-2656.81 -2560.36
-2618.05 -2560.36
-2901.67 -2560.36
-2537.80 -2537.80
-2818.42 -2537.80
-2836.01 -2537.80
-2622.43 -2537.80
-2744.71 -2537.80
-2817.75 -2537.80
-2771.08 -2537.80
-2738.56 -2537.80
-2860.14 -2537.80
-2731.18 -2537.80
-2599.29 -2537.80
-2635.18 -2537.80
-2676.35 -2537.80
-2648.74 -2537.80
-2741.76 -2537.80
-2807.34 -2537.80
-2537.83 -2537.83
-2767.26 -2537.83
-2792.07 -2537.83
-2705.74 -2537.83
-2767.71 -2537.83
-2633.77 -2537.83
-2608.11 -2537.83
-2539.68 -2537.83
-2573.62 -2537.83
-2760.34 -2537.83
-2815.15 -2537.83
-2821.48 -2537.83
-2704.33 -2537.83
-2787.94 -2537.83
-2760.27 -2537.83
-2823.94 -2537.83
-2731.83 -2537.83
-2834.69 -2537.83
-2680.02 -2537.83
-2661.93 -2537.83
-2833.72 -2537.83
-2787.63 -2537.83
-2739.52 -2537.83
-2683.64 -2537.83
-2790.70 -2537.83
-2816.81 -2537.83
-2775.42 -2537.83
-2844.06 -2537.83
-2785.91 -2537.83
-2810.87 -2537.83
-2735.13 -2537.83
-2712.03 -2537.83
-2803.67 -2537.83
-2663.77 -2537.83
-2838.18 -2537.83
-2808.52 -2537.83
-2649.57 -2537.83
-2641.90 -2537.83
-2749.11 -2537.83
-2848.92 -2537.83
-2679.37 -2537.83
-2632.87 -2537.83
-2668.74 -2537.83
-2659.30 -2537.83
-2875.35 -2537.83
-2651.50 -2537.83
-2708.47 -2537.83
-2813.52 -2537.83
-2752.11 -2537.83
-2813.51 -2537.83
-2698.66 -2537.83
-2840.56 -2537.83
-2822.83 -2537.83
-2726.24 -2537.83
-2800.22 -2537.83
-2724.79 -2537.83
-2689.01 -2537.83
-2739.65 -2537.83
-2681.19 -2537.83
-2854.18 -2537.83
-2723.62 -2537.83
-2736.59 -2537.83
-2785.63 -2537.83
-2800.68 -2537.83
-2746.39 -2537.83
-2635.49 -2537.83
-2643.79 -2537.83
-2793.38 -2537.83
-2603.50 -2537.83
-2774.70 -2537.83
-2662.34 -2537.83
-2626.91 -2537.83
-2812.76 -2537.83
-2617.21 -2537.83
-2809.11 -2537.83
-2680.54 -2537.83
-2764.03 -2537.83
-2696.15 -2537.83
-2736.28 -2537.83
-2712.88 -2537.83
-2850.87 -2537.83
-2705.23 -2537.83
-2671.05 -2537.83
-2816.29 -2537.83
-2828.68 -2537.83
-2711.68 -2537.83
-2789.56 -2537.83
-2850.68 -2537.83
-2564.53 -2537.83
-2817.26 -2537.83
-2637.56 -2537.83
-2721.96 -2537.83
-2807.70 -2537.83
-2796.06 -2537.83
-2561.70 -2537.83
-2821.71 -2537.83
-2585.03 -2537.83
-2749.29 -2537.83
-2795.98 -2537.83
-2761.90 -2537.83
-2786.69 -2537.83
-2567.59 -2537.83
-2810.31 -2537.83
-2596.39 -2537.83
-2846.21 -2537.83
-2668.96 -2537.83
-2599.74 -2537.83
-2667.96 -2537.83
-2778.06 -2537.83
-2658.91 -2537.83
-2784.33 -2537.83
-2610.51 -2537.83
-2717.53 -2537.83
-2587.99 -2537.83
-2705.32 -2537.83
-2697.84 -2537.83
-2946.59 -2946.59
-2976.01 -2946.59
-2966.53 -2946.59
-2955.01 -2946.59
-2933.49 -2933.49
-2933.77 -2933.49
-2893.11 -2893.11
-2850.68 -2850.68
-2937.76 -2850.68
-2942.23 -2850.68
-2874.22 -2850.68
-2883.30 -2850.68
-2900.15 -2850.68
-2883.54 -2850.68
-2879.00 -2850.68
-2841.30 -2841.30
-2929.31 -2841.30
-2875.18 -2841.30
-2836.59 -2836.59
-2904.40 -2836.59
-2896.71 -2836.59
-2937.81 -2836.59
-2932.12 -2836.59
-2845.08 -2836.59
-2988.43 -2836.59
-2850.52 -2836.59
-2856.46 -2836.59
-2962.24 -2836.59
-2866.36 -2836.59
-2933.55 -2836.59
-2868.61 -2836.59
-2910.11 -2836.59
-2893.65 -2836.59
-2864.80 -2836.59
-2843.34 -2836.59
-2782.85 -2782.85
-2841.10 -2782.85
-2790.74 -2782.85
-2829.01 -2782.85
-2819.98 -2782.85
-2834.37 -2782.85
-2844.38 -2782.85
-2828.51 -2782.85
-2866.06 -2782.85
-2794.22 -2782.85
-2873.12 -2782.85
-2813.48 -2782.85
-2860.26 -2782.85
-2894.45 -2782.85
-2842.00 -2782.85
-2891.77 -2782.85
-2847.88 -2782.85
-2814.99 -2782.85
-2818.91 -2782.85
-2874.08 -2782.85
-2805.03 -2782.85
-2799.56 -2782.85
-2875.91 -2782.85
-2899.39 -2782.85
-2873.73 -2782.85
-2837.05 -2782.85
-2854.19 -2782.85
-2819.00 -2782.85
-2814.18 -2782.85
-2811.87 -2782.85
-2780.78 -2780.78
-2823.91 -2780.78
-2847.72 -2780.78
-2830.10 -2780.78
-2877.51 -2780.78
-2829.35 -2780.78
-2818.74 -2780.78
-2842.49 -2780.78
-2873.78 -2780.78
-2894.18 -2780.78
-2879.04 -2780.78
-2750.03 -2750.03
-2892.91 -2750.03
-2927.19 -2750.03
-2878.60 -2750.03
-2790.08 -2750.03
-2811.11 -2750.03
-2784.79 -2750.03
-2898.20 -2750.03
-2864.11 -2750.03
-2876.03 -2750.03
-2733.74 -2733.74
-2814.78 -2733.74
-2844.27 -2733.74
-2753.19 -2733.74
-2702.22 -2702.22
-2758.27 -2702.22
-2836.01 -2702.22
-2776.67 -2702.22
-2673.98 -2673.98
-2831.28 -2673.98
-2819.41 -2673.98
-2834.00 -2673.98
-2786.66 -2673.98
-2856.38 -2673.98
-2858.97 -2673.98
-2771.45 -2673.98
-2809.71 -2673.98
-2769.77 -2673.98
-2763.10 -2673.98
-2799.79 -2673.98
-2804.41 -2673.98
-2730.82 -2673.98
-2897.37 -2673.98
-2664.10 -2664.10
-2812.89 -2664.10
-2779.36 -2664.10
-2727.20 -2664.10
-2721.99 -2664.10
-2682.90 -2664.10
-2848.44 -2664.10
-2851.92 -2664.10
-2844.88 -2664.10
-2646.27 -2646.27
-2875.79 -2646.27
-2796.78 -2646.27
-2690.09 -2646.27
-2701.10 -2646.27
-2663.81 -2646.27
-2900.49 -2646.27
-2712.57 -2646.27
-2718.43 -2646.27
-2676.81 -2646.27
-2799.09 -2646.27
-2736.89 -2646.27
-2660.37 -2646.27
-2798.07 -2646.27
-2718.68 -2646.27
-2746.20 -2646.27
-2704.35 -2646.27
-2773.89 -2646.27
-2839.04 -2646.27
-2927.23 -2646.27
-2823.40 -2646.27
-2835.85 -2646.27
-2702.68 -2646.27
-2891.24 -2646.27
-2656.93 -2646.27
-2823.73 -2646.27
-2869.48 -2646.27
-2686.25 -2646.27
-2683.28 -2646.27
-2858.26 -2646.27
-2754.38 -2646.27
-2852.77 -2646.27
-2818.58 -2646.27
-2796.63 -2646.27
-2736.72 -2646.27
-2762.70 -2646.27
-2742.40 -2646.27
-2711.34 -2646.27
-2828.97 -2646.27
-2870.48 -2646.27
-2834.03 -2646.27
-2663.41 -2646.27
-2802.13 -2646.27
-2762.92 -2646.27
-2764.98 -2646.27
-2710.03 -2646.27
-2722.66 -2646.27
-2663.22 -2646.27
-2716.77 -2646.27
-2684.08 -2646.27
-2664.46 -2646.27
-2873.57 -2646.27
-2708.55 -2646.27
-2707.20 -2646.27
-2862.57 -2646.27
-2790.32 -2646.27
-2815.42 -2646.27
-2702.10 -2646.27
-2751.01 -2646.27
-2704.49 -2646.27
-2708.23 -2646.27
-2767.40 -2646.27
-2822.56 -2646.27
-2644.22 -2644.22
-2733.01 -2644.22
-2878.73 -2644.22
-2776.05 -2644.22
-2832.08 -2644.22
-2701.02 -2644.22
-2821.42 -2644.22
-2640.77 -2640.77
-2770.61 -2640.77
-2826.80 -2640.77
-2931.66 -2640.77
-2803.57 -2640.77
-2671.97 -2640.77
-2788.27 -2640.77
-2743.62 -2640.77
-2735.43 -2640.77
-2737.38 -2640.77
-2725.82 -2640.77
-2710.39 -2640.77
-2737.35 -2640.77
-2817.26 -2640.77
-2727.30 -2640.77
-2680.98 -2640.77
-2624.59 -2624.59
-2823.01 -2624.59
-2650.12 -2624.59
-2659.23 -2624.59
-2699.38 -2624.59
-2743.55 -2624.59
-2861.78 -2624.59
-2716.71 -2624.59
-2739.25 -2624.59
-2774.99 -2624.59
-2798.84 -2624.59
-2784.95 -2624.59
-2914.57 -2624.59
-2864.02 -2624.59
-2859.97 -2624.59
-2679.99 -2624.59
-2837.21 -2624.59
-2850.12 -2624.59
-2813.00 -2624.59
-2708.73 -2624.59
-2656.71 -2624.59
-2607.64 -2607.64
-2675.81 -2607.64
-2545.89 -2545.89
-2715.29 -2545.89
-2638.83 -2545.89
-2721.42 -2545.89
-2717.15 -2545.89
-2832.91 -2545.89
-2776.03 -2545.89
-2735.99 -2545.89
-2654.15 -2545.89
-2783.44 -2545.89
-2642.66 -2545.89
-2470.60 -2470.60
-2748.32 -2470.60
-2696.14 -2470.60
-2587.75 -2470.60
-2669.32 -2470.60
-2600.27 -2470.60
-2812.40 -2470.60
-2800.53 -2470.60
-2802.95 -2470.60
-2845.29 -2470.60
-2824.74 -2470.60
-2620.66 -2470.60
-2829.99 -2470.60
-2746.97 -2470.60
-2651.00 -2470.60
-2614.40 -2470.60
-2582.64 -2470.60
-2775.38 -2470.60
-2853.10 -2470.60
-2632.65 -2470.60
-2821.57 -2470.60
-2725.03 -2470.60
-2756.86 -2470.60
-2693.96 -2470.60
-2573.44 -2470.60
-2734.97 -2470.60
-2728.17 -2470.60
-2662.53 -2470.60
-2684.47 -2470.60
-2774.67 -2470.60
-2724.44 -2470.60
-2615.20 -2470.60
-2696.85 -2470.60
-2759.10 -2470.60
-2743.21 -2470.60
-2682.94 -2470.60
-2817.36 -2470.60
-2827.54 -2470.60
-2740.91 -2470.60
-2869.09 -2470.60
-2629.44 -2470.60
-2850.82 -2470.60
-2823.99 -2470.60
-2648.65 -2470.60
-2785.36 -2470.60
-2789.90 -2470.60
-2791.44 -2470.60
-2709.29 -2470.60
-2691.27 -2470.60
-2614.49 -2470.60
-2726.71 -2470.60
-2817.91 -2470.60
-2705.54 -2470.60
-2804.24 -2470.60
-2833.68 -2470.60
-2633.65 -2470.60
-2824.70 -2470.60
-2667.52 -2470.60
-2805.09 -2470.60
-2838.03 -2470.60
-2612.07 -2470.60
-2817.47 -2470.60
-2750.03 -2470.60
-2791.32 -2470.60
-2770.25 -2470.60
-2852.57 -2470.60
-2719.39 -2470.60
-2612.77 -2470.60
-2785.97 -2470.60
-2876.25 -2470.60
-2833.30 -2470.60
-2718.80 -2470.60
-2793.30 -2470.60
-2809.29 -2470.60
-2774.20 -2470.60
-2774.99 -2470.60
-2606.55 -2470.60
-2651.67 -2470.60
-2809.95 -2470.60
-2798.78 -2470.60
-2818.80 -2470.60
-2794.22 -2470.60
-2864.16 -2470.60
-2770.88 -2470.60
-2724.95 -2470.60
-2811.01 -2470.60
-2751.60 -2470.60
-2666.70 -2470.60
-2647.19 -2470.60
-2635.55 -2470.60
-2809.32 -2470.60
-2612.47 -2470.60
-2683.78 -2470.60
-2724.95 -2470.60
-2580.21 -2470.60
-2684.55 -2470.60
-2735.15 -2470.60
-2831.54 -2470.60
-2593.86 -2470.60
-2754.22 -2470.60
-2681.20 -2470.60
-2737.55 -2470.60
-2745.81 -2470.60
-2852.96 -2470.60
-2559.78 -2470.60
-2775.96 -2470.60
-2796.98 -2470.60
-2623.71 -2470.60
-2840.72 -2470.60
-2844.21 -2470.60
-2694.25 -2470.60
-2778.63 -2470.60
-2828.23 -2470.60
-2823.95 -2470.60
-2638.92 -2470.60
-2581.66 -2470.60
-2676.95 -2470.60
-2732.11 -2470.60
-2584.24 -2470.60
-2844.26 -2470.60
-2809.47 -2470.60
-2782.73 -2470.60
-2853.49 -2470.60
-2810.15 -2470.60
-2793.81 -2470.60
-2744.47 -2470.60
-2773.47 -2470.60
-2712.94 -2470.60
-2732.91 -2470.60
-2701.56 -2470.60
-2825.36 -2470.60
-2869.10 -2470.60
-2573.16 -2470.60
-2667.03 -2470.60
-2632.49 -2470.60
-2701.61 -2470.60
-2663.73 -2470.60
-2738.89 -2470.60
-2640.25 -2470.60
-2794.92 -2470.60
-2750.24 -2470.60
-2674.59 -2470.60
-2766.19 -2470.60
-2596.73 -2470.60
-2792.95 -2470.60
-2582.36 -2470.60
-2679.64 -2470.60
-2754.18 -2470.60
-2701.37 -2470.60
-2800.67 -2470.60
-2668.62 -2470.60
-2511.39 -2470.60
-2856.29 -2470.60
-2536.91 -2470.60
-2785.23 -2470.60
-2729.92 -2470.60
-2891.84 -2470.60
-2818.71 -2470.60
-2746.65 -2470.60
-2703.74 -2470.60
-2657.95 -2470.60
-2594.73 -2470.60
-2864.06 -2470.60
-2565.92 -2470.60
-2879.22 -2470.60
-2856.03 -2470.60
-2824.19 -2470.60
-2900.54 -2470.60
-2853.89 -2470.60
-2695.66 -2470.60
-2749.95 -2470.60
-2761.81 -2470.60
-2742.22 -2470.60
-2777.92 -2470.60
-2708.11 -2470.60
-2645.15 -2470.60
-2748.01 -2470.60
-2800.39 -2470.60
-2966.80 -2470.60
-2965.38 -2470.60
-2964.56 -2470.60
-3002.63 -2470.60
-2964.10 -2470.60
-3000.39 -2470.60
-2954.39 -2954.39
-3021.64 -2954.39
-2977.10 -2954.39
-2936.73 -2936.73
-2922.95 -2922.95
-2925.09 -2925.09
-2928.60 -2925.09
-2930.89 -2925.09
-2852.98 -2852.98
-2904.12 -2852.98
-2933.88 -2852.98
-2927.27 -2852.98
-2922.39 -2852.98
-2907.29 -2852.98
-2899.85 -2852.98
-2929.25 -2852.98
-2948.23 -2852.98
-2957.23 -2852.98
-2849.13 -2849.13
-2929.48 -2849.13
-2851.18 -2849.13
-3009.16 -2849.13
-2885.51 -2849.13
-2924.76 -2849.13
-2882.31 -2849.13
-2941.42 -2849.13
-2891.69 -2849.13
-2914.59 -2849.13
-2944.53 -2849.13
-2929.52 -2849.13
-2904.49 -2849.13
-2862.49 -2849.13
-2890.07 -2849.13
-2893.24 -2849.13
-2875.58 -2849.13
-2903.13 -2849.13
-2904.08 -2849.13
-2904.46 -2849.13
-2909.02 -2849.13
-2918.96 -2849.13
-2883.85 -2849.13
-2917.78 -2849.13
-2871.40 -2849.13
-2916.43 -2849.13
-2866.72 -2849.13
-2892.84 -2849.13
-2948.76 -2849.13
-2935.13 -2849.13
-2916.34 -2849.13
-2908.83 -2849.13
-2905.29 -2849.13
-2882.00 -2849.13
-2999.42 -2849.13
-2908.70 -2849.13
-2898.33 -2849.13
-2951.52 -2849.13
-2880.98 -2849.13
-2931.07 -2849.13
-2927.12 -2849.13
-2902.12 -2849.13
-2973.92 -2849.13
-2851.43 -2849.13
-2892.36 -2849.13
-2882.67 -2849.13
-2914.21 -2849.13
-2914.54 -2849.13
-2880.63 -2849.13
-2982.14 -2849.13
-2922.83 -2849.13
-2872.53 -2849.13
-2896.90 -2849.13
-2907.21 -2849.13
-2884.53 -2849.13
-2867.18 -2849.13
-2907.17 -2849.13
-2860.75 -2849.13
-2907.95 -2849.13
-2896.22 -2849.13
-2903.50 -2849.13
-2879.25 -2849.13
-2894.14 -2849.13
-3000.73 -2849.13
-2936.92 -2849.13
-2898.23 -2849.13
-2894.49 -2849.13
-2903.36 -2849.13
-2968.71 -2849.13
-2921.98 -2849.13
-2921.53 -2849.13
-2859.82 -2849.13
-2922.61 -2849.13
-2890.49 -2849.13
-2894.75 -2849.13
-2874.89 -2849.13
-2912.20 -2849.13
-2945.96 -2849.13
-2894.74 -2849.13
-2853.85 -2849.13
-2897.78 -2849.13
-2940.94 -2849.13
-2822.36 -2822.36
-2838.18 -2822.36
-2918.07 -2822.36
-2887.49 -2822.36
-2800.76 -2800.76
-2855.74 -2800.76
-2783.06 -2783.06
-2843.17 -2783.06
-2799.75 -2783.06
-2851.62 -2783.06
-2843.92 -2783.06
-2874.81 -2783.06
-2838.72 -2783.06
-2788.65 -2783.06
-2808.45 -2783.06
-2879.30 -2783.06
-2763.34 -2763.34
-2754.23 -2754.23
-2869.26 -2754.23
-2769.44 -2754.23
-2815.10 -2754.23
-2779.74 -2754.23
-2715.72 -2715.72
-2850.67 -2715.72
-2688.30 -2688.30
-2817.51 -2688.30
-2772.68 -2688.30
-2831.94 -2688.30
-2667.51 -2667.51
-2680.20 -2667.51
-2845.20 -2667.51
-2656.46 -2656.46
-2858.57 -2656.46
-2702.01 -2656.46
-2840.27 -2656.46
-2760.17 -2656.46
-2624.94 -2624.94
-2656.48 -2624.94
-2756.36 -2624.94
-2686.63 -2624.94
-2881.55 -2624.94
-2802.62 -2624.94
-2674.62 -2624.94
-2588.59 -2588.59
-2784.85 -2588.59
-2821.86 -2588.59
-2783.37 -2588.59
-2743.59 -2588.59
-2689.12 -2588.59
-2671.70 -2588.59
-2686.13 -2588.59
-2843.29 -2588.59
-2677.04 -2588.59
-2851.80 -2588.59
-2646.45 -2588.59
-2671.74 -2588.59
-2741.71 -2588.59
-2748.81 -2588.59
-2843.94 -2588.59
-2824.63 -2588.59
-2657.05 -2588.59
-2751.58 -2588.59
-2640.01 -2588.59
-2763.09 -2588.59
-2861.89 -2588.59
-2807.20 -2588.59
-2905.87 -2588.59
-2694.08 -2588.59
-2785.35 -2588.59
-2831.12 -2588.59
-2692.99 -2588.59
-2617.04 -2588.59
-2795.81 -2588.59
-2812.06 -2588.59
-2568.03 -2568.03
-2802.89 -2568.03
-2646.82 -2568.03
-2804.75 -2568.03
-2641.75 -2568.03
-2600.76 -2568.03
-2808.29 -2568.03
-2822.23 -2568.03
-2842.82 -2568.03
-2884.46 -2568.03
-2881.27 -2568.03
-2688.86 -2568.03
-2697.27 -2568.03
-2729.61 -2568.03
-2764.27 -2568.03
-2891.45 -2568.03
-2803.67 -2568.03
-2722.80 -2568.03
-2854.00 -2568.03
-2608.51 -2568.03
-2742.71 -2568.03
-2828.55 -2568.03
-2835.93 -2568.03
-2772.26 -2568.03
-2624.02 -2568.03
-2825.05 -2568.03
-2918.18 -2568.03
-2645.17 -2568.03
-2541.97 -2541.97
-2776.90 -2541.97
-2706.67 -2541.97
-2804.00 -2541.97
-2857.65 -2541.97
-2702.15 -2541.97
-2696.09 -2541.97
-2901.85 -2541.97
-2868.64 -2541.97
-2893.18 -2541.97
-2748.45 -2541.97
-2800.76 -2541.97
-2679.64 -2541.97
-2724.93 -2541.97
-2716.09 -2541.97
-2808.12 -2541.97
-2958.61 -2541.97
-2625.90 -2541.97
-2652.63 -2541.97
-2843.88 -2541.97
-2785.83 -2541.97
-2771.33 -2541.97
-2843.47 -2541.97
-2616.17 -2541.97
-2803.48 -2541.97
-2712.22 -2541.97
-2800.52 -2541.97
-2774.62 -2541.97
-2635.29 -2541.97
-2838.51 -2541.97
-2847.53 -2541.97
-2683.25 -2541.97
-2811.02 -2541.97
-2631.78 -2541.97
-2708.60 -2541.97
-2743.49 -2541.97
-2802.32 -2541.97
-2719.01 -2541.97
-2819.83 -2541.97
-2797.28 -2541.97
-2859.31 -2541.97
-2655.01 -2541.97
-2812.81 -2541.97
-2623.83 -2541.97
-2703.57 -2541.97
-2809.61 -2541.97
-2789.62 -2541.97
-2840.82 -2541.97
-2855.41 -2541.97
-2711.96 -2541.97
-2568.84 -2541.97
-2659.67 -2541.97
-2641.25 -2541.97
-2575.09 -2541.97
-2869.70 -2541.97
-2826.16 -2541.97
-2646.03 -2541.97
-2844.89 -2541.97
-2849.84 -2541.97
-2788.82 -2541.97
-2849.35 -2541.97
-2696.71 -2541.97
-2799.64 -2541.97
-2644.50 -2541.97
-2583.64 -2541.97
-2760.81 -2541.97
-2810.41 -2541.97
-2575.93 -2541.97
-2759.55 -2541.97
-2820.70 -2541.97
-2705.26 -2541.97
-2857.03 -2541.97
-2783.92 -2541.97
-2874.77 -2541.97
-2670.40 -2541.97
-2800.44 -2541.97
-2809.77 -2541.97
-2653.94 -2541.97
-2772.62 -2541.97
-2745.70 -2541.97
-2673.91 -2541.97
-2857.27 -2541.97
-2742.63 -2541.97
-2782.18 -2541.97
-2738.98 -2541.97
-2737.90 -2541.97
-2799.21 -2541.97
-2841.03 -2541.97
-2644.86 -2541.97
-2632.87 -2541.97
-2714.69 -2541.97
-2577.20 -2541.97
-2707.17 -2541.97
-2737.43 -2541.97
-2592.67 -2541.97
-2857.23 -2541.97
-2679.65 -2541.97
-2876.21 -2541.97
-2740.58 -2541.97
-2782.75 -2541.97
-2624.67 -2541.97
-2589.44 -2541.97
-2695.37 -2541.97
-2677.64 -2541.97
-2675.63 -2541.97
-2791.91 -2541.97
-2608.53 -2541.97
-2665.02 -2541.97
-2587.46 -2541.97
-2785.71 -2541.97
-2766.62 -2541.97
-2579.40 -2541.97
-2784.11 -2541.97
-2726.10 -2541.97
-2578.00 -2541.97
-2687.37 -2541.97
-2860.89 -2541.97
-2577.97 -2541.97
-2710.90 -2541.97
-2841.70 -2541.97
-2736.73 -2541.97
-2736.42 -2541.97
-2711.89 -2541.97
-2825.11 -2541.97
-2839.97 -2541.97
-2779.13 -2541.97
-2738.73 -2541.97
-2736.73 -2541.97
-2679.49 -2541.97
-2677.22 -2541.97
-2795.34 -2541.97
-2705.80 -2541.97
-2593.23 -2541.97
-2565.32 -2541.97
-2864.22 -2541.97
-2641.54 -2541.97
-2958.43 -2541.97
-2595.42 -2541.97
-2762.68 -2541.97
-2757.81 -2541.97
-2768.45 -2541.97
-2759.10 -2541.97
-2738.72 -2541.97
-2769.65 -2541.97
-2845.12 -2541.97
-2577.16 -2541.97
-2769.07 -2541.97
-2759.63 -2541.97
-2831.88 -2541.97
-2716.59 -2541.97
-2786.16 -2541.97
-2682.88 -2541.97
-2726.38 -2541.97
-2787.88 -2541.97
-2744.90 -2541.97
-2794.27 -2541.97
-2831.62 -2541.97
-2649.82 -2541.97
-2819.20 -2541.97
-2802.71 -2541.97
-2778.03 -2541.97
-2735.47 -2541.97
-2816.82 -2541.97
-2554.48 -2541.97
-2853.63 -2541.97
-2759.08 -2541.97
-2675.11 -2541.97
-2748.54 -2541.97
-2702.21 -2541.97
-2755.12 -2541.97
-2821.89 -2541.97
-2707.63 -2541.97
-2803.97 -2541.97
-2678.05 -2541.97
-2665.62 -2541.97
-2919.45 -2541.97
-2788.80 -2541.97
-2730.80 -2541.97
-2749.22 -2541.97
-2877.95 -2541.97
-2488.90 -2488.90
-2549.76 -2488.90
-2614.68 -2488.90
-2536.45 -2488.90
-2729.26 -2488.90
-2711.75 -2488.90
-2720.09 -2488.90
-2728.13 -2488.90
-2786.67 -2488.90
-2612.97 -2488.90
-2790.17 -2488.90
-2751.09 -2488.90
-2760.43 -2488.90
-2823.45 -2488.90
-2619.29 -2488.90
-2678.20 -2488.90
-2761.67 -2488.90
-2634.75 -2488.90
-2598.14 -2488.90
-2748.48 -2488.90
-2721.41 -2488.90
-2582.47 -2488.90
-2769.03 -2488.90
-2795.50 -2488.90
-2708.96 -2488.90
-2859.47 -2488.90
-2766.57 -2488.90
-2786.14 -2488.90
-2985.37 -2488.90
-2939.94 -2939.94
-2922.66 -2922.66
-2950.22 -2922.66
-2933.89 -2922.66
-2955.17 -2922.66
-2917.74 -2917.74
-2965.89 -2917.74
-2915.94 -2915.94
-2924.37 -2915.94
-2955.71 -2915.94
-2878.69 -2878.69
-2898.58 -2878.69
-2878.63 -2878.63
-2907.51 -2878.63
-2906.82 -2878.63
-2922.56 -2878.63
-2886.34 -2878.63
-2861.87 -2861.87
-2916.88 -2861.87
-2861.82 -2861.82
-2855.07 -2855.07
-2835.73 -2835.73
-2835.20 -2835.20
-2900.80 -2835.20
-2905.05 -2835.20
-2921.30 -2835.20
-2861.95 -2835.20
-2856.09 -2835.20
-2883.03 -2835.20
-2846.97 -2835.20
-2883.32 -2835.20
-2838.10 -2835.20
-2869.62 -2835.20
-2934.78 -2835.20
-2906.45 -2835.20
-2905.06 -2835.20
-2864.48 -2835.20
-2838.04 -2835.20
-2877.11 -2835.20
-2885.90 -2835.20
-2873.07 -2835.20
-2825.50 -2825.50
-2860.06 -2825.50
-2903.33 -2825.50
-2825.78 -2825.78
-2837.78 -2825.78
-2827.44 -2825.78
-2852.37 -2825.78
-2740.90 -2740.90
-2759.16 -2740.90
-2705.18 -2705.18
-2729.01 -2705.18
-2784.62 -2705.18
-2890.78 -2705.18
-2811.60 -2705.18
-2871.32 -2705.18
-2690.63 -2690.63
-2833.65 -2690.63
-2913.72 -2690.63
-2717.39 -2690.63
-2918.48 -2690.63
-2792.62 -2690.63
-2843.51 -2690.63
-2931.84 -2690.63
-2793.11 -2690.63
-2779.37 -2690.63
-2676.82 -2676.82
-2761.58 -2676.82
-2841.09 -2676.82
-2829.01 -2676.82
-2834.38 -2676.82
-2713.77 -2676.82
-2744.36 -2676.82
-2751.69 -2676.82
-2703.99 -2676.82
-2728.40 -2676.82
-2809.76 -2676.82
-2684.84 -2676.82
-2853.83 -2676.82
-2693.59 -2676.82
-2866.80 -2676.82
-2799.51 -2676.82
-2720.14 -2676.82
-2838.30 -2676.82
-2830.80 -2676.82
-2734.79 -2676.82
-2716.32 -2676.82
-2880.85 -2676.82
-2682.98 -2676.82
-2757.65 -2676.82
-2863.27 -2676.82
-2787.78 -2676.82
-2876.39 -2676.82
-2686.65 -2676.82
-2683.91 -2676.82
-2784.28 -2676.82
-2808.90 -2676.82
-2791.87 -2676.82
-2848.11 -2676.82
-2759.85 -2676.82
-2833.41 -2676.82
-2681.63 -2676.82
-2828.71 -2676.82
-2865.10 -2676.82
-2689.20 -2676.82
-2747.53 -2676.82
-2764.75 -2676.82
-2731.21 -2676.82
-2839.00 -2676.82
-2878.34 -2676.82
-2893.56 -2676.82
-2752.17 -2676.82
-2725.91 -2676.82
-2748.81 -2676.82
-2805.34 -2676.82
-2802.72 -2676.82
-2754.63 -2676.82
-2653.99 -2653.99
-2720.66 -2653.99
-2800.21 -2653.99
-2768.05 -2653.99
-2819.04 -2653.99
-2838.01 -2653.99
-2733.13 -2653.99
-2778.58 -2653.99
-2777.61 -2653.99
-2722.12 -2653.99
-2656.12 -2653.99
-2671.39 -2653.99
-2748.06 -2653.99
-2901.63 -2653.99
-2846.91 -2653.99
-2847.02 -2653.99
-2704.84 -2653.99
-2729.48 -2653.99
-2745.10 -2653.99
-2826.07 -2653.99
-2754.87 -2653.99
-2853.88 -2653.99
-2739.30 -2653.99
-2670.91 -2653.99
-2750.97 -2653.99
-2810.35 -2653.99
-2806.31 -2653.99
-2800.00 -2653.99
-2801.30 -2653.99
-2757.82 -2653.99
-2706.89 -2653.99
-2852.75 -2653.99
-2825.23 -2653.99
-2795.18 -2653.99
-2720.02 -2653.99
-2831.09 -2653.99
-2830.67 -2653.99
-2794.45 -2653.99
-2768.56 -2653.99
-2812.92 -2653.99
-2650.35 -2650.35
-2827.54 -2650.35
-2694.56 -2650.35
-2644.54 -2644.54
-2673.70 -2644.54
-2744.78 -2644.54
-2811.18 -2644.54
-2698.89 -2644.54
-2798.27 -2644.54
-2918.49 -2644.54
-2642.95 -2642.95
-2830.00 -2642.95
-2594.87 -2594.87
-2661.80 -2594.87
-2660.66 -2594.87
-2732.45 -2594.87
-2753.38 -2594.87
-2774.32 -2594.87
-2705.33 -2594.87
-2811.43 -2594.87
-2770.26 -2594.87
-2677.78 -2594.87
-2729.01 -2594.87
-2793.46 -2594.87
-2770.65 -2594.87
-2836.01 -2594.87
-2566.64 -2566.64
-2815.45 -2566.64
-2820.84 -2566.64
-2810.09 -2566.64
-2729.15 -2566.64
-2830.79 -2566.64
-2851.71 -2566.64
-2778.27 -2566.64
-2829.98 -2566.64
-2860.43 -2566.64
-2522.09 -2522.09
-2637.19 -2522.09
-2670.16 -2522.09
-2850.65 -2522.09
-2790.16 -2522.09
-2946.90 -2522.09
-2779.37 -2522.09
-2834.84 -2522.09
-2608.45 -2522.09
-2690.45 -2522.09
-2723.94 -2522.09
-2732.14 -2522.09
-2771.70 -2522.09
-2833.49 -2522.09
-2747.76 -2522.09
-2734.88 -2522.09
-2681.96 -2522.09
-2753.54 -2522.09
-2715.96 -2522.09
-2716.62 -2522.09
-2839.11 -2522.09
-2679.74 -2522.09
-2810.79 -2522.09
-2784.15 -2522.09
-2649.34 -2522.09
-2738.01 -2522.09
-2764.02 -2522.09
-2840.57 -2522.09
-2842.60 -2522.09
-2764.33 -2522.09
-2687.10 -2522.09
-2731.17 -2522.09
-2704.29 -2522.09
-2833.75 -2522.09
-2849.80 -2522.09
-2768.27 -2522.09
-2703.08 -2522.09
-2872.23 -2522.09
-2721.58 -2522.09
-2741.00 -2522.09
-2794.26 -2522.09
-2653.71 -2522.09
-2727.50 -2522.09
-2774.81 -2522.09
-2654.67 -2522.09
-2802.30 -2522.09
-2817.23 -2522.09
-2654.91 -2522.09
-2750.06 -2522.09
-2658.42 -2522.09
-2688.04 -2522.09
-2808.99 -2522.09
-2717.34 -2522.09
-2724.91 -2522.09
-2618.21 -2522.09
-2794.05 -2522.09
-2807.83 -2522.09
-2788.82 -2522.09
-2711.06 -2522.09
-2857.02 -2522.09
-2791.26 -2522.09
-2768.71 -2522.09
-2668.97 -2522.09
-2829.08 -2522.09
-2784.08 -2522.09
-2795.70 -2522.09
-2616.57 -2522.09
-2689.05 -2522.09
-2675.24 -2522.09
-2793.93 -2522.09
-2805.40 -2522.09
-2787.57 -2522.09
-2673.73 -2522.09
-2826.28 -2522.09
-2628.18 -2522.09
-2727.17 -2522.09
-2540.08 -2522.09
-2731.54 -2522.09
-2758.11 -2522.09
-2595.92 -2522.09
-2796.13 -2522.09
-2844.94 -2522.09
-2818.72 -2522.09
-2736.56 -2522.09
-2844.89 -2522.09
-2796.48 -2522.09
-2767.61 -2522.09
-2741.65 -2522.09
-2646.66 -2522.09
-2841.25 -2522.09
-2757.75 -2522.09
-2745.37 -2522.09
-2762.87 -2522.09
-2785.52 -2522.09
-2837.17 -2522.09
-2639.44 -2522.09
-2834.60 -2522.09
-2851.61 -2522.09
-2729.64 -2522.09
-2566.04 -2522.09
-2659.10 -2522.09
-2730.82 -2522.09
-2841.50 -2522.09
-2750.71 -2522.09
-2780.93 -2522.09
-2670.46 -2522.09
-2683.34 -2522.09
-2614.93 -2522.09
-2644.64 -2522.09
-2782.29 -2522.09
-2749.18 -2522.09
-2805.98 -2522.09
-2667.45 -2522.09
-2825.22 -2522.09
-2634.02 -2522.09
-2728.77 -2522.09
-2863.24 -2522.09
-2656.95 -2522.09
-2859.43 -2522.09
-2791.29 -2522.09
-2849.46 -2522.09
-2735.99 -2522.09
-2837.36 -2522.09
-2854.16 -2522.09
-2814.92 -2522.09
-2787.90 -2522.09
-2807.34 -2522.09
-2837.95 -2522.09
-2709.60 -2522.09
-2626.78 -2522.09
-2906.46 -2522.09
-2670.97 -2522.09
-2740.89 -2522.09
-2741.70 -2522.09
-2720.71 -2522.09
-2602.03 -2522.09
-2639.25 -2522.09
-2785.83 -2522.09
-2667.66 -2522.09
-2724.46 -2522.09
-2682.77 -2522.09
-2749.39 -2522.09
-2681.96 -2522.09
-2759.72 -2522.09
-2686.65 -2522.09
-2652.44 -2522.09
-2719.59 -2522.09
-2646.67 -2522.09
-2590.72 -2522.09
-2704.35 -2522.09
-2747.20 -2522.09
-2806.53 -2522.09
-2763.87 -2522.09
-2709.60 -2522.09
-2739.82 -2522.09
-2772.72 -2522.09
-2713.96 -2522.09
-2834.62 -2522.09
-2719.67 -2522.09
-2738.39 -2522.09
-2755.80 -2522.09
-2793.53 -2522.09
-2685.50 -2522.09
-2778.07 -2522.09
-2829.22 -2522.09
-2798.40 -2522.09
-2818.46 -2522.09
-2714.25 -2522.09
-2800.21 -2522.09
-2712.25 -2522.09
-2809.79 -2522.09
-2742.96 -2522.09
-2630.28 -2522.09
-2734.48 -2522.09
-2721.06 -2522.09
-2656.89 -2522.09
-2727.16 -2522.09
-2600.40 -2522.09
-2727.24 -2522.09
-2690.39 -2522.09
-2875.48 -2522.09
-2809.64 -2522.09
-2760.57 -2522.09
-2754.67 -2522.09
-2731.61 -2522.09
-2803.60 -2522.09
-2824.74 -2522.09
-2873.81 -2522.09
-2742.91 -2522.09
-2762.77 -2522.09
-2762.05 -2522.09
-2778.04 -2522.09
-2654.87 -2522.09
-2605.72 -2522.09
-2840.59 -2522.09
-2675.47 -2522.09
-2841.11 -2522.09
-2822.43 -2522.09
-2734.48 -2522.09
-2791.03 -2522.09
-2800.68 -2522.09
-2708.90 -2522.09
-2758.64 -2522.09
-2736.65 -2522.09
-2648.23 -2522.09
-2880.83 -2522.09
-2849.36 -2522.09
-2841.75 -2522.09
-2782.93 -2522.09
-2816.54 -2522.09
-2747.13 -2522.09
-2717.23 -2522.09
-2655.06 -2522.09
-2614.74 -2522.09
-2758.64 -2522.09
-2705.90 -2522.09
-2838.36 -2522.09
-2836.87 -2522.09
-2749.95 -2522.09
-2803.23 -2522.09
-2692.43 -2522.09
-2918.70 -2522.09
-2947.23 -2947.23
-2967.07 -2947.23
-2943.29 -2943.29
-2989.85 -2943.29
-2939.29 -2939.29
-2925.52 -2925.52
-2941.82 -2925.52
-2936.29 -2925.52
-2948.71 -2925.52
-2923.96 -2923.96
-2907.27 -2907.27
-2885.12 -2885.12
-2914.94 -2885.12
-2916.12 -2885.12
-2907.80 -2885.12
-2942.81 -2885.12
-2971.84 -2885.12
-2907.78 -2885.12
-2923.88 -2885.12
-2920.89 -2885.12
-2920.45 -2885.12
-2924.10 -2885.12
-2913.32 -2885.12
-2917.34 -2885.12
-2918.49 -2885.12
-2897.82 -2885.12
-2904.84 -2885.12
-2899.68 -2885.12
-2920.49 -2885.12
-2918.54 -2885.12
-2916.30 -2885.12
-2877.88 -2877.88
-2871.15 -2871.15
-2835.67 -2835.67
-2900.74 -2835.67
-2828.21 -2828.21
-2876.63 -2828.21
-2895.51 -2828.21
-2858.18 -2828.21
-2852.96 -2828.21
-2846.42 -2828.21
-2932.00 -2828.21
-2804.86 -2804.86
-2863.48 -2804.86
-2824.66 -2804.86
-2859.44 -2804.86
-2722.43 -2722.43
-2756.85 -2722.43
-2851.83 -2722.43
-2856.88 -2722.43
-2732.16 -2722.43
-2816.37 -2722.43
-2882.17 -2722.43
-2674.28 -2674.28
-2826.58 -2674.28
-2819.71 -2674.28
-2847.96 -2674.28
-2725.26 -2674.28
-2733.85 -2674.28
-2721.87 -2674.28
-2712.48 -2674.28
-2747.25 -2674.28
-2721.94 -2674.28
-2796.58 -2674.28
-2708.49 -2674.28
-2715.13 -2674.28
-2772.25 -2674.28
-2898.86 -2674.28
-2743.18 -2674.28
-2803.76 -2674.28
-2751.47 -2674.28
-2820.16 -2674.28
-2726.75 -2674.28
-2754.35 -2674.28
-2748.98 -2674.28
-2874.07 -2674.28
-2877.25 -2674.28
-2822.61 -2674.28
-2708.65 -2674.28
-2850.88 -2674.28
-2828.29 -2674.28
-2737.20 -2674.28
-2890.23 -2674.28
-2864.20 -2674.28
-2865.95 -2674.28
-2747.03 -2674.28
-2764.40 -2674.28
-2786.94 -2674.28
-2781.86 -2674.28
-2701.10 -2674.28
-2766.69 -2674.28
-2674.89 -2674.28
-2865.93 -2674.28
-2719.40 -2674.28
-2754.31 -2674.28
-2727.75 -2674.28
-2819.86 -2674.28
-2861.04 -2674.28
-2750.28 -2674.28
-2783.89 -2674.28
-2886.21 -2674.28
-2775.82 -2674.28
-2815.58 -2674.28
-2742.67 -2674.28
-2696.21 -2674.28
-2808.34 -2674.28
-2871.88 -2674.28
-2858.37 -2674.28
-2795.29 -2674.28
-2749.68 -2674.28
-2715.09 -2674.28
-2632.63 -2632.63
-2769.56 -2632.63
-2866.47 -2632.63
-2703.91 -2632.63
-2858.28 -2632.63
-2690.59 -2632.63
-2823.70 -2632.63
-2704.15 -2632.63
-2830.19 -2632.63
-2728.09 -2632.63
-2783.35 -2632.63
-2805.31 -2632.63
-2842.44 -2632.63
-2745.50 -2632.63
-2738.69 -2632.63
-2890.07 -2632.63
-2775.52 -2632.63
-2750.62 -2632.63
-2817.83 -2632.63
-2759.47 -2632.63
-2687.48 -2632.63
-2740.14 -2632.63
-2690.54 -2632.63
-2807.77 -2632.63
-2762.92 -2632.63
-2835.34 -2632.63
-2683.45 -2632.63
-2798.43 -2632.63
-2862.51 -2632.63
-2873.10 -2632.63
-2659.98 -2632.63
-2793.48 -2632.63
-2822.14 -2632.63
-2775.86 -2632.63
-2755.61 -2632.63
-2794.36 -2632.63
-2695.44 -2632.63
-2698.27 -2632.63
-2792.54 -2632.63
-2777.71 -2632.63
-2679.38 -2632.63
-2727.63 -2632.63
-2768.99 -2632.63
-2815.31 -2632.63
-2830.01 -2632.63
-2679.68 -2632.63
-2760.64 -2632.63
-2786.24 -2632.63
-2810.87 -2632.63
-2695.99 -2632.63
-2810.90 -2632.63
-2867.71 -2632.63
-2838.04 -2632.63
-2802.99 -2632.63
-2672.86 -2632.63
-2756.23 -2632.63
-2716.92 -2632.63
-2747.37 -2632.63
-2794.08 -2632.63
-2774.43 -2632.63
-2731.50 -2632.63
-2757.46 -2632.63
-2834.95 -2632.63
-2754.63 -2632.63
-2691.71 -2632.63
-2824.42 -2632.63
-2839.84 -2632.63
-2740.05 -2632.63
-2773.70 -2632.63
-2851.86 -2632.63
-2710.46 -2632.63
-2743.46 -2632.63
-2749.79 -2632.63
-2851.31 -2632.63
-2663.08 -2632.63
-2717.71 -2632.63
-2847.55 -2632.63
-2856.77 -2632.63
-2814.96 -2632.63
-2777.33 -2632.63
-2713.00 -2632.63
-2821.22 -2632.63
-2823.52 -2632.63
-2795.41 -2632.63
-2739.66 -2632.63
-2830.00 -2632.63
-2815.00 -2632.63
-2669.20 -2632.63
-2845.03 -2632.63
-2697.34 -2632.63
-2674.40 -2632.63
-2759.72 -2632.63
-2795.51 -2632.63
-2860.57 -2632.63
-2776.75 -2632.63
-2798.39 -2632.63
-2763.50 -2632.63
-2675.70 -2632.63
-2784.80 -2632.63
-2788.63 -2632.63
-2807.71 -2632.63
-2659.40 -2632.63
-2676.52 -2632.63
-2886.92 -2632.63
-2795.08 -2632.63
-2767.47 -2632.63
-2848.14 -2632.63
-2833.48 -2632.63
-2842.28 -2632.63
-2829.57 -2632.63
-2701.58 -2632.63
-2704.43 -2632.63
-2733.62 -2632.63
-2695.45 -2632.63
-2840.87 -2632.63
-2855.30 -2632.63
-2657.53 -2632.63
-2772.88 -2632.63
-2764.21 -2632.63
-2702.61 -2632.63
-2723.04 -2632.63
-2712.88 -2632.63
-2793.71 -2632.63
-2831.29 -2632.63
-2842.96 -2632.63
-2816.54 -2632.63
-2827.27 -2632.63
-2814.78 -2632.63
-2785.73 -2632.63
-2747.99 -2632.63
-2869.41 -2632.63
-2855.36 -2632.63
-2699.12 -2632.63
-2731.34 -2632.63
-2849.69 -2632.63
-2713.58 -2632.63
-2891.11 -2632.63
-2733.60 -2632.63
-2829.10 -2632.63
-2860.50 -2632.63
-2850.04 -2632.63
-2790.91 -2632.63
-2757.45 -2632.63
-2731.69 -2632.63
-2676.96 -2632.63
-2842.01 -2632.63
-2850.51 -2632.63
-2803.58 -2632.63
-2769.61 -2632.63
-2702.22 -2632.63
-2817.81 -2632.63
-2807.56 -2632.63
-2788.84 -2632.63
-2732.11 -2632.63
-2696.24 -2632.63
-2836.87 -2632.63
-2729.62 -2632.63
-2826.44 -2632.63
-2764.43 -2632.63
-2703.98 -2632.63
-2869.32 -2632.63
-2797.52 -2632.63
-2660.87 -2632.63
-2844.41 -2632.63
-2898.90 -2632.63
-2907.08 -2632.63
-2825.28 -2632.63
-2794.41 -2632.63
-2808.94 -2632.63
-2847.85 -2632.63
-2722.92 -2632.63
-2719.46 -2632.63
-2853.34 -2632.63
-2829.71 -2632.63
-2690.27 -2632.63
-2773.95 -2632.63
-2761.84 -2632.63
-2810.74 -2632.63
-2769.36 -2632.63
-2732.58 -2632.63
-2895.53 -2632.63
-2650.38 -2632.63
-2722.17 -2632.63
-2757.51 -2632.63
-2733.31 -2632.63
-2807.53 -2632.63
-2774.35 -2632.63
-2837.29 -2632.63
-2776.77 -2632.63
-2816.53 -2632.63
-2829.00 -2632.63
-2861.07 -2632.63
-2712.95 -2632.63
-2747.52 -2632.63
-2773.06 -2632.63
-2808.99 -2632.63
-2648.60 -2632.63
-2733.55 -2632.63
-2725.42 -2632.63
-2740.23 -2632.63
-2853.42 -2632.63
-2852.78 -2632.63
-2717.10 -2632.63
-2774.39 -2632.63
-2866.98 -2632.63
-2791.03 -2632.63
-2853.50 -2632.63
-2739.50 -2632.63
-2799.22 -2632.63
-2784.59 -2632.63
-2857.87 -2632.63
-2751.17 -2632.63
-2663.05 -2632.63
-2672.46 -2632.63
-2909.65 -2632.63
-2788.25 -2632.63
-2809.01 -2632.63
-2820.68 -2632.63
-2712.65 -2632.63
-2728.30 -2632.63
-2822.98 -2632.63
-2863.72 -2632.63
-2786.12 -2632.63
-2746.70 -2632.63
-2882.66 -2632.63
-2734.88 -2632.63
-2853.36 -2632.63
-2695.71 -2632.63
-2776.53 -2632.63
-2854.62 -2632.63
-2852.78 -2632.63
-2813.51 -2632.63
-2760.22 -2632.63
-2837.67 -2632.63
-2695.03 -2632.63
-2740.52 -2632.63
-2719.65 -2632.63
-2696.32 -2632.63
-2859.49 -2632.63
-2713.04 -2632.63
-2736.22 -2632.63
-2709.16 -2632.63
-2714.62 -2632.63
-2768.39 -2632.63
-2720.72 -2632.63
-2749.25 -2632.63
-2797.90 -2632.63
-2743.51 -2632.63
-2672.49 -2632.63
-2838.12 -2632.63
-2769.13 -2632.63
-2670.57 -2632.63
-2696.60 -2632.63
-2774.34 -2632.63
-2684.15 -2632.63
-2807.27 -2632.63
-2903.92 -2632.63
-2727.06 -2632.63
-2671.09 -2632.63
-2714.04 -2632.63
-2824.36 -2632.63
-2757.41 -2632.63
-2763.41 -2632.63
-2786.36 -2632.63
-2735.54 -2632.63
-2635.20 -2632.63
-2820.56 -2632.63
-2785.20 -2632.63
-2697.45 -2632.63
-2803.18 -2632.63
-2725.24 -2632.63
-2661.41 -2632.63
-2889.56 -2632.63
-2747.34 -2632.63
-2773.76 -2632.63
-2799.38 -2632.63
-2760.44 -2632.63
-2769.56 -2632.63
-2720.11 -2632.63
-2674.45 -2632.63
-2846.93 -2632.63
-2780.66 -2632.63
-2866.81 -2632.63
-2745.39 -2632.63
-2811.60 -2632.63
-2944.92 -2632.63
-2749.13 -2632.63
-2771.58 -2632.63
-2798.80 -2632.63
-2777.02 -2632.63
-2736.69 -2632.63
-2678.86 -2632.63
-2684.23 -2632.63
-2902.48 -2632.63
-2762.91 -2632.63
-2745.83 -2632.63
-2722.85 -2632.63
-2770.00 -2632.63
-2857.58 -2632.63
-2724.13 -2632.63
-2882.70 -2632.63
-2781.13 -2632.63
-2794.85 -2632.63
-2775.50 -2632.63
-2795.46 -2632.63
-2973.76 -2632.63
-2936.80 -2936.80
-2928.45 -2928.45
-2937.03 -2928.45
-2961.38 -2928.45
-2940.23 -2928.45
-2917.38 -2917.38
-2944.49 -2917.38
-2962.30 -2917.38
-2877.38 -2877.38
-2895.54 -2877.38
-2911.84 -2877.38
-2870.19 -2870.19
-2884.35 -2870.19
-2909.90 -2870.19
-2868.21 -2868.21
-2868.76 -2868.21
-2938.18 -2868.21
-2921.65 -2868.21
-2896.71 -2868.21
-2890.03 -2868.21
-2838.27 -2838.27
-2881.26 -2838.27
-2873.48 -2838.27
-2912.46 -2838.27
-2865.10 -2838.27
-2844.92 -2838.27
-2821.46 -2821.46
-2851.04 -2821.46
-2889.72 -2821.46
-2865.96 -2821.46
-2786.26 -2786.26
-2871.54 -2786.26
-2847.71 -2786.26
-2828.68 -2786.26
-2848.36 -2786.26
-2812.76 -2786.26
-2892.82 -2786.26
-2847.76 -2786.26
-2859.50 -2786.26
-2800.98 -2786.26
-2838.87 -2786.26
-2815.89 -2786.26
-2781.65 -2781.65
-2917.18 -2781.65
-2829.02 -2781.65
-2798.96 -2781.65
-2842.13 -2781.65
-2827.34 -2781.65
-2855.10 -2781.65
-2864.21 -2781.65
-2856.98 -2781.65
-2835.76 -2781.65
-2823.97 -2781.65
-2842.76 -2781.65
-2825.82 -2781.65
-2875.83 -2781.65
-2857.76 -2781.65
-2699.92 -2699.92
-2837.33 -2699.92
-2863.38 -2699.92
-2851.73 -2699.92
-2839.44 -2699.92
-2809.91 -2699.92
-2872.43 -2699.92
-2836.56 -2699.92
-2761.47 -2699.92
-2750.52 -2699.92
-2808.42 -2699.92
-2811.38 -2699.92
-2739.14 -2699.92
-2786.66 -2699.92
-2729.75 -2699.92
-2702.51 -2699.92
-2821.52 -2699.92
-2793.28 -2699.92
-2862.24 -2699.92
-2854.82 -2699.92
-2856.81 -2699.92
-2674.26 -2674.26
-2800.56 -2674.26
-2730.46 -2674.26
-2768.82 -2674.26
-2823.01 -2674.26
-2764.88 -2674.26
-2802.63 -2674.26
-2767.26 -2674.26
-2862.44 -2674.26
-2816.32 -2674.26
-2871.14 -2674.26
-2751.14 -2674.26
-2789.46 -2674.26
-2812.25 -2674.26
-2658.97 -2658.97
-2763.57 -2658.97
-2821.57 -2658.97
-2835.28 -2658.97
-2748.22 -2658.97
-2932.34 -2658.97
-2806.50 -2658.97
-2890.59 -2658.97
-2743.73 -2658.97
-2756.45 -2658.97
-2656.13 -2656.13
-2659.13 -2656.13
-2813.89 -2656.13
-2813.06 -2656.13
-2697.15 -2656.13
-2823.24 -2656.13
-2732.50 -2656.13
-2665.66 -2656.13
-2699.44 -2656.13
-2726.50 -2656.13
-2971.20 -2656.13
-2810.21 -2656.13
-2795.97 -2656.13
-2852.84 -2656.13
-2851.81 -2656.13
-2809.98 -2656.13
-2711.61 -2656.13
-2882.86 -2656.13
-2648.66 -2648.66
-2744.70 -2648.66
-2729.60 -2648.66
-2866.83 -2648.66
-2772.09 -2648.66
-2867.41 -2648.66
-2733.18 -2648.66
-2725.41 -2648.66
-2793.71 -2648.66
-2656.48 -2648.66
-2848.10 -2648.66
-2820.10 -2648.66
-2853.23 -2648.66
-2723.56 -2648.66
-2826.53 -2648.66
-2704.56 -2648.66
-2738.51 -2648.66
-2838.45 -2648.66
-2765.39 -2648.66
-2791.32 -2648.66
-2670.78 -2648.66
-2826.93 -2648.66
-2649.80 -2648.66
-2798.03 -2648.66
-2762.07 -2648.66
-2802.84 -2648.66
-2833.27 -2648.66
-2807.20 -2648.66
-2750.03 -2648.66
-2713.38 -2648.66
-2638.81 -2638.81
-2779.11 -2638.81
-2807.73 -2638.81
-2689.25 -2638.81
-2916.93 -2638.81
-2777.39 -2638.81
-2837.12 -2638.81
-2570.42 -2570.42
-2761.18 -2570.42
-2674.54 -2570.42
-2662.43 -2570.42
-2757.97 -2570.42
-2679.77 -2570.42
-2788.23 -2570.42
-2838.77 -2570.42
-2746.92 -2570.42
-2828.67 -2570.42
-2791.26 -2570.42
-2751.01 -2570.42
-2786.19 -2570.42
-2817.64 -2570.42
-2701.63 -2570.42
-2633.88 -2570.42
-2734.82 -2570.42
-2845.87 -2570.42
-2765.65 -2570.42
-2781.36 -2570.42
-2691.79 -2570.42
-2725.80 -2570.42
-2816.62 -2570.42
-2747.99 -2570.42
-2791.19 -2570.42
-2783.87 -2570.42
-2609.79 -2570.42
-2856.02 -2570.42
-2843.55 -2570.42
-2777.16 -2570.42
-2813.18 -2570.42
-2894.29 -2570.42
-2718.03 -2570.42
-2656.17 -2570.42
-2819.57 -2570.42
-2830.43 -2570.42
-2682.90 -2570.42
-2708.88 -2570.42
-2689.10 -2570.42
-2723.48 -2570.42
-2776.89 -2570.42
-2725.52 -2570.42
-2678.08 -2570.42
-2749.28 -2570.42
-2731.42 -2570.42
-2691.05 -2570.42
-2624.32 -2570.42
-2758.78 -2570.42
-2628.70 -2570.42
-2743.22 -2570.42
-2798.10 -2570.42
-2745.26 -2570.42
-2765.61 -2570.42
-2646.85 -2570.42
-2733.31 -2570.42
-2811.88 -2570.42
-2671.34 -2570.42
-2712.64 -2570.42
-2648.32 -2570.42
-2737.93 -2570.42
-2658.80 -2570.42
-2797.09 -2570.42
-2728.50 -2570.42
-2815.76 -2570.42
-2844.01 -2570.42
-2691.46 -2570.42
-2793.22 -2570.42
-2697.93 -2570.42
-2804.47 -2570.42
-2707.40 -2570.42
-2684.29 -2570.42
-2666.81 -2570.42
-2707.51 -2570.42
-2589.87 -2570.42
-2741.62 -2570.42
-2701.43 -2570.42
-2744.61 -2570.42
-2617.28 -2570.42
-2844.71 -2570.42
-2524.43 -2524.43
-2695.85 -2524.43
-2808.86 -2524.43
-2583.63 -2524.43
-2809.06 -2524.43
-2613.22 -2524.43
-2753.65 -2524.43
-2780.39 -2524.43
-2703.02 -2524.43
-2751.78 -2524.43
-2738.20 -2524.43
-2726.00 -2524.43
-2849.21 -2524.43
-2622.01 -2524.43
-2820.05 -2524.43
-2795.52 -2524.43
-2642.10 -2524.43
-2793.12 -2524.43
-2808.87 -2524.43
-2714.17 -2524.43
-2725.79 -2524.43
-2755.48 -2524.43
-2705.02 -2524.43
-2813.95 -2524.43
-2629.71 -2524.43
-2810.01 -2524.43
-2770.14 -2524.43
-2733.64 -2524.43
-2762.10 -2524.43
-2824.42 -2524.43
-2696.86 -2524.43
-2690.63 -2524.43
-2748.96 -2524.43
-2818.30 -2524.43
-2765.74 -2524.43
-2842.52 -2524.43
-2644.29 -2524.43
-2684.55 -2524.43
-2595.52 -2524.43
-2660.34 -2524.43
-2750.97 -2524.43
-2708.17 -2524.43
-2664.42 -2524.43
-2653.19 -2524.43
-2715.94 -2524.43
-2595.38 -2524.43
-2650.97 -2524.43
-2704.95 -2524.43
-2822.91 -2524.43
-2612.26 -2524.43
-2549.80 -2524.43
-2676.19 -2524.43
-2852.05 -2524.43
-2558.26 -2524.43
-2790.52 -2524.43
-2682.34 -2524.43
-2638.18 -2524.43
-2709.69 -2524.43
-2650.91 -2524.43
-2782.63 -2524.43
-2681.24 -2524.43
-2858.00 -2524.43
-2588.91 -2524.43
-2551.79 -2524.43
-2655.98 -2524.43
-2760.24 -2524.43
-2848.59 -2524.43
-2836.37 -2524.43
-2891.04 -2524.43
-2583.46 -2524.43
-2531.41 -2524.43
-2877.44 -2524.43
-2723.34 -2524.43
-2730.04 -2524.43
-2725.24 -2524.43
-2753.67 -2524.43
-2652.25 -2524.43
-2730.92 -2524.43
-2722.46 -2524.43
-2672.84 -2524.43
-2812.35 -2524.43
-2869.20 -2524.43
-2803.04 -2524.43
-2720.59 -2524.43
-2654.48 -2524.43
-2725.87 -2524.43
-2841.34 -2524.43
-2556.35 -2524.43
-2678.60 -2524.43
-2781.39 -2524.43
-2782.67 -2524.43
-2625.38 -2524.43
-2624.02 -2524.43
-2731.92 -2524.43
-2659.57 -2524.43
-2814.87 -2524.43
-2773.74 -2524.43
-2794.23 -2524.43
-2727.82 -2524.43
-2507.15 -2507.15
-2640.62 -2507.15
-2835.84 -2507.15
-2826.05 -2507.15
-2848.50 -2507.15
-2813.30 -2507.15
-2699.79 -2507.15
-2618.28 -2507.15
-2555.09 -2507.15
-2822.34 -2507.15
-2542.31 -2507.15
-2649.73 -2507.15
-2435.80 -2435.80
-2770.59 -2435.80
-2516.24 -2435.80
-2904.15 -2435.80
-2450.30 -2435.80
-2819.49 -2435.80
-2811.08 -2435.80
-2592.78 -2435.80
-2800.06 -2435.80
-2562.84 -2435.80
-2529.27 -2435.80
-2679.54 -2435.80
-2775.68 -2435.80
-2751.06 -2435.80
-2684.74 -2435.80
-2824.19 -2435.80
-2590.89 -2435.80
-2896.50 -2435.80
-2521.97 -2435.80
-2767.98 -2435.80
-2709.29 -2435.80
-2797.19 -2435.80
-2457.96 -2435.80
-2849.49 -2435.80
-2820.70 -2435.80
-2741.45 -2435.80
-2614.70 -2435.80
-2670.67 -2435.80
-2714.18 -2435.80
-2667.68 -2435.80
-2498.73 -2435.80
-2694.20 -2435.80
-2758.47 -2435.80
-2634.87 -2435.80
-2814.37 -2435.80
-2779.04 -2435.80
-2763.46 -2435.80
-2686.93 -2435.80
-2837.89 -2435.80
-2514.96 -2435.80
-2778.75 -2435.80
-2819.83 -2435.80
-2612.81 -2435.80
-2788.38 -2435.80
-2827.09 -2435.80
-2599.80 -2435.80
-2726.47 -2435.80
-2729.76 -2435.80
-2772.01 -2435.80
-2633.40 -2435.80
-2663.29 -2435.80
-2586.55 -2435.80
-2702.13 -2435.80
-2795.98 -2435.80
-2664.85 -2435.80
-2813.72 -2435.80
-2555.94 -2435.80
-2544.27 -2435.80
-2761.67 -2435.80
-2733.71 -2435.80
-2811.14 -2435.80
-2768.87 -2435.80
-2658.52 -2435.80
-2703.94 -2435.80
-2671.83 -2435.80
-2817.26 -2435.80
-2639.32 -2435.80
-2722.35 -2435.80
-2951.38 -2951.38
-2925.48 -2925.48
-2938.63 -2925.48
-2935.58 -2925.48
