-10000.00 -10000.00
-8029.14 -8029.14
-8152.21 -8029.14
-8165.22 -8029.14
-8050.74 -8029.14
-8110.30 -8029.14
-7922.59 -7922.59
-8044.13 -7922.59
-7987.01 -7922.59
-7966.05 -7922.59
-8035.95 -7922.59
-7975.35 -7922.59
-7983.21 -7922.59
-7948.33 -7922.59
-7945.86 -7922.59
-7948.58 -7922.59
-8049.25 -7922.59
-8076.24 -7922.59
-8069.18 -7922.59
-8003.43 -7922.59
-8019.77 -7922.59
-8042.63 -7922.59
-7899.92 -7899.92
-8011.27 -7899.92
-7941.86 -7899.92
-7935.46 -7899.92
-7945.32 -7899.92
-7855.55 -7855.55
-7972.63 -7855.55
-8042.68 -7855.55
-7859.82 -7855.55
-7760.30 -7760.30
-7892.17 -7760.30
-7831.92 -7760.30
-7845.52 -7760.30
-7768.67 -7760.30
-7782.32 -7760.30
-7718.80 -7718.80
-7896.24 -7718.80
-7688.62 -7688.62
-7746.37 -7688.62
-7881.10 -7688.62
-7866.71 -7688.62
-8011.03 -7688.62
-7731.23 -7688.62
-7693.53 -7688.62
-7860.79 -7688.62
-7804.84 -7688.62
-7618.08 -7618.08
-7732.92 -7618.08
-7569.73 -7569.73
-7677.11 -7569.73
-7933.50 -7569.73
-7848.88 -7569.73
-7711.97 -7569.73
-7808.65 -7569.73
-7621.70 -7569.73
-7851.76 -7569.73
-7833.19 -7569.73
-7686.88 -7569.73
-7707.18 -7569.73
-7649.16 -7569.73
-7794.31 -7569.73
-7768.62 -7569.73
-7760.41 -7569.73
-7613.55 -7569.73
-7640.06 -7569.73
-7632.47 -7569.73
-7569.42 -7569.42
-7740.98 -7569.42
-7645.45 -7569.42
-7516.16 -7516.16
-7503.26 -7503.26
-7593.19 -7503.26
-7599.86 -7503.26
-7839.23 -7503.26
-7701.26 -7503.26
-7613.04 -7503.26
-7641.31 -7503.26
-7599.03 -7503.26
-7622.37 -7503.26
-7793.03 -7503.26
-7661.26 -7503.26
-7666.95 -7503.26
-7624.85 -7503.26
-7767.45 -7503.26
-7879.79 -7503.26
-7705.87 -7503.26
-7500.56 -7500.56
-7767.66 -7500.56
-7787.25 -7500.56
-7459.26 -7459.26
-7541.62 -7459.26
-7521.14 -7459.26
-7515.01 -7459.26
-7618.68 -7459.26
-7777.23 -7459.26
-7531.65 -7459.26
-7721.09 -7459.26
-7520.09 -7459.26
-7765.58 -7459.26
-7377.08 -7377.08
-7495.28 -7377.08
-7750.28 -7377.08
-7806.15 -7377.08
-7906.92 -7377.08
-7539.07 -7377.08
-7569.54 -7377.08
-7476.97 -7377.08
-7540.52 -7377.08
-7519.57 -7377.08
-7472.58 -7377.08
-7399.73 -7377.08
-8018.67 -7377.08
-7557.45 -7377.08
-7748.68 -7377.08
-7381.93 -7377.08
-7622.96 -7377.08
-7472.26 -7377.08
-7305.09 -7305.09
-7708.07 -7305.09
-7510.38 -7305.09
-7485.78 -7305.09
-7684.59 -7305.09
-7719.57 -7305.09
-7813.95 -7305.09
-7385.15 -7305.09
-7713.39 -7305.09
-7708.33 -7305.09
-7464.20 -7305.09
-7429.80 -7305.09
-7458.06 -7305.09
-7425.49 -7305.09
-7636.81 -7305.09
-7425.74 -7305.09
-7586.66 -7305.09
-7550.52 -7305.09
-7725.13 -7305.09
-7511.63 -7305.09
-7725.35 -7305.09
-7460.57 -7305.09
-7559.17 -7305.09
-7465.57 -7305.09
-7744.11 -7305.09
-8059.46 -7305.09
-7468.36 -7305.09
-7434.65 -7305.09
-7827.70 -7305.09
-7541.31 -7305.09
-7583.00 -7305.09
-7577.86 -7305.09
-7568.80 -7305.09
-7486.84 -7305.09
-7445.55 -7305.09
-7784.41 -7305.09
-7717.61 -7305.09
-7789.82 -7305.09
-7616.43 -7305.09
-7742.28 -7305.09
-7239.58 -7239.58
-7732.59 -7239.58
-7506.87 -7239.58
-7427.60 -7239.58
-7664.47 -7239.58
-7490.22 -7239.58
-7154.61 -7154.61
-7816.27 -7154.61
-7683.82 -7154.61
-7599.78 -7154.61
-7492.56 -7154.61
-7608.77 -7154.61
-7810.65 -7154.61
-7435.24 -7154.61
-7729.84 -7154.61
-7419.22 -7154.61
-7607.72 -7154.61
-7433.54 -7154.61
-7657.74 -7154.61
-7771.78 -7154.61
-7531.84 -7154.61
-7515.34 -7154.61
-7684.58 -7154.61
-7707.50 -7154.61
-7768.33 -7154.61
-7836.72 -7154.61
-7314.96 -7154.61
-7430.11 -7154.61
-7376.62 -7154.61
-7744.02 -7154.61
-7425.27 -7154.61
-7615.96 -7154.61
-7847.14 -7154.61
-7734.64 -7154.61
-7432.51 -7154.61
-7619.38 -7154.61
-7570.72 -7154.61
-7545.58 -7154.61
-7816.41 -7154.61
-7519.61 -7154.61
-7451.92 -7154.61
-7520.90 -7154.61
-7782.15 -7154.61
-7196.39 -7154.61
-7464.48 -7154.61
-7442.59 -7154.61
-7797.27 -7154.61
-7574.68 -7154.61
-7838.39 -7154.61
-7294.94 -7154.61
-7415.94 -7154.61
-7582.74 -7154.61
-7330.93 -7154.61
-7658.41 -7154.61
-7457.89 -7154.61
-7576.71 -7154.61
-7829.03 -7154.61
-7583.35 -7154.61
-7485.11 -7154.61
-7484.55 -7154.61
-7390.91 -7154.61
-7527.70 -7154.61
-7588.12 -7154.61
-7474.84 -7154.61
-7802.08 -7154.61
-7303.55 -7154.61
-7600.56 -7154.61
-7827.19 -7154.61
-7955.53 -7154.61
-7589.89 -7154.61
-7614.24 -7154.61
-7805.83 -7154.61
-7534.33 -7154.61
-7383.68 -7154.61
-7638.72 -7154.61
-7516.36 -7154.61
-7557.45 -7154.61
-7629.59 -7154.61
-7486.92 -7154.61
-7834.53 -7154.61
-7334.67 -7154.61
-7573.80 -7154.61
-7245.54 -7154.61
-7556.81 -7154.61
-7490.67 -7154.61
-7703.58 -7154.61
-7585.45 -7154.61
-7537.65 -7154.61
-7654.38 -7154.61
-7586.74 -7154.61
-7159.90 -7154.61
-7255.05 -7154.61
-7503.91 -7154.61
-7184.54 -7154.61
-7490.85 -7154.61
-7432.90 -7154.61
-7358.53 -7154.61
-7619.87 -7154.61
-7625.64 -7154.61
-7452.57 -7154.61
-7825.49 -7154.61
-7225.68 -7154.61
-7537.85 -7154.61
-7530.64 -7154.61
-7449.36 -7154.61
-7330.68 -7154.61
-7382.77 -7154.61
-7658.42 -7154.61
-7519.24 -7154.61
-7625.18 -7154.61
-7498.11 -7154.61
-7477.23 -7154.61
-7299.70 -7154.61
-7549.94 -7154.61
-7690.57 -7154.61
-7578.50 -7154.61
-7762.41 -7154.61
-7639.12 -7154.61
-7704.27 -7154.61
-7352.09 -7154.61
-7625.51 -7154.61
-7713.73 -7154.61
-7837.73 -7154.61
-7550.69 -7154.61
-7514.01 -7154.61
-7694.02 -7154.61
-7631.94 -7154.61
-7643.95 -7154.61
-7735.12 -7154.61
-7291.69 -7154.61
-7770.01 -7154.61
-7734.54 -7154.61
-7669.17 -7154.61
-7742.94 -7154.61
-7428.10 -7154.61
-7582.27 -7154.61
-7438.49 -7154.61
-7624.58 -7154.61
-7256.83 -7154.61
-7524.56 -7154.61
-7260.34 -7154.61
-7589.28 -7154.61
-7618.25 -7154.61
-7632.71 -7154.61
-7642.87 -7154.61
-7599.40 -7154.61
-7434.90 -7154.61
-7682.78 -7154.61
-7655.33 -7154.61
-7527.17 -7154.61
-7495.60 -7154.61
-7227.60 -7154.61
-7790.93 -7154.61
-7604.96 -7154.61
-7341.53 -7154.61
-7445.26 -7154.61
-7410.71 -7154.61
-7106.94 -7106.94
-7539.42 -7106.94
-7337.46 -7106.94
-7279.45 -7106.94
-7247.07 -7106.94
-7159.59 -7106.94
-7721.31 -7106.94
-7415.37 -7106.94
-7290.77 -7106.94
-7919.14 -7106.94
-7826.02 -7106.94
-7529.63 -7106.94
-7295.97 -7106.94
-7446.09 -7106.94
-7586.77 -7106.94
-7578.87 -7106.94
-7273.95 -7106.94
-7755.61 -7106.94
-7224.57 -7106.94
-7359.66 -7106.94
-7400.09 -7106.94
-7898.84 -7106.94
-7284.73 -7106.94
-7650.22 -7106.94
-7360.98 -7106.94
-7568.54 -7106.94
-7585.23 -7106.94
-7168.48 -7106.94
-7242.94 -7106.94
-7447.07 -7106.94
-7522.86 -7106.94
-7150.47 -7106.94
-7822.33 -7106.94
-7815.54 -7106.94
-7710.28 -7106.94
-7516.11 -7106.94
-7104.91 -7104.91
-7293.45 -7104.91
-7355.36 -7104.91
-7447.96 -7104.91
-7688.36 -7104.91
-7711.71 -7104.91
-7811.15 -7104.91
-7558.18 -7104.91
-7578.06 -7104.91
-7683.63 -7104.91
-7784.83 -7104.91
-7423.56 -7104.91
-7431.54 -7104.91
-7646.82 -7104.91
-7670.23 -7104.91
-7777.67 -7104.91
-7088.80 -7088.80
-7363.32 -7088.80
-7339.90 -7088.80
-7264.26 -7088.80
-7697.16 -7088.80
-7443.26 -7088.80
-7374.55 -7088.80
-7801.81 -7088.80
-7065.48 -7065.48
-7715.31 -7065.48
-7278.24 -7065.48
-7488.53 -7065.48
-7551.98 -7065.48
-7701.39 -7065.48
-7517.77 -7065.48
-7334.22 -7065.48
-7675.95 -7065.48
-7137.56 -7065.48
-7199.69 -7065.48
-7606.30 -7065.48
-7655.31 -7065.48
-7587.37 -7065.48
-7444.23 -7065.48
-7137.01 -7065.48
-7345.82 -7065.48
-7441.88 -7065.48
-7460.60 -7065.48
-7618.79 -7065.48
-7443.80 -7065.48
-7142.15 -7065.48
-7454.97 -7065.48
-7830.71 -7065.48
-7452.45 -7065.48
-7410.49 -7065.48
-7043.11 -7043.11
-7716.91 -7043.11
-7402.25 -7043.11
-7603.53 -7043.11
-7464.71 -7043.11
-7092.97 -7043.11
-7248.61 -7043.11
-7735.02 -7043.11
-7675.19 -7043.11
-7857.96 -7043.11
-7486.52 -7043.11
-7532.35 -7043.11
-7549.82 -7043.11
-7289.18 -7043.11
-7378.86 -7043.11
-7254.67 -7043.11
-8120.73 -7043.11
-8045.97 -7043.11
-8097.44 -7043.11
-7984.40 -7984.40
-8090.42 -7984.40
-7954.11 -7954.11
-7969.39 -7954.11
-7958.58 -7954.11
-7889.73 -7889.73
-7971.28 -7889.73
-8029.08 -7889.73
-7984.77 -7889.73
-7976.56 -7889.73
-7908.73 -7889.73
-8004.80 -7889.73
-7766.55 -7766.55
-7847.20 -7766.55
-7833.41 -7766.55
-7734.52 -7734.52
-7911.72 -7734.52
-7872.15 -7734.52
-8016.65 -7734.52
-7758.37 -7734.52
-7739.36 -7734.52
-7891.78 -7734.52
-7829.24 -7734.52
-7854.26 -7734.52
-7827.46 -7734.52
-7830.76 -7734.52
-7794.10 -7734.52
-7921.79 -7734.52
-7782.07 -7734.52
-7864.61 -7734.52
-7769.09 -7734.52
-7879.65 -7734.52
-7862.01 -7734.52
-7566.16 -7566.16
-7583.56 -7566.16
-7599.15 -7566.16
-7839.70 -7566.16
-7674.97 -7566.16
-7569.74 -7566.16
-7821.58 -7566.16
-7798.77 -7566.16
-7682.52 -7566.16
-7905.01 -7566.16
-7895.18 -7566.16
-7691.70 -7566.16
-7778.91 -7566.16
-7676.85 -7566.16
-7579.51 -7566.16
-7529.27 -7529.27
-7604.60 -7529.27
-7494.32 -7494.32
-7651.30 -7494.32
-7752.67 -7494.32
-7798.49 -7494.32
-7704.46 -7494.32
-7651.51 -7494.32
-7697.95 -7494.32
-7602.02 -7494.32
-7643.87 -7494.32
-7468.96 -7468.96
-7572.40 -7468.96
-7821.73 -7468.96
-7545.12 -7468.96
-7625.67 -7468.96
-7414.29 -7414.29
-7522.59 -7414.29
-7597.17 -7414.29
-7266.46 -7266.46
-7764.87 -7266.46
-7636.88 -7266.46
-7544.90 -7266.46
-7540.65 -7266.46
-7343.17 -7266.46
-7476.32 -7266.46
-7821.50 -7266.46
-7572.44 -7266.46
-7335.29 -7266.46
-7985.19 -7266.46
-7688.37 -7266.46
-7867.46 -7266.46
-7853.66 -7266.46
-7817.87 -7266.46
-7650.26 -7266.46
-7548.38 -7266.46
-7602.12 -7266.46
-7719.93 -7266.46
-7449.24 -7266.46
-7423.44 -7266.46
-7674.42 -7266.46
-7715.04 -7266.46
-7322.30 -7266.46
-7759.23 -7266.46
-7379.75 -7266.46
-7878.15 -7266.46
-7394.59 -7266.46
-7328.99 -7266.46
-7715.37 -7266.46
-7641.25 -7266.46
-7398.66 -7266.46
-7547.11 -7266.46
-7717.08 -7266.46
-7551.37 -7266.46
-7412.52 -7266.46
-7674.59 -7266.46
-7829.46 -7266.46
-7553.10 -7266.46
-7888.56 -7266.46
-7458.04 -7266.46
-7741.95 -7266.46
-7656.97 -7266.46
-7649.22 -7266.46
-7549.20 -7266.46
-7610.63 -7266.46
-7593.59 -7266.46
-7687.48 -7266.46
-7720.12 -7266.46
-7550.78 -7266.46
-7435.53 -7266.46
-7584.98 -7266.46
-7726.12 -7266.46
-7552.72 -7266.46
-7763.89 -7266.46
-7589.87 -7266.46
-7611.47 -7266.46
-7668.01 -7266.46
-7844.39 -7266.46
-7632.11 -7266.46
-7294.34 -7266.46
-7719.16 -7266.46
-7648.68 -7266.46
-7853.28 -7266.46
-7290.88 -7266.46
-7573.81 -7266.46
-7535.01 -7266.46
-7618.65 -7266.46
-7672.64 -7266.46
-7835.18 -7266.46
-7372.55 -7266.46
-7280.60 -7266.46
-7453.17 -7266.46
-7527.27 -7266.46
-7638.60 -7266.46
-7583.70 -7266.46
-7540.61 -7266.46
-7606.59 -7266.46
-7373.26 -7266.46
-7516.47 -7266.46
-7955.50 -7266.46
-7125.41 -7125.41
-7581.09 -7125.41
-7625.33 -7125.41
-7646.70 -7125.41
-7459.13 -7125.41
-7577.43 -7125.41
-7552.68 -7125.41
-7144.95 -7125.41
-7695.77 -7125.41
-7817.02 -7125.41
-7585.33 -7125.41
-7540.11 -7125.41
-7821.11 -7125.41
-7795.18 -7125.41
-7748.58 -7125.41
-7721.70 -7125.41
-7626.94 -7125.41
-7454.25 -7125.41
-7327.81 -7125.41
-7494.21 -7125.41
-7514.30 -7125.41
-7578.08 -7125.41
-7680.88 -7125.41
-7304.69 -7125.41
-7682.89 -7125.41
-7790.93 -7125.41
-7482.35 -7125.41
-7337.92 -7125.41
-8025.48 -7125.41
-7542.30 -7125.41
-7470.79 -7125.41
-7515.15 -7125.41
-7574.04 -7125.41
-7761.15 -7125.41
-7552.70 -7125.41
-7559.71 -7125.41
-7578.34 -7125.41
-7774.95 -7125.41
-7186.22 -7125.41
-7438.11 -7125.41
-7607.57 -7125.41
-7548.90 -7125.41
-7552.64 -7125.41
-7717.14 -7125.41
-7504.89 -7125.41
-7465.85 -7125.41
-7708.05 -7125.41
-7753.07 -7125.41
-7425.33 -7125.41
-7815.84 -7125.41
-7767.79 -7125.41
-7519.06 -7125.41
-7507.66 -7125.41
-7666.50 -7125.41
-7701.52 -7125.41
-7650.29 -7125.41
-7517.50 -7125.41
-7850.69 -7125.41
-7712.25 -7125.41
-7524.09 -7125.41
-7726.85 -7125.41
-7581.42 -7125.41
-7769.23 -7125.41
-7361.95 -7125.41
-7380.96 -7125.41
-7504.59 -7125.41
-7704.52 -7125.41
-7378.89 -7125.41
-7664.43 -7125.41
-7654.13 -7125.41
-7403.09 -7125.41
-7591.00 -7125.41
-7897.06 -7125.41
-7736.82 -7125.41
-7499.06 -7125.41
-7634.01 -7125.41
-7303.97 -7125.41
-7670.99 -7125.41
-7459.25 -7125.41
-7413.20 -7125.41
-7848.24 -7125.41
-7950.67 -7125.41
-7444.10 -7125.41
-7382.73 -7125.41
-7604.62 -7125.41
-7812.14 -7125.41
-7409.26 -7125.41
-7569.00 -7125.41
-7586.22 -7125.41
-7471.37 -7125.41
-7406.79 -7125.41
-7631.21 -7125.41
-7561.92 -7125.41
-7921.12 -7125.41
-7354.49 -7125.41
-7302.95 -7125.41
-7708.65 -7125.41
-7376.57 -7125.41
-7455.57 -7125.41
-7565.87 -7125.41
-7416.34 -7125.41
-7514.49 -7125.41
-7337.25 -7125.41
-7370.91 -7125.41
-7305.94 -7125.41
-7260.34 -7125.41
-7530.89 -7125.41
-7602.62 -7125.41
-7133.65 -7125.41
-7437.40 -7125.41
-7767.12 -7125.41
-7706.29 -7125.41
-7362.75 -7125.41
-7546.27 -7125.41
-7713.14 -7125.41
-7546.46 -7125.41
-7765.71 -7125.41
-7822.97 -7125.41
-7662.15 -7125.41
-7472.27 -7125.41
-7800.51 -7125.41
-7423.77 -7125.41
-7555.86 -7125.41
-7547.37 -7125.41
-7608.17 -7125.41
-7316.14 -7125.41
-7639.55 -7125.41
-7536.72 -7125.41
-7613.52 -7125.41
-7363.76 -7125.41
-7665.01 -7125.41
-7675.79 -7125.41
-7550.35 -7125.41
-7480.26 -7125.41
-7657.22 -7125.41
-7439.20 -7125.41
-7866.57 -7125.41
-7641.13 -7125.41
-7702.31 -7125.41
-7594.91 -7125.41
-7231.55 -7125.41
-7842.55 -7125.41
-7591.20 -7125.41
-7639.08 -7125.41
-7486.52 -7125.41
-7688.78 -7125.41
-7490.72 -7125.41
-7399.43 -7125.41
-7465.16 -7125.41
-7403.15 -7125.41
-7499.17 -7125.41
-7582.47 -7125.41
-7754.18 -7125.41
-7809.15 -7125.41
-7903.97 -7125.41
-7756.95 -7125.41
-7330.36 -7125.41
-7613.14 -7125.41
-7556.04 -7125.41
-7326.91 -7125.41
-7741.88 -7125.41
-7778.67 -7125.41
-7292.84 -7125.41
-7486.73 -7125.41
-7758.15 -7125.41
-7779.57 -7125.41
-7464.81 -7125.41
-7479.60 -7125.41
-7346.04 -7125.41
-7590.13 -7125.41
-7455.46 -7125.41
-7739.31 -7125.41
-7228.72 -7125.41
-7594.33 -7125.41
-7544.74 -7125.41
-7585.93 -7125.41
-7580.25 -7125.41
-7484.54 -7125.41
-7195.03 -7125.41
-7537.57 -7125.41
-7845.91 -7125.41
-7398.91 -7125.41
-7558.14 -7125.41
-7780.65 -7125.41
-7799.27 -7125.41
-7819.77 -7125.41
-7387.06 -7125.41
-7605.53 -7125.41
-7505.65 -7125.41
-7480.85 -7125.41
-7634.56 -7125.41
-7403.70 -7125.41
-7237.81 -7125.41
-7708.22 -7125.41
-7763.31 -7125.41
-7487.58 -7125.41
-7770.37 -7125.41
-7766.51 -7125.41
-7630.22 -7125.41
-7558.12 -7125.41
-7445.93 -7125.41
-7870.29 -7125.41
-7468.24 -7125.41
-7510.96 -7125.41
-7946.97 -7125.41
-7750.44 -7125.41
-7503.03 -7125.41
-7616.35 -7125.41
-7289.60 -7125.41
-8008.86 -7125.41
-7620.94 -7125.41
-7586.30 -7125.41
-7487.90 -7125.41
-7675.37 -7125.41
-7574.42 -7125.41
-7798.35 -7125.41
-7687.96 -7125.41
-7293.09 -7125.41
-7571.47 -7125.41
-7477.05 -7125.41
-7627.65 -7125.41
-7867.80 -7125.41
-7486.23 -7125.41
-7812.21 -7125.41
-7592.43 -7125.41
-7351.45 -7125.41
-7705.03 -7125.41
-7596.26 -7125.41
-7814.85 -7125.41
-7891.72 -7125.41
-7512.12 -7125.41
-7470.02 -7125.41
-7600.33 -7125.41
-7433.43 -7125.41
-7365.75 -7125.41
-7450.21 -7125.41
-7264.28 -7125.41
-7389.10 -7125.41
-7618.34 -7125.41
-7594.83 -7125.41
-7616.46 -7125.41
-7440.96 -7125.41
-7697.27 -7125.41
-7640.84 -7125.41
-7471.48 -7125.41
-7237.29 -7125.41
-7496.23 -7125.41
-7688.97 -7125.41
-7345.20 -7125.41
-7324.37 -7125.41
-7414.84 -7125.41
-7572.49 -7125.41
-7434.96 -7125.41
-7605.01 -7125.41
-7574.00 -7125.41
-7534.62 -7125.41
-7461.19 -7125.41
-7352.33 -7125.41
-7236.84 -7125.41
-7725.23 -7125.41
-7261.33 -7125.41
-7676.73 -7125.41
-7956.31 -7125.41
-7423.76 -7125.41
-7384.79 -7125.41
-8153.35 -8153.35
-7987.15 -7987.15
-8093.66 -7987.15
-8064.97 -7987.15
-8043.03 -7987.15
-8018.07 -7987.15
-8077.96 -7987.15
-8019.50 -7987.15
-7941.83 -7941.83
-7950.88 -7941.83
-8026.36 -7941.83
-8065.51 -7941.83
-7925.17 -7925.17
-7880.85 -7880.85
-7853.69 -7853.69
-8006.23 -7853.69
-7813.83 -7813.83
-7761.53 -7761.53
-7695.51 -7695.51
-7925.36 -7695.51
-7906.00 -7695.51
-7752.37 -7695.51
-7882.86 -7695.51
-7894.44 -7695.51
-7901.37 -7695.51
-7826.04 -7695.51
-7691.61 -7691.61
-7870.29 -7691.61
-7798.50 -7691.61
-7855.67 -7691.61
-7832.21 -7691.61
-7782.52 -7691.61
-7772.55 -7691.61
-7701.69 -7691.61
-7633.27 -7633.27
-7889.01 -7633.27
-7653.03 -7633.27
-7732.14 -7633.27
-7824.89 -7633.27
-7670.24 -7633.27
-7716.20 -7633.27
-7793.67 -7633.27
-7503.91 -7503.91
-7679.90 -7503.91
-7683.33 -7503.91
-7521.64 -7503.91
-7592.19 -7503.91
-7516.07 -7503.91
-7788.19 -7503.91
-7756.70 -7503.91
-7755.08 -7503.91
-7873.61 -7503.91
-7714.78 -7503.91
-7636.17 -7503.91
-7740.29 -7503.91
-7714.23 -7503.91
-7614.20 -7503.91
-7657.06 -7503.91
-7826.59 -7503.91
-7667.63 -7503.91
-7831.26 -7503.91
-7589.66 -7503.91
-7727.52 -7503.91
-7783.94 -7503.91
-7468.21 -7468.21
-7562.23 -7468.21
-7884.84 -7468.21
-7701.45 -7468.21
-7800.69 -7468.21
-7666.15 -7468.21
-7642.01 -7468.21
-7781.32 -7468.21
-7860.89 -7468.21
-7659.03 -7468.21
-7795.76 -7468.21
-7857.24 -7468.21
-7653.43 -7468.21
-7456.21 -7456.21
-7647.08 -7456.21
-7666.86 -7456.21
-7569.28 -7456.21
-7571.24 -7456.21
-7600.91 -7456.21
-7544.47 -7456.21
-7745.33 -7456.21
-7445.54 -7445.54
-7744.42 -7445.54
-7770.28 -7445.54
-7647.36 -7445.54
-7462.92 -7445.54
-7592.80 -7445.54
-7748.19 -7445.54
-7601.34 -7445.54
-7561.94 -7445.54
-7715.27 -7445.54
-7458.00 -7445.54
-7742.68 -7445.54
-7527.10 -7445.54
-7636.04 -7445.54
-7841.83 -7445.54
-7690.84 -7445.54
-7780.16 -7445.54
-7687.35 -7445.54
-7585.45 -7445.54
-7641.38 -7445.54
-7757.49 -7445.54
-7539.17 -7445.54
-7762.21 -7445.54
-7498.95 -7445.54
-7482.51 -7445.54
-7632.40 -7445.54
-7460.39 -7445.54
-7839.61 -7445.54
-7650.91 -7445.54
-7445.34 -7445.34
-7798.21 -7445.34
-7778.86 -7445.34
-7797.95 -7445.34
-7592.47 -7445.34
-7503.45 -7445.34
-7578.17 -7445.34
-8072.66 -7445.34
-7419.15 -7419.15
-7662.68 -7419.15
-7750.39 -7419.15
-7386.50 -7386.50
-7776.76 -7386.50
-7298.00 -7298.00
-7733.83 -7298.00
-7586.53 -7298.00
-7331.20 -7298.00
-7632.87 -7298.00
-7131.26 -7131.26
-7669.24 -7131.26
-7616.46 -7131.26
-7662.32 -7131.26
-7330.12 -7131.26
-7446.16 -7131.26
-7605.23 -7131.26
-7332.78 -7131.26
-7076.27 -7076.27
-7600.60 -7076.27
-7591.44 -7076.27
-7015.80 -7015.80
-7544.77 -7015.80
-7722.83 -7015.80
-7745.00 -7015.80
-7656.12 -7015.80
-7367.99 -7015.80
-7695.58 -7015.80
-6979.77 -6979.77
-7310.30 -6979.77
-7745.35 -6979.77
-7718.59 -6979.77
-7330.00 -6979.77
-7650.10 -6979.77
-7721.02 -6979.77
-7441.35 -6979.77
-7546.16 -6979.77
-7573.18 -6979.77
-7622.44 -6979.77
-7461.84 -6979.77
-6858.09 -6858.09
-7179.04 -6858.09
-7374.06 -6858.09
-7154.05 -6858.09
-7449.56 -6858.09
-7712.28 -6858.09
-7587.70 -6858.09
-7553.19 -6858.09
-7082.81 -6858.09
-7278.01 -6858.09
-7699.43 -6858.09
-7305.24 -6858.09
-7812.97 -6858.09
-7245.05 -6858.09
-7473.46 -6858.09
-7083.74 -6858.09
-7208.32 -6858.09
-7079.71 -6858.09
-7225.21 -6858.09
-7588.71 -6858.09
-7264.94 -6858.09
-7182.84 -6858.09
-7541.97 -6858.09
-7196.40 -6858.09
-6997.25 -6858.09
-7763.38 -6858.09
-6700.48 -6700.48
-7143.12 -6700.48
-7656.56 -6700.48
-7560.64 -6700.48
-7699.52 -6700.48
-7650.55 -6700.48
-7388.06 -6700.48
-7495.01 -6700.48
-7601.16 -6700.48
-7391.76 -6700.48
-7676.46 -6700.48
-7671.10 -6700.48
-7582.65 -6700.48
-7021.96 -6700.48
-7367.24 -6700.48
-7189.28 -6700.48
-7394.52 -6700.48
-7177.09 -6700.48
-7630.30 -6700.48
-7573.49 -6700.48
-7948.95 -6700.48
-7341.61 -6700.48
-7397.33 -6700.48
-7702.44 -6700.48
-7239.31 -6700.48
-7438.16 -6700.48
-7416.63 -6700.48
-7383.03 -6700.48
-7470.12 -6700.48
-6883.53 -6700.48
-7862.69 -6700.48
-6976.27 -6700.48
-7082.13 -6700.48
-7502.75 -6700.48
-7501.19 -6700.48
-7705.38 -6700.48
-7450.44 -6700.48
-7653.15 -6700.48
-7487.68 -6700.48
-7634.26 -6700.48
-7148.02 -6700.48
-7692.38 -6700.48
-7567.61 -6700.48
-7655.95 -6700.48
-7086.43 -6700.48
-7527.80 -6700.48
-7633.20 -6700.48
-6940.44 -6700.48
-7587.18 -6700.48
-7436.37 -6700.48
-7385.04 -6700.48
-7515.53 -6700.48
-7441.19 -6700.48
-7048.03 -6700.48
-7399.39 -6700.48
-7351.26 -6700.48
-7570.46 -6700.48
-7581.01 -6700.48
-7104.96 -6700.48
-7536.84 -6700.48
-7666.74 -6700.48
-7015.58 -6700.48
-7469.13 -6700.48
-7570.07 -6700.48
-7699.42 -6700.48
-7515.57 -6700.48
-7732.12 -6700.48
-7377.70 -6700.48
-7776.48 -6700.48
-7070.06 -6700.48
-7668.54 -6700.48
-7529.87 -6700.48
-7779.85 -6700.48
-7539.67 -6700.48
-7912.18 -6700.48
-7566.79 -6700.48
-7403.05 -6700.48
-6780.33 -6700.48
-7896.74 -6700.48
-7450.60 -6700.48
-7481.43 -6700.48
-7062.70 -6700.48
-7506.96 -6700.48
-7778.62 -6700.48
-7658.46 -6700.48
-7120.82 -6700.48
-7179.97 -6700.48
-7593.45 -6700.48
-7661.69 -6700.48
-7536.90 -6700.48
-7250.71 -6700.48
-7148.08 -6700.48
-6963.29 -6700.48
-7453.21 -6700.48
-7615.64 -6700.48
-7312.56 -6700.48
-7432.65 -6700.48
-7710.26 -6700.48
-7419.62 -6700.48
-7635.66 -6700.48
-7682.73 -6700.48
-7581.07 -6700.48
-7478.92 -6700.48
-7278.70 -6700.48
-7403.38 -6700.48
-7202.06 -6700.48
-7699.40 -6700.48
-7725.80 -6700.48
-6938.53 -6700.48
-7397.92 -6700.48
-7264.92 -6700.48
-7151.57 -6700.48
-7674.55 -6700.48
-7246.99 -6700.48
-7441.11 -6700.48
-7169.01 -6700.48
-7805.91 -6700.48
-7158.30 -6700.48
-7658.71 -6700.48
-7620.32 -6700.48
-6977.57 -6700.48
-6689.55 -6689.55
-7544.76 -6689.55
-7365.00 -6689.55
-6872.32 -6689.55
-7503.91 -6689.55
-7432.15 -6689.55
-7448.86 -6689.55
-7569.51 -6689.55
-7501.44 -6689.55
-7573.10 -6689.55
-7136.28 -6689.55
-7720.10 -6689.55
-7699.89 -6689.55
-7515.25 -6689.55
-7542.05 -6689.55
-7219.18 -6689.55
-7322.41 -6689.55
-7675.32 -6689.55
-7392.79 -6689.55
-6912.47 -6689.55
-7386.97 -6689.55
-7279.82 -6689.55
-7421.79 -6689.55
-6996.99 -6689.55
-6866.30 -6689.55
-7474.51 -6689.55
-7660.57 -6689.55
-7301.29 -6689.55
-7744.37 -6689.55
-7737.38 -6689.55
-7400.04 -6689.55
-7452.75 -6689.55
-6942.04 -6689.55
-7333.27 -6689.55
-7914.72 -6689.55
-7443.12 -6689.55
-7425.12 -6689.55
-7439.73 -6689.55
-7462.00 -6689.55
-7477.42 -6689.55
-7712.30 -6689.55
-7071.41 -6689.55
-7460.49 -6689.55
-7224.24 -6689.55
-7699.30 -6689.55
-7525.55 -6689.55
-7428.25 -6689.55
-7496.59 -6689.55
-7288.70 -6689.55
-6897.19 -6689.55
-7062.88 -6689.55
-7087.93 -6689.55
-7515.94 -6689.55
-7533.94 -6689.55
-7229.87 -6689.55
-7433.97 -6689.55
-7699.64 -6689.55
-7153.54 -6689.55
-7637.26 -6689.55
-7293.64 -6689.55
-7618.72 -6689.55
-7531.33 -6689.55
-7687.90 -6689.55
-7108.13 -6689.55
-7703.79 -6689.55
-7399.73 -6689.55
-7127.53 -6689.55
-7589.67 -6689.55
-7551.10 -6689.55
-7562.14 -6689.55
-7380.76 -6689.55
-7675.42 -6689.55
-7471.93 -6689.55
-6842.43 -6689.55
-7591.84 -6689.55
-7572.07 -6689.55
-7750.62 -6689.55
-7017.38 -6689.55
-7657.57 -6689.55
-7593.33 -6689.55
-7586.96 -6689.55
-7313.28 -6689.55
-7392.18 -6689.55
-7741.33 -6689.55
-7537.77 -6689.55
-7340.31 -6689.55
-7375.36 -6689.55
-7589.41 -6689.55
-7662.09 -6689.55
-7676.89 -6689.55
-7153.52 -6689.55
-7375.63 -6689.55
-7654.37 -6689.55
-7412.80 -6689.55
-7506.33 -6689.55
-7629.27 -6689.55
-7484.33 -6689.55
-7026.27 -6689.55
-7920.19 -6689.55
-7513.11 -6689.55
-7303.94 -6689.55
-7260.71 -6689.55
-7324.08 -6689.55
-7622.79 -6689.55
-7609.17 -6689.55
-7451.42 -6689.55
-7394.87 -6689.55
-8077.17 -6689.55
-8104.31 -6689.55
-8025.43 -8025.43
-8085.07 -8025.43
-7973.82 -7973.82
-7766.42 -7766.42
-8020.45 -7766.42
-7841.36 -7766.42
-7890.96 -7766.42
-7849.59 -7766.42
-7809.92 -7766.42
-7896.05 -7766.42
-7688.28 -7688.28
-7850.73 -7688.28
-7794.67 -7688.28
-7751.31 -7688.28
-7849.94 -7688.28
-7627.60 -7627.60
-7661.93 -7627.60
-7848.73 -7627.60
-7757.85 -7627.60
-7948.96 -7627.60
-7837.33 -7627.60
-7738.19 -7627.60
-7797.29 -7627.60
-7772.49 -7627.60
-7677.48 -7627.60
-7946.48 -7627.60
-7823.70 -7627.60
-7707.91 -7627.60
-7732.44 -7627.60
-7674.72 -7627.60
-7679.49 -7627.60
-7795.07 -7627.60
-7727.15 -7627.60
-7816.27 -7627.60
-7727.45 -7627.60
-7668.05 -7627.60
-7581.79 -7581.79
-7815.95 -7581.79
-7619.93 -7581.79
-7739.64 -7581.79
-7564.87 -7564.87
-7717.74 -7564.87
-7545.91 -7545.91
-7714.57 -7545.91
-7527.83 -7527.83
-7939.83 -7527.83
-7719.99 -7527.83
-7816.76 -7527.83
-7533.51 -7527.83
-7807.19 -7527.83
-7536.26 -7527.83
-7607.80 -7527.83
-7498.08 -7498.08
-7832.51 -7498.08
-7537.16 -7498.08
-7609.98 -7498.08
-7504.59 -7498.08
-7741.14 -7498.08
-7689.79 -7498.08
-7563.43 -7498.08
-7768.92 -7498.08
-7778.81 -7498.08
-7994.96 -7498.08
-7726.84 -7498.08
-7556.44 -7498.08
-7266.52 -7266.52
-7755.03 -7266.52
-7554.35 -7266.52
-7443.88 -7266.52
-7697.60 -7266.52
-7405.70 -7266.52
-7606.65 -7266.52
-7903.02 -7266.52
-7631.49 -7266.52
-7530.81 -7266.52
-7902.93 -7266.52
-7554.65 -7266.52
-7464.25 -7266.52
-7691.07 -7266.52
-7854.98 -7266.52
-7908.32 -7266.52
-7701.10 -7266.52
-7391.46 -7266.52
-7651.34 -7266.52
-7627.56 -7266.52
-7448.76 -7266.52
-7636.56 -7266.52
-7508.90 -7266.52
-7811.35 -7266.52
-7645.58 -7266.52
-7842.19 -7266.52
-7717.34 -7266.52
-7702.84 -7266.52
-7624.67 -7266.52
-7556.99 -7266.52
-7592.52 -7266.52
-7632.58 -7266.52
-7376.28 -7266.52
-7628.28 -7266.52
-7571.00 -7266.52
-7736.75 -7266.52
-7636.73 -7266.52
-7502.38 -7266.52
-7816.20 -7266.52
-7615.51 -7266.52
-7843.60 -7266.52
-7425.66 -7266.52
-7749.25 -7266.52
-7361.71 -7266.52
-7470.62 -7266.52
-7566.03 -7266.52
-7754.47 -7266.52
-7748.96 -7266.52
-7444.54 -7266.52
-7769.37 -7266.52
-7737.25 -7266.52
-7614.26 -7266.52
-7284.03 -7266.52
-7673.24 -7266.52
-7670.80 -7266.52
-7655.20 -7266.52
-7580.47 -7266.52
-7750.60 -7266.52
-7487.32 -7266.52
-7481.59 -7266.52
-7826.83 -7266.52
-7587.37 -7266.52
-7846.26 -7266.52
-7616.47 -7266.52
-7579.51 -7266.52
-7746.89 -7266.52
-7356.73 -7266.52
-7672.31 -7266.52
-7589.11 -7266.52
-7533.31 -7266.52
-7752.75 -7266.52
-7708.92 -7266.52
-7816.91 -7266.52
-7611.86 -7266.52
-7776.61 -7266.52
-7645.91 -7266.52
-7704.67 -7266.52
-7456.45 -7266.52
-7423.55 -7266.52
-7772.92 -7266.52
-7606.31 -7266.52
-7616.03 -7266.52
-7602.92 -7266.52
-7484.62 -7266.52
-7372.77 -7266.52
-7461.72 -7266.52
-7443.39 -7266.52
-7563.98 -7266.52
-7698.92 -7266.52
-7616.86 -7266.52
-7555.30 -7266.52
-7590.09 -7266.52
-7592.41 -7266.52
-7479.72 -7266.52
-7777.07 -7266.52
-7696.31 -7266.52
-7696.96 -7266.52
-8015.80 -7266.52
-7492.92 -7266.52
-7470.22 -7266.52
-7457.10 -7266.52
-7786.91 -7266.52
-7543.96 -7266.52
-7602.52 -7266.52
-7837.88 -7266.52
-7584.66 -7266.52
-7529.86 -7266.52
-7761.40 -7266.52
-7749.08 -7266.52
-7483.79 -7266.52
-7398.01 -7266.52
-7648.54 -7266.52
-7892.62 -7266.52
-7490.90 -7266.52
-7691.92 -7266.52
-7616.45 -7266.52
-7662.56 -7266.52
-7510.47 -7266.52
-7603.50 -7266.52
-7652.90 -7266.52
-7613.56 -7266.52
-7787.92 -7266.52
-7481.77 -7266.52
-7433.67 -7266.52
-7843.15 -7266.52
-7635.45 -7266.52
-7507.87 -7266.52
-7584.77 -7266.52
-7525.50 -7266.52
-7783.85 -7266.52
-7500.65 -7266.52
-7675.39 -7266.52
-7612.61 -7266.52
-7406.29 -7266.52
-7761.36 -7266.52
-7682.63 -7266.52
-7561.00 -7266.52
-7546.81 -7266.52
-7574.37 -7266.52
-7588.89 -7266.52
-7640.39 -7266.52
-7401.65 -7266.52
-7635.35 -7266.52
-7678.89 -7266.52
-7346.64 -7266.52
-7706.73 -7266.52
-7571.11 -7266.52
-7449.81 -7266.52
-7766.44 -7266.52
-7600.78 -7266.52
-7626.59 -7266.52
-7805.67 -7266.52
-7398.73 -7266.52
-7616.50 -7266.52
-7765.28 -7266.52
-7457.41 -7266.52
-7933.89 -7266.52
-7773.21 -7266.52
-7362.22 -7266.52
-7952.08 -7266.52
-7589.16 -7266.52
-7300.69 -7266.52
-7524.63 -7266.52
-7640.72 -7266.52
-7539.55 -7266.52
-7457.30 -7266.52
-7719.58 -7266.52
-7615.31 -7266.52
-7667.05 -7266.52
-7460.98 -7266.52
-7801.29 -7266.52
-7578.09 -7266.52
-7484.08 -7266.52
-7551.07 -7266.52
-7841.87 -7266.52
-7769.12 -7266.52
-7696.76 -7266.52
-7832.50 -7266.52
-7637.10 -7266.52
-7553.66 -7266.52
-7615.87 -7266.52
-7654.30 -7266.52
-7555.52 -7266.52
-7381.22 -7266.52
-7847.80 -7266.52
-7585.35 -7266.52
-7863.14 -7266.52
-7448.72 -7266.52
-7822.89 -7266.52
-7767.61 -7266.52
-7763.19 -7266.52
-7859.11 -7266.52
-7664.23 -7266.52
-7988.83 -7266.52
-7639.88 -7266.52
-7571.69 -7266.52
-7747.88 -7266.52
-7794.57 -7266.52
-7614.77 -7266.52
-7731.09 -7266.52
-7642.70 -7266.52
-7593.60 -7266.52
-7457.30 -7266.52
-7758.04 -7266.52
-7530.59 -7266.52
-7640.30 -7266.52
-7651.61 -7266.52
-7870.36 -7266.52
-7748.87 -7266.52
-7473.12 -7266.52
-7493.45 -7266.52
-7328.45 -7266.52
-7670.20 -7266.52
-7733.80 -7266.52
-7688.32 -7266.52
-7551.88 -7266.52
-7788.61 -7266.52
-7649.04 -7266.52
-7475.37 -7266.52
-7630.30 -7266.52
-7658.83 -7266.52
-7605.12 -7266.52
-7379.83 -7266.52
-7661.07 -7266.52
-7571.60 -7266.52
-7548.85 -7266.52
-8048.40 -7266.52
-7575.11 -7266.52
-7862.08 -7266.52
-7714.33 -7266.52
-7456.63 -7266.52
-7752.55 -7266.52
-7788.40 -7266.52
-7824.76 -7266.52
-7738.28 -7266.52
-7901.43 -7266.52
-7342.51 -7266.52
-7614.48 -7266.52
-7787.73 -7266.52
-7552.63 -7266.52
-7392.16 -7266.52
-7817.88 -7266.52
-7694.98 -7266.52
-7586.38 -7266.52
-7648.56 -7266.52
-7544.12 -7266.52
-7628.95 -7266.52
-7525.11 -7266.52
-7907.69 -7266.52
-7479.45 -7266.52
-7572.02 -7266.52
-7484.83 -7266.52
-7866.49 -7266.52
-7828.61 -7266.52
-7282.08 -7266.52
-7666.92 -7266.52
-7551.42 -7266.52
-7410.22 -7266.52
-7616.36 -7266.52
-7572.44 -7266.52
-7386.58 -7266.52
-7410.26 -7266.52
-7799.38 -7266.52
-7767.26 -7266.52
-7696.53 -7266.52
-7565.13 -7266.52
-7471.09 -7266.52
-7760.16 -7266.52
-7773.23 -7266.52
-7395.75 -7266.52
-7702.05 -7266.52
-7789.08 -7266.52
-7825.77 -7266.52
-7721.43 -7266.52
-7879.13 -7266.52
-7645.49 -7266.52
-7759.71 -7266.52
-7567.67 -7266.52
-7506.14 -7266.52
-7565.30 -7266.52
-7596.22 -7266.52
-7540.71 -7266.52
-7827.99 -7266.52
-7819.02 -7266.52
-7738.04 -7266.52
-8009.83 -7266.52
-7398.59 -7266.52
-7412.85 -7266.52
-7430.44 -7266.52
-7756.09 -7266.52
-7629.27 -7266.52
-7534.90 -7266.52
-7609.99 -7266.52
-7619.81 -7266.52
-7558.28 -7266.52
-7684.37 -7266.52
-7768.26 -7266.52
-7795.26 -7266.52
-7559.01 -7266.52
-7455.51 -7266.52
-7956.21 -7266.52
-7655.49 -7266.52
-7637.49 -7266.52
-7425.24 -7266.52
-7547.80 -7266.52
-7634.51 -7266.52
-7657.56 -7266.52
-7538.04 -7266.52
-7474.98 -7266.52
-7787.95 -7266.52
-7472.65 -7266.52
-7614.02 -7266.52
-7484.71 -7266.52
-7384.22 -7266.52
-7976.11 -7266.52
-7563.31 -7266.52
-7789.91 -7266.52
-7668.06 -7266.52
-7713.82 -7266.52
-7776.65 -7266.52
-7368.53 -7266.52
-7458.87 -7266.52
-7484.44 -7266.52
-7580.03 -7266.52
-7694.44 -7266.52
-7579.68 -7266.52
-7365.65 -7266.52
-7594.03 -7266.52
-7530.61 -7266.52
-7739.51 -7266.52
-7768.74 -7266.52
-7606.44 -7266.52
-7514.46 -7266.52
-7506.59 -7266.52
-7839.89 -7266.52
-7404.95 -7266.52
-7618.59 -7266.52
-7735.40 -7266.52
-7817.01 -7266.52
-7874.83 -7266.52
-7512.39 -7266.52
-7811.40 -7266.52
-7699.91 -7266.52
-7516.33 -7266.52
-7445.47 -7266.52
-7713.17 -7266.52
-7545.13 -7266.52
-7517.86 -7266.52
-7427.88 -7266.52
-8126.37 -7266.52
-8121.39 -7266.52
-8049.42 -7266.52
-8050.16 -7266.52
-8022.98 -8022.98
-8085.71 -8022.98
-8054.94 -8022.98
-8172.41 -8022.98
-8101.78 -8022.98
-8032.46 -8022.98
-8053.77 -8022.98
-7991.78 -7991.78
-7927.70 -7927.70
-8023.67 -7927.70
-8054.38 -7927.70
-8060.69 -7927.70
-7999.64 -7927.70
-8022.86 -7927.70
-7942.27 -7927.70
-7998.04 -7927.70
-8009.95 -7927.70
-7884.37 -7884.37
-8017.94 -7884.37
-8008.66 -7884.37
-7871.84 -7871.84
-7879.51 -7871.84
-7862.13 -7862.13
-7642.87 -7642.87
-7788.90 -7642.87
-7666.38 -7642.87
-7576.14 -7576.14
-7792.93 -7576.14
-7402.45 -7402.45
-7749.20 -7402.45
-7619.45 -7402.45
-7627.45 -7402.45
-7666.02 -7402.45
-7622.32 -7402.45
-7764.18 -7402.45
-7785.17 -7402.45
-7562.00 -7402.45
-7371.59 -7371.59
-7693.08 -7371.59
-7609.43 -7371.59
-7509.45 -7371.59
-7173.88 -7173.88
-7219.90 -7173.88
-7542.81 -7173.88
-7569.03 -7173.88
-7801.92 -7173.88
-7764.98 -7173.88
-7686.10 -7173.88
-7676.66 -7173.88
-7373.85 -7173.88
-7424.15 -7173.88
-7460.99 -7173.88
-7837.82 -7173.88
-7791.35 -7173.88
-7259.62 -7173.88
-7912.03 -7173.88
-7633.89 -7173.88
-7430.74 -7173.88
-7327.01 -7173.88
-7527.73 -7173.88
-7752.48 -7173.88
-7490.31 -7173.88
-7516.19 -7173.88
-7647.86 -7173.88
-7537.61 -7173.88
-7692.45 -7173.88
-7519.93 -7173.88
-7663.61 -7173.88
-7368.38 -7173.88
-7368.29 -7173.88
-7865.68 -7173.88
-7640.76 -7173.88
-7475.68 -7173.88
-7833.80 -7173.88
-7811.79 -7173.88
-7322.83 -7173.88
-7279.38 -7173.88
-7546.63 -7173.88
-7426.65 -7173.88
-7779.19 -7173.88
-7513.77 -7173.88
-7392.13 -7173.88
-7279.98 -7173.88
-7583.53 -7173.88
-7591.70 -7173.88
-7490.15 -7173.88
-7888.82 -7173.88
-7809.08 -7173.88
-7839.25 -7173.88
-7508.05 -7173.88
-7501.31 -7173.88
-7583.95 -7173.88
-7618.85 -7173.88
-7431.04 -7173.88
-7668.37 -7173.88
-7661.29 -7173.88
-7662.59 -7173.88
-7727.66 -7173.88
-7292.49 -7173.88
-7715.97 -7173.88
-7468.66 -7173.88
-7797.14 -7173.88
-7505.16 -7173.88
-7470.21 -7173.88
-7242.62 -7173.88
-7394.45 -7173.88
-7649.37 -7173.88
-7743.48 -7173.88
-7331.64 -7173.88
-7807.97 -7173.88
-7284.79 -7173.88
-7516.52 -7173.88
-7280.12 -7173.88
-7410.77 -7173.88
-7514.53 -7173.88
-7632.23 -7173.88
-7890.70 -7173.88
-7438.26 -7173.88
-7558.18 -7173.88
-7705.29 -7173.88
-7821.29 -7173.88
-7684.20 -7173.88
-7389.88 -7173.88
-7218.46 -7173.88
-7427.90 -7173.88
-7785.99 -7173.88
-7393.92 -7173.88
-7545.51 -7173.88
-7404.12 -7173.88
-7251.05 -7173.88
-7336.52 -7173.88
-7386.07 -7173.88
-7428.06 -7173.88
-7241.48 -7173.88
-7898.36 -7173.88
-7368.65 -7173.88
-7564.72 -7173.88
-7679.99 -7173.88
-7356.49 -7173.88
-7623.97 -7173.88
-7792.60 -7173.88
-7785.98 -7173.88
-7494.45 -7173.88
-7506.67 -7173.88
-7872.13 -7173.88
-7581.89 -7173.88
-7532.95 -7173.88
-7363.40 -7173.88
-7644.80 -7173.88
-7471.49 -7173.88
-7435.40 -7173.88
-7937.77 -7173.88
-7449.20 -7173.88
-7570.11 -7173.88
-7837.96 -7173.88
-7493.84 -7173.88
-7496.72 -7173.88
-7668.62 -7173.88
-7514.05 -7173.88
-7713.86 -7173.88
-7967.08 -7173.88
-7371.12 -7173.88
-7736.49 -7173.88
-7369.07 -7173.88
-7326.46 -7173.88
-7529.40 -7173.88
-7654.54 -7173.88
-7699.66 -7173.88
-7527.14 -7173.88
-7626.84 -7173.88
-7203.90 -7173.88
-7241.41 -7173.88
-7577.03 -7173.88
-7731.52 -7173.88
-7514.95 -7173.88
-7616.74 -7173.88
-7222.24 -7173.88
-7691.55 -7173.88
-7464.56 -7173.88
-7580.77 -7173.88
-7589.03 -7173.88
-7646.40 -7173.88
-7399.55 -7173.88
-7244.11 -7173.88
-7469.65 -7173.88
-7456.53 -7173.88
-7449.03 -7173.88
-7417.95 -7173.88
-7322.36 -7173.88
-7544.31 -7173.88
-7861.07 -7173.88
-7751.67 -7173.88
-7936.58 -7173.88
-7599.19 -7173.88
-7680.03 -7173.88
-7625.06 -7173.88
-7531.16 -7173.88
-7371.98 -7173.88
-7457.80 -7173.88
-7707.43 -7173.88
-7383.48 -7173.88
-7465.97 -7173.88
-7594.77 -7173.88
-7870.97 -7173.88
-7397.08 -7173.88
-7627.06 -7173.88
-7813.95 -7173.88
-7614.26 -7173.88
-7776.28 -7173.88
-7915.38 -7173.88
-7505.65 -7173.88
-7329.96 -7173.88
-7853.13 -7173.88
-7655.58 -7173.88
-7597.68 -7173.88
-7532.30 -7173.88
-7323.72 -7173.88
-7992.72 -7173.88
-7304.16 -7173.88
-7562.91 -7173.88
-7561.61 -7173.88
-7654.91 -7173.88
-7463.59 -7173.88
-7657.73 -7173.88
-7224.84 -7173.88
-7669.01 -7173.88
-7806.81 -7173.88
-7587.33 -7173.88
-6999.72 -6999.72
-7090.38 -6999.72
-7421.18 -6999.72
-7177.65 -6999.72
-7553.46 -6999.72
-7391.86 -6999.72
-7869.07 -6999.72
-7438.08 -6999.72
-7521.51 -6999.72
-7496.43 -6999.72
-7595.28 -6999.72
-7277.32 -6999.72
-7678.81 -6999.72
-7734.04 -6999.72
-7623.50 -6999.72
-7359.19 -6999.72
-7532.37 -6999.72
-7327.58 -6999.72
-7356.92 -6999.72
-7331.80 -6999.72
-7334.56 -6999.72
-7371.60 -6999.72
-7465.62 -6999.72
-7637.61 -6999.72
-7625.00 -6999.72
-7577.11 -6999.72
-7735.88 -6999.72
-7639.76 -6999.72
-7722.49 -6999.72
-7624.75 -6999.72
-7325.65 -6999.72
-6988.62 -6988.62
-7596.40 -6988.62
-7631.77 -6988.62
-7334.95 -6988.62
-7475.74 -6988.62
-7571.18 -6988.62
-7475.28 -6988.62
-7729.52 -6988.62
-7707.00 -6988.62
-7208.53 -6988.62
-7354.42 -6988.62
-7531.77 -6988.62
-7363.93 -6988.62
-7626.55 -6988.62
-7146.46 -6988.62
-7799.22 -6988.62
-7676.71 -6988.62
-7611.51 -6988.62
-7620.60 -6988.62
-7544.02 -6988.62
-7347.80 -6988.62
-7568.94 -6988.62
-7744.82 -6988.62
-7214.75 -6988.62
-7421.99 -6988.62
-7330.12 -6988.62
-7757.59 -6988.62
-7677.77 -6988.62
-7421.44 -6988.62
-7569.40 -6988.62
-7384.94 -6988.62
-7308.66 -6988.62
-7986.66 -6988.62
-7750.86 -6988.62
-7435.15 -6988.62
-7340.55 -6988.62
-7455.10 -6988.62
-7253.27 -6988.62
-7373.69 -6988.62
-7486.19 -6988.62
-7292.91 -6988.62
-7570.02 -6988.62
-7627.77 -6988.62
-7535.27 -6988.62
-7457.40 -6988.62
-7644.87 -6988.62
-7926.85 -6988.62
-7714.73 -6988.62
-7733.52 -6988.62
-7551.19 -6988.62
-7757.22 -6988.62
-7639.63 -6988.62
-7756.33 -6988.62
-7587.43 -6988.62
-7583.07 -6988.62
-7371.72 -6988.62
-7506.50 -6988.62
-7511.41 -6988.62
-7409.98 -6988.62
-7483.78 -6988.62
-7318.22 -6988.62
-7503.99 -6988.62
-7112.47 -6988.62
-7502.07 -6988.62
-7788.69 -6988.62
-7597.84 -6988.62
-7465.64 -6988.62
-7798.72 -6988.62
-7587.05 -6988.62
-7780.10 -6988.62
-7382.65 -6988.62
-7798.40 -6988.62
-7391.15 -6988.62
-7696.41 -6988.62
-7329.00 -6988.62
-7683.22 -6988.62
-7331.76 -6988.62
-7290.04 -6988.62
-7569.66 -6988.62
-7457.68 -6988.62
-7488.70 -6988.62
-7741.31 -6988.62
-7314.60 -6988.62
-7755.20 -6988.62
-7530.27 -6988.62
-7504.72 -6988.62
-7672.07 -6988.62
-7532.17 -6988.62
-7843.49 -6988.62
-7742.11 -6988.62
-7598.44 -6988.62
-7393.45 -6988.62
-7483.26 -6988.62
-7658.68 -6988.62
-7285.27 -6988.62
-7367.11 -6988.62
-7617.65 -6988.62
-7509.67 -6988.62
-7188.39 -6988.62
-7708.40 -6988.62
-7451.02 -6988.62
-7395.28 -6988.62
-7312.35 -6988.62
-7098.07 -6988.62
-7595.16 -6988.62
-7730.63 -6988.62
-7582.44 -6988.62
-7582.54 -6988.62
-7345.94 -6988.62
-7148.65 -6988.62
-7598.27 -6988.62
-7510.48 -6988.62
-7563.78 -6988.62
-7764.15 -6988.62
-7656.20 -6988.62
-7336.97 -6988.62
-7343.94 -6988.62
-7627.46 -6988.62
-7741.36 -6988.62
-7457.81 -6988.62
-7727.18 -6988.62
-7101.16 -6988.62
-7767.57 -6988.62
-7880.74 -6988.62
-7454.64 -6988.62
-7538.21 -6988.62
-7531.85 -6988.62
-7353.26 -6988.62
-7421.13 -6988.62
-7275.80 -6988.62
-7238.69 -6988.62
-7337.99 -6988.62
-7583.55 -6988.62
-7688.02 -6988.62
-7541.65 -6988.62
-7534.03 -6988.62
-7598.76 -6988.62
-7694.33 -6988.62
-7539.69 -6988.62
-7486.30 -6988.62
-7405.51 -6988.62
-7379.95 -6988.62
-7462.64 -6988.62
-7276.22 -6988.62
-7451.46 -6988.62
-7958.15 -6988.62
-7448.82 -6988.62
-7894.17 -6988.62
-7263.96 -6988.62
-7651.18 -6988.62
-7227.11 -6988.62
-7487.64 -6988.62
-7499.13 -6988.62
-8055.24 -8055.24
-8018.91 -8018.91
-8063.69 -8018.91
-7881.88 -7881.88
-7932.35 -7881.88
-7939.94 -7881.88
-7977.04 -7881.88
-7898.31 -7881.88
-7865.15 -7865.15
-7941.44 -7865.15
-7892.15 -7865.15
-7884.01 -7865.15
-7912.43 -7865.15
-7821.35 -7821.35
-7826.13 -7821.35
-7821.68 -7821.68
-7934.82 -7821.68
-7833.47 -7821.68
-7745.99 -7745.99
-7724.01 -7724.01
-7941.68 -7724.01
-7762.26 -7724.01
-7836.48 -7724.01
-7731.43 -7724.01
-7692.49 -7692.49
-7816.23 -7692.49
-7772.97 -7692.49
-7744.06 -7692.49
-7714.71 -7692.49
-7716.34 -7692.49
-7808.42 -7692.49
-7725.35 -7692.49
-7646.86 -7646.86
-7838.82 -7646.86
-7711.16 -7646.86
-7723.86 -7646.86
-7828.79 -7646.86
-7693.86 -7646.86
-7790.24 -7646.86
-7665.65 -7646.86
-7518.23 -7518.23
-7885.97 -7518.23
-7724.59 -7518.23
-7740.17 -7518.23
-7724.80 -7518.23
-7962.90 -7518.23
-7837.41 -7518.23
-7617.99 -7518.23
-7839.21 -7518.23
-7785.70 -7518.23
-7364.25 -7364.25
-7559.80 -7364.25
-7749.10 -7364.25
-7341.09 -7341.09
-7628.91 -7341.09
-7652.91 -7341.09
-7284.65 -7284.65
-7632.90 -7284.65
-7682.74 -7284.65
-7844.91 -7284.65
-7406.45 -7284.65
-7447.74 -7284.65
-7679.70 -7284.65
-7783.33 -7284.65
-7509.93 -7284.65
-7558.83 -7284.65
-7446.50 -7284.65
-7927.92 -7284.65
-7490.05 -7284.65
-7723.47 -7284.65
-7378.83 -7284.65
-7790.97 -7284.65
-7623.60 -7284.65
-7743.66 -7284.65
-7718.40 -7284.65
-7744.95 -7284.65
-7701.17 -7284.65
-7609.51 -7284.65
-7840.93 -7284.65
-7523.52 -7284.65
-7631.66 -7284.65
-7612.66 -7284.65
-7771.83 -7284.65
-7899.85 -7284.65
-7620.74 -7284.65
-7735.90 -7284.65
-7754.37 -7284.65
-7506.63 -7284.65
-7390.21 -7284.65
-7494.52 -7284.65
-7439.08 -7284.65
-7696.94 -7284.65
-7829.05 -7284.65
-7840.87 -7284.65
-7449.46 -7284.65
-7656.38 -7284.65
-7550.84 -7284.65
-7707.99 -7284.65
-7367.32 -7284.65
-7340.34 -7284.65
-7681.15 -7284.65
-7658.34 -7284.65
-7543.53 -7284.65
-7496.92 -7284.65
-7852.07 -7284.65
-7348.72 -7284.65
-7568.85 -7284.65
-7937.93 -7284.65
-7661.15 -7284.65
-7491.05 -7284.65
-7704.98 -7284.65
-7476.92 -7284.65
-7471.97 -7284.65
-7793.92 -7284.65
-7840.52 -7284.65
-7444.62 -7284.65
-7581.12 -7284.65
-7412.56 -7284.65
-7465.00 -7284.65
-7791.52 -7284.65
-7673.63 -7284.65
-7734.56 -7284.65
-7374.00 -7284.65
-7626.33 -7284.65
-7594.17 -7284.65
-7498.51 -7284.65
-7568.65 -7284.65
-7706.12 -7284.65
-7745.54 -7284.65
-7847.68 -7284.65
-7767.18 -7284.65
-7539.45 -7284.65
-7847.17 -7284.65
-7578.52 -7284.65
-7601.00 -7284.65
-7735.57 -7284.65
-7596.42 -7284.65
-7694.54 -7284.65
-7869.59 -7284.65
-7834.37 -7284.65
-7539.12 -7284.65
-7779.12 -7284.65
-7489.92 -7284.65
-7500.45 -7284.65
-7504.37 -7284.65
-7504.74 -7284.65
-7435.82 -7284.65
-7475.23 -7284.65
-7787.01 -7284.65
-7630.37 -7284.65
-7772.27 -7284.65
-7852.45 -7284.65
-7462.83 -7284.65
-7747.95 -7284.65
-7722.95 -7284.65
-7583.18 -7284.65
-7615.31 -7284.65
-7677.61 -7284.65
-7714.86 -7284.65
-7770.20 -7284.65
-7755.55 -7284.65
-7501.37 -7284.65
-7612.06 -7284.65
-7941.69 -7284.65
-7718.44 -7284.65
-7770.16 -7284.65
-7764.07 -7284.65
-7365.20 -7284.65
-7651.61 -7284.65
-7492.42 -7284.65
-7650.18 -7284.65
-7414.48 -7284.65
-7685.71 -7284.65
-7612.14 -7284.65
-7249.34 -7249.34
-7458.81 -7249.34
-7559.00 -7249.34
-7258.11 -7249.34
-7524.33 -7249.34
-7453.55 -7249.34
-7254.60 -7249.34
-7846.78 -7249.34
-7684.94 -7249.34
-7512.80 -7249.34
-7540.93 -7249.34
-7404.00 -7249.34
-7470.61 -7249.34
-7503.98 -7249.34
-7680.02 -7249.34
-7831.95 -7249.34
-7479.88 -7249.34
-7603.35 -7249.34
-7680.04 -7249.34
-7515.61 -7249.34
-7603.54 -7249.34
-7612.95 -7249.34
-7530.61 -7249.34
-7898.13 -7249.34
-7272.62 -7249.34
-7405.63 -7249.34
-7771.96 -7249.34
-7454.15 -7249.34
-7300.52 -7249.34
-7657.05 -7249.34
-7451.31 -7249.34
-7333.53 -7249.34
-7520.33 -7249.34
-7791.86 -7249.34
-7608.65 -7249.34
-7338.10 -7249.34
-7620.79 -7249.34
-7781.22 -7249.34
-7523.00 -7249.34
-7311.84 -7249.34
-7469.65 -7249.34
-7570.08 -7249.34
-7797.54 -7249.34
-7951.32 -7249.34
-7549.19 -7249.34
-7403.28 -7249.34
-7482.60 -7249.34
-7148.96 -7148.96
-7282.82 -7148.96
-7678.66 -7148.96
-7431.63 -7148.96
-7580.02 -7148.96
-7615.45 -7148.96
-7389.69 -7148.96
-7043.88 -7043.88
-7469.51 -7043.88
-7350.69 -7043.88
-7467.91 -7043.88
-7594.12 -7043.88
-7417.46 -7043.88
-7339.54 -7043.88
-7614.63 -7043.88
-7200.36 -7043.88
-7759.86 -7043.88
-7429.13 -7043.88
-7168.84 -7043.88
-7614.59 -7043.88
-7253.49 -7043.88
-7749.69 -7043.88
-7227.91 -7043.88
-7306.02 -7043.88
-7684.39 -7043.88
-7531.70 -7043.88
-7821.74 -7043.88
-7423.92 -7043.88
-7729.89 -7043.88
-7717.07 -7043.88
-7198.15 -7043.88
-7864.08 -7043.88
-7581.24 -7043.88
-7390.35 -7043.88
-7512.76 -7043.88
-7614.70 -7043.88
-7699.02 -7043.88
-7781.30 -7043.88
-7398.06 -7043.88
-7546.99 -7043.88
-7555.99 -7043.88
-7465.69 -7043.88
-7288.35 -7043.88
-6922.64 -6922.64
-7301.03 -6922.64
-7391.76 -6922.64
-7523.99 -6922.64
-7414.77 -6922.64
-7148.20 -6922.64
-7608.51 -6922.64
-7584.83 -6922.64
-7560.65 -6922.64
-7483.60 -6922.64
-6995.88 -6922.64
-7684.72 -6922.64
-7652.20 -6922.64
-6997.19 -6922.64
-7722.99 -6922.64
-7220.44 -6922.64
-7025.85 -6922.64
-7293.70 -6922.64
-7474.42 -6922.64
-7360.63 -6922.64
-7346.90 -6922.64
-7108.19 -6922.64
-7554.08 -6922.64
-7745.34 -6922.64
-7609.73 -6922.64
-6935.03 -6922.64
-7202.35 -6922.64
-7592.65 -6922.64
-7431.08 -6922.64
-7710.97 -6922.64
-7708.18 -6922.64
-7762.53 -6922.64
-7914.79 -6922.64
-7445.17 -6922.64
-7544.40 -6922.64
-7654.71 -6922.64
-7222.79 -6922.64
-7486.95 -6922.64
-7816.71 -6922.64
-7640.31 -6922.64
-7297.40 -6922.64
-7522.06 -6922.64
-7540.21 -6922.64
-7284.75 -6922.64
-7612.94 -6922.64
-7175.02 -6922.64
-7087.58 -6922.64
-7591.82 -6922.64
-7110.96 -6922.64
-7566.87 -6922.64
-7045.52 -6922.64
-7037.81 -6922.64
-7163.78 -6922.64
-7335.07 -6922.64
-7475.68 -6922.64
-7168.04 -6922.64
-7633.32 -6922.64
-7471.61 -6922.64
-7647.74 -6922.64
-7666.11 -6922.64
-7233.64 -6922.64
-7397.43 -6922.64
-7650.24 -6922.64
-7544.73 -6922.64
-7680.24 -6922.64
-7529.73 -6922.64
-7427.18 -6922.64
-7750.27 -6922.64
-7675.55 -6922.64
-7190.99 -6922.64
-7314.23 -6922.64
-7237.54 -6922.64
-7199.09 -6922.64
-7657.20 -6922.64
-7456.83 -6922.64
-7540.26 -6922.64
-6928.78 -6922.64
-7316.85 -6922.64
-7570.47 -6922.64
-7885.12 -6922.64
-7445.11 -6922.64
-7716.79 -6922.64
-7085.11 -6922.64
-7727.86 -6922.64
-7592.47 -6922.64
-7201.62 -6922.64
-7168.93 -6922.64
-7683.96 -6922.64
-7622.33 -6922.64
-7049.70 -6922.64
-7515.60 -6922.64
-7438.69 -6922.64
-7462.94 -6922.64
-7202.18 -6922.64
-7912.26 -6922.64
-7697.83 -6922.64
-7546.74 -6922.64
-7199.31 -6922.64
-7494.44 -6922.64
-7208.04 -6922.64
-7655.62 -6922.64
-7485.02 -6922.64
-7653.78 -6922.64
-7558.16 -6922.64
-7642.45 -6922.64
-7240.02 -6922.64
-7429.14 -6922.64
-7578.48 -6922.64
-7649.24 -6922.64
-7568.39 -6922.64
-7772.60 -6922.64
-7744.61 -6922.64
-7297.77 -6922.64
-7493.10 -6922.64
-7767.78 -6922.64
-7223.65 -6922.64
-6875.04 -6875.04
-7599.33 -6875.04
-7726.96 -6875.04
-7430.27 -6875.04
-7526.14 -6875.04
-7064.57 -6875.04
-7348.49 -6875.04
-7275.44 -6875.04
-7491.38 -6875.04
-7698.30 -6875.04
-7635.42 -6875.04
-7335.11 -6875.04
-7339.11 -6875.04
-7353.62 -6875.04
-7442.62 -6875.04
-7457.65 -6875.04
-7390.48 -6875.04
-7209.21 -6875.04
-6971.90 -6875.04
-7581.32 -6875.04
-7412.35 -6875.04
-7593.88 -6875.04
-7652.69 -6875.04
-7239.12 -6875.04
-7376.31 -6875.04
-7027.37 -6875.04
-7112.91 -6875.04
-7144.97 -6875.04
-7574.36 -6875.04
-6916.49 -6875.04
-7470.44 -6875.04
-7766.70 -6875.04
-7274.38 -6875.04
-7408.15 -6875.04
-7761.97 -6875.04
-6979.54 -6875.04
-8050.35 -6875.04
-8072.71 -6875.04
-8104.54 -6875.04
-8174.64 -6875.04
-8045.62 -6875.04
-8024.98 -8024.98
-8060.30 -8024.98
-8123.75 -8024.98
-8062.38 -8024.98
-8155.87 -8024.98
-8071.22 -8024.98
-8013.05 -8013.05
-8095.26 -8013.05
-8155.48 -8013.05
-8179.71 -8013.05
-7950.48 -7950.48
-7988.22 -7950.48
-7959.43 -7950.48
-8080.29 -7950.48
-7984.40 -7950.48
-7946.54 -7946.54
-8030.43 -7946.54
-7988.79 -7946.54
-8018.00 -7946.54
-7958.57 -7946.54
-8062.70 -7946.54
-8033.71 -7946.54
-8019.83 -7946.54
-8036.74 -7946.54
-7908.60 -7908.60
-7916.36 -7908.60
-7903.73 -7903.73
-7849.60 -7849.60
-8034.64 -7849.60
-7937.10 -7849.60
-7945.99 -7849.60
-7914.42 -7849.60
-8100.50 -7849.60
-7917.95 -7849.60
-7978.30 -7849.60
-7776.79 -7776.79
-7844.18 -7776.79
-7888.53 -7776.79
-7774.83 -7774.83
-7895.60 -7774.83
-7992.30 -7774.83
-7826.21 -7774.83
-7935.18 -7774.83
-8026.53 -7774.83
-7937.07 -7774.83
-7844.69 -7774.83
-7808.92 -7774.83
-7895.50 -7774.83
-7912.64 -7774.83
-7932.00 -7774.83
-7849.88 -7774.83
-7801.88 -7774.83
-7930.92 -7774.83
-7889.47 -7774.83
-7958.68 -7774.83
-7815.62 -7774.83
-8050.70 -7774.83
-7901.05 -7774.83
-7895.16 -7774.83
-7766.36 -7766.36
-7825.65 -7766.36
-7859.34 -7766.36
-7902.52 -7766.36
-7799.33 -7766.36
-7952.22 -7766.36
-7788.83 -7766.36
-7828.83 -7766.36
-7828.78 -7766.36
-7881.72 -7766.36
-7782.75 -7766.36
-7796.74 -7766.36
-7872.24 -7766.36
-7858.01 -7766.36
-7787.80 -7766.36
-7820.06 -7766.36
-7905.95 -7766.36
-7847.64 -7766.36
-7834.12 -7766.36
-7857.02 -7766.36
-7883.69 -7766.36
-7938.87 -7766.36
-7808.53 -7766.36
-7836.31 -7766.36
-7866.40 -7766.36
-7847.89 -7766.36
-7956.54 -7766.36
-7841.09 -7766.36
-7934.37 -7766.36
-7850.18 -7766.36
-7885.87 -7766.36
-7805.61 -7766.36
-7997.86 -7766.36
-7779.38 -7766.36
-7826.95 -7766.36
-7810.97 -7766.36
-7894.48 -7766.36
-7778.26 -7766.36
-7892.72 -7766.36
-7948.28 -7766.36
-7986.57 -7766.36
-7849.73 -7766.36
-7818.07 -7766.36
-7814.48 -7766.36
-7771.36 -7766.36
-7869.29 -7766.36
-7913.41 -7766.36
-7923.54 -7766.36
-7780.30 -7766.36
-8054.30 -7766.36
-7790.88 -7766.36
-7856.78 -7766.36
-7962.20 -7766.36
-7794.40 -7766.36
-7860.28 -7766.36
-7811.01 -7766.36
-7817.11 -7766.36
-7795.15 -7766.36
-7877.26 -7766.36
-7985.56 -7766.36
-7926.96 -7766.36
-7905.72 -7766.36
-7971.59 -7766.36
-7887.00 -7766.36
-7871.23 -7766.36
-7954.36 -7766.36
-7921.13 -7766.36
-7805.45 -7766.36
-7842.98 -7766.36
-7831.08 -7766.36
-7823.37 -7766.36
-7870.16 -7766.36
-7898.42 -7766.36
-7806.09 -7766.36
-7842.61 -7766.36
-7872.18 -7766.36
-7902.57 -7766.36
-7895.71 -7766.36
-7796.70 -7766.36
-7881.68 -7766.36
-7850.95 -7766.36
-7869.58 -7766.36
-7904.93 -7766.36
-7809.18 -7766.36
-7792.11 -7766.36
-8085.28 -7766.36
-7919.91 -7766.36
-7914.65 -7766.36
-7800.91 -7766.36
-8003.73 -7766.36
-7910.14 -7766.36
-7857.75 -7766.36
-7811.39 -7766.36
-7779.45 -7766.36
-7766.00 -7766.00
-7837.09 -7766.00
-7711.47 -7711.47
-7865.24 -7711.47
-7737.81 -7711.47
-7731.37 -7711.47
-7660.79 -7660.79
-7886.94 -7660.79
-7802.90 -7660.79
-7798.40 -7660.79
-7820.68 -7660.79
-7657.14 -7657.14
-7776.31 -7657.14
-7728.62 -7657.14
-7664.29 -7657.14
-7720.80 -7657.14
-7694.78 -7657.14
-7730.19 -7657.14
-7711.03 -7657.14
-7776.71 -7657.14
-7880.53 -7657.14
-7801.24 -7657.14
-7614.98 -7614.98
-7632.73 -7614.98
-7794.16 -7614.98
-7604.37 -7604.37
-7914.75 -7604.37
-7651.38 -7604.37
-7583.93 -7583.93
-7727.03 -7583.93
-7517.20 -7517.20
-7567.28 -7517.20
-7729.13 -7517.20
-7637.07 -7517.20
-7631.82 -7517.20
-7864.11 -7517.20
-7788.96 -7517.20
-7612.34 -7517.20
-7803.87 -7517.20
-7827.78 -7517.20
-7818.99 -7517.20
-7805.68 -7517.20
-7795.69 -7517.20
-7708.24 -7517.20
-7640.31 -7517.20
-7781.41 -7517.20
-7748.70 -7517.20
-7838.25 -7517.20
-7728.58 -7517.20
-7569.04 -7517.20
-7529.69 -7517.20
-7646.30 -7517.20
-7568.12 -7517.20
-7728.17 -7517.20
-7765.77 -7517.20
-7667.87 -7517.20
-7560.54 -7517.20
-7489.14 -7489.14
-7552.44 -7489.14
-7705.61 -7489.14
-7554.70 -7489.14
-7800.27 -7489.14
-7663.24 -7489.14
-7708.51 -7489.14
-7730.84 -7489.14
-7731.91 -7489.14
-7760.01 -7489.14
-7751.26 -7489.14
-7519.30 -7489.14
-7729.80 -7489.14
-7753.66 -7489.14
-7545.00 -7489.14
-7801.17 -7489.14
-7724.50 -7489.14
-7639.69 -7489.14
-7579.20 -7489.14
-7766.63 -7489.14
-7666.70 -7489.14
-7732.35 -7489.14
-7966.62 -7489.14
-7479.14 -7479.14
-7307.46 -7307.46
-7553.09 -7307.46
-7853.41 -7307.46
-7676.90 -7307.46
-7493.65 -7307.46
-7553.48 -7307.46
-7702.46 -7307.46
-7480.11 -7307.46
-7612.11 -7307.46
-7512.09 -7307.46
-7851.53 -7307.46
-7724.90 -7307.46
-7586.02 -7307.46
-7829.94 -7307.46
-7451.81 -7307.46
-7646.87 -7307.46
-7498.90 -7307.46
-7734.31 -7307.46
-7738.99 -7307.46
-7678.54 -7307.46
-7349.61 -7307.46
-7518.23 -7307.46
-7809.61 -7307.46
-7831.19 -7307.46
-7417.22 -7307.46
-7731.41 -7307.46
-7738.08 -7307.46
-7504.13 -7307.46
-7261.89 -7261.89
-7648.82 -7261.89
-7858.47 -7261.89
-7625.73 -7261.89
-7513.17 -7261.89
-7673.25 -7261.89
-7806.67 -7261.89
-7580.93 -7261.89
-7483.52 -7261.89
-7621.48 -7261.89
-7747.44 -7261.89
-7636.04 -7261.89
-7405.39 -7261.89
-7324.74 -7261.89
-7828.69 -7261.89
-7755.43 -7261.89
-7499.53 -7261.89
-7521.07 -7261.89
-7692.57 -7261.89
-7445.97 -7261.89
-7254.82 -7254.82
-7291.81 -7254.82
-7322.75 -7254.82
-7544.70 -7254.82
-7703.52 -7254.82
-7471.15 -7254.82
-7220.42 -7220.42
-7709.97 -7220.42
-7551.97 -7220.42
-7456.90 -7220.42
-7580.00 -7220.42
-7555.97 -7220.42
-7642.58 -7220.42
-7701.11 -7220.42
-7847.99 -7220.42
-7644.50 -7220.42
-7496.95 -7220.42
-7449.41 -7220.42
-7613.54 -7220.42
-7475.10 -7220.42
-7760.50 -7220.42
-7738.47 -7220.42
-7800.18 -7220.42
-7799.67 -7220.42
-7620.35 -7220.42
-7752.38 -7220.42
-7355.85 -7220.42
-7532.34 -7220.42
-7626.04 -7220.42
-7234.82 -7220.42
-7551.24 -7220.42
-7784.28 -7220.42
-7564.88 -7220.42
-7206.32 -7206.32
-7463.78 -7206.32
-7381.23 -7206.32
-7668.89 -7206.32
-7603.12 -7206.32
-7659.36 -7206.32
-7457.30 -7206.32
-7412.31 -7206.32
-7356.68 -7206.32
-7649.83 -7206.32
-7524.23 -7206.32
-7177.04 -7177.04
-7383.28 -7177.04
-7671.99 -7177.04
-7583.07 -7177.04
-7230.96 -7177.04
-7533.43 -7177.04
-7238.89 -7177.04
-7504.11 -7177.04
-7375.11 -7177.04
-7179.02 -7177.04
-7364.50 -7177.04
-7370.41 -7177.04
-7610.39 -7177.04
-7704.10 -7177.04
-7324.15 -7177.04
-7848.94 -7177.04
-7628.29 -7177.04
-7688.75 -7177.04
-7773.59 -7177.04
-7371.43 -7177.04
-7766.11 -7177.04
-7334.77 -7177.04
-7513.24 -7177.04
-7721.84 -7177.04
-7086.70 -7086.70
-7179.55 -7086.70
-7334.61 -7086.70
-7553.75 -7086.70
-7821.84 -7086.70
-7562.74 -7086.70
-7565.64 -7086.70
-7328.32 -7086.70
-7090.54 -7086.70
-7579.35 -7086.70
-7144.41 -7086.70
-7546.32 -7086.70
-7233.82 -7086.70
-7366.53 -7086.70
-7729.02 -7086.70
-7557.56 -7086.70
-7722.97 -7086.70
-7565.12 -7086.70
-7648.71 -7086.70
-7376.70 -7086.70
-7497.82 -7086.70
-7255.19 -7086.70
-7729.10 -7086.70
-7484.42 -7086.70
-7432.79 -7086.70
-7537.21 -7086.70
-7592.49 -7086.70
-7610.91 -7086.70
-7431.39 -7086.70
-7165.68 -7086.70
-7801.87 -7086.70
-7439.06 -7086.70
-7768.94 -7086.70
-7333.08 -7086.70
-7743.39 -7086.70
-7587.53 -7086.70
-7695.26 -7086.70
-7448.79 -7086.70
-7592.19 -7086.70
-7579.37 -7086.70
-7326.42 -7086.70
-7637.21 -7086.70
-7426.31 -7086.70
-7245.07 -7086.70
-7404.12 -7086.70
-7552.78 -7086.70
-7685.78 -7086.70
-7685.96 -7086.70
-7552.93 -7086.70
-7491.78 -7086.70
-7162.51 -7086.70
-7240.42 -7086.70
-7814.75 -7086.70
-7458.28 -7086.70
-7572.86 -7086.70
-7499.05 -7086.70
-7969.93 -7086.70
-7465.05 -7086.70
-7619.38 -7086.70
-7464.54 -7086.70
-7701.86 -7086.70
-8083.89 -7086.70
-8023.56 -8023.56
-7998.99 -7998.99
-8111.55 -7998.99
-8040.31 -7998.99
-8208.54 -7998.99
-8101.07 -7998.99
-8080.89 -7998.99
-8086.00 -7998.99
-8025.96 -7998.99
-8066.60 -7998.99
-8051.62 -7998.99
-8060.52 -7998.99
-8065.32 -7998.99
-8062.03 -7998.99
-8090.25 -7998.99
-8075.97 -7998.99
-8120.45 -7998.99
-8111.12 -7998.99
-8118.22 -7998.99
-7924.27 -7924.27
-7804.99 -7804.99
-7765.05 -7765.05
-7882.19 -7765.05
-7833.43 -7765.05
-7789.14 -7765.05
-7926.52 -7765.05
-7869.25 -7765.05
-7705.15 -7705.15
-7723.00 -7705.15
-7882.82 -7705.15
-7784.48 -7705.15
-7922.32 -7705.15
-7803.54 -7705.15
-8114.45 -7705.15
-7853.10 -7705.15
-7838.31 -7705.15
-7851.25 -7705.15
-7811.64 -7705.15
-7802.99 -7705.15
-7729.87 -7705.15
-7974.87 -7705.15
-7643.20 -7643.20
-7668.75 -7643.20
-7733.44 -7643.20
-7839.26 -7643.20
-7768.22 -7643.20
-7863.50 -7643.20
-7884.64 -7643.20
-7830.94 -7643.20
-7684.75 -7643.20
-7834.92 -7643.20
-7838.47 -7643.20
-7845.66 -7643.20
-7667.73 -7643.20
-7924.65 -7643.20
-7740.92 -7643.20
-7677.05 -7643.20
-7835.79 -7643.20
-7827.79 -7643.20
-7883.51 -7643.20
-7795.28 -7643.20
-7828.43 -7643.20
-7810.25 -7643.20
-7738.82 -7643.20
-7616.08 -7616.08
-7585.47 -7585.47
-7765.11 -7585.47
-7633.98 -7585.47
-7649.22 -7585.47
-7783.04 -7585.47
-7688.35 -7585.47
-7784.16 -7585.47
-7689.06 -7585.47
-7661.03 -7585.47
-7448.65 -7448.65
-7496.28 -7448.65
-7560.20 -7448.65
-7719.34 -7448.65
-7554.35 -7448.65
-7635.04 -7448.65
-7712.08 -7448.65
-7732.81 -7448.65
-7685.33 -7448.65
-7753.28 -7448.65
-7730.07 -7448.65
-7519.92 -7448.65
-7614.43 -7448.65
-7875.77 -7448.65
-7793.89 -7448.65
-7593.76 -7448.65
-7662.80 -7448.65
-7476.95 -7448.65
-7599.93 -7448.65
-7572.29 -7448.65
-7797.00 -7448.65
-7757.58 -7448.65
-7865.52 -7448.65
-7832.92 -7448.65
-7673.16 -7448.65
-7606.93 -7448.65
-7754.57 -7448.65
-7563.17 -7448.65
-7544.55 -7448.65
-7629.90 -7448.65
-7686.28 -7448.65
-7856.45 -7448.65
-7575.67 -7448.65
-7584.84 -7448.65
-7632.28 -7448.65
-7642.65 -7448.65
-7385.51 -7385.51
-7881.18 -7385.51
-7401.38 -7385.51
-7485.68 -7385.51
-7479.74 -7385.51
-7886.74 -7385.51
-7651.13 -7385.51
-7616.70 -7385.51
-7612.37 -7385.51
-7786.34 -7385.51
-7377.93 -7377.93
-7836.25 -7377.93
-7576.65 -7377.93
-7739.88 -7377.93
-7620.14 -7377.93
-7772.61 -7377.93
-7845.88 -7377.93
-7502.41 -7377.93
-7294.08 -7294.08
-7703.08 -7294.08
-7576.24 -7294.08
-7357.82 -7294.08
-7807.05 -7294.08
-7432.61 -7294.08
-7698.76 -7294.08
-7622.83 -7294.08
-7746.00 -7294.08
-7703.48 -7294.08
-7576.90 -7294.08
-7739.83 -7294.08
-7570.04 -7294.08
-7779.32 -7294.08
-7938.58 -7294.08
-7496.24 -7294.08
-7460.99 -7294.08
-7344.47 -7294.08
-7809.23 -7294.08
-7482.22 -7294.08
-7772.84 -7294.08
-7645.20 -7294.08
-7699.11 -7294.08
-7251.82 -7251.82
-7620.74 -7251.82
-7274.55 -7251.82
-7258.28 -7251.82
-7296.19 -7251.82
-7543.37 -7251.82
-7322.13 -7251.82
-7478.48 -7251.82
-7226.83 -7226.83
-7538.43 -7226.83
-7780.18 -7226.83
-7444.46 -7226.83
-7729.45 -7226.83
-7120.42 -7120.42
-7044.12 -7044.12
-7665.80 -7044.12
-7655.99 -7044.12
-7715.03 -7044.12
-7748.68 -7044.12
-7608.02 -7044.12
-7545.16 -7044.12
-7252.61 -7044.12
-7584.22 -7044.12
-7734.46 -7044.12
-7793.06 -7044.12
-7203.82 -7044.12
-7539.90 -7044.12
-7304.95 -7044.12
-7322.78 -7044.12
-7111.50 -7044.12
-7700.25 -7044.12
-7614.00 -7044.12
-7658.15 -7044.12
-7703.30 -7044.12
-7523.28 -7044.12
-7475.69 -7044.12
-7344.53 -7044.12
-7380.04 -7044.12
-7483.54 -7044.12
-7361.95 -7044.12
-7203.37 -7044.12
-7308.39 -7044.12
-7489.46 -7044.12
-7634.24 -7044.12
-7578.73 -7044.12
-7678.77 -7044.12
-7596.66 -7044.12
-7562.95 -7044.12
-7402.54 -7044.12
-7622.79 -7044.12
-7282.71 -7044.12
-7691.70 -7044.12
-7659.53 -7044.12
-7729.84 -7044.12
-7496.64 -7044.12
-7804.78 -7044.12
-7126.01 -7044.12
-7633.85 -7044.12
-7345.85 -7044.12
-7113.90 -7044.12
-6982.78 -6982.78
-7669.64 -6982.78
-7319.48 -6982.78
-7673.90 -6982.78
-7679.46 -6982.78
-7660.24 -6982.78
-7192.79 -6982.78
-7012.16 -6982.78
-7145.91 -6982.78
-7312.32 -6982.78
-7314.12 -6982.78
-7566.95 -6982.78
-7495.39 -6982.78
-7389.49 -6982.78
-7463.77 -6982.78
-7598.20 -6982.78
-7316.89 -6982.78
-7630.75 -6982.78
-7720.28 -6982.78
-7411.18 -6982.78
-7369.07 -6982.78
-7273.80 -6982.78
-7206.17 -6982.78
-7369.98 -6982.78
-7816.53 -6982.78
-7708.39 -6982.78
-7574.74 -6982.78
-7526.36 -6982.78
-7377.93 -6982.78
-7680.26 -6982.78
-7445.92 -6982.78
-7571.02 -6982.78
-7720.77 -6982.78
-7298.42 -6982.78
-7446.82 -6982.78
-7489.94 -6982.78
-7561.92 -6982.78
-7739.37 -6982.78
-7550.76 -6982.78
-7360.63 -6982.78
-7517.67 -6982.78
-7892.37 -6982.78
-7107.13 -6982.78
-7423.97 -6982.78
-7475.29 -6982.78
-7013.26 -6982.78
-7484.36 -6982.78
-7068.11 -6982.78
-7336.98 -6982.78
-7490.51 -6982.78
-7316.92 -6982.78
-7191.55 -6982.78
-7664.32 -6982.78
-7789.15 -6982.78
-7582.24 -6982.78
-6989.53 -6982.78
-7712.14 -6982.78
-7459.65 -6982.78
-7706.42 -6982.78
-7268.56 -6982.78
-7785.45 -6982.78
-7449.08 -6982.78
-7555.48 -6982.78
-7682.80 -6982.78
-7324.70 -6982.78
-7798.91 -6982.78
-7658.45 -6982.78
-7659.97 -6982.78
-7240.26 -6982.78
-7512.72 -6982.78
-7129.35 -6982.78
-7403.78 -6982.78
-7630.69 -6982.78
-7658.30 -6982.78
-7638.01 -6982.78
-7836.60 -6982.78
-7215.12 -6982.78
-7349.06 -6982.78
-7043.35 -6982.78
-7914.17 -6982.78
-7010.35 -6982.78
-7127.44 -6982.78
-7065.66 -6982.78
-7656.90 -6982.78
-7447.10 -6982.78
-7288.09 -6982.78
-7617.09 -6982.78
-7329.03 -6982.78
-7406.30 -6982.78
-7562.19 -6982.78
-7068.91 -6982.78
-7481.83 -6982.78
-7583.14 -6982.78
-7700.49 -6982.78
-7601.51 -6982.78
-7633.67 -6982.78
-7091.61 -6982.78
-7174.31 -6982.78
-7132.34 -6982.78
-7287.10 -6982.78
-7465.73 -6982.78
-6951.32 -6951.32
-7221.79 -6951.32
-7034.10 -6951.32
-7452.40 -6951.32
-7256.42 -6951.32
-7339.44 -6951.32
-7732.27 -6951.32
-7111.05 -6951.32
-7017.29 -6951.32
-7045.72 -6951.32
-7802.50 -6951.32
-7545.78 -6951.32
-7293.64 -6951.32
-7320.95 -6951.32
-7194.07 -6951.32
-7369.71 -6951.32
-6639.96 -6639.96
-7654.18 -6639.96
-7245.46 -6639.96
-7612.36 -6639.96
-7260.85 -6639.96
-6989.34 -6639.96
-7625.66 -6639.96
-7465.89 -6639.96
-7629.26 -6639.96
-7605.31 -6639.96
-6979.66 -6639.96
-7581.44 -6639.96
-7679.00 -6639.96
-6930.84 -6639.96
-7350.08 -6639.96
-7389.59 -6639.96
-7642.04 -6639.96
-6726.08 -6639.96
-7533.40 -6639.96
-7184.52 -6639.96
-7539.13 -6639.96
-7432.58 -6639.96
-7156.05 -6639.96
-7008.16 -6639.96
-7370.18 -6639.96
-7350.52 -6639.96
-7633.82 -6639.96
-7457.03 -6639.96
-7420.33 -6639.96
-7428.98 -6639.96
-7410.24 -6639.96
-7667.28 -6639.96
-7242.77 -6639.96
-7319.08 -6639.96
-6754.93 -6639.96
-7700.26 -6639.96
-7383.81 -6639.96
-7474.15 -6639.96
-7790.23 -6639.96
-7578.01 -6639.96
-7643.15 -6639.96
-7201.56 -6639.96
-7460.27 -6639.96
-7017.93 -6639.96
-7290.27 -6639.96
-7447.35 -6639.96
-7478.92 -6639.96
-7913.60 -6639.96
-7237.86 -6639.96
-6936.78 -6639.96
-7504.46 -6639.96
-7223.48 -6639.96
-7630.54 -6639.96
-7441.94 -6639.96
-7695.41 -6639.96
-7596.02 -6639.96
-7706.70 -6639.96
-7594.53 -6639.96
-7028.19 -6639.96
-6988.80 -6639.96
-6892.11 -6639.96
-6860.41 -6639.96
-7202.15 -6639.96
-7417.32 -6639.96
-6940.72 -6639.96
-7288.35 -6639.96
-7707.03 -6639.96
-7756.04 -6639.96
-7175.98 -6639.96
-7318.19 -6639.96
-7616.54 -6639.96
-7538.56 -6639.96
-7487.08 -6639.96
-6834.45 -6639.96
-7067.06 -6639.96
-7424.52 -6639.96
-7642.52 -6639.96
-7952.91 -6639.96
-7311.95 -6639.96
-7163.95 -6639.96
-7646.91 -6639.96
-7738.25 -6639.96
-7377.42 -6639.96
-7382.11 -6639.96
-7758.05 -6639.96
-6884.84 -6639.96
-7442.08 -6639.96
-8116.01 -6639.96
-8009.02 -8009.02
-8090.80 -8009.02
-7990.15 -7990.15
-8030.09 -7990.15
-8130.66 -7990.15
-8032.10 -7990.15
-8106.58 -7990.15
-7950.87 -7950.87
-7884.88 -7884.88
-7919.00 -7884.88
-7914.68 -7884.88
-7923.48 -7884.88
-7867.52 -7867.52
-7841.40 -7841.40
-7713.94 -7713.94
-7863.22 -7713.94
-7827.72 -7713.94
-7859.99 -7713.94
-7915.92 -7713.94
-7832.83 -7713.94
-7757.63 -7713.94
-7775.40 -7713.94
-7962.08 -7713.94
-7760.00 -7713.94
-7789.51 -7713.94
-7736.27 -7713.94
-7721.59 -7713.94
-7809.15 -7713.94
-7625.58 -7625.58
-7649.53 -7625.58
-7979.00 -7625.58
-7781.88 -7625.58
-7908.86 -7625.58
-7674.66 -7625.58
-7813.53 -7625.58
-7712.24 -7625.58
-7799.20 -7625.58
-7801.10 -7625.58
-7894.34 -7625.58
-7885.57 -7625.58
-7794.22 -7625.58
-7736.17 -7625.58
-7830.53 -7625.58
-7892.04 -7625.58
-7825.70 -7625.58
-7796.96 -7625.58
-7813.94 -7625.58
-7831.52 -7625.58
-7875.70 -7625.58
-7764.37 -7625.58
-7584.44 -7584.44
-7626.71 -7584.44
-7672.22 -7584.44
-7850.81 -7584.44
-7656.38 -7584.44
-7749.40 -7584.44
-7815.12 -7584.44
-7474.50 -7474.50
-7641.56 -7474.50
-7685.34 -7474.50
-7744.67 -7474.50
-7465.03 -7465.03
-7605.71 -7465.03
-7678.44 -7465.03
-7830.59 -7465.03
-7607.39 -7465.03
-7708.85 -7465.03
-7765.92 -7465.03
-7570.44 -7465.03
-7674.91 -7465.03
-7546.52 -7465.03
-7458.66 -7458.66
-7560.89 -7458.66
-7597.82 -7458.66
-7628.32 -7458.66
-7988.56 -7458.66
-7658.47 -7458.66
-7547.87 -7458.66
-7564.39 -7458.66
-7769.73 -7458.66
-7684.00 -7458.66
-7751.01 -7458.66
-7600.25 -7458.66
-7533.57 -7458.66
-7788.54 -7458.66
-7553.55 -7458.66
-7587.82 -7458.66
-7973.11 -7458.66
-7620.60 -7458.66
-7838.91 -7458.66
-7740.23 -7458.66
-7793.36 -7458.66
-7408.72 -7408.72
-7452.49 -7408.72
-7676.31 -7408.72
-7589.74 -7408.72
-7853.24 -7408.72
-7705.18 -7408.72
-7632.56 -7408.72
-7628.41 -7408.72
-7795.46 -7408.72
-7817.02 -7408.72
-7793.95 -7408.72
-7729.92 -7408.72
-7533.66 -7408.72
-7836.68 -7408.72
-7644.46 -7408.72
-7649.28 -7408.72
-7735.10 -7408.72
-7658.53 -7408.72
-7675.54 -7408.72
-7663.90 -7408.72
-7475.75 -7408.72
-7718.12 -7408.72
-7564.77 -7408.72
-7542.01 -7408.72
-7748.53 -7408.72
-7812.81 -7408.72
-7528.86 -7408.72
-7462.51 -7408.72
-7843.41 -7408.72
-7468.27 -7408.72
-7593.86 -7408.72
-7584.73 -7408.72
-7535.24 -7408.72
-7481.37 -7408.72
-7711.76 -7408.72
-7601.25 -7408.72
-7813.56 -7408.72
-7773.11 -7408.72
-7794.64 -7408.72
-7554.98 -7408.72
-7662.20 -7408.72
-7857.70 -7408.72
-7682.85 -7408.72
-7615.14 -7408.72
-7419.45 -7408.72
-7693.08 -7408.72
-7527.72 -7408.72
-7560.39 -7408.72
-7676.55 -7408.72
-7595.45 -7408.72
-7773.55 -7408.72
-7647.77 -7408.72
-7654.35 -7408.72
-7698.52 -7408.72
-7681.76 -7408.72
-7489.37 -7408.72
-7531.19 -7408.72
-7676.75 -7408.72
-7413.29 -7408.72
-7638.30 -7408.72
-7700.71 -7408.72
-7863.83 -7408.72
-7507.55 -7408.72
-7494.06 -7408.72
-7466.43 -7408.72
-7677.21 -7408.72
-7654.93 -7408.72
-7903.72 -7408.72
-7816.61 -7408.72
-7714.56 -7408.72
-7650.17 -7408.72
-7725.05 -7408.72
-7834.57 -7408.72
-7682.79 -7408.72
-7615.88 -7408.72
-7411.74 -7408.72
-7730.94 -7408.72
-7739.45 -7408.72
-7663.88 -7408.72
-7675.93 -7408.72
-7536.78 -7408.72
-7490.87 -7408.72
-7444.89 -7408.72
-7927.30 -7408.72
-7466.12 -7408.72
-7580.20 -7408.72
-7682.54 -7408.72
-7550.44 -7408.72
-7496.08 -7408.72
-7598.29 -7408.72
-7690.36 -7408.72
-7546.48 -7408.72
-7630.76 -7408.72
-7615.25 -7408.72
-7699.83 -7408.72
-7632.83 -7408.72
-7672.09 -7408.72
-7732.94 -7408.72
-7753.84 -7408.72
-7489.06 -7408.72
-7918.83 -7408.72
-7505.94 -7408.72
-7680.65 -7408.72
-7531.90 -7408.72
-7664.26 -7408.72
-7898.76 -7408.72
-7716.09 -7408.72
-7871.98 -7408.72
-7533.28 -7408.72
-7702.96 -7408.72
-7474.59 -7408.72
-7696.22 -7408.72
-7667.46 -7408.72
-7872.63 -7408.72
-7492.24 -7408.72
-7732.18 -7408.72
-7853.29 -7408.72
-7580.90 -7408.72
-7621.38 -7408.72
-7655.22 -7408.72
-7511.70 -7408.72
-7773.54 -7408.72
-7581.93 -7408.72
-7603.41 -7408.72
-7539.78 -7408.72
-7827.73 -7408.72
-7584.78 -7408.72
-7627.83 -7408.72
-7660.44 -7408.72
-7519.02 -7408.72
-7660.81 -7408.72
-7426.23 -7408.72
-7614.78 -7408.72
-7667.26 -7408.72
-7625.96 -7408.72
-7546.71 -7408.72
-7622.74 -7408.72
-7537.38 -7408.72
-7678.17 -7408.72
-7469.42 -7408.72
-7740.95 -7408.72
-7899.19 -7408.72
-7525.24 -7408.72
-7638.03 -7408.72
-7765.40 -7408.72
-7603.45 -7408.72
-7779.47 -7408.72
-7735.82 -7408.72
-7495.53 -7408.72
-7861.95 -7408.72
-7712.58 -7408.72
-7467.97 -7408.72
-7707.98 -7408.72
-7667.63 -7408.72
-7718.13 -7408.72
-7597.13 -7408.72
-7907.58 -7408.72
-7681.71 -7408.72
-7706.69 -7408.72
-7851.18 -7408.72
-7751.54 -7408.72
-7661.76 -7408.72
-7616.61 -7408.72
-7821.15 -7408.72
-7424.48 -7408.72
-7650.29 -7408.72
-7597.85 -7408.72
-7585.86 -7408.72
-7532.41 -7408.72
-7698.59 -7408.72
-7664.49 -7408.72
-7928.71 -7408.72
-7893.66 -7408.72
-7517.45 -7408.72
-7821.25 -7408.72
-7472.93 -7408.72
-7892.84 -7408.72
-7711.59 -7408.72
-7733.71 -7408.72
-7586.97 -7408.72
-7561.09 -7408.72
-7794.84 -7408.72
-7762.19 -7408.72
-7565.67 -7408.72
-7538.15 -7408.72
-7840.66 -7408.72
-7494.23 -7408.72
-7723.74 -7408.72
-7815.57 -7408.72
-7558.26 -7408.72
-7544.23 -7408.72
-7572.62 -7408.72
-7476.72 -7408.72
-7712.52 -7408.72
-7520.96 -7408.72
-7702.41 -7408.72
-7551.06 -7408.72
-7590.98 -7408.72
-7849.22 -7408.72
-7567.23 -7408.72
-7516.41 -7408.72
-7629.57 -7408.72
-7692.75 -7408.72
-7440.21 -7408.72
-7563.60 -7408.72
-7685.54 -7408.72
-7583.19 -7408.72
-7611.96 -7408.72
-7653.65 -7408.72
-7696.79 -7408.72
-7620.11 -7408.72
-7575.68 -7408.72
-7590.15 -7408.72
-7659.83 -7408.72
-7677.71 -7408.72
-7577.57 -7408.72
-7578.75 -7408.72
-7826.82 -7408.72
-7815.21 -7408.72
-7901.99 -7408.72
-7507.63 -7408.72
-7691.47 -7408.72
-7639.09 -7408.72
-7667.93 -7408.72
-7591.10 -7408.72
-7659.29 -7408.72
-7753.14 -7408.72
-7630.22 -7408.72
-7515.28 -7408.72
-7754.09 -7408.72
-7738.19 -7408.72
-7753.35 -7408.72
-7810.37 -7408.72
-7633.84 -7408.72
-7544.54 -7408.72
-7692.60 -7408.72
-7977.49 -7408.72
-7597.32 -7408.72
-7646.54 -7408.72
-7666.53 -7408.72
-7719.67 -7408.72
-7893.39 -7408.72
-7721.19 -7408.72
-7689.71 -7408.72
-7808.96 -7408.72
-7504.11 -7408.72
-7563.99 -7408.72
-7851.90 -7408.72
-7723.75 -7408.72
-7564.79 -7408.72
-7682.42 -7408.72
-7621.39 -7408.72
-7465.74 -7408.72
-7630.10 -7408.72
-7601.12 -7408.72
-7876.56 -7408.72
-7608.37 -7408.72
-7710.20 -7408.72
-7625.79 -7408.72
-7848.79 -7408.72
-7810.95 -7408.72
-7424.31 -7408.72
-7688.11 -7408.72
-7649.46 -7408.72
-7924.65 -7408.72
-7712.71 -7408.72
-7556.29 -7408.72
-7588.59 -7408.72
-7698.24 -7408.72
-7572.43 -7408.72
-7593.56 -7408.72
-7561.83 -7408.72
-7829.50 -7408.72
-7770.00 -7408.72
-7698.93 -7408.72
-7593.91 -7408.72
-7551.49 -7408.72
-7604.48 -7408.72
-7712.48 -7408.72
-7771.19 -7408.72
-7894.67 -7408.72
-7569.20 -7408.72
-7664.27 -7408.72
-7672.81 -7408.72
-7703.34 -7408.72
-7583.00 -7408.72
-7822.54 -7408.72
-7642.04 -7408.72
-7423.86 -7408.72
-7843.63 -7408.72
-7736.14 -7408.72
-7689.39 -7408.72
-7882.24 -7408.72
-7560.62 -7408.72
-7430.83 -7408.72
-7581.36 -7408.72
-7570.29 -7408.72
-7573.78 -7408.72
-7745.84 -7408.72
-7635.85 -7408.72
-7595.71 -7408.72
-7748.93 -7408.72
-7726.23 -7408.72
-7784.65 -7408.72
-7828.04 -7408.72
-7665.32 -7408.72
-7770.13 -7408.72
-7758.35 -7408.72
-7737.11 -7408.72
-7671.38 -7408.72
-7611.30 -7408.72
-7566.94 -7408.72
-7939.40 -7408.72
-7569.55 -7408.72
-7725.75 -7408.72
-7661.78 -7408.72
-7784.83 -7408.72
-7445.15 -7408.72
-7818.79 -7408.72
-7516.80 -7408.72
-7649.33 -7408.72
-7697.38 -7408.72
-7598.84 -7408.72
-8120.01 -7408.72
-8048.65 -7408.72
-8034.83 -7408.72
-8167.91 -7408.72
-8098.56 -7408.72
-8049.06 -7408.72
-8072.09 -7408.72
-8071.75 -7408.72
-8028.22 -8028.22
-7997.65 -7997.65
-8038.93 -7997.65
-8038.42 -7997.65
-7978.67 -7978.67
-8003.33 -7978.67
-8115.16 -7978.67
-8061.46 -7978.67
-8077.56 -7978.67
-8032.53 -7978.67
-7871.25 -7871.25
-7956.50 -7871.25
-7919.12 -7871.25
-7842.17 -7842.17
-7971.51 -7842.17
-7865.22 -7842.17
-7802.31 -7802.31
-7952.84 -7802.31
-7913.20 -7802.31
-8019.16 -7802.31
-7825.42 -7802.31
-7814.59 -7802.31
-7964.08 -7802.31
-8014.37 -7802.31
-7882.67 -7802.31
-7958.25 -7802.31
-7866.63 -7802.31
-7848.74 -7802.31
-7906.33 -7802.31
-7904.60 -7802.31
-8081.50 -7802.31
-7952.11 -7802.31
-7881.10 -7802.31
-7988.94 -7802.31
-7981.51 -7802.31
-7887.69 -7802.31
-7810.10 -7802.31
-7905.40 -7802.31
-8102.51 -7802.31
-7894.16 -7802.31
-7800.14 -7800.14
-7777.38 -7777.38
-7770.18 -7770.18
-7732.54 -7732.54
-7714.29 -7714.29
-7781.95 -7714.29
-7819.02 -7714.29
-7864.76 -7714.29
-7838.56 -7714.29
-7795.53 -7714.29
-7924.14 -7714.29
-7648.73 -7648.73
-7612.36 -7612.36
-7787.24 -7612.36
-7758.09 -7612.36
-7383.57 -7383.57
-7880.90 -7383.57
-7804.50 -7383.57
-7504.69 -7383.57
-7873.75 -7383.57
-7596.00 -7383.57
-7495.09 -7383.57
-7629.60 -7383.57
-7594.77 -7383.57
-7593.59 -7383.57
-7473.89 -7383.57
-7715.87 -7383.57
-7457.13 -7383.57
-7423.57 -7383.57
-7679.61 -7383.57
-7777.62 -7383.57
-7550.17 -7383.57
-7485.01 -7383.57
-7620.84 -7383.57
-7559.89 -7383.57
-7739.47 -7383.57
-7341.58 -7341.58
-7737.55 -7341.58
-7657.69 -7341.58
-7293.78 -7293.78
-7768.79 -7293.78
-7575.98 -7293.78
-8015.96 -7293.78
-7448.31 -7293.78
-7499.68 -7293.78
-7651.65 -7293.78
-7616.89 -7293.78
-7479.72 -7293.78
-7583.13 -7293.78
-7159.33 -7159.33
-7516.66 -7159.33
-7566.06 -7159.33
-7691.60 -7159.33
-7505.36 -7159.33
-7684.95 -7159.33
-7832.13 -7159.33
-7253.19 -7159.33
-7408.33 -7159.33
-7264.47 -7159.33
-7665.73 -7159.33
-7258.91 -7159.33
-7657.79 -7159.33
-7597.83 -7159.33
-7480.70 -7159.33
-7524.43 -7159.33
-7725.60 -7159.33
-7099.46 -7099.46
-7330.43 -7099.46
-7788.64 -7099.46
-7271.45 -7099.46
-7522.49 -7099.46
-7672.52 -7099.46
-7313.89 -7099.46
-7775.65 -7099.46
-7569.64 -7099.46
-7163.88 -7099.46
-7479.79 -7099.46
-7292.94 -7099.46
-7449.77 -7099.46
-7649.72 -7099.46
-7373.43 -7099.46
-7677.88 -7099.46
-7506.69 -7099.46
-7283.00 -7099.46
-7402.41 -7099.46
-7243.66 -7099.46
-7620.73 -7099.46
-7936.24 -7099.46
-7171.56 -7099.46
-7587.31 -7099.46
-7219.45 -7099.46
-7752.33 -7099.46
-7440.44 -7099.46
-7552.08 -7099.46
-7714.63 -7099.46
-7667.53 -7099.46
-7726.70 -7099.46
-7755.55 -7099.46
-7381.71 -7099.46
-7559.31 -7099.46
-7518.04 -7099.46
-7424.68 -7099.46
-7530.29 -7099.46
-7727.02 -7099.46
-7501.69 -7099.46
-7327.78 -7099.46
-7472.29 -7099.46
-7564.64 -7099.46
-7431.99 -7099.46
-7645.43 -7099.46
-7765.44 -7099.46
-7398.95 -7099.46
-7454.97 -7099.46
-7426.38 -7099.46
-7466.20 -7099.46
-7661.07 -7099.46
-7433.14 -7099.46
-7647.13 -7099.46
-7771.40 -7099.46
-7762.30 -7099.46
-7542.97 -7099.46
-7751.00 -7099.46
-7495.70 -7099.46
-7196.02 -7099.46
-7571.42 -7099.46
-7579.49 -7099.46
-7465.76 -7099.46
-7592.25 -7099.46
-7264.98 -7099.46
-7839.25 -7099.46
-7367.68 -7099.46
-7461.19 -7099.46
-7593.15 -7099.46
-7702.36 -7099.46
-7401.00 -7099.46
-7647.41 -7099.46
-7463.89 -7099.46
-7141.45 -7099.46
-7130.41 -7099.46
-7632.57 -7099.46
-7436.48 -7099.46
-7093.85 -7093.85
-7057.55 -7057.55
-7431.02 -7057.55
-7761.62 -7057.55
-7166.84 -7057.55
-7010.64 -7010.64
-7133.50 -7010.64
-7616.16 -7010.64
-6836.86 -6836.86
-7603.51 -6836.86
-7677.73 -6836.86
-7425.11 -6836.86
-7582.21 -6836.86
-6902.32 -6836.86
-7027.87 -6836.86
-7409.50 -6836.86
-6772.76 -6772.76
-7641.13 -6772.76
-7675.61 -6772.76
-7615.96 -6772.76
-7702.98 -6772.76
-7673.37 -6772.76
-7495.03 -6772.76
-7530.67 -6772.76
-6998.24 -6772.76
-7670.90 -6772.76
-6880.01 -6772.76
-7371.27 -6772.76
-7412.61 -6772.76
-7554.17 -6772.76
-7349.77 -6772.76
-7026.16 -6772.76
-7349.50 -6772.76
-7312.67 -6772.76
-7178.25 -6772.76
-7426.95 -6772.76
-7670.28 -6772.76
-7725.91 -6772.76
-7682.33 -6772.76
-6775.48 -6772.76
-7200.48 -6772.76
-6655.34 -6655.34
-7327.15 -6655.34
-7391.54 -6655.34
-7551.34 -6655.34
-7717.84 -6655.34
-7541.48 -6655.34
-7361.76 -6655.34
-6988.10 -6655.34
-7119.52 -6655.34
-6933.77 -6655.34
-7521.19 -6655.34
-7984.99 -6655.34
-7673.14 -6655.34
-7225.27 -6655.34
-7545.37 -6655.34
-7297.37 -6655.34
-7780.37 -6655.34
-7200.52 -6655.34
-6938.89 -6655.34
-7545.68 -6655.34
-7025.32 -6655.34
-6984.55 -6655.34
-7725.19 -6655.34
-7063.97 -6655.34
-7412.77 -6655.34
-7141.42 -6655.34
-7552.11 -6655.34
-7417.83 -6655.34
-7437.85 -6655.34
-7543.46 -6655.34
-7642.87 -6655.34
-7700.84 -6655.34
-7052.30 -6655.34
-7341.37 -6655.34
-7610.04 -6655.34
-7596.88 -6655.34
-7721.54 -6655.34
-7429.02 -6655.34
-7330.00 -6655.34
-7221.21 -6655.34
-7696.79 -6655.34
-7717.35 -6655.34
-7030.87 -6655.34
-6896.53 -6655.34
-6843.95 -6655.34
-7670.25 -6655.34
-6909.40 -6655.34
-7669.09 -6655.34
-7699.51 -6655.34
-7219.75 -6655.34
-7651.70 -6655.34
-7481.12 -6655.34
-7129.11 -6655.34
-7416.89 -6655.34
-7139.91 -6655.34
-6909.61 -6655.34
-7080.11 -6655.34
-7484.11 -6655.34
-7410.75 -6655.34
-7167.87 -6655.34
-7597.29 -6655.34
-7771.24 -6655.34
-7630.50 -6655.34
-7051.27 -6655.34
-7729.38 -6655.34
-7281.98 -6655.34
-7753.52 -6655.34
-7590.10 -6655.34
-7814.96 -6655.34
-7559.13 -6655.34
-7407.64 -6655.34
-7506.25 -6655.34
-7098.29 -6655.34
-7421.10 -6655.34
-7206.76 -6655.34
-7583.17 -6655.34
-7272.21 -6655.34
-7386.36 -6655.34
-6993.06 -6655.34
-7352.38 -6655.34
-7690.31 -6655.34
-7598.51 -6655.34
-7489.59 -6655.34
-7764.54 -6655.34
-7241.59 -6655.34
-7172.59 -6655.34
-6856.15 -6655.34
-6978.03 -6655.34
-7762.55 -6655.34
-7755.60 -6655.34
-7649.99 -6655.34
-7180.13 -6655.34
-7197.07 -6655.34
-7266.45 -6655.34
-7193.14 -6655.34
-7446.71 -6655.34
-7293.83 -6655.34
-7419.48 -6655.34
-7467.24 -6655.34
-7348.75 -6655.34
-7442.91 -6655.34
-7754.14 -6655.34
-6957.07 -6655.34
-6688.62 -6655.34
-7722.19 -6655.34
-7458.61 -6655.34
-7303.11 -6655.34
-7013.75 -6655.34
-7207.74 -6655.34
-7716.13 -6655.34
-6959.52 -6655.34
-7167.59 -6655.34
-7660.36 -6655.34
-7702.64 -6655.34
-7690.51 -6655.34
-7387.19 -6655.34
-7776.89 -6655.34
-7705.34 -6655.34
-7276.05 -6655.34
-7318.75 -6655.34
-8003.84 -6655.34
-7837.77 -6655.34
-7627.76 -6655.34
-7569.25 -6655.34
-6934.53 -6655.34
-7622.16 -6655.34
-6899.78 -6655.34
-7400.78 -6655.34
-7501.74 -6655.34
-7296.86 -6655.34
-7807.81 -6655.34
-7458.01 -6655.34
-7451.18 -6655.34
-7651.85 -6655.34
-7142.28 -6655.34
-7279.29 -6655.34
-7500.85 -6655.34
-7754.03 -6655.34
-7349.46 -6655.34
-7510.72 -6655.34
-7122.33 -6655.34
-7605.45 -6655.34
-7298.22 -6655.34
-7592.12 -6655.34
-7845.16 -6655.34
-7383.64 -6655.34
-7767.93 -6655.34
-7501.80 -6655.34
-7429.57 -6655.34
-7079.11 -6655.34
-7267.54 -6655.34
-7391.78 -6655.34
-7708.49 -6655.34
-7541.72 -6655.34
-7493.75 -6655.34
-7578.95 -6655.34
-7606.98 -6655.34
-7248.18 -6655.34
-7670.61 -6655.34
-7391.78 -6655.34
-7502.77 -6655.34
-7279.12 -6655.34
-7649.23 -6655.34
-7389.94 -6655.34
-7531.93 -6655.34
-7188.27 -6655.34
-7672.66 -6655.34
-7400.64 -6655.34
-7158.38 -6655.34
-7578.39 -6655.34
-7670.28 -6655.34
-7315.46 -6655.34
-6857.75 -6655.34
-7532.52 -6655.34
-6826.65 -6655.34
-7115.89 -6655.34
-7215.92 -6655.34
-7493.52 -6655.34
-7701.42 -6655.34
-7146.25 -6655.34
-7398.47 -6655.34
-7869.31 -6655.34
-7671.07 -6655.34
-7608.92 -6655.34
-7470.61 -6655.34
-6809.57 -6655.34
-8028.08 -8028.08
-8001.93 -8001.93
-7997.52 -7997.52
-8085.50 -7997.52
