-10000.00 -10000.00
-6097.51 -6097.51
-6128.27 -6097.51
-5993.34 -5993.34
-6054.20 -5993.34
-6056.83 -5993.34
-6030.32 -5993.34
-6069.32 -5993.34
-6133.30 -5993.34
-6072.59 -5993.34
-6013.27 -5993.34
-6107.30 -5993.34
-6134.83 -5993.34
-6089.34 -5993.34
-6069.69 -5993.34
-5995.10 -5993.34
-6042.21 -5993.34
-5997.77 -5993.34
-6010.49 -5993.34
-6058.98 -5993.34
-6104.33 -5993.34
-6064.00 -5993.34
-5951.86 -5951.86
-6008.68 -5951.86
-6064.71 -5951.86
-5923.68 -5923.68
-5953.04 -5923.68
-6027.67 -5923.68
-5914.30 -5914.30
-6017.83 -5914.30
-5965.96 -5914.30
-5851.89 -5851.89
-6007.83 -5851.89
-6016.44 -5851.89
-6000.43 -5851.89
-5867.14 -5851.89
-6030.57 -5851.89
-5946.59 -5851.89
-5886.13 -5851.89
-5912.47 -5851.89
-5855.43 -5851.89
-5929.73 -5851.89
-6011.41 -5851.89
-5895.32 -5851.89
-6050.34 -5851.89
-6040.34 -5851.89
-5973.68 -5851.89
-5890.13 -5851.89
-5941.32 -5851.89
-5916.59 -5851.89
-5878.13 -5851.89
-5933.14 -5851.89
-5957.62 -5851.89
-5797.34 -5797.34
-6006.59 -5797.34
-5860.78 -5797.34
-5961.77 -5797.34
-5933.30 -5797.34
-5899.35 -5797.34
-5888.21 -5797.34
-5728.75 -5728.75
-5867.55 -5728.75
-5983.71 -5728.75
-5862.67 -5728.75
-5831.11 -5728.75
-5979.95 -5728.75
-5937.03 -5728.75
-5881.60 -5728.75
-5757.05 -5728.75
-5797.74 -5728.75
-5816.70 -5728.75
-5699.23 -5699.23
-5811.02 -5699.23
-5831.02 -5699.23
-5797.83 -5699.23
-5795.72 -5699.23
-5843.61 -5699.23
-5803.97 -5699.23
-5752.12 -5699.23
-5793.29 -5699.23
-5706.66 -5699.23
-5791.81 -5699.23
-5750.24 -5699.23
-5773.96 -5699.23
-5930.90 -5699.23
-5932.29 -5699.23
-5835.76 -5699.23
-5912.13 -5699.23
-5646.58 -5646.58
-5738.10 -5646.58
-5838.28 -5646.58
-5667.15 -5646.58
-5819.64 -5646.58
-5920.38 -5646.58
-5831.24 -5646.58
-5871.82 -5646.58
-5879.97 -5646.58
-5773.68 -5646.58
-5893.24 -5646.58
-5961.87 -5646.58
-5834.03 -5646.58
-5891.23 -5646.58
-5836.08 -5646.58
-5923.12 -5646.58
-5844.30 -5646.58
-5933.29 -5646.58
-5770.18 -5646.58
-5759.15 -5646.58
-5895.15 -5646.58
-5844.86 -5646.58
-5896.44 -5646.58
-5885.53 -5646.58
-5801.52 -5646.58
-5975.33 -5646.58
-5564.99 -5564.99
-5817.59 -5564.99
-5864.91 -5564.99
-5754.83 -5564.99
-5622.79 -5564.99
-5706.97 -5564.99
-5514.57 -5514.57
-5675.04 -5514.57
-5804.44 -5514.57
-5641.53 -5514.57
-5866.17 -5514.57
-5746.79 -5514.57
-5554.43 -5514.57
-6038.94 -5514.57
-5791.53 -5514.57
-5767.61 -5514.57
-5857.54 -5514.57
-5825.02 -5514.57
-5556.90 -5514.57
-5926.18 -5514.57
-5709.02 -5514.57
-5943.71 -5514.57
-5579.67 -5514.57
-5899.92 -5514.57
-5845.95 -5514.57
-5683.64 -5514.57
-5782.32 -5514.57
-5353.80 -5353.80
-5914.27 -5353.80
-5882.52 -5353.80
-5724.86 -5353.80
-5532.45 -5353.80
-5754.71 -5353.80
-5794.90 -5353.80
-5775.50 -5353.80
-5640.13 -5353.80
-5442.53 -5353.80
-5565.93 -5353.80
-5885.18 -5353.80
-5851.28 -5353.80
-5803.56 -5353.80
-5630.32 -5353.80
-5674.35 -5353.80
-5821.30 -5353.80
-5700.86 -5353.80
-5864.82 -5353.80
-5924.68 -5353.80
-5584.95 -5353.80
-5883.59 -5353.80
-5575.11 -5353.80
-5776.36 -5353.80
-5378.66 -5353.80
-5661.67 -5353.80
-5732.73 -5353.80
-5772.10 -5353.80
-5612.88 -5353.80
-5927.26 -5353.80
-5855.56 -5353.80
-5721.70 -5353.80
-5632.57 -5353.80
-5478.30 -5353.80
-5930.79 -5353.80
-5767.44 -5353.80
-5482.31 -5353.80
-5742.44 -5353.80
-5731.84 -5353.80
-5795.51 -5353.80
-5921.30 -5353.80
-5606.86 -5353.80
-5737.83 -5353.80
-5594.75 -5353.80
-5746.93 -5353.80
-5695.29 -5353.80
-5540.97 -5353.80
-5803.82 -5353.80
-5581.86 -5353.80
-5739.97 -5353.80
-5640.87 -5353.80
-5568.24 -5353.80
-5729.60 -5353.80
-5803.77 -5353.80
-5727.46 -5353.80
-5731.32 -5353.80
-5926.35 -5353.80
-5892.56 -5353.80
-5761.68 -5353.80
-5557.97 -5353.80
-5913.85 -5353.80
-5902.48 -5353.80
-5700.04 -5353.80
-5771.04 -5353.80
-5946.57 -5353.80
-5667.97 -5353.80
-5701.94 -5353.80
-5559.33 -5353.80
-5701.89 -5353.80
-5895.78 -5353.80
-5552.71 -5353.80
-5741.34 -5353.80
-5924.13 -5353.80
-5904.95 -5353.80
-5650.90 -5353.80
-5942.33 -5353.80
-5650.44 -5353.80
-5649.61 -5353.80
-5654.32 -5353.80
-5521.38 -5353.80
-5966.90 -5353.80
-5624.15 -5353.80
-5768.11 -5353.80
-5739.60 -5353.80
-5801.87 -5353.80
-5540.30 -5353.80
-5673.94 -5353.80
-5893.53 -5353.80
-5892.10 -5353.80
-5966.46 -5353.80
-5693.06 -5353.80
-5944.65 -5353.80
-5620.85 -5353.80
-5616.06 -5353.80
-5624.75 -5353.80
-5916.55 -5353.80
-5771.79 -5353.80
-5643.65 -5353.80
-5516.62 -5353.80
-5906.75 -5353.80
-5562.44 -5353.80
-5452.68 -5353.80
-5648.68 -5353.80
-5659.70 -5353.80
-5897.05 -5353.80
-5744.30 -5353.80
-5564.29 -5353.80
-5798.41 -5353.80
-5655.60 -5353.80
-5801.19 -5353.80
-5655.92 -5353.80
-5841.83 -5353.80
-5937.51 -5353.80
-5577.17 -5353.80
-5890.26 -5353.80
-5446.99 -5353.80
-5645.37 -5353.80
-5790.86 -5353.80
-5603.37 -5353.80
-5743.03 -5353.80
-5657.85 -5353.80
-5638.66 -5353.80
-5473.53 -5353.80
-5770.03 -5353.80
-5723.38 -5353.80
-5833.46 -5353.80
-6091.98 -5353.80
-5741.26 -5353.80
-5954.53 -5353.80
-5839.50 -5353.80
-5938.03 -5353.80
-5541.74 -5353.80
-5494.77 -5353.80
-5714.09 -5353.80
-5824.52 -5353.80
-5503.34 -5353.80
-5760.46 -5353.80
-5863.76 -5353.80
-5742.16 -5353.80
-5860.66 -5353.80
-5646.28 -5353.80
-5485.63 -5353.80
-5664.73 -5353.80
-5683.26 -5353.80
-5881.01 -5353.80
-5830.74 -5353.80
-5797.95 -5353.80
-5578.09 -5353.80
-5566.91 -5353.80
-5489.06 -5353.80
-5773.34 -5353.80
-5689.31 -5353.80
-5779.90 -5353.80
-5981.16 -5353.80
-5617.50 -5353.80
-5595.47 -5353.80
-5895.99 -5353.80
-5537.48 -5353.80
-5559.50 -5353.80
-5635.87 -5353.80
-5592.16 -5353.80
-5938.82 -5353.80
-5733.95 -5353.80
-5796.58 -5353.80
-5857.96 -5353.80
-5799.64 -5353.80
-5847.42 -5353.80
-5687.50 -5353.80
-5617.00 -5353.80
-5686.17 -5353.80
-5900.07 -5353.80
-5947.52 -5353.80
-5699.23 -5353.80
-5984.61 -5353.80
-5776.70 -5353.80
-5429.55 -5353.80
-5574.61 -5353.80
-5796.31 -5353.80
-5824.56 -5353.80
-5642.24 -5353.80
-5703.97 -5353.80
-5743.05 -5353.80
-5789.68 -5353.80
-5653.08 -5353.80
-5836.03 -5353.80
-5906.05 -5353.80
-5814.92 -5353.80
-5902.63 -5353.80
-5554.63 -5353.80
-5963.09 -5353.80
-5371.47 -5353.80
-5556.18 -5353.80
-5901.77 -5353.80
-5671.79 -5353.80
-5783.38 -5353.80
-5459.97 -5353.80
-5807.06 -5353.80
-5756.41 -5353.80
-5854.60 -5353.80
-5802.93 -5353.80
-5677.68 -5353.80
-5732.50 -5353.80
-5487.44 -5353.80
-5687.64 -5353.80
-5627.04 -5353.80
-5793.80 -5353.80
-5968.74 -5353.80
-5877.13 -5353.80
-5762.90 -5353.80
-5640.58 -5353.80
-5979.25 -5353.80
-5786.94 -5353.80
-5767.07 -5353.80
-5813.82 -5353.80
-5785.89 -5353.80
-5662.04 -5353.80
-5661.28 -5353.80
-5839.60 -5353.80
-5692.60 -5353.80
-5700.51 -5353.80
-5571.03 -5353.80
-5514.33 -5353.80
-5903.61 -5353.80
-6100.05 -5353.80
-5638.67 -5353.80
-5860.25 -5353.80
-5614.22 -5353.80
-5432.86 -5353.80
-5499.50 -5353.80
-5624.68 -5353.80
-5756.05 -5353.80
-5546.33 -5353.80
-5644.38 -5353.80
-5876.81 -5353.80
-5653.46 -5353.80
-5624.87 -5353.80
-5869.31 -5353.80
-5734.85 -5353.80
-5758.88 -5353.80
-5828.69 -5353.80
-5770.86 -5353.80
-5831.99 -5353.80
-5911.32 -5353.80
-5616.39 -5353.80
-5507.28 -5353.80
-5682.08 -5353.80
-5674.96 -5353.80
-5864.46 -5353.80
-5899.46 -5353.80
-5765.88 -5353.80
-5624.50 -5353.80
-5665.61 -5353.80
-5563.11 -5353.80
-5750.00 -5353.80
-5820.09 -5353.80
-5902.95 -5353.80
-5987.11 -5353.80
-5699.31 -5353.80
-5678.24 -5353.80
-5799.34 -5353.80
-5818.37 -5353.80
-5632.95 -5353.80
-5725.12 -5353.80
-6053.53 -5353.80
-5673.79 -5353.80
-5578.44 -5353.80
-5984.97 -5353.80
-5525.42 -5353.80
-5456.59 -5353.80
-5683.05 -5353.80
-5693.11 -5353.80
-5943.21 -5353.80
-5668.62 -5353.80
-5542.05 -5353.80
-5425.92 -5353.80
-5419.28 -5353.80
-6025.96 -5353.80
-6000.15 -6000.15
-5960.45 -5960.45
-6060.82 -5960.45
-5878.05 -5878.05
-6007.37 -5878.05
-5950.34 -5878.05
-5977.33 -5878.05
-5989.53 -5878.05
-6034.72 -5878.05
-5956.55 -5878.05
-5900.83 -5878.05
-6012.17 -5878.05
-6068.51 -5878.05
-5865.84 -5865.84
-6040.47 -5865.84
-5853.80 -5853.80
-5901.73 -5853.80
-5939.47 -5853.80
-5884.43 -5853.80
-5955.82 -5853.80
-6016.84 -5853.80
-5981.92 -5853.80
-5934.11 -5853.80
-5854.29 -5853.80
-6003.44 -5853.80
-5948.74 -5853.80
-5976.28 -5853.80
-5980.30 -5853.80
-5937.70 -5853.80
-5977.12 -5853.80
-5883.38 -5853.80
-5937.03 -5853.80
-5902.77 -5853.80
-5964.27 -5853.80
-5873.82 -5853.80
-5998.34 -5853.80
-5818.47 -5818.47
-5834.57 -5818.47
-6032.54 -5818.47
-6006.03 -5818.47
-5872.94 -5818.47
-5781.16 -5781.16
-6026.38 -5781.16
-5874.20 -5781.16
-5799.52 -5781.16
-5866.31 -5781.16
-5874.56 -5781.16
-5954.98 -5781.16
-5672.84 -5672.84
-5954.73 -5672.84
-5852.94 -5672.84
-5682.08 -5672.84
-5852.70 -5672.84
-5723.52 -5672.84
-5895.35 -5672.84
-5864.87 -5672.84
-5690.40 -5672.84
-5910.81 -5672.84
-5722.46 -5672.84
-5949.42 -5672.84
-5687.16 -5672.84
-5934.48 -5672.84
-5752.74 -5672.84
-5593.15 -5593.15
-5779.88 -5593.15
-5686.61 -5593.15
-5631.76 -5593.15
-5674.98 -5593.15
-5554.22 -5554.22
-5606.42 -5554.22
-5580.07 -5554.22
-5713.85 -5554.22
-5963.54 -5554.22
-5888.20 -5554.22
-5690.24 -5554.22
-5690.44 -5554.22
-5812.66 -5554.22
-5979.76 -5554.22
-5601.95 -5554.22
-5450.68 -5450.68
-5703.67 -5450.68
-5953.11 -5450.68
-5806.74 -5450.68
-5497.09 -5450.68
-5691.10 -5450.68
-5780.67 -5450.68
-5754.36 -5450.68
-5618.16 -5450.68
-5636.50 -5450.68
-5639.21 -5450.68
-5878.44 -5450.68
-5407.75 -5407.75
-5841.83 -5407.75
-5745.89 -5407.75
-5719.15 -5407.75
-5838.30 -5407.75
-5767.86 -5407.75
-5520.35 -5407.75
-5583.06 -5407.75
-5641.43 -5407.75
-5679.72 -5407.75
-5698.25 -5407.75
-5860.06 -5407.75
-5517.68 -5407.75
-5933.50 -5407.75
-5376.34 -5376.34
-5619.72 -5376.34
-5429.02 -5376.34
-5704.72 -5376.34
-5750.26 -5376.34
-5598.12 -5376.34
-5657.23 -5376.34
-5913.63 -5376.34
-5545.59 -5376.34
-5640.23 -5376.34
-5908.13 -5376.34
-5704.16 -5376.34
-5662.19 -5376.34
-5723.14 -5376.34
-5443.27 -5376.34
-5917.39 -5376.34
-5780.36 -5376.34
-5915.94 -5376.34
-5559.41 -5376.34
-5850.51 -5376.34
-5724.83 -5376.34
-5460.99 -5376.34
-5614.68 -5376.34
-5587.45 -5376.34
-5712.50 -5376.34
-5458.27 -5376.34
-5817.43 -5376.34
-5656.17 -5376.34
-5558.35 -5376.34
-5492.63 -5376.34
-5551.07 -5376.34
-5786.81 -5376.34
-5487.54 -5376.34
-5325.29 -5325.29
-5428.91 -5325.29
-5636.15 -5325.29
-5890.34 -5325.29
-5354.32 -5325.29
-5699.33 -5325.29
-5884.30 -5325.29
-5715.09 -5325.29
-5747.75 -5325.29
-5573.65 -5325.29
-5689.08 -5325.29
-5531.14 -5325.29
-5572.07 -5325.29
-5645.15 -5325.29
-5818.43 -5325.29
-5944.80 -5325.29
-5571.35 -5325.29
-5471.12 -5325.29
-5868.60 -5325.29
-5709.19 -5325.29
-5682.53 -5325.29
-5793.09 -5325.29
-5753.86 -5325.29
-5659.71 -5325.29
-5794.11 -5325.29
-5543.49 -5325.29
-5657.67 -5325.29
-5731.51 -5325.29
-5750.50 -5325.29
-5738.62 -5325.29
-5564.65 -5325.29
-6019.14 -5325.29
-5465.50 -5325.29
-5642.65 -5325.29
-5942.48 -5325.29
-5893.97 -5325.29
-5646.53 -5325.29
-5599.13 -5325.29
-5786.78 -5325.29
-5685.25 -5325.29
-5920.61 -5325.29
-5907.05 -5325.29
-5781.34 -5325.29
-5777.50 -5325.29
-5427.34 -5325.29
-5566.34 -5325.29
-5927.17 -5325.29
-5715.07 -5325.29
-5816.00 -5325.29
-5637.88 -5325.29
-5548.92 -5325.29
-5575.13 -5325.29
-5458.67 -5325.29
-5622.90 -5325.29
-5528.94 -5325.29
-5675.60 -5325.29
-5899.93 -5325.29
-5554.67 -5325.29
-5646.33 -5325.29
-5944.29 -5325.29
-5759.39 -5325.29
-5854.74 -5325.29
-5470.21 -5325.29
-5713.90 -5325.29
-5928.18 -5325.29
-5701.95 -5325.29
-5992.20 -5325.29
-5969.78 -5325.29
-5806.50 -5325.29
-5801.39 -5325.29
-5750.00 -5325.29
-5731.91 -5325.29
-5902.26 -5325.29
-5565.50 -5325.29
-5442.03 -5325.29
-5695.26 -5325.29
-5366.90 -5325.29
-5697.10 -5325.29
-5938.74 -5325.29
-5798.28 -5325.29
-5505.64 -5325.29
-5596.48 -5325.29
-5743.64 -5325.29
-5862.49 -5325.29
-5376.97 -5325.29
-5708.29 -5325.29
-5368.79 -5325.29
-5938.87 -5325.29
-5575.03 -5325.29
-5801.55 -5325.29
-5889.91 -5325.29
-5486.09 -5325.29
-5586.01 -5325.29
-5443.46 -5325.29
-5528.30 -5325.29
-5655.88 -5325.29
-5430.02 -5325.29
-5846.50 -5325.29
-5792.45 -5325.29
-5743.78 -5325.29
-5495.40 -5325.29
-5791.68 -5325.29
-5757.28 -5325.29
-5742.21 -5325.29
-5763.01 -5325.29
-5587.89 -5325.29
-5801.84 -5325.29
-5897.99 -5325.29
-5687.69 -5325.29
-5608.59 -5325.29
-5593.34 -5325.29
-5984.52 -5325.29
-5363.77 -5325.29
-5382.67 -5325.29
-5916.22 -5325.29
-5856.36 -5325.29
-5770.39 -5325.29
-5415.13 -5325.29
-5595.21 -5325.29
-5533.57 -5325.29
-5882.93 -5325.29
-5541.04 -5325.29
-5779.09 -5325.29
-5529.79 -5325.29
-5991.29 -5325.29
-5411.69 -5325.29
-5540.59 -5325.29
-5840.59 -5325.29
-5691.17 -5325.29
-5693.55 -5325.29
-5703.15 -5325.29
-5960.63 -5325.29
-5468.89 -5325.29
-5578.50 -5325.29
-5902.16 -5325.29
-5652.39 -5325.29
-5530.48 -5325.29
-5715.24 -5325.29
-5850.05 -5325.29
-5693.49 -5325.29
-5826.71 -5325.29
-5836.01 -5325.29
-5528.79 -5325.29
-5798.85 -5325.29
-5640.99 -5325.29
-5764.56 -5325.29
-5866.37 -5325.29
-5908.38 -5325.29
-5742.66 -5325.29
-5818.28 -5325.29
-5833.70 -5325.29
-5727.89 -5325.29
-5830.72 -5325.29
-5879.41 -5325.29
-5869.07 -5325.29
-5547.82 -5325.29
-5743.16 -5325.29
-5823.18 -5325.29
-5775.32 -5325.29
-5646.78 -5325.29
-5541.78 -5325.29
-5833.44 -5325.29
-5754.61 -5325.29
-5764.19 -5325.29
-5940.04 -5325.29
-5752.08 -5325.29
-5376.57 -5325.29
-5519.73 -5325.29
-5789.47 -5325.29
-5668.59 -5325.29
-5691.69 -5325.29
-5721.81 -5325.29
-5468.87 -5325.29
-5777.15 -5325.29
-5644.75 -5325.29
-5503.38 -5325.29
-5848.75 -5325.29
-5655.82 -5325.29
-5434.50 -5325.29
-5592.21 -5325.29
-5787.71 -5325.29
-5494.50 -5325.29
-5498.27 -5325.29
-5812.59 -5325.29
-5808.13 -5325.29
-5864.68 -5325.29
-5701.30 -5325.29
-5827.66 -5325.29
-5516.70 -5325.29
-5762.89 -5325.29
-5469.46 -5325.29
-5916.67 -5325.29
-5521.15 -5325.29
-5886.19 -5325.29
-5596.85 -5325.29
-5862.42 -5325.29
-5584.94 -5325.29
-5953.62 -5325.29
-5504.37 -5325.29
-5680.45 -5325.29
-5876.21 -5325.29
-5449.53 -5325.29
-5796.95 -5325.29
-5589.44 -5325.29
-5935.40 -5325.29
-5526.49 -5325.29
-5871.63 -5325.29
-5620.36 -5325.29
-5724.51 -5325.29
-5644.56 -5325.29
-5717.78 -5325.29
-5700.80 -5325.29
-5738.52 -5325.29
-5596.38 -5325.29
-5824.05 -5325.29
-5808.91 -5325.29
-5893.88 -5325.29
-5540.34 -5325.29
-5548.75 -5325.29
-5827.03 -5325.29
-5682.17 -5325.29
-5776.57 -5325.29
-5640.26 -5325.29
-5668.91 -5325.29
-5512.57 -5325.29
-5565.50 -5325.29
-5680.21 -5325.29
-5916.60 -5325.29
-5810.05 -5325.29
-5816.39 -5325.29
-5290.34 -5290.34
-6011.82 -5290.34
-5900.09 -5290.34
-5884.08 -5290.34
-5408.60 -5290.34
-5525.23 -5290.34
-5621.30 -5290.34
-5870.77 -5290.34
-5855.21 -5290.34
-5817.95 -5290.34
-5916.21 -5290.34
-5764.90 -5290.34
-5356.62 -5290.34
-5809.35 -5290.34
-5461.66 -5290.34
-5801.36 -5290.34
-5421.68 -5290.34
-5764.59 -5290.34
-5413.29 -5290.34
-5509.35 -5290.34
-5876.78 -5290.34
-5843.00 -5290.34
-5605.84 -5290.34
-5605.59 -5290.34
-5707.55 -5290.34
-5433.42 -5290.34
-5778.82 -5290.34
-5460.14 -5290.34
-5728.83 -5290.34
-5897.94 -5290.34
-5564.51 -5290.34
-5900.48 -5290.34
-5831.85 -5290.34
-5581.18 -5290.34
-5712.42 -5290.34
-5462.12 -5290.34
-5664.70 -5290.34
-5802.99 -5290.34
-5698.17 -5290.34
-5586.94 -5290.34
-5411.49 -5290.34
-5832.15 -5290.34
-5572.81 -5290.34
-5394.42 -5290.34
-5503.13 -5290.34
-5801.54 -5290.34
-5718.38 -5290.34
-5629.99 -5290.34
-6067.36 -6067.36
-6038.60 -6038.60
-6122.53 -6038.60
-6080.91 -6038.60
-6005.54 -6005.54
-5946.26 -5946.26
-6059.18 -5946.26
-5981.28 -5946.26
-6026.23 -5946.26
-6179.05 -5946.26
-6013.06 -5946.26
-6133.68 -5946.26
-6013.49 -5946.26
-5906.91 -5906.91
-5820.85 -5820.85
-5943.55 -5820.85
-6030.18 -5820.85
-6090.17 -5820.85
-5914.26 -5820.85
-5892.35 -5820.85
-5904.19 -5820.85
-5697.01 -5697.01
-5945.56 -5697.01
-5689.86 -5689.86
-5814.47 -5689.86
-5756.70 -5689.86
-5810.57 -5689.86
-5805.58 -5689.86
-5768.88 -5689.86
-5825.30 -5689.86
-5749.39 -5689.86
-5704.39 -5689.86
-5804.87 -5689.86
-6004.80 -5689.86
-5618.19 -5618.19
-5810.87 -5618.19
-5909.86 -5618.19
-5480.11 -5480.11
-5657.19 -5480.11
-5716.91 -5480.11
-5919.29 -5480.11
-5823.83 -5480.11
-5672.56 -5480.11
-5611.66 -5480.11
-5668.40 -5480.11
-5722.84 -5480.11
-5793.74 -5480.11
-5632.95 -5480.11
-5624.75 -5480.11
-5502.62 -5480.11
-5630.88 -5480.11
-5929.85 -5480.11
-5790.17 -5480.11
-5481.25 -5480.11
-5621.47 -5480.11
-5372.45 -5372.45
-5839.67 -5372.45
-5797.03 -5372.45
-5760.63 -5372.45
-5771.51 -5372.45
-5498.41 -5372.45
-5473.96 -5372.45
-5817.18 -5372.45
-5797.82 -5372.45
-5625.64 -5372.45
-5896.25 -5372.45
-5643.56 -5372.45
-5569.27 -5372.45
-5694.31 -5372.45
-5487.51 -5372.45
-5540.03 -5372.45
-5713.07 -5372.45
-5810.86 -5372.45
-5611.20 -5372.45
-5792.41 -5372.45
-5610.84 -5372.45
-5965.46 -5372.45
-5853.31 -5372.45
-5829.21 -5372.45
-5945.60 -5372.45
-5808.70 -5372.45
-5592.98 -5372.45
-5658.73 -5372.45
-5884.75 -5372.45
-5620.42 -5372.45
-5555.43 -5372.45
-5824.04 -5372.45
-5928.43 -5372.45
-6007.96 -5372.45
-5985.31 -5372.45
-5508.84 -5372.45
-5743.40 -5372.45
-5647.67 -5372.45
-5830.07 -5372.45
-5670.36 -5372.45
-5684.98 -5372.45
-5877.81 -5372.45
-5892.55 -5372.45
-5767.54 -5372.45
-5888.16 -5372.45
-5724.68 -5372.45
-5774.80 -5372.45
-5938.26 -5372.45
-5701.67 -5372.45
-5593.34 -5372.45
-5720.07 -5372.45
-5638.51 -5372.45
-5706.91 -5372.45
-5693.33 -5372.45
-5476.89 -5372.45
-5891.11 -5372.45
-5777.69 -5372.45
-5351.38 -5351.38
-5629.68 -5351.38
-5988.85 -5351.38
-5897.34 -5351.38
-5889.44 -5351.38
-5755.18 -5351.38
-5618.01 -5351.38
-5628.21 -5351.38
-5656.98 -5351.38
-5816.12 -5351.38
-5901.32 -5351.38
-5638.27 -5351.38
-5638.52 -5351.38
-5794.92 -5351.38
-5636.60 -5351.38
-5817.11 -5351.38
-5699.40 -5351.38
-5707.95 -5351.38
-5641.50 -5351.38
-5831.07 -5351.38
-5724.88 -5351.38
-5815.03 -5351.38
-5914.48 -5351.38
-5734.86 -5351.38
-5831.35 -5351.38
-5559.31 -5351.38
-5378.11 -5351.38
-5706.45 -5351.38
-5679.83 -5351.38
-5478.25 -5351.38
-5866.85 -5351.38
-5764.36 -5351.38
-5643.28 -5351.38
-5784.53 -5351.38
-5537.25 -5351.38
-5851.63 -5351.38
-5873.70 -5351.38
-5753.71 -5351.38
-5660.84 -5351.38
-5793.09 -5351.38
-5888.43 -5351.38
-5665.24 -5351.38
-5844.47 -5351.38
-5809.43 -5351.38
-5948.08 -5351.38
-5688.22 -5351.38
-5525.42 -5351.38
-5885.67 -5351.38
-5891.05 -5351.38
-5831.40 -5351.38
-5717.60 -5351.38
-5916.76 -5351.38
-5800.22 -5351.38
-5745.67 -5351.38
-5943.06 -5351.38
-5739.13 -5351.38
-5700.29 -5351.38
-5334.12 -5334.12
-5878.97 -5334.12
-5638.35 -5334.12
-5827.07 -5334.12
-5848.19 -5334.12
-5826.98 -5334.12
-5877.51 -5334.12
-5442.58 -5334.12
-5888.84 -5334.12
-5710.90 -5334.12
-5766.12 -5334.12
-5744.95 -5334.12
-5714.49 -5334.12
-5859.90 -5334.12
-5425.37 -5334.12
-5367.78 -5334.12
-5774.80 -5334.12
-5789.18 -5334.12
-5550.91 -5334.12
-5781.42 -5334.12
-5536.38 -5334.12
-5805.91 -5334.12
-5574.89 -5334.12
-5967.57 -5334.12
-5674.29 -5334.12
-5607.88 -5334.12
-5645.05 -5334.12
-5336.44 -5334.12
-5763.96 -5334.12
-5859.14 -5334.12
-5531.42 -5334.12
-5498.13 -5334.12
-5495.10 -5334.12
-5665.34 -5334.12
-5893.66 -5334.12
-5712.87 -5334.12
-5767.87 -5334.12
-5531.15 -5334.12
-5883.93 -5334.12
-5675.83 -5334.12
-5481.50 -5334.12
-5560.00 -5334.12
-5818.70 -5334.12
-5836.15 -5334.12
-5481.68 -5334.12
-5563.28 -5334.12
-5600.96 -5334.12
-5707.63 -5334.12
-5729.13 -5334.12
-5875.19 -5334.12
-5776.30 -5334.12
-5677.31 -5334.12
-5595.36 -5334.12
-5618.67 -5334.12
-5746.48 -5334.12
-5797.36 -5334.12
-5449.61 -5334.12
-5894.97 -5334.12
-5766.81 -5334.12
-5607.58 -5334.12
-5804.09 -5334.12
-5892.68 -5334.12
-5996.15 -5334.12
-5773.67 -5334.12
-5853.88 -5334.12
-5688.78 -5334.12
-5814.43 -5334.12
-5727.62 -5334.12
-5636.08 -5334.12
-5669.43 -5334.12
-5535.00 -5334.12
-5518.32 -5334.12
-5693.27 -5334.12
-5812.66 -5334.12
-5646.23 -5334.12
-5823.61 -5334.12
-5675.93 -5334.12
-5878.75 -5334.12
-5559.50 -5334.12
-5910.48 -5334.12
-5804.98 -5334.12
-5513.72 -5334.12
-5385.14 -5334.12
-5858.55 -5334.12
-5858.51 -5334.12
-5716.05 -5334.12
-5851.49 -5334.12
-5650.91 -5334.12
-5601.18 -5334.12
-5466.72 -5334.12
-5857.18 -5334.12
-5942.85 -5334.12
-5676.98 -5334.12
-5626.06 -5334.12
-5494.12 -5334.12
-5909.94 -5334.12
-5571.41 -5334.12
-5680.37 -5334.12
-5761.73 -5334.12
-5874.81 -5334.12
-5577.27 -5334.12
-5581.71 -5334.12
-5605.57 -5334.12
-5492.07 -5334.12
-5790.85 -5334.12
-5645.71 -5334.12
-5592.85 -5334.12
-5761.24 -5334.12
-5567.44 -5334.12
-5935.35 -5334.12
-5565.48 -5334.12
-5755.68 -5334.12
-5904.50 -5334.12
-5842.30 -5334.12
-5618.75 -5334.12
-5933.07 -5334.12
-5651.08 -5334.12
-5648.79 -5334.12
-5901.39 -5334.12
-5612.10 -5334.12
-5898.80 -5334.12
-6016.34 -5334.12
-5326.93 -5326.93
-6015.87 -5326.93
-5894.70 -5326.93
-5546.65 -5326.93
-5467.83 -5326.93
-5280.67 -5280.67
-5637.12 -5280.67
-5770.97 -5280.67
-5200.79 -5200.79
-5762.53 -5200.79
-5569.40 -5200.79
-5470.80 -5200.79
-5863.11 -5200.79
-5463.34 -5200.79
-5906.76 -5200.79
-5651.61 -5200.79
-5852.32 -5200.79
-5426.19 -5200.79
-5678.03 -5200.79
-5669.69 -5200.79
-5635.25 -5200.79
-5443.60 -5200.79
-5886.00 -5200.79
-5638.94 -5200.79
-5645.03 -5200.79
-5806.20 -5200.79
-5588.88 -5200.79
-5583.35 -5200.79
-5954.58 -5200.79
-5747.31 -5200.79
-5379.22 -5200.79
-5864.19 -5200.79
-5387.60 -5200.79
-5689.90 -5200.79
-5713.74 -5200.79
-5917.19 -5200.79
-5870.19 -5200.79
-5681.87 -5200.79
-5246.38 -5200.79
-5566.46 -5200.79
-5698.10 -5200.79
-5542.76 -5200.79
-5921.19 -5200.79
-5550.09 -5200.79
-5716.83 -5200.79
-5496.53 -5200.79
-5863.21 -5200.79
-5562.15 -5200.79
-5653.37 -5200.79
-5557.12 -5200.79
-5867.07 -5200.79
-5452.15 -5200.79
-5899.92 -5200.79
-5622.37 -5200.79
-5366.24 -5200.79
-5470.04 -5200.79
-5494.70 -5200.79
-5659.87 -5200.79
-5898.26 -5200.79
-5500.72 -5200.79
-5421.87 -5200.79
-5546.17 -5200.79
-5668.73 -5200.79
-5702.05 -5200.79
-5688.82 -5200.79
-5758.57 -5200.79
-5854.60 -5200.79
-6011.10 -5200.79
-5187.10 -5187.10
-5727.41 -5187.10
-5759.53 -5187.10
-5619.58 -5187.10
-5455.19 -5187.10
-5914.90 -5187.10
-5487.78 -5187.10
-5722.29 -5187.10
-5631.52 -5187.10
-5597.78 -5187.10
-5863.79 -5187.10
-5786.33 -5187.10
-5661.14 -5187.10
-5872.83 -5187.10
-5870.69 -5187.10
-5693.58 -5187.10
-5661.04 -5187.10
-5709.07 -5187.10
-5844.65 -5187.10
-5793.16 -5187.10
-5441.63 -5187.10
-5727.98 -5187.10
-5692.46 -5187.10
-5704.09 -5187.10
-5773.91 -5187.10
-5467.94 -5187.10
-5773.15 -5187.10
-5816.78 -5187.10
-5911.19 -5187.10
-5786.68 -5187.10
-5749.34 -5187.10
-5854.32 -5187.10
-5359.49 -5187.10
-5777.16 -5187.10
-5532.39 -5187.10
-5727.22 -5187.10
-5855.42 -5187.10
-5620.00 -5187.10
-5714.33 -5187.10
-5829.77 -5187.10
-6110.18 -5187.10
-5717.85 -5187.10
-5882.72 -5187.10
-5579.32 -5187.10
-5993.50 -5187.10
-5382.71 -5187.10
-5345.83 -5187.10
-5552.45 -5187.10
-5519.34 -5187.10
-5388.26 -5187.10
-5826.92 -5187.10
-5299.48 -5187.10
-5962.17 -5187.10
-5709.73 -5187.10
-5840.66 -5187.10
-5875.49 -5187.10
-5854.68 -5187.10
-6213.77 -5187.10
-6114.23 -5187.10
-6211.50 -5187.10
-6191.11 -5187.10
-6160.67 -5187.10
-6148.86 -5187.10
-6143.33 -5187.10
-6056.67 -5187.10
-6137.82 -5187.10
-6155.00 -5187.10
-6172.95 -5187.10
-6128.14 -5187.10
-6094.10 -5187.10
-6154.29 -5187.10
-6204.04 -5187.10
-6170.25 -5187.10
-6099.17 -5187.10
-6087.06 -5187.10
-6123.09 -5187.10
-6065.26 -5187.10
-6191.57 -5187.10
-6096.41 -5187.10
-6141.78 -5187.10
-6120.86 -5187.10
-6136.08 -5187.10
-6187.09 -5187.10
-6157.36 -5187.10
-6054.20 -5187.10
-6110.70 -5187.10
-6124.42 -5187.10
-6196.06 -5187.10
-6089.64 -5187.10
-6183.34 -5187.10
-6150.92 -5187.10
-6148.99 -5187.10
-6175.12 -5187.10
-6175.69 -5187.10
-6169.41 -5187.10
-6195.80 -5187.10
-6113.39 -5187.10
-6083.60 -5187.10
-6117.41 -5187.10
-6150.91 -5187.10
-6135.22 -5187.10
-6173.49 -5187.10
-6224.22 -5187.10
-6163.06 -5187.10
-6119.25 -5187.10
-6141.97 -5187.10
-6109.28 -5187.10
-6142.87 -5187.10
-6227.18 -5187.10
-6079.95 -5187.10
-6210.43 -5187.10
-6072.92 -5187.10
-6117.73 -5187.10
-6187.69 -5187.10
-6173.42 -5187.10
-6119.38 -5187.10
-6131.74 -5187.10
-6145.16 -5187.10
-6111.11 -5187.10
-6165.93 -5187.10
-6152.02 -5187.10
-6130.04 -5187.10
-6209.80 -5187.10
-6136.95 -5187.10
-6097.92 -5187.10
-6199.67 -5187.10
-6138.09 -5187.10
-6130.07 -5187.10
-6136.65 -5187.10
-6120.79 -5187.10
-6149.46 -5187.10
-6149.27 -5187.10
-6128.42 -5187.10
-6144.59 -5187.10
-6162.14 -5187.10
-6089.85 -5187.10
-6235.93 -5187.10
-6050.84 -5187.10
-6164.23 -5187.10
-6155.02 -5187.10
-6164.84 -5187.10
-6109.81 -5187.10
-6136.64 -5187.10
-6136.19 -5187.10
-6099.18 -5187.10
-6174.43 -5187.10
-6124.48 -5187.10
-6160.91 -5187.10
-6069.31 -5187.10
-6226.50 -5187.10
-6257.69 -5187.10
-6112.60 -5187.10
-6123.19 -5187.10
-6098.14 -5187.10
-6254.13 -5187.10
-5985.25 -5187.10
-6164.09 -5187.10
-6182.92 -5187.10
-6173.01 -5187.10
-6121.06 -5187.10
-6145.45 -5187.10
-6206.01 -5187.10
-6146.72 -5187.10
-6230.72 -5187.10
-6144.09 -5187.10
-6132.38 -5187.10
-6166.71 -5187.10
-6113.39 -5187.10
-6074.46 -5187.10
-6125.17 -5187.10
-6215.49 -5187.10
-6184.68 -5187.10
-6230.09 -5187.10
-6113.29 -5187.10
-6227.83 -5187.10
-6085.69 -5187.10
-6100.62 -5187.10
-6152.90 -5187.10
-6025.26 -5187.10
-6090.25 -5187.10
-6127.39 -5187.10
-6076.04 -5187.10
-6241.40 -5187.10
-6172.68 -5187.10
-6141.76 -5187.10
-6196.22 -5187.10
-6142.64 -5187.10
-6113.16 -5187.10
-6322.70 -5187.10
-6219.83 -5187.10
-6192.93 -5187.10
-6066.34 -5187.10
-6163.34 -5187.10
-6164.09 -5187.10
-6126.04 -5187.10
-6163.85 -5187.10
-6180.06 -5187.10
-6255.81 -5187.10
-6108.70 -5187.10
-6117.55 -5187.10
-6160.70 -5187.10
-6213.21 -5187.10
-6151.88 -5187.10
-6166.56 -5187.10
-6177.85 -5187.10
-6140.57 -5187.10
-6168.64 -5187.10
-6192.01 -5187.10
-6118.80 -5187.10
-6157.20 -5187.10
-6158.19 -5187.10
-6145.53 -5187.10
-6230.59 -5187.10
-6199.52 -5187.10
-6125.77 -5187.10
-6174.71 -5187.10
-6164.74 -5187.10
-6205.70 -5187.10
-6147.75 -5187.10
-6114.20 -5187.10
-6175.85 -5187.10
-6163.66 -5187.10
-6096.75 -5187.10
-6165.76 -5187.10
-6087.70 -5187.10
-6281.73 -5187.10
-6120.67 -5187.10
-6173.74 -5187.10
-6220.35 -5187.10
-6155.84 -5187.10
-6162.51 -5187.10
-6124.74 -5187.10
-6138.43 -5187.10
-6124.48 -5187.10
-6130.56 -5187.10
-6094.22 -5187.10
-6188.40 -5187.10
-6121.61 -5187.10
-6174.63 -5187.10
-6150.68 -5187.10
-6088.56 -5187.10
-6163.82 -5187.10
-6220.65 -5187.10
-6147.21 -5187.10
-6165.61 -5187.10
-6161.12 -5187.10
-6175.52 -5187.10
-6179.93 -5187.10
-6107.28 -5187.10
-6253.75 -5187.10
-6162.69 -5187.10
-6166.29 -5187.10
-6191.50 -5187.10
-6071.59 -5187.10
-6168.36 -5187.10
-6093.02 -5187.10
-6209.00 -5187.10
-6110.56 -5187.10
-6112.53 -5187.10
-6216.10 -5187.10
-6146.02 -5187.10
-6079.78 -5187.10
-6103.37 -5187.10
-6148.34 -5187.10
-6178.06 -5187.10
-6253.34 -5187.10
-6114.29 -5187.10
-6117.92 -5187.10
-6058.63 -5187.10
-6147.88 -5187.10
-6117.78 -5187.10
-6155.16 -5187.10
-6080.88 -5187.10
-6128.45 -5187.10
-6098.71 -5187.10
-6135.46 -5187.10
-6098.86 -5187.10
-6139.29 -5187.10
-6112.13 -5187.10
-6133.25 -5187.10
-6146.09 -5187.10
-6137.06 -5187.10
-6098.94 -5187.10
-6230.01 -5187.10
-6199.10 -5187.10
-6185.42 -5187.10
-6161.56 -5187.10
-6224.34 -5187.10
-6140.57 -5187.10
-6123.78 -5187.10
-6212.56 -5187.10
-6096.64 -5187.10
-6194.83 -5187.10
-6198.81 -5187.10
-6205.36 -5187.10
-6104.02 -5187.10
-6193.01 -5187.10
-6111.91 -5187.10
-6144.37 -5187.10
-6100.64 -5187.10
-6138.62 -5187.10
-6056.13 -5187.10
-6146.63 -5187.10
-6099.67 -5187.10
-6236.47 -5187.10
-6169.37 -5187.10
-6136.39 -5187.10
-6110.18 -5187.10
-6185.36 -5187.10
-6208.57 -5187.10
-6175.81 -5187.10
-6128.33 -5187.10
-6172.65 -5187.10
-6125.88 -5187.10
-6133.01 -5187.10
-6107.72 -5187.10
-6086.31 -5187.10
-6128.38 -5187.10
-6173.99 -5187.10
-6135.45 -5187.10
-6152.58 -5187.10
-6165.71 -5187.10
-6240.98 -5187.10
-6141.37 -5187.10
-6188.71 -5187.10
-6141.11 -5187.10
-6165.73 -5187.10
-6130.00 -5187.10
-6128.93 -5187.10
-6175.36 -5187.10
-6209.46 -5187.10
-6144.59 -5187.10
-6148.16 -5187.10
-6166.37 -5187.10
-6154.62 -5187.10
-6201.18 -5187.10
-6156.69 -5187.10
-6231.76 -5187.10
-6101.31 -5187.10
-6145.88 -5187.10
-6118.66 -5187.10
-6166.73 -5187.10
-6062.88 -5187.10
-6117.82 -5187.10
-6107.36 -5187.10
-6134.16 -5187.10
-6202.90 -5187.10
-6137.77 -5187.10
-6105.41 -5187.10
-6208.67 -5187.10
-6173.84 -5187.10
-6141.63 -5187.10
-6184.01 -5187.10
-6076.50 -5187.10
-6178.01 -5187.10
-6123.06 -5187.10
-6117.15 -5187.10
-6132.93 -5187.10
-6223.90 -5187.10
-6160.54 -5187.10
-6086.52 -5187.10
-6171.38 -5187.10
-6163.70 -5187.10
-6155.18 -5187.10
-6142.99 -5187.10
-6166.86 -5187.10
-6187.95 -5187.10
-6148.75 -5187.10
-6131.72 -5187.10
-6071.50 -5187.10
-6134.77 -5187.10
-6155.27 -5187.10
-6177.24 -5187.10
-6120.18 -5187.10
-6061.83 -5187.10
-6086.32 -5187.10
-6161.30 -5187.10
-6149.31 -5187.10
-6180.72 -5187.10
-6163.21 -5187.10
-6173.03 -5187.10
-6270.72 -5187.10
-6177.10 -5187.10
-6096.19 -5187.10
-6152.09 -5187.10
-6176.19 -5187.10
-6125.04 -5187.10
-6153.10 -5187.10
-6145.00 -5187.10
-6097.32 -5187.10
-6103.41 -5187.10
-6152.08 -5187.10
-6133.77 -5187.10
-6141.30 -5187.10
-6124.52 -5187.10
-6206.63 -5187.10
-6162.99 -5187.10
-6207.09 -5187.10
-6130.82 -5187.10
-6267.70 -5187.10
-6132.31 -5187.10
-6171.92 -5187.10
-6229.81 -5187.10
-6266.19 -5187.10
-6164.49 -5187.10
-6093.82 -5187.10
-6129.70 -5187.10
-6185.89 -5187.10
-6067.97 -5187.10
-6154.72 -5187.10
-6104.16 -5187.10
-6146.35 -5187.10
-6200.96 -5187.10
-6173.73 -5187.10
-6141.54 -5187.10
-6185.39 -5187.10
-6259.39 -5187.10
-6211.44 -5187.10
-6155.90 -5187.10
-6169.45 -5187.10
-6192.55 -5187.10
-6264.35 -5187.10
-6094.81 -5187.10
-6133.76 -5187.10
-6204.71 -5187.10
-6137.07 -5187.10
-6169.57 -5187.10
-6208.14 -5187.10
-6160.78 -5187.10
-6146.20 -5187.10
-6223.20 -5187.10
-6119.70 -5187.10
-6123.57 -5187.10
-6098.70 -5187.10
-6192.43 -5187.10
-6164.41 -5187.10
-6090.85 -5187.10
-6180.97 -5187.10
-6204.95 -5187.10
-6161.28 -5187.10
-6252.94 -5187.10
-6213.38 -5187.10
-6190.11 -5187.10
-6131.69 -5187.10
-6211.47 -5187.10
-6123.50 -5187.10
-6122.18 -5187.10
-6093.60 -5187.10
-6165.86 -5187.10
-6259.69 -5187.10
-6173.02 -5187.10
-6113.28 -5187.10
-6155.31 -5187.10
-6160.53 -5187.10
-6156.01 -5187.10
-6147.86 -5187.10
-6026.67 -5187.10
-6108.44 -5187.10
-6111.20 -5187.10
-6128.94 -5187.10
-6192.60 -5187.10
-6134.25 -5187.10
-6148.39 -5187.10
-6121.04 -5187.10
-6132.20 -5187.10
-6152.37 -5187.10
-6171.14 -5187.10
-6220.53 -5187.10
-6119.59 -5187.10
-6178.04 -5187.10
-6173.27 -5187.10
-6103.86 -5187.10
-6073.79 -5187.10
-6060.78 -6060.78
-6104.58 -6060.78
-6067.59 -6060.78
-6098.61 -6060.78
-6196.57 -6060.78
-6079.65 -6060.78
-6105.07 -6060.78
-6074.34 -6060.78
-6165.84 -6060.78
-6103.09 -6060.78
-6156.06 -6060.78
-6063.53 -6060.78
-6101.68 -6060.78
-6016.48 -6016.48
-6156.69 -6016.48
-6066.53 -6016.48
-6133.21 -6016.48
-6056.65 -6016.48
-6099.21 -6016.48
-6167.04 -6016.48
-6110.13 -6016.48
-6116.46 -6016.48
-6194.86 -6016.48
-6137.68 -6016.48
-6148.22 -6016.48
-6051.28 -6016.48
-6138.83 -6016.48
-6143.59 -6016.48
-6125.55 -6016.48
-6144.08 -6016.48
-6017.98 -6016.48
-6096.07 -6016.48
-6111.50 -6016.48
-6130.12 -6016.48
-6192.06 -6016.48
-6186.37 -6016.48
-6155.19 -6016.48
-6118.57 -6016.48
-6054.04 -6016.48
-6104.41 -6016.48
-6090.60 -6016.48
-6112.12 -6016.48
-5991.32 -5991.32
-6086.45 -5991.32
-6121.80 -5991.32
-6053.57 -5991.32
-6084.65 -5991.32
-5969.65 -5969.65
-6012.53 -5969.65
-6045.89 -5969.65
-6061.57 -5969.65
-5971.09 -5969.65
-5992.59 -5969.65
-6036.62 -5969.65
-6021.18 -5969.65
-6046.75 -5969.65
-5970.56 -5970.56
-6031.61 -5970.56
-6006.06 -5970.56
-6050.14 -5970.56
-6089.57 -5970.56
-6106.48 -5970.56
-5984.81 -5970.56
-6076.69 -5970.56
-6049.72 -5970.56
-6022.37 -5970.56
-5988.68 -5970.56
-6045.88 -5970.56
-5935.06 -5935.06
-5893.48 -5893.48
-5998.12 -5893.48
-5985.17 -5893.48
-5902.89 -5893.48
-5999.86 -5893.48
-6120.31 -5893.48
-6031.90 -5893.48
-5957.61 -5893.48
-5872.92 -5872.92
-5881.49 -5872.92
-6019.56 -5872.92
-6006.47 -5872.92
-5992.70 -5872.92
-5942.05 -5872.92
-5944.99 -5872.92
-5998.51 -5872.92
-5884.90 -5872.92
-5822.27 -5822.27
-5977.87 -5822.27
-5981.65 -5822.27
-6021.33 -5822.27
-6019.43 -5822.27
-5973.10 -5822.27
-5862.05 -5822.27
-5955.02 -5822.27
-5889.69 -5822.27
-5978.60 -5822.27
-5997.51 -5822.27
-6011.07 -5822.27
-5971.75 -5822.27
-6018.58 -5822.27
-5925.43 -5822.27
-5920.29 -5822.27
-5927.16 -5822.27
-5926.01 -5822.27
-5938.77 -5822.27
-5943.10 -5822.27
-6049.58 -5822.27
-6088.46 -5822.27
-5963.61 -5822.27
-5947.10 -5822.27
-6040.27 -5822.27
-5961.31 -5822.27
-5797.15 -5797.15
-5907.96 -5797.15
-5929.61 -5797.15
-5792.04 -5792.04
-5779.34 -5779.34
-5768.76 -5768.76
-5815.66 -5768.76
-5775.44 -5768.76
-5757.46 -5757.46
-5834.79 -5757.46
-5782.67 -5757.46
-5762.24 -5757.46
-5677.63 -5677.63
-5967.99 -5677.63
-5701.96 -5677.63
-5752.25 -5677.63
-5693.99 -5677.63
-5909.03 -5677.63
-5860.19 -5677.63
-5755.01 -5677.63
-5886.19 -5677.63
-5683.99 -5677.63
-5686.79 -5677.63
-5762.74 -5677.63
-5760.65 -5677.63
-5581.80 -5581.80
-5588.65 -5581.80
-5700.67 -5581.80
-5631.19 -5581.80
-5938.87 -5581.80
-5932.99 -5581.80
-5825.95 -5581.80
-5459.85 -5459.85
-5789.05 -5459.85
-5584.98 -5459.85
-5810.51 -5459.85
-5512.88 -5459.85
-5575.24 -5459.85
-5852.25 -5459.85
-5906.09 -5459.85
-5957.04 -5459.85
-5823.12 -5459.85
-5279.54 -5279.54
-5890.32 -5279.54
-5890.39 -5279.54
-5759.47 -5279.54
-5424.13 -5279.54
-5781.20 -5279.54
-5284.48 -5279.54
-5638.03 -5279.54
-6035.87 -5279.54
-5594.30 -5279.54
-5996.26 -5279.54
-5783.14 -5279.54
-5797.85 -5279.54
-5750.85 -5279.54
-5419.41 -5279.54
-5896.73 -5279.54
-5702.57 -5279.54
-5646.98 -5279.54
-5817.88 -5279.54
-5785.96 -5279.54
-5509.93 -5279.54
-5931.71 -5279.54
-5461.09 -5279.54
-5954.36 -5279.54
-5486.63 -5279.54
-5760.33 -5279.54
-5875.50 -5279.54
-5580.86 -5279.54
-5759.06 -5279.54
-5642.84 -5279.54
-5533.02 -5279.54
-5507.55 -5279.54
-5794.56 -5279.54
-5728.04 -5279.54
-5685.06 -5279.54
-5872.85 -5279.54
-5796.38 -5279.54
-5796.84 -5279.54
-5457.09 -5279.54
-5449.64 -5279.54
-5416.72 -5279.54
-5614.13 -5279.54
-5853.41 -5279.54
-5880.81 -5279.54
-5634.64 -5279.54
-5831.83 -5279.54
-5707.81 -5279.54
-5453.63 -5279.54
-5439.97 -5279.54
-5883.59 -5279.54
-5806.17 -5279.54
-5649.15 -5279.54
-5503.16 -5279.54
-5858.89 -5279.54
-5366.72 -5279.54
-5767.87 -5279.54
-5787.40 -5279.54
-5645.74 -5279.54
-5698.12 -5279.54
-5869.41 -5279.54
-5802.13 -5279.54
-5758.75 -5279.54
-5513.16 -5279.54
-5539.02 -5279.54
-5902.55 -5279.54
-5833.13 -5279.54
-5880.48 -5279.54
-5724.09 -5279.54
-5689.22 -5279.54
-5500.59 -5279.54
-5621.53 -5279.54
-5564.75 -5279.54
-5607.14 -5279.54
-5654.38 -5279.54
-5643.06 -5279.54
-5705.17 -5279.54
-5752.40 -5279.54
-5765.57 -5279.54
-5397.85 -5279.54
-5786.78 -5279.54
-5715.82 -5279.54
-6034.18 -5279.54
-5732.94 -5279.54
-5565.02 -5279.54
-5712.96 -5279.54
-5881.87 -5279.54
-5819.53 -5279.54
-6055.99 -5279.54
-5530.25 -5279.54
-5499.87 -5279.54
-5438.70 -5279.54
-5457.56 -5279.54
-5811.68 -5279.54
-5662.67 -5279.54
-5754.52 -5279.54
-5817.73 -5279.54
-5900.34 -5279.54
-5382.23 -5279.54
-5882.15 -5279.54
-5619.61 -5279.54
-5721.55 -5279.54
-5892.84 -5279.54
-5825.22 -5279.54
-5513.47 -5279.54
-5665.09 -5279.54
-5822.62 -5279.54
-5644.72 -5279.54
-5545.93 -5279.54
-5928.04 -5279.54
-5923.29 -5279.54
-5879.46 -5279.54
-5736.03 -5279.54
-5868.71 -5279.54
-5680.87 -5279.54
-5535.85 -5279.54
-5618.69 -5279.54
-5360.25 -5279.54
-6028.81 -5279.54
-5621.90 -5279.54
-5729.33 -5279.54
-5498.19 -5279.54
-5447.50 -5279.54
-5914.94 -5279.54
-5668.20 -5279.54
-5669.16 -5279.54
-5610.12 -5279.54
-5655.89 -5279.54
-5706.50 -5279.54
-5410.79 -5279.54
-5818.39 -5279.54
-5976.57 -5279.54
-5838.60 -5279.54
-5628.57 -5279.54
-5776.27 -5279.54
-5915.33 -5279.54
-5465.75 -5279.54
-5672.73 -5279.54
-5748.17 -5279.54
-5903.54 -5279.54
-5406.92 -5279.54
-5757.13 -5279.54
-5758.85 -5279.54
-5669.09 -5279.54
-5611.34 -5279.54
-5812.97 -5279.54
-5760.94 -5279.54
-5683.23 -5279.54
-5794.24 -5279.54
-5873.79 -5279.54
-5656.14 -5279.54
-5715.08 -5279.54
-5801.73 -5279.54
-5959.26 -5279.54
-5562.60 -5279.54
-5657.83 -5279.54
-5810.19 -5279.54
-5684.80 -5279.54
-5831.65 -5279.54
-5812.64 -5279.54
-5920.27 -5279.54
-5626.59 -5279.54
-5847.52 -5279.54
-5484.75 -5279.54
-5781.53 -5279.54
-5650.52 -5279.54
-5408.93 -5279.54
-5403.24 -5279.54
-5843.66 -5279.54
-5555.19 -5279.54
-5663.97 -5279.54
-5892.10 -5279.54
-5851.56 -5279.54
-5550.66 -5279.54
-5735.04 -5279.54
-5748.47 -5279.54
-5777.36 -5279.54
-5838.95 -5279.54
-5882.70 -5279.54
-5848.83 -5279.54
-5405.84 -5279.54
-5577.61 -5279.54
-5353.57 -5279.54
-5695.22 -5279.54
-5642.75 -5279.54
-5734.32 -5279.54
-5881.40 -5279.54
-5917.57 -5279.54
-5311.54 -5279.54
-5694.01 -5279.54
-5939.02 -5279.54
-5498.57 -5279.54
-5509.44 -5279.54
-5629.00 -5279.54
-5463.43 -5279.54
-5550.92 -5279.54
-5737.87 -5279.54
-5883.63 -5279.54
-5929.07 -5279.54
-5655.90 -5279.54
-5596.83 -5279.54
-5744.13 -5279.54
-5731.42 -5279.54
-5548.26 -5279.54
-5555.82 -5279.54
-5505.15 -5279.54
-5413.66 -5279.54
-5631.10 -5279.54
-5553.20 -5279.54
-5685.27 -5279.54
-5530.67 -5279.54
-5628.92 -5279.54
-5444.65 -5279.54
-5399.35 -5279.54
-5772.55 -5279.54
-5409.49 -5279.54
-5700.85 -5279.54
-5574.56 -5279.54
-5677.59 -5279.54
-5569.15 -5279.54
-5782.53 -5279.54
-5389.89 -5279.54
-5605.51 -5279.54
-5915.97 -5279.54
-5514.93 -5279.54
-5512.73 -5279.54
-5771.71 -5279.54
-5736.83 -5279.54
-5909.52 -5279.54
-5780.74 -5279.54
-5685.37 -5279.54
-5773.75 -5279.54
-5815.94 -5279.54
-5847.50 -5279.54
-5424.82 -5279.54
-5865.82 -5279.54
-5824.92 -5279.54
-5823.10 -5279.54
-5787.10 -5279.54
-5542.60 -5279.54
-5375.32 -5279.54
-5565.05 -5279.54
-5599.11 -5279.54
-5715.87 -5279.54
-5868.71 -5279.54
-5540.59 -5279.54
-5479.05 -5279.54
-5589.45 -5279.54
-5870.12 -5279.54
-5455.50 -5279.54
-5865.61 -5279.54
-5824.95 -5279.54
-5950.19 -5279.54
-5632.99 -5279.54
-5939.82 -5279.54
-5900.17 -5279.54
-5484.75 -5279.54
-5901.87 -5279.54
-5560.94 -5279.54
-5873.33 -5279.54
-5837.04 -5279.54
-5701.30 -5279.54
-5658.09 -5279.54
-6101.86 -5279.54
-6022.36 -6022.36
-6032.41 -6022.36
-6005.90 -6005.90
-5995.19 -5995.19
-5984.11 -5984.11
-5914.63 -5914.63
-5977.11 -5914.63
-6024.17 -5914.63
-5956.65 -5914.63
-6049.15 -5914.63
-5994.27 -5914.63
-5958.32 -5914.63
-6026.53 -5914.63
-6006.15 -5914.63
-5977.08 -5914.63
-6073.47 -5914.63
-6115.68 -5914.63
-5998.76 -5914.63
-5846.11 -5846.11
-5833.85 -5833.85
-6069.63 -5833.85
-5895.97 -5833.85
-5842.97 -5833.85
-5823.64 -5823.64
-5797.07 -5797.07
-5994.70 -5797.07
-5938.02 -5797.07
-6011.48 -5797.07
-5872.03 -5797.07
-5874.45 -5797.07
-5887.23 -5797.07
-5816.02 -5797.07
-5768.50 -5768.50
-5935.58 -5768.50
-5856.25 -5768.50
-5885.26 -5768.50
-5771.58 -5768.50
-5662.90 -5662.90
-5646.94 -5646.94
-5890.85 -5646.94
-5717.25 -5646.94
-5750.84 -5646.94
-5721.20 -5646.94
-5672.93 -5646.94
-5714.29 -5646.94
-5613.85 -5613.85
-5640.48 -5613.85
-5670.93 -5613.85
-6136.83 -5613.85
-5941.05 -5613.85
-5495.67 -5495.67
-5898.63 -5495.67
-5782.80 -5495.67
-5700.44 -5495.67
-6116.29 -5495.67
-5581.65 -5495.67
-5748.87 -5495.67
-5614.77 -5495.67
-5736.84 -5495.67
-5582.34 -5495.67
-6095.61 -5495.67
-5773.88 -5495.67
-5849.90 -5495.67
-5734.27 -5495.67
-5617.30 -5495.67
-5990.75 -5495.67
-5769.15 -5495.67
-5696.77 -5495.67
-5814.01 -5495.67
-5662.22 -5495.67
-5765.70 -5495.67
-5800.58 -5495.67
-5575.88 -5495.67
-5726.67 -5495.67
-5659.28 -5495.67
-5969.14 -5495.67
-5650.09 -5495.67
-5944.27 -5495.67
-5630.55 -5495.67
-5496.60 -5495.67
-5569.39 -5495.67
-5672.56 -5495.67
-5671.35 -5495.67
-5535.80 -5495.67
-5958.64 -5495.67
-5744.43 -5495.67
-5422.42 -5422.42
-5667.00 -5422.42
-5907.69 -5422.42
-5558.42 -5422.42
-5754.74 -5422.42
-5718.55 -5422.42
-5578.41 -5422.42
-5661.21 -5422.42
-5488.58 -5422.42
-5878.98 -5422.42
-5591.10 -5422.42
-5707.16 -5422.42
-5525.91 -5422.42
-5840.76 -5422.42
-5646.42 -5422.42
-5889.32 -5422.42
-5964.74 -5422.42
-5733.22 -5422.42
-5795.41 -5422.42
-5812.23 -5422.42
-5606.48 -5422.42
-5914.53 -5422.42
-5899.82 -5422.42
-5828.65 -5422.42
-5940.76 -5422.42
-5929.86 -5422.42
-5576.55 -5422.42
-5950.96 -5422.42
-5640.67 -5422.42
-5842.22 -5422.42
-5533.39 -5422.42
-5529.64 -5422.42
-5822.86 -5422.42
-5591.97 -5422.42
-5705.17 -5422.42
-5588.25 -5422.42
-5962.86 -5422.42
-5734.02 -5422.42
-5869.37 -5422.42
-5499.27 -5422.42
-5741.87 -5422.42
-5959.59 -5422.42
-5460.54 -5422.42
-5661.80 -5422.42
-5806.45 -5422.42
-5592.00 -5422.42
-5347.34 -5347.34
-5729.98 -5347.34
-5976.45 -5347.34
-5755.66 -5347.34
-5932.71 -5347.34
-5917.62 -5347.34
-5618.20 -5347.34
-5788.66 -5347.34
-5748.54 -5347.34
-6035.72 -5347.34
-5692.59 -5347.34
-5871.61 -5347.34
-5769.44 -5347.34
-5614.59 -5347.34
-5499.34 -5347.34
-5753.48 -5347.34
-5640.00 -5347.34
-5523.97 -5347.34
-5559.57 -5347.34
-5844.03 -5347.34
-5967.11 -5347.34
-5459.69 -5347.34
-5289.93 -5289.93
-5914.11 -5289.93
-5984.19 -5289.93
-5699.45 -5289.93
-5900.68 -5289.93
-5811.14 -5289.93
-5654.21 -5289.93
-5797.01 -5289.93
-5644.18 -5289.93
-5420.45 -5289.93
-5867.72 -5289.93
-5822.72 -5289.93
-5445.00 -5289.93
-5557.29 -5289.93
-5866.18 -5289.93
-5474.72 -5289.93
-5730.99 -5289.93
-5667.22 -5289.93
-5713.36 -5289.93
-5791.38 -5289.93
-5487.53 -5289.93
-5527.34 -5289.93
-5623.62 -5289.93
-5740.49 -5289.93
-5352.47 -5289.93
-5839.82 -5289.93
-5656.70 -5289.93
-5694.01 -5289.93
-5838.40 -5289.93
-5738.38 -5289.93
-5709.07 -5289.93
-5849.28 -5289.93
-5678.47 -5289.93
-5635.22 -5289.93
-5887.49 -5289.93
-5413.31 -5289.93
-5876.50 -5289.93
-5641.20 -5289.93
-5747.20 -5289.93
-5928.36 -5289.93
-5851.66 -5289.93
-5911.62 -5289.93
-5529.78 -5289.93
-5463.78 -5289.93
-5925.80 -5289.93
-5925.90 -5289.93
-5928.16 -5289.93
-5816.46 -5289.93
-5825.26 -5289.93
-5737.02 -5289.93
-5668.50 -5289.93
-5662.67 -5289.93
-5335.15 -5289.93
-5750.28 -5289.93
-5551.92 -5289.93
-5782.45 -5289.93
-5608.24 -5289.93
-5362.84 -5289.93
-5796.78 -5289.93
-5491.36 -5289.93
-5727.18 -5289.93
-5512.23 -5289.93
-5894.46 -5289.93
-5804.95 -5289.93
-5757.43 -5289.93
-5457.21 -5289.93
-5876.42 -5289.93
-5823.27 -5289.93
-5912.56 -5289.93
-5848.11 -5289.93
-5943.41 -5289.93
-5746.44 -5289.93
-5899.14 -5289.93
-5746.34 -5289.93
-5532.96 -5289.93
-5438.92 -5289.93
-5789.27 -5289.93
-5902.89 -5289.93
-5585.65 -5289.93
-5820.74 -5289.93
-5490.75 -5289.93
-5879.38 -5289.93
-5936.83 -5289.93
-5455.38 -5289.93
-5433.42 -5289.93
-6006.21 -5289.93
-5597.88 -5289.93
-5677.04 -5289.93
-5590.53 -5289.93
-5423.81 -5289.93
-5418.39 -5289.93
-5772.89 -5289.93
-5880.52 -5289.93
-5558.66 -5289.93
-5848.18 -5289.93
-5759.56 -5289.93
-5697.29 -5289.93
-5767.63 -5289.93
-5778.30 -5289.93
-5627.82 -5289.93
-5471.47 -5289.93
-5514.21 -5289.93
-5567.55 -5289.93
-5803.11 -5289.93
-5695.57 -5289.93
-5474.57 -5289.93
-5454.55 -5289.93
-5666.29 -5289.93
-6021.81 -5289.93
-5698.53 -5289.93
-5779.28 -5289.93
-5660.11 -5289.93
-5520.15 -5289.93
-5781.32 -5289.93
-5649.66 -5289.93
-5749.43 -5289.93
-5532.78 -5289.93
-5626.66 -5289.93
-5531.53 -5289.93
-5623.58 -5289.93
-5594.67 -5289.93
-5741.26 -5289.93
-5752.85 -5289.93
-5568.92 -5289.93
-5680.49 -5289.93
-5452.07 -5289.93
-5860.27 -5289.93
-5965.89 -5289.93
-5535.76 -5289.93
-5496.46 -5289.93
-5684.03 -5289.93
-5854.60 -5289.93
-5910.23 -5289.93
-5828.61 -5289.93
-5629.75 -5289.93
-5591.44 -5289.93
-5920.00 -5289.93
-5529.46 -5289.93
-5490.90 -5289.93
-5419.98 -5289.93
-5757.67 -5289.93
-5356.33 -5289.93
-5837.82 -5289.93
-5745.47 -5289.93
-5560.37 -5289.93
-5627.52 -5289.93
-5896.55 -5289.93
-5833.55 -5289.93
-5569.30 -5289.93
-5615.89 -5289.93
-5689.05 -5289.93
-5593.38 -5289.93
-5796.75 -5289.93
-5807.42 -5289.93
-5692.00 -5289.93
-5883.65 -5289.93
-5804.93 -5289.93
-5924.34 -5289.93
-5492.66 -5289.93
-5615.26 -5289.93
-6011.05 -5289.93
-5724.90 -5289.93
-5265.68 -5265.68
-5737.59 -5265.68
-5523.25 -5265.68
-5662.28 -5265.68
-5752.29 -5265.68
-5762.38 -5265.68
-5874.82 -5265.68
-5889.82 -5265.68
-5791.28 -5265.68
-5884.86 -5265.68
-5576.40 -5265.68
-5624.00 -5265.68
-5777.29 -5265.68
-5784.55 -5265.68
-5608.17 -5265.68
-5511.86 -5265.68
-5673.22 -5265.68
-5530.73 -5265.68
-5813.69 -5265.68
-5766.93 -5265.68
-5791.97 -5265.68
-5811.86 -5265.68
-5792.60 -5265.68
-5657.45 -5265.68
-5999.71 -5265.68
-5564.26 -5265.68
-5757.20 -5265.68
-5870.68 -5265.68
-5487.48 -5265.68
-5751.75 -5265.68
-5619.45 -5265.68
-5529.19 -5265.68
-5801.11 -5265.68
-5540.86 -5265.68
-5589.01 -5265.68
-5673.80 -5265.68
-5836.95 -5265.68
-5777.33 -5265.68
-5585.49 -5265.68
-5541.07 -5265.68
-5873.24 -5265.68
-5420.40 -5265.68
-5735.68 -5265.68
-5719.60 -5265.68
-5799.18 -5265.68
-5511.57 -5265.68
-5575.07 -5265.68
-5955.16 -5265.68
-5845.33 -5265.68
-5429.28 -5265.68
-5806.00 -5265.68
-5441.88 -5265.68
-5832.76 -5265.68
-5682.98 -5265.68
-5586.99 -5265.68
-5644.13 -5265.68
-5756.23 -5265.68
-5720.73 -5265.68
-5624.64 -5265.68
-5697.33 -5265.68
-5877.15 -5265.68
-5791.67 -5265.68
-5730.47 -5265.68
-5585.15 -5265.68
-5496.76 -5265.68
-5856.36 -5265.68
-5452.33 -5265.68
-5259.58 -5259.58
-5139.29 -5139.29
-5701.92 -5139.29
-5781.43 -5139.29
-5517.11 -5139.29
-5272.98 -5139.29
-5489.29 -5139.29
-5698.29 -5139.29
-5273.80 -5139.29
-5609.72 -5139.29
-5857.79 -5139.29
-5839.73 -5139.29
-5748.76 -5139.29
-5729.03 -5139.29
-5649.61 -5139.29
-5626.51 -5139.29
-5453.62 -5139.29
-5963.64 -5139.29
-5766.42 -5139.29
-5495.47 -5139.29
-5626.78 -5139.29
-6037.75 -5139.29
-5818.21 -5139.29
-5736.85 -5139.29
-5728.95 -5139.29
-6080.18 -5139.29
-5650.63 -5139.29
-5825.17 -5139.29
-5907.15 -5139.29
-5678.79 -5139.29
-5616.96 -5139.29
-5559.63 -5139.29
-6029.39 -6029.39
-6072.15 -6029.39
-6076.79 -6029.39
-6048.63 -6029.39
-6100.30 -6029.39
-6035.04 -6029.39
-6119.03 -6029.39
-6035.70 -6029.39
-6095.07 -6029.39
-6118.28 -6029.39
-6039.04 -6029.39
-6042.91 -6029.39
-6020.69 -6020.69
-6052.27 -6020.69
-5954.72 -5954.72
-5984.88 -5954.72
-6033.79 -5954.72
-5984.23 -5954.72
-6107.44 -5954.72
-5935.65 -5935.65
-6099.32 -5935.65
-5930.09 -5930.09
-6080.09 -5930.09
-6010.25 -5930.09
-6032.85 -5930.09
-5959.96 -5930.09
-6051.82 -5930.09
-5978.70 -5930.09
-5973.67 -5930.09
-6079.13 -5930.09
-5875.25 -5875.25
-5974.05 -5875.25
-6067.19 -5875.25
-6070.45 -5875.25
-5871.43 -5871.43
-5905.86 -5871.43
-5953.23 -5871.43
-6036.45 -5871.43
-6045.44 -5871.43
-6024.86 -5871.43
-5955.03 -5871.43
-6059.15 -5871.43
-5900.92 -5871.43
-5949.29 -5871.43
-5935.98 -5871.43
-5986.79 -5871.43
-6029.58 -5871.43
-5897.09 -5871.43
-5723.29 -5723.29
-5925.12 -5723.29
-5877.92 -5723.29
-5928.70 -5723.29
-5997.86 -5723.29
-5948.48 -5723.29
-5995.32 -5723.29
-5960.57 -5723.29
-6003.68 -5723.29
-5943.12 -5723.29
-5922.58 -5723.29
-5976.25 -5723.29
-5827.44 -5723.29
-5908.94 -5723.29
-5916.65 -5723.29
-5953.08 -5723.29
-5732.39 -5723.29
-5944.30 -5723.29
-6025.25 -5723.29
-6060.73 -5723.29
-5946.07 -5723.29
-5861.79 -5723.29
-5861.08 -5723.29
-5927.13 -5723.29
-5850.11 -5723.29
-5873.03 -5723.29
-6009.63 -5723.29
-5730.61 -5723.29
-5771.37 -5723.29
-5868.54 -5723.29
-5855.71 -5723.29
-5898.41 -5723.29
-5943.39 -5723.29
-5876.05 -5723.29
-5841.27 -5723.29
-6014.76 -5723.29
-5944.43 -5723.29
-5866.44 -5723.29
-5888.76 -5723.29
-5929.17 -5723.29
-5842.21 -5723.29
-5973.54 -5723.29
-5958.20 -5723.29
-5796.50 -5723.29
-5829.96 -5723.29
-5990.60 -5723.29
-6034.01 -5723.29
-5977.58 -5723.29
-6012.10 -5723.29
-5864.23 -5723.29
-5815.27 -5723.29
-5895.05 -5723.29
-5898.24 -5723.29
-5924.71 -5723.29
-6020.84 -5723.29
-5888.00 -5723.29
-6048.42 -5723.29
-5923.01 -5723.29
-5874.08 -5723.29
-6021.54 -5723.29
-5840.36 -5723.29
-5906.49 -5723.29
-5831.32 -5723.29
-5894.95 -5723.29
-5978.65 -5723.29
-5811.84 -5723.29
-5783.48 -5723.29
-5959.06 -5723.29
-5897.48 -5723.29
-5978.38 -5723.29
-6054.16 -5723.29
-5879.97 -5723.29
-5909.58 -5723.29
-5880.04 -5723.29
-5821.44 -5723.29
-5872.68 -5723.29
-5874.86 -5723.29
-5983.07 -5723.29
-5748.17 -5723.29
-5851.27 -5723.29
-5982.76 -5723.29
-5883.97 -5723.29
-5841.78 -5723.29
-5825.77 -5723.29
-5937.42 -5723.29
-5749.99 -5723.29
-5943.43 -5723.29
-5958.54 -5723.29
-5814.28 -5723.29
-5950.50 -5723.29
-5900.59 -5723.29
-5853.54 -5723.29
-5971.43 -5723.29
-5941.89 -5723.29
-6032.59 -5723.29
-5945.68 -5723.29
-5978.96 -5723.29
-5855.82 -5723.29
-5852.08 -5723.29
-5997.54 -5723.29
-5849.32 -5723.29
-5748.73 -5723.29
-5936.47 -5723.29
-5726.53 -5723.29
-6007.90 -5723.29
-5931.28 -5723.29
-5907.98 -5723.29
-6044.45 -5723.29
-5844.39 -5723.29
-5914.03 -5723.29
-5903.43 -5723.29
-5999.45 -5723.29
-5955.69 -5723.29
-5750.56 -5723.29
-5932.22 -5723.29
-5893.60 -5723.29
-5837.55 -5723.29
-5986.40 -5723.29
-5975.49 -5723.29
-5855.14 -5723.29
-5964.91 -5723.29
-5795.13 -5723.29
-5981.74 -5723.29
-5935.85 -5723.29
-5795.86 -5723.29
-5838.17 -5723.29
-6007.31 -5723.29
-5897.33 -5723.29
-5914.11 -5723.29
-6021.85 -5723.29
-5927.78 -5723.29
-5995.35 -5723.29
-5915.03 -5723.29
-5839.40 -5723.29
-5911.95 -5723.29
-5997.30 -5723.29
-5900.93 -5723.29
-5966.62 -5723.29
-6052.30 -5723.29
-5845.80 -5723.29
-5988.75 -5723.29
-5946.84 -5723.29
-5829.07 -5723.29
-5953.69 -5723.29
-5837.55 -5723.29
-5776.79 -5723.29
-6005.94 -5723.29
-6089.81 -5723.29
-5975.53 -5723.29
-5925.55 -5723.29
-5952.12 -5723.29
-6145.65 -5723.29
-5990.10 -5723.29
-5842.46 -5723.29
-5899.69 -5723.29
-5912.32 -5723.29
-5845.47 -5723.29
-5855.48 -5723.29
-5966.81 -5723.29
-5746.71 -5723.29
-5691.36 -5691.36
-5802.85 -5691.36
-5941.01 -5691.36
-5938.64 -5691.36
-5724.43 -5691.36
-5654.18 -5654.18
-5736.85 -5654.18
-5723.38 -5654.18
-6005.97 -5654.18
-5906.88 -5654.18
-5685.28 -5654.18
-5682.79 -5654.18
-5827.29 -5654.18
-5618.45 -5618.45
-5662.34 -5618.45
-5814.91 -5618.45
-5931.92 -5618.45
-5958.50 -5618.45
-5654.61 -5618.45
-5681.50 -5618.45
-5712.83 -5618.45
-5787.86 -5618.45
-5568.82 -5568.82
-5927.23 -5568.82
-5926.10 -5568.82
-6006.61 -5568.82
-5731.29 -5568.82
-5924.64 -5568.82
-5711.02 -5568.82
-5915.95 -5568.82
-5853.27 -5568.82
-5840.95 -5568.82
-5649.45 -5568.82
-5721.70 -5568.82
-5783.32 -5568.82
-5901.23 -5568.82
-5898.37 -5568.82
-5748.49 -5568.82
-5962.75 -5568.82
-5778.52 -5568.82
-5748.37 -5568.82
-5640.76 -5568.82
-5703.82 -5568.82
-5600.92 -5568.82
-5867.83 -5568.82
-5674.28 -5568.82
-5840.23 -5568.82
-5721.15 -5568.82
-5726.57 -5568.82
-5763.60 -5568.82
-5756.24 -5568.82
-5765.24 -5568.82
-5817.82 -5568.82
-5781.66 -5568.82
-5836.07 -5568.82
-5819.36 -5568.82
-5655.16 -5568.82
-5745.96 -5568.82
-5679.99 -5568.82
-5843.79 -5568.82
-5722.15 -5568.82
-5865.71 -5568.82
-5678.38 -5568.82
-5887.23 -5568.82
-5774.75 -5568.82
-5558.51 -5558.51
-5822.51 -5558.51
-5857.87 -5558.51
-5888.79 -5558.51
-5770.01 -5558.51
-5773.27 -5558.51
-5722.27 -5558.51
-5784.24 -5558.51
-5855.90 -5558.51
-5717.45 -5558.51
-5529.42 -5529.42
-6006.65 -5529.42
-5688.29 -5529.42
-5709.15 -5529.42
-5850.95 -5529.42
-5917.22 -5529.42
-5761.31 -5529.42
-5672.20 -5529.42
-5856.60 -5529.42
-6042.56 -5529.42
-5934.23 -5529.42
-5883.86 -5529.42
-6036.83 -5529.42
-5959.92 -5529.42
-5706.74 -5529.42
-5693.99 -5529.42
-6121.48 -5529.42
-5773.45 -5529.42
-5907.00 -5529.42
-5817.79 -5529.42
-5708.18 -5529.42
-5995.22 -5529.42
-6009.46 -5529.42
-5652.28 -5529.42
-5534.23 -5529.42
-5698.96 -5529.42
-5796.53 -5529.42
-5891.03 -5529.42
-5967.43 -5529.42
-5752.14 -5529.42
-5657.40 -5529.42
-5699.80 -5529.42
-5648.92 -5529.42
-5781.61 -5529.42
-5820.01 -5529.42
-5519.81 -5519.81
-5801.21 -5519.81
-5776.97 -5519.81
-6040.99 -5519.81
-5903.34 -5519.81
-5664.86 -5519.81
-5675.80 -5519.81
-5763.86 -5519.81
-5604.19 -5519.81
-5732.55 -5519.81
-5687.84 -5519.81
-5566.11 -5519.81
-5814.82 -5519.81
-5744.75 -5519.81
-5791.15 -5519.81
-5716.42 -5519.81
-5700.03 -5519.81
-5718.74 -5519.81
-5782.89 -5519.81
-5818.45 -5519.81
-5826.48 -5519.81
-5835.00 -5519.81
-5608.51 -5519.81
-5810.82 -5519.81
-5801.97 -5519.81
-5733.80 -5519.81
-5748.28 -5519.81
-5682.49 -5519.81
-5935.80 -5519.81
-6103.49 -5519.81
-5848.03 -5519.81
-5634.84 -5519.81
-5948.95 -5519.81
-5807.55 -5519.81
-6082.55 -5519.81
-5675.56 -5519.81
-5657.04 -5519.81
-5925.77 -5519.81
-5552.09 -5519.81
-5573.23 -5519.81
-5840.51 -5519.81
-5855.15 -5519.81
-5573.85 -5519.81
-5929.98 -5519.81
-5841.10 -5519.81
-5662.48 -5519.81
-5854.44 -5519.81
-5816.96 -5519.81
-5763.77 -5519.81
-5792.02 -5519.81
-5798.37 -5519.81
-5580.10 -5519.81
-5986.44 -5519.81
-5631.84 -5519.81
-5655.83 -5519.81
-5788.19 -5519.81
-5702.24 -5519.81
-5827.31 -5519.81
-5545.91 -5519.81
-5982.67 -5519.81
-5789.81 -5519.81
-5886.11 -5519.81
-5575.66 -5519.81
-5691.28 -5519.81
-5946.26 -5519.81
-5900.15 -5519.81
-5625.01 -5519.81
-5889.50 -5519.81
-6043.54 -5519.81
-5779.79 -5519.81
-5657.76 -5519.81
-5913.76 -5519.81
-5844.94 -5519.81
-5769.33 -5519.81
-5765.68 -5519.81
-5897.88 -5519.81
-5797.04 -5519.81
-5908.45 -5519.81
-5599.73 -5519.81
-5591.42 -5519.81
-5712.93 -5519.81
-5675.18 -5519.81
-5714.75 -5519.81
-5880.44 -5519.81
-5388.45 -5388.45
-5545.87 -5388.45
-5608.50 -5388.45
-5979.03 -5388.45
-5796.06 -5388.45
-5664.58 -5388.45
-5644.79 -5388.45
-5542.24 -5388.45
-5562.68 -5388.45
-5622.58 -5388.45
-5534.94 -5388.45
-5806.11 -5388.45
-5744.60 -5388.45
-5757.58 -5388.45
-6108.35 -5388.45
-6078.42 -6078.42
-6004.95 -6004.95
-5887.52 -5887.52
-5922.37 -5887.52
-5831.42 -5831.42
-5865.53 -5831.42
-5778.09 -5778.09
-5708.90 -5708.90
-5745.80 -5708.90
-5856.28 -5708.90
-5918.90 -5708.90
-5646.35 -5646.35
-5701.22 -5646.35
-5913.68 -5646.35
-5864.18 -5646.35
-5743.58 -5646.35
-5670.76 -5646.35
-5805.74 -5646.35
-5917.14 -5646.35
-6042.21 -5646.35
-5935.78 -5646.35
-5778.76 -5646.35
-5789.79 -5646.35
-5782.74 -5646.35
-5922.11 -5646.35
-5729.30 -5646.35
-5886.76 -5646.35
-5912.77 -5646.35
-5846.39 -5646.35
-5572.51 -5572.51
-5886.20 -5572.51
-5774.03 -5572.51
-5604.60 -5572.51
-5753.87 -5572.51
-5806.06 -5572.51
-5886.14 -5572.51
-5725.82 -5572.51
-5839.18 -5572.51
-5944.62 -5572.51
-5887.02 -5572.51
-5735.56 -5572.51
-5750.97 -5572.51
-5700.57 -5572.51
-5539.87 -5539.87
-5627.84 -5539.87
-5596.29 -5539.87
-5807.46 -5539.87
-5499.73 -5499.73
-5545.55 -5499.73
-5585.62 -5499.73
-5963.80 -5499.73
-5588.59 -5499.73
-5512.74 -5499.73
-5655.58 -5499.73
-5592.63 -5499.73
-5939.99 -5499.73
-5903.59 -5499.73
-5689.19 -5499.73
-5603.77 -5499.73
-5649.07 -5499.73
-5946.91 -5499.73
-5921.71 -5499.73
-5602.01 -5499.73
-5812.24 -5499.73
-5573.02 -5499.73
-5658.48 -5499.73
-5775.89 -5499.73
-5879.64 -5499.73
-5484.68 -5484.68
-5909.76 -5484.68
-5803.88 -5484.68
-5932.86 -5484.68
-5827.21 -5484.68
-5765.12 -5484.68
-5815.70 -5484.68
-5788.37 -5484.68
-5712.13 -5484.68
-5678.05 -5484.68
-6109.53 -5484.68
-5687.57 -5484.68
-5490.73 -5484.68
-5844.43 -5484.68
-5598.77 -5484.68
-5508.13 -5484.68
-5931.79 -5484.68
-5611.02 -5484.68
-5861.94 -5484.68
-5773.33 -5484.68
-5714.08 -5484.68
-5670.55 -5484.68
-5715.94 -5484.68
-5727.72 -5484.68
-5554.97 -5484.68
-5779.69 -5484.68
-5821.90 -5484.68
-5589.15 -5484.68
-5668.33 -5484.68
-5592.00 -5484.68
-5741.76 -5484.68
-5651.62 -5484.68
-5783.49 -5484.68
-5387.48 -5387.48
-5639.05 -5387.48
-5645.72 -5387.48
-5860.63 -5387.48
-5878.40 -5387.48
-5571.86 -5387.48
-5623.26 -5387.48
-5614.75 -5387.48
-5619.16 -5387.48
-5840.76 -5387.48
-5771.68 -5387.48
-5639.73 -5387.48
-6018.56 -5387.48
-5534.52 -5387.48
-5814.11 -5387.48
-5376.96 -5376.96
-5583.47 -5376.96
-5853.90 -5376.96
-5748.43 -5376.96
-5647.00 -5376.96
-5415.25 -5376.96
-5298.86 -5298.86
-5453.28 -5298.86
-5458.09 -5298.86
-5455.05 -5298.86
-5637.20 -5298.86
-5339.03 -5298.86
-5688.16 -5298.86
-5867.51 -5298.86
-5364.71 -5298.86
-5563.63 -5298.86
-5887.11 -5298.86
-5746.52 -5298.86
-5480.65 -5298.86
-5854.08 -5298.86
-5448.19 -5298.86
-5689.00 -5298.86
-5828.96 -5298.86
-5659.02 -5298.86
-5503.73 -5298.86
-5862.24 -5298.86
-5498.09 -5298.86
-5888.96 -5298.86
-5424.14 -5298.86
-5734.97 -5298.86
-5578.19 -5298.86
-5665.39 -5298.86
-5578.68 -5298.86
-5297.73 -5297.73
-5898.13 -5297.73
-5851.66 -5297.73
-5551.99 -5297.73
-5868.29 -5297.73
-5892.46 -5297.73
-5717.62 -5297.73
-5607.42 -5297.73
-5953.47 -5297.73
-5521.88 -5297.73
-5799.88 -5297.73
-5543.55 -5297.73
-5705.51 -5297.73
-5517.17 -5297.73
-5942.30 -5297.73
-5772.80 -5297.73
-5883.23 -5297.73
-5616.39 -5297.73
-5844.02 -5297.73
-5881.64 -5297.73
-5683.17 -5297.73
-5958.82 -5297.73
-5450.32 -5297.73
-5592.20 -5297.73
-5571.99 -5297.73
-5830.27 -5297.73
-5836.20 -5297.73
-5735.12 -5297.73
-5689.28 -5297.73
-5503.65 -5297.73
-5656.27 -5297.73
-5635.58 -5297.73
-5451.78 -5297.73
-5682.66 -5297.73
-5456.30 -5297.73
-5851.34 -5297.73
-5870.87 -5297.73
-5897.87 -5297.73
-5695.89 -5297.73
-5839.82 -5297.73
-5513.45 -5297.73
-5879.70 -5297.73
-5860.32 -5297.73
-5572.34 -5297.73
-5495.70 -5297.73
-5598.87 -5297.73
-5887.05 -5297.73
-5701.63 -5297.73
-5575.77 -5297.73
-5671.05 -5297.73
-5454.11 -5297.73
-5777.93 -5297.73
-5803.14 -5297.73
-5711.19 -5297.73
-5581.21 -5297.73
-5572.48 -5297.73
-5875.68 -5297.73
-5720.01 -5297.73
-5611.26 -5297.73
-5447.09 -5297.73
-5327.22 -5297.73
-5721.74 -5297.73
-5613.36 -5297.73
-5955.56 -5297.73
-6015.15 -5297.73
-5561.65 -5297.73
-5845.34 -5297.73
-5484.05 -5297.73
-5919.16 -5297.73
-5532.25 -5297.73
-5601.39 -5297.73
-5815.21 -5297.73
-5874.82 -5297.73
-5972.22 -5297.73
-5860.19 -5297.73
-5437.17 -5297.73
-5706.74 -5297.73
-5775.00 -5297.73
-5593.74 -5297.73
-5580.93 -5297.73
-5783.26 -5297.73
-5357.55 -5297.73
-5706.48 -5297.73
-5746.77 -5297.73
-5724.59 -5297.73
-5568.57 -5297.73
-5769.54 -5297.73
-5800.34 -5297.73
-5468.56 -5297.73
-5909.34 -5297.73
-5525.01 -5297.73
-5930.38 -5297.73
-6025.84 -5297.73
-5904.68 -5297.73
-5679.90 -5297.73
-5538.09 -5297.73
-5696.64 -5297.73
-5733.20 -5297.73
-5692.52 -5297.73
-5634.52 -5297.73
-5557.95 -5297.73
-5589.87 -5297.73
-5841.62 -5297.73
-5781.31 -5297.73
-5685.50 -5297.73
-5664.22 -5297.73
-5609.39 -5297.73
-5663.55 -5297.73
-5529.92 -5297.73
-5605.22 -5297.73
-5689.52 -5297.73
-5787.12 -5297.73
-5793.02 -5297.73
-5702.97 -5297.73
-5557.83 -5297.73
-5878.47 -5297.73
-5422.38 -5297.73
-5697.25 -5297.73
-5951.74 -5297.73
-5754.35 -5297.73
-5651.26 -5297.73
-5895.02 -5297.73
-5640.78 -5297.73
-5728.85 -5297.73
-5603.09 -5297.73
-5638.69 -5297.73
-5904.54 -5297.73
-5734.84 -5297.73
-5724.77 -5297.73
-5821.61 -5297.73
-5586.13 -5297.73
-5846.78 -5297.73
-5708.52 -5297.73
-5835.76 -5297.73
-5420.13 -5297.73
-5577.13 -5297.73
-5734.71 -5297.73
-5783.01 -5297.73
-5671.67 -5297.73
-5755.41 -5297.73
-5693.18 -5297.73
-5663.71 -5297.73
-5492.04 -5297.73
-5511.79 -5297.73
-5508.68 -5297.73
-5500.00 -5297.73
-5879.87 -5297.73
-6011.19 -5297.73
-5718.90 -5297.73
-5821.94 -5297.73
-5778.21 -5297.73
-5707.97 -5297.73
-5671.49 -5297.73
-5835.04 -5297.73
-5741.53 -5297.73
-5730.61 -5297.73
-5725.90 -5297.73
-5439.17 -5297.73
-5469.00 -5297.73
-5904.97 -5297.73
-5681.92 -5297.73
-5969.63 -5297.73
-5955.97 -5297.73
-5836.99 -5297.73
-5900.60 -5297.73
-5753.23 -5297.73
-5710.46 -5297.73
-5413.18 -5297.73
-5779.10 -5297.73
-5780.65 -5297.73
-5688.50 -5297.73
-5813.73 -5297.73
-5830.87 -5297.73
-5689.01 -5297.73
-5624.14 -5297.73
-5495.78 -5297.73
-5705.11 -5297.73
-5887.98 -5297.73
-5608.54 -5297.73
-5945.46 -5297.73
-5583.40 -5297.73
-5640.82 -5297.73
-5759.01 -5297.73
-5553.22 -5297.73
-5708.96 -5297.73
-5791.92 -5297.73
-5687.65 -5297.73
-5660.69 -5297.73
-5872.50 -5297.73
-5925.14 -5297.73
-5574.23 -5297.73
-5618.38 -5297.73
-5695.90 -5297.73
-5496.10 -5297.73
-5663.50 -5297.73
-5661.71 -5297.73
-5833.09 -5297.73
-5681.65 -5297.73
-5792.91 -5297.73
-5723.27 -5297.73
-5558.43 -5297.73
-5831.69 -5297.73
-5836.38 -5297.73
-5719.91 -5297.73
-5806.61 -5297.73
-5884.02 -5297.73
-5752.72 -5297.73
-5411.23 -5297.73
-5505.29 -5297.73
-5874.40 -5297.73
-5594.98 -5297.73
-5907.42 -5297.73
-5739.17 -5297.73
-5804.71 -5297.73
-5678.39 -5297.73
-5612.94 -5297.73
-5474.05 -5297.73
-5660.78 -5297.73
-5622.29 -5297.73
-5760.72 -5297.73
-5888.50 -5297.73
-5639.15 -5297.73
-5638.53 -5297.73
-5664.08 -5297.73
-5956.85 -5297.73
-5604.95 -5297.73
-5994.31 -5297.73
-5867.96 -5297.73
-5446.01 -5297.73
-5630.39 -5297.73
-5611.78 -5297.73
-5702.40 -5297.73
-5844.02 -5297.73
-5404.68 -5297.73
-5427.47 -5297.73
-5684.89 -5297.73
-5811.17 -5297.73
-5431.76 -5297.73
-5874.05 -5297.73
-5819.88 -5297.73
-5593.28 -5297.73
-5805.96 -5297.73
-5773.55 -5297.73
-5452.54 -5297.73
-5630.44 -5297.73
-5777.53 -5297.73
-5923.33 -5297.73
-5909.42 -5297.73
-5754.50 -5297.73
-5559.69 -5297.73
-5737.28 -5297.73
-5474.12 -5297.73
-5764.42 -5297.73
-5633.46 -5297.73
-5753.18 -5297.73
-5450.89 -5297.73
-5373.84 -5297.73
-5549.56 -5297.73
-5580.14 -5297.73
-5444.05 -5297.73
-5731.59 -5297.73
-5908.92 -5297.73
-5766.76 -5297.73
-5654.19 -5297.73
-5736.43 -5297.73
-5706.68 -5297.73
-6046.61 -6046.61
-6059.03 -6046.61
-6020.91 -6020.91
-6147.44 -6020.91
-5953.69 -5953.69
-6028.09 -5953.69
-6077.37 -5953.69
-6040.26 -5953.69
-6012.47 -5953.69
-6027.85 -5953.69
-6033.49 -5953.69
-5983.51 -5953.69
-6115.48 -5953.69
-6094.78 -5953.69
-6052.53 -5953.69
-6009.31 -5953.69
-6033.04 -5953.69
-5976.24 -5953.69
-6014.65 -5953.69
-6022.78 -5953.69
-6139.28 -5953.69
-6068.45 -5953.69
-6020.21 -5953.69
-5959.56 -5953.69
-6056.19 -5953.69
-6057.94 -5953.69
-6072.99 -5953.69
-6027.34 -5953.69
-6081.74 -5953.69
-6075.57 -5953.69
-6092.48 -5953.69
-6010.25 -5953.69
-5983.05 -5953.69
-5962.07 -5953.69
-6017.72 -5953.69
-6056.13 -5953.69
-5987.36 -5953.69
-6098.44 -5953.69
-6124.77 -5953.69
-5959.91 -5953.69
-5996.14 -5953.69
-6001.88 -5953.69
-6006.81 -5953.69
-5995.57 -5953.69
-5996.61 -5953.69
-6047.66 -5953.69
-6063.94 -5953.69
-6072.42 -5953.69
-6030.80 -5953.69
-5997.43 -5953.69
-6090.74 -5953.69
-6102.04 -5953.69
-6108.83 -5953.69
-6098.58 -5953.69
-6156.01 -5953.69
-6132.84 -5953.69
-6105.76 -5953.69
-5903.98 -5903.98
-5845.28 -5845.28
-5906.11 -5845.28
-5915.04 -5845.28
-5839.09 -5839.09
-5934.47 -5839.09
-5921.40 -5839.09
-5949.41 -5839.09
-5922.29 -5839.09
-5946.06 -5839.09
-6044.66 -5839.09
-5808.29 -5808.29
-6020.72 -5808.29
-5992.94 -5808.29
-5901.61 -5808.29
-5868.11 -5808.29
-6000.79 -5808.29
-5879.68 -5808.29
-5952.14 -5808.29
-5891.52 -5808.29
-5818.85 -5808.29
-5925.05 -5808.29
-6103.73 -5808.29
-5765.20 -5765.20
-6035.84 -5765.20
-5895.39 -5765.20
-5855.47 -5765.20
-5885.89 -5765.20
-5887.27 -5765.20
-5763.54 -5763.54
-5670.64 -5670.64
-5923.73 -5670.64
-6094.75 -5670.64
-5842.12 -5670.64
-5603.88 -5603.88
-5689.17 -5603.88
-5810.50 -5603.88
-5653.81 -5603.88
-5666.27 -5603.88
-5894.82 -5603.88
-5787.65 -5603.88
-5815.55 -5603.88
-5668.45 -5603.88
-5698.81 -5603.88
-6006.92 -5603.88
-5941.79 -5603.88
-5940.87 -5603.88
-5732.75 -5603.88
-5914.37 -5603.88
-5744.77 -5603.88
-5839.16 -5603.88
-5775.45 -5603.88
-5587.55 -5587.55
-5711.65 -5587.55
-5616.54 -5587.55
-5977.58 -5587.55
-5976.16 -5587.55
-5893.08 -5587.55
-5879.70 -5587.55
-5722.17 -5587.55
-5813.41 -5587.55
-5540.83 -5540.83
-5598.65 -5540.83
-5752.63 -5540.83
-5604.65 -5540.83
-5877.68 -5540.83
-5675.03 -5540.83
-5725.05 -5540.83
-5734.95 -5540.83
-5841.97 -5540.83
-5933.63 -5540.83
-5722.11 -5540.83
-5769.82 -5540.83
-5890.26 -5540.83
-5773.98 -5540.83
-5868.77 -5540.83
-5744.99 -5540.83
-5841.58 -5540.83
-5704.41 -5540.83
-5824.68 -5540.83
-5695.56 -5540.83
-5747.76 -5540.83
-5824.30 -5540.83
-5494.29 -5494.29
-5588.68 -5494.29
-5608.58 -5494.29
-5919.57 -5494.29
-5830.57 -5494.29
-5834.05 -5494.29
-5708.20 -5494.29
-5902.76 -5494.29
-5673.19 -5494.29
-5767.29 -5494.29
-5841.96 -5494.29
-5834.50 -5494.29
-5766.44 -5494.29
-5783.72 -5494.29
-5894.50 -5494.29
-5885.61 -5494.29
-5524.02 -5494.29
-5324.49 -5324.49
-5760.37 -5324.49
-5772.33 -5324.49
-5416.99 -5324.49
-5909.54 -5324.49
-5851.28 -5324.49
-5567.23 -5324.49
-5692.54 -5324.49
-5511.68 -5324.49
-5601.58 -5324.49
-5545.57 -5324.49
-5960.77 -5324.49
-5671.58 -5324.49
-5890.42 -5324.49
-5586.38 -5324.49
-5200.28 -5200.28
-5611.13 -5200.28
-5305.44 -5200.28
-5465.82 -5200.28
-5484.67 -5200.28
-5566.90 -5200.28
-5929.97 -5200.28
-5654.88 -5200.28
-5833.76 -5200.28
-5288.34 -5200.28
-5476.50 -5200.28
-5833.93 -5200.28
-5752.21 -5200.28
-5648.50 -5200.28
-5658.71 -5200.28
-5691.48 -5200.28
-5789.13 -5200.28
-5818.69 -5200.28
-5805.99 -5200.28
-5547.85 -5200.28
-5238.35 -5200.28
-5785.92 -5200.28
-5398.24 -5200.28
-5583.45 -5200.28
-5912.01 -5200.28
-6015.81 -5200.28
-5589.24 -5200.28
-5588.90 -5200.28
-5853.02 -5200.28
-5866.20 -5200.28
-5452.85 -5200.28
-5761.15 -5200.28
-5367.76 -5200.28
-5715.09 -5200.28
-5303.74 -5200.28
-5718.20 -5200.28
-5737.10 -5200.28
-5553.80 -5200.28
-5910.44 -5200.28
-5568.90 -5200.28
-5666.59 -5200.28
-5365.42 -5200.28
-5501.48 -5200.28
-5815.47 -5200.28
-5896.24 -5200.28
-5694.85 -5200.28
-5485.09 -5200.28
-5822.15 -5200.28
-5591.82 -5200.28
-5584.78 -5200.28
-5666.07 -5200.28
-5671.46 -5200.28
-5839.77 -5200.28
-5588.77 -5200.28
-5540.16 -5200.28
-5722.26 -5200.28
-5278.38 -5200.28
-6154.94 -5200.28
-5626.40 -5200.28
-5317.97 -5200.28
-5218.60 -5200.28
-5678.41 -5200.28
-5636.61 -5200.28
-5801.04 -5200.28
-5676.10 -5200.28
-5661.24 -5200.28
-5378.65 -5200.28
-5773.31 -5200.28
-5448.24 -5200.28
-5348.94 -5200.28
-5624.28 -5200.28
-5626.41 -5200.28
-5289.85 -5200.28
-5794.26 -5200.28
-5787.26 -5200.28
-5667.46 -5200.28
-5680.01 -5200.28
-5601.27 -5200.28
-5635.45 -5200.28
-5757.85 -5200.28
-5655.31 -5200.28
-5680.81 -5200.28
-5464.53 -5200.28
-5406.39 -5200.28
-5173.88 -5173.88
-5664.12 -5173.88
-5476.25 -5173.88
-5570.74 -5173.88
-5473.84 -5173.88
-5833.65 -5173.88
-5767.99 -5173.88
-5651.08 -5173.88
-5924.81 -5173.88
-5252.16 -5173.88
-5485.96 -5173.88
-5697.84 -5173.88
-5853.36 -5173.88
-5662.34 -5173.88
-5320.82 -5173.88
-5795.46 -5173.88
-5871.13 -5173.88
-5828.32 -5173.88
-5560.60 -5173.88
-5805.25 -5173.88
-5762.47 -5173.88
-5513.06 -5173.88
-5749.13 -5173.88
-5500.13 -5173.88
-5515.01 -5173.88
-5463.64 -5173.88
-5775.49 -5173.88
-5468.63 -5173.88
-5371.02 -5173.88
-5357.14 -5173.88
-5769.78 -5173.88
-5731.58 -5173.88
-5425.06 -5173.88
-5896.93 -5173.88
-5450.01 -5173.88
-5576.44 -5173.88
-5657.02 -5173.88
-6118.53 -5173.88
-5277.38 -5173.88
-5507.02 -5173.88
-5609.22 -5173.88
-5632.01 -5173.88
-5793.23 -5173.88
-5902.55 -5173.88
-5843.59 -5173.88
-5420.83 -5173.88
-5892.86 -5173.88
-5473.26 -5173.88
-5891.90 -5173.88
-5686.31 -5173.88
-5621.22 -5173.88
-5545.94 -5173.88
-5580.57 -5173.88
-5874.97 -5173.88
-5685.18 -5173.88
-5586.01 -5173.88
-5625.95 -5173.88
-5697.41 -5173.88
-5534.68 -5173.88
-5591.23 -5173.88
-5496.87 -5173.88
-5290.72 -5173.88
-5448.01 -5173.88
-5882.20 -5173.88
-5874.65 -5173.88
-5716.73 -5173.88
-5665.41 -5173.88
-5697.15 -5173.88
-5475.11 -5173.88
-5312.40 -5173.88
-5850.67 -5173.88
-5796.56 -5173.88
-5785.60 -5173.88
-5658.25 -5173.88
-5683.74 -5173.88
-5739.86 -5173.88
-5653.56 -5173.88
-5113.91 -5113.91
-5453.66 -5113.91
-5686.97 -5113.91
-5775.01 -5113.91
-5862.48 -5113.91
-5820.68 -5113.91
-5633.17 -5113.91
-5750.44 -5113.91
-5711.95 -5113.91
-5531.03 -5113.91
-5914.96 -5113.91
-5760.60 -5113.91
-6049.41 -5113.91
-5714.49 -5113.91
-5034.74 -5034.74
-5795.76 -5034.74
-5850.77 -5034.74
-5645.41 -5034.74
-5734.47 -5034.74
-5611.78 -5034.74
-5746.24 -5034.74
-5441.50 -5034.74
-5696.44 -5034.74
-5717.85 -5034.74
-5749.81 -5034.74
-5761.31 -5034.74
-5820.32 -5034.74
-5590.74 -5034.74
-5658.52 -5034.74
-5962.17 -5034.74
-5664.89 -5034.74
-5845.94 -5034.74
-5811.53 -5034.74
-5742.05 -5034.74
-5580.89 -5034.74
-5704.79 -5034.74
-5465.96 -5034.74
-5896.64 -5034.74
-5283.42 -5034.74
-5631.20 -5034.74
-5361.21 -5034.74
-5725.86 -5034.74
-5303.72 -5034.74
-5846.00 -5034.74
-5543.08 -5034.74
-5509.43 -5034.74
-5880.66 -5034.74
-5691.14 -5034.74
-5739.87 -5034.74
-5427.26 -5034.74
-5227.09 -5034.74
-5395.18 -5034.74
-5671.49 -5034.74
-5410.75 -5034.74
-5824.87 -5034.74
-5716.22 -5034.74
-5522.94 -5034.74
-5671.47 -5034.74
-5697.26 -5034.74
-5482.63 -5034.74
-5727.50 -5034.74
-5548.12 -5034.74
-5919.22 -5034.74
-5316.09 -5034.74
-5440.57 -5034.74
-5869.41 -5034.74
-5895.08 -5034.74
-5605.02 -5034.74
-5510.08 -5034.74
-5981.22 -5034.74
-5680.73 -5034.74
-5626.75 -5034.74
-5175.65 -5034.74
-5811.16 -5034.74
-5482.41 -5034.74
-5863.43 -5034.74
-5324.43 -5034.74
-5698.05 -5034.74
-5885.09 -5034.74
-5941.37 -5034.74
-5737.18 -5034.74
-5603.70 -5034.74
-5479.55 -5034.74
-6097.66 -6097.66
-6166.01 -6097.66
-6115.52 -6097.66
-6132.87 -6097.66
-6086.59 -6086.59
-6128.43 -6086.59
-6102.06 -6086.59
-6178.53 -6086.59
-6100.00 -6086.59
-6144.65 -6086.59
-6039.91 -6039.91
-6029.14 -6029.14
-6020.14 -6020.14
-6104.79 -6020.14
-6105.36 -6020.14
-6194.58 -6020.14
-6093.83 -6020.14
-6020.63 -6020.14
-6057.85 -6020.14
-6098.80 -6020.14
-6147.11 -6020.14
-6161.88 -6020.14
-6092.64 -6020.14
-6126.05 -6020.14
-6119.00 -6020.14
-6072.55 -6020.14
-6163.40 -6020.14
-5998.66 -5998.66
-6028.42 -5998.66
-5888.20 -5888.20
-5905.81 -5888.20
-6053.63 -5888.20
-5971.47 -5888.20
-5889.89 -5888.20
-6045.67 -5888.20
-5996.72 -5888.20
-6137.74 -5888.20
-6098.58 -5888.20
-6052.03 -5888.20
-5990.27 -5888.20
-6009.89 -5888.20
-5946.09 -5888.20
-6041.30 -5888.20
-6025.56 -5888.20
-5944.90 -5888.20
-5965.71 -5888.20
-6088.55 -5888.20
-6056.34 -5888.20
-6086.79 -5888.20
-6055.63 -5888.20
-5983.51 -5888.20
-6007.02 -5888.20
-6119.93 -5888.20
-5968.02 -5888.20
-5960.03 -5888.20
-5955.63 -5888.20
-5881.38 -5881.38
-6078.25 -5881.38
-5932.78 -5881.38
-5908.22 -5881.38
-5861.93 -5861.93
-5933.69 -5861.93
-6031.15 -5861.93
-5952.15 -5861.93
-5969.85 -5861.93
-5798.35 -5798.35
-5932.49 -5798.35
-5726.82 -5726.82
-5722.86 -5722.86
-5860.48 -5722.86
-5912.05 -5722.86
-5849.76 -5722.86
-5831.10 -5722.86
-5879.30 -5722.86
-6044.17 -5722.86
-5689.66 -5689.66
-5801.59 -5689.66
-5974.90 -5689.66
-5962.07 -5689.66
-5806.77 -5689.66
-5687.60 -5687.60
-5819.59 -5687.60
-5930.36 -5687.60
-5817.78 -5687.60
-6079.93 -5687.60
-5816.67 -5687.60
-6002.38 -5687.60
-5692.08 -5687.60
-5878.72 -5687.60
-5593.31 -5593.31
-5692.78 -5593.31
-5820.83 -5593.31
-5903.49 -5593.31
-5695.09 -5593.31
-5757.61 -5593.31
-5810.54 -5593.31
-5933.07 -5593.31
-5881.43 -5593.31
-5649.78 -5593.31
-5799.41 -5593.31
-5575.62 -5575.62
-5818.10 -5575.62
-5817.23 -5575.62
-5802.44 -5575.62
-5745.67 -5575.62
-5875.30 -5575.62
-5932.55 -5575.62
-5642.55 -5575.62
-5832.98 -5575.62
-5877.39 -5575.62
-5952.86 -5575.62
-5856.39 -5575.62
-6020.05 -5575.62
-5788.77 -5575.62
-5826.54 -5575.62
-5843.62 -5575.62
-5808.23 -5575.62
-5772.71 -5575.62
-5884.11 -5575.62
-5777.15 -5575.62
-5857.51 -5575.62
-5765.70 -5575.62
-5909.54 -5575.62
-5971.27 -5575.62
-5710.64 -5575.62
-5707.14 -5575.62
-5755.67 -5575.62
-5717.76 -5575.62
-5742.94 -5575.62
-5619.78 -5575.62
-5852.23 -5575.62
-5625.15 -5575.62
-5835.55 -5575.62
-5900.30 -5575.62
-5866.30 -5575.62
-5851.91 -5575.62
-5554.31 -5554.31
-5697.41 -5554.31
-5815.89 -5554.31
-5776.07 -5554.31
-5870.11 -5554.31
-5947.61 -5554.31
-5727.18 -5554.31
-5987.84 -5554.31
-5863.03 -5554.31
-5777.46 -5554.31
-6229.98 -5554.31
-5852.56 -5554.31
-5856.26 -5554.31
-5733.66 -5554.31
-5706.03 -5554.31
-5684.94 -5554.31
-5864.32 -5554.31
-5956.72 -5554.31
-5915.19 -5554.31
-5775.19 -5554.31
-5762.56 -5554.31
-5760.98 -5554.31
-5858.18 -5554.31
-5599.82 -5554.31
-5749.81 -5554.31
-5722.69 -5554.31
-5704.89 -5554.31
-5799.34 -5554.31
-5974.91 -5554.31
-5861.60 -5554.31
-5836.50 -5554.31
-5877.76 -5554.31
-5729.02 -5554.31
-5699.18 -5554.31
-5874.72 -5554.31
-5853.93 -5554.31
-5584.98 -5554.31
-5620.43 -5554.31
-5638.04 -5554.31
-5574.49 -5554.31
-5861.30 -5554.31
-5793.91 -5554.31
-5850.65 -5554.31
-5938.44 -5554.31
-5967.62 -5554.31
-5902.63 -5554.31
-5819.84 -5554.31
-5809.31 -5554.31
-5885.73 -5554.31
-5930.34 -5554.31
-5705.93 -5554.31
-5785.73 -5554.31
-5960.39 -5554.31
-5807.38 -5554.31
-5722.81 -5554.31
-5818.40 -5554.31
-5733.08 -5554.31
-5900.84 -5554.31
-5892.75 -5554.31
-5756.56 -5554.31
-5642.66 -5554.31
-5818.67 -5554.31
-6018.78 -5554.31
-5942.10 -5554.31
-5793.05 -5554.31
-5817.48 -5554.31
-5941.38 -5554.31
-5734.85 -5554.31
-5738.11 -5554.31
-5681.71 -5554.31
-5893.12 -5554.31
-6037.06 -5554.31
-5664.80 -5554.31
-5763.12 -5554.31
-5856.91 -5554.31
-5694.63 -5554.31
-5676.52 -5554.31
-5717.11 -5554.31
-5623.63 -5554.31
-6004.11 -5554.31
-5761.29 -5554.31
-5783.13 -5554.31
-5973.76 -5554.31
-5745.53 -5554.31
-5574.78 -5554.31
-5915.69 -5554.31
-5753.54 -5554.31
-6111.04 -5554.31
-5907.19 -5554.31
-5700.34 -5554.31
-5807.44 -5554.31
-5646.59 -5554.31
-5626.18 -5554.31
-5667.08 -5554.31
-5474.25 -5474.25
-5781.92 -5474.25
-5898.07 -5474.25
-5584.94 -5474.25
-5833.15 -5474.25
-5928.84 -5474.25
-5480.76 -5474.25
-5719.55 -5474.25
-5910.50 -5474.25
-5707.46 -5474.25
-5799.52 -5474.25
-5739.48 -5474.25
-5736.98 -5474.25
-5902.94 -5474.25
-5592.92 -5474.25
-5628.30 -5474.25
-5762.13 -5474.25
-5569.66 -5474.25
-5907.91 -5474.25
-5634.45 -5474.25
-5561.40 -5474.25
-5638.40 -5474.25
-5720.65 -5474.25
-5718.71 -5474.25
-5720.52 -5474.25
-5698.40 -5474.25
-5732.53 -5474.25
-5639.70 -5474.25
-5717.54 -5474.25
-5941.85 -5474.25
-5729.82 -5474.25
-5605.55 -5474.25
-5894.61 -5474.25
-5575.48 -5474.25
-5760.62 -5474.25
-5894.15 -5474.25
-5798.42 -5474.25
-6029.87 -5474.25
-5874.25 -5474.25
-5621.76 -5474.25
-5878.75 -5474.25
-5875.65 -5474.25
-5712.46 -5474.25
-5910.36 -5474.25
-5736.91 -5474.25
-5724.98 -5474.25
-5788.90 -5474.25
-5572.01 -5474.25
-5839.94 -5474.25
-5706.52 -5474.25
-5676.50 -5474.25
-5742.02 -5474.25
-5912.33 -5474.25
-5891.97 -5474.25
-6009.35 -5474.25
-5821.80 -5474.25
-5570.16 -5474.25
-5681.36 -5474.25
-5653.95 -5474.25
-5747.10 -5474.25
-5788.08 -5474.25
-6032.52 -5474.25
-6096.68 -5474.25
-5742.12 -5474.25
-5661.51 -5474.25
-5942.31 -5474.25
-5954.74 -5474.25
-5976.45 -5474.25
-5774.48 -5474.25
-5784.01 -5474.25
-5758.83 -5474.25
-5587.07 -5474.25
-5588.63 -5474.25
-5799.32 -5474.25
-5649.84 -5474.25
-5953.15 -5474.25
-5905.92 -5474.25
-5938.67 -5474.25
-5657.03 -5474.25
-5917.38 -5474.25
-5906.18 -5474.25
-5712.85 -5474.25
-5895.97 -5474.25
-5858.05 -5474.25
-5796.46 -5474.25
-5534.19 -5474.25
-5809.71 -5474.25
-5844.32 -5474.25
-5808.72 -5474.25
-5902.55 -5474.25
-5615.75 -5474.25
-5785.95 -5474.25
-5829.04 -5474.25
-5742.92 -5474.25
-5759.77 -5474.25
-5636.04 -5474.25
-5853.83 -5474.25
-5691.93 -5474.25
-6130.27 -5474.25
-5825.73 -5474.25
-5761.01 -5474.25
-5798.01 -5474.25
-5831.91 -5474.25
-5858.67 -5474.25
-5859.90 -5474.25
-5763.49 -5474.25
-5882.24 -5474.25
-5673.20 -5474.25
-5803.59 -5474.25
-5682.09 -5474.25
-5578.21 -5474.25
-5666.46 -5474.25
-5724.58 -5474.25
-5683.22 -5474.25
-5929.36 -5474.25
-5696.52 -5474.25
-5667.62 -5474.25
-5695.47 -5474.25
-5775.13 -5474.25
-5824.67 -5474.25
-5758.73 -5474.25
-5728.28 -5474.25
-6005.41 -5474.25
-5712.61 -5474.25
-5602.93 -5474.25
-5846.79 -5474.25
-5819.02 -5474.25
-5876.35 -5474.25
-5839.47 -5474.25
-5590.50 -5474.25
-5889.10 -5474.25
-5726.70 -5474.25
-5797.65 -5474.25
-5996.67 -5474.25
-5841.55 -5474.25
-5656.39 -5474.25
-5625.50 -5474.25
-5692.84 -5474.25
-5826.44 -5474.25
-5609.08 -5474.25
-5895.77 -5474.25
-5645.91 -5474.25
-5872.15 -5474.25
-5573.62 -5474.25
-5715.29 -5474.25
-5569.73 -5474.25
-5638.11 -5474.25
-5608.38 -5474.25
-5681.35 -5474.25
-5893.23 -5474.25
-5909.85 -5474.25
-5708.41 -5474.25
-5829.03 -5474.25
-5811.38 -5474.25
-5606.34 -5474.25
-5767.75 -5474.25
-5850.26 -5474.25
-5584.64 -5474.25
-5684.97 -5474.25
-5684.45 -5474.25
-5802.50 -5474.25
-5546.37 -5474.25
-5908.48 -5474.25
-5720.77 -5474.25
-5754.33 -5474.25
-5904.79 -5474.25
-5819.55 -5474.25
-5710.37 -5474.25
-5911.91 -5474.25
-5658.01 -5474.25
-5820.22 -5474.25
-5778.65 -5474.25
-5745.14 -5474.25
-5902.23 -5474.25
-5577.18 -5474.25
-5660.28 -5474.25
-5695.16 -5474.25
-5685.39 -5474.25
-5681.15 -5474.25
-5653.78 -5474.25
-5819.65 -5474.25
-5686.82 -5474.25
-5802.09 -5474.25
-5883.31 -5474.25
-5880.60 -5474.25
-5930.37 -5474.25
-5964.23 -5964.23
-6084.10 -5964.23
-5865.42 -5865.42
-5893.91 -5865.42
