-10000.00 -10000.00
-6963.41 -10000.00
-7067.89 -10000.00
-7002.83 -10000.00
-6919.16 -6919.16
-6946.05 -6919.16
-6982.07 -6919.16
-7053.99 -6919.16
-6928.97 -6919.16
-6949.82 -6919.16
-6949.49 -6919.16
-6948.19 -6919.16
-6974.33 -6919.16
-6996.82 -6919.16
-7004.19 -6919.16
-6960.44 -6919.16
-6980.69 -6919.16
-6967.34 -6919.16
-6917.23 -6917.23
-6945.19 -6917.23
-6943.35 -6917.23
-6972.51 -6917.23
-6992.58 -6917.23
-6870.21 -6870.21
-6948.79 -6870.21
-6894.90 -6870.21
-6882.63 -6870.21
-6968.84 -6870.21
-6927.27 -6870.21
-7035.10 -6870.21
-6952.63 -6870.21
-6994.20 -6870.21
-6943.64 -6870.21
-7010.45 -6870.21
-6945.52 -6870.21
-6949.88 -6870.21
-6923.79 -6870.21
-6914.02 -6870.21
-6922.03 -6870.21
-6933.24 -6870.21
-6886.27 -6870.21
-6998.24 -6870.21
-6982.85 -6870.21
-6940.59 -6870.21
-6939.21 -6870.21
-6895.58 -6870.21
-6882.98 -6870.21
-6930.18 -6870.21
-6893.37 -6870.21
-6953.12 -6870.21
-6893.32 -6870.21
-6933.52 -6870.21
-6966.07 -6870.21
-6976.40 -6870.21
-6848.81 -6848.81
-6917.33 -6848.81
-6809.83 -6809.83
-6794.88 -6794.88
-6825.23 -6794.88
-6819.19 -6794.88
-6846.10 -6794.88
-6791.97 -6791.97
-6920.09 -6791.97
-6732.39 -6732.39
-6722.50 -6722.50
-6708.76 -6708.76
-6672.66 -6672.66
-6710.71 -6672.66
-6811.98 -6672.66
-6481.93 -6481.93
-6631.70 -6481.93
-6868.63 -6481.93
-6676.55 -6481.93
-6536.19 -6481.93
-6494.87 -6481.93
-6731.89 -6481.93
-6666.08 -6481.93
-6655.05 -6481.93
-6562.71 -6481.93
-6506.14 -6481.93
-6726.37 -6481.93
-6743.50 -6481.93
-6351.14 -6351.14
-6540.05 -6351.14
-6503.09 -6351.14
-6509.73 -6351.14
-6666.99 -6351.14
-6540.97 -6351.14
-6514.98 -6351.14
-6660.62 -6351.14
-6613.50 -6351.14
-6589.74 -6351.14
-6863.05 -6351.14
-6645.51 -6351.14
-6599.68 -6351.14
-6588.83 -6351.14
-6738.59 -6351.14
-6602.15 -6351.14
-6653.17 -6351.14
-6610.75 -6351.14
-6799.79 -6351.14
-6595.28 -6351.14
-6626.92 -6351.14
-6655.22 -6351.14
-6501.61 -6351.14
-6532.36 -6351.14
-6471.96 -6351.14
-6628.93 -6351.14
-6602.30 -6351.14
-6413.39 -6351.14
-6624.75 -6351.14
-6507.88 -6351.14
-6578.56 -6351.14
-6627.04 -6351.14
-6607.51 -6351.14
-6619.76 -6351.14
-6821.19 -6351.14
-6489.97 -6351.14
-6571.55 -6351.14
-6614.20 -6351.14
-6773.83 -6351.14
-6662.38 -6351.14
-6487.03 -6351.14
-6722.44 -6351.14
-6574.27 -6351.14
-6559.29 -6351.14
-6494.30 -6351.14
-6685.65 -6351.14
-6765.43 -6351.14
-6484.14 -6351.14
-6578.99 -6351.14
-6656.04 -6351.14
-6353.82 -6351.14
-6618.86 -6351.14
-6668.58 -6351.14
-6433.56 -6351.14
-6704.63 -6351.14
-6445.38 -6351.14
-6333.13 -6333.13
-6476.05 -6333.13
-6693.80 -6333.13
-6676.78 -6333.13
-6565.34 -6333.13
-6653.38 -6333.13
-6455.09 -6333.13
-6632.63 -6333.13
-6720.81 -6333.13
-6735.88 -6333.13
-6678.81 -6333.13
-6419.35 -6333.13
-6364.14 -6333.13
-6736.18 -6333.13
-6816.50 -6333.13
-6480.00 -6333.13
-6846.81 -6333.13
-6725.14 -6333.13
-6757.44 -6333.13
-6551.43 -6333.13
-6642.32 -6333.13
-6414.97 -6333.13
-6714.86 -6333.13
-6697.59 -6333.13
-6703.85 -6333.13
-6641.14 -6333.13
-6735.17 -6333.13
-6409.47 -6333.13
-6563.89 -6333.13
-6340.15 -6333.13
-6584.15 -6333.13
-6681.77 -6333.13
-6774.08 -6333.13
-6363.48 -6333.13
-6680.60 -6333.13
-6548.21 -6333.13
-6440.43 -6333.13
-6409.83 -6333.13
-6605.66 -6333.13
-6748.77 -6333.13
-6429.51 -6333.13
-6623.11 -6333.13
-6417.23 -6333.13
-6663.30 -6333.13
-6594.38 -6333.13
-6588.95 -6333.13
-6702.96 -6333.13
-6763.71 -6333.13
-6350.19 -6333.13
-6587.68 -6333.13
-6542.15 -6333.13
-6627.75 -6333.13
-6478.95 -6333.13
-6696.27 -6333.13
-6377.63 -6333.13
-6545.67 -6333.13
-6769.08 -6333.13
-6545.84 -6333.13
-6560.65 -6333.13
-6515.93 -6333.13
-6454.88 -6333.13
-6530.02 -6333.13
-6670.41 -6333.13
-6562.88 -6333.13
-6663.66 -6333.13
-6715.61 -6333.13
-6651.22 -6333.13
-6456.54 -6333.13
-6583.47 -6333.13
-6714.82 -6333.13
-6480.44 -6333.13
-6597.05 -6333.13
-6336.15 -6333.13
-6396.70 -6333.13
-6277.78 -6277.78
-6643.86 -6277.78
-6517.26 -6277.78
-6311.68 -6277.78
-6451.02 -6277.78
-6437.02 -6277.78
-6642.28 -6277.78
-6663.52 -6277.78
-6547.90 -6277.78
-6452.81 -6277.78
-6535.90 -6277.78
-6483.08 -6277.78
-6717.07 -6277.78
-6418.74 -6277.78
-6363.36 -6277.78
-6459.90 -6277.78
-6616.39 -6277.78
-6702.05 -6277.78
-6679.48 -6277.78
-6610.73 -6277.78
-6529.36 -6277.78
-6780.31 -6277.78
-6358.32 -6277.78
-6638.23 -6277.78
-6530.90 -6277.78
-6401.77 -6277.78
-6557.61 -6277.78
-6407.49 -6277.78
-6557.62 -6277.78
-6482.91 -6277.78
-6558.69 -6277.78
-6518.42 -6277.78
-6741.10 -6277.78
-6712.77 -6277.78
-6631.47 -6277.78
-6643.16 -6277.78
-6479.78 -6277.78
-6734.95 -6277.78
-6626.19 -6277.78
-6791.13 -6277.78
-6509.84 -6277.78
-6534.86 -6277.78
-6334.91 -6277.78
-6386.61 -6277.78
-6744.24 -6277.78
-6382.83 -6277.78
-6692.31 -6277.78
-6530.21 -6277.78
-6390.99 -6277.78
-6483.04 -6277.78
-6540.93 -6277.78
-6733.06 -6277.78
-6557.52 -6277.78
-6711.45 -6277.78
-6489.47 -6277.78
-6662.50 -6277.78
-6576.66 -6277.78
-6665.00 -6277.78
-6394.90 -6277.78
-6701.71 -6277.78
-6521.74 -6277.78
-6438.12 -6277.78
-6712.81 -6277.78
-6348.76 -6277.78
-6737.86 -6277.78
-6476.51 -6277.78
-6374.50 -6277.78
-6646.39 -6277.78
-6488.32 -6277.78
-6592.69 -6277.78
-6581.01 -6277.78
-6749.70 -6277.78
-6266.10 -6266.10
-6263.66 -6263.66
-6617.78 -6263.66
-6549.33 -6263.66
-6458.94 -6263.66
-6656.35 -6263.66
-6459.08 -6263.66
-6274.92 -6263.66
-6707.79 -6263.66
-6562.98 -6263.66
-6416.26 -6263.66
-6548.69 -6263.66
-6469.26 -6263.66
-6729.30 -6263.66
-6481.83 -6263.66
-6435.84 -6263.66
-6452.98 -6263.66
-6722.61 -6263.66
-6706.89 -6263.66
-6408.41 -6263.66
-6421.86 -6263.66
-6658.07 -6263.66
-6473.66 -6263.66
-6645.55 -6263.66
-6629.27 -6263.66
-6578.78 -6263.66
-6133.11 -6133.11
-6557.30 -6133.11
-6561.30 -6133.11
-6528.17 -6133.11
-6377.86 -6133.11
-6348.80 -6133.11
-6358.51 -6133.11
-6458.85 -6133.11
-6435.72 -6133.11
-6416.06 -6133.11
-6306.24 -6133.11
-6508.74 -6133.11
-6098.38 -6098.38
-6587.42 -6098.38
-6640.50 -6098.38
-6578.88 -6098.38
-6529.71 -6098.38
-6338.80 -6098.38
-6321.27 -6098.38
-6753.35 -6098.38
-6601.67 -6098.38
-6417.40 -6098.38
-6367.61 -6098.38
-6309.88 -6098.38
-6652.83 -6098.38
-6303.75 -6098.38
-6273.99 -6098.38
-6388.04 -6098.38
-6287.09 -6098.38
-6536.96 -6098.38
-6405.90 -6098.38
-6189.57 -6098.38
-6165.33 -6098.38
-6381.43 -6098.38
-6454.76 -6098.38
-6334.82 -6098.38
-6641.52 -6098.38
-6299.64 -6098.38
-6310.64 -6098.38
-6559.35 -6098.38
-6135.91 -6098.38
-6583.69 -6098.38
-6421.22 -6098.38
-6207.83 -6098.38
-6638.26 -6098.38
-6481.90 -6098.38
-6397.48 -6098.38
-6347.09 -6098.38
-6631.85 -6098.38
-6450.02 -6098.38
-6412.61 -6098.38
-6342.71 -6098.38
-6546.09 -6098.38
-6425.53 -6098.38
-6538.36 -6098.38
-6680.34 -6098.38
-6478.65 -6098.38
-6299.17 -6098.38
-6544.04 -6098.38
-6608.79 -6098.38
-6528.13 -6098.38
-6214.71 -6098.38
-6417.82 -6098.38
-6218.46 -6098.38
-6624.75 -6098.38
-6310.49 -6098.38
-6082.41 -6082.41
-6318.84 -6082.41
-6536.46 -6082.41
-6284.86 -6082.41
-6530.37 -6082.41
-6509.25 -6082.41
-6311.63 -6082.41
-6686.36 -6082.41
-6767.31 -6082.41
-6550.05 -6082.41
-6568.04 -6082.41
-6543.44 -6082.41
-6206.80 -6082.41
-6487.70 -6082.41
-6740.09 -6082.41
-6713.09 -6082.41
-6464.70 -6082.41
-6565.86 -6082.41
-6397.64 -6082.41
-6254.73 -6082.41
-6287.46 -6082.41
-6364.00 -6082.41
-6360.59 -6082.41
-6469.00 -6082.41
-6149.98 -6082.41
-6601.09 -6082.41
-6414.03 -6082.41
-6635.44 -6082.41
-6331.73 -6082.41
-6561.88 -6082.41
-6425.63 -6082.41
-6457.05 -6082.41
-6357.50 -6082.41
-6681.25 -6082.41
-6407.80 -6082.41
-6533.06 -6082.41
-6604.32 -6082.41
-6178.34 -6082.41
-6107.21 -6082.41
-6568.19 -6082.41
-6518.08 -6082.41
-6616.96 -6082.41
-7002.44 -6082.41
-6888.62 -6888.62
-6952.27 -6888.62
-6944.42 -6888.62
-6916.20 -6888.62
-6882.83 -6882.83
-6957.52 -6882.83
-6877.68 -6877.68
-6989.60 -6877.68
-6879.57 -6877.68
-6858.48 -6858.48
-6764.38 -6764.38
-6772.42 -6764.38
-6674.15 -6674.15
-6746.01 -6674.15
-6686.79 -6674.15
-6613.11 -6613.11
-6769.78 -6613.11
-6814.74 -6613.11
-6776.91 -6613.11
-6742.55 -6613.11
-6634.44 -6613.11
-6816.86 -6613.11
-6741.46 -6613.11
-6623.85 -6613.11
-6579.10 -6579.10
-6726.55 -6579.10
-6527.66 -6527.66
-6870.83 -6527.66
-6489.82 -6489.82
-6620.16 -6489.82
-6613.13 -6489.82
-6698.21 -6489.82
-6635.26 -6489.82
-6682.39 -6489.82
-6467.33 -6467.33
-6368.02 -6368.02
-6815.45 -6368.02
-6551.88 -6368.02
-6641.88 -6368.02
-6393.41 -6368.02
-6788.87 -6368.02
-6262.07 -6262.07
-6581.34 -6262.07
-6592.71 -6262.07
-6435.45 -6262.07
-6482.48 -6262.07
-6667.84 -6262.07
-6510.25 -6262.07
-6612.87 -6262.07
-6404.24 -6262.07
-6788.60 -6262.07
-6577.21 -6262.07
-6754.03 -6262.07
-6550.39 -6262.07
-6331.78 -6262.07
-6599.90 -6262.07
-6706.53 -6262.07
-6721.53 -6262.07
-6534.33 -6262.07
-6733.29 -6262.07
-6175.68 -6175.68
-6761.03 -6175.68
-6479.90 -6175.68
-6617.70 -6175.68
-6592.56 -6175.68
-6282.79 -6175.68
-6320.87 -6175.68
-6309.70 -6175.68
-6282.56 -6175.68
-6539.29 -6175.68
-6574.88 -6175.68
-6534.42 -6175.68
-6547.85 -6175.68
-6342.80 -6175.68
-6640.00 -6175.68
-6364.28 -6175.68
-6622.94 -6175.68
-6555.63 -6175.68
-6468.14 -6175.68
-6760.83 -6175.68
-6601.08 -6175.68
-6789.84 -6175.68
-6474.70 -6175.68
-6751.14 -6175.68
-6765.29 -6175.68
-6636.13 -6175.68
-6518.00 -6175.68
-6376.85 -6175.68
-6584.57 -6175.68
-6358.39 -6175.68
-6845.49 -6175.68
-6273.52 -6175.68
-6415.68 -6175.68
-6685.49 -6175.68
-6537.33 -6175.68
-6640.69 -6175.68
-6778.73 -6175.68
-6356.43 -6175.68
-6359.05 -6175.68
-6713.92 -6175.68
-6460.90 -6175.68
-6465.18 -6175.68
-6559.14 -6175.68
-6314.42 -6175.68
-6584.81 -6175.68
-6401.11 -6175.68
-6458.82 -6175.68
-6515.29 -6175.68
-6624.93 -6175.68
-6342.03 -6175.68
-6517.16 -6175.68
-6846.55 -6175.68
-6552.17 -6175.68
-6316.30 -6175.68
-6678.62 -6175.68
-6432.06 -6175.68
-6583.21 -6175.68
-6394.24 -6175.68
-6651.13 -6175.68
-6405.24 -6175.68
-6411.54 -6175.68
-6662.90 -6175.68
-6308.30 -6175.68
-6635.50 -6175.68
-6305.37 -6175.68
-6531.32 -6175.68
-6538.48 -6175.68
-6718.94 -6175.68
-6615.94 -6175.68
-6525.65 -6175.68
-6309.36 -6175.68
-6402.76 -6175.68
-6407.15 -6175.68
-6515.89 -6175.68
-6656.14 -6175.68
-6338.06 -6175.68
-6192.17 -6175.68
-6435.54 -6175.68
-6714.20 -6175.68
-6720.50 -6175.68
-6327.64 -6175.68
-6488.29 -6175.68
-6417.32 -6175.68
-6624.44 -6175.68
-6533.68 -6175.68
-6644.14 -6175.68
-6536.59 -6175.68
-6621.50 -6175.68
-6133.48 -6133.48
-6712.60 -6133.48
-6287.82 -6133.48
-6514.67 -6133.48
-6617.49 -6133.48
-6722.61 -6133.48
-6377.50 -6133.48
-6479.53 -6133.48
-6528.19 -6133.48
-6456.16 -6133.48
-6542.82 -6133.48
-6197.07 -6133.48
-6638.84 -6133.48
-6620.38 -6133.48
-6432.78 -6133.48
-6764.85 -6133.48
-6323.64 -6133.48
-6765.18 -6133.48
-6210.44 -6133.48
-6397.32 -6133.48
-6563.46 -6133.48
-6479.73 -6133.48
-6602.21 -6133.48
-6373.58 -6133.48
-6075.07 -6075.07
-6502.59 -6075.07
-6490.71 -6075.07
-6692.06 -6075.07
-6222.15 -6075.07
-6542.79 -6075.07
-6299.53 -6075.07
-6437.46 -6075.07
-6533.48 -6075.07
-6724.16 -6075.07
-6338.71 -6075.07
-6625.51 -6075.07
-6471.39 -6075.07
-6449.38 -6075.07
-6398.60 -6075.07
-6321.28 -6075.07
-6548.72 -6075.07
-6367.20 -6075.07
-6478.39 -6075.07
-6499.88 -6075.07
-6417.02 -6075.07
-6597.21 -6075.07
-6712.70 -6075.07
-6372.80 -6075.07
-6583.49 -6075.07
-6408.85 -6075.07
-6306.53 -6075.07
-6599.46 -6075.07
-6381.59 -6075.07
-6366.40 -6075.07
-6425.09 -6075.07
-6382.06 -6075.07
-6557.36 -6075.07
-6445.13 -6075.07
-6558.93 -6075.07
-6704.10 -6075.07
-6534.03 -6075.07
-6256.78 -6075.07
-6517.00 -6075.07
-6649.18 -6075.07
-6403.89 -6075.07
-6276.45 -6075.07
-6171.74 -6075.07
-6664.92 -6075.07
-6890.67 -6075.07
-6255.53 -6075.07
-6553.92 -6075.07
-6795.70 -6075.07
-6357.05 -6075.07
-6740.30 -6075.07
-6678.57 -6075.07
-6349.99 -6075.07
-6186.82 -6075.07
-6772.78 -6075.07
-6459.71 -6075.07
-6370.70 -6075.07
-6430.28 -6075.07
-6253.70 -6075.07
-6716.07 -6075.07
-6170.67 -6075.07
-6295.47 -6075.07
-6399.98 -6075.07
-6781.86 -6075.07
-6277.23 -6075.07
-6365.83 -6075.07
-6762.20 -6075.07
-6511.32 -6075.07
-6248.99 -6075.07
-6414.63 -6075.07
-6629.03 -6075.07
-6384.57 -6075.07
-6503.82 -6075.07
-6652.57 -6075.07
-6432.66 -6075.07
-6388.90 -6075.07
-6475.81 -6075.07
-6666.92 -6075.07
-6517.32 -6075.07
-6662.24 -6075.07
-6756.80 -6075.07
-6351.32 -6075.07
-6320.48 -6075.07
-6337.91 -6075.07
-6554.48 -6075.07
-6168.70 -6075.07
-6396.83 -6075.07
-6521.93 -6075.07
-6222.86 -6075.07
-6830.23 -6075.07
-6082.43 -6075.07
-6650.56 -6075.07
-6483.00 -6075.07
-6640.51 -6075.07
-6679.75 -6075.07
-6535.15 -6075.07
-6666.68 -6075.07
-6676.74 -6075.07
-6692.14 -6075.07
-6654.78 -6075.07
-6370.52 -6075.07
-6677.88 -6075.07
-6445.83 -6075.07
-6574.60 -6075.07
-6528.52 -6075.07
-6611.46 -6075.07
-6681.46 -6075.07
-6494.78 -6075.07
-6260.95 -6075.07
-6708.15 -6075.07
-6736.28 -6075.07
-6725.96 -6075.07
-6347.88 -6075.07
-6602.96 -6075.07
-6582.50 -6075.07
-6131.18 -6075.07
-6644.95 -6075.07
-6287.43 -6075.07
-6457.05 -6075.07
-6247.47 -6075.07
-6304.21 -6075.07
-6610.87 -6075.07
-6549.59 -6075.07
-6552.56 -6075.07
-6251.87 -6075.07
-6246.93 -6075.07
-6502.39 -6075.07
-6691.74 -6075.07
-6746.77 -6075.07
-6662.77 -6075.07
-6467.51 -6075.07
-6699.96 -6075.07
-6312.76 -6075.07
-6380.30 -6075.07
-6387.95 -6075.07
-6532.32 -6075.07
-6646.53 -6075.07
-6618.80 -6075.07
-6178.20 -6075.07
-6576.55 -6075.07
-6483.47 -6075.07
-6632.63 -6075.07
-6737.91 -6075.07
-6595.90 -6075.07
-6542.07 -6075.07
-6783.73 -6075.07
-6132.05 -6075.07
-6014.59 -6014.59
-6441.91 -6014.59
-6462.11 -6014.59
-6735.28 -6014.59
-6198.12 -6014.59
-6147.52 -6014.59
-6629.01 -6014.59
-6695.28 -6014.59
-6742.76 -6014.59
-6562.75 -6014.59
-6307.87 -6014.59
-6296.86 -6014.59
-6131.83 -6014.59
-6663.41 -6014.59
-6209.84 -6014.59
-6563.41 -6014.59
-6463.46 -6014.59
-6239.17 -6014.59
-6332.65 -6014.59
-6455.44 -6014.59
-6593.28 -6014.59
-6558.22 -6014.59
-6315.55 -6014.59
-6468.07 -6014.59
-6635.43 -6014.59
-6259.03 -6014.59
-6614.47 -6014.59
-6558.17 -6014.59
-6392.88 -6014.59
-6622.69 -6014.59
-6178.20 -6014.59
-6663.38 -6014.59
-6448.13 -6014.59
-6416.50 -6014.59
-6650.59 -6014.59
-6511.81 -6014.59
-6600.52 -6014.59
-6642.72 -6014.59
-6373.72 -6014.59
-6602.10 -6014.59
-6224.05 -6014.59
-6367.39 -6014.59
-6223.56 -6014.59
-6464.49 -6014.59
-6590.97 -6014.59
-6286.14 -6014.59
-6163.95 -6014.59
-6422.95 -6014.59
-6521.85 -6014.59
-6344.48 -6014.59
-6438.79 -6014.59
-6498.07 -6014.59
-6614.04 -6014.59
-6842.70 -6014.59
-6699.69 -6014.59
-6285.65 -6014.59
-6415.17 -6014.59
-6619.75 -6014.59
-6523.59 -6014.59
-6758.13 -6014.59
-6396.61 -6014.59
-6724.85 -6014.59
-6345.09 -6014.59
-6461.50 -6014.59
-6517.65 -6014.59
-6299.06 -6014.59
-6265.36 -6014.59
-6224.34 -6014.59
-6443.78 -6014.59
-6602.74 -6014.59
-6799.76 -6014.59
-6294.66 -6014.59
-6462.07 -6014.59
-6521.63 -6014.59
-6404.43 -6014.59
-6264.16 -6014.59
-6691.20 -6014.59
-6600.52 -6014.59
-6687.08 -6014.59
-6661.04 -6014.59
-6538.47 -6014.59
-6250.94 -6014.59
-6681.34 -6014.59
-6698.51 -6014.59
-6763.73 -6014.59
-6522.20 -6014.59
-6371.40 -6014.59
-6441.57 -6014.59
-6767.85 -6014.59
-6748.09 -6014.59
-6531.00 -6014.59
-6390.83 -6014.59
-6889.87 -6014.59
-6325.14 -6014.59
-6637.45 -6014.59
-6467.51 -6014.59
-6503.11 -6014.59
-6999.63 -6014.59
-7033.50 -6014.59
-6983.68 -6014.59
-6927.25 -6927.25
-6862.01 -6862.01
-6942.20 -6862.01
-6776.45 -6776.45
-6862.01 -6776.45
-6812.72 -6776.45
-7037.25 -6776.45
-6876.69 -6776.45
-6902.34 -6776.45
-6774.52 -6774.52
-6900.79 -6774.52
-6955.15 -6774.52
-6813.10 -6774.52
-6850.19 -6774.52
-6865.75 -6774.52
-6922.53 -6774.52
-6751.43 -6751.43
-6947.16 -6751.43
-6812.40 -6751.43
-6843.91 -6751.43
-6831.77 -6751.43
-6814.32 -6751.43
-6900.43 -6751.43
-6854.71 -6751.43
-6795.05 -6751.43
-6785.59 -6751.43
-6714.46 -6714.46
-6766.06 -6714.46
-6869.68 -6714.46
-6790.82 -6714.46
-6801.94 -6714.46
-6789.40 -6714.46
-6694.51 -6694.51
-6591.60 -6591.60
-6624.28 -6591.60
-6777.84 -6591.60
-6735.08 -6591.60
-6714.07 -6591.60
-6719.64 -6591.60
-6654.16 -6591.60
-6778.59 -6591.60
-6721.60 -6591.60
-6526.87 -6526.87
-6643.32 -6526.87
-6666.82 -6526.87
-6755.02 -6526.87
-6880.21 -6526.87
-6568.47 -6526.87
-6671.12 -6526.87
-6784.17 -6526.87
-6670.25 -6526.87
-6661.22 -6526.87
-6866.52 -6526.87
-6801.96 -6526.87
-6754.61 -6526.87
-6755.29 -6526.87
-6816.85 -6526.87
-6693.44 -6526.87
-6604.99 -6526.87
-6831.18 -6526.87
-6631.67 -6526.87
-6750.16 -6526.87
-6692.87 -6526.87
-6825.97 -6526.87
-6522.10 -6522.10
-6663.66 -6522.10
-6634.84 -6522.10
-6790.07 -6522.10
-6495.94 -6495.94
-6672.54 -6495.94
-6829.89 -6495.94
-6617.10 -6495.94
-6520.52 -6495.94
-6664.66 -6495.94
-6531.30 -6495.94
-6632.09 -6495.94
-6669.96 -6495.94
-6752.33 -6495.94
-6679.43 -6495.94
-6808.97 -6495.94
-6646.85 -6495.94
-6635.69 -6495.94
-6567.28 -6495.94
-6607.89 -6495.94
-6566.89 -6495.94
-6735.76 -6495.94
-6629.38 -6495.94
-6529.16 -6495.94
-6618.19 -6495.94
-6623.33 -6495.94
-6783.14 -6495.94
-6797.92 -6495.94
-6635.61 -6495.94
-6727.36 -6495.94
-6603.95 -6495.94
-6473.62 -6473.62
-6752.38 -6473.62
-6571.48 -6473.62
-6648.18 -6473.62
-6719.40 -6473.62
-6819.15 -6473.62
-6709.56 -6473.62
-6708.42 -6473.62
-6628.53 -6473.62
-6759.57 -6473.62
-6700.68 -6473.62
-6841.36 -6473.62
-6663.39 -6473.62
-6779.49 -6473.62
-6685.69 -6473.62
-6733.92 -6473.62
-6726.97 -6473.62
-6558.85 -6473.62
-6642.22 -6473.62
-6429.43 -6429.43
-6698.97 -6429.43
-6450.32 -6429.43
-6499.96 -6429.43
-6591.85 -6429.43
-6318.61 -6318.61
-6492.42 -6318.61
-6485.63 -6318.61
-6501.64 -6318.61
-6592.55 -6318.61
-6512.12 -6318.61
-6616.43 -6318.61
-6564.74 -6318.61
-6587.00 -6318.61
-6418.71 -6318.61
-6552.42 -6318.61
-6315.26 -6315.26
-6607.46 -6315.26
-6226.31 -6226.31
-6744.00 -6226.31
-6396.17 -6226.31
-6632.36 -6226.31
-6590.29 -6226.31
-6798.20 -6226.31
-6489.66 -6226.31
-6489.47 -6226.31
-6455.89 -6226.31
-6155.35 -6155.35
-6350.86 -6155.35
-6608.80 -6155.35
-6352.74 -6155.35
-6419.39 -6155.35
-6437.55 -6155.35
-6391.12 -6155.35
-6587.40 -6155.35
-6542.64 -6155.35
-6212.96 -6155.35
-6498.17 -6155.35
-6426.22 -6155.35
-6162.96 -6155.35
-6511.08 -6155.35
-6604.05 -6155.35
-6274.31 -6155.35
-6594.20 -6155.35
-6639.03 -6155.35
-6682.29 -6155.35
-6350.40 -6155.35
-6385.57 -6155.35
-6538.90 -6155.35
-6730.55 -6155.35
-6427.85 -6155.35
-6316.77 -6155.35
-6655.37 -6155.35
-6397.22 -6155.35
-6577.99 -6155.35
-6472.81 -6155.35
-6711.76 -6155.35
-6721.82 -6155.35
-6336.68 -6155.35
-6806.40 -6155.35
-6592.78 -6155.35
-6486.57 -6155.35
-6304.88 -6155.35
-6315.09 -6155.35
-6104.60 -6104.60
-6701.60 -6104.60
-6760.77 -6104.60
-6691.16 -6104.60
-6777.41 -6104.60
-6661.25 -6104.60
-6608.82 -6104.60
-6589.88 -6104.60
-6430.49 -6104.60
-6730.31 -6104.60
-6260.31 -6104.60
-6201.73 -6104.60
-6773.80 -6104.60
-6473.45 -6104.60
-6498.38 -6104.60
-6698.74 -6104.60
-6511.98 -6104.60
-6252.13 -6104.60
-6411.40 -6104.60
-6215.81 -6104.60
-6457.01 -6104.60
-6329.47 -6104.60
-6421.75 -6104.60
-6279.85 -6104.60
-6259.94 -6104.60
-6197.06 -6104.60
-6659.82 -6104.60
-6569.62 -6104.60
-6595.81 -6104.60
-6104.81 -6104.81
-6564.45 -6104.81
-6600.12 -6104.81
-6174.13 -6104.81
-6499.93 -6104.81
-6595.50 -6104.81
-6389.81 -6104.81
-6138.61 -6104.81
-6529.97 -6104.81
-6537.58 -6104.81
-6112.97 -6104.81
-6309.68 -6104.81
-6402.08 -6104.81
-6555.85 -6104.81
-5891.76 -5891.76
-6409.19 -5891.76
-6399.74 -5891.76
-6405.42 -5891.76
-6632.89 -5891.76
-6248.70 -5891.76
-6480.00 -5891.76
-5865.46 -5865.46
-6286.88 -5865.46
-6548.41 -5865.46
-6331.65 -5865.46
-6653.06 -5865.46
-6423.28 -5865.46
-6199.07 -5865.46
-6375.76 -5865.46
-6302.04 -5865.46
-6594.24 -5865.46
-6764.40 -5865.46
-6350.53 -5865.46
-6499.67 -5865.46
-6765.23 -5865.46
-6506.93 -5865.46
-6307.81 -5865.46
-6639.99 -5865.46
-6551.35 -5865.46
-6500.83 -5865.46
-6515.14 -5865.46
-6202.94 -5865.46
-6089.71 -5865.46
-6650.83 -5865.46
-6274.33 -5865.46
-6571.45 -5865.46
-6612.71 -5865.46
-6690.49 -5865.46
-6288.74 -5865.46
-6426.02 -5865.46
-6261.26 -5865.46
-6725.11 -5865.46
-6282.41 -5865.46
-6567.35 -5865.46
-6416.00 -5865.46
-6454.70 -5865.46
-6489.28 -5865.46
-6702.07 -5865.46
-6119.37 -5865.46
-6506.46 -5865.46
-6189.49 -5865.46
-6348.64 -5865.46
-6343.21 -5865.46
-6594.96 -5865.46
-6041.96 -5865.46
-6364.96 -5865.46
-6704.00 -5865.46
-6100.69 -5865.46
-6666.53 -5865.46
-6115.12 -5865.46
-6555.53 -5865.46
-6707.59 -5865.46
-6176.14 -5865.46
-6617.01 -5865.46
-6571.50 -5865.46
-6174.69 -5865.46
-6401.75 -5865.46
-6106.38 -5865.46
-6619.59 -5865.46
-6527.43 -5865.46
-6664.41 -5865.46
-6694.64 -5865.46
-6097.47 -5865.46
-6586.95 -5865.46
-6124.83 -5865.46
-6297.24 -5865.46
-6360.58 -5865.46
-6569.86 -5865.46
-6799.23 -5865.46
-6352.17 -5865.46
-6509.54 -5865.46
-6559.84 -5865.46
-6518.14 -5865.46
-6423.43 -5865.46
-6718.96 -5865.46
-6497.11 -5865.46
-6504.28 -5865.46
-6386.29 -5865.46
-6355.84 -5865.46
-6657.56 -5865.46
-6626.03 -5865.46
-6679.51 -5865.46
-6582.51 -5865.46
-6666.74 -5865.46
-6239.35 -5865.46
-5891.51 -5865.46
-6470.68 -5865.46
-6455.69 -5865.46
-5989.95 -5865.46
-6600.56 -5865.46
-6573.78 -5865.46
-6430.45 -5865.46
-6253.29 -5865.46
-6422.05 -5865.46
-6095.25 -5865.46
-6377.72 -5865.46
-6634.02 -5865.46
-6033.70 -5865.46
-6541.99 -5865.46
-6634.60 -5865.46
-6300.55 -5865.46
-6460.95 -5865.46
-6444.21 -5865.46
-6263.54 -5865.46
-6018.85 -5865.46
-6303.07 -5865.46
-6526.61 -5865.46
-6393.43 -5865.46
-6599.05 -5865.46
-6247.50 -5865.46
-6477.30 -5865.46
-6571.87 -5865.46
-6469.36 -5865.46
-5804.44 -5804.44
-6492.56 -5804.44
-6531.07 -5804.44
-6555.92 -5804.44
-6409.21 -5804.44
-6593.17 -5804.44
-6224.73 -5804.44
-6416.97 -5804.44
-6500.59 -5804.44
-6034.95 -5804.44
-6363.02 -5804.44
-6628.46 -5804.44
-6321.31 -5804.44
-6745.33 -5804.44
-6561.74 -5804.44
-6442.00 -5804.44
-6187.81 -5804.44
-6100.18 -5804.44
-6582.76 -5804.44
-6401.73 -5804.44
-6206.49 -5804.44
-6312.15 -5804.44
-6478.30 -5804.44
-6559.90 -5804.44
-6827.54 -5804.44
-6552.24 -5804.44
-6223.24 -5804.44
-6437.70 -5804.44
-6378.03 -5804.44
-6562.46 -5804.44
-6348.78 -5804.44
-6203.13 -5804.44
-6527.80 -5804.44
-6478.18 -5804.44
-6561.32 -5804.44
-6535.23 -5804.44
-6705.10 -5804.44
-6672.68 -5804.44
-6649.42 -5804.44
-6391.06 -5804.44
-6272.92 -5804.44
-6467.18 -5804.44
-6345.41 -5804.44
-6399.73 -5804.44
-6056.22 -5804.44
-6508.52 -5804.44
-6607.04 -5804.44
-6474.74 -5804.44
-6455.34 -5804.44
-5963.89 -5804.44
-6395.66 -5804.44
-6140.68 -5804.44
-6787.60 -5804.44
-6594.08 -5804.44
-6349.55 -5804.44
-6564.15 -5804.44
-6698.28 -5804.44
-6628.63 -5804.44
-6759.29 -5804.44
-6597.58 -5804.44
-6177.43 -5804.44
-6303.83 -5804.44
-5979.89 -5804.44
-6628.30 -5804.44
-6620.92 -5804.44
-6623.08 -5804.44
-6520.95 -5804.44
-6834.60 -5804.44
-5944.76 -5804.44
-6458.99 -5804.44
-6616.62 -5804.44
-6520.09 -5804.44
-6246.08 -5804.44
-6996.73 -6996.73
-6958.26 -6958.26
-7121.14 -6958.26
-6892.19 -6892.19
-6975.38 -6892.19
-6947.23 -6892.19
-6931.52 -6892.19
-6995.55 -6892.19
-6874.56 -6874.56
-6961.06 -6874.56
-6896.87 -6874.56
-6900.37 -6874.56
-6845.01 -6845.01
-6852.08 -6845.01
-6820.76 -6820.76
-6815.35 -6815.35
-6763.59 -6763.59
-6670.86 -6670.86
-6689.97 -6670.86
-6855.05 -6670.86
-6751.18 -6670.86
-6765.36 -6670.86
-6700.56 -6670.86
-6715.37 -6670.86
-6915.67 -6670.86
-6774.61 -6670.86
-6837.00 -6670.86
-6630.08 -6630.08
-6833.61 -6630.08
-6789.86 -6630.08
-6708.22 -6630.08
-6823.04 -6630.08
-6720.55 -6630.08
-6641.18 -6630.08
-6712.37 -6630.08
-6715.21 -6630.08
-6772.74 -6630.08
-6754.45 -6630.08
-6796.51 -6630.08
-6711.15 -6630.08
-6728.07 -6630.08
-6640.69 -6630.08
-6841.10 -6630.08
-6615.87 -6615.87
-6701.01 -6615.87
-6549.22 -6549.22
-6339.90 -6339.90
-6401.59 -6339.90
-6698.38 -6339.90
-6379.44 -6339.90
-6432.26 -6339.90
-6671.82 -6339.90
-6287.26 -6287.26
-6652.76 -6287.26
-6662.14 -6287.26
-6598.86 -6287.26
-6734.92 -6287.26
-6403.97 -6287.26
-6453.75 -6287.26
-6698.11 -6287.26
-6424.75 -6287.26
-6524.80 -6287.26
-6700.82 -6287.26
-6374.04 -6287.26
-6663.50 -6287.26
-6681.42 -6287.26
-6448.39 -6287.26
-6356.35 -6287.26
-6256.40 -6256.40
-6379.26 -6256.40
-6718.32 -6256.40
-6377.96 -6256.40
-6706.47 -6256.40
-6578.44 -6256.40
-6588.43 -6256.40
-6639.71 -6256.40
-6547.04 -6256.40
-6786.89 -6256.40
-6582.93 -6256.40
-6566.74 -6256.40
-6824.74 -6256.40
-6778.00 -6256.40
-6357.33 -6256.40
-6651.10 -6256.40
-6417.32 -6256.40
-6481.71 -6256.40
-6435.05 -6256.40
-6570.65 -6256.40
-6593.70 -6256.40
-6372.27 -6256.40
-6427.47 -6256.40
-6499.30 -6256.40
-6611.94 -6256.40
-6469.21 -6256.40
-6427.74 -6256.40
-6474.76 -6256.40
-6624.83 -6256.40
-6547.00 -6256.40
-6616.55 -6256.40
-6815.03 -6256.40
-6711.60 -6256.40
-6589.44 -6256.40
-6701.50 -6256.40
-6913.67 -6256.40
-6459.53 -6256.40
-6529.60 -6256.40
-6812.73 -6256.40
-6521.07 -6256.40
-6244.55 -6244.55
-6573.85 -6244.55
-6321.29 -6244.55
-6576.02 -6244.55
-6556.94 -6244.55
-6623.23 -6244.55
-6261.13 -6244.55
-6381.14 -6244.55
-6410.99 -6244.55
-6700.77 -6244.55
-6306.56 -6244.55
-6605.94 -6244.55
-6193.95 -6193.95
-6786.66 -6193.95
-6408.09 -6193.95
-6283.39 -6193.95
-6553.11 -6193.95
-6821.75 -6193.95
-6468.90 -6193.95
-6603.35 -6193.95
-6643.06 -6193.95
-6252.64 -6193.95
-6673.62 -6193.95
-6309.94 -6193.95
-6437.09 -6193.95
-6462.18 -6193.95
-6161.03 -6161.03
-6493.36 -6161.03
-6647.05 -6161.03
-6442.00 -6161.03
-6450.38 -6161.03
-6714.17 -6161.03
-6486.63 -6161.03
-6758.79 -6161.03
-6592.28 -6161.03
-6318.04 -6161.03
-6698.07 -6161.03
-6766.63 -6161.03
-6485.79 -6161.03
-6315.36 -6161.03
-6612.64 -6161.03
-6429.77 -6161.03
-6753.18 -6161.03
-6347.19 -6161.03
-6498.91 -6161.03
-6772.32 -6161.03
-6590.32 -6161.03
-6320.27 -6161.03
-6475.21 -6161.03
-6561.00 -6161.03
-6683.74 -6161.03
-6620.57 -6161.03
-6483.15 -6161.03
-6711.48 -6161.03
-6213.14 -6161.03
-6388.32 -6161.03
-6685.93 -6161.03
-6346.28 -6161.03
-6633.07 -6161.03
-6578.42 -6161.03
-6436.65 -6161.03
-6094.69 -6094.69
-6605.58 -6094.69
-6367.31 -6094.69
-6619.78 -6094.69
-6445.68 -6094.69
-6639.64 -6094.69
-6789.71 -6094.69
-6402.86 -6094.69
-6518.79 -6094.69
-6237.95 -6094.69
-6569.90 -6094.69
-6380.01 -6094.69
-6212.40 -6094.69
-6203.36 -6094.69
-6149.07 -6094.69
-6375.74 -6094.69
-6277.18 -6094.69
-6489.77 -6094.69
-6868.71 -6094.69
-6210.64 -6094.69
-6520.86 -6094.69
-6087.68 -6087.68
-6641.35 -6087.68
-6525.91 -6087.68
-6377.54 -6087.68
-6158.43 -6087.68
-6724.61 -6087.68
-6613.84 -6087.68
-6204.64 -6087.68
-6465.77 -6087.68
-6316.67 -6087.68
-6267.26 -6087.68
-6404.29 -6087.68
-6346.58 -6087.68
-6447.53 -6087.68
-6260.08 -6087.68
-6666.49 -6087.68
-6259.10 -6087.68
-6660.46 -6087.68
-6606.32 -6087.68
-6652.16 -6087.68
-6247.15 -6087.68
-6464.37 -6087.68
-6295.16 -6087.68
-6400.10 -6087.68
-6578.87 -6087.68
-6325.27 -6087.68
-6483.72 -6087.68
-6163.78 -6087.68
-6486.95 -6087.68
-6686.71 -6087.68
-6489.66 -6087.68
-6332.24 -6087.68
-6551.96 -6087.68
-6928.91 -6087.68
-6181.08 -6087.68
-6572.52 -6087.68
-6562.91 -6087.68
-6539.71 -6087.68
-6809.55 -6087.68
-6496.44 -6087.68
-6272.05 -6087.68
-6226.44 -6087.68
-6287.88 -6087.68
-6450.57 -6087.68
-6514.29 -6087.68
-6123.53 -6087.68
-6540.52 -6087.68
-6135.33 -6087.68
-6471.50 -6087.68
-6617.14 -6087.68
-6644.21 -6087.68
-6622.23 -6087.68
-6210.64 -6087.68
-6347.48 -6087.68
-6446.94 -6087.68
-6264.77 -6087.68
-6166.34 -6087.68
-6655.46 -6087.68
-6354.26 -6087.68
-6445.60 -6087.68
-6167.35 -6087.68
-6708.67 -6087.68
-6343.01 -6087.68
-6097.90 -6087.68
-6394.46 -6087.68
-6526.11 -6087.68
-6320.09 -6087.68
-6287.39 -6087.68
-6707.93 -6087.68
-6621.32 -6087.68
-6424.37 -6087.68
-6154.46 -6087.68
-6530.60 -6087.68
-6258.32 -6087.68
-6116.29 -6087.68
-6435.42 -6087.68
-6637.75 -6087.68
-6371.94 -6087.68
-6704.73 -6087.68
-6548.19 -6087.68
-6286.22 -6087.68
-6477.20 -6087.68
-6629.11 -6087.68
-6312.49 -6087.68
-6661.61 -6087.68
-6606.82 -6087.68
-6728.79 -6087.68
-6570.75 -6087.68
-6686.54 -6087.68
-6347.38 -6087.68
-6566.89 -6087.68
-6749.28 -6087.68
-6491.13 -6087.68
-5989.44 -5989.44
-6593.64 -5989.44
-6086.54 -5989.44
-6078.77 -5989.44
-6422.51 -5989.44
-6636.54 -5989.44
-6638.82 -5989.44
-6630.19 -5989.44
-6196.65 -5989.44
-6097.27 -5989.44
-6645.55 -5989.44
-6499.93 -5989.44
-6403.69 -5989.44
-5975.95 -5975.95
-6541.89 -5975.95
-6510.66 -5975.95
-6611.89 -5975.95
-6644.46 -5975.95
-6538.15 -5975.95
-6269.74 -5975.95
-6529.41 -5975.95
-6134.29 -5975.95
-5817.68 -5817.68
-6672.93 -5817.68
-6515.84 -5817.68
-6586.92 -5817.68
-6118.61 -5817.68
-6009.93 -5817.68
-6337.24 -5817.68
-6268.43 -5817.68
-5949.58 -5817.68
-6563.92 -5817.68
-6591.83 -5817.68
-6091.81 -5817.68
-6354.17 -5817.68
-6317.90 -5817.68
-6489.25 -5817.68
-6583.52 -5817.68
-6626.54 -5817.68
-6678.80 -5817.68
-6389.44 -5817.68
-6332.04 -5817.68
-6482.39 -5817.68
-6237.66 -5817.68
-6591.17 -5817.68
-6616.98 -5817.68
-6073.04 -5817.68
-6331.88 -5817.68
-6446.00 -5817.68
-6543.51 -5817.68
-6124.03 -5817.68
-6534.52 -5817.68
-6339.98 -5817.68
-6698.36 -5817.68
-6402.70 -5817.68
-6130.43 -5817.68
-6746.42 -5817.68
-6113.61 -5817.68
-5657.88 -5657.88
-6599.30 -5657.88
-6176.10 -5657.88
-6357.16 -5657.88
-6443.88 -5657.88
-6361.66 -5657.88
-5793.83 -5657.88
-6272.79 -5657.88
-6465.05 -5657.88
-6587.52 -5657.88
-6499.18 -5657.88
-6063.32 -5657.88
-6550.63 -5657.88
-6631.19 -5657.88
-6456.71 -5657.88
-6237.47 -5657.88
-6601.16 -5657.88
-6492.85 -5657.88
-6492.50 -5657.88
-6628.84 -5657.88
-6348.81 -5657.88
-6268.63 -5657.88
-6695.34 -5657.88
-6532.72 -5657.88
-6339.00 -5657.88
-6140.29 -5657.88
-6330.93 -5657.88
-6666.19 -5657.88
-6461.29 -5657.88
-6272.30 -5657.88
-6280.36 -5657.88
-6596.31 -5657.88
-6188.68 -5657.88
-6390.45 -5657.88
-6361.35 -5657.88
-6336.08 -5657.88
-6023.41 -5657.88
-6367.45 -5657.88
-6401.91 -5657.88
-6400.45 -5657.88
-6868.44 -5657.88
-6603.22 -5657.88
-6386.51 -5657.88
-6416.58 -5657.88
-6395.81 -5657.88
-6576.73 -5657.88
-6277.75 -5657.88
-6528.52 -5657.88
-6594.97 -5657.88
-6629.37 -5657.88
-6378.83 -5657.88
-6251.82 -5657.88
-6303.97 -5657.88
-6817.20 -5657.88
-6672.30 -5657.88
-6464.43 -5657.88
-5985.62 -5657.88
-6258.63 -5657.88
-6528.00 -5657.88
-6364.09 -5657.88
-6129.97 -5657.88
-6328.52 -5657.88
-6349.08 -5657.88
-6583.52 -5657.88
-6736.84 -5657.88
-5971.17 -5657.88
-6456.51 -5657.88
-6423.64 -5657.88
-6400.58 -5657.88
-6562.70 -5657.88
-6622.22 -5657.88
-6354.93 -5657.88
-6302.76 -5657.88
-6687.94 -5657.88
-6426.96 -5657.88
-6989.35 -5657.88
-7053.94 -5657.88
-6871.13 -6871.13
-6949.60 -6871.13
-6791.10 -6791.10
-6826.83 -6791.10
-6981.81 -6791.10
-6815.14 -6791.10
-6953.77 -6791.10
-6937.07 -6791.10
-6804.72 -6791.10
-6852.88 -6791.10
-6855.30 -6791.10
-6823.58 -6791.10
-6886.67 -6791.10
-6837.20 -6791.10
-6844.46 -6791.10
-6940.18 -6791.10
-6917.65 -6791.10
-6884.56 -6791.10
-6908.23 -6791.10
-6842.16 -6791.10
-6827.91 -6791.10
-6831.22 -6791.10
-6915.75 -6791.10
-6841.09 -6791.10
-6911.36 -6791.10
-6944.27 -6791.10
-6918.78 -6791.10
-6886.61 -6791.10
-6936.50 -6791.10
-6972.69 -6791.10
-6914.47 -6791.10
-6974.11 -6791.10
-6944.23 -6791.10
-6846.37 -6791.10
-6929.83 -6791.10
-6916.49 -6791.10
-6892.42 -6791.10
-6817.45 -6791.10
-6913.23 -6791.10
-6922.81 -6791.10
-6952.64 -6791.10
-6965.84 -6791.10
-6778.76 -6778.76
-6792.49 -6778.76
-6852.04 -6778.76
-6803.93 -6778.76
-6832.15 -6778.76
-6900.71 -6778.76
-6808.51 -6778.76
-6804.69 -6778.76
-6730.49 -6730.49
-6776.88 -6730.49
-6853.95 -6730.49
-6877.94 -6730.49
-6927.59 -6730.49
-6810.68 -6730.49
-6783.41 -6730.49
-6829.27 -6730.49
-6748.81 -6730.49
-6716.21 -6716.21
-6812.59 -6716.21
-6873.75 -6716.21
-6705.41 -6705.41
-6726.54 -6705.41
-6815.82 -6705.41
-6844.61 -6705.41
-6943.30 -6705.41
-6821.78 -6705.41
-6726.00 -6705.41
-6832.92 -6705.41
-6891.20 -6705.41
-6780.01 -6705.41
-6837.08 -6705.41
-6984.94 -6705.41
-6903.15 -6705.41
-6816.21 -6705.41
-6877.36 -6705.41
-6734.61 -6705.41
-6846.41 -6705.41
-6886.54 -6705.41
-6778.35 -6705.41
-6792.43 -6705.41
-6676.41 -6676.41
-6775.06 -6676.41
-6664.65 -6664.65
-6762.79 -6664.65
-6698.49 -6664.65
-6815.08 -6664.65
-6719.66 -6664.65
-6770.20 -6664.65
-6689.95 -6664.65
-6753.94 -6664.65
-6723.51 -6664.65
-6714.29 -6664.65
-6750.52 -6664.65
-6729.42 -6664.65
-6746.06 -6664.65
-6637.63 -6637.63
-6531.35 -6531.35
-6753.47 -6531.35
-6648.79 -6531.35
-6601.04 -6531.35
-6549.57 -6531.35
-6601.43 -6531.35
-6696.63 -6531.35
-6725.54 -6531.35
-6679.05 -6531.35
-6636.54 -6531.35
-6756.40 -6531.35
-6632.93 -6531.35
-6733.87 -6531.35
-6658.79 -6531.35
-6661.33 -6531.35
-6768.93 -6531.35
-6800.79 -6531.35
-6541.49 -6531.35
-6644.30 -6531.35
-6624.07 -6531.35
-6600.71 -6531.35
-6573.78 -6531.35
-6481.26 -6481.26
-6677.74 -6481.26
-6562.02 -6481.26
-6511.17 -6481.26
-6599.88 -6481.26
-6845.09 -6481.26
-6399.25 -6399.25
-6631.48 -6399.25
-6664.76 -6399.25
-6767.61 -6399.25
-6604.20 -6399.25
-6574.74 -6399.25
-6491.07 -6399.25
-6493.80 -6399.25
-6504.47 -6399.25
-6645.21 -6399.25
-6554.87 -6399.25
-6472.02 -6399.25
-6570.68 -6399.25
-6646.55 -6399.25
-6726.05 -6399.25
-6378.16 -6378.16
-6722.88 -6378.16
-6740.92 -6378.16
-6508.73 -6378.16
-6326.60 -6326.60
-6707.11 -6326.60
-6526.60 -6326.60
-6673.13 -6326.60
-6369.63 -6326.60
-6543.23 -6326.60
-6530.52 -6326.60
-6659.63 -6326.60
-6672.08 -6326.60
-6532.42 -6326.60
-6558.54 -6326.60
-6515.52 -6326.60
-6809.00 -6326.60
-6581.40 -6326.60
-6455.51 -6326.60
-6685.28 -6326.60
-6594.51 -6326.60
-6495.43 -6326.60
-6673.57 -6326.60
-6918.90 -6326.60
-6262.71 -6262.71
-6545.42 -6262.71
-6635.61 -6262.71
-6661.21 -6262.71
-6497.91 -6262.71
-6471.24 -6262.71
-6468.53 -6262.71
-6712.25 -6262.71
-6445.41 -6262.71
-6598.16 -6262.71
-6573.36 -6262.71
-6480.20 -6262.71
-6503.95 -6262.71
-6662.49 -6262.71
-6562.51 -6262.71
-6435.06 -6262.71
-6354.93 -6262.71
-6689.38 -6262.71
-6699.89 -6262.71
-6790.03 -6262.71
-6805.39 -6262.71
-6743.62 -6262.71
-6507.40 -6262.71
-6406.89 -6262.71
-6739.11 -6262.71
-6634.40 -6262.71
-6511.47 -6262.71
-6917.26 -6262.71
-6614.94 -6262.71
-6483.94 -6262.71
-6580.55 -6262.71
-6246.95 -6246.95
-6613.44 -6246.95
-6576.84 -6246.95
-6345.34 -6246.95
-6553.42 -6246.95
-6522.39 -6246.95
-6673.04 -6246.95
-6908.01 -6246.95
-6322.80 -6246.95
-6606.55 -6246.95
-6615.24 -6246.95
-6774.82 -6246.95
-6458.64 -6246.95
-6517.14 -6246.95
-6673.06 -6246.95
-6523.91 -6246.95
-6645.15 -6246.95
-6782.54 -6246.95
-6319.90 -6246.95
-6319.97 -6246.95
-6524.10 -6246.95
-6384.36 -6246.95
-6425.74 -6246.95
-6560.54 -6246.95
-6385.29 -6246.95
-6499.61 -6246.95
-6172.66 -6172.66
-6290.31 -6172.66
-6260.34 -6172.66
-6592.07 -6172.66
-6277.14 -6172.66
-6586.72 -6172.66
-6717.37 -6172.66
-6269.01 -6172.66
-6290.53 -6172.66
-6296.40 -6172.66
-6798.36 -6172.66
-6729.74 -6172.66
-6635.11 -6172.66
-6316.85 -6172.66
-6571.99 -6172.66
-6567.04 -6172.66
-6539.66 -6172.66
-6484.54 -6172.66
-6247.43 -6172.66
-6297.93 -6172.66
-6503.45 -6172.66
-6620.30 -6172.66
-6555.69 -6172.66
-6449.97 -6172.66
-6481.59 -6172.66
-6397.25 -6172.66
-6521.82 -6172.66
-6414.79 -6172.66
-6523.31 -6172.66
-6799.88 -6172.66
-6359.95 -6172.66
-6621.55 -6172.66
-6544.45 -6172.66
-6313.10 -6172.66
-6691.34 -6172.66
-6437.06 -6172.66
-6749.59 -6172.66
-6545.57 -6172.66
-6408.80 -6172.66
-6552.90 -6172.66
-6429.79 -6172.66
-6594.50 -6172.66
-6156.73 -6156.73
-6806.57 -6156.73
-6745.32 -6156.73
-6179.92 -6156.73
-6775.77 -6156.73
-6597.96 -6156.73
-6522.07 -6156.73
-6129.83 -6129.83
-6578.79 -6129.83
-6525.22 -6129.83
-6646.64 -6129.83
-6520.47 -6129.83
-6355.58 -6129.83
-6752.87 -6129.83
-6659.80 -6129.83
-6630.09 -6129.83
-6348.31 -6129.83
-6759.28 -6129.83
-6710.55 -6129.83
-6463.03 -6129.83
-6394.35 -6129.83
-6380.15 -6129.83
-6526.71 -6129.83
-6379.82 -6129.83
-6162.38 -6129.83
-6712.22 -6129.83
-6763.82 -6129.83
-6113.77 -6113.77
-6221.63 -6113.77
-6495.18 -6113.77
-6264.89 -6113.77
-6417.74 -6113.77
-6484.86 -6113.77
-6669.37 -6113.77
-6349.18 -6113.77
-6058.49 -6058.49
-6535.28 -6058.49
-6595.98 -6058.49
-6777.08 -6058.49
-6728.27 -6058.49
-6463.57 -6058.49
-6452.81 -6058.49
-6385.77 -6058.49
-6609.18 -6058.49
-6437.25 -6058.49
-6539.27 -6058.49
-6854.31 -6058.49
-6092.14 -6058.49
-6532.28 -6058.49
-6609.13 -6058.49
-6336.41 -6058.49
-6451.82 -6058.49
-6193.65 -6058.49
-6657.84 -6058.49
-6395.92 -6058.49
-6345.62 -6058.49
-6296.56 -6058.49
-6316.60 -6058.49
-6450.31 -6058.49
-6316.91 -6058.49
-6129.81 -6058.49
-6260.42 -6058.49
-6295.15 -6058.49
-6406.16 -6058.49
-6523.43 -6058.49
-6323.64 -6058.49
-6535.33 -6058.49
-6295.82 -6058.49
-6557.42 -6058.49
-6120.64 -6058.49
-6391.35 -6058.49
-6072.34 -6058.49
-6376.91 -6058.49
-6633.49 -6058.49
-6599.74 -6058.49
-5993.15 -5993.15
-6462.00 -5993.15
-6085.66 -5993.15
-6482.48 -5993.15
-5826.26 -5826.26
-6007.67 -5826.26
-6549.81 -5826.26
-6185.96 -5826.26
-6611.95 -5826.26
-6432.65 -5826.26
-6561.15 -5826.26
-6216.93 -5826.26
-6462.02 -5826.26
-6362.96 -5826.26
-6561.35 -5826.26
-6351.00 -5826.26
-6388.27 -5826.26
-6469.83 -5826.26
-6355.27 -5826.26
-6158.65 -5826.26
-6001.89 -5826.26
-6049.47 -5826.26
-6461.37 -5826.26
-6109.74 -5826.26
-6202.93 -5826.26
-6598.05 -5826.26
-6472.66 -5826.26
-5980.78 -5826.26
-6620.20 -5826.26
-6627.75 -5826.26
-6480.61 -5826.26
-6246.55 -5826.26
-6660.42 -5826.26
-6334.52 -5826.26
-6710.86 -5826.26
-6235.19 -5826.26
-6618.12 -5826.26
-6246.00 -5826.26
-6024.90 -5826.26
-6265.67 -5826.26
-6135.90 -5826.26
-6451.61 -5826.26
-6084.54 -5826.26
-6574.75 -5826.26
-6479.07 -5826.26
-6283.08 -5826.26
-6065.23 -5826.26
-6053.60 -5826.26
-6168.69 -5826.26
-6355.71 -5826.26
-6437.49 -5826.26
-6272.16 -5826.26
-6181.55 -5826.26
-6600.23 -5826.26
-6101.22 -5826.26
-6437.40 -5826.26
-6375.31 -5826.26
-6663.50 -5826.26
-6426.73 -5826.26
-6434.92 -5826.26
-6462.58 -5826.26
-6628.18 -5826.26
-6250.01 -5826.26
-6646.20 -5826.26
-6522.32 -5826.26
-6534.34 -5826.26
-6596.11 -5826.26
-6158.83 -5826.26
-6559.05 -5826.26
-6736.29 -5826.26
-6483.23 -5826.26
-6554.81 -5826.26
-6432.20 -5826.26
-6175.81 -5826.26
-5798.68 -5798.68
-6957.54 -6957.54
-6969.73 -6957.54
-7057.25 -6957.54
-6984.89 -6957.54
-7028.21 -6957.54
-6955.88 -6955.88
-6929.37 -6929.37
-7006.75 -6929.37
-6873.42 -6873.42
-6860.07 -6860.07
-6945.37 -6860.07
-6924.85 -6860.07
-6886.56 -6860.07
-6975.10 -6860.07
-6850.26 -6850.26
-6860.19 -6850.26
-6962.35 -6850.26
-6796.43 -6796.43
-6879.04 -6796.43
-6866.26 -6796.43
-6961.55 -6796.43
-6734.04 -6734.04
-6832.53 -6734.04
-6806.09 -6734.04
-6823.20 -6734.04
-6795.73 -6734.04
-6858.89 -6734.04
-6749.12 -6734.04
-6883.75 -6734.04
-6737.28 -6734.04
-6810.32 -6734.04
-6740.06 -6734.04
-6816.27 -6734.04
-6844.67 -6734.04
-6923.36 -6734.04
-6802.27 -6734.04
-6791.78 -6734.04
-6710.42 -6710.42
-6916.28 -6710.42
-6737.02 -6710.42
-6879.14 -6710.42
-6626.29 -6626.29
-6789.74 -6626.29
-6714.02 -6626.29
-6676.53 -6626.29
-6629.21 -6626.29
-6847.79 -6626.29
-6790.19 -6626.29
-6601.44 -6601.44
-6661.08 -6601.44
-6631.61 -6601.44
-6730.45 -6601.44
-6496.01 -6496.01
-6768.52 -6496.01
-6631.95 -6496.01
-6700.03 -6496.01
-6639.28 -6496.01
-6434.94 -6434.94
-6579.57 -6434.94
-6563.28 -6434.94
-6687.44 -6434.94
-6682.74 -6434.94
-6534.11 -6434.94
-6699.61 -6434.94
-6443.35 -6434.94
-6825.30 -6434.94
-6564.60 -6434.94
-6411.79 -6411.79
-6620.29 -6411.79
-6309.87 -6309.87
-6427.77 -6309.87
-6484.18 -6309.87
-6393.00 -6309.87
-6595.18 -6309.87
-6502.33 -6309.87
-6401.30 -6309.87
-6540.66 -6309.87
-6506.51 -6309.87
-6334.58 -6309.87
-6703.16 -6309.87
-6566.29 -6309.87
-6607.58 -6309.87
-6363.79 -6309.87
-6488.81 -6309.87
-6633.20 -6309.87
-6740.72 -6309.87
-6752.43 -6309.87
-6502.22 -6309.87
-6495.83 -6309.87
-6459.98 -6309.87
-6572.81 -6309.87
-6388.27 -6309.87
-6645.06 -6309.87
-6410.76 -6309.87
-6726.93 -6309.87
-6712.03 -6309.87
-6469.36 -6309.87
-6487.80 -6309.87
-6682.70 -6309.87
-6444.45 -6309.87
-6535.77 -6309.87
-6770.57 -6309.87
-6551.81 -6309.87
-6473.43 -6309.87
-6476.42 -6309.87
-6737.66 -6309.87
-6461.34 -6309.87
-6930.94 -6309.87
-6420.81 -6309.87
-6376.48 -6309.87
-6478.46 -6309.87
-6443.19 -6309.87
-6555.40 -6309.87
-6592.27 -6309.87
-6804.78 -6309.87
-6447.60 -6309.87
-6660.94 -6309.87
-6484.87 -6309.87
-6285.49 -6285.49
-6318.89 -6285.49
-6294.95 -6285.49
-6716.06 -6285.49
-6273.85 -6273.85
-6558.25 -6273.85
-6626.27 -6273.85
-6419.01 -6273.85
-6556.42 -6273.85
-6540.68 -6273.85
-6518.72 -6273.85
-6464.90 -6273.85
-6488.81 -6273.85
-6769.48 -6273.85
-6547.59 -6273.85
-6614.07 -6273.85
-6592.46 -6273.85
-6509.49 -6273.85
-6599.10 -6273.85
-6669.35 -6273.85
-6883.54 -6273.85
-6675.44 -6273.85
-6738.93 -6273.85
-6803.00 -6273.85
-6461.13 -6273.85
-6433.97 -6273.85
-6342.32 -6273.85
-6760.17 -6273.85
-6371.20 -6273.85
-6444.18 -6273.85
-6352.17 -6273.85
-6602.95 -6273.85
-6391.53 -6273.85
-6698.27 -6273.85
-6598.57 -6273.85
-6640.99 -6273.85
-6484.24 -6273.85
-6827.81 -6273.85
-6616.92 -6273.85
-6797.29 -6273.85
-6289.95 -6273.85
-6598.00 -6273.85
-6568.96 -6273.85
-6772.02 -6273.85
-6728.70 -6273.85
-6372.49 -6273.85
-6753.64 -6273.85
-6455.11 -6273.85
-6419.64 -6273.85
-6495.53 -6273.85
-6841.82 -6273.85
-6279.46 -6273.85
-6544.48 -6273.85
-6610.58 -6273.85
-6391.41 -6273.85
-6594.62 -6273.85
-6428.49 -6273.85
-6821.21 -6273.85
-6359.50 -6273.85
-6497.46 -6273.85
-6644.17 -6273.85
-6554.56 -6273.85
-6447.51 -6273.85
-6511.15 -6273.85
-6642.29 -6273.85
-6236.24 -6236.24
-6596.31 -6236.24
-6647.35 -6236.24
-6640.42 -6236.24
-6369.37 -6236.24
-6406.41 -6236.24
-6675.00 -6236.24
-6275.72 -6236.24
-6383.59 -6236.24
-6225.56 -6225.56
-6529.69 -6225.56
-6542.27 -6225.56
-6207.33 -6207.33
-6301.58 -6207.33
-6703.73 -6207.33
-6623.12 -6207.33
-6565.49 -6207.33
-6556.99 -6207.33
-6722.77 -6207.33
-6767.25 -6207.33
-6180.15 -6180.15
-6491.47 -6180.15
-6621.79 -6180.15
-6120.08 -6120.08
-6705.52 -6120.08
-6226.40 -6120.08
-6362.14 -6120.08
-6725.86 -6120.08
-6867.15 -6120.08
-6579.38 -6120.08
-6583.99 -6120.08
-6504.51 -6120.08
-6493.55 -6120.08
-6459.36 -6120.08
-6558.94 -6120.08
-6637.85 -6120.08
-6417.78 -6120.08
-6654.77 -6120.08
-6121.23 -6120.08
-6278.96 -6120.08
-6023.53 -6023.53
-6694.70 -6023.53
-5970.54 -5970.54
-6207.91 -5970.54
-6342.04 -5970.54
-6390.18 -5970.54
-6633.64 -5970.54
-6004.27 -5970.54
-6643.52 -5970.54
-6683.16 -5970.54
-6295.36 -5970.54
-6307.62 -5970.54
-6336.48 -5970.54
-6329.43 -5970.54
-5907.92 -5907.92
-6700.40 -5907.92
-6547.11 -5907.92
-6688.72 -5907.92
-6215.88 -5907.92
-6542.16 -5907.92
-6200.87 -5907.92
-6588.18 -5907.92
-6267.53 -5907.92
-6498.79 -5907.92
-6387.71 -5907.92
-6166.92 -5907.92
-6686.69 -5907.92
-6135.45 -5907.92
-6183.80 -5907.92
-6500.57 -5907.92
-6194.92 -5907.92
-6334.69 -5907.92
-6147.72 -5907.92
-6357.66 -5907.92
-6527.46 -5907.92
-6460.47 -5907.92
-6109.27 -5907.92
-5965.13 -5907.92
-6679.97 -5907.92
-6488.62 -5907.92
-6559.67 -5907.92
-5636.82 -5636.82
-6228.58 -5636.82
-6097.79 -5636.82
-6226.09 -5636.82
-6671.13 -5636.82
-6149.52 -5636.82
-6259.17 -5636.82
-6465.12 -5636.82
-6511.76 -5636.82
-6303.19 -5636.82
-6268.71 -5636.82
-6322.30 -5636.82
-6531.05 -5636.82
-5911.01 -5636.82
-6439.46 -5636.82
-6489.45 -5636.82
-6339.67 -5636.82
-6547.27 -5636.82
-6324.71 -5636.82
-6345.70 -5636.82
-6325.02 -5636.82
-6512.68 -5636.82
-6699.90 -5636.82
-6118.16 -5636.82
-6122.74 -5636.82
-6567.22 -5636.82
-6607.62 -5636.82
-6466.25 -5636.82
-6132.98 -5636.82
-6344.37 -5636.82
-5924.96 -5636.82
-6542.90 -5636.82
-6372.81 -5636.82
-6540.39 -5636.82
-6580.34 -5636.82
-6629.01 -5636.82
-6314.69 -5636.82
-6543.41 -5636.82
-6410.93 -5636.82
-6507.60 -5636.82
-5840.01 -5636.82
-6534.47 -5636.82
-5824.29 -5636.82
-5909.58 -5636.82
-6455.44 -5636.82
-6577.85 -5636.82
-6479.78 -5636.82
-6038.11 -5636.82
-6562.09 -5636.82
-6255.23 -5636.82
-5932.91 -5636.82
-6391.09 -5636.82
-5918.57 -5636.82
-6740.69 -5636.82
-6656.52 -5636.82
-6094.01 -5636.82
-5916.20 -5636.82
-6487.35 -5636.82
-6664.64 -5636.82
-6104.76 -5636.82
-6226.60 -5636.82
-6036.86 -5636.82
-6470.07 -5636.82
-6800.76 -5636.82
-6287.15 -5636.82
-6347.10 -5636.82
-6690.16 -5636.82
-5974.67 -5636.82
-6221.76 -5636.82
-5979.77 -5636.82
-6525.10 -5636.82
-6257.46 -5636.82
-6158.02 -5636.82
-6284.68 -5636.82
-6200.03 -5636.82
-6199.74 -5636.82
-6284.00 -5636.82
-6629.55 -5636.82
-6603.91 -5636.82
-6353.87 -5636.82
-6442.49 -5636.82
-5927.01 -5636.82
-6247.10 -5636.82
-6519.64 -5636.82
-6013.28 -5636.82
-6307.25 -5636.82
-6746.73 -5636.82
-6496.06 -5636.82
-6455.36 -5636.82
-6344.35 -5636.82
-6263.10 -5636.82
-6667.03 -5636.82
-6144.79 -5636.82
-6588.87 -5636.82
-6613.09 -5636.82
-6531.56 -5636.82
-6375.34 -5636.82
-6719.47 -5636.82
-5935.34 -5636.82
-6553.68 -5636.82
-6137.35 -5636.82
-5900.04 -5636.82
-6608.52 -5636.82
-6298.71 -5636.82
-6377.93 -5636.82
-6303.42 -5636.82
-5968.52 -5636.82
-5651.97 -5636.82
-6488.73 -5636.82
-6596.02 -5636.82
-6089.20 -5636.82
-6740.59 -5636.82
-6286.50 -5636.82
-5922.68 -5636.82
-6556.02 -5636.82
-6027.34 -5636.82
-6052.54 -5636.82
-6252.96 -5636.82
-6645.53 -5636.82
-6180.42 -5636.82
-5946.13 -5636.82
-6656.84 -5636.82
-6559.92 -5636.82
-6612.14 -5636.82
-6336.26 -5636.82
-6016.08 -5636.82
-6623.37 -5636.82
-6431.93 -5636.82
-6705.75 -5636.82
-6417.19 -5636.82
-6273.21 -5636.82
-6600.87 -5636.82
-6287.44 -5636.82
-6489.41 -5636.82
-6481.60 -5636.82
-6480.31 -5636.82
-6568.39 -5636.82
-6481.21 -5636.82
-6225.89 -5636.82
-6146.13 -5636.82
-5961.48 -5636.82
-6386.91 -5636.82
-5960.41 -5636.82
-6534.29 -5636.82
-6249.07 -5636.82
-6608.35 -5636.82
-6362.87 -5636.82
-6521.51 -5636.82
-6650.54 -5636.82
-6405.54 -5636.82
-6439.99 -5636.82
-6184.92 -5636.82
-7023.67 -5636.82
-6830.76 -6830.76
-6940.30 -6830.76
-6986.22 -6830.76
-6939.37 -6830.76
-7027.54 -6830.76
-6943.22 -6830.76
-6858.32 -6830.76
-6933.64 -6830.76
-6911.15 -6830.76
-7031.00 -6830.76
-6976.90 -6830.76
-6953.66 -6830.76
-7014.97 -6830.76
-6845.28 -6830.76
-7062.28 -6830.76
-6912.60 -6830.76
-6918.44 -6830.76
-6872.28 -6830.76
-6917.62 -6830.76
-6957.00 -6830.76
-6966.98 -6830.76
-6884.34 -6830.76
-6971.91 -6830.76
-6930.90 -6830.76
-6865.36 -6830.76
-6960.39 -6830.76
-6855.54 -6830.76
-6875.66 -6830.76
-7064.79 -6830.76
-6945.68 -6830.76
-6917.90 -6830.76
-6952.88 -6830.76
-6861.04 -6830.76
-6963.39 -6830.76
-6974.87 -6830.76
-6956.70 -6830.76
-7009.58 -6830.76
-6932.56 -6830.76
-7032.00 -6830.76
-6901.62 -6830.76
-6914.22 -6830.76
-6847.37 -6830.76
-6919.74 -6830.76
-6883.77 -6830.76
-6933.12 -6830.76
-6974.15 -6830.76
-6954.10 -6830.76
-6960.65 -6830.76
-6862.81 -6830.76
-6823.80 -6823.80
-6798.50 -6798.50
-6747.12 -6747.12
-6777.35 -6747.12
-6636.66 -6636.66
-6796.77 -6636.66
-6628.93 -6628.93
-6676.08 -6628.93
-6857.89 -6628.93
-6677.45 -6628.93
-6588.63 -6588.63
-6782.69 -6588.63
-6724.67 -6588.63
-6712.66 -6588.63
-6680.11 -6588.63
-6836.33 -6588.63
-6551.48 -6551.48
-6860.50 -6551.48
-6641.59 -6551.48
-6412.61 -6412.61
-6654.38 -6412.61
-6515.98 -6412.61
-6557.34 -6412.61
-6843.92 -6412.61
-6623.54 -6412.61
-6554.65 -6412.61
-6546.20 -6412.61
-6651.96 -6412.61
-6432.96 -6412.61
-6637.21 -6412.61
-6602.00 -6412.61
-6743.65 -6412.61
-6672.55 -6412.61
-6798.38 -6412.61
-6464.43 -6412.61
-6761.46 -6412.61
-6597.89 -6412.61
-6755.36 -6412.61
-6636.53 -6412.61
-6486.84 -6412.61
-6490.47 -6412.61
-6854.95 -6412.61
-6640.80 -6412.61
-6488.45 -6412.61
-6544.34 -6412.61
-6535.38 -6412.61
-6638.58 -6412.61
-6615.39 -6412.61
-6553.78 -6412.61
-6391.46 -6391.46
-6434.79 -6391.46
-6522.79 -6391.46
-6361.77 -6361.77
-6797.39 -6361.77
-6469.00 -6361.77
-6361.08 -6361.08
-6659.96 -6361.08
-6544.17 -6361.08
-6463.25 -6361.08
-6541.75 -6361.08
-6436.95 -6361.08
-6577.43 -6361.08
-6817.66 -6361.08
-6623.04 -6361.08
-6465.72 -6361.08
-6558.56 -6361.08
-6629.93 -6361.08
-6629.13 -6361.08
-6549.55 -6361.08
-6349.98 -6349.98
-6247.36 -6247.36
-6287.15 -6247.36
-6579.91 -6247.36
-6602.52 -6247.36
-6431.17 -6247.36
-6463.13 -6247.36
-6660.37 -6247.36
-6700.51 -6247.36
-6715.67 -6247.36
-6363.68 -6247.36
-6123.53 -6123.53
-6332.43 -6123.53
-6922.70 -6123.53
-6674.70 -6123.53
-6466.14 -6123.53
-6013.26 -6013.26
-6646.62 -6013.26
-6434.77 -6013.26
-6770.49 -6013.26
-6322.93 -6013.26
-5935.65 -5935.65
-6611.93 -5935.65
-6578.23 -5935.65
-6210.96 -5935.65
-6578.79 -5935.65
-6018.12 -5935.65
-6744.27 -5935.65
-6493.19 -5935.65
-6199.89 -5935.65
-6526.50 -5935.65
-6260.66 -5935.65
-6730.70 -5935.65
-6385.64 -5935.65
-6134.03 -5935.65
-6220.76 -5935.65
-6323.07 -5935.65
-6567.95 -5935.65
-6570.71 -5935.65
-6576.95 -5935.65
-6606.78 -5935.65
-6380.68 -5935.65
-5972.46 -5935.65
-6530.89 -5935.65
-6704.55 -5935.65
-6423.12 -5935.65
-6663.32 -5935.65
-6290.32 -5935.65
-6457.94 -5935.65
-6562.06 -5935.65
-6536.42 -5935.65
-5957.75 -5935.65
-6301.86 -5935.65
-6467.26 -5935.65
-6393.27 -5935.65
-6252.61 -5935.65
-6258.02 -5935.65
-6378.13 -5935.65
-6670.47 -5935.65
-6336.47 -5935.65
-6649.99 -5935.65
-6648.05 -5935.65
-5946.01 -5935.65
-6579.18 -5935.65
-6196.91 -5935.65
-5876.65 -5876.65
-6740.39 -5876.65
-6325.63 -5876.65
-6580.36 -5876.65
-6280.05 -5876.65
-6751.47 -5876.65
-6618.13 -5876.65
-6148.24 -5876.65
-6412.39 -5876.65
-6690.89 -5876.65
-6167.51 -5876.65
-6280.00 -5876.65
-6079.56 -5876.65
-6504.83 -5876.65
-6560.03 -5876.65
-6537.18 -5876.65
-6718.60 -5876.65
-6401.02 -5876.65
-6135.61 -5876.65
-6624.04 -5876.65
-6314.89 -5876.65
-6391.35 -5876.65
-6433.42 -5876.65
-6536.28 -5876.65
-6182.52 -5876.65
-6541.21 -5876.65
-6386.29 -5876.65
-6360.80 -5876.65
-6174.09 -5876.65
-6234.48 -5876.65
-6060.76 -5876.65
-6071.94 -5876.65
-6364.22 -5876.65
-6730.18 -5876.65
-6453.08 -5876.65
-5939.64 -5876.65
-6637.04 -5876.65
-6697.24 -5876.65
-6523.09 -5876.65
-6584.57 -5876.65
-6195.72 -5876.65
-6468.10 -5876.65
-6645.01 -5876.65
-6617.75 -5876.65
-6604.51 -5876.65
-6482.09 -5876.65
-6729.48 -5876.65
-6018.08 -5876.65
-6287.84 -5876.65
-6400.01 -5876.65
-6488.71 -5876.65
-6510.90 -5876.65
-5827.49 -5827.49
-6073.26 -5827.49
-6644.00 -5827.49
-6636.04 -5827.49
-6502.86 -5827.49
-6340.67 -5827.49
-6503.93 -5827.49
-6173.32 -5827.49
-6557.19 -5827.49
-6072.78 -5827.49
-6446.42 -5827.49
-6030.35 -5827.49
-5686.39 -5686.39
-6229.65 -5686.39
-6265.02 -5686.39
-6464.47 -5686.39
-6141.78 -5686.39
-6557.27 -5686.39
-6641.15 -5686.39
-6214.75 -5686.39
-6010.52 -5686.39
-6646.51 -5686.39
-6636.17 -5686.39
-5740.95 -5686.39
-6036.88 -5686.39
-5735.45 -5686.39
-6373.08 -5686.39
-6614.71 -5686.39
-6014.21 -5686.39
-6239.21 -5686.39
-6634.22 -5686.39
-6187.73 -5686.39
-6538.39 -5686.39
-6478.90 -5686.39
-5999.72 -5686.39
-6307.17 -5686.39
-6297.03 -5686.39
-6507.22 -5686.39
-6057.62 -5686.39
-6639.64 -5686.39
-6735.16 -5686.39
-6385.05 -5686.39
-6430.12 -5686.39
-6092.86 -5686.39
-6381.90 -5686.39
-6519.31 -5686.39
-6116.35 -5686.39
-6637.50 -5686.39
-6478.76 -5686.39
-6773.59 -5686.39
-6541.29 -5686.39
-6326.46 -5686.39
-6640.27 -5686.39
-6113.99 -5686.39
-6185.35 -5686.39
-6472.21 -5686.39
-6508.15 -5686.39
-6115.42 -5686.39
-6204.76 -5686.39
-6385.54 -5686.39
-6325.60 -5686.39
-6419.52 -5686.39
-6339.22 -5686.39
-6651.09 -5686.39
-5678.68 -5678.68
-6359.61 -5678.68
-6214.57 -5678.68
-6995.43 -5678.68
-5916.59 -5678.68
-6536.42 -5678.68
-6443.28 -5678.68
-6400.03 -5678.68
-6692.47 -5678.68
-6402.66 -5678.68
-6386.77 -5678.68
-5615.58 -5615.58
-6489.46 -5615.58
-6398.98 -5615.58
-6412.96 -5615.58
-6342.85 -5615.58
-6551.49 -5615.58
-6275.47 -5615.58
-6615.87 -5615.58
-5420.63 -5420.63
-6165.95 -5420.63
-6378.94 -5420.63
-6622.37 -5420.63
-6239.48 -5420.63
-5888.51 -5420.63
-6133.31 -5420.63
-6612.42 -5420.63
-6535.37 -5420.63
-6637.57 -5420.63
-6148.23 -5420.63
-6047.94 -5420.63
-6496.01 -5420.63
-6297.01 -5420.63
-6671.75 -5420.63
-6498.32 -5420.63
-6573.87 -5420.63
-6577.24 -5420.63
-5817.19 -5420.63
-6559.77 -5420.63
-6485.70 -5420.63
-5641.23 -5420.63
-5914.04 -5420.63
-6737.68 -5420.63
-6641.75 -5420.63
-6374.20 -5420.63
-6368.92 -5420.63
-6113.03 -5420.63
-6547.23 -5420.63
-6137.70 -5420.63
-6617.44 -5420.63
-6579.14 -5420.63
-6436.91 -5420.63
-6504.93 -5420.63
-5669.27 -5420.63
-5821.16 -5420.63
-6505.34 -5420.63
-6530.81 -5420.63
-6310.52 -5420.63
-6356.86 -5420.63
-6099.64 -5420.63
-6711.57 -5420.63
-6543.19 -5420.63
-6663.58 -5420.63
-6453.29 -5420.63
-5912.38 -5420.63
-6599.52 -5420.63
-6564.70 -5420.63
-6239.58 -5420.63
-6524.39 -5420.63
-6295.22 -5420.63
-6118.43 -5420.63
-6451.62 -5420.63
-6493.64 -5420.63
-5713.72 -5420.63
-6590.19 -5420.63
-5986.36 -5420.63
-6017.05 -5420.63
-5962.51 -5420.63
-6536.03 -5420.63
-6364.43 -5420.63
-6392.08 -5420.63
-6242.11 -5420.63
-6031.47 -5420.63
-6503.73 -5420.63
-6288.40 -5420.63
-6488.44 -5420.63
-6416.50 -5420.63
-6477.22 -5420.63
-5713.20 -5420.63
-5897.62 -5420.63
-6313.57 -5420.63
-5724.49 -5420.63
-6625.40 -5420.63
-6576.27 -5420.63
-6123.88 -5420.63
-6189.57 -5420.63
-6049.49 -5420.63
-6500.97 -5420.63
-6473.52 -5420.63
-6566.75 -5420.63
-5965.98 -5420.63
-6114.78 -5420.63
-6366.49 -5420.63
-6421.51 -5420.63
-6440.32 -5420.63
-6476.03 -5420.63
-6651.52 -5420.63
-6440.89 -5420.63
-6687.43 -5420.63
-6606.95 -5420.63
-6484.49 -5420.63
-6173.81 -5420.63
-6598.02 -5420.63
-6035.44 -5420.63
-6041.83 -5420.63
-6169.63 -5420.63
-6878.68 -6878.68
-6957.74 -6878.68
-7034.97 -6878.68
-6982.80 -6878.68
-6906.67 -6878.68
-6981.14 -6878.68
-6965.19 -6878.68
-6950.89 -6878.68
-6942.64 -6878.68
-6939.48 -6878.68
-6974.10 -6878.68
-6983.79 -6878.68
-6948.50 -6878.68
-7042.77 -6878.68
-6945.79 -6878.68
-6892.13 -6878.68
-6959.56 -6878.68
-6912.18 -6878.68
-6957.41 -6878.68
-6939.37 -6878.68
-6985.33 -6878.68
-6949.75 -6878.68
-6904.49 -6878.68
-6999.43 -6878.68
-6925.32 -6878.68
-6968.64 -6878.68
-6899.90 -6878.68
-6978.03 -6878.68
-6964.61 -6878.68
-6922.57 -6878.68
-6898.00 -6878.68
-6867.89 -6867.89
-6883.99 -6867.89
-6836.94 -6836.94
-6914.94 -6836.94
-6860.50 -6836.94
-7015.75 -6836.94
-6980.33 -6836.94
-6820.75 -6820.75
-6801.35 -6801.35
-6998.81 -6801.35
-6848.34 -6801.35
-6805.18 -6801.35
-6885.10 -6801.35
-6823.83 -6801.35
-6888.68 -6801.35
-6846.48 -6801.35
-6895.00 -6801.35
-6849.50 -6801.35
-6867.57 -6801.35
-6801.20 -6801.20
-6871.88 -6801.20
-6870.60 -6801.20
-6807.14 -6801.20
-6687.56 -6687.56
-6865.34 -6687.56
-6754.12 -6687.56
-6851.39 -6687.56
-6739.01 -6687.56
-6773.14 -6687.56
-6797.45 -6687.56
-6764.23 -6687.56
-6855.72 -6687.56
-6774.07 -6687.56
-6877.19 -6687.56
-6693.15 -6687.56
-6785.93 -6687.56
-6648.94 -6648.94
-6608.52 -6608.52
-6762.17 -6608.52
-6583.06 -6583.06
-6765.78 -6583.06
-6755.94 -6583.06
-6837.87 -6583.06
-6722.12 -6583.06
-6779.70 -6583.06
-6766.09 -6583.06
-6735.56 -6583.06
-6752.81 -6583.06
-6691.69 -6583.06
-6814.10 -6583.06
-6778.74 -6583.06
-6782.35 -6583.06
-6842.23 -6583.06
-6663.79 -6583.06
-6472.05 -6472.05
-6609.86 -6472.05
-6740.08 -6472.05
-6709.57 -6472.05
-6714.67 -6472.05
-6592.35 -6472.05
-6493.74 -6472.05
-6472.11 -6472.11
-6476.02 -6472.11
-6710.13 -6472.11
-6752.13 -6472.11
-6591.82 -6472.11
-6396.73 -6396.73
-6538.19 -6396.73
-6666.69 -6396.73
-6577.91 -6396.73
-6700.96 -6396.73
-6646.55 -6396.73
-6466.54 -6396.73
-6914.85 -6396.73
-6614.26 -6396.73
-6514.17 -6396.73
-6446.46 -6396.73
-6593.20 -6396.73
-6408.75 -6396.73
-6563.17 -6396.73
-6553.51 -6396.73
-6572.84 -6396.73
-6527.60 -6396.73
-6492.38 -6396.73
-6677.47 -6396.73
-6310.75 -6310.75
-6700.03 -6310.75
-6743.76 -6310.75
-6430.57 -6310.75
-6586.60 -6310.75
-6345.12 -6310.75
-6589.03 -6310.75
-6649.46 -6310.75
-6660.18 -6310.75
-6514.74 -6310.75
-6576.98 -6310.75
-6561.86 -6310.75
-6728.67 -6310.75
-6470.34 -6310.75
-6299.02 -6299.02
-6564.04 -6299.02
-6766.98 -6299.02
-6646.30 -6299.02
-6378.11 -6299.02
-6861.74 -6299.02
-6744.38 -6299.02
-6452.56 -6299.02
-6871.97 -6299.02
-6384.16 -6299.02
-6412.91 -6299.02
-6325.45 -6299.02
-6410.56 -6299.02
-6829.98 -6299.02
-6457.67 -6299.02
-6313.24 -6299.02
-6588.15 -6299.02
-6632.11 -6299.02
-6506.95 -6299.02
-6509.97 -6299.02
-6649.87 -6299.02
-6745.52 -6299.02
-6628.62 -6299.02
-6648.67 -6299.02
-6243.97 -6243.97
-6219.89 -6219.89
-6251.82 -6219.89
-6599.93 -6219.89
-6486.02 -6219.89
-6674.35 -6219.89
-6420.11 -6219.89
-6517.69 -6219.89
-6420.15 -6219.89
-6356.76 -6219.89
-6244.53 -6219.89
-6516.99 -6219.89
-6234.03 -6219.89
-6602.78 -6219.89
-6788.76 -6219.89
-6646.60 -6219.89
-6578.52 -6219.89
-6612.36 -6219.89
-6766.95 -6219.89
-6544.77 -6219.89
-6573.53 -6219.89
-6551.33 -6219.89
-6272.40 -6219.89
-6321.96 -6219.89
-6471.78 -6219.89
-6562.30 -6219.89
-6275.58 -6219.89
-6527.08 -6219.89
-6429.35 -6219.89
-6395.74 -6219.89
-6512.25 -6219.89
-6438.18 -6219.89
-6699.76 -6219.89
-6329.36 -6219.89
-6748.88 -6219.89
-6352.31 -6219.89
-6679.45 -6219.89
-6369.02 -6219.89
-6237.46 -6219.89
-6317.25 -6219.89
-6834.36 -6219.89
-6543.16 -6219.89
-6507.99 -6219.89
-6544.87 -6219.89
-6586.61 -6219.89
-6439.23 -6219.89
-6674.32 -6219.89
-6588.41 -6219.89
-6200.05 -6200.05
-6143.09 -6143.09
-6724.82 -6143.09
-6723.23 -6143.09
-6408.46 -6143.09
-6675.05 -6143.09
-6616.12 -6143.09
-6588.63 -6143.09
-6634.63 -6143.09
-6783.60 -6143.09
-6624.87 -6143.09
-6733.43 -6143.09
-6450.82 -6143.09
-6361.79 -6143.09
-6632.98 -6143.09
-6486.76 -6143.09
-6224.44 -6143.09
-6449.71 -6143.09
-6783.43 -6143.09
-6283.60 -6143.09
-6453.94 -6143.09
-6326.95 -6143.09
-6484.46 -6143.09
-6288.35 -6143.09
-6629.30 -6143.09
-6516.89 -6143.09
-6620.30 -6143.09
-6340.31 -6143.09
-6669.19 -6143.09
-6396.12 -6143.09
-6389.07 -6143.09
-6661.13 -6143.09
-6480.50 -6143.09
-6557.99 -6143.09
-6415.87 -6143.09
-6661.60 -6143.09
-6460.85 -6143.09
-6498.04 -6143.09
-6748.00 -6143.09
-6742.29 -6143.09
-6563.02 -6143.09
-6446.23 -6143.09
-6592.78 -6143.09
-6350.99 -6143.09
-6336.63 -6143.09
-6321.19 -6143.09
-6631.76 -6143.09
-6577.39 -6143.09
-6597.49 -6143.09
-6696.82 -6143.09
-6376.58 -6143.09
-6618.72 -6143.09
-6472.22 -6143.09
-6801.75 -6143.09
-6734.56 -6143.09
-6562.93 -6143.09
-6794.45 -6143.09
-6227.46 -6143.09
-6444.44 -6143.09
-6358.25 -6143.09
-6744.50 -6143.09
-6520.55 -6143.09
-6499.26 -6143.09
-6455.85 -6143.09
-6424.19 -6143.09
-6402.64 -6143.09
-6335.31 -6143.09
-6435.52 -6143.09
-6397.52 -6143.09
-6693.39 -6143.09
-6742.91 -6143.09
-6633.94 -6143.09
-6563.43 -6143.09
-6374.86 -6143.09
-6516.26 -6143.09
-6253.60 -6143.09
-6692.06 -6143.09
-6690.44 -6143.09
-6599.80 -6143.09
-6523.54 -6143.09
-6704.45 -6143.09
-6525.24 -6143.09
-6859.72 -6143.09
-6781.02 -6143.09
-6471.00 -6143.09
-6742.24 -6143.09
-6572.13 -6143.09
-6315.14 -6143.09
-6439.52 -6143.09
-6443.00 -6143.09
-6211.50 -6143.09
-6620.45 -6143.09
-6657.23 -6143.09
-6063.45 -6063.45
-6507.72 -6063.45
-6569.38 -6063.45
-6658.40 -6063.45
-6734.75 -6063.45
-6459.47 -6063.45
-6772.69 -6063.45
-6627.64 -6063.45
-6230.30 -6063.45
-6250.61 -6063.45
-6613.15 -6063.45
-6479.62 -6063.45
-6555.32 -6063.45
-6228.11 -6063.45
-6443.72 -6063.45
-6361.07 -6063.45
-6368.60 -6063.45
-6290.18 -6063.45
-6511.54 -6063.45
-6689.70 -6063.45
-6636.94 -6063.45
-6597.46 -6063.45
-6636.37 -6063.45
-6803.24 -6063.45
-6348.93 -6063.45
-6693.79 -6063.45
-6578.23 -6063.45
-6246.58 -6063.45
-6724.90 -6063.45
-6594.36 -6063.45
-6322.94 -6063.45
-6354.54 -6063.45
-6384.08 -6063.45
-6551.02 -6063.45
-6421.51 -6063.45
-6383.38 -6063.45
-6723.69 -6063.45
-6584.55 -6063.45
-6746.08 -6063.45
-6285.53 -6063.45
-6368.81 -6063.45
-6450.99 -6063.45
-6638.02 -6063.45
-6170.88 -6063.45
-6424.21 -6063.45
-6496.27 -6063.45
-6151.37 -6063.45
-6485.72 -6063.45
-6619.49 -6063.45
-6450.66 -6063.45
-6140.11 -6063.45
-6644.12 -6063.45
-6400.95 -6063.45
-6303.93 -6063.45
-6502.48 -6063.45
-6387.60 -6063.45
-6646.27 -6063.45
-6525.27 -6063.45
-6430.93 -6063.45
-6044.55 -6044.55
-6321.93 -6044.55
-6383.31 -6044.55
-6363.78 -6044.55
-6306.02 -6044.55
-6283.06 -6044.55
-6265.20 -6044.55
-6823.60 -6044.55
-6287.07 -6044.55
-6376.01 -6044.55
-6454.19 -6044.55
-6571.79 -6044.55
-6405.97 -6044.55
-6296.59 -6044.55
-6650.04 -6044.55
-6212.25 -6044.55
-6595.76 -6044.55
-6166.53 -6044.55
-6727.90 -6044.55
-6488.35 -6044.55
-6492.08 -6044.55
-6337.79 -6044.55
-6631.64 -6044.55
-6538.44 -6044.55
-6455.18 -6044.55
-6497.82 -6044.55
-6865.90 -6044.55
-6345.55 -6044.55
-6687.88 -6044.55
-6190.70 -6044.55
-6475.59 -6044.55
-6695.21 -6044.55
-6553.67 -6044.55
-6410.79 -6044.55
-6646.28 -6044.55
-6188.80 -6044.55
-6392.48 -6044.55
-6226.22 -6044.55
-6010.09 -6010.09
-6157.64 -6010.09
-6747.74 -6010.09
-6751.16 -6010.09
-6692.72 -6010.09
-6658.30 -6010.09
-6099.68 -6010.09
-6448.69 -6010.09
-6330.35 -6010.09
-6091.99 -6010.09
-6482.78 -6010.09
-6021.79 -6010.09
-6261.50 -6010.09
-6735.21 -6010.09
-6495.45 -6010.09
-6321.43 -6010.09
-6336.85 -6010.09
-6559.73 -6010.09
-6632.49 -6010.09
-6101.29 -6010.09
-6284.66 -6010.09
-6443.55 -6010.09
-6537.09 -6010.09
-6293.76 -6010.09
-6962.24 -6010.09
-7014.18 -6010.09
-7012.24 -6010.09
-6966.77 -6010.09
-6981.48 -6010.09
-6955.79 -6955.79
-6958.13 -6955.79
-6885.48 -6885.48
-6843.30 -6843.30
-6902.06 -6843.30
-6925.77 -6843.30
-6901.09 -6843.30
-6931.73 -6843.30
-6902.96 -6843.30
-6905.19 -6843.30
-6766.91 -6766.91
-6851.24 -6766.91
-6775.59 -6766.91
-6977.50 -6766.91
-6953.65 -6766.91
-6744.76 -6744.76
-6792.15 -6744.76
-6693.99 -6693.99
-6724.16 -6693.99
-6830.67 -6693.99
-6751.60 -6693.99
-6699.53 -6693.99
-6718.02 -6693.99
-6758.97 -6693.99
-6690.18 -6690.18
-6653.01 -6653.01
-6566.13 -6566.13
-6628.88 -6566.13
-6682.26 -6566.13
-6571.37 -6566.13
-6651.18 -6566.13
-6575.59 -6566.13
-6776.02 -6566.13
-6600.05 -6566.13
-6736.38 -6566.13
-6671.80 -6566.13
-6622.99 -6566.13
-6811.74 -6566.13
-6706.67 -6566.13
-6537.62 -6537.62
-6562.95 -6537.62
-6714.24 -6537.62
-6608.15 -6537.62
-6578.07 -6537.62
-6615.09 -6537.62
-6635.07 -6537.62
-6567.38 -6537.62
-6653.68 -6537.62
-6661.38 -6537.62
-6736.42 -6537.62
-6682.89 -6537.62
-6691.50 -6537.62
-6660.15 -6537.62
-6498.85 -6498.85
-6644.99 -6498.85
-6548.90 -6498.85
-6759.43 -6498.85
-6445.19 -6445.19
-6654.43 -6445.19
-6738.31 -6445.19
-6481.26 -6445.19
-6516.35 -6445.19
-6433.18 -6433.18
-6485.40 -6433.18
-6600.65 -6433.18
-6595.69 -6433.18
-6184.47 -6184.47
-6492.70 -6184.47
-6544.56 -6184.47
-6414.72 -6184.47
-6482.31 -6184.47
-6416.15 -6184.47
-6648.32 -6184.47
-6476.46 -6184.47
-6472.33 -6184.47
-6628.68 -6184.47
-6695.03 -6184.47
-6662.36 -6184.47
-6700.73 -6184.47
-6458.33 -6184.47
-6606.50 -6184.47
-6505.60 -6184.47
-6441.71 -6184.47
-6553.67 -6184.47
-6736.27 -6184.47
-6502.76 -6184.47
-6704.81 -6184.47
-6362.54 -6184.47
-6764.38 -6184.47
-6410.19 -6184.47
-6429.99 -6184.47
-6338.88 -6184.47
-6320.28 -6184.47
-6379.18 -6184.47
-6359.96 -6184.47
-6442.60 -6184.47
-6754.71 -6184.47
-6558.46 -6184.47
-6607.04 -6184.47
-6636.73 -6184.47
-6561.87 -6184.47
-6607.77 -6184.47
-6591.88 -6184.47
-6361.35 -6184.47
-6704.95 -6184.47
-6530.34 -6184.47
-6466.41 -6184.47
-6496.71 -6184.47
-6427.21 -6184.47
-6586.36 -6184.47
-6404.82 -6184.47
-6476.52 -6184.47
-6445.57 -6184.47
-6445.20 -6184.47
-6341.97 -6184.47
-6400.12 -6184.47
-6502.36 -6184.47
-6530.95 -6184.47
-6559.36 -6184.47
-6224.79 -6184.47
-6502.91 -6184.47
-6701.49 -6184.47
-6687.60 -6184.47
-6484.07 -6184.47
-6680.40 -6184.47
-6726.56 -6184.47
-6307.11 -6184.47
-6714.40 -6184.47
-6391.31 -6184.47
-6706.21 -6184.47
-6598.41 -6184.47
-6683.52 -6184.47
-6666.05 -6184.47
-6147.33 -6147.33
-6589.43 -6147.33
-6216.76 -6147.33
-6736.48 -6147.33
-6340.22 -6147.33
-6649.64 -6147.33
-6567.29 -6147.33
-6850.14 -6147.33
-6430.30 -6147.33
-6525.18 -6147.33
-6726.48 -6147.33
-6637.78 -6147.33
-6343.79 -6147.33
-6252.26 -6147.33
-6376.75 -6147.33
-6565.04 -6147.33
-6577.93 -6147.33
-6402.40 -6147.33
-6583.43 -6147.33
-6663.53 -6147.33
-6767.50 -6147.33
-6379.25 -6147.33
-6278.34 -6147.33
-6831.27 -6147.33
-6553.06 -6147.33
-6298.90 -6147.33
-6678.09 -6147.33
-6575.78 -6147.33
-6539.73 -6147.33
-6548.66 -6147.33
-6473.97 -6147.33
-6387.86 -6147.33
-6430.97 -6147.33
-6475.24 -6147.33
-6648.00 -6147.33
-6592.70 -6147.33
-6485.81 -6147.33
-6224.74 -6147.33
-6596.03 -6147.33
-6476.99 -6147.33
-6789.26 -6147.33
-6419.58 -6147.33
-6411.16 -6147.33
-6490.55 -6147.33
-6471.37 -6147.33
-6759.70 -6147.33
-6606.14 -6147.33
-6499.05 -6147.33
-6841.10 -6147.33
-6514.46 -6147.33
-6874.96 -6147.33
-6325.36 -6147.33
-6271.93 -6147.33
-6383.05 -6147.33
-6361.24 -6147.33
-6250.73 -6147.33
-6588.09 -6147.33
-6815.57 -6147.33
-6704.41 -6147.33
-6235.40 -6147.33
-6409.00 -6147.33
-6727.43 -6147.33
-6772.83 -6147.33
-6362.61 -6147.33
-6686.59 -6147.33
-6249.71 -6147.33
-6402.02 -6147.33
-6699.88 -6147.33
-6186.44 -6147.33
-6216.89 -6147.33
-6567.01 -6147.33
-6601.24 -6147.33
-6191.26 -6147.33
-6742.17 -6147.33
-6437.43 -6147.33
-6174.67 -6147.33
-6529.18 -6147.33
-6275.18 -6147.33
-6703.32 -6147.33
-6501.33 -6147.33
-6901.60 -6147.33
-6605.34 -6147.33
-6549.72 -6147.33
-6422.04 -6147.33
-6718.15 -6147.33
-6305.54 -6147.33
-6063.46 -6063.46
-6188.84 -6063.46
-6735.74 -6063.46
-6759.27 -6063.46
-6160.16 -6063.46
-6472.90 -6063.46
-6282.31 -6063.46
-6731.07 -6063.46
-6700.57 -6063.46
-6314.55 -6063.46
-6531.90 -6063.46
-6769.94 -6063.46
-6216.72 -6063.46
-6486.90 -6063.46
-6220.16 -6063.46
-6432.54 -6063.46
-6458.16 -6063.46
-6621.29 -6063.46
-6455.96 -6063.46
-6766.99 -6063.46
-6336.97 -6063.46
-6396.13 -6063.46
-6370.94 -6063.46
-6484.04 -6063.46
-6604.23 -6063.46
-6610.43 -6063.46
-6452.17 -6063.46
-6641.37 -6063.46
-6580.51 -6063.46
-6428.24 -6063.46
-6381.78 -6063.46
-6491.55 -6063.46
-6260.99 -6063.46
-6254.35 -6063.46
-6269.83 -6063.46
-6177.94 -6063.46
-6398.75 -6063.46
-6604.74 -6063.46
-6475.60 -6063.46
-6115.44 -6063.46
-6524.38 -6063.46
-6469.12 -6063.46
-6777.97 -6063.46
-6628.52 -6063.46
-6270.05 -6063.46
-6555.51 -6063.46
-6807.45 -6063.46
-6907.61 -6063.46
-6371.36 -6063.46
-6643.72 -6063.46
-6603.45 -6063.46
-6573.49 -6063.46
-6521.54 -6063.46
-6192.21 -6063.46
-6278.01 -6063.46
-6630.62 -6063.46
-6465.71 -6063.46
-6582.11 -6063.46
-6370.77 -6063.46
-6324.43 -6063.46
-6204.21 -6063.46
-6337.43 -6063.46
-6303.20 -6063.46
-6608.91 -6063.46
-6640.88 -6063.46
-6392.16 -6063.46
-6730.15 -6063.46
-6460.14 -6063.46
-6712.73 -6063.46
-6241.88 -6063.46
-6546.69 -6063.46
-6617.18 -6063.46
-6617.30 -6063.46
-6559.74 -6063.46
-6640.46 -6063.46
-6600.54 -6063.46
-6484.95 -6063.46
-6062.16 -6062.16
-6677.04 -6062.16
-6657.28 -6062.16
-6455.98 -6062.16
-6701.46 -6062.16
-6768.25 -6062.16
-6280.46 -6062.16
-6644.57 -6062.16
-5996.05 -5996.05
-6025.50 -5996.05
-6645.79 -5996.05
-6591.00 -5996.05
-6157.47 -5996.05
-6415.77 -5996.05
-6535.46 -5996.05
-6434.13 -5996.05
-6584.14 -5996.05
-6464.52 -5996.05
-6342.74 -5996.05
-6380.73 -5996.05
-6731.34 -5996.05
-6541.29 -5996.05
-6565.76 -5996.05
-6111.27 -5996.05
-6476.14 -5996.05
-6598.97 -5996.05
-6630.45 -5996.05
-5905.46 -5905.46
-6269.02 -5905.46
-6410.54 -5905.46
-6312.16 -5905.46
-6683.28 -5905.46
-6314.48 -5905.46
-6680.25 -5905.46
-6588.19 -5905.46
-6391.64 -5905.46
-6256.71 -5905.46
-6300.22 -5905.46
-6068.03 -5905.46
-6321.34 -5905.46
-6520.91 -5905.46
-6610.80 -5905.46
-6321.83 -5905.46
-5992.27 -5905.46
-6566.81 -5905.46
-6040.17 -5905.46
-6075.53 -5905.46
-6515.76 -5905.46
-6535.98 -5905.46
-6518.51 -5905.46
-6508.41 -5905.46
-6547.00 -5905.46
-6732.23 -5905.46
-6715.90 -5905.46
-6625.80 -5905.46
-6531.54 -5905.46
-6042.65 -5905.46
-6937.12 -5905.46
-5931.25 -5905.46
-6452.50 -5905.46
-5865.96 -5865.96
-6534.54 -5865.96
-6505.77 -5865.96
-6741.79 -5865.96
-6700.14 -5865.96
-6544.09 -5865.96
-6536.66 -5865.96
-6595.26 -5865.96
-6233.12 -5865.96
-6680.47 -5865.96
-6425.98 -5865.96
-6534.17 -5865.96
-6651.51 -5865.96
-6552.38 -5865.96
-6481.64 -5865.96
-6604.93 -5865.96
-6717.61 -5865.96
-6360.25 -5865.96
-6493.78 -5865.96
-6197.61 -5865.96
-6504.86 -5865.96
-6339.62 -5865.96
-6586.50 -5865.96
-6369.70 -5865.96
-6564.16 -5865.96
-6474.87 -5865.96
-6211.38 -5865.96
-6102.18 -5865.96
-6308.37 -5865.96
-6212.82 -5865.96
-6759.62 -5865.96
-6615.66 -5865.96
-6687.43 -5865.96
-6558.71 -5865.96
-6626.48 -5865.96
-6487.49 -5865.96
-6787.83 -5865.96
-6422.87 -5865.96
-6617.94 -5865.96
-6637.49 -5865.96
-6401.59 -5865.96
-6586.11 -5865.96
-6459.79 -5865.96
-6413.77 -5865.96
-6429.37 -5865.96
-6515.38 -5865.96
-6341.16 -5865.96
-6027.09 -5865.96
-6557.89 -5865.96
-6455.40 -5865.96
-6028.60 -5865.96
-6431.71 -5865.96
-6299.06 -5865.96
-6588.81 -5865.96
-6448.63 -5865.96
-6943.27 -6943.27
-6968.75 -6943.27
-7040.42 -6943.27
-6968.57 -6943.27
-6976.28 -6943.27
-7012.49 -6943.27
-7002.10 -6943.27
-7029.82 -6943.27
-6984.29 -6943.27
-6947.48 -6943.27
-6929.80 -6929.80
-7058.75 -6929.80
-6995.57 -6929.80
-6977.56 -6929.80
-6926.77 -6926.77
-6922.86 -6922.86
-6900.47 -6900.47
-6750.62 -6750.62
-6856.86 -6750.62
-6947.13 -6750.62
-7020.58 -6750.62
-6750.12 -6750.12
-6792.82 -6750.12
-6727.34 -6727.34
-6754.48 -6727.34
-6781.17 -6727.34
-6708.61 -6708.61
-6597.68 -6597.68
-6768.64 -6597.68
-6786.07 -6597.68
-6598.24 -6598.24
-6614.73 -6598.24
-6858.24 -6598.24
-6607.62 -6598.24
-6597.45 -6597.45
-6714.12 -6597.45
-6613.93 -6597.45
-6599.27 -6597.45
-6723.52 -6597.45
-6397.62 -6397.62
-6566.11 -6397.62
-6602.12 -6397.62
-6711.94 -6397.62
-6617.68 -6397.62
-6513.21 -6397.62
-6511.10 -6397.62
-6585.98 -6397.62
-6705.02 -6397.62
-6722.95 -6397.62
-6712.57 -6397.62
-6746.49 -6397.62
-6617.08 -6397.62
-6558.22 -6397.62
-6702.12 -6397.62
-6284.51 -6284.51
-6738.86 -6284.51
-6546.52 -6284.51
-6476.28 -6284.51
-6548.34 -6284.51
-6641.86 -6284.51
-6340.44 -6284.51
-6550.50 -6284.51
-6639.45 -6284.51
-6363.42 -6284.51
-6511.61 -6284.51
-6410.16 -6284.51
-6548.48 -6284.51
-6767.50 -6284.51
-6631.32 -6284.51
-6274.56 -6274.56
-6485.04 -6274.56
-6287.73 -6274.56
-6644.71 -6274.56
-6569.66 -6274.56
-6630.37 -6274.56
-6737.80 -6274.56
-6340.12 -6274.56
-6561.22 -6274.56
-6364.90 -6274.56
-6437.79 -6274.56
-6254.91 -6254.91
-6540.12 -6254.91
-6470.11 -6254.91
-6727.65 -6254.91
-6517.86 -6254.91
-6885.32 -6254.91
-6248.44 -6248.44
-6607.28 -6248.44
-6420.89 -6248.44
-6693.06 -6248.44
-6311.97 -6248.44
-6699.10 -6248.44
-6773.86 -6248.44
-6360.98 -6248.44
-6173.80 -6173.80
-6525.08 -6173.80
-6311.89 -6173.80
-6202.98 -6173.80
-6527.56 -6173.80
-6203.38 -6173.80
-6607.90 -6173.80
-6251.32 -6173.80
-6503.28 -6173.80
-6403.71 -6173.80
-6632.81 -6173.80
-6429.49 -6173.80
-6644.05 -6173.80
-6436.49 -6173.80
-6721.34 -6173.80
-6391.08 -6173.80
-6654.21 -6173.80
-6400.78 -6173.80
-6743.43 -6173.80
-6478.25 -6173.80
-6166.69 -6166.69
-6068.94 -6068.94
-6698.25 -6068.94
-6581.37 -6068.94
-6457.50 -6068.94
-6154.82 -6068.94
-6391.73 -6068.94
-6238.66 -6068.94
-6428.56 -6068.94
-6219.00 -6068.94
-6358.95 -6068.94
-6441.05 -6068.94
-6241.06 -6068.94
-6526.81 -6068.94
-6489.50 -6068.94
-6483.32 -6068.94
-6528.42 -6068.94
-6150.53 -6068.94
-6592.91 -6068.94
-6238.21 -6068.94
-6295.10 -6068.94
-6597.29 -6068.94
-6657.61 -6068.94
-6496.73 -6068.94
-6497.06 -6068.94
-6324.66 -6068.94
-6858.98 -6068.94
-6542.51 -6068.94
-6260.49 -6068.94
-6609.23 -6068.94
-6436.05 -6068.94
-6606.98 -6068.94
-6569.05 -6068.94
-6334.77 -6068.94
-6260.97 -6068.94
-6436.53 -6068.94
-6435.30 -6068.94
-6644.29 -6068.94
-6560.09 -6068.94
-6733.66 -6068.94
-6446.68 -6068.94
-6574.64 -6068.94
-6190.26 -6068.94
-6565.39 -6068.94
-6291.64 -6068.94
-6492.60 -6068.94
-6673.86 -6068.94
-6422.39 -6068.94
-6544.79 -6068.94
-6402.24 -6068.94
-6347.70 -6068.94
-6557.84 -6068.94
-6149.16 -6068.94
-6213.30 -6068.94
-6497.45 -6068.94
-6344.71 -6068.94
-6504.95 -6068.94
-6691.74 -6068.94
-6619.66 -6068.94
-6502.00 -6068.94
-6471.38 -6068.94
-6657.93 -6068.94
-6536.15 -6068.94
-6360.80 -6068.94
-6534.05 -6068.94
-6677.84 -6068.94
-6121.14 -6068.94
-6338.61 -6068.94
-6677.06 -6068.94
-6747.28 -6068.94
-6438.60 -6068.94
-6672.42 -6068.94
-6580.60 -6068.94
-6547.72 -6068.94
-6396.02 -6068.94
-6221.47 -6068.94
-6678.66 -6068.94
-6445.26 -6068.94
-6374.78 -6068.94
-6663.76 -6068.94
-6181.82 -6068.94
-6406.23 -6068.94
-6291.32 -6068.94
-6571.60 -6068.94
-6492.09 -6068.94
-6486.58 -6068.94
-6182.43 -6068.94
-6256.35 -6068.94
-6547.19 -6068.94
-6314.69 -6068.94
-6823.01 -6068.94
-6129.40 -6068.94
-6145.84 -6068.94
-6689.44 -6068.94
-6463.85 -6068.94
-6505.47 -6068.94
-6637.99 -6068.94
-6369.85 -6068.94
-6336.38 -6068.94
-6511.37 -6068.94
-6722.74 -6068.94
-6500.53 -6068.94
-6349.60 -6068.94
-6635.10 -6068.94
-6675.61 -6068.94
-6244.34 -6068.94
-6529.01 -6068.94
-6508.80 -6068.94
-6102.95 -6068.94
-6249.56 -6068.94
-6621.77 -6068.94
-6431.69 -6068.94
-6463.57 -6068.94
-6552.21 -6068.94
-6602.72 -6068.94
-6733.29 -6068.94
-6498.08 -6068.94
-6295.11 -6068.94
-6584.96 -6068.94
-6535.51 -6068.94
-6208.18 -6068.94
-6397.78 -6068.94
-6533.56 -6068.94
-6426.82 -6068.94
-6662.32 -6068.94
-6527.59 -6068.94
-6565.36 -6068.94
-6473.55 -6068.94
-6512.14 -6068.94
-6475.03 -6068.94
-6868.37 -6068.94
-6479.19 -6068.94
-6543.78 -6068.94
-6552.60 -6068.94
-6359.63 -6068.94
-6682.62 -6068.94
-6650.49 -6068.94
-6496.50 -6068.94
-6541.15 -6068.94
-6436.39 -6068.94
-6400.59 -6068.94
-6340.44 -6068.94
-6382.08 -6068.94
-6349.01 -6068.94
-6427.02 -6068.94
-6626.23 -6068.94
-6471.85 -6068.94
-6530.05 -6068.94
-6644.90 -6068.94
-6631.77 -6068.94
-6247.60 -6068.94
-6474.60 -6068.94
-6212.43 -6068.94
-6377.07 -6068.94
-6525.90 -6068.94
-6725.24 -6068.94
-6256.65 -6068.94
-6412.45 -6068.94
-6134.44 -6068.94
-6398.19 -6068.94
-6737.10 -6068.94
-6718.54 -6068.94
-6393.13 -6068.94
-6533.49 -6068.94
-6367.60 -6068.94
-6277.68 -6068.94
-6415.11 -6068.94
-6201.96 -6068.94
-6659.19 -6068.94
-6334.03 -6068.94
-6503.24 -6068.94
-6667.07 -6068.94
-6493.45 -6068.94
-6464.59 -6068.94
-6640.21 -6068.94
-6364.92 -6068.94
-6692.90 -6068.94
-6298.48 -6068.94
-6502.13 -6068.94
-6574.54 -6068.94
-6734.61 -6068.94
-6713.26 -6068.94
-6458.40 -6068.94
-6099.74 -6068.94
-6472.05 -6068.94
-6620.20 -6068.94
-6208.76 -6068.94
-6588.42 -6068.94
-6328.63 -6068.94
-6731.19 -6068.94
-6466.87 -6068.94
-6683.02 -6068.94
-6542.14 -6068.94
-6457.85 -6068.94
-6464.62 -6068.94
-6605.79 -6068.94
-6707.89 -6068.94
-6467.09 -6068.94
-6646.78 -6068.94
-6719.39 -6068.94
-6393.32 -6068.94
-6239.64 -6068.94
-6560.71 -6068.94
-6555.15 -6068.94
-6299.19 -6068.94
-6218.63 -6068.94
-6727.41 -6068.94
-6614.47 -6068.94
-6251.85 -6068.94
-6353.66 -6068.94
-6532.00 -6068.94
-6351.51 -6068.94
-6345.59 -6068.94
-6280.57 -6068.94
-6248.26 -6068.94
-6486.02 -6068.94
-6352.25 -6068.94
-6769.03 -6068.94
-6715.17 -6068.94
-6453.58 -6068.94
-6631.05 -6068.94
-6504.40 -6068.94
-6473.83 -6068.94
-6299.73 -6068.94
-6708.22 -6068.94
-6753.64 -6068.94
-6399.56 -6068.94
-6470.72 -6068.94
-6507.58 -6068.94
-6451.51 -6068.94
-6334.51 -6068.94
-6387.69 -6068.94
-6192.51 -6068.94
-6199.59 -6068.94
-6450.60 -6068.94
-6403.68 -6068.94
-6554.16 -6068.94
-6648.40 -6068.94
-6590.36 -6068.94
-6255.19 -6068.94
-6662.69 -6068.94
-6109.27 -6068.94
-6516.34 -6068.94
-6663.63 -6068.94
-6580.75 -6068.94
-6639.59 -6068.94
-6469.15 -6068.94
-6773.87 -6068.94
-6297.26 -6068.94
-6650.93 -6068.94
-6436.60 -6068.94
-6319.01 -6068.94
-6546.55 -6068.94
-6110.64 -6068.94
-6608.51 -6068.94
-6683.91 -6068.94
-6523.56 -6068.94
-6584.51 -6068.94
-6663.11 -6068.94
-6659.96 -6068.94
-6590.09 -6068.94
-6761.68 -6068.94
-6524.92 -6068.94
-6673.14 -6068.94
-6426.85 -6068.94
-6256.49 -6068.94
-6476.70 -6068.94
-6077.41 -6068.94
-6155.18 -6068.94
-6260.56 -6068.94
-6296.03 -6068.94
-6532.28 -6068.94
-6455.44 -6068.94
-6507.14 -6068.94
-6583.35 -6068.94
-6693.31 -6068.94
-6634.49 -6068.94
-6391.57 -6068.94
-6434.94 -6068.94
-6406.47 -6068.94
-6508.92 -6068.94
-6483.45 -6068.94
-6426.95 -6068.94
-6172.42 -6068.94
-6552.32 -6068.94
-6295.61 -6068.94
-6517.52 -6068.94
-6597.74 -6068.94
-6377.07 -6068.94
-6699.27 -6068.94
-6180.87 -6068.94
-6542.09 -6068.94
-6746.78 -6068.94
-6606.26 -6068.94
-6287.06 -6068.94
-6456.91 -6068.94
-6541.36 -6068.94
-6529.42 -6068.94
-6070.40 -6068.94
-6234.57 -6068.94
-6175.26 -6068.94
-6658.68 -6068.94
-6966.41 -6068.94
-6929.96 -6068.94
-6807.48 -6068.94
-6864.03 -6068.94
