-10000.00 -10000.00
-2212.89 -10000.00
-2192.87 -2192.87
-2148.59 -2148.59
-2180.48 -2148.59
-2148.81 -2148.81
-2161.42 -2148.81
-2171.08 -2148.81
-2195.31 -2148.81
-2168.82 -2148.81
-2123.93 -2123.93
-2164.36 -2123.93
-2175.22 -2123.93
-2211.21 -2123.93
-2157.25 -2123.93
-2132.31 -2123.93
-2158.10 -2123.93
-2152.72 -2123.93
-2119.02 -2119.02
-2150.17 -2119.02
-2121.08 -2119.02
-2142.06 -2119.02
-2174.21 -2119.02
-2148.68 -2119.02
-2166.28 -2119.02
-2135.82 -2119.02
-2154.48 -2119.02
-2113.00 -2113.00
-2171.82 -2113.00
-2143.43 -2113.00
-2143.14 -2113.00
-2145.86 -2113.00
-2143.40 -2113.00
-2129.59 -2113.00
-2164.80 -2113.00
-2131.23 -2113.00
-2136.60 -2113.00
-2141.14 -2113.00
-2109.85 -2109.85
-2108.62 -2108.62
-2104.93 -2104.93
-2113.21 -2104.93
-2136.19 -2104.93
-2116.52 -2104.93
-2118.44 -2104.93
-2166.58 -2104.93
-2125.56 -2104.93
-2124.03 -2104.93
-2130.57 -2104.93
-2081.87 -2081.87
-2087.50 -2081.87
-2086.55 -2081.87
-2079.16 -2079.16
-2054.97 -2054.97
-2073.19 -2054.97
-2011.96 -2011.96
-2068.78 -2011.96
-2069.41 -2011.96
-2133.18 -2011.96
-2043.39 -2011.96
-2121.25 -2011.96
-2027.48 -2011.96
-2054.62 -2011.96
-2091.64 -2011.96
-2079.44 -2011.96
-2082.58 -2011.96
-2092.00 -2011.96
-2103.10 -2011.96
-2108.97 -2011.96
-2066.08 -2011.96
-2065.96 -2011.96
-2041.79 -2011.96
-2058.32 -2011.96
-2081.13 -2011.96
-2064.40 -2011.96
-2105.62 -2011.96
-2102.95 -2011.96
-2080.07 -2011.96
-2063.75 -2011.96
-1958.98 -1958.98
-2119.88 -1958.98
-2014.42 -1958.98
-2109.07 -1958.98
-2017.41 -1958.98
-2009.08 -1958.98
-2144.80 -1958.98
-2052.26 -1958.98
-2085.24 -1958.98
-2064.28 -1958.98
-2100.86 -1958.98
-2082.32 -1958.98
-2014.20 -1958.98
-1979.87 -1958.98
-2034.23 -1958.98
-2128.87 -1958.98
-2082.37 -1958.98
-2009.94 -1958.98
-2062.27 -1958.98
-2077.29 -1958.98
-2014.49 -1958.98
-2092.86 -1958.98
-1988.94 -1958.98
-2081.19 -1958.98
-2076.22 -1958.98
-2026.72 -1958.98
-2082.99 -1958.98
-2032.54 -1958.98
-2098.14 -1958.98
-2039.54 -1958.98
-1997.59 -1958.98
-2055.91 -1958.98
-2106.35 -1958.98
-2139.64 -1958.98
-2109.46 -1958.98
-2078.95 -1958.98
-2003.83 -1958.98
-2026.98 -1958.98
-2131.32 -1958.98
-2124.18 -1958.98
-2031.01 -1958.98
-2023.90 -1958.98
-2047.95 -1958.98
-2078.23 -1958.98
-1990.46 -1958.98
-2071.99 -1958.98
-2108.45 -1958.98
-2066.03 -1958.98
-1976.44 -1958.98
-2070.46 -1958.98
-2033.99 -1958.98
-2085.18 -1958.98
-2055.26 -1958.98
-2026.20 -1958.98
-2008.87 -1958.98
-2049.71 -1958.98
-2034.52 -1958.98
-2043.28 -1958.98
-2008.67 -1958.98
-2051.36 -1958.98
-1953.85 -1953.85
-2002.24 -1953.85
-2039.47 -1953.85
-2135.78 -1953.85
-2007.52 -1953.85
-2101.94 -1953.85
-2130.40 -1953.85
-2135.65 -1953.85
-2000.36 -1953.85
-2021.88 -1953.85
-1963.03 -1953.85
-2057.94 -1953.85
-2046.91 -1953.85
-2117.38 -1953.85
-2068.44 -1953.85
-2060.36 -1953.85
-1929.52 -1929.52
-2086.96 -1929.52
-2141.10 -1929.52
-2069.12 -1929.52
-1951.28 -1929.52
-2129.78 -1929.52
-2087.02 -1929.52
-2027.70 -1929.52
-2052.99 -1929.52
-2037.53 -1929.52
-2003.97 -1929.52
-2049.02 -1929.52
-2133.34 -1929.52
-2036.45 -1929.52
-2125.84 -1929.52
-2012.23 -1929.52
-2062.50 -1929.52
-2051.10 -1929.52
-2009.21 -1929.52
-2070.12 -1929.52
-2017.81 -1929.52
-2034.47 -1929.52
-1971.34 -1929.52
-2063.74 -1929.52
-1918.73 -1918.73
-2083.93 -1918.73
-2008.07 -1918.73
-1925.39 -1918.73
-2001.41 -1918.73
-2044.17 -1918.73
-2116.20 -1918.73
-1952.04 -1918.73
-2094.70 -1918.73
-2054.26 -1918.73
-2062.05 -1918.73
-2060.15 -1918.73
-1973.73 -1918.73
-2068.17 -1918.73
-2019.57 -1918.73
-2096.87 -1918.73
-2022.39 -1918.73
-1996.34 -1918.73
-1895.65 -1895.65
-2020.15 -1895.65
-1921.52 -1895.65
-2127.71 -1895.65
-1921.29 -1895.65
-2021.94 -1895.65
-2070.10 -1895.65
-1991.52 -1895.65
-2103.89 -1895.65
-2113.96 -1895.65
-2123.54 -1895.65
-1908.31 -1895.65
-2016.74 -1895.65
-2015.82 -1895.65
-2095.72 -1895.65
-2115.10 -1895.65
-2044.72 -1895.65
-1976.73 -1895.65
-2101.12 -1895.65
-2052.06 -1895.65
-2134.77 -1895.65
-2107.24 -1895.65
-1995.54 -1895.65
-2122.63 -1895.65
-2117.42 -1895.65
-2024.39 -1895.65
-2055.19 -1895.65
-2023.53 -1895.65
-2050.80 -1895.65
-1917.28 -1895.65
-2043.45 -1895.65
-2049.05 -1895.65
-1973.78 -1895.65
-2120.08 -1895.65
-2102.20 -1895.65
-2129.85 -1895.65
-2008.70 -1895.65
-1928.32 -1895.65
-2041.52 -1895.65
-2064.48 -1895.65
-1909.71 -1895.65
-1996.37 -1895.65
-2106.06 -1895.65
-2097.95 -1895.65
-2050.56 -1895.65
-1991.09 -1895.65
-2138.57 -1895.65
-2043.95 -1895.65
-1990.29 -1895.65
-1999.86 -1895.65
-2096.11 -1895.65
-2064.81 -1895.65
-2025.55 -1895.65
-1910.87 -1895.65
-2098.39 -1895.65
-1999.64 -1895.65
-2016.97 -1895.65
-2104.64 -1895.65
-2070.58 -1895.65
-2145.64 -1895.65
-2115.35 -1895.65
-1996.73 -1895.65
-1943.31 -1895.65
-2020.83 -1895.65
-1971.00 -1895.65
-1977.15 -1895.65
-1900.98 -1895.65
-1977.34 -1895.65
-1958.04 -1895.65
-1984.65 -1895.65
-2134.23 -1895.65
-2038.85 -1895.65
-1886.22 -1886.22
-2097.87 -1886.22
-2032.75 -1886.22
-2060.73 -1886.22
-1950.64 -1886.22
-1954.24 -1886.22
-2035.91 -1886.22
-2079.41 -1886.22
-1992.09 -1886.22
-1991.02 -1886.22
-2024.54 -1886.22
-1921.90 -1886.22
-1976.87 -1886.22
-2113.13 -1886.22
-2055.02 -1886.22
-2048.15 -1886.22
-1951.27 -1886.22
-2023.97 -1886.22
-2123.26 -1886.22
-2117.83 -1886.22
-2038.53 -1886.22
-2002.12 -1886.22
-2027.39 -1886.22
-2112.14 -1886.22
-2064.74 -1886.22
-1975.77 -1886.22
-2180.51 -1886.22
-1975.50 -1886.22
-2051.44 -1886.22
-1931.87 -1886.22
-2098.25 -1886.22
-1974.03 -1886.22
-2101.40 -1886.22
-1996.30 -1886.22
-2030.46 -1886.22
-1878.90 -1878.90
-1973.59 -1878.90
-1882.13 -1878.90
-2066.75 -1878.90
-2135.15 -1878.90
-1962.08 -1878.90
-2050.30 -1878.90
-2017.50 -1878.90
-2066.70 -1878.90
-2063.45 -1878.90
-1894.81 -1878.90
-2066.83 -1878.90
-2019.91 -1878.90
-1982.90 -1878.90
-2035.14 -1878.90
-2146.95 -1878.90
-2103.47 -1878.90
-2125.91 -1878.90
-2066.06 -1878.90
-1937.49 -1878.90
-2089.26 -1878.90
-2010.15 -1878.90
-2047.10 -1878.90
-1919.80 -1878.90
-2056.11 -1878.90
-1915.87 -1878.90
-1987.69 -1878.90
-1954.96 -1878.90
-1979.67 -1878.90
-2024.84 -1878.90
-2059.99 -1878.90
-2013.80 -1878.90
-2029.02 -1878.90
-1909.99 -1878.90
-1969.78 -1878.90
-2075.32 -1878.90
-1975.45 -1878.90
-1999.54 -1878.90
-2024.41 -1878.90
-2057.24 -1878.90
-2067.15 -1878.90
-2002.93 -1878.90
-2045.25 -1878.90
-1893.19 -1878.90
-2142.16 -1878.90
-2113.18 -1878.90
-1930.88 -1878.90
-1980.85 -1878.90
-2070.78 -1878.90
-1986.41 -1878.90
-2100.96 -1878.90
-2084.62 -1878.90
-2063.72 -1878.90
-2013.31 -1878.90
-2035.45 -1878.90
-2119.62 -1878.90
-1990.53 -1878.90
-1928.06 -1878.90
-1897.48 -1878.90
-1892.25 -1878.90
-2063.74 -1878.90
-2101.59 -1878.90
-2016.54 -1878.90
-2158.64 -1878.90
-2029.89 -1878.90
-2034.95 -1878.90
-1967.51 -1878.90
-1949.71 -1878.90
-1917.83 -1878.90
-2082.61 -1878.90
-2080.44 -1878.90
-1966.95 -1878.90
-2067.74 -1878.90
-2068.75 -1878.90
-2130.31 -1878.90
-1969.60 -1878.90
-2020.15 -1878.90
-2140.36 -1878.90
-1969.24 -1878.90
-1980.92 -1878.90
-2062.99 -1878.90
-1992.04 -1878.90
-2069.62 -1878.90
-2097.17 -1878.90
-2024.18 -1878.90
-2053.67 -1878.90
-1970.18 -1878.90
-1976.98 -1878.90
-2091.89 -1878.90
-1987.42 -1878.90
-1947.36 -1878.90
-2071.33 -1878.90
-1901.30 -1878.90
-2027.15 -1878.90
-1961.78 -1878.90
-2012.60 -1878.90
-2004.35 -1878.90
-1870.81 -1870.81
-2039.93 -1870.81
-2028.58 -1870.81
-2091.15 -1870.81
-2130.86 -1870.81
-2057.68 -1870.81
-1934.86 -1870.81
-2075.09 -1870.81
-2067.90 -1870.81
-1927.45 -1870.81
-2106.25 -1870.81
-2063.39 -1870.81
-1906.61 -1870.81
-2097.97 -1870.81
-2087.30 -1870.81
-2133.80 -1870.81
-1951.55 -1870.81
-2203.50 -2203.50
-2221.82 -2203.50
-2204.77 -2203.50
-2205.94 -2203.50
-2182.31 -2182.31
-2205.74 -2182.31
-2201.20 -2182.31
-2199.57 -2182.31
-2197.38 -2182.31
-2192.94 -2182.31
-2188.13 -2182.31
-2215.02 -2182.31
-2203.52 -2182.31
-2199.71 -2182.31
-2186.03 -2182.31
-2171.35 -2171.35
-2178.76 -2171.35
-2209.31 -2171.35
-2180.19 -2171.35
-2193.27 -2171.35
-2159.40 -2159.40
-2137.93 -2137.93
-2132.46 -2132.46
-2177.25 -2132.46
-2149.36 -2132.46
-2162.18 -2132.46
-2131.43 -2131.43
-2135.45 -2131.43
-2105.09 -2105.09
-2110.20 -2105.09
-2160.35 -2105.09
-2143.96 -2105.09
-2121.62 -2105.09
-2126.08 -2105.09
-2131.50 -2105.09
-2121.24 -2105.09
-2098.20 -2098.20
-2099.11 -2099.11
-2130.22 -2099.11
-2104.86 -2099.11
-2091.12 -2091.12
-2128.41 -2091.12
-2120.19 -2091.12
-2076.30 -2076.30
-2059.67 -2059.67
-2042.15 -2042.15
-2074.65 -2042.15
-2177.28 -2042.15
-2054.07 -2042.15
-2144.42 -2042.15
-2055.06 -2042.15
-2041.65 -2041.65
-2009.43 -2009.43
-2012.94 -2009.43
-2109.85 -2009.43
-1986.37 -1986.37
-2112.20 -1986.37
-2043.44 -1986.37
-2051.17 -1986.37
-2021.39 -1986.37
-2145.25 -1986.37
-2151.85 -1986.37
-2086.38 -1986.37
-2022.27 -1986.37
-2100.55 -1986.37
-2046.42 -1986.37
-2070.75 -1986.37
-2069.64 -1986.37
-2059.98 -1986.37
-2050.05 -1986.37
-2032.95 -1986.37
-2057.55 -1986.37
-2012.99 -1986.37
-2070.21 -1986.37
-2135.20 -1986.37
-1989.25 -1986.37
-2087.66 -1986.37
-1952.35 -1952.35
-2116.49 -1952.35
-2081.28 -1952.35
-2050.40 -1952.35
-2056.75 -1952.35
-2030.01 -1952.35
-2081.55 -1952.35
-2057.22 -1952.35
-1989.76 -1952.35
-1909.86 -1909.86
-2099.43 -1909.86
-2107.19 -1909.86
-1896.13 -1896.13
-2079.12 -1896.13
-1973.61 -1896.13
-2026.80 -1896.13
-2069.66 -1896.13
-2097.34 -1896.13
-2081.54 -1896.13
-2059.11 -1896.13
-1962.18 -1896.13
-1999.14 -1896.13
-2093.23 -1896.13
-2128.22 -1896.13
-2104.26 -1896.13
-2042.13 -1896.13
-2107.39 -1896.13
-2114.31 -1896.13
-1980.99 -1896.13
-2079.31 -1896.13
-2104.33 -1896.13
-2061.77 -1896.13
-1994.38 -1896.13
-2039.55 -1896.13
-2048.62 -1896.13
-2027.40 -1896.13
-1983.56 -1896.13
-2102.44 -1896.13
-1863.42 -1863.42
-1887.99 -1863.42
-2045.77 -1863.42
-2099.83 -1863.42
-2113.96 -1863.42
-1869.57 -1863.42
-2117.25 -1863.42
-1966.27 -1863.42
-2033.93 -1863.42
-2118.69 -1863.42
-2002.86 -1863.42
-2014.10 -1863.42
-1892.62 -1863.42
-1962.39 -1863.42
-1953.51 -1863.42
-2113.55 -1863.42
-2089.16 -1863.42
-2086.74 -1863.42
-1982.76 -1863.42
-1981.87 -1863.42
-1989.66 -1863.42
-2137.16 -1863.42
-2093.99 -1863.42
-1944.22 -1863.42
-2052.86 -1863.42
-2051.00 -1863.42
-2017.68 -1863.42
-2055.59 -1863.42
-2072.11 -1863.42
-1998.78 -1863.42
-2055.40 -1863.42
-1932.32 -1863.42
-1993.08 -1863.42
-1935.01 -1863.42
-2013.82 -1863.42
-2009.48 -1863.42
-2126.90 -1863.42
-1942.48 -1863.42
-2080.99 -1863.42
-1968.85 -1863.42
-1950.84 -1863.42
-1886.27 -1863.42
-2120.09 -1863.42
-2088.25 -1863.42
-1915.68 -1863.42
-2125.84 -1863.42
-2074.86 -1863.42
-2043.36 -1863.42
-2021.96 -1863.42
-1982.38 -1863.42
-2011.72 -1863.42
-2099.85 -1863.42
-2007.05 -1863.42
-2014.93 -1863.42
-1999.92 -1863.42
-1972.56 -1863.42
-2071.14 -1863.42
-1960.74 -1863.42
-2114.82 -1863.42
-1978.73 -1863.42
-2090.19 -1863.42
-2068.37 -1863.42
-1992.43 -1863.42
-2127.10 -1863.42
-2070.32 -1863.42
-2038.33 -1863.42
-2017.03 -1863.42
-2065.26 -1863.42
-2071.79 -1863.42
-2057.26 -1863.42
-2095.04 -1863.42
-2011.78 -1863.42
-2010.64 -1863.42
-2099.13 -1863.42
-2043.48 -1863.42
-2047.13 -1863.42
-1972.48 -1863.42
-1974.94 -1863.42
-2038.98 -1863.42
-2137.54 -1863.42
-2104.65 -1863.42
-2024.31 -1863.42
-2003.33 -1863.42
-2095.43 -1863.42
-2118.35 -1863.42
-1992.33 -1863.42
-1975.40 -1863.42
-2073.43 -1863.42
-2050.16 -1863.42
-2067.83 -1863.42
-2066.91 -1863.42
-2085.51 -1863.42
-2095.96 -1863.42
-2113.44 -1863.42
-2061.54 -1863.42
-1996.13 -1863.42
-2047.64 -1863.42
-2047.75 -1863.42
-2054.84 -1863.42
-2013.29 -1863.42
-2113.46 -1863.42
-1980.12 -1863.42
-2078.10 -1863.42
-2113.12 -1863.42
-2021.07 -1863.42
-2088.99 -1863.42
-2028.05 -1863.42
-2122.77 -1863.42
-2106.09 -1863.42
-1918.31 -1863.42
-1963.04 -1863.42
-1992.85 -1863.42
-2061.60 -1863.42
-2077.95 -1863.42
-2054.23 -1863.42
-2025.82 -1863.42
-2054.37 -1863.42
-2053.48 -1863.42
-2130.86 -1863.42
-1995.57 -1863.42
-2003.38 -1863.42
-2076.57 -1863.42
-2068.04 -1863.42
-2074.33 -1863.42
-2008.54 -1863.42
-2021.81 -1863.42
-1952.04 -1863.42
-2016.79 -1863.42
-2084.87 -1863.42
-2025.99 -1863.42
-1993.03 -1863.42
-1940.08 -1863.42
-2073.06 -1863.42
-1980.96 -1863.42
-1980.01 -1863.42
-1992.88 -1863.42
-1984.45 -1863.42
-2112.75 -1863.42
-2042.44 -1863.42
-2007.12 -1863.42
-1996.09 -1863.42
-2086.61 -1863.42
-2051.65 -1863.42
-2060.95 -1863.42
-2154.77 -1863.42
-2139.08 -1863.42
-1914.29 -1863.42
-2128.59 -1863.42
-2080.93 -1863.42
-2103.38 -1863.42
-2010.77 -1863.42
-2113.11 -1863.42
-2028.60 -1863.42
-2112.52 -1863.42
-2121.45 -1863.42
-2028.35 -1863.42
-1985.53 -1863.42
-2087.45 -1863.42
-2172.19 -1863.42
-1909.50 -1863.42
-2059.44 -1863.42
-2054.95 -1863.42
-2064.38 -1863.42
-1953.81 -1863.42
-2048.23 -1863.42
-1898.66 -1863.42
-2142.23 -1863.42
-2034.76 -1863.42
-2061.49 -1863.42
-2068.80 -1863.42
-2007.46 -1863.42
-2070.68 -1863.42
-1963.41 -1863.42
-2099.62 -1863.42
-2123.30 -1863.42
-2054.90 -1863.42
-2076.61 -1863.42
-1954.69 -1863.42
-1954.60 -1863.42
-2046.35 -1863.42
-2072.26 -1863.42
-2060.87 -1863.42
-2096.76 -1863.42
-2041.45 -1863.42
-2000.34 -1863.42
-2111.29 -1863.42
-1985.78 -1863.42
-2053.83 -1863.42
-2114.07 -1863.42
-2005.27 -1863.42
-2069.03 -1863.42
-1999.83 -1863.42
-2126.14 -1863.42
-2026.86 -1863.42
-1980.69 -1863.42
-2054.79 -1863.42
-2053.97 -1863.42
-2032.54 -1863.42
-2052.91 -1863.42
-2116.13 -1863.42
-1893.08 -1863.42
-2039.75 -1863.42
-2027.14 -1863.42
-2112.04 -1863.42
-1959.97 -1863.42
-2098.24 -1863.42
-2082.04 -1863.42
-2039.73 -1863.42
-2093.32 -1863.42
-2060.95 -1863.42
-2093.12 -1863.42
-2058.92 -1863.42
-2022.48 -1863.42
-2050.62 -1863.42
-1961.56 -1863.42
-1978.32 -1863.42
-2022.34 -1863.42
-2053.53 -1863.42
-2084.88 -1863.42
-2023.85 -1863.42
-1987.63 -1863.42
-1998.18 -1863.42
-2116.46 -1863.42
-1912.56 -1863.42
-1934.99 -1863.42
-1940.25 -1863.42
-1941.92 -1863.42
-2078.73 -1863.42
-2109.69 -1863.42
-2108.50 -1863.42
-1866.56 -1863.42
-2090.11 -1863.42
-1991.10 -1863.42
-2153.30 -1863.42
-2016.59 -1863.42
-1909.37 -1863.42
-2080.47 -1863.42
-1967.77 -1863.42
-2002.90 -1863.42
-1962.02 -1863.42
-1902.67 -1863.42
-2021.36 -1863.42
-2052.00 -1863.42
-1979.00 -1863.42
-2129.90 -1863.42
-2047.70 -1863.42
-2030.71 -1863.42
-2081.83 -1863.42
-2054.89 -1863.42
-1957.01 -1863.42
-1997.57 -1863.42
-2108.08 -1863.42
-2005.60 -1863.42
-1964.44 -1863.42
-2044.13 -1863.42
-2045.19 -1863.42
-2090.01 -1863.42
-1960.51 -1863.42
-1936.23 -1863.42
-2005.75 -1863.42
-2099.72 -1863.42
-2118.48 -1863.42
-1940.28 -1863.42
-2070.91 -1863.42
-1965.40 -1863.42
-2032.06 -1863.42
-1952.05 -1863.42
-2137.15 -1863.42
-2081.13 -1863.42
-2064.81 -1863.42
-2050.34 -1863.42
-2079.84 -1863.42
-2136.54 -1863.42
-2057.60 -1863.42
-2001.25 -1863.42
-2099.29 -1863.42
-2084.76 -1863.42
-2072.19 -1863.42
-1985.63 -1863.42
-2036.36 -1863.42
-1909.24 -1863.42
-1910.53 -1863.42
-2061.14 -1863.42
-2082.09 -1863.42
-2146.50 -1863.42
-2039.02 -1863.42
-2098.80 -1863.42
-2096.01 -1863.42
-1932.28 -1863.42
-2000.78 -1863.42
-2009.15 -1863.42
-1859.56 -1859.56
-1992.80 -1859.56
-2033.75 -1859.56
-2016.01 -1859.56
-1978.28 -1859.56
-2106.87 -1859.56
-2124.05 -1859.56
-2118.92 -1859.56
-2043.42 -1859.56
-2022.89 -1859.56
-2203.19 -2203.19
-2194.13 -2194.13
-2204.70 -2194.13
-2183.52 -2183.52
-2142.71 -2142.71
-2137.53 -2137.53
-2134.80 -2134.80
-2136.32 -2134.80
-2095.97 -2095.97
-2177.25 -2095.97
-2153.28 -2095.97
-2098.26 -2095.97
-2164.77 -2095.97
-2195.38 -2095.97
-2137.45 -2095.97
-2199.33 -2095.97
-2123.75 -2095.97
-2183.25 -2095.97
-2112.54 -2095.97
-2079.20 -2079.20
-2098.52 -2079.20
-2065.14 -2065.14
-2074.77 -2065.14
-2093.35 -2065.14
-2098.93 -2065.14
-2113.17 -2065.14
-2101.25 -2065.14
-2094.76 -2065.14
-2049.50 -2049.50
-2086.35 -2049.50
-2123.74 -2049.50
-2110.53 -2049.50
-2048.53 -2048.53
-2046.32 -2046.32
-2097.44 -2046.32
-2110.36 -2046.32
-2105.99 -2046.32
-2088.24 -2046.32
-2082.50 -2046.32
-2068.90 -2046.32
-2081.60 -2046.32
-2086.11 -2046.32
-2054.78 -2046.32
-2065.85 -2046.32
-2022.07 -2022.07
-2053.86 -2022.07
-2090.66 -2022.07
-2076.23 -2022.07
-2018.06 -2018.06
-2092.19 -2018.06
-2071.81 -2018.06
-2122.92 -2018.06
-2116.03 -2018.06
-2112.49 -2018.06
-1969.29 -1969.29
-2076.20 -1969.29
-2114.78 -1969.29
-2061.85 -1969.29
-1918.87 -1918.87
-2015.62 -1918.87
-2030.52 -1918.87
-2065.96 -1918.87
-1940.46 -1918.87
-2042.98 -1918.87
-2060.20 -1918.87
-2041.79 -1918.87
-2108.66 -1918.87
-1930.71 -1918.87
-2024.93 -1918.87
-2000.25 -1918.87
-2009.69 -1918.87
-2007.18 -1918.87
-2041.14 -1918.87
-2122.75 -1918.87
-2101.84 -1918.87
-1960.77 -1918.87
-1987.49 -1918.87
-2111.12 -1918.87
-1980.00 -1918.87
-2014.13 -1918.87
-2052.35 -1918.87
-2029.14 -1918.87
-2139.07 -1918.87
-1997.36 -1918.87
-1976.00 -1918.87
-2044.37 -1918.87
-2056.74 -1918.87
-2063.01 -1918.87
-1972.86 -1918.87
-2085.36 -1918.87
-2036.44 -1918.87
-2017.58 -1918.87
-2075.07 -1918.87
-1992.29 -1918.87
-2056.60 -1918.87
-2084.10 -1918.87
-1984.42 -1918.87
-2033.84 -1918.87
-2044.43 -1918.87
-2105.51 -1918.87
-2020.51 -1918.87
-2090.76 -1918.87
-1968.74 -1918.87
-2042.05 -1918.87
-2113.79 -1918.87
-2087.52 -1918.87
-2031.80 -1918.87
-2002.95 -1918.87
-1990.13 -1918.87
-2027.86 -1918.87
-1935.32 -1918.87
-1995.56 -1918.87
-1967.12 -1918.87
-2044.01 -1918.87
-1979.42 -1918.87
-2121.16 -1918.87
-1972.00 -1918.87
-2081.89 -1918.87
-2033.50 -1918.87
-1961.85 -1918.87
-2026.24 -1918.87
-2129.93 -1918.87
-2019.41 -1918.87
-2133.62 -1918.87
-1966.79 -1918.87
-2040.90 -1918.87
-2050.71 -1918.87
-2061.33 -1918.87
-1972.13 -1918.87
-2110.07 -1918.87
-1983.51 -1918.87
-2006.76 -1918.87
-2033.37 -1918.87
-2055.09 -1918.87
-2116.59 -1918.87
-2080.78 -1918.87
-2099.92 -1918.87
-1874.94 -1874.94
-2085.36 -1874.94
-2091.71 -1874.94
-2075.79 -1874.94
-2136.99 -1874.94
-2067.32 -1874.94
-1971.19 -1874.94
-2011.65 -1874.94
-2102.10 -1874.94
-2041.14 -1874.94
-2084.55 -1874.94
-2034.83 -1874.94
-2038.32 -1874.94
-1893.30 -1874.94
-2026.55 -1874.94
-2089.55 -1874.94
-2000.50 -1874.94
-2043.47 -1874.94
-1966.61 -1874.94
-2033.52 -1874.94
-2035.04 -1874.94
-2075.18 -1874.94
-2047.31 -1874.94
-1950.08 -1874.94
-1913.15 -1874.94
-1988.81 -1874.94
-1961.85 -1874.94
-1949.25 -1874.94
-2032.68 -1874.94
-2135.83 -1874.94
-2122.75 -1874.94
-1922.55 -1874.94
-2057.01 -1874.94
-2001.11 -1874.94
-2115.92 -1874.94
-2071.58 -1874.94
-2195.02 -1874.94
-2089.88 -1874.94
-2008.06 -1874.94
-2073.50 -1874.94
-1986.35 -1874.94
-2079.50 -1874.94
-2125.34 -1874.94
-1982.36 -1874.94
-1970.53 -1874.94
-2066.86 -1874.94
-2088.00 -1874.94
-2089.09 -1874.94
-2116.09 -1874.94
-2120.25 -1874.94
-1909.15 -1874.94
-2055.03 -1874.94
-2095.58 -1874.94
-2056.40 -1874.94
-2108.66 -1874.94
-2066.27 -1874.94
-1968.95 -1874.94
-2091.80 -1874.94
-2021.47 -1874.94
-1969.84 -1874.94
-2005.35 -1874.94
-2063.34 -1874.94
-2088.14 -1874.94
-2050.21 -1874.94
-2005.31 -1874.94
-2079.83 -1874.94
-2092.47 -1874.94
-2064.43 -1874.94
-2119.17 -1874.94
-2006.04 -1874.94
-1979.02 -1874.94
-2125.29 -1874.94
-1958.83 -1874.94
-2005.57 -1874.94
-2070.13 -1874.94
-2078.15 -1874.94
-2006.05 -1874.94
-1967.60 -1874.94
-2118.58 -1874.94
-2139.86 -1874.94
-2090.61 -1874.94
-2062.45 -1874.94
-2127.18 -1874.94
-2030.68 -1874.94
-2015.50 -1874.94
-2133.23 -1874.94
-1987.34 -1874.94
-2092.93 -1874.94
-2074.47 -1874.94
-2114.79 -1874.94
-2036.02 -1874.94
-1963.86 -1874.94
-2024.93 -1874.94
-2098.40 -1874.94
-2102.94 -1874.94
-1972.56 -1874.94
-2087.89 -1874.94
-2035.90 -1874.94
-1945.40 -1874.94
-2075.70 -1874.94
-1959.65 -1874.94
-2076.05 -1874.94
-2017.93 -1874.94
-2025.17 -1874.94
-2104.85 -1874.94
-2072.94 -1874.94
-1999.11 -1874.94
-2129.65 -1874.94
-2058.09 -1874.94
-2055.15 -1874.94
-1939.61 -1874.94
-1968.01 -1874.94
-2047.78 -1874.94
-2026.13 -1874.94
-2103.52 -1874.94
-2056.88 -1874.94
-1950.21 -1874.94
-2097.48 -1874.94
-1991.50 -1874.94
-2023.43 -1874.94
-1998.12 -1874.94
-2011.74 -1874.94
-2006.27 -1874.94
-2019.02 -1874.94
-2090.98 -1874.94
-2019.22 -1874.94
-2112.00 -1874.94
-2092.18 -1874.94
-2082.44 -1874.94
-2092.66 -1874.94
-2109.00 -1874.94
-2059.65 -1874.94
-2140.88 -1874.94
-1965.76 -1874.94
-2063.02 -1874.94
-2045.28 -1874.94
-2087.79 -1874.94
-2100.43 -1874.94
-2046.79 -1874.94
-2042.78 -1874.94
-2025.98 -1874.94
-1994.97 -1874.94
-1875.54 -1875.54
-2092.16 -1875.54
-1978.16 -1875.54
-2050.19 -1875.54
-1996.41 -1875.54
-2110.64 -1875.54
-2040.43 -1875.54
-2037.39 -1875.54
-2113.72 -1875.54
-1934.02 -1875.54
-2026.04 -1875.54
-2119.65 -1875.54
-2090.85 -1875.54
-2049.95 -1875.54
-2117.17 -1875.54
-2177.51 -1875.54
-2033.25 -1875.54
-2029.09 -1875.54
-2057.78 -1875.54
-2042.05 -1875.54
-1955.34 -1875.54
-2002.02 -1875.54
-2023.19 -1875.54
-1890.33 -1875.54
-2093.70 -1875.54
-2011.67 -1875.54
-2119.18 -1875.54
-2084.50 -1875.54
-2097.01 -1875.54
-1945.85 -1875.54
-2089.93 -1875.54
-2107.29 -1875.54
-2063.07 -1875.54
-1989.48 -1875.54
-2017.00 -1875.54
-1939.26 -1875.54
-2041.83 -1875.54
-1969.54 -1875.54
-2009.75 -1875.54
-1847.79 -1847.79
-1983.97 -1847.79
-1861.99 -1847.79
-1904.49 -1847.79
-2007.33 -1847.79
-2045.49 -1847.79
-1989.31 -1847.79
-1969.92 -1847.79
-2019.95 -1847.79
-2073.15 -1847.79
-2095.72 -1847.79
-1889.16 -1847.79
-2162.23 -1847.79
-1972.01 -1847.79
-2056.68 -1847.79
-2094.24 -1847.79
-2109.52 -1847.79
-1947.04 -1847.79
-2074.50 -1847.79
-1982.97 -1847.79
-2029.59 -1847.79
-2096.58 -1847.79
-2064.67 -1847.79
-2056.77 -1847.79
-2020.01 -1847.79
-2052.15 -1847.79
-1954.28 -1847.79
-2002.92 -1847.79
-2066.81 -1847.79
-1965.32 -1847.79
-2055.06 -1847.79
-1950.58 -1847.79
-1907.90 -1847.79
-2102.70 -1847.79
-1936.76 -1847.79
-1930.42 -1847.79
-2119.61 -1847.79
-1982.38 -1847.79
-1972.45 -1847.79
-2014.55 -1847.79
-2103.04 -1847.79
-1995.87 -1847.79
-2021.82 -1847.79
-2076.90 -1847.79
-1760.78 -1760.78
-1945.53 -1760.78
-2109.61 -1760.78
-2019.13 -1760.78
-2095.76 -1760.78
-1980.03 -1760.78
-2102.52 -1760.78
-1971.63 -1760.78
-2071.01 -1760.78
-2042.63 -1760.78
-2006.22 -1760.78
-2110.57 -1760.78
-2027.80 -1760.78
-2017.58 -1760.78
-2041.10 -1760.78
-1836.28 -1760.78
-2073.86 -1760.78
-2066.03 -1760.78
-2017.46 -1760.78
-2021.39 -1760.78
-1968.61 -1760.78
-2060.34 -1760.78
-1825.46 -1760.78
-2051.46 -1760.78
-2060.27 -1760.78
-1858.47 -1760.78
-2023.69 -1760.78
-1942.76 -1760.78
-2009.48 -1760.78
-2009.34 -1760.78
-1908.82 -1760.78
-1922.21 -1760.78
-1904.07 -1760.78
-1975.53 -1760.78
-1978.42 -1760.78
-2123.71 -1760.78
-2059.58 -1760.78
-2029.17 -1760.78
-2079.82 -1760.78
-1985.67 -1760.78
-1945.08 -1760.78
-1882.08 -1760.78
-2005.63 -1760.78
-2149.00 -1760.78
-1848.15 -1760.78
-1964.15 -1760.78
-2003.77 -1760.78
-2080.18 -1760.78
-2098.35 -1760.78
-1993.58 -1760.78
-2098.86 -1760.78
-2100.19 -1760.78
-2009.89 -1760.78
-2091.39 -1760.78
-2199.94 -2199.94
-2213.96 -2199.94
-2204.74 -2199.94
-2209.44 -2199.94
-2243.68 -2199.94
-2214.36 -2199.94
-2201.40 -2199.94
-2193.30 -2193.30
-2174.99 -2174.99
-2178.40 -2174.99
-2127.26 -2127.26
-2139.40 -2127.26
-2125.79 -2125.79
-2124.67 -2124.67
-2087.93 -2087.93
-2118.99 -2087.93
-2102.47 -2087.93
-2114.89 -2087.93
-2071.99 -2071.99
-2108.00 -2071.99
-2130.86 -2071.99
-2122.68 -2071.99
-2088.05 -2071.99
-2101.54 -2071.99
-2166.23 -2071.99
-2116.70 -2071.99
-2115.68 -2071.99
-2087.12 -2071.99
-2140.39 -2071.99
-2126.77 -2071.99
-2111.03 -2071.99
-2053.67 -2053.67
-2116.93 -2053.67
-2085.04 -2053.67
-2123.93 -2053.67
-2050.94 -2050.94
-2032.14 -2032.14
-2029.16 -2029.16
-2100.70 -2029.16
-2058.27 -2029.16
-2102.87 -2029.16
-2109.51 -2029.16
-2069.47 -2029.16
-1997.76 -1997.76
-2080.68 -1997.76
-2105.68 -1997.76
-2052.58 -1997.76
-2037.81 -1997.76
-2025.67 -1997.76
-2077.92 -1997.76
-2092.38 -1997.76
-2026.70 -1997.76
-2010.65 -1997.76
-2021.16 -1997.76
-1992.28 -1992.28
-2102.33 -1992.28
-2091.18 -1992.28
-2061.56 -1992.28
-2056.59 -1992.28
-2115.01 -1992.28
-2097.81 -1992.28
-2141.06 -1992.28
-2104.64 -1992.28
-2008.34 -1992.28
-2124.02 -1992.28
-2010.40 -1992.28
-2036.90 -1992.28
-2088.37 -1992.28
-2132.91 -1992.28
-2118.75 -1992.28
-2031.60 -1992.28
-2014.12 -1992.28
-2053.07 -1992.28
-2063.10 -1992.28
-2094.52 -1992.28
-2093.92 -1992.28
-2013.51 -1992.28
-1973.68 -1973.68
-2033.71 -1973.68
-2055.63 -1973.68
-2040.95 -1973.68
-2111.56 -1973.68
-2054.83 -1973.68
-2092.34 -1973.68
-2002.76 -1973.68
-2021.21 -1973.68
-2076.48 -1973.68
-2150.97 -1973.68
-1966.70 -1966.70
-1990.78 -1966.70
-2072.53 -1966.70
-1992.43 -1966.70
-2055.09 -1966.70
-2098.85 -1966.70
-2046.18 -1966.70
-2055.57 -1966.70
-2112.15 -1966.70
-2147.46 -1966.70
-2055.40 -1966.70
-2157.18 -1966.70
-2012.76 -1966.70
-1985.51 -1966.70
-2030.87 -1966.70
-2028.31 -1966.70
-2061.26 -1966.70
-2050.09 -1966.70
-2100.80 -1966.70
-2122.86 -1966.70
-2097.21 -1966.70
-2053.21 -1966.70
-2117.46 -1966.70
-2003.60 -1966.70
-2007.10 -1966.70
-2056.42 -1966.70
-2121.04 -1966.70
-2106.12 -1966.70
-2026.59 -1966.70
-2099.83 -1966.70
-2096.49 -1966.70
-2071.09 -1966.70
-2098.13 -1966.70
-2057.00 -1966.70
-2112.41 -1966.70
-2134.29 -1966.70
-2091.26 -1966.70
-2045.40 -1966.70
-2005.75 -1966.70
-2050.51 -1966.70
-1983.38 -1966.70
-2082.12 -1966.70
-2039.02 -1966.70
-2146.05 -1966.70
-2040.14 -1966.70
-2083.45 -1966.70
-2009.20 -1966.70
-2045.53 -1966.70
-2002.25 -1966.70
-2092.19 -1966.70
-1987.34 -1966.70
-2100.53 -1966.70
-2007.46 -1966.70
-2030.55 -1966.70
-2065.50 -1966.70
-2075.41 -1966.70
-2091.58 -1966.70
-2032.22 -1966.70
-2022.29 -1966.70
-1989.54 -1966.70
-1969.37 -1966.70
-2020.11 -1966.70
-2068.30 -1966.70
-2068.84 -1966.70
-2113.79 -1966.70
-2066.16 -1966.70
-2004.19 -1966.70
-2105.25 -1966.70
-2052.81 -1966.70
-2010.66 -1966.70
-2035.93 -1966.70
-2052.74 -1966.70
-2022.39 -1966.70
-2047.47 -1966.70
-2072.34 -1966.70
-2149.14 -1966.70
-2052.42 -1966.70
-2056.31 -1966.70
-2144.56 -1966.70
-2071.64 -1966.70
-2092.35 -1966.70
-2009.40 -1966.70
-2124.27 -1966.70
-2032.08 -1966.70
-1968.99 -1966.70
-2121.83 -1966.70
-1974.57 -1966.70
-2027.72 -1966.70
-2087.46 -1966.70
-1947.29 -1947.29
-2109.80 -1947.29
-1943.63 -1943.63
-2022.24 -1943.63
-2114.17 -1943.63
-2087.30 -1943.63
-2048.06 -1943.63
-2120.13 -1943.63
-2084.27 -1943.63
-2077.65 -1943.63
-2099.09 -1943.63
-2075.47 -1943.63
-2059.38 -1943.63
-2090.31 -1943.63
-1983.26 -1943.63
-2131.27 -1943.63
-2029.48 -1943.63
-2001.80 -1943.63
-2073.81 -1943.63
-2038.24 -1943.63
-2064.31 -1943.63
-2009.58 -1943.63
-2004.69 -1943.63
-2130.58 -1943.63
-2039.65 -1943.63
-2010.98 -1943.63
-2094.68 -1943.63
-2003.13 -1943.63
-2021.95 -1943.63
-1946.49 -1943.63
-2016.38 -1943.63
-1978.95 -1943.63
-1996.47 -1943.63
-1986.72 -1943.63
-2066.79 -1943.63
-1991.34 -1943.63
-2071.06 -1943.63
-2090.90 -1943.63
-2010.50 -1943.63
-2141.62 -1943.63
-2005.76 -1943.63
-1993.00 -1943.63
-1948.09 -1943.63
-2081.36 -1943.63
-2057.22 -1943.63
-2052.29 -1943.63
-2070.75 -1943.63
-2063.72 -1943.63
-2055.76 -1943.63
-2074.64 -1943.63
-2019.05 -1943.63
-2067.19 -1943.63
-2163.87 -1943.63
-2044.16 -1943.63
-2096.84 -1943.63
-2139.42 -1943.63
-2166.02 -1943.63
-1990.76 -1943.63
-2032.39 -1943.63
-2077.94 -1943.63
-2125.83 -1943.63
-2070.79 -1943.63
-2104.58 -1943.63
-2030.57 -1943.63
-2084.16 -1943.63
-1988.34 -1943.63
-2110.58 -1943.63
-1987.15 -1943.63
-2007.41 -1943.63
-2088.05 -1943.63
-2130.00 -1943.63
-2052.41 -1943.63
-2073.89 -1943.63
-2010.15 -1943.63
-2076.05 -1943.63
-2018.23 -1943.63
-2015.29 -1943.63
-2060.80 -1943.63
-2119.05 -1943.63
-1978.90 -1943.63
-1995.01 -1943.63
-2015.99 -1943.63
-2041.73 -1943.63
-2015.82 -1943.63
-2055.56 -1943.63
-1985.13 -1943.63
-2083.83 -1943.63
-1990.77 -1943.63
-2059.27 -1943.63
-2052.13 -1943.63
-2068.56 -1943.63
-2131.17 -1943.63
-2042.53 -1943.63
-2020.44 -1943.63
-2005.55 -1943.63
-2147.77 -1943.63
-2057.48 -1943.63
-2112.87 -1943.63
-2015.81 -1943.63
-2119.67 -1943.63
-1977.88 -1943.63
-2127.51 -1943.63
-2042.91 -1943.63
-2077.61 -1943.63
-2141.52 -1943.63
-1961.59 -1943.63
-2107.42 -1943.63
-2008.90 -1943.63
-2072.35 -1943.63
-2038.16 -1943.63
-1976.42 -1943.63
-2012.93 -1943.63
-1993.38 -1943.63
-1997.04 -1943.63
-1994.68 -1943.63
-1992.34 -1943.63
-2044.11 -1943.63
-2031.85 -1943.63
-2003.41 -1943.63
-2026.60 -1943.63
-2018.13 -1943.63
-2057.88 -1943.63
-1981.07 -1943.63
-2084.26 -1943.63
-2001.70 -1943.63
-2007.86 -1943.63
-2101.68 -1943.63
-2032.58 -1943.63
-2050.58 -1943.63
-2020.26 -1943.63
-2064.15 -1943.63
-2017.87 -1943.63
-2004.51 -1943.63
-2057.24 -1943.63
-2088.15 -1943.63
-2061.80 -1943.63
-1953.89 -1943.63
-2024.71 -1943.63
-2108.02 -1943.63
-2053.72 -1943.63
-2061.38 -1943.63
-2012.44 -1943.63
-2013.02 -1943.63
-2030.19 -1943.63
-2036.11 -1943.63
-2107.69 -1943.63
-2054.38 -1943.63
-2076.86 -1943.63
-2052.66 -1943.63
-2047.22 -1943.63
-2125.72 -1943.63
-2010.95 -1943.63
-2119.29 -1943.63
-2058.70 -1943.63
-2079.27 -1943.63
-2038.91 -1943.63
-2102.15 -1943.63
-2058.50 -1943.63
-2072.07 -1943.63
-2133.50 -1943.63
-2101.85 -1943.63
-1966.13 -1943.63
-2078.47 -1943.63
-2063.28 -1943.63
-1998.91 -1943.63
-2019.68 -1943.63
-1994.23 -1943.63
-2069.18 -1943.63
-1994.11 -1943.63
-2077.70 -1943.63
-2110.51 -1943.63
-2029.28 -1943.63
-2031.54 -1943.63
-2182.63 -1943.63
-2026.64 -1943.63
-2128.09 -1943.63
-1961.39 -1943.63
-2137.50 -1943.63
-2008.79 -1943.63
-2119.11 -1943.63
-1959.97 -1943.63
-2162.60 -1943.63
-1982.08 -1943.63
-2135.09 -1943.63
-2138.36 -1943.63
-2067.23 -1943.63
-1993.68 -1943.63
-2049.38 -1943.63
-2003.77 -1943.63
-2186.46 -1943.63
-2068.14 -1943.63
-2023.10 -1943.63
-2033.37 -1943.63
-2070.80 -1943.63
-2015.99 -1943.63
-2034.61 -1943.63
-2090.50 -1943.63
-1967.65 -1943.63
-2012.68 -1943.63
-2154.88 -1943.63
-2117.23 -1943.63
-2108.04 -1943.63
-2037.70 -1943.63
-2111.14 -1943.63
-2074.35 -1943.63
-2128.19 -1943.63
-2105.10 -1943.63
-2109.00 -1943.63
-1997.39 -1943.63
-2021.79 -1943.63
-1994.98 -1943.63
-2029.92 -1943.63
-2077.11 -1943.63
-2047.27 -1943.63
-2027.02 -1943.63
-2018.76 -1943.63
-2090.48 -1943.63
-1998.24 -1943.63
-2081.77 -1943.63
-2042.30 -1943.63
-2138.92 -1943.63
-2059.63 -1943.63
-1988.71 -1943.63
-2106.78 -1943.63
-2082.69 -1943.63
-2038.67 -1943.63
-2026.93 -1943.63
-2086.75 -1943.63
-2001.76 -1943.63
-1987.48 -1943.63
-1999.69 -1943.63
-1989.69 -1943.63
-2055.04 -1943.63
-2050.03 -1943.63
-2128.55 -1943.63
-2125.26 -1943.63
-2138.59 -1943.63
-2002.75 -1943.63
-2042.93 -1943.63
-2220.58 -2220.58
-2196.60 -2196.60
-2200.56 -2196.60
-2184.98 -2184.98
-2163.41 -2163.41
-2190.59 -2163.41
-2185.52 -2163.41
-2154.94 -2154.94
-2173.21 -2154.94
-2144.16 -2144.16
-2143.32 -2143.32
-2152.62 -2143.32
-2121.70 -2121.70
-2201.30 -2121.70
-2146.71 -2121.70
-2125.80 -2121.70
-2156.30 -2121.70
-2077.54 -2077.54
-2141.15 -2077.54
-2160.53 -2077.54
-2176.93 -2077.54
-2153.87 -2077.54
-2117.49 -2077.54
-2138.46 -2077.54
-2141.47 -2077.54
-2112.39 -2077.54
-2124.16 -2077.54
-2155.80 -2077.54
-2138.50 -2077.54
-2112.97 -2077.54
-2149.69 -2077.54
-2115.55 -2077.54
-2150.11 -2077.54
-2126.67 -2077.54
-2159.71 -2077.54
-2145.61 -2077.54
-2179.70 -2077.54
-2158.77 -2077.54
-2147.22 -2077.54
-2123.50 -2077.54
-2157.94 -2077.54
-2122.15 -2077.54
-2056.98 -2056.98
-2096.38 -2056.98
-2069.74 -2056.98
-2086.85 -2056.98
-2087.93 -2056.98
-2046.22 -2046.22
-2180.82 -2046.22
-2019.71 -2019.71
-2113.10 -2019.71
-2102.59 -2019.71
-2132.52 -2019.71
-2003.45 -2003.45
-2084.73 -2003.45
-2137.25 -2003.45
-2074.05 -2003.45
-2097.01 -2003.45
-2084.06 -2003.45
-2028.70 -2003.45
-2167.86 -2003.45
-2024.73 -2003.45
-2079.66 -2003.45
-2129.98 -2003.45
-2090.56 -2003.45
-2121.80 -2003.45
-2006.43 -2003.45
-2035.55 -2003.45
-2059.02 -2003.45
-2109.30 -2003.45
-2086.45 -2003.45
-2101.12 -2003.45
-2019.19 -2003.45
-2111.43 -2003.45
-2082.72 -2003.45
-2153.22 -2003.45
-2087.76 -2003.45
-2018.92 -2003.45
-2154.30 -2003.45
-2035.90 -2003.45
-2027.47 -2003.45
-2166.26 -2003.45
-2148.79 -2003.45
-2018.78 -2003.45
-2110.73 -2003.45
-2032.71 -2003.45
-2096.31 -2003.45
-2190.68 -2003.45
-2035.00 -2003.45
-2117.51 -2003.45
-2063.43 -2003.45
-2090.54 -2003.45
-2080.40 -2003.45
-2084.61 -2003.45
-2150.60 -2003.45
-2092.21 -2003.45
-2104.99 -2003.45
-2137.11 -2003.45
-2119.69 -2003.45
-2087.80 -2003.45
-2094.57 -2003.45
-2053.49 -2003.45
-2059.93 -2003.45
-2115.18 -2003.45
-1988.37 -1988.37
-2024.96 -1988.37
-2014.89 -1988.37
-2004.48 -1988.37
-2069.35 -1988.37
-2018.48 -1988.37
-1987.74 -1987.74
-2138.18 -1987.74
-2100.85 -1987.74
-2021.36 -1987.74
-2131.59 -1987.74
-2033.93 -1987.74
-2174.35 -1987.74
-2038.57 -1987.74
-1981.12 -1981.12
-2030.85 -1981.12
-2033.31 -1981.12
-2011.85 -1981.12
-2014.39 -1981.12
-2059.67 -1981.12
-2054.75 -1981.12
-2086.24 -1981.12
-2071.50 -1981.12
-2010.65 -1981.12
-2045.43 -1981.12
-2047.79 -1981.12
-1992.54 -1981.12
-2036.51 -1981.12
-2039.52 -1981.12
-2138.80 -1981.12
-2085.98 -1981.12
-1984.62 -1981.12
-2125.19 -1981.12
-2144.24 -1981.12
-2067.44 -1981.12
-2110.16 -1981.12
-2124.68 -1981.12
-2076.06 -1981.12
-1994.80 -1981.12
-1976.56 -1976.56
-2030.69 -1976.56
-2068.43 -1976.56
-2091.88 -1976.56
-2042.72 -1976.56
-2010.14 -1976.56
-2077.06 -1976.56
-2096.95 -1976.56
-2110.77 -1976.56
-2161.56 -1976.56
-2101.09 -1976.56
-2168.35 -1976.56
-2005.91 -1976.56
-2156.91 -1976.56
-2061.54 -1976.56
-2037.94 -1976.56
-2121.00 -1976.56
-2113.73 -1976.56
-2122.25 -1976.56
-2115.89 -1976.56
-2089.56 -1976.56
-2098.86 -1976.56
-2081.10 -1976.56
-1985.66 -1976.56
-2033.20 -1976.56
-2107.52 -1976.56
-1989.84 -1976.56
-1997.98 -1976.56
-2115.32 -1976.56
-2074.16 -1976.56
-2060.67 -1976.56
-2000.47 -1976.56
-2010.58 -1976.56
-2126.72 -1976.56
-2096.57 -1976.56
-2041.56 -1976.56
-2099.33 -1976.56
-2129.69 -1976.56
-2019.62 -1976.56
-2030.44 -1976.56
-2099.83 -1976.56
-2116.11 -1976.56
-2135.21 -1976.56
-2067.38 -1976.56
-2074.72 -1976.56
-2105.68 -1976.56
-2067.44 -1976.56
-2064.32 -1976.56
-2055.10 -1976.56
-1965.60 -1965.60
-1964.28 -1964.28
-2033.78 -1964.28
-2100.66 -1964.28
-2037.98 -1964.28
-2094.79 -1964.28
-2021.66 -1964.28
-2002.02 -1964.28
-2101.43 -1964.28
-2115.66 -1964.28
-2105.64 -1964.28
-2066.62 -1964.28
-2040.13 -1964.28
-1995.96 -1964.28
-2074.04 -1964.28
-2111.67 -1964.28
-1966.84 -1966.84
-2081.15 -1966.84
-2096.70 -1966.84
-2050.28 -1966.84
-1958.00 -1958.00
-1933.58 -1933.58
-1976.83 -1933.58
-1896.93 -1896.93
-2045.17 -1896.93
-1970.39 -1896.93
-1928.84 -1896.93
-2007.81 -1896.93
-1920.72 -1896.93
-2026.15 -1896.93
-2101.87 -1896.93
-2156.76 -1896.93
-2112.61 -1896.93
-1910.16 -1896.93
-1973.40 -1896.93
-1969.10 -1896.93
-2118.33 -1896.93
-2039.64 -1896.93
-2073.50 -1896.93
-2119.66 -1896.93
-2034.04 -1896.93
-2019.48 -1896.93
-1997.96 -1896.93
-2039.87 -1896.93
-2155.88 -1896.93
-2093.99 -1896.93
-2024.10 -1896.93
-2031.57 -1896.93
-1940.45 -1896.93
-2132.93 -1896.93
-1968.17 -1896.93
-2116.21 -1896.93
-1998.51 -1896.93
-2009.48 -1896.93
-2024.68 -1896.93
-2022.32 -1896.93
-1929.98 -1896.93
-2103.19 -1896.93
-1945.90 -1896.93
-2046.21 -1896.93
-1985.15 -1896.93
-1971.95 -1896.93
-1984.09 -1896.93
-2073.40 -1896.93
-2113.84 -1896.93
-2055.10 -1896.93
-1961.84 -1896.93
-2063.17 -1896.93
-2076.02 -1896.93
-2115.12 -1896.93
-1987.21 -1896.93
-1999.21 -1896.93
-2059.32 -1896.93
-2007.85 -1896.93
-2084.86 -1896.93
-2039.96 -1896.93
-1867.29 -1867.29
-2076.86 -1867.29
-2074.97 -1867.29
-2110.00 -1867.29
-1973.95 -1867.29
-2101.60 -1867.29
-2039.77 -1867.29
-2026.59 -1867.29
-2031.70 -1867.29
-2130.12 -1867.29
-1983.32 -1867.29
-2098.48 -1867.29
-1971.35 -1867.29
-2115.10 -1867.29
-2012.12 -1867.29
-2016.80 -1867.29
-2074.89 -1867.29
-1949.90 -1867.29
-2060.98 -1867.29
-2008.76 -1867.29
-2069.03 -1867.29
-1954.59 -1867.29
-2103.90 -1867.29
-1901.66 -1867.29
-2017.72 -1867.29
-1894.93 -1867.29
-1919.42 -1867.29
-2109.76 -1867.29
-1937.97 -1867.29
-1912.53 -1867.29
-2054.94 -1867.29
-1871.68 -1867.29
-1953.32 -1867.29
-1909.16 -1867.29
-2021.89 -1867.29
-2024.74 -1867.29
-2038.80 -1867.29
-2110.85 -1867.29
-2021.50 -1867.29
-2095.41 -1867.29
-1956.77 -1867.29
-2112.77 -1867.29
-1937.08 -1867.29
-2022.47 -1867.29
-1986.75 -1867.29
-1879.17 -1867.29
-2111.16 -1867.29
-1929.28 -1867.29
-2002.59 -1867.29
-1966.74 -1867.29
-2098.37 -1867.29
-1992.13 -1867.29
-2056.42 -1867.29
-1957.97 -1867.29
-2058.40 -1867.29
-2026.64 -1867.29
-2060.48 -1867.29
-2089.58 -1867.29
-2007.76 -1867.29
-1949.93 -1867.29
-1897.15 -1867.29
-2120.07 -1867.29
-2079.32 -1867.29
-2054.46 -1867.29
-2124.63 -1867.29
-2018.52 -1867.29
-2061.75 -1867.29
-2104.77 -1867.29
-1982.67 -1867.29
-2024.62 -1867.29
-1876.62 -1867.29
-1978.29 -1867.29
-1962.77 -1867.29
-1952.99 -1867.29
-2068.19 -1867.29
-1963.18 -1867.29
-2025.21 -1867.29
-2141.46 -1867.29
-1973.88 -1867.29
-2083.19 -1867.29
-1976.37 -1867.29
-2106.69 -1867.29
-2079.01 -1867.29
-2043.61 -1867.29
-1986.71 -1867.29
-1965.64 -1867.29
-2078.62 -1867.29
-1907.27 -1867.29
-1963.83 -1867.29
-1953.18 -1867.29
-2021.68 -1867.29
-2076.83 -1867.29
-1897.52 -1867.29
-2067.13 -1867.29
-1931.56 -1867.29
-1882.72 -1867.29
-2104.92 -1867.29
-2059.63 -1867.29
-2112.97 -1867.29
-2096.33 -1867.29
-2084.54 -1867.29
-2099.29 -1867.29
-2129.91 -1867.29
-1963.43 -1867.29
-2097.61 -1867.29
-2029.04 -1867.29
-2045.44 -1867.29
-2017.29 -1867.29
-2017.11 -1867.29
-2042.45 -1867.29
-2018.76 -1867.29
-2090.82 -1867.29
-2024.72 -1867.29
-2101.68 -1867.29
-2083.38 -1867.29
-2023.73 -1867.29
-2036.56 -1867.29
-2043.25 -1867.29
-2094.56 -1867.29
-2093.78 -1867.29
-2014.19 -1867.29
-1935.31 -1867.29
-1959.32 -1867.29
-2141.81 -1867.29
-2028.75 -1867.29
-2015.31 -1867.29
-2085.62 -1867.29
-2000.81 -1867.29
-1867.65 -1867.65
-2104.05 -1867.65
-1975.28 -1867.65
-1978.27 -1867.65
-2106.62 -1867.65
-1946.82 -1867.65
-2036.71 -1867.65
-1950.06 -1867.65
-2092.76 -1867.65
-1951.84 -1867.65
-2036.92 -1867.65
-1915.32 -1867.65
-2111.90 -1867.65
-2083.02 -1867.65
-2030.68 -1867.65
-2008.15 -1867.65
-2037.35 -1867.65
-2038.35 -1867.65
-2071.59 -1867.65
-2119.14 -1867.65
-2191.17 -2191.17
-2211.49 -2191.17
-2197.46 -2191.17
-2183.37 -2183.37
-2186.44 -2183.37
-2195.01 -2183.37
-2171.81 -2171.81
-2161.94 -2161.94
-2200.98 -2161.94
-2179.94 -2161.94
-2196.64 -2161.94
-2211.15 -2161.94
-2173.62 -2161.94
-2183.79 -2161.94
-2162.93 -2161.94
-2194.42 -2161.94
-2198.69 -2161.94
-2178.89 -2161.94
-2184.79 -2161.94
-2188.78 -2161.94
-2208.26 -2161.94
-2182.71 -2161.94
-2215.71 -2161.94
-2155.64 -2155.64
-2179.68 -2155.64
-2130.99 -2130.99
-2123.67 -2123.67
-2111.03 -2111.03
-2124.84 -2111.03
-2132.30 -2111.03
-2180.81 -2111.03
-2088.53 -2088.53
-2104.28 -2088.53
-2118.78 -2088.53
-2089.88 -2088.53
-2085.52 -2085.52
-2138.00 -2085.52
-2092.93 -2085.52
-2131.48 -2085.52
-2120.65 -2085.52
-2090.33 -2085.52
-2147.13 -2085.52
-2100.35 -2085.52
-2168.51 -2085.52
-2121.46 -2085.52
-2116.22 -2085.52
-2034.51 -2034.51
-2157.61 -2034.51
-2019.40 -2019.40
-2155.19 -2019.40
-2108.56 -2019.40
-2078.04 -2019.40
-2079.65 -2019.40
-2020.39 -2020.39
-2095.44 -2020.39
-2068.46 -2020.39
-2163.08 -2020.39
-2048.92 -2020.39
-2046.85 -2020.39
-2150.28 -2020.39
-2139.83 -2020.39
-2096.58 -2020.39
-2089.08 -2020.39
-2067.01 -2020.39
-2052.09 -2020.39
-2121.84 -2020.39
-2049.00 -2020.39
-2005.45 -2005.45
-2064.70 -2005.45
-2055.91 -2005.45
-2090.37 -2005.45
-2065.44 -2005.45
-2084.73 -2005.45
-2008.64 -2005.45
-2160.80 -2005.45
-2153.38 -2005.45
-2015.61 -2005.45
-2059.97 -2005.45
-2101.16 -2005.45
-2041.80 -2005.45
-2079.93 -2005.45
-2126.32 -2005.45
-2109.14 -2005.45
-2057.72 -2005.45
-2027.29 -2005.45
-2105.97 -2005.45
-2036.58 -2005.45
-2043.18 -2005.45
-2107.76 -2005.45
-2017.27 -2005.45
-2088.19 -2005.45
-2114.30 -2005.45
-2071.97 -2005.45
-2016.60 -2005.45
-2174.14 -2005.45
-2015.82 -2005.45
-2081.16 -2005.45
-2080.36 -2005.45
-2078.50 -2005.45
-2098.41 -2005.45
-2012.91 -2005.45
-2034.89 -2005.45
-2106.98 -2005.45
-2019.76 -2005.45
-2119.86 -2005.45
-2041.82 -2005.45
-2079.26 -2005.45
-2086.66 -2005.45
-2085.74 -2005.45
-2106.99 -2005.45
-2138.90 -2005.45
-1986.69 -1986.69
-2059.06 -1986.69
-2136.32 -1986.69
-2077.64 -1986.69
-2083.37 -1986.69
-2131.01 -1986.69
-2037.38 -1986.69
-2022.21 -1986.69
-2105.25 -1986.69
-2068.15 -1986.69
-2073.56 -1986.69
-2116.22 -1986.69
-2029.85 -1986.69
-2122.78 -1986.69
-2041.59 -1986.69
-2061.74 -1986.69
-2028.41 -1986.69
-2102.76 -1986.69
-2046.17 -1986.69
-2046.55 -1986.69
-1986.49 -1986.49
-2000.88 -1986.49
-2038.41 -1986.49
-1975.88 -1975.88
-2157.66 -1975.88
-2078.29 -1975.88
-1973.05 -1973.05
-2145.24 -1973.05
-2084.19 -1973.05
-2068.50 -1973.05
-2020.80 -1973.05
-2058.77 -1973.05
-2055.04 -1973.05
-2072.04 -1973.05
-2010.12 -1973.05
-2056.72 -1973.05
-2089.39 -1973.05
-2082.82 -1973.05
-2127.05 -1973.05
-2106.83 -1973.05
-2085.71 -1973.05
-2186.39 -1973.05
-2113.90 -1973.05
-2011.64 -1973.05
-2136.23 -1973.05
-2053.24 -1973.05
-1987.53 -1973.05
-2149.26 -1973.05
-2102.53 -1973.05
-2090.24 -1973.05
-2008.40 -1973.05
-2015.44 -1973.05
-2046.73 -1973.05
-2006.85 -1973.05
-2104.45 -1973.05
-2026.43 -1973.05
-2051.74 -1973.05
-1985.15 -1973.05
-2099.45 -1973.05
-2029.47 -1973.05
-2067.89 -1973.05
-2040.52 -1973.05
-2123.59 -1973.05
-2067.23 -1973.05
-2021.36 -1973.05
-2056.64 -1973.05
-2013.27 -1973.05
-2106.99 -1973.05
-2019.07 -1973.05
-2028.89 -1973.05
-1941.37 -1941.37
-2118.23 -1941.37
-1989.01 -1941.37
-2037.55 -1941.37
-2048.09 -1941.37
-2116.48 -1941.37
-2125.18 -1941.37
-2081.31 -1941.37
-2047.60 -1941.37
-2045.50 -1941.37
-2025.78 -1941.37
-2087.33 -1941.37
-2018.94 -1941.37
-2069.34 -1941.37
-2165.30 -1941.37
-2004.03 -1941.37
-1981.88 -1941.37
-2045.66 -1941.37
-2034.02 -1941.37
-2089.06 -1941.37
-2062.08 -1941.37
-1974.49 -1941.37
-2127.73 -1941.37
-2010.24 -1941.37
-2069.12 -1941.37
-2189.83 -1941.37
-2071.32 -1941.37
-2077.12 -1941.37
-2053.57 -1941.37
-2059.29 -1941.37
-2137.53 -1941.37
-2100.38 -1941.37
-2113.98 -1941.37
-2138.65 -1941.37
-2096.97 -1941.37
-2115.13 -1941.37
-2096.30 -1941.37
-1969.32 -1941.37
-1993.23 -1941.37
-2064.16 -1941.37
-2102.37 -1941.37
-2065.70 -1941.37
-2074.01 -1941.37
-1986.19 -1941.37
-2076.80 -1941.37
-2114.99 -1941.37
-2076.00 -1941.37
-2074.67 -1941.37
-2099.88 -1941.37
-2091.15 -1941.37
-2135.39 -1941.37
-2023.09 -1941.37
-2119.40 -1941.37
-2040.57 -1941.37
-2043.56 -1941.37
-2122.79 -1941.37
-2120.60 -1941.37
-2131.69 -1941.37
-2080.90 -1941.37
-1934.94 -1934.94
-2117.99 -1934.94
-2049.63 -1934.94
-2110.06 -1934.94
-2165.70 -1934.94
-2092.43 -1934.94
-1955.49 -1934.94
-2054.94 -1934.94
-2055.03 -1934.94
-2053.68 -1934.94
-2132.03 -1934.94
-2005.82 -1934.94
-2062.13 -1934.94
-2033.95 -1934.94
-2063.70 -1934.94
-2085.86 -1934.94
-2155.12 -1934.94
-2128.45 -1934.94
-2081.61 -1934.94
-2034.12 -1934.94
-2096.30 -1934.94
-2097.60 -1934.94
-2057.26 -1934.94
-2057.81 -1934.94
-2029.88 -1934.94
-2103.41 -1934.94
-2000.61 -1934.94
-2097.91 -1934.94
-2022.33 -1934.94
-2144.55 -1934.94
-2013.77 -1934.94
-2001.10 -1934.94
-2065.64 -1934.94
-2057.16 -1934.94
-2020.54 -1934.94
-2061.03 -1934.94
-2029.87 -1934.94
-2105.40 -1934.94
-2106.97 -1934.94
-2156.08 -1934.94
-2042.94 -1934.94
-2111.37 -1934.94
-2078.54 -1934.94
-2085.49 -1934.94
-2094.19 -1934.94
-2127.33 -1934.94
-2041.59 -1934.94
-2079.78 -1934.94
-2002.33 -1934.94
-2112.17 -1934.94
-2076.40 -1934.94
-2036.22 -1934.94
-1958.29 -1934.94
-2065.67 -1934.94
-2032.85 -1934.94
-2039.01 -1934.94
-2097.24 -1934.94
-2130.59 -1934.94
-2093.66 -1934.94
-2099.61 -1934.94
-2057.56 -1934.94
-1965.93 -1934.94
-1985.13 -1934.94
-2108.14 -1934.94
-2006.13 -1934.94
-2051.99 -1934.94
-2074.60 -1934.94
-1931.06 -1931.06
-2043.60 -1931.06
-2110.11 -1931.06
-2065.95 -1931.06
-2023.25 -1931.06
-2048.32 -1931.06
-1976.80 -1931.06
-2136.22 -1931.06
-1968.82 -1931.06
-2123.80 -1931.06
-2006.55 -1931.06
-2063.33 -1931.06
-1955.12 -1931.06
-2099.40 -1931.06
-2051.78 -1931.06
-2015.34 -1931.06
-2076.69 -1931.06
-2126.14 -1931.06
-2049.22 -1931.06
-2004.83 -1931.06
-2036.61 -1931.06
-2062.96 -1931.06
-2088.56 -1931.06
-2012.36 -1931.06
-2039.74 -1931.06
-2037.24 -1931.06
-2164.12 -1931.06
-1979.06 -1931.06
-2105.73 -1931.06
-2047.88 -1931.06
-2129.50 -1931.06
-2040.35 -1931.06
-2070.51 -1931.06
-2105.04 -1931.06
-1979.93 -1931.06
-2043.28 -1931.06
-2079.04 -1931.06
-2124.71 -1931.06
-2050.57 -1931.06
-2087.80 -1931.06
-1996.96 -1931.06
-1993.33 -1931.06
-1983.05 -1931.06
-2076.76 -1931.06
-1987.13 -1931.06
-1948.61 -1931.06
-2103.49 -1931.06
-2110.69 -1931.06
-2109.89 -1931.06
-1999.69 -1931.06
-2105.74 -1931.06
-2041.32 -1931.06
-2122.88 -1931.06
-1968.83 -1931.06
-2120.17 -1931.06
-2052.56 -1931.06
-2048.50 -1931.06
-2048.08 -1931.06
-2019.03 -1931.06
-2097.53 -1931.06
-1979.58 -1931.06
-2015.14 -1931.06
-1973.36 -1931.06
-2039.52 -1931.06
-2021.89 -1931.06
-1968.59 -1931.06
-2037.05 -1931.06
-2038.84 -1931.06
-2167.09 -1931.06
-1974.98 -1931.06
-1997.90 -1931.06
-2154.99 -1931.06
-1993.14 -1931.06
-2124.88 -1931.06
-1991.46 -1931.06
-2069.70 -1931.06
-2057.81 -1931.06
-2036.46 -1931.06
-2089.44 -1931.06
-2061.70 -1931.06
-2118.12 -1931.06
-2003.20 -1931.06
-2064.92 -1931.06
-2113.60 -1931.06
-2083.28 -1931.06
-1974.20 -1931.06
-2115.22 -1931.06
-2043.14 -1931.06
-2061.52 -1931.06
-2069.89 -1931.06
-1995.04 -1931.06
-1982.72 -1931.06
-2090.76 -1931.06
-2062.82 -1931.06
-2007.71 -1931.06
-2092.66 -1931.06
-2059.53 -1931.06
-2079.70 -1931.06
-2071.91 -1931.06
-2086.85 -1931.06
-1976.27 -1931.06
-2166.04 -1931.06
-2049.85 -1931.06
-2053.25 -1931.06
-2034.89 -1931.06
-2126.52 -1931.06
-2003.19 -1931.06
-1988.36 -1931.06
-2128.79 -1931.06
-2229.09 -2229.09
-2202.21 -2202.21
-2217.62 -2202.21
-2186.03 -2186.03
-2228.29 -2186.03
-2166.56 -2166.56
-2193.62 -2166.56
-2203.36 -2166.56
-2183.66 -2166.56
-2166.80 -2166.56
-2225.11 -2166.56
-2207.02 -2166.56
-2183.17 -2166.56
-2223.20 -2166.56
-2195.59 -2166.56
-2191.70 -2166.56
-2212.83 -2166.56
-2185.52 -2166.56
-2183.29 -2166.56
-2193.36 -2166.56
-2193.16 -2166.56
-2193.22 -2166.56
-2201.13 -2166.56
-2200.10 -2166.56
-2179.86 -2166.56
-2205.04 -2166.56
-2202.11 -2166.56
-2191.89 -2166.56
-2203.02 -2166.56
-2209.23 -2166.56
-2194.51 -2166.56
-2171.65 -2166.56
-2204.38 -2166.56
-2182.29 -2166.56
-2209.69 -2166.56
-2192.51 -2166.56
-2210.15 -2166.56
-2206.31 -2166.56
-2188.65 -2166.56
-2190.76 -2166.56
-2205.39 -2166.56
-2186.60 -2166.56
-2180.63 -2166.56
-2169.49 -2166.56
-2200.47 -2166.56
-2171.24 -2166.56
-2196.85 -2166.56
-2176.69 -2166.56
-2192.08 -2166.56
-2219.76 -2166.56
-2221.25 -2166.56
-2196.78 -2166.56
-2207.02 -2166.56
-2186.48 -2166.56
-2206.96 -2166.56
-2148.29 -2148.29
-2118.23 -2118.23
-2140.15 -2118.23
-2083.37 -2083.37
-2166.26 -2083.37
-2088.42 -2083.37
-2082.16 -2082.16
-2081.61 -2081.61
-2112.19 -2081.61
-2106.52 -2081.61
-2083.77 -2081.61
-2106.41 -2081.61
-2101.70 -2081.61
-2124.30 -2081.61
-2111.27 -2081.61
-2100.49 -2081.61
-2130.30 -2081.61
-2134.79 -2081.61
-2092.71 -2081.61
-2132.72 -2081.61
-2133.35 -2081.61
-2157.36 -2081.61
-2121.22 -2081.61
-2058.06 -2058.06
-2090.48 -2058.06
-2097.19 -2058.06
-2165.81 -2058.06
-2073.14 -2058.06
-2120.29 -2058.06
-2120.23 -2058.06
-2083.62 -2058.06
-2092.79 -2058.06
-2166.81 -2058.06
-2175.11 -2058.06
-2135.32 -2058.06
-2111.14 -2058.06
-2087.22 -2058.06
-2184.39 -2058.06
-2114.78 -2058.06
-2126.53 -2058.06
-2155.16 -2058.06
-2147.66 -2058.06
-2118.69 -2058.06
-2131.97 -2058.06
-2086.69 -2058.06
-2088.84 -2058.06
-2153.35 -2058.06
-2113.45 -2058.06
-2147.42 -2058.06
-2097.28 -2058.06
-2111.88 -2058.06
-2101.51 -2058.06
-2133.29 -2058.06
-2142.31 -2058.06
-2107.52 -2058.06
-2117.37 -2058.06
-2070.96 -2058.06
-2140.04 -2058.06
-2124.92 -2058.06
-2064.85 -2058.06
-2138.71 -2058.06
-2128.32 -2058.06
-2056.45 -2056.45
-2092.43 -2056.45
-2156.68 -2056.45
-2041.56 -2041.56
-2106.19 -2041.56
-2066.39 -2041.56
-2063.48 -2041.56
-2138.28 -2041.56
-2094.88 -2041.56
-2069.31 -2041.56
-2077.20 -2041.56
-2071.25 -2041.56
-2125.03 -2041.56
-2052.46 -2041.56
-2155.93 -2041.56
-2061.59 -2041.56
-2053.30 -2041.56
-2032.09 -2032.09
-2039.10 -2032.09
-2070.11 -2032.09
-2094.66 -2032.09
-2076.99 -2032.09
-2047.22 -2032.09
-2128.38 -2032.09
-2129.51 -2032.09
-2052.76 -2032.09
-2123.75 -2032.09
-2155.17 -2032.09
-2065.65 -2032.09
-2073.94 -2032.09
-2081.47 -2032.09
-2074.68 -2032.09
-2065.86 -2032.09
-2056.25 -2032.09
-2041.28 -2032.09
-2108.19 -2032.09
-2097.73 -2032.09
-2106.51 -2032.09
-2099.57 -2032.09
-2124.32 -2032.09
-2109.22 -2032.09
-2065.19 -2032.09
-2055.09 -2032.09
-2110.82 -2032.09
-2072.99 -2032.09
-2039.74 -2032.09
-2145.11 -2032.09
-2057.38 -2032.09
-2105.66 -2032.09
-2081.11 -2032.09
-2053.41 -2032.09
-2081.95 -2032.09
-2105.42 -2032.09
-2156.68 -2032.09
-2048.63 -2032.09
-2090.08 -2032.09
-2055.40 -2032.09
-2084.23 -2032.09
-2033.87 -2032.09
-2116.62 -2032.09
-2099.14 -2032.09
-2150.54 -2032.09
-2090.85 -2032.09
-2111.59 -2032.09
-2046.63 -2032.09
-2047.70 -2032.09
-2120.48 -2032.09
-2096.20 -2032.09
-2071.10 -2032.09
-2106.58 -2032.09
-2136.09 -2032.09
-2111.80 -2032.09
-2082.09 -2032.09
-2096.48 -2032.09
-2008.19 -2008.19
-2080.16 -2008.19
-2076.21 -2008.19
-2119.38 -2008.19
-2097.68 -2008.19
-2067.14 -2008.19
-2058.64 -2008.19
-2086.28 -2008.19
-2107.29 -2008.19
-2018.10 -2008.19
-2080.10 -2008.19
-2107.63 -2008.19
-2081.00 -2008.19
-2115.74 -2008.19
-2039.51 -2008.19
-2051.28 -2008.19
-2118.32 -2008.19
-2207.55 -2008.19
-2049.46 -2008.19
-2038.55 -2008.19
-2059.65 -2008.19
-2066.33 -2008.19
-2152.06 -2008.19
-2049.27 -2008.19
-2052.67 -2008.19
-2043.90 -2008.19
-2082.85 -2008.19
-2145.10 -2008.19
-2111.34 -2008.19
-2030.65 -2008.19
-2079.13 -2008.19
-2110.24 -2008.19
-2149.10 -2008.19
-2055.66 -2008.19
-2026.00 -2008.19
-2058.92 -2008.19
-2101.58 -2008.19
-2030.15 -2008.19
-2120.46 -2008.19
-2073.99 -2008.19
-2101.68 -2008.19
-2038.43 -2008.19
-2127.62 -2008.19
-2098.03 -2008.19
-2120.24 -2008.19
-2058.01 -2008.19
-2076.54 -2008.19
-2016.79 -2008.19
-2084.87 -2008.19
-2091.31 -2008.19
-2135.41 -2008.19
-2056.62 -2008.19
-2120.08 -2008.19
-2030.76 -2008.19
-2097.37 -2008.19
-2040.67 -2008.19
-2068.34 -2008.19
-2192.30 -2008.19
-2103.75 -2008.19
-2077.95 -2008.19
-2057.49 -2008.19
-2081.36 -2008.19
-2131.46 -2008.19
-2016.74 -2008.19
-2122.67 -2008.19
-2055.77 -2008.19
-2020.39 -2008.19
-2026.86 -2008.19
-2067.94 -2008.19
-2080.38 -2008.19
-2135.03 -2008.19
-2074.31 -2008.19
-2054.59 -2008.19
-2122.50 -2008.19
-1968.53 -1968.53
-2039.45 -1968.53
-2024.46 -1968.53
-2100.85 -1968.53
-2008.91 -1968.53
-2068.37 -1968.53
-2134.56 -1968.53
-2150.58 -1968.53
-2087.18 -1968.53
-2079.86 -1968.53
-2121.48 -1968.53
-2176.41 -1968.53
-2079.32 -1968.53
-2084.55 -1968.53
-2093.60 -1968.53
-1992.06 -1968.53
-2100.59 -1968.53
-2156.01 -1968.53
-2148.95 -1968.53
-2100.64 -1968.53
-2053.70 -1968.53
-2112.54 -1968.53
-2158.56 -1968.53
-2052.53 -1968.53
-2108.02 -1968.53
-2135.93 -1968.53
-2089.51 -1968.53
-2079.57 -1968.53
-2044.11 -1968.53
-2138.08 -1968.53
-2110.75 -1968.53
-2012.29 -1968.53
-2079.77 -1968.53
-2065.81 -1968.53
-2136.28 -1968.53
-2062.11 -1968.53
-2054.05 -1968.53
-2146.33 -1968.53
-2049.15 -1968.53
-2016.67 -1968.53
-2091.13 -1968.53
-2072.68 -1968.53
-2073.93 -1968.53
-2119.77 -1968.53
-2124.98 -1968.53
-2091.07 -1968.53
-2095.66 -1968.53
-2029.48 -1968.53
-2026.70 -1968.53
-2107.28 -1968.53
-2127.16 -1968.53
-2083.75 -1968.53
-2100.49 -1968.53
-2026.36 -1968.53
-2081.94 -1968.53
-2099.63 -1968.53
-2066.83 -1968.53
-2076.74 -1968.53
-2141.41 -1968.53
-2122.07 -1968.53
-2127.87 -1968.53
-2048.63 -1968.53
-2077.05 -1968.53
-2048.23 -1968.53
-2064.75 -1968.53
-2124.73 -1968.53
-2028.15 -1968.53
-2047.52 -1968.53
-2095.38 -1968.53
-2047.01 -1968.53
-2011.46 -1968.53
-2148.12 -1968.53
-2145.41 -1968.53
-2034.80 -1968.53
-2019.76 -1968.53
-2089.06 -1968.53
-2079.69 -1968.53
-2177.63 -1968.53
-2119.85 -1968.53
-2122.66 -1968.53
-2089.22 -1968.53
-2038.40 -1968.53
-2128.91 -1968.53
-2112.15 -1968.53
-2130.45 -1968.53
-2121.09 -1968.53
-2043.10 -1968.53
-2101.86 -1968.53
-2023.10 -1968.53
-2092.95 -1968.53
-2139.65 -1968.53
-2071.55 -1968.53
-2153.65 -1968.53
-2112.96 -1968.53
-2140.40 -1968.53
-2079.57 -1968.53
-2144.52 -1968.53
-2094.84 -1968.53
-2072.87 -1968.53
-2019.05 -1968.53
-2071.69 -1968.53
-2075.67 -1968.53
-2194.44 -1968.53
-2058.54 -1968.53
-2086.17 -1968.53
-2078.41 -1968.53
-2064.66 -1968.53
-2126.00 -1968.53
-2124.08 -1968.53
-2007.20 -1968.53
-2105.49 -1968.53
-1899.81 -1899.81
-1999.05 -1899.81
-2050.72 -1899.81
-2034.28 -1899.81
-1978.89 -1899.81
-2085.00 -1899.81
-2078.53 -1899.81
-2137.89 -1899.81
-2017.21 -1899.81
-2015.31 -1899.81
-2198.19 -1899.81
-2128.24 -1899.81
-2064.60 -1899.81
-2091.69 -1899.81
-2079.32 -1899.81
-2072.98 -1899.81
-2073.06 -1899.81
-2066.75 -1899.81
-1936.30 -1899.81
-2030.04 -1899.81
-2054.67 -1899.81
-2026.88 -1899.81
-2064.86 -1899.81
-1994.17 -1899.81
-1966.23 -1899.81
-2048.68 -1899.81
-2037.09 -1899.81
-2034.39 -1899.81
-2030.35 -1899.81
-2050.80 -1899.81
-1996.54 -1899.81
-2006.65 -1899.81
-1899.57 -1899.57
-1984.30 -1899.57
-2023.47 -1899.57
-2110.08 -1899.57
-2074.22 -1899.57
-2080.59 -1899.57
-2001.29 -1899.57
-2097.18 -1899.57
-2214.21 -2214.21
-2226.38 -2214.21
-2214.09 -2214.09
-2185.42 -2185.42
-2220.61 -2185.42
-2218.26 -2185.42
-2202.50 -2185.42
-2180.31 -2180.31
-2212.06 -2180.31
-2197.94 -2180.31
-2206.87 -2180.31
-2193.41 -2180.31
-2189.77 -2180.31
-2191.83 -2180.31
-2200.71 -2180.31
-2184.40 -2180.31
-2168.15 -2168.15
-2150.87 -2150.87
-2160.09 -2150.87
-2159.79 -2150.87
-2166.10 -2150.87
-2134.17 -2134.17
-2107.53 -2107.53
-2182.37 -2107.53
-2138.24 -2107.53
-2111.86 -2107.53
-2157.54 -2107.53
-2125.31 -2107.53
-2145.25 -2107.53
-2101.47 -2101.47
-2161.44 -2101.47
-2192.33 -2101.47
-2075.79 -2075.79
-2127.44 -2075.79
-2078.39 -2075.79
-2110.24 -2075.79
-2103.88 -2075.79
-2071.84 -2071.84
-2071.86 -2071.86
-2094.82 -2071.86
-2160.23 -2071.86
-2077.32 -2071.86
-2122.29 -2071.86
-2163.50 -2071.86
-2103.45 -2071.86
-2124.18 -2071.86
-2204.90 -2071.86
-2037.75 -2037.75
-2124.68 -2037.75
-2064.81 -2037.75
-2074.92 -2037.75
-2150.10 -2037.75
-2105.90 -2037.75
-2089.38 -2037.75
-2113.59 -2037.75
-2098.28 -2037.75
-2030.31 -2030.31
-2025.02 -2025.02
-2018.34 -2018.34
-2137.01 -2018.34
-2124.90 -2018.34
-2161.09 -2018.34
-2174.90 -2018.34
-2069.79 -2018.34
-2059.40 -2018.34
-2068.62 -2018.34
-2114.93 -2018.34
-2007.75 -2007.75
-1974.60 -1974.60
-2067.54 -1974.60
-2089.64 -1974.60
-2037.55 -1974.60
-2113.06 -1974.60
-1946.95 -1946.95
-2136.76 -1946.95
-2011.59 -1946.95
-2044.19 -1946.95
-1885.73 -1885.73
-2109.56 -1885.73
-2091.01 -1885.73
-1996.21 -1885.73
-2026.51 -1885.73
-2038.47 -1885.73
-2046.77 -1885.73
-2066.73 -1885.73
-2022.05 -1885.73
-2117.56 -1885.73
-2080.61 -1885.73
-2114.88 -1885.73
-2125.07 -1885.73
-1954.74 -1885.73
-2130.17 -1885.73
-1909.92 -1885.73
-2080.89 -1885.73
-1914.49 -1885.73
-2104.06 -1885.73
-1965.14 -1885.73
-2039.15 -1885.73
-2101.48 -1885.73
-1978.03 -1885.73
-2033.43 -1885.73
-2032.35 -1885.73
-2046.71 -1885.73
-2079.31 -1885.73
-1984.85 -1885.73
-2073.36 -1885.73
-1984.16 -1885.73
-1927.00 -1885.73
-2032.43 -1885.73
-2066.05 -1885.73
-1946.23 -1885.73
-2081.27 -1885.73
-2082.31 -1885.73
-2101.25 -1885.73
-2055.72 -1885.73
-1874.05 -1874.05
-2058.51 -1874.05
-1920.08 -1874.05
-2060.45 -1874.05
-2061.58 -1874.05
-1890.05 -1874.05
-2072.68 -1874.05
-1969.47 -1874.05
-2122.62 -1874.05
-1973.37 -1874.05
-2015.54 -1874.05
-2039.40 -1874.05
-1947.81 -1874.05
-1999.66 -1874.05
-2069.69 -1874.05
-2023.39 -1874.05
-2037.52 -1874.05
-2102.60 -1874.05
-1991.33 -1874.05
-1942.82 -1874.05
-2068.36 -1874.05
-1902.05 -1874.05
-1920.83 -1874.05
-2090.75 -1874.05
-2097.09 -1874.05
-2069.22 -1874.05
-1944.62 -1874.05
-1880.43 -1874.05
-1989.85 -1874.05
-2087.41 -1874.05
-2118.93 -1874.05
-1801.39 -1801.39
-2056.36 -1801.39
-2078.94 -1801.39
-2072.25 -1801.39
-2109.70 -1801.39
-2092.96 -1801.39
-2110.17 -1801.39
-2062.18 -1801.39
-1898.30 -1801.39
-1912.23 -1801.39
-1838.42 -1801.39
-1928.84 -1801.39
-2128.40 -1801.39
-2017.42 -1801.39
-2068.03 -1801.39
-2022.62 -1801.39
-2023.69 -1801.39
-1967.50 -1801.39
-2097.72 -1801.39
-2069.61 -1801.39
-1991.78 -1801.39
-1907.23 -1801.39
-2093.22 -1801.39
-1943.82 -1801.39
-1833.13 -1801.39
-2132.75 -1801.39
-2095.52 -1801.39
-2051.73 -1801.39
-2039.20 -1801.39
-1999.95 -1801.39
-2037.99 -1801.39
-1976.21 -1801.39
-2080.95 -1801.39
-2092.37 -1801.39
-1958.49 -1801.39
-2031.65 -1801.39
-1975.38 -1801.39
-2132.50 -1801.39
-1968.26 -1801.39
-2076.45 -1801.39
-2027.51 -1801.39
-1910.12 -1801.39
-2156.00 -1801.39
-2086.98 -1801.39
-2088.43 -1801.39
-2117.27 -1801.39
-2082.94 -1801.39
-1993.33 -1801.39
-1845.34 -1801.39
-1823.07 -1801.39
-2058.75 -1801.39
-1957.41 -1801.39
-2027.44 -1801.39
-1941.10 -1801.39
-1939.83 -1801.39
-2020.20 -1801.39
-1997.29 -1801.39
-1992.46 -1801.39
-2085.11 -1801.39
-2117.04 -1801.39
-1839.92 -1801.39
-2088.50 -1801.39
-1916.69 -1801.39
-2105.64 -1801.39
-1997.38 -1801.39
-1947.26 -1801.39
-1944.30 -1801.39
-2061.82 -1801.39
-2075.02 -1801.39
-2000.74 -1801.39
-1813.63 -1801.39
-2060.03 -1801.39
-2075.27 -1801.39
-1948.48 -1801.39
-1940.72 -1801.39
-1929.38 -1801.39
-2085.48 -1801.39
-2104.10 -1801.39
-2095.86 -1801.39
-1922.72 -1801.39
-2068.47 -1801.39
-2060.96 -1801.39
-2098.40 -1801.39
-2052.85 -1801.39
-1956.12 -1801.39
-2086.52 -1801.39
-2027.22 -1801.39
-2101.80 -1801.39
-1842.15 -1801.39
-2065.18 -1801.39
-2103.04 -1801.39
-1969.65 -1801.39
-2044.33 -1801.39
-1799.89 -1799.89
-1937.31 -1799.89
-2101.03 -1799.89
-2103.18 -1799.89
-2061.88 -1799.89
-2014.10 -1799.89
-2026.66 -1799.89
-2024.37 -1799.89
-2024.55 -1799.89
-1873.06 -1799.89
-1887.47 -1799.89
-2022.79 -1799.89
-2102.28 -1799.89
-2012.59 -1799.89
-1954.35 -1799.89
-2054.24 -1799.89
-2081.45 -1799.89
-1921.21 -1799.89
-1963.87 -1799.89
-2057.52 -1799.89
-2026.98 -1799.89
-1955.04 -1799.89
-2029.89 -1799.89
-2115.74 -1799.89
-2089.18 -1799.89
-1866.46 -1799.89
-2014.62 -1799.89
-2096.90 -1799.89
-2077.86 -1799.89
-1897.40 -1799.89
-1924.38 -1799.89
-1965.34 -1799.89
-2032.31 -1799.89
-1988.14 -1799.89
-1995.72 -1799.89
-2029.21 -1799.89
-1886.01 -1799.89
-2075.07 -1799.89
-2074.04 -1799.89
-2026.44 -1799.89
-2004.43 -1799.89
-2089.70 -1799.89
-1940.70 -1799.89
-1954.45 -1799.89
-2067.80 -1799.89
-1977.12 -1799.89
-1991.12 -1799.89
-1938.58 -1799.89
-2071.51 -1799.89
-1984.68 -1799.89
-2013.28 -1799.89
-1996.01 -1799.89
-2097.41 -1799.89
-2049.83 -1799.89
-2038.94 -1799.89
-1966.90 -1799.89
-2064.28 -1799.89
-1988.05 -1799.89
-2010.25 -1799.89
-2070.36 -1799.89
-1901.79 -1799.89
-2064.36 -1799.89
-2028.46 -1799.89
-2066.27 -1799.89
-2085.61 -1799.89
-2061.63 -1799.89
-2026.75 -1799.89
-2102.61 -1799.89
-2072.10 -1799.89
-1997.87 -1799.89
-2099.89 -1799.89
-2057.26 -1799.89
-1834.44 -1799.89
-2040.18 -1799.89
-2021.77 -1799.89
-2068.67 -1799.89
-2046.51 -1799.89
-2146.11 -1799.89
-2000.76 -1799.89
-2085.87 -1799.89
-2017.14 -1799.89
-2065.28 -1799.89
-2119.55 -1799.89
-1931.51 -1799.89
-2090.76 -1799.89
-1911.81 -1799.89
-1904.47 -1799.89
-1923.66 -1799.89
-2082.83 -1799.89
-1951.37 -1799.89
-2026.86 -1799.89
-2007.39 -1799.89
-1918.42 -1799.89
-2070.58 -1799.89
-2054.33 -1799.89
-1911.31 -1799.89
-2055.28 -1799.89
-1833.14 -1799.89
-1947.48 -1799.89
-2097.76 -1799.89
-2031.12 -1799.89
-1995.22 -1799.89
-2076.11 -1799.89
-2094.03 -1799.89
-2115.24 -1799.89
-2054.00 -1799.89
-2090.13 -1799.89
-1985.62 -1799.89
-1711.62 -1711.62
-2041.02 -1711.62
-2077.95 -1711.62
-1943.38 -1711.62
-2057.84 -1711.62
-1862.13 -1711.62
-2082.41 -1711.62
-1924.11 -1711.62
-2014.81 -1711.62
-2022.67 -1711.62
-2065.35 -1711.62
-2094.72 -1711.62
-1895.33 -1711.62
-2100.60 -1711.62
-1945.34 -1711.62
-2085.73 -1711.62
-2022.81 -1711.62
-2066.23 -1711.62
-1833.95 -1711.62
-2090.86 -1711.62
-2034.03 -1711.62
-2006.32 -1711.62
-2083.46 -1711.62
-2115.88 -1711.62
-2118.13 -1711.62
-2100.04 -1711.62
-2096.38 -1711.62
-1896.33 -1711.62
-2071.21 -1711.62
-2076.25 -1711.62
-1940.39 -1711.62
-2059.23 -1711.62
-1867.90 -1711.62
-2056.73 -1711.62
-1956.20 -1711.62
-2072.55 -1711.62
-2031.47 -1711.62
-1893.47 -1711.62
-2012.06 -1711.62
-1937.50 -1711.62
-1931.82 -1711.62
-2048.49 -1711.62
-1922.59 -1711.62
-2036.55 -1711.62
-2120.99 -1711.62
-1959.34 -1711.62
-1954.91 -1711.62
-2025.48 -1711.62
-1964.63 -1711.62
-1931.13 -1711.62
-1974.70 -1711.62
-2102.05 -1711.62
-2012.99 -1711.62
-2108.95 -1711.62
-2082.47 -1711.62
-2034.22 -1711.62
-2009.35 -1711.62
-2048.51 -1711.62
-1970.14 -1711.62
-2075.57 -1711.62
-1956.24 -1711.62
-2059.18 -1711.62
-1998.73 -1711.62
-2083.37 -1711.62
-1956.57 -1711.62
-2055.22 -1711.62
-2073.10 -1711.62
-2044.95 -1711.62
-1996.93 -1711.62
-2180.01 -2180.01
-2172.79 -2172.79
-2187.66 -2172.79
-2191.12 -2172.79
-2205.77 -2172.79
-2204.26 -2172.79
-2194.59 -2172.79
-2209.07 -2172.79
-2141.44 -2141.44
-2170.58 -2141.44
-2157.00 -2141.44
-2150.73 -2141.44
-2172.44 -2141.44
-2180.49 -2141.44
-2157.99 -2141.44
-2137.49 -2137.49
-2166.60 -2137.49
-2217.92 -2137.49
-2153.22 -2137.49
-2165.29 -2137.49
-2134.33 -2134.33
-2122.38 -2122.38
-2160.27 -2122.38
-2135.12 -2122.38
-2166.49 -2122.38
-2149.21 -2122.38
-2101.24 -2101.24
-2129.48 -2101.24
-2132.93 -2101.24
-2092.57 -2092.57
-2128.08 -2092.57
-2106.85 -2092.57
-2124.18 -2092.57
-2142.47 -2092.57
-2112.13 -2092.57
-2096.03 -2092.57
-2135.93 -2092.57
-2115.26 -2092.57
-2079.46 -2079.46
-2126.92 -2079.46
-2048.14 -2048.14
-2124.55 -2048.14
-2102.27 -2048.14
-2035.54 -2035.54
-2075.75 -2035.54
-2033.78 -2033.78
-2094.41 -2033.78
-2147.61 -2033.78
-2083.22 -2033.78
-2028.21 -2028.21
-2132.04 -2028.21
-2042.81 -2028.21
-2124.52 -2028.21
-2072.05 -2028.21
-2056.28 -2028.21
-2047.40 -2028.21
-2118.16 -2028.21
-2054.26 -2028.21
-2071.96 -2028.21
-2034.23 -2028.21
-2055.96 -2028.21
-2079.16 -2028.21
-2099.95 -2028.21
-2064.40 -2028.21
-2049.33 -2028.21
-2047.53 -2028.21
-2016.33 -2016.33
-2013.24 -2013.24
-2082.12 -2013.24
-2135.95 -2013.24
-2027.05 -2013.24
-2051.07 -2013.24
-2033.63 -2013.24
-2000.80 -2000.80
-2100.30 -2000.80
-2043.18 -2000.80
-2070.98 -2000.80
-2098.51 -2000.80
-1934.27 -1934.27
-2091.55 -1934.27
-2104.76 -1934.27
-2063.30 -1934.27
-1971.75 -1934.27
-1917.76 -1917.76
-1985.45 -1917.76
-2067.60 -1917.76
-1977.98 -1917.76
-2042.93 -1917.76
-2041.39 -1917.76
-1848.65 -1848.65
-1918.90 -1848.65
-1970.08 -1848.65
-2107.19 -1848.65
-2071.85 -1848.65
-1938.35 -1848.65
-2094.87 -1848.65
-2121.66 -1848.65
-2117.03 -1848.65
-2141.17 -1848.65
-2089.98 -1848.65
-1990.72 -1848.65
-2125.61 -1848.65
-2100.00 -1848.65
-2083.73 -1848.65
-2044.78 -1848.65
-2117.25 -1848.65
-2115.45 -1848.65
-2048.68 -1848.65
-2105.41 -1848.65
-1979.19 -1848.65
-2022.65 -1848.65
-2077.58 -1848.65
-2020.92 -1848.65
-2056.04 -1848.65
-2095.31 -1848.65
-2108.76 -1848.65
-2092.32 -1848.65
-2125.27 -1848.65
-2081.68 -1848.65
-2148.60 -1848.65
-2039.94 -1848.65
-2089.38 -1848.65
-1874.72 -1848.65
-2138.81 -1848.65
-2095.48 -1848.65
-1913.25 -1848.65
-1979.85 -1848.65
-1965.67 -1848.65
-2107.94 -1848.65
-2028.41 -1848.65
-2133.66 -1848.65
-1999.90 -1848.65
-2010.85 -1848.65
-1991.66 -1848.65
-2087.21 -1848.65
-2051.03 -1848.65
-1928.46 -1848.65
-2090.11 -1848.65
-2046.73 -1848.65
-2097.31 -1848.65
-2067.53 -1848.65
-2126.52 -1848.65
-2066.57 -1848.65
-2103.56 -1848.65
-2121.57 -1848.65
-2054.05 -1848.65
-1976.33 -1848.65
-1974.17 -1848.65
-2040.01 -1848.65
-2133.90 -1848.65
-2125.27 -1848.65
-2020.96 -1848.65
-2136.45 -1848.65
-2019.62 -1848.65
-2104.96 -1848.65
-1967.45 -1848.65
-2086.11 -1848.65
-2024.43 -1848.65
-1957.91 -1848.65
-2108.66 -1848.65
-2059.37 -1848.65
-2120.65 -1848.65
-2092.26 -1848.65
-1983.05 -1848.65
-1920.53 -1848.65
-2106.81 -1848.65
-2129.59 -1848.65
-2042.26 -1848.65
-1975.04 -1848.65
-1977.24 -1848.65
-2127.46 -1848.65
-2107.70 -1848.65
-2118.80 -1848.65
-1972.48 -1848.65
-2047.29 -1848.65
-2041.37 -1848.65
-2029.04 -1848.65
-2070.44 -1848.65
-1956.57 -1848.65
-2068.25 -1848.65
-2021.18 -1848.65
-1868.85 -1848.65
-2053.02 -1848.65
-2029.99 -1848.65
-2103.35 -1848.65
-2077.31 -1848.65
-2066.57 -1848.65
-1948.41 -1848.65
-1981.18 -1848.65
-2073.84 -1848.65
-2042.73 -1848.65
-2060.11 -1848.65
-2046.58 -1848.65
-1989.05 -1848.65
-2060.54 -1848.65
-2027.09 -1848.65
-1993.95 -1848.65
-2011.52 -1848.65
-1966.19 -1848.65
-1982.95 -1848.65
-2002.74 -1848.65
-2010.82 -1848.65
-1993.18 -1848.65
-2100.50 -1848.65
-1924.09 -1848.65
-2003.08 -1848.65
-2065.68 -1848.65
-2034.04 -1848.65
-2058.41 -1848.65
-2053.31 -1848.65
-2036.41 -1848.65
-2125.63 -1848.65
-1942.40 -1848.65
-2062.80 -1848.65
-2101.67 -1848.65
-2037.09 -1848.65
-2132.54 -1848.65
-1977.64 -1848.65
-2028.02 -1848.65
-1958.22 -1848.65
-1942.70 -1848.65
-1992.85 -1848.65
-2090.25 -1848.65
-2102.09 -1848.65
-1966.10 -1848.65
-2058.44 -1848.65
-1960.07 -1848.65
-2055.49 -1848.65
-1969.80 -1848.65
-2119.42 -1848.65
-2042.22 -1848.65
-1918.92 -1848.65
-1977.19 -1848.65
-2039.12 -1848.65
-2036.60 -1848.65
-2026.28 -1848.65
-2056.83 -1848.65
-2028.15 -1848.65
-2099.03 -1848.65
-2047.97 -1848.65
-2078.23 -1848.65
-2035.30 -1848.65
-2076.59 -1848.65
-1994.10 -1848.65
-2153.77 -1848.65
-2024.82 -1848.65
-2090.46 -1848.65
-2075.26 -1848.65
-2035.77 -1848.65
-2135.53 -1848.65
-1991.69 -1848.65
-2116.17 -1848.65
-2014.83 -1848.65
-1839.08 -1839.08
-2089.12 -1839.08
-2016.92 -1839.08
-2031.48 -1839.08
-2119.83 -1839.08
-1961.96 -1839.08
-1960.58 -1839.08
-1894.14 -1839.08
-2019.87 -1839.08
-2050.38 -1839.08
-2001.38 -1839.08
-1920.22 -1839.08
-2078.65 -1839.08
-2115.00 -1839.08
-1847.81 -1839.08
-1954.25 -1839.08
-2089.54 -1839.08
-1978.83 -1839.08
-1978.87 -1839.08
-2001.56 -1839.08
-1962.80 -1839.08
-1966.64 -1839.08
-2088.91 -1839.08
-2136.45 -1839.08
-1980.53 -1839.08
-1946.76 -1839.08
-1988.28 -1839.08
-2102.23 -1839.08
-1993.61 -1839.08
-2065.53 -1839.08
-2126.30 -1839.08
-2108.10 -1839.08
-2108.91 -1839.08
-1917.15 -1839.08
-2142.81 -1839.08
-2014.77 -1839.08
-2056.90 -1839.08
-1996.11 -1839.08
-1996.91 -1839.08
-2096.85 -1839.08
-2008.43 -1839.08
-1976.54 -1839.08
-2091.75 -1839.08
-1960.13 -1839.08
-2057.33 -1839.08
-2042.96 -1839.08
-1900.62 -1839.08
-1992.53 -1839.08
-1983.40 -1839.08
-1971.34 -1839.08
-2087.05 -1839.08
-2007.42 -1839.08
-2007.16 -1839.08
-2063.30 -1839.08
-2049.73 -1839.08
-2104.18 -1839.08
-2142.45 -1839.08
-2151.82 -1839.08
-2001.40 -1839.08
-2076.30 -1839.08
-2088.69 -1839.08
-1953.57 -1839.08
-2057.62 -1839.08
-2069.02 -1839.08
-1879.51 -1839.08
-2122.82 -1839.08
-1997.81 -1839.08
-2075.71 -1839.08
-1914.63 -1839.08
-2065.25 -1839.08
-1996.46 -1839.08
-1977.46 -1839.08
-2067.06 -1839.08
-2099.69 -1839.08
-2098.89 -1839.08
-2040.95 -1839.08
-2090.89 -1839.08
-2144.33 -1839.08
-1983.16 -1839.08
-1974.39 -1839.08
-2044.57 -1839.08
-1962.50 -1839.08
-1969.02 -1839.08
-2056.47 -1839.08
-1979.25 -1839.08
-1850.95 -1839.08
-2018.78 -1839.08
-2092.09 -1839.08
-1958.13 -1839.08
-2080.80 -1839.08
-1975.27 -1839.08
-2119.98 -1839.08
-1936.42 -1839.08
-1896.83 -1839.08
-1895.01 -1839.08
-2107.96 -1839.08
-1988.69 -1839.08
-1950.26 -1839.08
-2035.41 -1839.08
-2041.83 -1839.08
-2094.13 -1839.08
-1971.09 -1839.08
-2046.18 -1839.08
-2118.88 -1839.08
-2013.10 -1839.08
-2138.00 -1839.08
-2093.73 -1839.08
-1940.01 -1839.08
-1981.80 -1839.08
-2083.08 -1839.08
-2069.13 -1839.08
-2072.23 -1839.08
-1917.23 -1839.08
-1840.58 -1839.08
-1897.77 -1839.08
-1974.97 -1839.08
-2007.12 -1839.08
-2034.52 -1839.08
-2026.05 -1839.08
-2137.04 -1839.08
-1968.91 -1839.08
-2062.22 -1839.08
-2070.19 -1839.08
-1911.02 -1839.08
-2098.40 -1839.08
-2084.22 -1839.08
-2117.97 -1839.08
-1990.64 -1839.08
-1970.09 -1839.08
-2035.01 -1839.08
-1971.67 -1839.08
-1942.83 -1839.08
-2136.79 -1839.08
-2040.37 -1839.08
-2068.49 -1839.08
-1916.34 -1839.08
-1917.33 -1839.08
-2052.91 -1839.08
-2062.78 -1839.08
-2030.43 -1839.08
-1887.87 -1839.08
-1945.37 -1839.08
-2117.32 -1839.08
-1921.75 -1839.08
-2056.23 -1839.08
-2044.87 -1839.08
-2005.65 -1839.08
-2078.68 -1839.08
-1894.87 -1839.08
-2053.15 -1839.08
-2031.01 -1839.08
-2152.37 -1839.08
-1997.77 -1839.08
-2082.03 -1839.08
-2147.17 -1839.08
-2073.96 -1839.08
-2034.03 -1839.08
-1958.35 -1839.08
-2121.77 -1839.08
-2092.76 -1839.08
-1964.25 -1839.08
-2105.05 -1839.08
-2125.74 -1839.08
-2207.30 -2207.30
-2194.02 -2194.02
-2164.60 -2164.60
-2182.73 -2164.60
-2170.92 -2164.60
-2140.47 -2140.47
-2147.97 -2140.47
-2164.68 -2140.47
-2174.33 -2140.47
-2150.50 -2140.47
-2155.40 -2140.47
-2141.24 -2141.24
-2080.02 -2080.02
-2071.98 -2071.98
-2088.30 -2071.98
-2095.99 -2071.98
-2150.14 -2071.98
-2081.47 -2071.98
-2079.43 -2071.98
-2048.65 -2048.65
-2115.34 -2048.65
-2096.14 -2048.65
-2093.92 -2048.65
-2156.42 -2048.65
-2060.42 -2048.65
-2075.64 -2048.65
-1990.57 -1990.57
-2083.81 -1990.57
-2088.16 -1990.57
-2151.99 -1990.57
-2052.88 -1990.57
-2137.28 -1990.57
-2203.58 -1990.57
-2110.07 -1990.57
-2051.59 -1990.57
-2114.31 -1990.57
-2068.76 -1990.57
-2093.46 -1990.57
-2082.64 -1990.57
-2079.02 -1990.57
-2072.61 -1990.57
-2069.82 -1990.57
-2083.80 -1990.57
-2123.72 -1990.57
-2013.22 -1990.57
-2001.58 -1990.57
-2038.68 -1990.57
-2103.44 -1990.57
-2063.36 -1990.57
-2051.68 -1990.57
-2032.89 -1990.57
-2014.64 -1990.57
-2157.87 -1990.57
-2139.97 -1990.57
-2075.82 -1990.57
-2058.46 -1990.57
-2081.15 -1990.57
-2137.81 -1990.57
-2108.30 -1990.57
-2060.68 -1990.57
-2129.77 -1990.57
-2083.01 -1990.57
-2116.18 -1990.57
-2046.07 -1990.57
-2109.90 -1990.57
-2066.58 -1990.57
-2119.48 -1990.57
-2108.40 -1990.57
-2053.86 -1990.57
-2056.67 -1990.57
-2022.36 -1990.57
-2066.67 -1990.57
-2108.00 -1990.57
-2063.54 -1990.57
-2143.19 -1990.57
-2095.33 -1990.57
-2046.07 -1990.57
-2012.94 -1990.57
-2115.79 -1990.57
-2087.05 -1990.57
-2006.91 -1990.57
-2125.95 -1990.57
-1984.11 -1984.11
-2106.49 -1984.11
-2033.53 -1984.11
-2043.41 -1984.11
-2071.63 -1984.11
-2054.94 -1984.11
-2090.83 -1984.11
-2067.70 -1984.11
-2036.75 -1984.11
-2022.32 -1984.11
-2095.73 -1984.11
-2019.77 -1984.11
-2112.95 -1984.11
-2057.72 -1984.11
-2078.54 -1984.11
-2120.58 -1984.11
-2021.59 -1984.11
-2096.34 -1984.11
-2052.42 -1984.11
-2044.67 -1984.11
-2025.02 -1984.11
-2150.23 -1984.11
-1999.00 -1984.11
-2003.22 -1984.11
-2137.44 -1984.11
-2053.42 -1984.11
-2130.43 -1984.11
-2038.20 -1984.11
-2129.93 -1984.11
-2065.36 -1984.11
-2161.05 -1984.11
-1999.02 -1984.11
-2063.43 -1984.11
-2041.95 -1984.11
-2107.84 -1984.11
-2043.54 -1984.11
-2121.38 -1984.11
-2111.41 -1984.11
-2099.62 -1984.11
-2146.30 -1984.11
-2005.26 -1984.11
-2092.45 -1984.11
-2085.03 -1984.11
-2044.87 -1984.11
-2054.69 -1984.11
-2068.44 -1984.11
-2012.29 -1984.11
-2145.42 -1984.11
-2116.82 -1984.11
-2014.62 -1984.11
-2063.01 -1984.11
-2039.55 -1984.11
-2055.75 -1984.11
-2033.44 -1984.11
-2061.79 -1984.11
-2141.74 -1984.11
-2113.14 -1984.11
-2052.02 -1984.11
-2018.86 -1984.11
-2105.85 -1984.11
-2031.45 -1984.11
-1970.64 -1970.64
-2120.86 -1970.64
-2050.18 -1970.64
-2143.53 -1970.64
-2027.51 -1970.64
-2074.61 -1970.64
-2131.07 -1970.64
-2043.09 -1970.64
-2075.84 -1970.64
-2216.42 -1970.64
-2026.31 -1970.64
-2086.77 -1970.64
-2084.65 -1970.64
-2076.98 -1970.64
-2064.31 -1970.64
-2078.13 -1970.64
-2092.70 -1970.64
-2048.19 -1970.64
-2076.70 -1970.64
-2001.92 -1970.64
-2144.77 -1970.64
-2024.06 -1970.64
-2100.05 -1970.64
-2047.88 -1970.64
-2057.77 -1970.64
-2113.85 -1970.64
-2083.61 -1970.64
-2027.93 -1970.64
-1978.61 -1970.64
-2071.16 -1970.64
-2061.26 -1970.64
-2094.70 -1970.64
-1962.29 -1962.29
-2095.25 -1962.29
-2064.92 -1962.29
-2072.69 -1962.29
-2035.07 -1962.29
-1948.95 -1948.95
-2082.49 -1948.95
-2126.67 -1948.95
-1996.30 -1948.95
-1995.71 -1948.95
-1998.06 -1948.95
-2013.67 -1948.95
-2128.73 -1948.95
-2154.77 -1948.95
-1981.16 -1948.95
-2126.06 -1948.95
-2097.75 -1948.95
-1957.09 -1948.95
-2094.37 -1948.95
-2011.86 -1948.95
-2075.62 -1948.95
-2038.74 -1948.95
-2075.09 -1948.95
-2110.35 -1948.95
-2046.41 -1948.95
-1967.90 -1948.95
-2098.02 -1948.95
-2030.09 -1948.95
-2127.58 -1948.95
-2091.32 -1948.95
-1993.99 -1948.95
-2108.24 -1948.95
-1999.47 -1948.95
-1991.58 -1948.95
-2015.71 -1948.95
-2055.45 -1948.95
-2055.47 -1948.95
-2007.84 -1948.95
-2012.70 -1948.95
-1931.39 -1931.39
-2090.87 -1931.39
-2013.56 -1931.39
-2105.01 -1931.39
-2047.24 -1931.39
-2088.31 -1931.39
-2077.99 -1931.39
-2034.45 -1931.39
-2024.66 -1931.39
-2048.55 -1931.39
-2102.36 -1931.39
-1999.08 -1931.39
-1961.18 -1931.39
-1920.36 -1920.36
-2129.23 -1920.36
-1961.69 -1920.36
-1961.36 -1920.36
-2023.16 -1920.36
-2130.40 -1920.36
-2066.63 -1920.36
-1962.00 -1920.36
-1975.27 -1920.36
-2023.34 -1920.36
-1992.16 -1920.36
-2056.45 -1920.36
-2055.93 -1920.36
-2115.38 -1920.36
-2078.48 -1920.36
-2050.71 -1920.36
-2078.06 -1920.36
-2107.64 -1920.36
-1894.72 -1894.72
-2054.44 -1894.72
-2100.73 -1894.72
-2109.19 -1894.72
-1987.34 -1894.72
-1985.38 -1894.72
-2063.73 -1894.72
-1970.35 -1894.72
-2002.68 -1894.72
-2093.22 -1894.72
-1921.90 -1894.72
-1985.93 -1894.72
-2112.28 -1894.72
-2086.35 -1894.72
-1963.44 -1894.72
-2029.40 -1894.72
-2023.15 -1894.72
-2109.03 -1894.72
-1883.70 -1883.70
-1926.54 -1883.70
-2029.58 -1883.70
-1876.63 -1876.63
-2034.30 -1876.63
-2104.27 -1876.63
-2037.02 -1876.63
-2011.92 -1876.63
-2107.34 -1876.63
-2057.54 -1876.63
-1993.03 -1876.63
-2106.21 -1876.63
-2040.18 -1876.63
-2107.98 -1876.63
-2063.14 -1876.63
-1974.91 -1876.63
-2019.74 -1876.63
-1980.25 -1876.63
-2028.76 -1876.63
-2088.69 -1876.63
-1981.69 -1876.63
-2068.66 -1876.63
-1991.68 -1876.63
-2049.91 -1876.63
-2021.34 -1876.63
-2082.35 -1876.63
-2118.68 -1876.63
-2027.80 -1876.63
-2061.66 -1876.63
-2082.20 -1876.63
-2059.23 -1876.63
-2099.47 -1876.63
-2009.13 -1876.63
-2033.98 -1876.63
-2135.02 -1876.63
-2097.92 -1876.63
-2070.67 -1876.63
-2086.90 -1876.63
-2037.41 -1876.63
-2045.69 -1876.63
-1951.60 -1876.63
-1957.63 -1876.63
-2025.04 -1876.63
-2048.21 -1876.63
-2104.98 -1876.63
-1962.63 -1876.63
-2080.82 -1876.63
-1993.58 -1876.63
-1981.30 -1876.63
-2089.97 -1876.63
-2057.37 -1876.63
-2026.81 -1876.63
-1992.12 -1876.63
-2060.21 -1876.63
-1955.90 -1876.63
-2000.66 -1876.63
-2034.27 -1876.63
-2102.14 -1876.63
-2108.02 -1876.63
-2035.26 -1876.63
-2116.46 -1876.63
-1847.76 -1847.76
-1884.15 -1847.76
-2012.95 -1847.76
-2021.51 -1847.76
-2037.80 -1847.76
-2053.37 -1847.76
-2064.06 -1847.76
-1909.10 -1847.76
-2000.18 -1847.76
-2097.96 -1847.76
-1886.49 -1847.76
-2048.72 -1847.76
-2118.41 -1847.76
-2102.42 -1847.76
-2125.18 -1847.76
-2085.38 -1847.76
-2112.34 -1847.76
-2055.06 -1847.76
-2074.69 -1847.76
-2056.58 -1847.76
-1940.31 -1847.76
-2080.34 -1847.76
-2006.93 -1847.76
-2060.36 -1847.76
-1965.87 -1847.76
-2097.64 -1847.76
-2085.88 -1847.76
-1970.93 -1847.76
-2107.79 -1847.76
-2106.78 -1847.76
-2066.37 -1847.76
-2026.65 -1847.76
-1835.65 -1835.65
-2099.73 -1835.65
-2073.91 -1835.65
-1920.58 -1835.65
-2035.14 -1835.65
-1790.13 -1790.13
-2107.06 -1790.13
-1970.16 -1790.13
-2116.34 -1790.13
-2064.87 -1790.13
-2033.07 -1790.13
-1953.15 -1790.13
-2087.60 -1790.13
-1951.85 -1790.13
-2136.98 -1790.13
-2020.64 -1790.13
-1885.23 -1790.13
-1947.70 -1790.13
-2103.66 -1790.13
-2019.03 -1790.13
-2021.61 -1790.13
-2012.51 -1790.13
-2092.57 -1790.13
-2177.74 -1790.13
-2106.30 -1790.13
-1883.17 -1790.13
-1886.44 -1790.13
-1914.40 -1790.13
-2100.05 -1790.13
-2049.91 -1790.13
-1975.68 -1790.13
-2118.12 -1790.13
-2049.15 -1790.13
-2050.83 -1790.13
-2083.75 -1790.13
-2011.71 -1790.13
-2056.84 -1790.13
-2056.57 -1790.13
-2095.63 -1790.13
-2080.04 -1790.13
-2057.56 -1790.13
-2037.21 -1790.13
-1962.49 -1790.13
-2072.61 -1790.13
-1984.64 -1790.13
-1992.46 -1790.13
-2112.04 -1790.13
-2035.27 -1790.13
-2000.52 -1790.13
-2103.52 -1790.13
-2045.69 -1790.13
-1964.87 -1790.13
-1935.60 -1790.13
-2055.14 -1790.13
-1871.45 -1790.13
-2044.11 -1790.13
-2009.86 -1790.13
-2023.25 -1790.13
-2021.33 -1790.13
-1967.12 -1790.13
-2181.78 -2181.78
-2225.23 -2181.78
-2222.95 -2181.78
-2200.78 -2181.78
