-10000.00 -10000.00
-2425.83 -10000.00
-2400.52 -2400.52
-2414.85 -2400.52
-2379.94 -2379.94
-2393.64 -2379.94
-2387.81 -2379.94
-2400.04 -2379.94
-2391.17 -2379.94
-2392.69 -2379.94
-2382.84 -2379.94
-2362.11 -2362.11
-2341.34 -2341.34
-2366.26 -2341.34
-2355.08 -2341.34
-2371.10 -2341.34
-2379.09 -2341.34
-2342.80 -2341.34
-2376.61 -2341.34
-2342.51 -2341.34
-2350.44 -2341.34
-2340.23 -2340.23
-2235.38 -2235.38
-2324.31 -2235.38
-2260.63 -2235.38
-2264.18 -2235.38
-2356.34 -2235.38
-2315.69 -2235.38
-2375.21 -2235.38
-2347.03 -2235.38
-2213.43 -2213.43
-2265.36 -2213.43
-2270.52 -2213.43
-2362.90 -2213.43
-2344.12 -2213.43
-2307.22 -2213.43
-2265.94 -2213.43
-2240.11 -2213.43
-2331.95 -2213.43
-2343.95 -2213.43
-2280.23 -2213.43
-2307.47 -2213.43
-2233.60 -2213.43
-2218.98 -2213.43
-2244.14 -2213.43
-2286.40 -2213.43
-2342.77 -2213.43
-2230.93 -2213.43
-2315.76 -2213.43
-2337.46 -2213.43
-2338.13 -2213.43
-2334.01 -2213.43
-2340.67 -2213.43
-2278.38 -2213.43
-2239.31 -2213.43
-2238.65 -2213.43
-2247.41 -2213.43
-2274.72 -2213.43
-2243.92 -2213.43
-2224.45 -2213.43
-2346.38 -2213.43
-2238.85 -2213.43
-2218.34 -2213.43
-2218.93 -2213.43
-2361.75 -2213.43
-2289.54 -2213.43
-2317.63 -2213.43
-2285.82 -2213.43
-2325.87 -2213.43
-2366.15 -2213.43
-2335.92 -2213.43
-2357.94 -2213.43
-2313.15 -2213.43
-2335.48 -2213.43
-2315.67 -2213.43
-2317.51 -2213.43
-2215.81 -2213.43
-2253.41 -2213.43
-2278.89 -2213.43
-2281.69 -2213.43
-2321.73 -2213.43
-2279.45 -2213.43
-2245.82 -2213.43
-2270.94 -2213.43
-2221.29 -2213.43
-2241.18 -2213.43
-2328.39 -2213.43
-2260.57 -2213.43
-2303.48 -2213.43
-2259.69 -2213.43
-2260.84 -2213.43
-2283.47 -2213.43
-2256.81 -2213.43
-2332.59 -2213.43
-2298.78 -2213.43
-2277.17 -2213.43
-2385.47 -2213.43
-2325.40 -2213.43
-2271.31 -2213.43
-2264.91 -2213.43
-2304.22 -2213.43
-2307.83 -2213.43
-2330.51 -2213.43
-2352.47 -2213.43
-2241.91 -2213.43
-2290.37 -2213.43
-2239.26 -2213.43
-2273.17 -2213.43
-2258.16 -2213.43
-2363.02 -2213.43
-2339.37 -2213.43
-2268.42 -2213.43
-2295.80 -2213.43
-2285.73 -2213.43
-2355.36 -2213.43
-2248.38 -2213.43
-2234.74 -2213.43
-2307.51 -2213.43
-2247.42 -2213.43
-2328.93 -2213.43
-2342.74 -2213.43
-2227.80 -2213.43
-2266.02 -2213.43
-2231.64 -2213.43
-2245.16 -2213.43
-2327.11 -2213.43
-2235.95 -2213.43
-2285.75 -2213.43
-2348.07 -2213.43
-2308.55 -2213.43
-2294.40 -2213.43
-2243.05 -2213.43
-2274.31 -2213.43
-2315.20 -2213.43
-2228.64 -2213.43
-2293.60 -2213.43
-2255.08 -2213.43
-2292.71 -2213.43
-2339.60 -2213.43
-2206.18 -2206.18
-2260.34 -2206.18
-2242.11 -2206.18
-2349.01 -2206.18
-2275.41 -2206.18
-2228.68 -2206.18
-2393.23 -2206.18
-2331.66 -2206.18
-2217.43 -2206.18
-2285.45 -2206.18
-2320.39 -2206.18
-2314.91 -2206.18
-2237.96 -2206.18
-2303.38 -2206.18
-2209.00 -2206.18
-2291.83 -2206.18
-2287.59 -2206.18
-2266.33 -2206.18
-2261.56 -2206.18
-2297.43 -2206.18
-2233.73 -2206.18
-2402.26 -2206.18
-2356.70 -2206.18
-2164.25 -2164.25
-2282.34 -2164.25
-2287.66 -2164.25
-2210.01 -2164.25
-2291.56 -2164.25
-2254.54 -2164.25
-2247.82 -2164.25
-2259.67 -2164.25
-2298.56 -2164.25
-2314.69 -2164.25
-2191.86 -2164.25
-2224.29 -2164.25
-2246.33 -2164.25
-2289.97 -2164.25
-2306.31 -2164.25
-2283.23 -2164.25
-2305.98 -2164.25
-2339.31 -2164.25
-2248.15 -2164.25
-2239.05 -2164.25
-2172.54 -2164.25
-2325.44 -2164.25
-2305.70 -2164.25
-2297.30 -2164.25
-2178.58 -2164.25
-2207.09 -2164.25
-2173.41 -2164.25
-2236.33 -2164.25
-2189.64 -2164.25
-2266.69 -2164.25
-2193.33 -2164.25
-2233.19 -2164.25
-2207.01 -2164.25
-2209.00 -2164.25
-2233.29 -2164.25
-2363.67 -2164.25
-2219.44 -2164.25
-2333.15 -2164.25
-2234.70 -2164.25
-2229.67 -2164.25
-2274.22 -2164.25
-2210.47 -2164.25
-2205.44 -2164.25
-2159.42 -2159.42
-2300.27 -2159.42
-2231.53 -2159.42
-2209.76 -2159.42
-2196.02 -2159.42
-2179.59 -2159.42
-2246.86 -2159.42
-2326.45 -2159.42
-2250.47 -2159.42
-2202.34 -2159.42
-2199.09 -2159.42
-2211.40 -2159.42
-2234.88 -2159.42
-2330.46 -2159.42
-2300.41 -2159.42
-2313.12 -2159.42
-2206.07 -2159.42
-2309.10 -2159.42
-2314.73 -2159.42
-2248.56 -2159.42
-2228.98 -2159.42
-2252.89 -2159.42
-2268.93 -2159.42
-2286.62 -2159.42
-2229.92 -2159.42
-2195.52 -2159.42
-2271.81 -2159.42
-2211.80 -2159.42
-2159.29 -2159.29
-2286.90 -2159.29
-2277.14 -2159.29
-2234.32 -2159.29
-2207.97 -2159.29
-2268.01 -2159.29
-2263.08 -2159.29
-2241.10 -2159.29
-2141.00 -2141.00
-2231.42 -2141.00
-2215.98 -2141.00
-2179.20 -2141.00
-2093.10 -2093.10
-2169.15 -2093.10
-2224.52 -2093.10
-2274.64 -2093.10
-2201.12 -2093.10
-2294.93 -2093.10
-2117.32 -2093.10
-2226.85 -2093.10
-2256.62 -2093.10
-2093.23 -2093.23
-2268.01 -2093.23
-2086.52 -2086.52
-2295.40 -2086.52
-2286.26 -2086.52
-2266.56 -2086.52
-2191.88 -2086.52
-2263.28 -2086.52
-2233.08 -2086.52
-2154.05 -2086.52
-2272.70 -2086.52
-2239.02 -2086.52
-2267.38 -2086.52
-2247.32 -2086.52
-2319.49 -2086.52
-2242.19 -2086.52
-2164.04 -2086.52
-2218.14 -2086.52
-2078.36 -2078.36
-2301.80 -2078.36
-2246.43 -2078.36
-2167.55 -2078.36
-2325.24 -2078.36
-2087.50 -2078.36
-2306.27 -2078.36
-2321.59 -2078.36
-2211.79 -2078.36
-2260.29 -2078.36
-2222.56 -2078.36
-2258.63 -2078.36
-2109.39 -2078.36
-2212.42 -2078.36
-2285.19 -2078.36
-2373.26 -2078.36
-2321.11 -2078.36
-2122.23 -2078.36
-2262.77 -2078.36
-2278.81 -2078.36
-2205.85 -2078.36
-2127.32 -2078.36
-2140.56 -2078.36
-2196.51 -2078.36
-2230.88 -2078.36
-2251.62 -2078.36
-2293.06 -2078.36
-2257.77 -2078.36
-2183.07 -2078.36
-2302.95 -2078.36
-2239.71 -2078.36
-2110.35 -2078.36
-2257.87 -2078.36
-2087.59 -2078.36
-2265.56 -2078.36
-2140.17 -2078.36
-2309.47 -2078.36
-2228.77 -2078.36
-2320.36 -2078.36
-2231.18 -2078.36
-2214.13 -2078.36
-2216.12 -2078.36
-2252.16 -2078.36
-2243.06 -2078.36
-2240.40 -2078.36
-2289.67 -2078.36
-2364.19 -2078.36
-2284.34 -2078.36
-2189.50 -2078.36
-2257.70 -2078.36
-2101.58 -2078.36
-2279.09 -2078.36
-2226.36 -2078.36
-2233.29 -2078.36
-2243.33 -2078.36
-2189.44 -2078.36
-2277.90 -2078.36
-2189.54 -2078.36
-2291.87 -2078.36
-2147.41 -2078.36
-2077.59 -2077.59
-2250.96 -2077.59
-2210.28 -2077.59
-2148.31 -2077.59
-2293.47 -2077.59
-2202.62 -2077.59
-2122.55 -2077.59
-2218.88 -2077.59
-2285.84 -2077.59
-2182.61 -2077.59
-2172.50 -2077.59
-2111.02 -2077.59
-2267.20 -2077.59
-2123.85 -2077.59
-2195.76 -2077.59
-2291.14 -2077.59
-2058.03 -2058.03
-2190.30 -2058.03
-2254.17 -2058.03
-2320.69 -2058.03
-2161.07 -2058.03
-2212.37 -2058.03
-2189.32 -2058.03
-2281.94 -2058.03
-2268.72 -2058.03
-2256.10 -2058.03
-2219.66 -2058.03
-2147.78 -2058.03
-2293.38 -2058.03
-2171.82 -2058.03
-2286.05 -2058.03
-2232.98 -2058.03
-2292.81 -2058.03
-2294.63 -2058.03
-2058.03 -2058.03
-2215.56 -2058.03
-2239.03 -2058.03
-2210.68 -2058.03
-2182.93 -2058.03
-2252.44 -2058.03
-2319.22 -2058.03
-2279.51 -2058.03
-2304.54 -2058.03
-2304.29 -2058.03
-2263.25 -2058.03
-2183.35 -2058.03
-2129.90 -2058.03
-2338.86 -2058.03
-2210.41 -2058.03
-2098.40 -2058.03
-2280.57 -2058.03
-2068.75 -2058.03
-2194.98 -2058.03
-2282.49 -2058.03
-2266.13 -2058.03
-2162.07 -2058.03
-2099.42 -2058.03
-2258.45 -2058.03
-2316.58 -2058.03
-2292.79 -2058.03
-2226.69 -2058.03
-2261.94 -2058.03
-2255.73 -2058.03
-2112.89 -2058.03
-2217.09 -2058.03
-2128.63 -2058.03
-2207.85 -2058.03
-2186.50 -2058.03
-2219.36 -2058.03
-2315.20 -2058.03
-2327.49 -2058.03
-2141.02 -2058.03
-2153.33 -2058.03
-2268.36 -2058.03
-2296.78 -2058.03
-2299.70 -2058.03
-2238.28 -2058.03
-2288.45 -2058.03
-2291.56 -2058.03
-2243.29 -2058.03
-2052.58 -2052.58
-2168.88 -2052.58
-2165.79 -2052.58
-2273.62 -2052.58
-2346.62 -2052.58
-2257.36 -2052.58
-2433.99 -2052.58
-2432.23 -2052.58
-2413.21 -2052.58
-2377.30 -2377.30
-2360.60 -2360.60
-2393.19 -2360.60
-2364.52 -2360.60
-2351.77 -2351.77
-2367.77 -2351.77
-2348.29 -2348.29
-2367.24 -2348.29
-2346.21 -2346.21
-2353.54 -2346.21
-2355.56 -2346.21
-2296.64 -2296.64
-2239.84 -2239.84
-2283.27 -2239.84
-2251.36 -2239.84
-2306.31 -2239.84
-2210.82 -2210.82
-2238.63 -2210.82
-2312.11 -2210.82
-2235.44 -2210.82
-2324.71 -2210.82
-2282.68 -2210.82
-2293.99 -2210.82
-2293.93 -2210.82
-2329.48 -2210.82
-2310.78 -2210.82
-2278.54 -2210.82
-2321.94 -2210.82
-2289.09 -2210.82
-2347.35 -2210.82
-2261.32 -2210.82
-2275.03 -2210.82
-2253.62 -2210.82
-2237.77 -2210.82
-2257.49 -2210.82
-2256.16 -2210.82
-2330.39 -2210.82
-2331.62 -2210.82
-2287.61 -2210.82
-2244.10 -2210.82
-2245.64 -2210.82
-2271.28 -2210.82
-2348.50 -2210.82
-2206.62 -2206.62
-2296.92 -2206.62
-2210.64 -2206.62
-2249.43 -2206.62
-2283.78 -2206.62
-2229.14 -2206.62
-2256.39 -2206.62
-2261.48 -2206.62
-2281.59 -2206.62
-2207.25 -2206.62
-2296.00 -2206.62
-2376.01 -2206.62
-2315.42 -2206.62
-2294.23 -2206.62
-2257.23 -2206.62
-2280.48 -2206.62
-2299.32 -2206.62
-2183.64 -2183.64
-2265.39 -2183.64
-2227.72 -2183.64
-2283.33 -2183.64
-2244.88 -2183.64
-2236.97 -2183.64
-2233.34 -2183.64
-2309.73 -2183.64
-2323.18 -2183.64
-2206.88 -2183.64
-2187.53 -2183.64
-2282.66 -2183.64
-2201.13 -2183.64
-2267.18 -2183.64
-2252.38 -2183.64
-2239.34 -2183.64
-2287.50 -2183.64
-2295.61 -2183.64
-2203.33 -2183.64
-2259.26 -2183.64
-2320.04 -2183.64
-2336.17 -2183.64
-2318.40 -2183.64
-2261.75 -2183.64
-2260.97 -2183.64
-2203.01 -2183.64
-2271.35 -2183.64
-2284.58 -2183.64
-2271.73 -2183.64
-2201.75 -2183.64
-2211.19 -2183.64
-2308.40 -2183.64
-2316.38 -2183.64
-2212.86 -2183.64
-2215.43 -2183.64
-2218.33 -2183.64
-2246.09 -2183.64
-2263.90 -2183.64
-2334.32 -2183.64
-2194.14 -2183.64
-2241.05 -2183.64
-2190.65 -2183.64
-2260.53 -2183.64
-2204.23 -2183.64
-2255.32 -2183.64
-2217.91 -2183.64
-2330.56 -2183.64
-2241.18 -2183.64
-2207.52 -2183.64
-2258.31 -2183.64
-2290.79 -2183.64
-2359.17 -2183.64
-2245.61 -2183.64
-2327.27 -2183.64
-2264.93 -2183.64
-2219.69 -2183.64
-2303.34 -2183.64
-2273.40 -2183.64
-2277.45 -2183.64
-2323.18 -2183.64
-2226.22 -2183.64
-2336.44 -2183.64
-2190.74 -2183.64
-2275.64 -2183.64
-2212.79 -2183.64
-2343.19 -2183.64
-2263.85 -2183.64
-2315.68 -2183.64
-2368.04 -2183.64
-2362.13 -2183.64
-2328.39 -2183.64
-2247.38 -2183.64
-2331.96 -2183.64
-2291.74 -2183.64
-2191.25 -2183.64
-2250.73 -2183.64
-2295.35 -2183.64
-2335.50 -2183.64
-2281.83 -2183.64
-2324.90 -2183.64
-2228.43 -2183.64
-2217.40 -2183.64
-2154.22 -2154.22
-2274.17 -2154.22
-2324.93 -2154.22
-2218.78 -2154.22
-2160.12 -2154.22
-2389.78 -2154.22
-2243.57 -2154.22
-2213.63 -2154.22
-2339.24 -2154.22
-2253.13 -2154.22
-2200.11 -2154.22
-2302.49 -2154.22
-2325.14 -2154.22
-2327.03 -2154.22
-2296.81 -2154.22
-2182.73 -2154.22
-2279.78 -2154.22
-2174.13 -2154.22
-2182.12 -2154.22
-2243.14 -2154.22
-2250.09 -2154.22
-2239.48 -2154.22
-2136.80 -2136.80
-2293.51 -2136.80
-2250.45 -2136.80
-2272.04 -2136.80
-2268.32 -2136.80
-2173.92 -2136.80
-2178.94 -2136.80
-2216.04 -2136.80
-2209.94 -2136.80
-2222.52 -2136.80
-2301.80 -2136.80
-2264.78 -2136.80
-2264.86 -2136.80
-2315.26 -2136.80
-2240.58 -2136.80
-2240.81 -2136.80
-2288.19 -2136.80
-2290.53 -2136.80
-2228.88 -2136.80
-2240.51 -2136.80
-2353.08 -2136.80
-2301.95 -2136.80
-2240.40 -2136.80
-2233.78 -2136.80
-2204.29 -2136.80
-2225.14 -2136.80
-2264.03 -2136.80
-2276.55 -2136.80
-2143.80 -2136.80
-2306.22 -2136.80
-2185.69 -2136.80
-2258.16 -2136.80
-2313.79 -2136.80
-2305.54 -2136.80
-2338.95 -2136.80
-2250.11 -2136.80
-2191.01 -2136.80
-2230.38 -2136.80
-2221.17 -2136.80
-2286.63 -2136.80
-2308.02 -2136.80
-2139.82 -2136.80
-2290.39 -2136.80
-2272.96 -2136.80
-2300.45 -2136.80
-2184.91 -2136.80
-2233.81 -2136.80
-2289.76 -2136.80
-2240.46 -2136.80
-2276.76 -2136.80
-2169.98 -2136.80
-2317.00 -2136.80
-2163.32 -2136.80
-2226.02 -2136.80
-2353.16 -2136.80
-2258.79 -2136.80
-2280.58 -2136.80
-2294.21 -2136.80
-2309.68 -2136.80
-2158.88 -2136.80
-2200.92 -2136.80
-2318.30 -2136.80
-2244.42 -2136.80
-2259.93 -2136.80
-2307.81 -2136.80
-2205.70 -2136.80
-2252.84 -2136.80
-2306.87 -2136.80
-2279.55 -2136.80
-2266.60 -2136.80
-2208.61 -2136.80
-2239.43 -2136.80
-2229.22 -2136.80
-2324.30 -2136.80
-2277.59 -2136.80
-2197.06 -2136.80
-2214.43 -2136.80
-2298.10 -2136.80
-2163.48 -2136.80
-2208.87 -2136.80
-2270.63 -2136.80
-2205.50 -2136.80
-2188.45 -2136.80
-2186.15 -2136.80
-2316.45 -2136.80
-2221.85 -2136.80
-2284.79 -2136.80
-2298.39 -2136.80
-2269.64 -2136.80
-2220.47 -2136.80
-2202.34 -2136.80
-2244.64 -2136.80
-2270.86 -2136.80
-2273.56 -2136.80
-2246.95 -2136.80
-2216.42 -2136.80
-2187.07 -2136.80
-2313.93 -2136.80
-2375.42 -2136.80
-2236.20 -2136.80
-2199.04 -2136.80
-2210.39 -2136.80
-2337.82 -2136.80
-2208.80 -2136.80
-2250.70 -2136.80
-2206.91 -2136.80
-2279.71 -2136.80
-2244.49 -2136.80
-2277.35 -2136.80
-2318.40 -2136.80
-2278.92 -2136.80
-2278.57 -2136.80
-2283.63 -2136.80
-2245.80 -2136.80
-2235.97 -2136.80
-2304.59 -2136.80
-2182.21 -2136.80
-2155.59 -2136.80
-2244.85 -2136.80
-2261.45 -2136.80
-2187.55 -2136.80
-2238.87 -2136.80
-2148.44 -2136.80
-2297.25 -2136.80
-2155.75 -2136.80
-2219.24 -2136.80
-2235.64 -2136.80
-2287.81 -2136.80
-2198.23 -2136.80
-2195.80 -2136.80
-2265.10 -2136.80
-2321.33 -2136.80
-2347.39 -2136.80
-2329.52 -2136.80
-2182.17 -2136.80
-2219.00 -2136.80
-2345.83 -2136.80
-2191.78 -2136.80
-2236.16 -2136.80
-2168.87 -2136.80
-2168.19 -2136.80
-2255.71 -2136.80
-2220.18 -2136.80
-2199.43 -2136.80
-2245.92 -2136.80
-2315.74 -2136.80
-2273.81 -2136.80
-2291.24 -2136.80
-2276.59 -2136.80
-2360.97 -2136.80
-2186.74 -2136.80
-2130.53 -2130.53
-2278.11 -2130.53
-2275.43 -2130.53
-2234.53 -2130.53
-2261.07 -2130.53
-2177.64 -2130.53
-2257.89 -2130.53
-2247.01 -2130.53
-2350.68 -2130.53
-2307.19 -2130.53
-2221.53 -2130.53
-2228.86 -2130.53
-2350.68 -2130.53
-2292.37 -2130.53
-2251.39 -2130.53
-2308.22 -2130.53
-2295.55 -2130.53
-2287.52 -2130.53
-2193.04 -2130.53
-2259.47 -2130.53
-2318.64 -2130.53
-2336.95 -2130.53
-2143.95 -2130.53
-2262.81 -2130.53
-2245.76 -2130.53
-2239.00 -2130.53
-2287.47 -2130.53
-2100.58 -2100.58
-2262.80 -2100.58
-2280.43 -2100.58
-2322.74 -2100.58
-2278.35 -2100.58
-2262.31 -2100.58
-2207.27 -2100.58
-2206.42 -2100.58
-2243.10 -2100.58
-2251.42 -2100.58
-2228.27 -2100.58
-2229.22 -2100.58
-2282.28 -2100.58
-2284.23 -2100.58
-2250.15 -2100.58
-2209.21 -2100.58
-2293.16 -2100.58
-2132.20 -2100.58
-2360.54 -2100.58
-2231.36 -2100.58
-2237.24 -2100.58
-2268.27 -2100.58
-2134.83 -2100.58
-2252.74 -2100.58
-2325.91 -2100.58
-2336.92 -2100.58
-2246.63 -2100.58
-2196.06 -2100.58
-2097.77 -2097.77
-2139.42 -2097.77
-2190.15 -2097.77
-2259.71 -2097.77
-2142.50 -2097.77
-2285.06 -2097.77
-2159.59 -2097.77
-2216.06 -2097.77
-2259.89 -2097.77
-2320.83 -2097.77
-2305.67 -2097.77
-2193.53 -2097.77
-2347.61 -2097.77
-2285.09 -2097.77
-2305.49 -2097.77
-2318.72 -2097.77
-2248.96 -2097.77
-2191.51 -2097.77
-2249.09 -2097.77
-2232.18 -2097.77
-2345.50 -2097.77
-2239.16 -2097.77
-2154.08 -2097.77
-2247.57 -2097.77
-2153.76 -2097.77
-2309.94 -2097.77
-2156.47 -2097.77
-2287.43 -2097.77
-2233.71 -2097.77
-2200.79 -2097.77
-2326.24 -2097.77
-2203.48 -2097.77
-2211.35 -2097.77
-2260.03 -2097.77
-2303.51 -2097.77
-2310.14 -2097.77
-2219.27 -2097.77
-2206.46 -2097.77
-2130.69 -2097.77
-2140.86 -2097.77
-2263.99 -2097.77
-2436.73 -2097.77
-2317.90 -2097.77
-2432.70 -2097.77
-2386.15 -2386.15
-2380.81 -2380.81
-2377.94 -2377.94
-2396.71 -2377.94
-2401.59 -2377.94
-2393.02 -2377.94
-2416.81 -2377.94
-2388.12 -2377.94
-2382.82 -2377.94
-2384.24 -2377.94
-2414.29 -2377.94
-2438.99 -2377.94
-2386.38 -2377.94
-2430.22 -2377.94
-2364.50 -2364.50
-2394.58 -2364.50
-2359.42 -2359.42
-2367.35 -2359.42
-2412.95 -2359.42
-2385.28 -2359.42
-2357.43 -2357.43
-2353.98 -2353.98
-2310.47 -2310.47
-2308.90 -2308.90
-2292.19 -2292.19
-2330.55 -2292.19
-2337.93 -2292.19
-2356.88 -2292.19
-2298.88 -2292.19
-2277.82 -2277.82
-2251.40 -2251.40
-2310.22 -2251.40
-2288.15 -2251.40
-2276.22 -2251.40
-2293.69 -2251.40
-2308.53 -2251.40
-2306.75 -2251.40
-2251.46 -2251.46
-2250.89 -2250.89
-2331.33 -2250.89
-2316.56 -2250.89
-2268.55 -2250.89
-2311.71 -2250.89
-2297.67 -2250.89
-2269.54 -2250.89
-2327.29 -2250.89
-2247.12 -2247.12
-2276.76 -2247.12
-2217.81 -2217.81
-2286.92 -2217.81
-2345.20 -2217.81
-2252.34 -2217.81
-2302.33 -2217.81
-2213.31 -2213.31
-2340.82 -2213.31
-2275.82 -2213.31
-2346.12 -2213.31
-2314.62 -2213.31
-2316.05 -2213.31
-2238.41 -2213.31
-2311.58 -2213.31
-2287.25 -2213.31
-2339.03 -2213.31
-2260.43 -2213.31
-2291.42 -2213.31
-2311.27 -2213.31
-2251.39 -2213.31
-2287.21 -2213.31
-2275.13 -2213.31
-2311.65 -2213.31
-2302.27 -2213.31
-2338.78 -2213.31
-2298.69 -2213.31
-2250.60 -2213.31
-2269.05 -2213.31
-2328.86 -2213.31
-2304.03 -2213.31
-2252.21 -2213.31
-2290.46 -2213.31
-2258.78 -2213.31
-2310.35 -2213.31
-2262.50 -2213.31
-2240.65 -2213.31
-2283.15 -2213.31
-2194.03 -2194.03
-2266.88 -2194.03
-2255.34 -2194.03
-2294.42 -2194.03
-2260.45 -2194.03
-2217.93 -2194.03
-2295.64 -2194.03
-2249.89 -2194.03
-2346.75 -2194.03
-2213.81 -2194.03
-2250.87 -2194.03
-2352.06 -2194.03
-2332.62 -2194.03
-2287.21 -2194.03
-2334.18 -2194.03
-2320.16 -2194.03
-2206.10 -2194.03
-2293.53 -2194.03
-2321.18 -2194.03
-2323.52 -2194.03
-2286.00 -2194.03
-2288.88 -2194.03
-2349.33 -2194.03
-2287.24 -2194.03
-2229.71 -2194.03
-2267.75 -2194.03
-2255.56 -2194.03
-2201.02 -2194.03
-2313.82 -2194.03
-2260.38 -2194.03
-2336.90 -2194.03
-2213.72 -2194.03
-2329.94 -2194.03
-2369.15 -2194.03
-2301.05 -2194.03
-2298.89 -2194.03
-2267.68 -2194.03
-2246.42 -2194.03
-2248.49 -2194.03
-2190.08 -2190.08
-2287.11 -2190.08
-2211.72 -2190.08
-2235.50 -2190.08
-2345.66 -2190.08
-2187.68 -2187.68
-2217.44 -2187.68
-2259.17 -2187.68
-2180.35 -2180.35
-2289.92 -2180.35
-2329.89 -2180.35
-2241.63 -2180.35
-2301.08 -2180.35
-2248.51 -2180.35
-2265.96 -2180.35
-2298.77 -2180.35
-2264.92 -2180.35
-2282.96 -2180.35
-2326.73 -2180.35
-2253.10 -2180.35
-2226.64 -2180.35
-2380.23 -2180.35
-2308.32 -2180.35
-2306.78 -2180.35
-2219.49 -2180.35
-2249.66 -2180.35
-2317.75 -2180.35
-2171.23 -2171.23
-2142.84 -2142.84
-2244.94 -2142.84
-2219.42 -2142.84
-2170.49 -2142.84
-2287.21 -2142.84
-2165.04 -2142.84
-2220.50 -2142.84
-2287.32 -2142.84
-2189.75 -2142.84
-2326.37 -2142.84
-2314.21 -2142.84
-2240.27 -2142.84
-2190.26 -2142.84
-2275.11 -2142.84
-2150.14 -2142.84
-2258.50 -2142.84
-2188.43 -2142.84
-2321.10 -2142.84
-2307.54 -2142.84
-2312.21 -2142.84
-2187.49 -2142.84
-2210.28 -2142.84
-2335.37 -2142.84
-2269.06 -2142.84
-2290.03 -2142.84
-2188.35 -2142.84
-2313.54 -2142.84
-2229.81 -2142.84
-2292.84 -2142.84
-2287.31 -2142.84
-2261.65 -2142.84
-2298.36 -2142.84
-2177.00 -2142.84
-2232.51 -2142.84
-2272.51 -2142.84
-2258.22 -2142.84
-2180.73 -2142.84
-2185.10 -2142.84
-2286.26 -2142.84
-2344.92 -2142.84
-2252.61 -2142.84
-2164.04 -2142.84
-2258.57 -2142.84
-2314.14 -2142.84
-2293.88 -2142.84
-2241.10 -2142.84
-2225.83 -2142.84
-2308.56 -2142.84
-2255.61 -2142.84
-2249.10 -2142.84
-2241.20 -2142.84
-2158.13 -2142.84
-2280.05 -2142.84
-2283.98 -2142.84
-2242.70 -2142.84
-2313.38 -2142.84
-2285.77 -2142.84
-2211.39 -2142.84
-2319.42 -2142.84
-2305.09 -2142.84
-2300.24 -2142.84
-2337.71 -2142.84
-2359.77 -2142.84
-2210.52 -2142.84
-2222.38 -2142.84
-2116.29 -2116.29
-2267.45 -2116.29
-2123.07 -2116.29
-2342.81 -2116.29
-2200.39 -2116.29
-2136.63 -2116.29
-2273.70 -2116.29
-2323.11 -2116.29
-2276.94 -2116.29
-2263.25 -2116.29
-2228.35 -2116.29
-2269.20 -2116.29
-2159.75 -2116.29
-2272.82 -2116.29
-2278.59 -2116.29
-2238.93 -2116.29
-2260.03 -2116.29
-2283.88 -2116.29
-2202.15 -2116.29
-2238.88 -2116.29
-2326.27 -2116.29
-2151.20 -2116.29
-2238.32 -2116.29
-2158.48 -2116.29
-2156.67 -2116.29
-2129.81 -2116.29
-2316.61 -2116.29
-2262.83 -2116.29
-2200.42 -2116.29
-2252.30 -2116.29
-2253.93 -2116.29
-2264.47 -2116.29
-2213.90 -2116.29
-2323.23 -2116.29
-2241.92 -2116.29
-2275.52 -2116.29
-2205.83 -2116.29
-2233.40 -2116.29
-2269.55 -2116.29
-2100.52 -2100.52
-2222.81 -2100.52
-2181.99 -2100.52
-2278.06 -2100.52
-2296.12 -2100.52
-2212.91 -2100.52
-2136.60 -2100.52
-2226.95 -2100.52
-2218.91 -2100.52
-2161.80 -2100.52
-2320.04 -2100.52
-2306.87 -2100.52
-2193.92 -2100.52
-2209.91 -2100.52
-2130.67 -2100.52
-2292.14 -2100.52
-2247.11 -2100.52
-2342.27 -2100.52
-2326.54 -2100.52
-2313.82 -2100.52
-2303.97 -2100.52
-2298.90 -2100.52
-2334.59 -2100.52
-2272.76 -2100.52
-2246.96 -2100.52
-2235.32 -2100.52
-2285.26 -2100.52
-2293.66 -2100.52
-2280.29 -2100.52
-2190.50 -2100.52
-2332.98 -2100.52
-2256.61 -2100.52
-2293.41 -2100.52
-2347.58 -2100.52
-2306.89 -2100.52
-2318.22 -2100.52
-2213.91 -2100.52
-2237.05 -2100.52
-2226.18 -2100.52
-2224.11 -2100.52
-2313.34 -2100.52
-2186.02 -2100.52
-2291.79 -2100.52
-2144.14 -2100.52
-2319.10 -2100.52
-2192.11 -2100.52
-2318.23 -2100.52
-2213.37 -2100.52
-2193.16 -2100.52
-2307.37 -2100.52
-2194.57 -2100.52
-2153.78 -2100.52
-2250.72 -2100.52
-2192.15 -2100.52
-2061.38 -2061.38
-2297.96 -2061.38
-2152.86 -2061.38
-2162.59 -2061.38
-2284.69 -2061.38
-2125.58 -2061.38
-2234.67 -2061.38
-2180.59 -2061.38
-2188.23 -2061.38
-2289.50 -2061.38
-2201.29 -2061.38
-2335.02 -2061.38
-2150.83 -2061.38
-2234.54 -2061.38
-2156.92 -2061.38
-2128.07 -2061.38
-2334.69 -2061.38
-2262.19 -2061.38
-2174.78 -2061.38
-2222.33 -2061.38
-2361.57 -2061.38
-2149.08 -2061.38
-2181.22 -2061.38
-2319.41 -2061.38
-2228.43 -2061.38
-2245.12 -2061.38
-2300.32 -2061.38
-2062.32 -2062.32
-2122.45 -2062.32
-2194.45 -2062.32
-2062.45 -2062.45
-2198.70 -2062.45
-2240.97 -2062.45
-2294.64 -2062.45
-2139.55 -2062.45
-2261.09 -2062.45
-2277.09 -2062.45
-2112.59 -2062.45
-2133.03 -2062.45
-2241.17 -2062.45
-2169.30 -2062.45
-2170.03 -2062.45
-2230.80 -2062.45
-2222.12 -2062.45
-2262.38 -2062.45
-2250.06 -2062.45
-2019.22 -2019.22
-2133.22 -2019.22
-2073.92 -2019.22
-2282.88 -2019.22
-2145.66 -2019.22
-2225.23 -2019.22
-2176.91 -2019.22
-2245.95 -2019.22
-2258.67 -2019.22
-2352.44 -2019.22
-2116.62 -2019.22
-2170.33 -2019.22
-2207.24 -2019.22
-2290.58 -2019.22
-2235.86 -2019.22
-2219.39 -2019.22
-2139.89 -2019.22
-2217.83 -2019.22
-2220.97 -2019.22
-2404.80 -2019.22
-2248.46 -2019.22
-2317.06 -2019.22
-2318.03 -2019.22
-2271.56 -2019.22
-2224.24 -2019.22
-2300.26 -2019.22
-2088.82 -2019.22
-2203.31 -2019.22
-2126.21 -2019.22
-2149.04 -2019.22
-2297.67 -2019.22
-2306.99 -2019.22
-2240.01 -2019.22
-2151.09 -2019.22
-2290.54 -2019.22
-2193.96 -2019.22
-2143.81 -2019.22
-2190.70 -2019.22
-2228.56 -2019.22
-2144.32 -2019.22
-2275.98 -2019.22
-2394.38 -2019.22
-2216.45 -2019.22
-2230.14 -2019.22
-2152.79 -2019.22
-2311.54 -2019.22
-2309.40 -2019.22
-2274.88 -2019.22
-2261.21 -2019.22
-2232.97 -2019.22
-2186.84 -2019.22
-2054.70 -2019.22
-2148.73 -2019.22
-2278.92 -2019.22
-2318.08 -2019.22
-2107.93 -2019.22
-2224.65 -2019.22
-2307.96 -2019.22
-2256.09 -2019.22
-2141.80 -2019.22
-2405.53 -2405.53
-2414.65 -2405.53
-2414.55 -2405.53
-2407.76 -2407.76
-2411.23 -2407.76
-2422.84 -2407.76
-2395.93 -2395.93
-2385.69 -2385.69
-2370.24 -2370.24
-2331.41 -2331.41
-2362.10 -2331.41
-2296.25 -2296.25
-2303.10 -2296.25
-2348.46 -2296.25
-2301.15 -2296.25
-2393.73 -2296.25
-2301.92 -2296.25
-2348.17 -2296.25
-2282.39 -2282.39
-2294.15 -2282.39
-2247.95 -2247.95
-2300.19 -2247.95
-2278.92 -2247.95
-2266.54 -2247.95
-2283.17 -2247.95
-2214.42 -2214.42
-2273.67 -2214.42
-2218.43 -2214.42
-2361.89 -2214.42
-2264.02 -2214.42
-2220.18 -2214.42
-2234.32 -2214.42
-2352.26 -2214.42
-2265.24 -2214.42
-2299.73 -2214.42
-2292.47 -2214.42
-2214.30 -2214.30
-2195.88 -2195.88
-2330.75 -2195.88
-2238.47 -2195.88
-2285.47 -2195.88
-2236.21 -2195.88
-2287.30 -2195.88
-2225.17 -2195.88
-2267.24 -2195.88
-2331.86 -2195.88
-2250.06 -2195.88
-2316.93 -2195.88
-2320.01 -2195.88
-2190.53 -2190.53
-2293.30 -2190.53
-2203.71 -2190.53
-2147.23 -2147.23
-2318.09 -2147.23
-2263.32 -2147.23
-2213.35 -2147.23
-2238.24 -2147.23
-2342.42 -2147.23
-2260.32 -2147.23
-2197.77 -2147.23
-2206.58 -2147.23
-2248.61 -2147.23
-2174.72 -2147.23
-2270.25 -2147.23
-2303.35 -2147.23
-2342.64 -2147.23
-2261.51 -2147.23
-2128.95 -2128.95
-2367.01 -2128.95
-2317.96 -2128.95
-2300.69 -2128.95
-2216.91 -2128.95
-2303.33 -2128.95
-2248.69 -2128.95
-2367.38 -2128.95
-2089.15 -2089.15
-2222.19 -2089.15
-2182.74 -2089.15
-2108.58 -2089.15
-2150.05 -2089.15
-2244.55 -2089.15
-1984.48 -1984.48
-2292.88 -1984.48
-2087.00 -1984.48
-2092.52 -1984.48
-2313.86 -1984.48
-2166.27 -1984.48
-2100.63 -1984.48
-2247.10 -1984.48
-2156.62 -1984.48
-2257.60 -1984.48
-2144.43 -1984.48
-2166.74 -1984.48
-2310.35 -1984.48
-2172.89 -1984.48
-2277.40 -1984.48
-2180.05 -1984.48
-2080.20 -1984.48
-2214.67 -1984.48
-2094.00 -1984.48
-2144.87 -1984.48
-2222.57 -1984.48
-2034.28 -1984.48
-2108.54 -1984.48
-2227.59 -1984.48
-2258.50 -1984.48
-2274.42 -1984.48
-2200.06 -1984.48
-2236.98 -1984.48
-2232.24 -1984.48
-2190.44 -1984.48
-2291.27 -1984.48
-2276.69 -1984.48
-2111.28 -1984.48
-2251.37 -1984.48
-2048.43 -1984.48
-2268.21 -1984.48
-2176.23 -1984.48
-1989.07 -1989.07
-2183.17 -1989.07
-2074.41 -1989.07
-2198.47 -1989.07
-2079.68 -1989.07
-2155.61 -1989.07
-2259.63 -1989.07
-2179.70 -1989.07
-2260.58 -1989.07
-2201.68 -1989.07
-2198.67 -1989.07
-2188.20 -1989.07
-2184.85 -1989.07
-2157.29 -1989.07
-2247.98 -1989.07
-2271.02 -1989.07
-2279.75 -1989.07
-2294.31 -1989.07
-2158.30 -1989.07
-2227.11 -1989.07
-2254.67 -1989.07
-2180.57 -1989.07
-2294.03 -1989.07
-2157.87 -1989.07
-2249.21 -1989.07
-2301.92 -1989.07
-2106.58 -1989.07
-2161.94 -1989.07
-2178.74 -1989.07
-2166.59 -1989.07
-2286.75 -1989.07
-2051.54 -1989.07
-2176.81 -1989.07
-2292.68 -1989.07
-2230.35 -1989.07
-2314.19 -1989.07
-1980.92 -1980.92
-2264.96 -1980.92
-2076.66 -1980.92
-2240.19 -1980.92
-2033.75 -1980.92
-2130.10 -1980.92
-1993.41 -1980.92
-2268.47 -1980.92
-2214.27 -1980.92
-2309.07 -1980.92
-2160.83 -1980.92
-2278.95 -1980.92
-2347.46 -1980.92
-2122.60 -1980.92
-2194.05 -1980.92
-2084.97 -1980.92
-2295.63 -1980.92
-2131.15 -1980.92
-2103.39 -1980.92
-2055.59 -1980.92
-2135.97 -1980.92
-2282.90 -1980.92
-2230.74 -1980.92
-2292.23 -1980.92
-2165.60 -1980.92
-2166.47 -1980.92
-2236.20 -1980.92
-2177.97 -1980.92
-2129.75 -1980.92
-2319.55 -1980.92
-2077.52 -1980.92
-2178.73 -1980.92
-2268.00 -1980.92
-2192.95 -1980.92
-2235.83 -1980.92
-2296.75 -1980.92
-2374.24 -1980.92
-2119.52 -1980.92
-2237.77 -1980.92
-2263.77 -1980.92
-2222.09 -1980.92
-2229.95 -1980.92
-2114.51 -1980.92
-2257.80 -1980.92
-2271.00 -1980.92
-2161.80 -1980.92
-2254.32 -1980.92
-2247.33 -1980.92
-2344.71 -1980.92
-2183.04 -1980.92
-2258.26 -1980.92
-2033.86 -1980.92
-2260.59 -1980.92
-2018.63 -1980.92
-2156.62 -1980.92
-2120.15 -1980.92
-2050.85 -1980.92
-2207.90 -1980.92
-2233.16 -1980.92
-2300.75 -1980.92
-2197.70 -1980.92
-2215.07 -1980.92
-2185.91 -1980.92
-2236.50 -1980.92
-2125.57 -1980.92
-2201.81 -1980.92
-2288.40 -1980.92
-2308.84 -1980.92
-2212.98 -1980.92
-2313.64 -1980.92
-2211.42 -1980.92
-2188.93 -1980.92
-2273.89 -1980.92
-2277.58 -1980.92
-2007.18 -1980.92
-2073.73 -1980.92
-1910.19 -1910.19
-2251.55 -1910.19
-2114.40 -1910.19
-2192.13 -1910.19
-2191.51 -1910.19
-2224.79 -1910.19
-2231.68 -1910.19
-2271.61 -1910.19
-2239.31 -1910.19
-2264.76 -1910.19
-2255.53 -1910.19
-2187.96 -1910.19
-2169.94 -1910.19
-2340.51 -1910.19
-2081.47 -1910.19
-2090.15 -1910.19
-2291.37 -1910.19
-2132.03 -1910.19
-2225.99 -1910.19
-2283.78 -1910.19
-2094.99 -1910.19
-2126.38 -1910.19
-2193.54 -1910.19
-2355.15 -1910.19
-2111.17 -1910.19
-2209.97 -1910.19
-2127.84 -1910.19
-2271.85 -1910.19
-2298.93 -1910.19
-2131.13 -1910.19
-2124.50 -1910.19
-2106.62 -1910.19
-2033.47 -1910.19
-2310.76 -1910.19
-1988.78 -1910.19
-2257.85 -1910.19
-2192.77 -1910.19
-2261.99 -1910.19
-2149.91 -1910.19
-2196.99 -1910.19
-2210.40 -1910.19
-2259.99 -1910.19
-2204.99 -1910.19
-2149.30 -1910.19
-2278.78 -1910.19
-2183.02 -1910.19
-2183.31 -1910.19
-2275.35 -1910.19
-2124.46 -1910.19
-2248.34 -1910.19
-2153.70 -1910.19
-2304.76 -1910.19
-2117.72 -1910.19
-2191.39 -1910.19
-2295.72 -1910.19
-1959.89 -1910.19
-2324.38 -1910.19
-2249.01 -1910.19
-2084.25 -1910.19
-2284.37 -1910.19
-2276.52 -1910.19
-2288.67 -1910.19
-2029.36 -1910.19
-2272.14 -1910.19
-2049.20 -1910.19
-2280.15 -1910.19
-2168.46 -1910.19
-2114.96 -1910.19
-2154.19 -1910.19
-2272.01 -1910.19
-2265.43 -1910.19
-2191.12 -1910.19
-2264.11 -1910.19
-2200.89 -1910.19
-2215.34 -1910.19
-2029.10 -1910.19
-2286.54 -1910.19
-2178.86 -1910.19
-2272.21 -1910.19
-2294.59 -1910.19
-2112.51 -1910.19
-2198.88 -1910.19
-2257.65 -1910.19
-2053.74 -1910.19
-2123.13 -1910.19
-2227.67 -1910.19
-2241.72 -1910.19
-2145.49 -1910.19
-2209.36 -1910.19
-2276.24 -1910.19
-2198.23 -1910.19
-2195.81 -1910.19
-2297.20 -1910.19
-2243.64 -1910.19
-2337.49 -1910.19
-2273.39 -1910.19
-2316.15 -1910.19
-2129.41 -1910.19
-2274.66 -1910.19
-2220.96 -1910.19
-2130.74 -1910.19
-2211.63 -1910.19
-2306.41 -1910.19
-2171.93 -1910.19
-2154.47 -1910.19
-2180.97 -1910.19
-2033.26 -1910.19
-2249.36 -1910.19
-2132.18 -1910.19
-1996.82 -1910.19
-2188.33 -1910.19
-2262.00 -1910.19
-2033.94 -1910.19
-2318.13 -1910.19
-2145.11 -1910.19
-2107.09 -1910.19
-2181.34 -1910.19
-2185.08 -1910.19
-2187.56 -1910.19
-2327.73 -1910.19
-2165.13 -1910.19
-2282.26 -1910.19
-2215.16 -1910.19
-2226.71 -1910.19
-2248.47 -1910.19
-2212.29 -1910.19
-2265.99 -1910.19
-2163.22 -1910.19
-2047.88 -1910.19
-2221.07 -1910.19
-2120.11 -1910.19
-2222.67 -1910.19
-2246.92 -1910.19
-2226.77 -1910.19
-2027.13 -1910.19
-2159.31 -1910.19
-2196.30 -1910.19
-2142.44 -1910.19
-2029.89 -1910.19
-2328.56 -1910.19
-2198.78 -1910.19
-2271.27 -1910.19
-2169.50 -1910.19
-2309.74 -1910.19
-2082.97 -1910.19
-2084.43 -1910.19
-2311.29 -1910.19
-2295.54 -1910.19
-2262.30 -1910.19
-2102.52 -1910.19
-2178.54 -1910.19
-2279.39 -1910.19
-2027.78 -1910.19
-2291.23 -1910.19
-2295.15 -1910.19
-2286.09 -1910.19
-2233.16 -1910.19
-2259.66 -1910.19
-2162.41 -1910.19
-2266.30 -1910.19
-2230.38 -1910.19
-2135.11 -1910.19
-2196.08 -1910.19
-2195.84 -1910.19
-2245.11 -1910.19
-2273.72 -1910.19
-2268.66 -1910.19
-2269.06 -1910.19
-2270.26 -1910.19
-2059.91 -1910.19
-2246.96 -1910.19
-2232.58 -1910.19
-2137.05 -1910.19
-2157.30 -1910.19
-2301.98 -1910.19
-2214.97 -1910.19
-2197.74 -1910.19
-2311.73 -1910.19
-2062.51 -1910.19
-2145.55 -1910.19
-2160.14 -1910.19
-2220.09 -1910.19
-2272.89 -1910.19
-2293.42 -1910.19
-2133.10 -1910.19
-2169.74 -1910.19
-2421.11 -1910.19
-2446.90 -1910.19
-2445.88 -1910.19
-2436.66 -1910.19
-2433.10 -1910.19
-2389.38 -2389.38
-2403.08 -2389.38
-2431.59 -2389.38
-2377.00 -2377.00
-2346.11 -2346.11
-2410.57 -2346.11
-2336.35 -2336.35
-2317.23 -2317.23
-2329.23 -2317.23
-2352.56 -2317.23
-2362.28 -2317.23
-2327.12 -2317.23
-2351.99 -2317.23
-2366.16 -2317.23
-2308.27 -2308.27
-2259.61 -2259.61
-2352.93 -2259.61
-2306.65 -2259.61
-2263.79 -2259.61
-2265.74 -2259.61
-2283.47 -2259.61
-2316.50 -2259.61
-2323.00 -2259.61
-2283.80 -2259.61
-2287.72 -2259.61
-2275.45 -2259.61
-2270.97 -2259.61
-2256.92 -2256.92
-2314.66 -2256.92
-2327.56 -2256.92
-2418.67 -2256.92
-2277.68 -2256.92
-2320.73 -2256.92
-2380.02 -2256.92
-2306.55 -2256.92
-2337.81 -2256.92
-2347.85 -2256.92
-2304.97 -2256.92
-2310.82 -2256.92
-2206.91 -2206.91
-2315.13 -2206.91
-2213.76 -2206.91
-2334.30 -2206.91
-2261.88 -2206.91
-2256.84 -2206.91
-2353.04 -2206.91
-2292.68 -2206.91
-2384.51 -2206.91
-2255.11 -2206.91
-2357.13 -2206.91
-2286.14 -2206.91
-2229.09 -2206.91
-2233.99 -2206.91
-2253.04 -2206.91
-2245.98 -2206.91
-2366.07 -2206.91
-2256.94 -2206.91
-2263.57 -2206.91
-2303.09 -2206.91
-2252.47 -2206.91
-2328.29 -2206.91
-2365.58 -2206.91
-2326.49 -2206.91
-2309.01 -2206.91
-2209.46 -2206.91
-2314.24 -2206.91
-2315.74 -2206.91
-2237.60 -2206.91
-2236.93 -2206.91
-2362.79 -2206.91
-2217.87 -2206.91
-2288.32 -2206.91
-2255.61 -2206.91
-2290.27 -2206.91
-2291.46 -2206.91
-2240.10 -2206.91
-2341.81 -2206.91
-2262.31 -2206.91
-2331.29 -2206.91
-2273.71 -2206.91
-2310.78 -2206.91
-2244.88 -2206.91
-2274.59 -2206.91
-2275.62 -2206.91
-2237.93 -2206.91
-2307.44 -2206.91
-2279.73 -2206.91
-2314.88 -2206.91
-2275.74 -2206.91
-2346.46 -2206.91
-2312.35 -2206.91
-2273.90 -2206.91
-2267.23 -2206.91
-2282.03 -2206.91
-2254.14 -2206.91
-2273.83 -2206.91
-2272.18 -2206.91
-2285.21 -2206.91
-2263.73 -2206.91
-2265.37 -2206.91
-2293.95 -2206.91
-2238.46 -2206.91
-2267.59 -2206.91
-2312.80 -2206.91
-2191.76 -2191.76
-2355.94 -2191.76
-2313.10 -2191.76
-2274.78 -2191.76
-2295.34 -2191.76
-2365.75 -2191.76
-2380.37 -2191.76
-2277.33 -2191.76
-2295.91 -2191.76
-2248.26 -2191.76
-2238.44 -2191.76
-2251.66 -2191.76
-2237.70 -2191.76
-2195.49 -2191.76
-2286.27 -2191.76
-2247.26 -2191.76
-2294.50 -2191.76
-2301.53 -2191.76
-2195.73 -2191.76
-2296.83 -2191.76
-2258.93 -2191.76
-2310.17 -2191.76
-2283.76 -2191.76
-2237.12 -2191.76
-2260.32 -2191.76
-2247.86 -2191.76
-2277.05 -2191.76
-2330.15 -2191.76
-2242.25 -2191.76
-2315.90 -2191.76
-2214.15 -2191.76
-2303.70 -2191.76
-2349.57 -2191.76
-2269.16 -2191.76
-2168.62 -2168.62
-2212.77 -2168.62
-2314.85 -2168.62
-2344.89 -2168.62
-2232.50 -2168.62
-2164.32 -2164.32
-2218.43 -2164.32
-2237.50 -2164.32
-2267.87 -2164.32
-2232.52 -2164.32
-2275.22 -2164.32
-2314.22 -2164.32
-2322.77 -2164.32
-2201.92 -2164.32
-2276.51 -2164.32
-2205.47 -2164.32
-2213.49 -2164.32
-2240.66 -2164.32
-2194.96 -2164.32
-2199.30 -2164.32
-2266.91 -2164.32
-2176.82 -2164.32
-2303.77 -2164.32
-2232.48 -2164.32
-2304.08 -2164.32
-2181.03 -2164.32
-2186.36 -2164.32
-2191.01 -2164.32
-2262.16 -2164.32
-2258.11 -2164.32
-2281.24 -2164.32
-2334.54 -2164.32
-2264.51 -2164.32
-2252.52 -2164.32
-2235.08 -2164.32
-2214.15 -2164.32
-2209.38 -2164.32
-2258.81 -2164.32
-2307.16 -2164.32
-2226.63 -2164.32
-2209.18 -2164.32
-2203.82 -2164.32
-2294.31 -2164.32
-2228.34 -2164.32
-2254.32 -2164.32
-2223.25 -2164.32
-2267.92 -2164.32
-2335.78 -2164.32
-2312.93 -2164.32
-2266.37 -2164.32
-2261.81 -2164.32
-2236.65 -2164.32
-2261.60 -2164.32
-2273.03 -2164.32
-2311.57 -2164.32
-2207.73 -2164.32
-2317.54 -2164.32
-2141.25 -2141.25
-2152.08 -2141.25
-2293.14 -2141.25
-2234.44 -2141.25
-2196.16 -2141.25
-2201.62 -2141.25
-2192.68 -2141.25
-2189.55 -2141.25
-2209.81 -2141.25
-2210.31 -2141.25
-2266.00 -2141.25
-2286.28 -2141.25
-2198.39 -2141.25
-2279.60 -2141.25
-2212.24 -2141.25
-2223.32 -2141.25
-2310.28 -2141.25
-2159.99 -2141.25
-2195.68 -2141.25
-2193.35 -2141.25
-2235.60 -2141.25
-2303.00 -2141.25
-2123.22 -2123.22
-2172.74 -2123.22
-2209.95 -2123.22
-2196.94 -2123.22
-2182.34 -2123.22
-2277.26 -2123.22
-2293.12 -2123.22
-2265.94 -2123.22
-2280.30 -2123.22
-2128.33 -2123.22
-2146.98 -2123.22
-2270.12 -2123.22
-2237.42 -2123.22
-2136.47 -2123.22
-2172.13 -2123.22
-2155.48 -2123.22
-2273.22 -2123.22
-2196.64 -2123.22
-2310.93 -2123.22
-2210.58 -2123.22
-2153.02 -2123.22
-2298.11 -2123.22
-2219.81 -2123.22
-2164.56 -2123.22
-2224.36 -2123.22
-2214.33 -2123.22
-2172.71 -2123.22
-2299.38 -2123.22
-2331.21 -2123.22
-2186.11 -2123.22
-2140.08 -2123.22
-2255.45 -2123.22
-2366.05 -2123.22
-2183.95 -2123.22
-2339.24 -2123.22
-2248.41 -2123.22
-2093.33 -2093.33
-2263.01 -2093.33
-2232.64 -2093.33
-2197.67 -2093.33
-2165.06 -2093.33
-2176.22 -2093.33
-2310.01 -2093.33
-2282.44 -2093.33
-2175.69 -2093.33
-2327.37 -2093.33
-2244.91 -2093.33
-2220.08 -2093.33
-2206.69 -2093.33
-2186.97 -2093.33
-2170.11 -2093.33
-2135.83 -2093.33
-2214.95 -2093.33
-2293.58 -2093.33
-2230.94 -2093.33
-2333.52 -2093.33
-2238.09 -2093.33
-2126.54 -2093.33
-2301.16 -2093.33
-2399.75 -2093.33
-2196.82 -2093.33
-2195.91 -2093.33
-2258.54 -2093.33
-2331.33 -2093.33
-2132.09 -2093.33
-2182.60 -2093.33
-2346.14 -2093.33
-2339.16 -2093.33
-2313.25 -2093.33
-2211.06 -2093.33
-2192.26 -2093.33
-2293.30 -2093.33
-2326.14 -2093.33
-2198.75 -2093.33
-2147.03 -2093.33
-2300.18 -2093.33
-2339.15 -2093.33
-2149.31 -2093.33
-2258.45 -2093.33
-2361.21 -2093.33
-2210.88 -2093.33
-2280.91 -2093.33
-2206.17 -2093.33
-2231.10 -2093.33
-2283.83 -2093.33
-2258.83 -2093.33
-2100.16 -2093.33
-2141.15 -2093.33
-2305.13 -2093.33
-2269.21 -2093.33
-2292.58 -2093.33
-2117.55 -2093.33
-2107.89 -2093.33
-2263.48 -2093.33
-2102.58 -2093.33
-2257.87 -2093.33
-2281.37 -2093.33
-2223.92 -2093.33
-2236.07 -2093.33
-2210.67 -2093.33
-2278.07 -2093.33
-2214.87 -2093.33
-2273.79 -2093.33
-2285.96 -2093.33
-2065.70 -2065.70
-2149.11 -2065.70
-2250.14 -2065.70
-2128.39 -2065.70
-2298.73 -2065.70
-2263.96 -2065.70
-2171.45 -2065.70
-2159.55 -2065.70
-2112.37 -2065.70
-2034.67 -2034.67
-2275.47 -2034.67
-2257.06 -2034.67
-2302.30 -2034.67
-2243.43 -2034.67
-2122.58 -2034.67
-2295.45 -2034.67
-2223.43 -2034.67
-2298.81 -2034.67
-2206.36 -2034.67
-2265.54 -2034.67
-2117.82 -2034.67
-2218.95 -2034.67
-2137.64 -2034.67
-2276.36 -2034.67
-2213.96 -2034.67
-2150.17 -2034.67
-2289.96 -2034.67
-2254.23 -2034.67
-2007.35 -2007.35
-2294.76 -2007.35
-2289.23 -2007.35
-2304.23 -2007.35
-2216.25 -2007.35
-2272.96 -2007.35
-2085.68 -2007.35
-2206.90 -2007.35
-2267.77 -2007.35
-2111.69 -2007.35
-2092.95 -2007.35
-2028.36 -2007.35
-2179.17 -2007.35
-2171.77 -2007.35
-2295.78 -2007.35
-2272.45 -2007.35
-2249.89 -2007.35
-2292.34 -2007.35
-2298.16 -2007.35
-2160.03 -2007.35
-2208.74 -2007.35
-2058.51 -2007.35
-2197.73 -2007.35
-2202.32 -2007.35
-2223.14 -2007.35
-2258.27 -2007.35
-2167.19 -2007.35
-2208.65 -2007.35
-2297.93 -2007.35
-2292.26 -2007.35
-2211.65 -2007.35
-2190.56 -2007.35
-2127.88 -2007.35
-2229.82 -2007.35
-2264.90 -2007.35
-2089.71 -2007.35
-2093.46 -2007.35
-2171.94 -2007.35
-2307.92 -2007.35
-2318.05 -2007.35
-2103.56 -2007.35
-2239.16 -2007.35
-2068.49 -2007.35
-2365.93 -2007.35
-2265.93 -2007.35
-2207.99 -2007.35
-2116.07 -2007.35
-2213.30 -2007.35
-2338.16 -2007.35
-2321.87 -2007.35
-2214.17 -2007.35
-2055.29 -2007.35
-2182.15 -2007.35
-2270.38 -2007.35
-2140.88 -2007.35
-2134.31 -2007.35
-2339.73 -2007.35
-1985.12 -1985.12
-2282.25 -1985.12
-2325.00 -1985.12
-2194.64 -1985.12
-2205.33 -1985.12
-2400.59 -2400.59
-2403.27 -2400.59
-2399.36 -2399.36
-2407.60 -2399.36
-2401.75 -2399.36
-2410.06 -2399.36
-2417.77 -2399.36
-2430.20 -2399.36
-2413.70 -2399.36
-2389.45 -2389.45
-2431.80 -2389.45
-2392.03 -2389.45
-2408.84 -2389.45
-2355.46 -2355.46
-2359.05 -2359.05
-2333.51 -2333.51
-2362.61 -2333.51
-2369.59 -2333.51
-2383.15 -2333.51
-2331.68 -2331.68
-2321.09 -2321.09
-2287.79 -2287.79
-2327.24 -2287.79
-2325.00 -2287.79
-2338.82 -2287.79
-2352.23 -2287.79
-2360.24 -2287.79
-2368.29 -2287.79
-2339.17 -2287.79
-2393.95 -2287.79
-2362.85 -2287.79
-2334.52 -2287.79
-2369.38 -2287.79
-2360.33 -2287.79
-2305.63 -2287.79
-2350.21 -2287.79
-2299.18 -2287.79
-2338.63 -2287.79
-2299.16 -2287.79
-2384.22 -2287.79
-2357.31 -2287.79
-2363.29 -2287.79
-2375.71 -2287.79
-2330.43 -2287.79
-2348.20 -2287.79
-2375.32 -2287.79
-2335.04 -2287.79
-2367.44 -2287.79
-2355.56 -2287.79
-2345.30 -2287.79
-2345.53 -2287.79
-2366.70 -2287.79
-2329.64 -2287.79
-2345.81 -2287.79
-2312.04 -2287.79
-2326.04 -2287.79
-2332.29 -2287.79
-2384.93 -2287.79
-2353.97 -2287.79
-2343.59 -2287.79
-2347.90 -2287.79
-2330.00 -2287.79
-2351.39 -2287.79
-2344.96 -2287.79
-2346.74 -2287.79
-2366.82 -2287.79
-2353.41 -2287.79
-2356.54 -2287.79
-2333.65 -2287.79
-2307.88 -2287.79
-2342.37 -2287.79
-2298.51 -2287.79
-2324.78 -2287.79
-2352.98 -2287.79
-2342.86 -2287.79
-2314.55 -2287.79
-2317.57 -2287.79
-2386.38 -2287.79
-2345.96 -2287.79
-2346.74 -2287.79
-2371.49 -2287.79
-2314.19 -2287.79
-2348.87 -2287.79
-2359.80 -2287.79
-2332.15 -2287.79
-2392.62 -2287.79
-2328.73 -2287.79
-2316.21 -2287.79
-2316.58 -2287.79
-2374.63 -2287.79
-2366.31 -2287.79
-2354.37 -2287.79
-2349.50 -2287.79
-2309.38 -2287.79
-2350.76 -2287.79
-2357.37 -2287.79
-2383.39 -2287.79
-2345.16 -2287.79
-2373.96 -2287.79
-2343.86 -2287.79
-2350.26 -2287.79
-2355.54 -2287.79
-2333.56 -2287.79
-2318.94 -2287.79
-2334.98 -2287.79
-2389.18 -2287.79
-2288.04 -2288.04
-2268.40 -2268.40
-2361.49 -2268.40
-2307.00 -2268.40
-2256.14 -2256.14
-2376.51 -2256.14
-2213.87 -2213.87
-2283.04 -2213.87
-2262.22 -2213.87
-2245.90 -2213.87
-2257.44 -2213.87
-2278.96 -2213.87
-2337.62 -2213.87
-2248.10 -2213.87
-2313.13 -2213.87
-2330.50 -2213.87
-2255.02 -2213.87
-2361.57 -2213.87
-2316.40 -2213.87
-2270.90 -2213.87
-2283.99 -2213.87
-2277.76 -2213.87
-2306.86 -2213.87
-2222.92 -2213.87
-2328.47 -2213.87
-2245.56 -2213.87
-2304.33 -2213.87
-2257.80 -2213.87
-2297.88 -2213.87
-2280.41 -2213.87
-2261.83 -2213.87
-2255.99 -2213.87
-2315.39 -2213.87
-2305.17 -2213.87
-2256.96 -2213.87
-2259.68 -2213.87
-2290.23 -2213.87
-2231.40 -2213.87
-2225.93 -2213.87
-2254.94 -2213.87
-2234.72 -2213.87
-2342.12 -2213.87
-2253.05 -2213.87
-2314.81 -2213.87
-2256.98 -2213.87
-2325.81 -2213.87
-2280.17 -2213.87
-2276.49 -2213.87
-2258.85 -2213.87
-2220.44 -2213.87
-2311.32 -2213.87
-2277.41 -2213.87
-2262.44 -2213.87
-2256.24 -2213.87
-2362.42 -2213.87
-2284.31 -2213.87
-2319.18 -2213.87
-2333.29 -2213.87
-2330.63 -2213.87
-2238.06 -2213.87
-2222.34 -2213.87
-2337.12 -2213.87
-2316.11 -2213.87
-2338.49 -2213.87
-2284.51 -2213.87
-2219.76 -2213.87
-2248.40 -2213.87
-2288.45 -2213.87
-2277.14 -2213.87
-2215.02 -2213.87
-2343.25 -2213.87
-2355.36 -2213.87
-2377.39 -2213.87
-2337.98 -2213.87
-2250.33 -2213.87
-2296.45 -2213.87
-2378.28 -2213.87
-2318.00 -2213.87
-2243.16 -2213.87
-2337.44 -2213.87
-2229.27 -2213.87
-2354.12 -2213.87
-2328.82 -2213.87
-2299.46 -2213.87
-2239.67 -2213.87
-2277.57 -2213.87
-2313.39 -2213.87
-2311.46 -2213.87
-2251.04 -2213.87
-2295.15 -2213.87
-2165.98 -2165.98
-2230.41 -2165.98
-2333.82 -2165.98
-2324.22 -2165.98
-2254.00 -2165.98
-2307.32 -2165.98
-2302.09 -2165.98
-2253.55 -2165.98
-2371.79 -2165.98
-2249.88 -2165.98
-2271.85 -2165.98
-2300.57 -2165.98
-2274.64 -2165.98
-2285.00 -2165.98
-2306.58 -2165.98
-2410.40 -2165.98
-2328.42 -2165.98
-2259.17 -2165.98
-2234.54 -2165.98
-2295.17 -2165.98
-2389.20 -2165.98
-2227.75 -2165.98
-2254.37 -2165.98
-2251.01 -2165.98
-2310.55 -2165.98
-2248.52 -2165.98
-2312.74 -2165.98
-2279.54 -2165.98
-2252.70 -2165.98
-2212.72 -2165.98
-2278.40 -2165.98
-2288.45 -2165.98
-2402.34 -2165.98
-2266.38 -2165.98
-2297.10 -2165.98
-2281.75 -2165.98
-2273.46 -2165.98
-2210.37 -2165.98
-2310.60 -2165.98
-2428.05 -2165.98
-2297.26 -2165.98
-2331.38 -2165.98
-2301.16 -2165.98
-2284.20 -2165.98
-2345.12 -2165.98
-2253.66 -2165.98
-2221.68 -2165.98
-2255.79 -2165.98
-2313.32 -2165.98
-2271.89 -2165.98
-2364.14 -2165.98
-2281.67 -2165.98
-2272.12 -2165.98
-2373.79 -2165.98
-2264.57 -2165.98
-2376.06 -2165.98
-2274.11 -2165.98
-2251.55 -2165.98
-2302.84 -2165.98
-2285.76 -2165.98
-2214.86 -2165.98
-2313.80 -2165.98
-2226.00 -2165.98
-2290.68 -2165.98
-2260.44 -2165.98
-2257.71 -2165.98
-2264.14 -2165.98
-2314.10 -2165.98
-2302.93 -2165.98
-2229.49 -2165.98
-2226.38 -2165.98
-2206.70 -2165.98
-2286.11 -2165.98
-2266.24 -2165.98
-2244.92 -2165.98
-2384.82 -2165.98
-2192.67 -2165.98
-2274.66 -2165.98
-2276.94 -2165.98
-2264.03 -2165.98
-2296.96 -2165.98
-2214.31 -2165.98
-2264.50 -2165.98
-2389.60 -2165.98
-2392.64 -2165.98
-2285.84 -2165.98
-2249.42 -2165.98
-2259.08 -2165.98
-2213.71 -2165.98
-2274.73 -2165.98
-2331.80 -2165.98
-2260.62 -2165.98
-2250.38 -2165.98
-2230.40 -2165.98
-2255.10 -2165.98
-2304.47 -2165.98
-2249.98 -2165.98
-2253.36 -2165.98
-2296.66 -2165.98
-2274.36 -2165.98
-2229.67 -2165.98
-2200.81 -2165.98
-2339.64 -2165.98
-2238.20 -2165.98
-2319.71 -2165.98
-2239.83 -2165.98
-2295.53 -2165.98
-2298.47 -2165.98
-2273.23 -2165.98
-2347.89 -2165.98
-2211.35 -2165.98
-2326.46 -2165.98
-2300.79 -2165.98
-2317.30 -2165.98
-2269.18 -2165.98
-2263.93 -2165.98
-2291.17 -2165.98
-2299.71 -2165.98
-2284.28 -2165.98
-2301.82 -2165.98
-2236.13 -2165.98
-2342.61 -2165.98
-2287.38 -2165.98
-2341.62 -2165.98
-2307.82 -2165.98
-2318.00 -2165.98
-2352.95 -2165.98
-2210.97 -2165.98
-2283.80 -2165.98
-2330.29 -2165.98
-2279.60 -2165.98
-2288.32 -2165.98
-2281.09 -2165.98
-2210.28 -2165.98
-2324.28 -2165.98
-2265.76 -2165.98
-2312.79 -2165.98
-2276.95 -2165.98
-2257.98 -2165.98
-2312.71 -2165.98
-2304.76 -2165.98
-2316.76 -2165.98
-2216.23 -2165.98
-2282.16 -2165.98
-2344.55 -2165.98
-2299.93 -2165.98
-2260.17 -2165.98
-2250.32 -2165.98
-2209.72 -2165.98
-2291.13 -2165.98
-2294.03 -2165.98
-2296.58 -2165.98
-2241.89 -2165.98
-2276.73 -2165.98
-2283.19 -2165.98
-2249.35 -2165.98
-2399.95 -2165.98
-2297.95 -2165.98
-2327.21 -2165.98
-2265.42 -2165.98
-2182.13 -2165.98
-2204.76 -2165.98
-2335.96 -2165.98
-2293.26 -2165.98
-2236.09 -2165.98
-2302.60 -2165.98
-2248.79 -2165.98
-2248.35 -2165.98
-2210.96 -2165.98
-2261.28 -2165.98
-2243.24 -2165.98
-2336.38 -2165.98
-2272.55 -2165.98
-2210.11 -2165.98
-2323.19 -2165.98
-2248.60 -2165.98
-2265.86 -2165.98
-2272.67 -2165.98
-2298.56 -2165.98
-2284.03 -2165.98
-2284.12 -2165.98
-2260.46 -2165.98
-2332.78 -2165.98
-2300.43 -2165.98
-2224.20 -2165.98
-2330.35 -2165.98
-2257.17 -2165.98
-2198.59 -2165.98
-2220.97 -2165.98
-2311.29 -2165.98
-2270.50 -2165.98
-2248.88 -2165.98
-2272.43 -2165.98
-2307.34 -2165.98
-2284.64 -2165.98
-2284.36 -2165.98
-2219.85 -2165.98
-2263.25 -2165.98
-2320.28 -2165.98
-2300.04 -2165.98
-2243.99 -2165.98
-2224.13 -2165.98
-2291.73 -2165.98
-2356.31 -2165.98
-2308.99 -2165.98
-2298.77 -2165.98
-2337.04 -2165.98
-2231.73 -2165.98
-2395.53 -2165.98
-2213.80 -2165.98
-2296.66 -2165.98
-2297.64 -2165.98
-2419.02 -2165.98
-2232.45 -2165.98
-2278.50 -2165.98
-2288.92 -2165.98
-2299.05 -2165.98
-2289.86 -2165.98
-2294.27 -2165.98
-2300.10 -2165.98
-2417.90 -2165.98
-2456.69 -2165.98
-2451.06 -2165.98
-2400.30 -2400.30
-2421.85 -2400.30
-2403.46 -2400.30
-2411.05 -2400.30
-2416.78 -2400.30
-2423.15 -2400.30
-2419.57 -2400.30
-2386.39 -2386.39
-2370.25 -2370.25
-2379.65 -2370.25
-2418.24 -2370.25
-2358.88 -2358.88
-2379.31 -2358.88
-2350.20 -2350.20
-2379.67 -2350.20
-2394.69 -2350.20
-2347.54 -2347.54
-2405.78 -2347.54
-2369.09 -2347.54
-2366.60 -2347.54
-2375.51 -2347.54
-2363.97 -2347.54
-2345.44 -2345.44
-2342.53 -2342.53
-2360.38 -2342.53
-2356.89 -2342.53
-2345.44 -2342.53
-2376.90 -2342.53
-2347.81 -2342.53
-2346.12 -2342.53
-2356.50 -2342.53
-2341.85 -2341.85
-2402.86 -2341.85
-2322.13 -2322.13
-2293.67 -2293.67
-2359.05 -2293.67
-2317.82 -2293.67
-2344.15 -2293.67
-2379.78 -2293.67
-2402.42 -2293.67
-2329.56 -2293.67
-2298.30 -2293.67
-2301.68 -2293.67
-2335.96 -2293.67
-2319.06 -2293.67
-2354.06 -2293.67
-2334.00 -2293.67
-2316.82 -2293.67
-2364.74 -2293.67
-2338.67 -2293.67
-2347.53 -2293.67
-2336.06 -2293.67
-2356.60 -2293.67
-2354.26 -2293.67
-2353.18 -2293.67
-2271.15 -2271.15
-2351.69 -2271.15
-2296.22 -2271.15
-2302.72 -2271.15
-2317.76 -2271.15
-2250.13 -2250.13
-2283.94 -2250.13
-2378.85 -2250.13
-2342.48 -2250.13
-2305.27 -2250.13
-2297.55 -2250.13
-2336.23 -2250.13
-2271.02 -2250.13
-2263.39 -2250.13
-2304.64 -2250.13
-2309.02 -2250.13
-2310.91 -2250.13
-2316.25 -2250.13
-2332.27 -2250.13
-2285.02 -2250.13
-2346.44 -2250.13
-2285.12 -2250.13
-2365.61 -2250.13
-2323.42 -2250.13
-2312.16 -2250.13
-2309.17 -2250.13
-2376.01 -2250.13
-2371.25 -2250.13
-2337.06 -2250.13
-2263.30 -2250.13
-2288.84 -2250.13
-2374.67 -2250.13
-2320.80 -2250.13
-2291.73 -2250.13
-2307.08 -2250.13
-2279.51 -2250.13
-2395.31 -2250.13
-2293.66 -2250.13
-2285.79 -2250.13
-2315.84 -2250.13
-2277.91 -2250.13
-2321.01 -2250.13
-2259.19 -2250.13
-2350.75 -2250.13
-2332.14 -2250.13
-2295.88 -2250.13
-2283.60 -2250.13
-2314.05 -2250.13
-2291.11 -2250.13
-2269.76 -2250.13
-2274.93 -2250.13
-2285.50 -2250.13
-2285.56 -2250.13
-2219.78 -2219.78
-2352.12 -2219.78
-2278.84 -2219.78
-2233.92 -2219.78
-2285.74 -2219.78
-2272.07 -2219.78
-2307.45 -2219.78
-2263.51 -2219.78
-2220.88 -2219.78
-2255.43 -2219.78
-2308.65 -2219.78
-2309.96 -2219.78
-2288.24 -2219.78
-2285.60 -2219.78
-2307.33 -2219.78
-2271.13 -2219.78
-2271.47 -2219.78
-2349.85 -2219.78
-2317.40 -2219.78
-2287.63 -2219.78
-2298.84 -2219.78
-2299.05 -2219.78
-2295.02 -2219.78
-2322.41 -2219.78
-2288.40 -2219.78
-2282.51 -2219.78
-2306.14 -2219.78
-2265.36 -2219.78
-2313.84 -2219.78
-2272.17 -2219.78
-2241.75 -2219.78
-2331.05 -2219.78
-2294.94 -2219.78
-2323.09 -2219.78
-2283.07 -2219.78
-2313.35 -2219.78
-2280.74 -2219.78
-2281.78 -2219.78
-2249.40 -2219.78
-2325.82 -2219.78
-2326.88 -2219.78
-2318.22 -2219.78
-2278.65 -2219.78
-2253.49 -2219.78
-2295.57 -2219.78
-2270.18 -2219.78
-2314.34 -2219.78
-2298.72 -2219.78
-2323.35 -2219.78
-2306.77 -2219.78
-2287.02 -2219.78
-2273.67 -2219.78
-2357.94 -2219.78
-2214.83 -2214.83
-2288.78 -2214.83
-2324.09 -2214.83
-2271.76 -2214.83
-2237.37 -2214.83
-2281.61 -2214.83
-2294.61 -2214.83
-2259.66 -2214.83
-2261.08 -2214.83
-2276.29 -2214.83
-2326.07 -2214.83
-2263.37 -2214.83
-2308.08 -2214.83
-2227.96 -2214.83
-2283.41 -2214.83
-2297.55 -2214.83
-2249.89 -2214.83
-2313.55 -2214.83
-2266.85 -2214.83
-2253.82 -2214.83
-2311.12 -2214.83
-2297.80 -2214.83
-2263.89 -2214.83
-2349.37 -2214.83
-2236.28 -2214.83
-2303.85 -2214.83
-2261.90 -2214.83
-2237.11 -2214.83
-2220.20 -2214.83
-2254.58 -2214.83
-2280.16 -2214.83
-2240.06 -2214.83
-2296.21 -2214.83
-2304.42 -2214.83
-2298.24 -2214.83
-2306.67 -2214.83
-2297.12 -2214.83
-2329.13 -2214.83
-2326.04 -2214.83
-2264.27 -2214.83
-2304.41 -2214.83
-2308.82 -2214.83
-2262.80 -2214.83
-2224.62 -2214.83
-2277.23 -2214.83
-2334.25 -2214.83
-2325.49 -2214.83
-2250.32 -2214.83
-2283.61 -2214.83
-2253.40 -2214.83
-2321.96 -2214.83
-2302.77 -2214.83
-2304.76 -2214.83
-2296.50 -2214.83
-2394.58 -2214.83
-2351.12 -2214.83
-2405.03 -2214.83
-2248.59 -2214.83
-2287.17 -2214.83
-2322.57 -2214.83
-2320.41 -2214.83
-2275.51 -2214.83
-2289.43 -2214.83
-2309.43 -2214.83
-2269.49 -2214.83
-2291.69 -2214.83
-2208.77 -2208.77
-2229.52 -2208.77
-2281.64 -2208.77
-2275.46 -2208.77
-2186.97 -2186.97
-2272.03 -2186.97
-2259.05 -2186.97
-2275.94 -2186.97
-2326.88 -2186.97
-2218.75 -2186.97
-2231.34 -2186.97
-2331.43 -2186.97
-2234.97 -2186.97
-2280.99 -2186.97
-2309.12 -2186.97
-2243.84 -2186.97
-2273.15 -2186.97
-2202.25 -2186.97
-2316.18 -2186.97
-2277.83 -2186.97
-2291.16 -2186.97
-2259.29 -2186.97
-2236.13 -2186.97
-2291.90 -2186.97
-2243.26 -2186.97
-2250.85 -2186.97
-2287.72 -2186.97
-2299.53 -2186.97
-2321.31 -2186.97
-2201.57 -2186.97
-2250.55 -2186.97
-2220.02 -2186.97
-2222.88 -2186.97
-2250.49 -2186.97
-2303.47 -2186.97
-2221.06 -2186.97
-2328.26 -2186.97
-2263.92 -2186.97
-2259.71 -2186.97
-2324.93 -2186.97
-2316.79 -2186.97
-2201.96 -2186.97
-2281.32 -2186.97
-2322.45 -2186.97
-2210.83 -2186.97
-2194.13 -2186.97
-2320.54 -2186.97
-2196.05 -2186.97
-2261.35 -2186.97
-2303.06 -2186.97
-2305.56 -2186.97
-2227.84 -2186.97
-2230.63 -2186.97
-2289.59 -2186.97
-2338.18 -2186.97
-2182.18 -2182.18
-2174.78 -2174.78
-2342.51 -2174.78
-2125.06 -2125.06
-2165.71 -2125.06
-2305.52 -2125.06
-2243.34 -2125.06
-2348.51 -2125.06
-2324.98 -2125.06
-2328.89 -2125.06
-2174.50 -2125.06
-2191.62 -2125.06
-2169.11 -2125.06
-2256.25 -2125.06
-2159.47 -2125.06
-2146.19 -2125.06
-2176.29 -2125.06
-2251.04 -2125.06
-2278.43 -2125.06
-2162.87 -2125.06
-2253.04 -2125.06
-2150.29 -2125.06
-2281.23 -2125.06
-2311.95 -2125.06
-2285.97 -2125.06
-2189.99 -2125.06
-2268.69 -2125.06
-2151.28 -2125.06
-2269.96 -2125.06
-2252.94 -2125.06
-2314.64 -2125.06
-2236.32 -2125.06
-2304.63 -2125.06
-2259.45 -2125.06
-2303.27 -2125.06
-2281.90 -2125.06
-2100.24 -2100.24
-2120.25 -2100.24
-2306.84 -2100.24
-2294.13 -2100.24
-2324.28 -2100.24
-2315.74 -2100.24
-2259.72 -2100.24
-2293.99 -2100.24
-2222.97 -2100.24
-2156.46 -2100.24
-2295.91 -2100.24
-2269.37 -2100.24
-2344.22 -2100.24
-2325.18 -2100.24
-2145.75 -2100.24
-2216.49 -2100.24
-2271.42 -2100.24
-2356.73 -2100.24
-2196.19 -2100.24
-2173.72 -2100.24
-2204.52 -2100.24
-2305.50 -2100.24
-2140.69 -2100.24
-2106.51 -2100.24
-2218.94 -2100.24
-2291.48 -2100.24
-2238.94 -2100.24
-2274.83 -2100.24
-2120.22 -2100.24
-2225.68 -2100.24
-2235.77 -2100.24
-2288.19 -2100.24
-2304.96 -2100.24
-2296.22 -2100.24
-2235.97 -2100.24
-2223.30 -2100.24
-2286.60 -2100.24
-2238.18 -2100.24
-2130.74 -2100.24
-2305.72 -2100.24
-2307.67 -2100.24
-2241.24 -2100.24
-2261.90 -2100.24
-2297.89 -2100.24
-2234.18 -2100.24
-2278.55 -2100.24
-2233.31 -2100.24
-2191.54 -2100.24
-2157.15 -2100.24
-2293.39 -2100.24
-2233.24 -2100.24
-2101.33 -2100.24
-2250.36 -2100.24
-2249.45 -2100.24
-2266.53 -2100.24
-2248.60 -2100.24
-2333.40 -2100.24
-2137.56 -2100.24
-2139.03 -2100.24
-2186.15 -2100.24
-2318.83 -2100.24
-2289.64 -2100.24
-2221.62 -2100.24
-2335.97 -2100.24
-2285.02 -2100.24
-2278.24 -2100.24
-2259.06 -2100.24
-2343.68 -2100.24
-2330.33 -2100.24
-2305.54 -2100.24
-2224.51 -2100.24
-2314.49 -2100.24
-2319.98 -2100.24
-2264.98 -2100.24
-2306.68 -2100.24
-2217.39 -2100.24
-2289.67 -2100.24
-2275.58 -2100.24
-2295.24 -2100.24
-2198.27 -2100.24
-2262.51 -2100.24
-2161.33 -2100.24
-2206.47 -2100.24
-2300.17 -2100.24
-2316.85 -2100.24
-2288.91 -2100.24
-2222.62 -2100.24
-2328.81 -2100.24
-2270.33 -2100.24
-2259.63 -2100.24
-2141.29 -2100.24
-2239.17 -2100.24
-2340.44 -2100.24
-2318.65 -2100.24
-2229.23 -2100.24
-2418.42 -2100.24
-2415.66 -2100.24
-2439.39 -2100.24
-2427.88 -2100.24
-2413.70 -2100.24
-2394.08 -2394.08
-2412.67 -2394.08
-2416.22 -2394.08
-2429.93 -2394.08
-2401.86 -2394.08
-2409.46 -2394.08
-2421.06 -2394.08
-2401.59 -2394.08
-2415.80 -2394.08
-2373.17 -2373.17
-2410.93 -2373.17
-2393.48 -2373.17
-2380.60 -2373.17
-2387.60 -2373.17
-2410.70 -2373.17
-2358.22 -2358.22
-2358.60 -2358.60
-2412.77 -2358.60
-2379.67 -2358.60
-2390.07 -2358.60
-2359.25 -2358.60
-2435.38 -2358.60
-2419.26 -2358.60
-2392.85 -2358.60
-2380.40 -2358.60
-2368.88 -2358.60
-2387.57 -2358.60
-2368.07 -2358.60
-2386.22 -2358.60
-2337.22 -2337.22
-2376.99 -2337.22
-2336.98 -2336.98
-2373.32 -2336.98
-2367.76 -2336.98
-2343.95 -2336.98
-2312.76 -2312.76
-2367.78 -2312.76
-2361.91 -2312.76
-2343.38 -2312.76
-2372.11 -2312.76
-2363.51 -2312.76
-2317.49 -2312.76
-2336.86 -2312.76
-2358.64 -2312.76
-2336.04 -2312.76
-2393.55 -2312.76
-2323.96 -2312.76
-2316.96 -2312.76
-2310.28 -2310.28
-2265.33 -2265.33
-2289.63 -2265.33
-2323.90 -2265.33
-2277.60 -2265.33
-2208.57 -2208.57
-2309.91 -2208.57
-2327.15 -2208.57
-2350.27 -2208.57
-2287.06 -2208.57
-2294.67 -2208.57
-2233.44 -2208.57
-2310.92 -2208.57
-2301.12 -2208.57
-2361.79 -2208.57
-2218.10 -2208.57
-2272.33 -2208.57
-2358.19 -2208.57
-2291.41 -2208.57
-2351.84 -2208.57
-2335.23 -2208.57
-2269.53 -2208.57
-2316.35 -2208.57
-2335.07 -2208.57
-2361.14 -2208.57
-2291.23 -2208.57
-2310.91 -2208.57
-2367.17 -2208.57
-2209.77 -2208.57
-2377.04 -2208.57
-2264.84 -2208.57
-2308.40 -2208.57
-2283.21 -2208.57
-2285.30 -2208.57
-2268.55 -2208.57
-2242.05 -2208.57
-2240.34 -2208.57
-2289.23 -2208.57
-2331.12 -2208.57
-2264.79 -2208.57
-2252.08 -2208.57
-2258.17 -2208.57
-2304.51 -2208.57
-2323.10 -2208.57
-2322.47 -2208.57
-2301.12 -2208.57
-2227.85 -2208.57
-2234.18 -2208.57
-2345.85 -2208.57
-2263.52 -2208.57
-2329.48 -2208.57
-2306.00 -2208.57
-2305.38 -2208.57
-2299.37 -2208.57
-2332.81 -2208.57
-2263.89 -2208.57
-2240.44 -2208.57
-2333.67 -2208.57
-2284.33 -2208.57
-2284.74 -2208.57
-2266.47 -2208.57
-2293.07 -2208.57
-2307.81 -2208.57
-2258.68 -2208.57
-2228.97 -2208.57
-2340.83 -2208.57
-2216.71 -2208.57
-2353.30 -2208.57
-2292.58 -2208.57
-2337.97 -2208.57
-2264.68 -2208.57
-2261.78 -2208.57
-2320.46 -2208.57
-2304.58 -2208.57
-2261.04 -2208.57
-2282.61 -2208.57
-2360.63 -2208.57
-2360.51 -2208.57
-2378.15 -2208.57
-2339.13 -2208.57
-2346.01 -2208.57
-2301.83 -2208.57
-2319.72 -2208.57
-2310.68 -2208.57
-2382.41 -2208.57
-2288.42 -2208.57
-2323.12 -2208.57
-2278.68 -2208.57
-2351.21 -2208.57
-2290.03 -2208.57
-2278.12 -2208.57
-2330.82 -2208.57
-2337.02 -2208.57
-2346.30 -2208.57
-2305.72 -2208.57
-2331.13 -2208.57
-2308.69 -2208.57
-2289.26 -2208.57
-2324.09 -2208.57
-2315.51 -2208.57
-2320.84 -2208.57
-2245.67 -2208.57
-2327.85 -2208.57
-2238.56 -2208.57
-2280.13 -2208.57
-2256.53 -2208.57
-2375.34 -2208.57
-2349.51 -2208.57
-2308.52 -2208.57
-2292.54 -2208.57
-2256.76 -2208.57
-2268.56 -2208.57
-2309.88 -2208.57
-2294.54 -2208.57
-2344.19 -2208.57
-2227.64 -2208.57
-2344.91 -2208.57
-2257.22 -2208.57
-2285.24 -2208.57
-2271.50 -2208.57
-2272.77 -2208.57
-2284.85 -2208.57
-2235.14 -2208.57
-2359.33 -2208.57
-2245.49 -2208.57
-2301.52 -2208.57
-2314.44 -2208.57
-2242.80 -2208.57
-2337.51 -2208.57
-2332.37 -2208.57
-2290.10 -2208.57
-2333.08 -2208.57
-2315.89 -2208.57
-2269.00 -2208.57
-2329.70 -2208.57
-2295.41 -2208.57
-2257.54 -2208.57
-2289.70 -2208.57
-2325.54 -2208.57
-2323.77 -2208.57
-2315.98 -2208.57
-2208.81 -2208.81
-2224.93 -2208.81
-2262.15 -2208.81
-2258.21 -2208.81
-2294.87 -2208.81
-2379.12 -2208.81
-2287.99 -2208.81
-2314.04 -2208.81
-2270.57 -2208.81
-2276.26 -2208.81
-2217.64 -2208.81
-2307.48 -2208.81
-2259.88 -2208.81
-2337.40 -2208.81
-2341.67 -2208.81
-2281.18 -2208.81
-2322.87 -2208.81
-2315.02 -2208.81
-2257.73 -2208.81
-2245.18 -2208.81
-2231.45 -2208.81
-2291.38 -2208.81
-2307.22 -2208.81
-2252.08 -2208.81
-2278.64 -2208.81
-2276.87 -2208.81
-2295.05 -2208.81
-2247.78 -2208.81
-2326.41 -2208.81
-2252.76 -2208.81
-2264.81 -2208.81
-2244.02 -2208.81
-2295.61 -2208.81
-2297.17 -2208.81
-2189.29 -2189.29
-2265.51 -2189.29
-2264.92 -2189.29
-2230.63 -2189.29
-2213.05 -2189.29
-2211.93 -2189.29
-2272.94 -2189.29
-2322.28 -2189.29
-2267.39 -2189.29
-2274.76 -2189.29
-2262.82 -2189.29
-2257.48 -2189.29
-2230.81 -2189.29
-2340.17 -2189.29
-2196.47 -2189.29
-2277.01 -2189.29
-2274.45 -2189.29
-2235.39 -2189.29
-2337.56 -2189.29
-2353.43 -2189.29
-2227.65 -2189.29
-2259.83 -2189.29
-2279.69 -2189.29
-2379.75 -2189.29
-2291.87 -2189.29
-2233.96 -2189.29
-2211.20 -2189.29
-2292.26 -2189.29
-2349.94 -2189.29
-2227.52 -2189.29
-2250.92 -2189.29
-2199.76 -2189.29
-2339.67 -2189.29
-2307.73 -2189.29
-2273.17 -2189.29
-2213.90 -2189.29
-2330.79 -2189.29
-2345.60 -2189.29
-2331.22 -2189.29
-2334.22 -2189.29
-2268.60 -2189.29
-2253.21 -2189.29
-2232.91 -2189.29
-2263.09 -2189.29
-2326.68 -2189.29
-2350.66 -2189.29
-2352.85 -2189.29
-2260.96 -2189.29
-2272.74 -2189.29
-2264.72 -2189.29
-2235.97 -2189.29
-2277.92 -2189.29
-2220.27 -2189.29
-2384.63 -2189.29
-2256.55 -2189.29
-2280.03 -2189.29
-2256.66 -2189.29
-2264.62 -2189.29
-2232.62 -2189.29
-2287.12 -2189.29
-2203.62 -2189.29
-2276.29 -2189.29
-2268.10 -2189.29
-2255.11 -2189.29
-2253.38 -2189.29
-2287.69 -2189.29
-2295.39 -2189.29
-2265.21 -2189.29
-2299.81 -2189.29
-2225.80 -2189.29
-2270.15 -2189.29
-2362.96 -2189.29
-2209.06 -2189.29
-2231.30 -2189.29
-2245.15 -2189.29
-2316.27 -2189.29
-2377.20 -2189.29
-2256.30 -2189.29
-2221.32 -2189.29
-2220.24 -2189.29
-2199.38 -2189.29
-2330.44 -2189.29
-2291.61 -2189.29
-2258.81 -2189.29
-2274.73 -2189.29
-2276.30 -2189.29
-2268.46 -2189.29
-2248.49 -2189.29
-2249.78 -2189.29
-2391.70 -2189.29
-2379.48 -2189.29
-2276.79 -2189.29
-2275.18 -2189.29
-2364.36 -2189.29
-2260.39 -2189.29
-2270.65 -2189.29
-2249.09 -2189.29
-2221.78 -2189.29
-2330.16 -2189.29
-2248.58 -2189.29
-2288.32 -2189.29
-2259.04 -2189.29
-2319.16 -2189.29
-2301.75 -2189.29
-2183.93 -2183.93
-2298.56 -2183.93
-2276.72 -2183.93
-2117.46 -2117.46
-2159.62 -2117.46
-2298.04 -2117.46
-2244.87 -2117.46
-2321.88 -2117.46
-2256.83 -2117.46
-2277.99 -2117.46
-2180.81 -2117.46
-2323.33 -2117.46
-2174.71 -2117.46
-2313.32 -2117.46
-2168.96 -2117.46
-2257.84 -2117.46
-2209.60 -2117.46
-2353.26 -2117.46
-2194.76 -2117.46
-2313.26 -2117.46
-2382.83 -2117.46
-2303.53 -2117.46
-2194.10 -2117.46
-2216.21 -2117.46
-2172.58 -2117.46
-2169.50 -2117.46
-2314.13 -2117.46
-2204.92 -2117.46
-2305.28 -2117.46
-2288.97 -2117.46
-2262.13 -2117.46
-2164.02 -2117.46
-2234.03 -2117.46
-2171.45 -2117.46
-2239.60 -2117.46
-2238.32 -2117.46
-2322.83 -2117.46
-2245.38 -2117.46
-2278.94 -2117.46
-2300.15 -2117.46
-2210.60 -2117.46
-2339.42 -2117.46
-2329.84 -2117.46
-2213.74 -2117.46
-2239.73 -2117.46
-2183.12 -2117.46
-2201.05 -2117.46
-2218.80 -2117.46
-2315.30 -2117.46
-2172.22 -2117.46
-2239.23 -2117.46
-2240.06 -2117.46
-2370.18 -2117.46
-2192.23 -2117.46
-2234.00 -2117.46
-2209.07 -2117.46
-2365.22 -2117.46
-2268.54 -2117.46
-2172.59 -2117.46
-2195.30 -2117.46
-2257.61 -2117.46
-2237.09 -2117.46
-2226.86 -2117.46
-2201.90 -2117.46
-2295.37 -2117.46
-2199.69 -2117.46
-2298.59 -2117.46
-2218.50 -2117.46
-2201.02 -2117.46
-2260.47 -2117.46
-2303.62 -2117.46
-2300.60 -2117.46
-2233.94 -2117.46
-2294.22 -2117.46
-2278.18 -2117.46
-2325.46 -2117.46
-2251.63 -2117.46
-2325.96 -2117.46
-2297.48 -2117.46
-2308.38 -2117.46
-2311.64 -2117.46
-2311.38 -2117.46
-2301.88 -2117.46
-2175.06 -2117.46
-2416.16 -2117.46
-2415.37 -2117.46
-2418.63 -2117.46
-2443.94 -2117.46
-2406.05 -2406.05
-2436.96 -2406.05
-2431.64 -2406.05
-2441.24 -2406.05
-2405.26 -2405.26
-2443.58 -2405.26
-2428.23 -2405.26
-2398.71 -2398.71
-2358.36 -2358.36
-2353.87 -2353.87
-2293.39 -2293.39
-2370.69 -2293.39
-2336.75 -2293.39
-2331.69 -2293.39
-2306.04 -2293.39
-2354.31 -2293.39
-2369.60 -2293.39
-2347.97 -2293.39
-2351.06 -2293.39
-2302.38 -2293.39
-2314.02 -2293.39
-2319.90 -2293.39
-2342.72 -2293.39
-2351.08 -2293.39
-2341.61 -2293.39
-2339.13 -2293.39
-2320.67 -2293.39
-2348.14 -2293.39
-2293.41 -2293.41
-2351.09 -2293.41
-2346.10 -2293.41
-2354.17 -2293.41
-2329.23 -2293.41
-2377.89 -2293.41
-2320.49 -2293.41
-2354.59 -2293.41
-2298.50 -2293.41
-2317.74 -2293.41
-2326.74 -2293.41
-2291.56 -2291.56
-2234.67 -2234.67
-2350.46 -2234.67
-2279.70 -2234.67
-2351.86 -2234.67
-2259.83 -2234.67
-2273.97 -2234.67
-2297.32 -2234.67
-2360.67 -2234.67
-2326.16 -2234.67
-2279.42 -2234.67
-2317.72 -2234.67
-2274.08 -2234.67
-2303.09 -2234.67
-2277.81 -2234.67
-2266.39 -2234.67
-2278.63 -2234.67
-2326.84 -2234.67
-2314.89 -2234.67
-2335.52 -2234.67
-2289.92 -2234.67
-2320.10 -2234.67
-2320.88 -2234.67
-2283.32 -2234.67
-2323.12 -2234.67
-2281.34 -2234.67
-2287.79 -2234.67
-2394.07 -2234.67
-2296.53 -2234.67
-2346.25 -2234.67
-2289.71 -2234.67
-2340.39 -2234.67
-2327.58 -2234.67
-2280.21 -2234.67
-2268.12 -2234.67
-2239.06 -2234.67
-2312.82 -2234.67
-2271.48 -2234.67
-2382.80 -2234.67
-2313.19 -2234.67
-2287.20 -2234.67
-2306.97 -2234.67
-2262.66 -2234.67
-2280.46 -2234.67
-2289.61 -2234.67
-2311.52 -2234.67
-2305.61 -2234.67
-2272.94 -2234.67
-2260.40 -2234.67
-2320.04 -2234.67
-2356.45 -2234.67
-2258.15 -2234.67
-2277.87 -2234.67
-2360.57 -2234.67
-2243.87 -2234.67
-2286.93 -2234.67
-2328.01 -2234.67
-2306.38 -2234.67
-2336.00 -2234.67
-2343.90 -2234.67
-2300.35 -2234.67
-2237.51 -2237.51
-2264.99 -2237.51
-2326.42 -2237.51
-2365.22 -2237.51
-2244.16 -2237.51
-2250.09 -2237.51
-2265.74 -2237.51
-2260.12 -2237.51
-2231.10 -2231.10
-2248.75 -2231.10
-2323.76 -2231.10
-2246.07 -2231.10
-2349.63 -2231.10
-2283.05 -2231.10
-2209.73 -2209.73
-2196.75 -2196.75
-2277.58 -2196.75
-2328.16 -2196.75
-2247.11 -2196.75
-2165.25 -2165.25
-2184.32 -2165.25
-2257.39 -2165.25
-2210.76 -2165.25
-2259.52 -2165.25
-2287.89 -2165.25
-2260.54 -2165.25
-2220.87 -2165.25
-2196.43 -2165.25
-2193.04 -2165.25
-2287.20 -2165.25
-2270.85 -2165.25
-2272.27 -2165.25
-2283.67 -2165.25
-2214.28 -2165.25
-2220.71 -2165.25
-2353.68 -2165.25
-2251.42 -2165.25
-2211.67 -2165.25
-2247.74 -2165.25
-2214.11 -2165.25
-2271.55 -2165.25
-2182.18 -2165.25
-2203.87 -2165.25
-2260.88 -2165.25
-2234.24 -2165.25
-2212.05 -2165.25
-2146.83 -2146.83
-2183.88 -2146.83
-2236.28 -2146.83
-2325.00 -2146.83
-2285.50 -2146.83
-2201.20 -2146.83
-2352.12 -2146.83
-2222.83 -2146.83
-2189.33 -2146.83
-2382.92 -2146.83
-2263.20 -2146.83
-2296.14 -2146.83
-2297.29 -2146.83
-2317.82 -2146.83
-2307.27 -2146.83
-2217.16 -2146.83
-2287.62 -2146.83
-2344.20 -2146.83
-2308.00 -2146.83
-2327.72 -2146.83
-2218.15 -2146.83
-2259.70 -2146.83
-2322.40 -2146.83
-2309.24 -2146.83
-2246.37 -2146.83
-2320.63 -2146.83
-2162.81 -2146.83
-2333.09 -2146.83
-2336.80 -2146.83
-2294.11 -2146.83
-2264.55 -2146.83
-2216.64 -2146.83
-2176.65 -2146.83
-2288.70 -2146.83
-2171.73 -2146.83
-2202.52 -2146.83
-2267.42 -2146.83
-2270.88 -2146.83
-2313.46 -2146.83
-2216.26 -2146.83
-2239.62 -2146.83
-2317.96 -2146.83
-2268.60 -2146.83
-2137.45 -2137.45
-2281.34 -2137.45
-2297.29 -2137.45
-2258.79 -2137.45
-2337.99 -2137.45
-2242.37 -2137.45
-2249.10 -2137.45
-2168.14 -2137.45
-2172.05 -2137.45
-2349.79 -2137.45
-2241.14 -2137.45
-2233.68 -2137.45
-2344.27 -2137.45
-2215.51 -2137.45
-2204.16 -2137.45
-2249.91 -2137.45
-2322.57 -2137.45
-2295.34 -2137.45
-2255.45 -2137.45
-2343.55 -2137.45
-2319.39 -2137.45
-2311.54 -2137.45
-2198.51 -2137.45
-2253.75 -2137.45
-2289.16 -2137.45
-2216.35 -2137.45
-2182.66 -2137.45
-2159.31 -2137.45
-2292.00 -2137.45
-2315.78 -2137.45
-2290.03 -2137.45
-2269.80 -2137.45
-2221.89 -2137.45
-2315.49 -2137.45
-2318.31 -2137.45
-2274.42 -2137.45
-2171.91 -2137.45
-2310.45 -2137.45
-2318.42 -2137.45
-2329.98 -2137.45
-2251.53 -2137.45
-2268.27 -2137.45
-2276.20 -2137.45
-2231.40 -2137.45
-2322.55 -2137.45
-2239.12 -2137.45
-2210.63 -2137.45
-2329.06 -2137.45
-2258.58 -2137.45
-2155.15 -2137.45
-2243.57 -2137.45
-2209.37 -2137.45
-2370.06 -2137.45
-2269.14 -2137.45
-2247.58 -2137.45
-2214.24 -2137.45
-2342.41 -2137.45
-2190.25 -2137.45
-2318.58 -2137.45
-2260.56 -2137.45
-2270.24 -2137.45
-2273.24 -2137.45
-2257.23 -2137.45
-2219.42 -2137.45
-2338.09 -2137.45
-2328.70 -2137.45
-2188.80 -2137.45
-2318.12 -2137.45
-2377.59 -2137.45
-2216.42 -2137.45
-2263.52 -2137.45
-2150.98 -2137.45
-2269.59 -2137.45
-2248.45 -2137.45
-2257.88 -2137.45
-2205.13 -2137.45
-2236.32 -2137.45
-2162.38 -2137.45
-2185.17 -2137.45
-2220.29 -2137.45
-2212.49 -2137.45
-2344.87 -2137.45
-2326.70 -2137.45
-2192.97 -2137.45
-2304.39 -2137.45
-2341.37 -2137.45
-2259.14 -2137.45
-2241.78 -2137.45
-2295.74 -2137.45
-2290.26 -2137.45
-2218.10 -2137.45
-2322.19 -2137.45
-2256.00 -2137.45
-2307.21 -2137.45
-2225.71 -2137.45
-2232.11 -2137.45
-2294.22 -2137.45
-2333.96 -2137.45
-2200.61 -2137.45
-2244.78 -2137.45
-2204.00 -2137.45
-2316.84 -2137.45
-2119.93 -2119.93
-2335.33 -2119.93
-2181.88 -2119.93
-2212.04 -2119.93
-2140.27 -2119.93
-2217.79 -2119.93
-2242.46 -2119.93
-2260.64 -2119.93
-2184.35 -2119.93
-2147.26 -2119.93
-2217.39 -2119.93
-2285.94 -2119.93
-2290.85 -2119.93
-2323.99 -2119.93
-2240.11 -2119.93
-2290.89 -2119.93
-2159.67 -2119.93
-2247.78 -2119.93
-2224.70 -2119.93
-2147.44 -2119.93
-2336.32 -2119.93
-2201.03 -2119.93
-2298.05 -2119.93
-2226.76 -2119.93
-2261.31 -2119.93
-2251.30 -2119.93
-2208.83 -2119.93
-2174.60 -2119.93
-2285.44 -2119.93
-2172.75 -2119.93
-2191.83 -2119.93
-2257.11 -2119.93
-2270.65 -2119.93
-2333.44 -2119.93
-2243.90 -2119.93
-2306.47 -2119.93
-2222.68 -2119.93
-2205.62 -2119.93
-2212.53 -2119.93
-2311.28 -2119.93
-2209.96 -2119.93
-2232.75 -2119.93
-2173.90 -2119.93
-2170.18 -2119.93
-2300.29 -2119.93
-2271.66 -2119.93
-2256.09 -2119.93
-2239.60 -2119.93
-2186.66 -2119.93
-2245.83 -2119.93
-2291.94 -2119.93
-2293.45 -2119.93
-2155.08 -2119.93
-2253.08 -2119.93
-2320.83 -2119.93
-2266.47 -2119.93
-2245.22 -2119.93
-2289.64 -2119.93
-2259.45 -2119.93
-2316.78 -2119.93
-2304.54 -2119.93
-2340.86 -2119.93
-2169.20 -2119.93
-2302.40 -2119.93
-2180.79 -2119.93
-2260.65 -2119.93
-2352.32 -2119.93
-2172.43 -2119.93
-2342.55 -2119.93
-2252.27 -2119.93
-2310.57 -2119.93
-2293.82 -2119.93
-2267.49 -2119.93
-2271.59 -2119.93
-2113.21 -2113.21
-2266.03 -2113.21
-2282.12 -2113.21
-2262.18 -2113.21
-2298.60 -2113.21
-2209.90 -2113.21
-2264.66 -2113.21
-2285.87 -2113.21
-2286.69 -2113.21
-2218.73 -2113.21
-2237.98 -2113.21
-2239.18 -2113.21
-2308.69 -2113.21
-2287.94 -2113.21
-2233.44 -2113.21
-2184.43 -2113.21
-2286.52 -2113.21
-2148.26 -2113.21
-2234.38 -2113.21
-2299.45 -2113.21
-2274.26 -2113.21
-2328.09 -2113.21
-2184.67 -2113.21
-2325.68 -2113.21
-2305.41 -2113.21
-2269.30 -2113.21
-2194.58 -2113.21
-2142.36 -2113.21
-2164.27 -2113.21
-2305.31 -2113.21
-2326.31 -2113.21
-2257.87 -2113.21
-2212.23 -2113.21
-2248.72 -2113.21
-2035.20 -2035.20
-2406.53 -2035.20
-2213.83 -2035.20
-2189.70 -2035.20
-2137.77 -2035.20
-2178.47 -2035.20
-2299.19 -2035.20
-2292.05 -2035.20
-2218.77 -2035.20
-2206.13 -2035.20
-2212.23 -2035.20
-2136.66 -2035.20
-2207.70 -2035.20
-2417.32 -2035.20
-2453.26 -2035.20
-2472.16 -2035.20
-2389.74 -2389.74
-2413.42 -2389.74
-2425.02 -2389.74
-2392.02 -2389.74
-2418.97 -2389.74
-2427.14 -2389.74
-2389.21 -2389.21
-2410.58 -2389.21
-2374.15 -2374.15
-2399.44 -2374.15
-2388.08 -2374.15
-2437.69 -2374.15
-2352.32 -2352.32
-2386.88 -2352.32
-2396.06 -2352.32
-2388.19 -2352.32
-2383.95 -2352.32
-2357.78 -2352.32
-2380.72 -2352.32
-2386.52 -2352.32
-2355.61 -2352.32
-2345.31 -2345.31
-2398.87 -2345.31
-2416.85 -2345.31
-2364.85 -2345.31
-2373.67 -2345.31
-2406.71 -2345.31
-2385.84 -2345.31
-2366.05 -2345.31
-2397.97 -2345.31
-2393.86 -2345.31
-2369.56 -2345.31
-2321.69 -2321.69
-2423.49 -2321.69
-2361.74 -2321.69
-2347.64 -2321.69
-2352.54 -2321.69
-2358.62 -2321.69
-2334.63 -2321.69
-2382.89 -2321.69
-2367.61 -2321.69
-2339.93 -2321.69
-2353.92 -2321.69
-2318.71 -2318.71
-2359.50 -2318.71
-2325.45 -2318.71
-2309.00 -2309.00
-2316.40 -2309.00
-2317.62 -2309.00
-2361.80 -2309.00
-2367.63 -2309.00
-2311.42 -2309.00
-2361.58 -2309.00
-2352.28 -2309.00
-2281.56 -2281.56
-2323.07 -2281.56
-2315.60 -2281.56
-2280.47 -2280.47
-2248.68 -2248.68
-2224.61 -2224.61
-2298.53 -2224.61
-2260.37 -2224.61
-2309.74 -2224.61
-2243.90 -2224.61
-2299.59 -2224.61
-2254.37 -2224.61
-2245.13 -2224.61
-2243.31 -2224.61
-2326.25 -2224.61
-2309.74 -2224.61
-2278.05 -2224.61
-2337.96 -2224.61
-2338.24 -2224.61
-2308.07 -2224.61
-2284.31 -2224.61
-2292.40 -2224.61
-2292.46 -2224.61
-2281.52 -2224.61
-2308.31 -2224.61
-2319.87 -2224.61
-2252.58 -2224.61
-2304.60 -2224.61
-2220.56 -2220.56
-2300.07 -2220.56
-2306.37 -2220.56
-2337.06 -2220.56
-2319.66 -2220.56
-2264.68 -2220.56
-2283.78 -2220.56
-2291.07 -2220.56
-2350.51 -2220.56
-2252.53 -2220.56
-2322.56 -2220.56
-2290.13 -2220.56
-2243.34 -2220.56
-2247.96 -2220.56
-2262.44 -2220.56
-2315.00 -2220.56
-2231.83 -2220.56
-2339.24 -2220.56
-2271.60 -2220.56
-2299.47 -2220.56
-2248.55 -2220.56
-2252.53 -2220.56
-2328.20 -2220.56
-2289.04 -2220.56
-2350.99 -2220.56
-2255.15 -2220.56
-2279.88 -2220.56
-2273.97 -2220.56
-2217.29 -2217.29
-2309.49 -2217.29
-2231.55 -2217.29
-2262.94 -2217.29
-2276.30 -2217.29
-2271.07 -2217.29
-2298.46 -2217.29
-2289.28 -2217.29
-2295.62 -2217.29
-2311.13 -2217.29
-2243.02 -2217.29
-2276.24 -2217.29
-2268.32 -2217.29
-2316.04 -2217.29
-2273.74 -2217.29
-2346.56 -2217.29
-2273.06 -2217.29
-2254.33 -2217.29
-2380.65 -2217.29
-2365.86 -2217.29
-2280.29 -2217.29
-2333.11 -2217.29
-2205.40 -2205.40
-2293.82 -2205.40
-2295.38 -2205.40
-2245.41 -2205.40
-2229.76 -2205.40
-2226.48 -2205.40
-2201.92 -2201.92
-2236.06 -2201.92
-2279.49 -2201.92
-2338.72 -2201.92
-2262.65 -2201.92
-2305.57 -2201.92
-2270.49 -2201.92
-2325.65 -2201.92
-2264.94 -2201.92
-2282.45 -2201.92
-2243.12 -2201.92
-2263.17 -2201.92
-2301.08 -2201.92
-2218.77 -2201.92
-2261.59 -2201.92
-2240.72 -2201.92
-2209.21 -2201.92
-2292.27 -2201.92
-2300.91 -2201.92
-2258.69 -2201.92
-2323.69 -2201.92
-2299.64 -2201.92
-2289.94 -2201.92
-2273.85 -2201.92
-2323.53 -2201.92
-2233.96 -2201.92
-2274.67 -2201.92
-2259.10 -2201.92
-2254.67 -2201.92
-2244.48 -2201.92
-2331.86 -2201.92
-2235.85 -2201.92
-2251.83 -2201.92
-2220.20 -2201.92
-2307.26 -2201.92
-2218.41 -2201.92
-2267.40 -2201.92
-2272.85 -2201.92
-2309.80 -2201.92
-2286.47 -2201.92
-2378.12 -2201.92
-2232.12 -2201.92
-2351.81 -2201.92
-2273.58 -2201.92
-2272.92 -2201.92
-2267.05 -2201.92
-2325.31 -2201.92
-2285.07 -2201.92
-2246.57 -2201.92
-2326.72 -2201.92
-2286.25 -2201.92
-2287.85 -2201.92
-2209.59 -2201.92
-2268.64 -2201.92
-2213.29 -2201.92
-2349.16 -2201.92
-2272.45 -2201.92
-2297.48 -2201.92
-2290.68 -2201.92
-2334.53 -2201.92
-2299.55 -2201.92
-2278.50 -2201.92
-2357.26 -2201.92
-2235.01 -2201.92
-2275.78 -2201.92
-2300.66 -2201.92
-2311.42 -2201.92
-2344.84 -2201.92
-2243.76 -2201.92
-2239.87 -2201.92
-2234.29 -2201.92
-2205.07 -2201.92
-2350.35 -2201.92
-2290.78 -2201.92
-2290.57 -2201.92
-2325.70 -2201.92
-2333.79 -2201.92
-2304.25 -2201.92
-2323.88 -2201.92
-2197.35 -2197.35
-2303.40 -2197.35
-2241.44 -2197.35
-2247.52 -2197.35
-2324.72 -2197.35
-2213.37 -2197.35
-2282.78 -2197.35
-2197.19 -2197.19
-2326.45 -2197.19
-2216.01 -2197.19
-2194.43 -2194.43
-2215.71 -2194.43
-2368.27 -2194.43
-2175.31 -2175.31
-2307.31 -2175.31
-2236.67 -2175.31
-2301.61 -2175.31
-2218.89 -2175.31
-2099.19 -2099.19
-2286.11 -2099.19
-2199.90 -2099.19
-2327.28 -2099.19
-2302.41 -2099.19
-2262.16 -2099.19
-2239.04 -2099.19
-2306.78 -2099.19
-2180.82 -2099.19
-2281.31 -2099.19
-2190.54 -2099.19
-2196.47 -2099.19
-2224.34 -2099.19
-2222.63 -2099.19
-2304.46 -2099.19
-2259.87 -2099.19
-2286.41 -2099.19
-2298.82 -2099.19
-2260.33 -2099.19
-2338.60 -2099.19
-2151.64 -2099.19
-2246.75 -2099.19
-2145.68 -2099.19
-2219.57 -2099.19
-2270.66 -2099.19
-2295.78 -2099.19
-2270.81 -2099.19
-2219.55 -2099.19
-2247.10 -2099.19
-2154.88 -2099.19
-2296.59 -2099.19
-2265.85 -2099.19
-2195.77 -2099.19
-2259.96 -2099.19
-2216.65 -2099.19
-2385.68 -2099.19
-2286.77 -2099.19
-2302.23 -2099.19
-2237.83 -2099.19
-2208.42 -2099.19
-2243.35 -2099.19
-2287.06 -2099.19
-2271.46 -2099.19
-2178.48 -2099.19
-2295.26 -2099.19
-2247.85 -2099.19
-2324.86 -2099.19
-2379.97 -2099.19
-2227.83 -2099.19
-2261.64 -2099.19
-2285.99 -2099.19
-2336.42 -2099.19
-2217.69 -2099.19
-2174.85 -2099.19
-2129.19 -2099.19
-2224.05 -2099.19
-2257.83 -2099.19
-2276.50 -2099.19
-2219.94 -2099.19
-2192.34 -2099.19
-2274.57 -2099.19
-2295.56 -2099.19
-2283.51 -2099.19
-2220.17 -2099.19
-2335.95 -2099.19
-2176.44 -2099.19
-2263.76 -2099.19
-2163.60 -2099.19
-2238.76 -2099.19
-2235.88 -2099.19
-2300.59 -2099.19
-2227.21 -2099.19
-2164.22 -2099.19
-2255.89 -2099.19
-2321.12 -2099.19
-2337.37 -2099.19
-2112.19 -2099.19
-2156.82 -2099.19
-2206.67 -2099.19
-2212.95 -2099.19
-2348.55 -2099.19
-2205.48 -2099.19
-2213.08 -2099.19
-2358.27 -2099.19
-2289.19 -2099.19
-2290.09 -2099.19
-2189.17 -2099.19
-2296.58 -2099.19
-2265.26 -2099.19
-2337.68 -2099.19
-2306.61 -2099.19
-2282.12 -2099.19
-2292.76 -2099.19
-2340.07 -2099.19
-2170.86 -2099.19
-2239.00 -2099.19
-2186.46 -2099.19
-2357.04 -2099.19
-2220.80 -2099.19
-2317.06 -2099.19
-2307.51 -2099.19
-2197.34 -2099.19
-2299.47 -2099.19
-2190.36 -2099.19
-2249.26 -2099.19
-2219.75 -2099.19
-2293.78 -2099.19
-2296.80 -2099.19
-2187.96 -2099.19
-2261.81 -2099.19
-2320.66 -2099.19
-2234.67 -2099.19
-2264.85 -2099.19
-2214.69 -2099.19
-2300.18 -2099.19
-2320.64 -2099.19
-2196.55 -2099.19
-2275.02 -2099.19
-2116.69 -2099.19
-2258.08 -2099.19
-2223.46 -2099.19
-2205.76 -2099.19
-2336.14 -2099.19
-2151.81 -2099.19
-2158.28 -2099.19
-2250.23 -2099.19
-2316.00 -2099.19
-2168.09 -2099.19
-2309.42 -2099.19
-2325.58 -2099.19
-2286.54 -2099.19
-2331.02 -2099.19
-2113.62 -2099.19
-2158.46 -2099.19
-2254.24 -2099.19
-2302.36 -2099.19
-2302.04 -2099.19
-2234.36 -2099.19
-2390.77 -2099.19
-2263.68 -2099.19
-2331.26 -2099.19
-2260.11 -2099.19
-2175.36 -2099.19
-2203.60 -2099.19
-2265.64 -2099.19
-2221.58 -2099.19
-2345.87 -2099.19
-2359.03 -2099.19
-2195.87 -2099.19
-2264.98 -2099.19
-2174.81 -2099.19
-2319.16 -2099.19
-2292.00 -2099.19
-2354.23 -2099.19
-2197.26 -2099.19
-2344.32 -2099.19
-2195.84 -2099.19
-2231.51 -2099.19
-2280.88 -2099.19
-2153.22 -2099.19
-2235.62 -2099.19
-2254.64 -2099.19
-2191.24 -2099.19
-2353.73 -2099.19
-2236.21 -2099.19
-2280.13 -2099.19
-2291.17 -2099.19
-2255.88 -2099.19
-2176.20 -2099.19
-2270.33 -2099.19
-2208.20 -2099.19
-2304.03 -2099.19
-2212.05 -2099.19
-2319.13 -2099.19
-2330.66 -2099.19
-2318.33 -2099.19
-2246.73 -2099.19
-2298.92 -2099.19
-2399.55 -2399.55
-2366.15 -2366.15
-2373.91 -2366.15
-2389.95 -2366.15
